#Li56 La24 Zr16 O96                                                     
        15       120
Li      Li      
  2.500000E-02  0.000000E+00  0.000000E+00
  7.500000E-02  0.000000E+00  0.000000E+00
  1.250000E-01  0.000000E+00  0.000000E+00
  1.750000E-01  0.000000E+00  0.000000E+00
  2.250000E-01  0.000000E+00  0.000000E+00
  2.750000E-01  0.000000E+00  0.000000E+00
  3.250000E-01  0.000000E+00  0.000000E+00
  3.750000E-01  0.000000E+00  0.000000E+00
  4.250000E-01  0.000000E+00  0.000000E+00
  4.750000E-01  0.000000E+00  0.000000E+00
  5.250000E-01  0.000000E+00  0.000000E+00
  5.750000E-01  0.000000E+00  0.000000E+00
  6.250000E-01  0.000000E+00  0.000000E+00
  6.750000E-01  0.000000E+00  0.000000E+00
  7.250000E-01  0.000000E+00  0.000000E+00
  7.750000E-01  0.000000E+00  0.000000E+00
  8.250000E-01  0.000000E+00  0.000000E+00
  8.750000E-01  0.000000E+00  0.000000E+00
  9.250000E-01  0.000000E+00  0.000000E+00
  9.750000E-01  0.000000E+00  0.000000E+00
  1.025000E+00  7.715122E-05  1.322304E-06
  1.075000E+00  0.000000E+00  1.322304E-06
  1.125000E+00  0.000000E+00  1.322304E-06
  1.175000E+00  4.755765E-03  1.084290E-04
  1.225000E+00  3.354562E-02  9.295800E-04
  1.275000E+00  1.285035E-01  4.337159E-03
  1.325000E+00  3.982008E-01  1.574071E-02
  1.375000E+00  9.224108E-01  4.418745E-02
  1.425000E+00  1.762795E+00  1.025764E-01
  1.475000E+00  2.890201E+00  2.051436E-01
  1.525000E+00  4.001065E+00  3.569217E-01
  1.575000E+00  4.688535E+00  5.466314E-01
  1.625000E+00  4.830522E+00  7.546920E-01
  1.675000E+00  4.444923E+00  9.581061E-01
  1.725000E+00  3.770545E+00  1.141113E+00
  1.775000E+00  3.011570E+00  1.295878E+00
  1.825000E+00  2.333444E+00  1.422645E+00
  1.875000E+00  1.724014E+00  1.521506E+00
  1.925000E+00  1.257674E+00  1.597522E+00
  1.975000E+00  8.974535E-01  1.654621E+00
  2.025000E+00  6.688158E-01  1.699354E+00
  2.075000E+00  5.172986E-01  1.735683E+00
  2.125000E+00  4.352722E-01  1.767743E+00
  2.175000E+00  4.052768E-01  1.799014E+00
  2.225000E+00  4.024969E-01  1.831515E+00
  2.275000E+00  4.187083E-01  1.866861E+00
  2.325000E+00  4.322831E-01  1.904975E+00
  2.375000E+00  4.341512E-01  1.944918E+00
  2.425000E+00  4.505949E-01  1.988138E+00
  2.475000E+00  4.601412E-01  2.034111E+00
  2.525000E+00  4.680770E-01  2.082787E+00
  2.575000E+00  4.965621E-01  2.136490E+00
  2.625000E+00  5.183696E-01  2.194749E+00
  2.675000E+00  5.349180E-01  2.257180E+00
  2.725000E+00  5.502743E-01  2.323827E+00
  2.775000E+00  5.726508E-01  2.395752E+00
  2.825000E+00  5.922288E-01  2.472842E+00
  2.875000E+00  6.223411E-01  2.556743E+00
  2.925000E+00  6.598734E-01  2.648826E+00
  2.975000E+00  6.886440E-01  2.748237E+00
  3.025000E+00  7.245146E-01  2.856371E+00
  3.075000E+00  7.407994E-01  2.970620E+00
  3.125000E+00  7.497602E-01  3.090043E+00
  3.175000E+00  7.555257E-01  3.214266E+00
  3.225000E+00  7.573645E-01  3.342743E+00
  3.275000E+00  7.556784E-01  3.474941E+00
  3.325000E+00  7.545571E-01  3.611003E+00
  3.375000E+00  7.456184E-01  3.749528E+00
  3.425000E+00  7.437874E-01  3.891837E+00
  3.475000E+00  7.384089E-01  4.037272E+00
  3.525000E+00  7.467096E-01  4.188604E+00
  3.575000E+00  7.520211E-01  4.345367E+00
  3.625000E+00  7.514763E-01  4.506429E+00
  3.675000E+00  7.570935E-01  4.673202E+00
  3.725000E+00  7.537678E-01  4.843792E+00
  3.775000E+00  7.590670E-01  5.020223E+00
  3.825000E+00  7.770326E-01  5.205645E+00
  3.875000E+00  7.845861E-01  5.397797E+00
  3.925000E+00  7.907789E-01  5.596496E+00
  3.975000E+00  8.034380E-01  5.803552E+00
  4.025000E+00  8.174598E-01  6.019554E+00
  4.075000E+00  8.208255E-01  6.241868E+00
  4.125000E+00  8.214065E-01  6.469832E+00
  4.175000E+00  8.234361E-01  6.703933E+00
  4.225000E+00  8.226012E-01  6.943431E+00
  4.275000E+00  8.224804E-01  7.188596E+00
  4.325000E+00  8.310692E-01  7.442149E+00
  4.375000E+00  8.414841E-01  7.704850E+00
  4.425000E+00  8.480181E-01  7.975676E+00
  4.475000E+00  8.593672E-01  8.256364E+00
  4.525000E+00  8.653976E-01  8.545374E+00
  4.575000E+00  8.721535E-01  8.843112E+00
  4.625000E+00  8.771204E-01  9.149126E+00
  4.675000E+00  8.806711E-01  9.463058E+00
  4.725000E+00  8.853212E-01  9.785435E+00
  4.775000E+00  8.942175E-01  1.011798E+01
  4.825000E+00  8.949060E-01  1.045778E+01
  4.875000E+00  8.988033E-01  1.080618E+01
  4.925000E+00  9.019742E-01  1.116301E+01
  4.975000E+00  9.056655E-01  1.152862E+01
  5.025000E+00  9.089998E-01  1.190298E+01
  5.075000E+00  9.203125E-01  1.228959E+01
  5.125000E+00  9.345686E-01  1.268995E+01
  5.175000E+00  9.450531E-01  1.310275E+01
  5.225000E+00  9.629287E-01  1.353152E+01
  5.275000E+00  9.791644E-01  1.397590E+01
  5.325000E+00  1.001019E+00  1.443886E+01
  5.375000E+00  1.012520E+00  1.491597E+01
  5.425000E+00  1.017688E+00  1.540448E+01
  5.475000E+00  1.021076E+00  1.590369E+01
  5.525000E+00  1.029670E+00  1.641634E+01
  5.575000E+00  1.032000E+00  1.693949E+01
  5.625000E+00  1.040086E+00  1.747624E+01
  5.675000E+00  1.047828E+00  1.802664E+01
  5.725000E+00  1.053206E+00  1.858966E+01
  5.775000E+00  1.055783E+00  1.916395E+01
  5.825000E+00  1.058096E+00  1.974952E+01
  5.875000E+00  1.064191E+00  2.034861E+01
  5.925000E+00  1.065289E+00  2.095857E+01
  5.975000E+00  1.072915E+00  2.158331E+01
Li      La      
  2.500000E-02  0.000000E+00  0.000000E+00
  7.500000E-02  0.000000E+00  0.000000E+00
  1.250000E-01  0.000000E+00  0.000000E+00
  1.750000E-01  0.000000E+00  0.000000E+00
  2.250000E-01  0.000000E+00  0.000000E+00
  2.750000E-01  0.000000E+00  0.000000E+00
  3.250000E-01  0.000000E+00  0.000000E+00
  3.750000E-01  0.000000E+00  0.000000E+00
  4.250000E-01  0.000000E+00  0.000000E+00
  4.750000E-01  0.000000E+00  0.000000E+00
  5.250000E-01  0.000000E+00  0.000000E+00
  5.750000E-01  0.000000E+00  0.000000E+00
  6.250000E-01  0.000000E+00  0.000000E+00
  6.750000E-01  0.000000E+00  0.000000E+00
  7.250000E-01  0.000000E+00  0.000000E+00
  7.750000E-01  0.000000E+00  0.000000E+00
  8.250000E-01  0.000000E+00  0.000000E+00
  8.750000E-01  0.000000E+00  0.000000E+00
  9.250000E-01  0.000000E+00  0.000000E+00
  9.750000E-01  0.000000E+00  0.000000E+00
  1.025000E+00  0.000000E+00  0.000000E+00
  1.075000E+00  0.000000E+00  0.000000E+00
  1.125000E+00  0.000000E+00  0.000000E+00
  1.175000E+00  0.000000E+00  0.000000E+00
  1.225000E+00  0.000000E+00  0.000000E+00
  1.275000E+00  0.000000E+00  0.000000E+00
  1.325000E+00  0.000000E+00  0.000000E+00
  1.375000E+00  0.000000E+00  0.000000E+00
  1.425000E+00  0.000000E+00  0.000000E+00
  1.475000E+00  0.000000E+00  0.000000E+00
  1.525000E+00  0.000000E+00  0.000000E+00
  1.575000E+00  0.000000E+00  0.000000E+00
  1.625000E+00  0.000000E+00  0.000000E+00
  1.675000E+00  0.000000E+00  0.000000E+00
  1.725000E+00  0.000000E+00  0.000000E+00
  1.775000E+00  0.000000E+00  0.000000E+00
  1.825000E+00  0.000000E+00  0.000000E+00
  1.875000E+00  0.000000E+00  0.000000E+00
  1.925000E+00  0.000000E+00  0.000000E+00
  1.975000E+00  0.000000E+00  0.000000E+00
  2.025000E+00  0.000000E+00  0.000000E+00
  2.075000E+00  0.000000E+00  0.000000E+00
  2.125000E+00  0.000000E+00  0.000000E+00
  2.175000E+00  1.598411E-04  5.285720E-06
  2.225000E+00  1.527382E-03  5.814292E-05
  2.275000E+00  1.141395E-02  4.710898E-04
  2.325000E+00  5.065496E-02  2.385181E-03
  2.375000E+00  1.751260E-01  9.290313E-03
  2.425000E+00  4.629831E-01  2.832221E-02
  2.475000E+00  9.147163E-01  6.749005E-02
  2.525000E+00  1.411429E+00  1.303934E-01
  2.575000E+00  1.790502E+00  2.133825E-01
  2.625000E+00  2.017287E+00  3.105492E-01
  2.675000E+00  2.149345E+00  4.180581E-01
  2.725000E+00  2.286811E+00  5.367589E-01
  2.775000E+00  2.430738E+00  6.676029E-01
  2.825000E+00  2.552391E+00  8.099909E-01
  2.875000E+00  2.618981E+00  9.613112E-01
  2.925000E+00  2.634082E+00  1.118843E+00
  2.975000E+00  2.564496E+00  1.277502E+00
  3.025000E+00  2.445487E+00  1.433927E+00
  3.075000E+00  2.293065E+00  1.585490E+00
  3.125000E+00  2.102851E+00  1.729037E+00
  3.175000E+00  1.906556E+00  1.863383E+00
  3.225000E+00  1.713477E+00  1.987956E+00
  3.275000E+00  1.547126E+00  2.103950E+00
  3.325000E+00  1.403567E+00  2.212419E+00
  3.375000E+00  1.276760E+00  2.314077E+00
  3.425000E+00  1.164376E+00  2.409554E+00
  3.475000E+00  1.072036E+00  2.500045E+00
  3.525000E+00  1.006742E+00  2.587487E+00
  3.575000E+00  9.485821E-01  2.672232E+00
  3.625000E+00  9.152871E-01  2.756305E+00
  3.675000E+00  8.789963E-01  2.839288E+00
  3.725000E+00  8.449924E-01  2.921245E+00
  3.775000E+00  8.163166E-01  3.002562E+00
  3.825000E+00  7.867549E-01  3.083023E+00
  3.875000E+00  7.596899E-01  3.162761E+00
  3.925000E+00  7.316416E-01  3.241549E+00
  3.975000E+00  7.125917E-01  3.320253E+00
  4.025000E+00  7.078277E-01  3.400410E+00
  4.075000E+00  7.020968E-01  3.481906E+00
  4.125000E+00  7.038888E-01  3.565627E+00
  4.175000E+00  7.109415E-01  3.652250E+00
  4.225000E+00  7.263346E-01  3.742880E+00
  4.275000E+00  7.346729E-01  3.836733E+00
  4.325000E+00  7.531008E-01  3.935204E+00
  4.375000E+00  7.679017E-01  4.037946E+00
  4.425000E+00  7.855718E-01  4.145467E+00
  4.475000E+00  7.968557E-01  4.257012E+00
  4.525000E+00  8.095337E-01  4.372877E+00
  4.575000E+00  8.288990E-01  4.494151E+00
  4.625000E+00  8.424609E-01  4.620117E+00
  4.675000E+00  8.633436E-01  4.752013E+00
  4.725000E+00  8.746738E-01  4.888512E+00
  4.775000E+00  8.836057E-01  5.029340E+00
  4.825000E+00  9.004264E-01  5.175869E+00
  4.875000E+00  9.180212E-01  5.328374E+00
  4.925000E+00  9.419600E-01  5.488082E+00
  4.975000E+00  9.738527E-01  5.656567E+00
  5.025000E+00  1.007758E+00  5.834440E+00
  5.075000E+00  1.042615E+00  6.022146E+00
  5.125000E+00  1.073757E+00  6.219286E+00
  5.175000E+00  1.101843E+00  6.425549E+00
  5.225000E+00  1.120437E+00  6.639366E+00
  5.275000E+00  1.143869E+00  6.861852E+00
  5.325000E+00  1.158657E+00  7.091506E+00
  5.375000E+00  1.170621E+00  7.327910E+00
  5.425000E+00  1.183382E+00  7.571358E+00
  5.475000E+00  1.188746E+00  7.820437E+00
  5.525000E+00  1.194799E+00  8.075379E+00
  5.575000E+00  1.191021E+00  8.334135E+00
  5.625000E+00  1.197867E+00  8.599067E+00
  5.675000E+00  1.196088E+00  8.868329E+00
  5.725000E+00  1.195201E+00  9.142154E+00
  5.775000E+00  1.185191E+00  9.418449E+00
  5.825000E+00  1.177156E+00  9.697644E+00
  5.875000E+00  1.163257E+00  9.978298E+00
  5.925000E+00  1.147075E+00  1.025978E+01
  5.975000E+00  1.124775E+00  1.054047E+01
Li      Zr      
  2.500000E-02  0.000000E+00  0.000000E+00
  7.500000E-02  0.000000E+00  0.000000E+00
  1.250000E-01  0.000000E+00  0.000000E+00
  1.750000E-01  0.000000E+00  0.000000E+00
  2.250000E-01  0.000000E+00  0.000000E+00
  2.750000E-01  0.000000E+00  0.000000E+00
  3.250000E-01  0.000000E+00  0.000000E+00
  3.750000E-01  0.000000E+00  0.000000E+00
  4.250000E-01  0.000000E+00  0.000000E+00
  4.750000E-01  0.000000E+00  0.000000E+00
  5.250000E-01  0.000000E+00  0.000000E+00
  5.750000E-01  0.000000E+00  0.000000E+00
  6.250000E-01  0.000000E+00  0.000000E+00
  6.750000E-01  0.000000E+00  0.000000E+00
  7.250000E-01  0.000000E+00  0.000000E+00
  7.750000E-01  0.000000E+00  0.000000E+00
  8.250000E-01  0.000000E+00  0.000000E+00
  8.750000E-01  0.000000E+00  0.000000E+00
  9.250000E-01  0.000000E+00  0.000000E+00
  9.750000E-01  0.000000E+00  0.000000E+00
  1.025000E+00  0.000000E+00  0.000000E+00
  1.075000E+00  0.000000E+00  0.000000E+00
  1.125000E+00  0.000000E+00  0.000000E+00
  1.175000E+00  0.000000E+00  0.000000E+00
  1.225000E+00  0.000000E+00  0.000000E+00
  1.275000E+00  0.000000E+00  0.000000E+00
  1.325000E+00  0.000000E+00  0.000000E+00
  1.375000E+00  0.000000E+00  0.000000E+00
  1.425000E+00  0.000000E+00  0.000000E+00
  1.475000E+00  0.000000E+00  0.000000E+00
  1.525000E+00  0.000000E+00  0.000000E+00
  1.575000E+00  0.000000E+00  0.000000E+00
  1.625000E+00  0.000000E+00  0.000000E+00
  1.675000E+00  0.000000E+00  0.000000E+00
  1.725000E+00  0.000000E+00  0.000000E+00
  1.775000E+00  0.000000E+00  0.000000E+00
  1.825000E+00  0.000000E+00  0.000000E+00
  1.875000E+00  0.000000E+00  0.000000E+00
  1.925000E+00  0.000000E+00  0.000000E+00
  1.975000E+00  0.000000E+00  0.000000E+00
  2.025000E+00  3.457445E-05  6.607149E-07
  2.075000E+00  4.050189E-03  8.192865E-05
  2.125000E+00  3.701717E-02  8.609116E-04
  2.175000E+00  1.481427E-01  4.126826E-03
  2.225000E+00  3.526249E-01  1.226221E-02
  2.275000E+00  5.765778E-01  2.616894E-02
  2.325000E+00  8.450128E-01  4.745585E-02
  2.375000E+00  1.221274E+00  7.955867E-02
  2.425000E+00  1.839435E+00  1.299679E-01
  2.475000E+00  2.627265E+00  2.049670E-01
  2.525000E+00  3.436396E+00  3.070673E-01
  2.575000E+00  4.005847E+00  4.308469E-01
  2.625000E+00  4.232349E+00  5.667534E-01
  2.675000E+00  4.080725E+00  7.028302E-01
  2.725000E+00  3.712225E+00  8.312897E-01
  2.775000E+00  3.181069E+00  9.454454E-01
  2.825000E+00  2.598854E+00  1.042099E+00
  2.875000E+00  2.091022E+00  1.122643E+00
  2.925000E+00  1.690886E+00  1.190059E+00
  2.975000E+00  1.367663E+00  1.246468E+00
  3.025000E+00  1.158479E+00  1.295869E+00
  3.075000E+00  9.783961E-01  1.338981E+00
  3.125000E+00  8.626238E-01  1.378238E+00
  3.175000E+00  7.847407E-01  1.415103E+00
  3.225000E+00  7.058644E-01  1.449315E+00
  3.275000E+00  6.657185E-01  1.482589E+00
  3.325000E+00  6.312152E-01  1.515109E+00
  3.375000E+00  6.136223E-01  1.547681E+00
  3.425000E+00  5.948584E-01  1.580200E+00
  3.475000E+00  5.934089E-01  1.613593E+00
  3.525000E+00  6.047640E-01  1.648611E+00
  3.575000E+00  6.130706E-01  1.685125E+00
  3.625000E+00  6.329274E-01  1.723883E+00
  3.675000E+00  6.615935E-01  1.765522E+00
  3.725000E+00  6.820450E-01  1.809624E+00
  3.775000E+00  7.144403E-01  1.857070E+00
  3.825000E+00  7.460827E-01  1.907937E+00
  3.875000E+00  7.833429E-01  1.962751E+00
  3.925000E+00  8.122530E-01  2.021064E+00
  3.975000E+00  8.391378E-01  2.082851E+00
  4.025000E+00  8.477287E-01  2.146851E+00
  4.075000E+00  8.599853E-01  2.213400E+00
  4.125000E+00  8.641445E-01  2.281921E+00
  4.175000E+00  8.841110E-01  2.353736E+00
  4.225000E+00  8.857554E-01  2.427417E+00
  4.275000E+00  8.940638E-01  2.503561E+00
  4.325000E+00  8.913540E-01  2.581259E+00
  4.375000E+00  8.874302E-01  2.660415E+00
  4.425000E+00  8.639987E-01  2.739252E+00
  4.475000E+00  8.517663E-01  2.818739E+00
  4.525000E+00  8.389396E-01  2.898789E+00
  4.575000E+00  8.377728E-01  2.980504E+00
  4.625000E+00  8.263852E-01  3.062879E+00
  4.675000E+00  8.263576E-01  3.147042E+00
  4.725000E+00  8.329033E-01  3.233696E+00
  4.775000E+00  8.412772E-01  3.323084E+00
  4.825000E+00  8.520076E-01  3.415517E+00
  4.875000E+00  8.667525E-01  3.511509E+00
  4.925000E+00  8.855017E-01  3.611599E+00
  4.975000E+00  8.881913E-01  3.714043E+00
  5.025000E+00  9.150244E-01  3.821713E+00
  5.075000E+00  9.353811E-01  3.933979E+00
  5.125000E+00  9.553831E-01  4.050917E+00
  5.175000E+00  9.803071E-01  4.173259E+00
  5.225000E+00  1.007368E+00  4.301418E+00
  5.275000E+00  1.025569E+00  4.434402E+00
  5.325000E+00  1.037451E+00  4.571489E+00
  5.375000E+00  1.045422E+00  4.712236E+00
  5.425000E+00  1.054491E+00  4.856857E+00
  5.475000E+00  1.051311E+00  5.003713E+00
  5.525000E+00  1.049248E+00  5.152969E+00
  5.575000E+00  1.052239E+00  5.305372E+00
  5.625000E+00  1.060166E+00  5.461690E+00
  5.675000E+00  1.061880E+00  5.621056E+00
  5.725000E+00  1.067413E+00  5.784088E+00
  5.775000E+00  1.080295E+00  5.951983E+00
  5.825000E+00  1.082547E+00  6.123153E+00
  5.875000E+00  1.079044E+00  6.296711E+00
  5.925000E+00  1.078922E+00  6.473215E+00
  5.975000E+00  1.070004E+00  6.651228E+00
Li      O       
  2.500000E-02  0.000000E+00  0.000000E+00
  7.500000E-02  0.000000E+00  0.000000E+00
  1.250000E-01  0.000000E+00  0.000000E+00
  1.750000E-01  0.000000E+00  0.000000E+00
  2.250000E-01  0.000000E+00  0.000000E+00
  2.750000E-01  0.000000E+00  0.000000E+00
  3.250000E-01  0.000000E+00  0.000000E+00
  3.750000E-01  0.000000E+00  0.000000E+00
  4.250000E-01  0.000000E+00  0.000000E+00
  4.750000E-01  0.000000E+00  0.000000E+00
  5.250000E-01  0.000000E+00  0.000000E+00
  5.750000E-01  0.000000E+00  0.000000E+00
  6.250000E-01  0.000000E+00  0.000000E+00
  6.750000E-01  0.000000E+00  0.000000E+00
  7.250000E-01  0.000000E+00  0.000000E+00
  7.750000E-01  3.932983E-05  6.607149E-07
  8.250000E-01  0.000000E+00  6.607149E-07
  8.750000E-01  0.000000E+00  6.607149E-07
  9.250000E-01  5.522261E-05  1.982145E-06
  9.750000E-01  7.704304E-04  2.246431E-05
  1.025000E+00  4.317611E-03  1.493216E-04
  1.075000E+00  2.187993E-01  7.220293E-03
  1.125000E+00  3.263030E+00  1.227080E-01
  1.175000E+00  1.400931E+01  6.635818E-01
  1.225000E+00  1.844030E+01  1.437399E+00
  1.275000E+00  9.340276E+00  1.861993E+00
  1.325000E+00  2.782318E+00  1.998586E+00
  1.375000E+00  8.175484E-01  2.041808E+00
  1.425000E+00  3.060953E-01  2.059189E+00
  1.475000E+00  1.425660E-01  2.067862E+00
  1.525000E+00  8.322129E-02  2.073274E+00
  1.575000E+00  5.574204E-02  2.077140E+00
  1.625000E+00  4.426669E-02  2.080409E+00
  1.675000E+00  3.968437E-02  2.083522E+00
  1.725000E+00  3.643266E-02  2.086554E+00
  1.775000E+00  3.860906E-02  2.089955E+00
  1.825000E+00  4.028270E-02  2.093707E+00
  1.875000E+00  5.069141E-02  2.098690E+00
  1.925000E+00  5.968512E-02  2.104874E+00
  1.975000E+00  7.091928E-02  2.112609E+00
  2.025000E+00  8.225261E-02  2.122040E+00
  2.075000E+00  1.145907E-01  2.135836E+00
  2.125000E+00  1.338510E-01  2.152736E+00
  2.175000E+00  1.763197E-01  2.176059E+00
  2.225000E+00  2.374650E-01  2.208930E+00
  2.275000E+00  3.049852E-01  2.253066E+00
  2.325000E+00  3.920426E-01  2.312323E+00
  2.375000E+00  5.051400E-01  2.391992E+00
  2.425000E+00  6.209124E-01  2.494088E+00
  2.475000E+00  7.564182E-01  2.623646E+00
  2.525000E+00  8.657740E-01  2.777987E+00
  2.575000E+00  9.612734E-01  2.956205E+00
  2.625000E+00  1.022351E+00  3.153179E+00
  2.675000E+00  1.060212E+00  3.365304E+00
  2.725000E+00  1.075188E+00  3.588542E+00
  2.775000E+00  1.081870E+00  3.821485E+00
  2.825000E+00  1.071954E+00  4.060686E+00
  2.875000E+00  1.055083E+00  4.304529E+00
  2.925000E+00  1.040969E+00  4.553552E+00
  2.975000E+00  1.023942E+00  4.806946E+00
  3.025000E+00  1.013405E+00  5.066234E+00
  3.075000E+00  1.000825E+00  5.330838E+00
  3.125000E+00  9.973253E-01  5.603161E+00
  3.175000E+00  9.954302E-01  5.883733E+00
  3.225000E+00  1.002381E+00  6.175233E+00
  3.275000E+00  1.022429E+00  6.481855E+00
  3.325000E+00  1.044282E+00  6.804665E+00
  3.375000E+00  1.069520E+00  7.145295E+00
  3.425000E+00  1.101353E+00  7.506532E+00
  3.475000E+00  1.129603E+00  7.887933E+00
  3.525000E+00  1.152054E+00  8.288187E+00
  3.575000E+00  1.170485E+00  8.706464E+00
  3.625000E+00  1.191151E+00  9.144114E+00
  3.675000E+00  1.195862E+00  9.595701E+00
  3.725000E+00  1.192199E+00  1.005824E+01
  3.775000E+00  1.188522E+00  1.053181E+01
  3.825000E+00  1.175007E+00  1.101248E+01
  3.875000E+00  1.152109E+00  1.149618E+01
  3.925000E+00  1.120593E+00  1.197888E+01
  3.975000E+00  1.087847E+00  1.245948E+01
  4.025000E+00  1.055732E+00  1.293770E+01
  4.075000E+00  1.024721E+00  1.341348E+01
  4.125000E+00  9.969684E-01  1.388780E+01
  4.175000E+00  9.723130E-01  1.436167E+01
  4.225000E+00  9.524133E-01  1.483703E+01
  4.275000E+00  9.400222E-01  1.531738E+01
  4.325000E+00  9.293256E-01  1.580343E+01
  4.375000E+00  9.255636E-01  1.629877E+01
  4.425000E+00  9.276600E-01  1.680665E+01
  4.475000E+00  9.266450E-01  1.732550E+01
  4.525000E+00  9.273926E-01  1.785644E+01
  4.575000E+00  9.365074E-01  1.840451E+01
  4.625000E+00  9.434778E-01  1.896879E+01
  4.675000E+00  9.517679E-01  1.955041E+01
  4.725000E+00  9.584265E-01  2.014869E+01
  4.775000E+00  9.673308E-01  2.076537E+01
  4.825000E+00  9.740158E-01  2.139939E+01
  4.875000E+00  9.831815E-01  2.205271E+01
  4.925000E+00  9.886508E-01  2.272321E+01
  4.975000E+00  9.899525E-01  2.340829E+01
  5.025000E+00  9.881357E-01  2.410593E+01
  5.075000E+00  9.874357E-01  2.481701E+01
  5.125000E+00  9.849850E-01  2.554038E+01
  5.175000E+00  9.820295E-01  2.627572E+01
  5.225000E+00  9.760988E-01  2.702081E+01
  5.275000E+00  9.707063E-01  2.777603E+01
  5.325000E+00  9.635956E-01  2.854000E+01
  5.375000E+00  9.536276E-01  2.931033E+01
  5.425000E+00  9.528890E-01  3.009445E+01
  5.475000E+00  9.534702E-01  3.089357E+01
  5.525000E+00  9.509529E-01  3.170522E+01
  5.575000E+00  9.510050E-01  3.253166E+01
  5.625000E+00  9.510453E-01  3.337303E+01
  5.675000E+00  9.545173E-01  3.423255E+01
  5.725000E+00  9.556888E-01  3.510836E+01
  5.775000E+00  9.574201E-01  3.600114E+01
  5.825000E+00  9.595434E-01  3.691147E+01
  5.875000E+00  9.639001E-01  3.784170E+01
  5.925000E+00  9.655700E-01  3.878946E+01
  5.975000E+00  9.707830E-01  3.975849E+01
Li      O_s     
  2.500000E-02  0.000000E+00  0.000000E+00
  7.500000E-02  0.000000E+00  0.000000E+00
  1.250000E-01  0.000000E+00  0.000000E+00
  1.750000E-01  0.000000E+00  0.000000E+00
  2.250000E-01  0.000000E+00  0.000000E+00
  2.750000E-01  0.000000E+00  0.000000E+00
  3.250000E-01  0.000000E+00  0.000000E+00
  3.750000E-01  1.677918E-04  6.607149E-07
  4.250000E-01  0.000000E+00  6.607149E-07
  4.750000E-01  1.046377E-04  1.321430E-06
  5.250000E-01  0.000000E+00  1.321430E-06
  5.750000E-01  7.142773E-05  1.982145E-06
  6.250000E-01  0.000000E+00  1.982145E-06
  6.750000E-01  0.000000E+00  1.982145E-06
  7.250000E-01  0.000000E+00  1.982145E-06
  7.750000E-01  3.932983E-05  2.642860E-06
  8.250000E-01  3.470846E-05  3.303575E-06
  8.750000E-01  1.851369E-04  7.267864E-06
  9.250000E-01  8.007278E-04  2.642860E-05
  9.750000E-01  9.692511E-03  2.841074E-04
  1.025000E+00  2.185026E+00  6.448314E-02
  1.075000E+00  2.417086E+01  8.456167E-01
  1.125000E+00  2.316342E+01  1.665434E+00
  1.175000E+00  5.984929E+00  1.896502E+00
  1.225000E+00  1.825763E+00  1.973117E+00
  1.275000E+00  9.149903E-01  2.014711E+00
  1.325000E+00  4.925094E-01  2.038890E+00
  1.375000E+00  2.629097E-01  2.052789E+00
  1.425000E+00  1.491496E-01  2.061258E+00
  1.475000E+00  9.240127E-02  2.066880E+00
  1.525000E+00  6.224071E-02  2.070927E+00
  1.575000E+00  4.788367E-02  2.074249E+00
  1.625000E+00  4.071426E-02  2.077255E+00
  1.675000E+00  3.660193E-02  2.080126E+00
  1.725000E+00  3.449509E-02  2.082996E+00
  1.775000E+00  3.587913E-02  2.086157E+00
  1.825000E+00  3.865806E-02  2.089757E+00
  1.875000E+00  5.110140E-02  2.094781E+00
  1.925000E+00  6.133029E-02  2.101136E+00
  1.975000E+00  7.792822E-02  2.109635E+00
  2.025000E+00  9.796093E-02  2.120867E+00
  2.075000E+00  1.423658E-01  2.138007E+00
  2.125000E+00  1.842643E-01  2.161273E+00
  2.175000E+00  2.537927E-01  2.194843E+00
  2.225000E+00  3.540711E-01  2.243855E+00
  2.275000E+00  4.746604E-01  2.312547E+00
  2.325000E+00  6.071163E-01  2.404311E+00
  2.375000E+00  7.372812E-01  2.520593E+00
  2.425000E+00  8.459627E-01  2.659693E+00
  2.475000E+00  9.252243E-01  2.818165E+00
  2.525000E+00  9.781042E-01  2.992530E+00
  2.575000E+00  1.019854E+00  3.181609E+00
  2.625000E+00  1.034761E+00  3.380975E+00
  2.675000E+00  1.030593E+00  3.587173E+00
  2.725000E+00  1.013023E+00  3.797504E+00
  2.775000E+00  9.970973E-01  4.012195E+00
  2.825000E+00  9.793625E-01  4.230734E+00
  2.875000E+00  9.625420E-01  4.453190E+00
  2.925000E+00  9.533019E-01  4.681241E+00
  2.975000E+00  9.433919E-01  4.914702E+00
  3.025000E+00  9.434598E-01  5.156093E+00
  3.075000E+00  9.508190E-01  5.407476E+00
  3.125000E+00  9.571869E-01  5.668839E+00
  3.175000E+00  9.692159E-01  5.942023E+00
  3.225000E+00  9.866038E-01  6.228935E+00
  3.275000E+00  1.004306E+00  6.530121E+00
  3.325000E+00  1.027625E+00  6.847783E+00
  3.375000E+00  1.050154E+00  7.182244E+00
  3.425000E+00  1.077839E+00  7.535770E+00
  3.475000E+00  1.109189E+00  7.910278E+00
  3.525000E+00  1.134255E+00  8.304348E+00
  3.575000E+00  1.154209E+00  8.716808E+00
  3.625000E+00  1.177071E+00  9.149286E+00
  3.675000E+00  1.187954E+00  9.597886E+00
  3.725000E+00  1.191616E+00  1.006020E+01
  3.775000E+00  1.186058E+00  1.053279E+01
  3.825000E+00  1.166023E+00  1.100978E+01
  3.875000E+00  1.137755E+00  1.148746E+01
  3.925000E+00  1.100210E+00  1.196137E+01
  3.975000E+00  1.068853E+00  1.243358E+01
  4.025000E+00  1.035186E+00  1.290250E+01
  4.075000E+00  1.012845E+00  1.337276E+01
  4.125000E+00  9.888415E-01  1.384322E+01
  4.175000E+00  9.675099E-01  1.431475E+01
  4.225000E+00  9.545539E-01  1.479118E+01
  4.275000E+00  9.413359E-01  1.527219E+01
  4.325000E+00  9.322628E-01  1.575978E+01
  4.375000E+00  9.247167E-01  1.625467E+01
  4.425000E+00  9.200521E-01  1.675838E+01
  4.475000E+00  9.179695E-01  1.727237E+01
  4.525000E+00  9.175322E-01  1.779767E+01
  4.575000E+00  9.204125E-01  1.833632E+01
  4.625000E+00  9.219227E-01  1.888771E+01
  4.675000E+00  9.272742E-01  1.945436E+01
  4.725000E+00  9.292568E-01  2.003443E+01
  4.775000E+00  9.341838E-01  2.062998E+01
  4.825000E+00  9.406691E-01  2.124230E+01
  4.875000E+00  9.509071E-01  2.187417E+01
  4.925000E+00  9.609799E-01  2.252590E+01
  4.975000E+00  9.675571E-01  2.319548E+01
  5.025000E+00  9.735984E-01  2.388286E+01
  5.075000E+00  9.778002E-01  2.458700E+01
  5.125000E+00  9.780827E-01  2.530530E+01
  5.175000E+00  9.762226E-01  2.603629E+01
  5.225000E+00  9.713659E-01  2.677777E+01
  5.275000E+00  9.680889E-01  2.753095E+01
  5.325000E+00  9.676666E-01  2.829815E+01
  5.375000E+00  9.645396E-01  2.907729E+01
  5.425000E+00  9.645450E-01  2.987100E+01
  5.475000E+00  9.632265E-01  3.067831E+01
  5.525000E+00  9.604242E-01  3.149804E+01
  5.575000E+00  9.596328E-01  3.233198E+01
  5.625000E+00  9.606669E-01  3.318186E+01
  5.675000E+00  9.620183E-01  3.404814E+01
  5.725000E+00  9.648741E-01  3.493236E+01
  5.775000E+00  9.708443E-01  3.583766E+01
  5.825000E+00  9.751672E-01  3.676281E+01
  5.875000E+00  9.771156E-01  3.770579E+01
  5.925000E+00  9.792035E-01  3.866694E+01
  5.975000E+00  9.817012E-01  3.964687E+01
La      La      
  2.500000E-02  0.000000E+00  0.000000E+00
  7.500000E-02  0.000000E+00  0.000000E+00
  1.250000E-01  0.000000E+00  0.000000E+00
  1.750000E-01  0.000000E+00  0.000000E+00
  2.250000E-01  0.000000E+00  0.000000E+00
  2.750000E-01  0.000000E+00  0.000000E+00
  3.250000E-01  0.000000E+00  0.000000E+00
  3.750000E-01  0.000000E+00  0.000000E+00
  4.250000E-01  0.000000E+00  0.000000E+00
  4.750000E-01  0.000000E+00  0.000000E+00
  5.250000E-01  0.000000E+00  0.000000E+00
  5.750000E-01  0.000000E+00  0.000000E+00
  6.250000E-01  0.000000E+00  0.000000E+00
  6.750000E-01  0.000000E+00  0.000000E+00
  7.250000E-01  0.000000E+00  0.000000E+00
  7.750000E-01  0.000000E+00  0.000000E+00
  8.250000E-01  0.000000E+00  0.000000E+00
  8.750000E-01  0.000000E+00  0.000000E+00
  9.250000E-01  0.000000E+00  0.000000E+00
  9.750000E-01  0.000000E+00  0.000000E+00
  1.025000E+00  0.000000E+00  0.000000E+00
  1.075000E+00  0.000000E+00  0.000000E+00
  1.125000E+00  0.000000E+00  0.000000E+00
  1.175000E+00  0.000000E+00  0.000000E+00
  1.225000E+00  0.000000E+00  0.000000E+00
  1.275000E+00  0.000000E+00  0.000000E+00
  1.325000E+00  0.000000E+00  0.000000E+00
  1.375000E+00  0.000000E+00  0.000000E+00
  1.425000E+00  0.000000E+00  0.000000E+00
  1.475000E+00  0.000000E+00  0.000000E+00
  1.525000E+00  0.000000E+00  0.000000E+00
  1.575000E+00  0.000000E+00  0.000000E+00
  1.625000E+00  0.000000E+00  0.000000E+00
  1.675000E+00  0.000000E+00  0.000000E+00
  1.725000E+00  0.000000E+00  0.000000E+00
  1.775000E+00  0.000000E+00  0.000000E+00
  1.825000E+00  0.000000E+00  0.000000E+00
  1.875000E+00  0.000000E+00  0.000000E+00
  1.925000E+00  0.000000E+00  0.000000E+00
  1.975000E+00  0.000000E+00  0.000000E+00
  2.025000E+00  0.000000E+00  0.000000E+00
  2.075000E+00  0.000000E+00  0.000000E+00
  2.125000E+00  0.000000E+00  0.000000E+00
  2.175000E+00  0.000000E+00  0.000000E+00
  2.225000E+00  0.000000E+00  0.000000E+00
  2.275000E+00  0.000000E+00  0.000000E+00
  2.325000E+00  0.000000E+00  0.000000E+00
  2.375000E+00  0.000000E+00  0.000000E+00
  2.425000E+00  0.000000E+00  0.000000E+00
  2.475000E+00  0.000000E+00  0.000000E+00
  2.525000E+00  0.000000E+00  0.000000E+00
  2.575000E+00  0.000000E+00  0.000000E+00
  2.625000E+00  0.000000E+00  0.000000E+00
  2.675000E+00  0.000000E+00  0.000000E+00
  2.725000E+00  0.000000E+00  0.000000E+00
  2.775000E+00  0.000000E+00  0.000000E+00
  2.825000E+00  0.000000E+00  0.000000E+00
  2.875000E+00  0.000000E+00  0.000000E+00
  2.925000E+00  0.000000E+00  0.000000E+00
  2.975000E+00  0.000000E+00  0.000000E+00
  3.025000E+00  0.000000E+00  0.000000E+00
  3.075000E+00  0.000000E+00  0.000000E+00
  3.125000E+00  0.000000E+00  0.000000E+00
  3.175000E+00  8.764904E-05  6.176204E-06
  3.225000E+00  8.070474E-04  6.485014E-05
  3.275000E+00  2.800860E-03  2.748411E-04
  3.325000E+00  8.471454E-03  9.295187E-04
  3.375000E+00  2.718793E-02  3.094278E-03
  3.425000E+00  8.168537E-02  9.792371E-03
  3.475000E+00  1.873855E-01  2.560963E-02
  3.525000E+00  3.497444E-01  5.598729E-02
  3.575000E+00  5.720052E-01  1.070892E-01
  3.625000E+00  8.400830E-01  1.842547E-01
  3.675000E+00  1.202256E+00  2.977548E-01
  3.725000E+00  1.596549E+00  4.526077E-01
  3.775000E+00  1.930732E+00  6.449347E-01
  3.825000E+00  2.125201E+00  8.622784E-01
  3.875000E+00  2.241297E+00  1.097527E+00
  3.925000E+00  2.281801E+00  1.343247E+00
  3.975000E+00  2.297007E+00  1.596947E+00
  4.025000E+00  2.295978E+00  1.856953E+00
  4.075000E+00  2.179164E+00  2.109899E+00
  4.125000E+00  2.046248E+00  2.353282E+00
  4.175000E+00  1.897391E+00  2.584463E+00
  4.225000E+00  1.744522E+00  2.802141E+00
  4.275000E+00  1.614561E+00  3.008398E+00
  4.325000E+00  1.496248E+00  3.204039E+00
  4.375000E+00  1.412967E+00  3.393086E+00
  4.425000E+00  1.342747E+00  3.576868E+00
  4.475000E+00  1.297246E+00  3.758458E+00
  4.525000E+00  1.214257E+00  3.932250E+00
  4.575000E+00  1.124540E+00  4.096778E+00
  4.625000E+00  1.032305E+00  4.251131E+00
  4.675000E+00  9.538450E-01  4.396852E+00
  4.725000E+00  8.838194E-01  4.534779E+00
  4.775000E+00  8.225282E-01  4.665872E+00
  4.825000E+00  7.829306E-01  4.793281E+00
  4.875000E+00  7.558180E-01  4.918840E+00
  4.925000E+00  7.401488E-01  5.044331E+00
  4.975000E+00  7.174926E-01  5.168464E+00
  5.025000E+00  7.048774E-01  5.292877E+00
  5.075000E+00  6.958081E-01  5.418146E+00
  5.125000E+00  6.941389E-01  5.545589E+00
  5.175000E+00  6.984086E-01  5.676330E+00
  5.225000E+00  6.960290E-01  5.809155E+00
  5.275000E+00  7.030604E-01  5.945903E+00
  5.325000E+00  7.082729E-01  6.086288E+00
  5.375000E+00  7.191497E-01  6.231518E+00
  5.425000E+00  7.221666E-01  6.380084E+00
  5.475000E+00  7.328092E-01  6.533630E+00
  5.525000E+00  7.337166E-01  6.690188E+00
  5.575000E+00  7.410264E-01  6.851180E+00
  5.625000E+00  7.433817E-01  7.015593E+00
  5.675000E+00  7.610266E-01  7.186915E+00
  5.725000E+00  7.723371E-01  7.363860E+00
  5.775000E+00  7.870380E-01  7.547337E+00
  5.825000E+00  7.911881E-01  7.734988E+00
  5.875000E+00  7.968626E-01  7.927244E+00
  5.925000E+00  8.077960E-01  8.125470E+00
  5.975000E+00  8.254183E-01  8.331452E+00
La      Zr      
  2.500000E-02  0.000000E+00  0.000000E+00
  7.500000E-02  0.000000E+00  0.000000E+00
  1.250000E-01  0.000000E+00  0.000000E+00
  1.750000E-01  0.000000E+00  0.000000E+00
  2.250000E-01  0.000000E+00  0.000000E+00
  2.750000E-01  0.000000E+00  0.000000E+00
  3.250000E-01  0.000000E+00  0.000000E+00
  3.750000E-01  0.000000E+00  0.000000E+00
  4.250000E-01  0.000000E+00  0.000000E+00
  4.750000E-01  0.000000E+00  0.000000E+00
  5.250000E-01  0.000000E+00  0.000000E+00
  5.750000E-01  0.000000E+00  0.000000E+00
  6.250000E-01  0.000000E+00  0.000000E+00
  6.750000E-01  0.000000E+00  0.000000E+00
  7.250000E-01  0.000000E+00  0.000000E+00
  7.750000E-01  0.000000E+00  0.000000E+00
  8.250000E-01  0.000000E+00  0.000000E+00
  8.750000E-01  0.000000E+00  0.000000E+00
  9.250000E-01  0.000000E+00  0.000000E+00
  9.750000E-01  0.000000E+00  0.000000E+00
  1.025000E+00  0.000000E+00  0.000000E+00
  1.075000E+00  0.000000E+00  0.000000E+00
  1.125000E+00  0.000000E+00  0.000000E+00
  1.175000E+00  0.000000E+00  0.000000E+00
  1.225000E+00  0.000000E+00  0.000000E+00
  1.275000E+00  0.000000E+00  0.000000E+00
  1.325000E+00  0.000000E+00  0.000000E+00
  1.375000E+00  0.000000E+00  0.000000E+00
  1.425000E+00  0.000000E+00  0.000000E+00
  1.475000E+00  0.000000E+00  0.000000E+00
  1.525000E+00  0.000000E+00  0.000000E+00
  1.575000E+00  0.000000E+00  0.000000E+00
  1.625000E+00  0.000000E+00  0.000000E+00
  1.675000E+00  0.000000E+00  0.000000E+00
  1.725000E+00  0.000000E+00  0.000000E+00
  1.775000E+00  0.000000E+00  0.000000E+00
  1.825000E+00  0.000000E+00  0.000000E+00
  1.875000E+00  0.000000E+00  0.000000E+00
  1.925000E+00  0.000000E+00  0.000000E+00
  1.975000E+00  0.000000E+00  0.000000E+00
  2.025000E+00  0.000000E+00  0.000000E+00
  2.075000E+00  0.000000E+00  0.000000E+00
  2.125000E+00  0.000000E+00  0.000000E+00
  2.175000E+00  0.000000E+00  0.000000E+00
  2.225000E+00  0.000000E+00  0.000000E+00
  2.275000E+00  0.000000E+00  0.000000E+00
  2.325000E+00  0.000000E+00  0.000000E+00
  2.375000E+00  0.000000E+00  0.000000E+00
  2.425000E+00  0.000000E+00  0.000000E+00
  2.475000E+00  0.000000E+00  0.000000E+00
  2.525000E+00  0.000000E+00  0.000000E+00
  2.575000E+00  0.000000E+00  0.000000E+00
  2.625000E+00  0.000000E+00  0.000000E+00
  2.675000E+00  0.000000E+00  0.000000E+00
  2.725000E+00  0.000000E+00  0.000000E+00
  2.775000E+00  0.000000E+00  0.000000E+00
  2.825000E+00  0.000000E+00  0.000000E+00
  2.875000E+00  0.000000E+00  0.000000E+00
  2.925000E+00  0.000000E+00  0.000000E+00
  2.975000E+00  0.000000E+00  0.000000E+00
  3.025000E+00  1.084588E-04  4.625005E-06
  3.075000E+00  9.796306E-04  4.779171E-05
  3.125000E+00  6.334852E-03  3.360837E-04
  3.175000E+00  3.560717E-02  2.008794E-03
  3.225000E+00  1.284406E-01  8.234050E-03
  3.275000E+00  3.292307E-01  2.468982E-02
  3.325000E+00  7.006891E-01  6.078952E-02
  3.375000E+00  1.281544E+00  1.288156E-01
  3.425000E+00  2.088956E+00  2.430101E-01
  3.475000E+00  3.008053E+00  4.122837E-01
  3.525000E+00  3.858797E+00  6.357254E-01
  3.575000E+00  4.424465E+00  8.992412E-01
  3.625000E+00  4.564351E+00  1.178746E+00
  3.675000E+00  4.467036E+00  1.459889E+00
  3.725000E+00  4.187298E+00  1.730646E+00
  3.775000E+00  3.969675E+00  1.994268E+00
  3.825000E+00  3.766831E+00  2.251090E+00
  3.875000E+00  3.494656E+00  2.495625E+00
  3.925000E+00  3.200873E+00  2.725420E+00
  3.975000E+00  2.859200E+00  2.935948E+00
  4.025000E+00  2.521383E+00  3.126303E+00
  4.075000E+00  2.207650E+00  3.297138E+00
  4.125000E+00  1.935982E+00  3.450650E+00
  4.175000E+00  1.656004E+00  3.585163E+00
  4.225000E+00  1.407359E+00  3.702234E+00
  4.275000E+00  1.199422E+00  3.804384E+00
  4.325000E+00  1.020016E+00  3.893298E+00
  4.375000E+00  9.017561E-01  3.973732E+00
  4.425000E+00  8.161745E-01  4.048205E+00
  4.475000E+00  7.467265E-01  4.117890E+00
  4.525000E+00  6.894221E-01  4.183673E+00
  4.575000E+00  6.294992E-01  4.245073E+00
  4.625000E+00  5.905207E-01  4.303937E+00
  4.675000E+00  5.458061E-01  4.359526E+00
  4.725000E+00  5.274106E-01  4.414397E+00
  4.775000E+00  5.018557E-01  4.467721E+00
  4.825000E+00  4.947769E-01  4.521398E+00
  4.875000E+00  4.898443E-01  4.575648E+00
  4.925000E+00  4.880504E-01  4.630814E+00
  4.975000E+00  4.921373E-01  4.687576E+00
  5.025000E+00  5.005251E-01  4.746473E+00
  5.075000E+00  5.053030E-01  4.807120E+00
  5.125000E+00  5.216775E-01  4.870973E+00
  5.175000E+00  5.315589E-01  4.937311E+00
  5.225000E+00  5.312377E-01  5.004896E+00
  5.275000E+00  5.452429E-01  5.075597E+00
  5.325000E+00  5.536140E-01  5.148751E+00
  5.375000E+00  5.709134E-01  5.225614E+00
  5.425000E+00  5.887091E-01  5.306354E+00
  5.475000E+00  6.075063E-01  5.391215E+00
  5.525000E+00  6.168161E-01  5.478958E+00
  5.575000E+00  6.295170E-01  5.570135E+00
  5.625000E+00  6.400084E-01  5.664502E+00
  5.675000E+00  6.474248E-01  5.761667E+00
  5.725000E+00  6.497113E-01  5.860901E+00
  5.775000E+00  6.585375E-01  5.963248E+00
  5.825000E+00  6.554708E-01  6.066890E+00
  5.875000E+00  6.646525E-01  6.173795E+00
  5.925000E+00  6.667791E-01  6.282876E+00
  5.975000E+00  6.867933E-01  6.397135E+00
La      O       
  2.500000E-02  0.000000E+00  0.000000E+00
  7.500000E-02  0.000000E+00  0.000000E+00
  1.250000E-01  0.000000E+00  0.000000E+00
  1.750000E-01  0.000000E+00  0.000000E+00
  2.250000E-01  0.000000E+00  0.000000E+00
  2.750000E-01  0.000000E+00  0.000000E+00
  3.250000E-01  0.000000E+00  0.000000E+00
  3.750000E-01  0.000000E+00  0.000000E+00
  4.250000E-01  0.000000E+00  0.000000E+00
  4.750000E-01  0.000000E+00  0.000000E+00
  5.250000E-01  0.000000E+00  0.000000E+00
  5.750000E-01  0.000000E+00  0.000000E+00
  6.250000E-01  0.000000E+00  0.000000E+00
  6.750000E-01  0.000000E+00  0.000000E+00
  7.250000E-01  0.000000E+00  0.000000E+00
  7.750000E-01  0.000000E+00  0.000000E+00
  8.250000E-01  0.000000E+00  0.000000E+00
  8.750000E-01  0.000000E+00  0.000000E+00
  9.250000E-01  0.000000E+00  0.000000E+00
  9.750000E-01  5.798938E-05  1.541668E-06
  1.025000E+00  0.000000E+00  1.541668E-06
  1.075000E+00  0.000000E+00  1.541668E-06
  1.125000E+00  0.000000E+00  1.541668E-06
  1.175000E+00  0.000000E+00  1.541668E-06
  1.225000E+00  0.000000E+00  1.541668E-06
  1.275000E+00  0.000000E+00  1.541668E-06
  1.325000E+00  0.000000E+00  1.541668E-06
  1.375000E+00  0.000000E+00  1.541668E-06
  1.425000E+00  0.000000E+00  1.541668E-06
  1.475000E+00  2.534121E-05  3.083336E-06
  1.525000E+00  0.000000E+00  3.083336E-06
  1.575000E+00  0.000000E+00  3.083336E-06
  1.625000E+00  2.087911E-05  4.625005E-06
  1.675000E+00  0.000000E+00  4.625005E-06
  1.725000E+00  0.000000E+00  4.625005E-06
  1.775000E+00  0.000000E+00  4.625005E-06
  1.825000E+00  0.000000E+00  4.625005E-06
  1.875000E+00  1.568284E-05  6.166673E-06
  1.925000E+00  0.000000E+00  6.166673E-06
  1.975000E+00  0.000000E+00  6.166673E-06
  2.025000E+00  6.722809E-05  1.387501E-05
  2.075000E+00  3.073314E-04  5.087505E-05
  2.125000E+00  4.639793E-03  6.367090E-04
  2.175000E+00  6.500038E-02  9.234593E-03
  2.225000E+00  4.399625E-01  7.013665E-02
  2.275000E+00  1.602523E+00  3.020483E-01
  2.325000E+00  3.561871E+00  8.404158E-01
  2.375000E+00  5.352301E+00  1.684570E+00
  2.425000E+00  6.087130E+00  2.685467E+00
  2.475000E+00  5.685496E+00  3.659271E+00
  2.525000E+00  4.681658E+00  4.493864E+00
  2.575000E+00  3.550007E+00  5.152030E+00
  2.625000E+00  2.603202E+00  5.653584E+00
  2.675000E+00  1.880662E+00  6.029862E+00
  2.725000E+00  1.391837E+00  6.318845E+00
  2.775000E+00  1.049948E+00  6.544915E+00
  2.825000E+00  8.236295E-01  6.728703E+00
  2.875000E+00  6.739862E-01  6.884470E+00
  2.925000E+00  5.722540E-01  7.021366E+00
  2.975000E+00  5.018104E-01  7.145549E+00
  3.025000E+00  4.583468E-01  7.262821E+00
  3.075000E+00  4.293581E-01  7.376337E+00
  3.125000E+00  4.140972E-01  7.489407E+00
  3.175000E+00  4.047512E-01  7.603491E+00
  3.225000E+00  4.069353E-01  7.721831E+00
  3.275000E+00  4.126642E-01  7.845587E+00
  3.325000E+00  4.286793E-01  7.978101E+00
  3.375000E+00  4.475407E-01  8.120637E+00
  3.425000E+00  4.681811E-01  8.274198E+00
  3.475000E+00  4.970774E-01  8.442032E+00
  3.525000E+00  5.288079E-01  8.625754E+00
  3.575000E+00  5.651258E-01  8.827703E+00
  3.625000E+00  6.023072E-01  9.049002E+00
  3.675000E+00  6.452511E-01  9.292664E+00
  3.725000E+00  6.887117E-01  9.559863E+00
  3.775000E+00  7.314269E-01  9.851303E+00
  3.825000E+00  7.722984E-01  1.016723E+01
  3.875000E+00  8.077203E-01  1.050635E+01
  3.925000E+00  8.413093E-01  1.086874E+01
  3.975000E+00  8.731727E-01  1.125450E+01
  4.025000E+00  8.932139E-01  1.165911E+01
  4.075000E+00  9.051913E-01  1.207939E+01
  4.125000E+00  9.085067E-01  1.251162E+01
  4.175000E+00  9.159501E-01  1.295803E+01
  4.225000E+00  9.178065E-01  1.341611E+01
  4.275000E+00  9.187558E-01  1.388559E+01
  4.325000E+00  9.293438E-01  1.437165E+01
  4.375000E+00  9.348549E-01  1.487197E+01
  4.425000E+00  9.485204E-01  1.539126E+01
  4.475000E+00  9.630384E-01  1.593049E+01
  4.525000E+00  9.771849E-01  1.648994E+01
  4.575000E+00  1.001139E+00  1.707583E+01
  4.625000E+00  1.024044E+00  1.768830E+01
  4.675000E+00  1.053856E+00  1.833230E+01
  4.725000E+00  1.075628E+00  1.900374E+01
  4.775000E+00  1.097709E+00  1.970354E+01
  4.825000E+00  1.123892E+00  2.043512E+01
  4.875000E+00  1.151454E+00  2.120026E+01
  4.925000E+00  1.170459E+00  2.199406E+01
  4.975000E+00  1.190309E+00  2.281779E+01
  5.025000E+00  1.200334E+00  2.366525E+01
  5.075000E+00  1.216489E+00  2.454128E+01
  5.125000E+00  1.221666E+00  2.543847E+01
  5.175000E+00  1.228540E+00  2.635839E+01
  5.225000E+00  1.216484E+00  2.728697E+01
  5.275000E+00  1.209266E+00  2.822779E+01
  5.325000E+00  1.192501E+00  2.917324E+01
  5.375000E+00  1.167378E+00  3.011624E+01
  5.425000E+00  1.144499E+00  3.105803E+01
  5.475000E+00  1.113040E+00  3.199090E+01
  5.525000E+00  1.084112E+00  3.291620E+01
  5.575000E+00  1.067904E+00  3.384423E+01
  5.625000E+00  1.048272E+00  3.477161E+01
  5.675000E+00  1.036637E+00  3.570508E+01
  5.725000E+00  1.025584E+00  3.664494E+01
  5.775000E+00  1.011023E+00  3.758771E+01
  5.825000E+00  9.970855E-01  3.853365E+01
  5.875000E+00  9.886160E-01  3.948773E+01
  5.925000E+00  9.823876E-01  4.045200E+01
  5.975000E+00  9.736213E-01  4.142387E+01
La      O_s     
  2.500000E-02  0.000000E+00  0.000000E+00
  7.500000E-02  0.000000E+00  0.000000E+00
  1.250000E-01  0.000000E+00  0.000000E+00
  1.750000E-01  0.000000E+00  0.000000E+00
  2.250000E-01  0.000000E+00  0.000000E+00
  2.750000E-01  0.000000E+00  0.000000E+00
  3.250000E-01  0.000000E+00  0.000000E+00
  3.750000E-01  0.000000E+00  0.000000E+00
  4.250000E-01  0.000000E+00  0.000000E+00
  4.750000E-01  0.000000E+00  0.000000E+00
  5.250000E-01  0.000000E+00  0.000000E+00
  5.750000E-01  0.000000E+00  0.000000E+00
  6.250000E-01  0.000000E+00  0.000000E+00
  6.750000E-01  0.000000E+00  0.000000E+00
  7.250000E-01  0.000000E+00  0.000000E+00
  7.750000E-01  0.000000E+00  0.000000E+00
  8.250000E-01  0.000000E+00  0.000000E+00
  8.750000E-01  0.000000E+00  0.000000E+00
  9.250000E-01  0.000000E+00  0.000000E+00
  9.750000E-01  0.000000E+00  0.000000E+00
  1.025000E+00  0.000000E+00  0.000000E+00
  1.075000E+00  0.000000E+00  0.000000E+00
  1.125000E+00  0.000000E+00  0.000000E+00
  1.175000E+00  0.000000E+00  0.000000E+00
  1.225000E+00  0.000000E+00  0.000000E+00
  1.275000E+00  0.000000E+00  0.000000E+00
  1.325000E+00  3.140289E-05  1.541668E-06
  1.375000E+00  0.000000E+00  1.541668E-06
  1.425000E+00  5.430110E-05  4.625005E-06
  1.475000E+00  0.000000E+00  4.625005E-06
  1.525000E+00  0.000000E+00  4.625005E-06
  1.575000E+00  2.222569E-05  6.166673E-06
  1.625000E+00  0.000000E+00  6.166673E-06
  1.675000E+00  0.000000E+00  6.166673E-06
  1.725000E+00  0.000000E+00  6.166673E-06
  1.775000E+00  0.000000E+00  6.166673E-06
  1.825000E+00  0.000000E+00  6.166673E-06
  1.875000E+00  6.273135E-05  1.233335E-05
  1.925000E+00  0.000000E+00  1.233335E-05
  1.975000E+00  1.413499E-05  1.387501E-05
  2.025000E+00  0.000000E+00  1.387501E-05
  2.075000E+00  3.841642E-05  1.850002E-05
  2.125000E+00  6.104990E-05  2.620836E-05
  2.175000E+00  8.974411E-04  1.449168E-04
  2.225000E+00  3.224209E-02  4.608046E-03
  2.275000E+00  3.743150E-01  5.877764E-02
  2.325000E+00  1.605617E+00  3.014624E-01
  2.375000E+00  3.608470E+00  8.705831E-01
  2.425000E+00  5.299281E+00  1.741936E+00
  2.475000E+00  5.858350E+00  2.745346E+00
  2.525000E+00  5.322095E+00  3.694108E+00
  2.575000E+00  4.299352E+00  4.491202E+00
  2.625000E+00  3.289690E+00  5.125020E+00
  2.675000E+00  2.431232E+00  5.611455E+00
  2.725000E+00  1.803030E+00  5.985812E+00
  2.775000E+00  1.348006E+00  6.276059E+00
  2.825000E+00  1.040332E+00  6.508203E+00
  2.875000E+00  8.340144E-01  6.700955E+00
  2.925000E+00  6.972068E-01  6.867742E+00
  2.975000E+00  6.052238E-01  7.017516E+00
  3.025000E+00  5.437220E-01  7.156632E+00
  3.075000E+00  5.083233E-01  7.291025E+00
  3.125000E+00  4.834305E-01  7.423028E+00
  3.175000E+00  4.763922E-01  7.557304E+00
  3.225000E+00  4.812281E-01  7.697249E+00
  3.275000E+00  4.917795E-01  7.844731E+00
  3.325000E+00  5.082909E-01  8.001855E+00
  3.375000E+00  5.320233E-01  8.171298E+00
  3.425000E+00  5.530400E-01  8.352692E+00
  3.475000E+00  5.809137E-01  8.548832E+00
  3.525000E+00  6.085611E-01  8.760263E+00
  3.575000E+00  6.385998E-01  8.988468E+00
  3.625000E+00  6.717753E-01  9.235291E+00
  3.675000E+00  7.052115E-01  9.501596E+00
  3.725000E+00  7.332290E-01  9.786066E+00
  3.775000E+00  7.724319E-01  1.009384E+01
  3.825000E+00  7.962179E-01  1.041956E+01
  3.875000E+00  8.176310E-01  1.076284E+01
  3.925000E+00  8.353895E-01  1.112268E+01
  3.975000E+00  8.483687E-01  1.149748E+01
  4.025000E+00  8.653978E-01  1.188949E+01
  4.075000E+00  8.754437E-01  1.229596E+01
  4.125000E+00  8.852340E-01  1.271712E+01
  4.175000E+00  8.962398E-01  1.315392E+01
  4.225000E+00  9.128767E-01  1.360954E+01
  4.275000E+00  9.172412E-01  1.407825E+01
  4.325000E+00  9.285007E-01  1.456387E+01
  4.375000E+00  9.366841E-01  1.506516E+01
  4.425000E+00  9.513082E-01  1.558598E+01
  4.475000E+00  9.703155E-01  1.612929E+01
  4.525000E+00  9.897443E-01  1.669592E+01
  4.575000E+00  1.022377E+00  1.729424E+01
  4.625000E+00  1.049109E+00  1.792170E+01
  4.675000E+00  1.066533E+00  1.857345E+01
  4.725000E+00  1.082304E+00  1.924906E+01
  4.775000E+00  1.100180E+00  1.995044E+01
  4.825000E+00  1.125812E+00  2.068327E+01
  4.875000E+00  1.158317E+00  2.145296E+01
  4.925000E+00  1.184196E+00  2.225608E+01
  4.975000E+00  1.204428E+00  2.308958E+01
  5.025000E+00  1.220989E+00  2.395162E+01
  5.075000E+00  1.230668E+00  2.483787E+01
  5.125000E+00  1.234547E+00  2.574451E+01
  5.175000E+00  1.228552E+00  2.666444E+01
  5.225000E+00  1.209383E+00  2.758760E+01
  5.275000E+00  1.185937E+00  2.851028E+01
  5.325000E+00  1.164434E+00  2.943348E+01
  5.375000E+00  1.133431E+00  3.034905E+01
  5.425000E+00  1.107370E+00  3.126029E+01
  5.475000E+00  1.086328E+00  3.217077E+01
  5.525000E+00  1.059709E+00  3.307524E+01
  5.575000E+00  1.042958E+00  3.398159E+01
  5.625000E+00  1.025658E+00  3.488897E+01
  5.675000E+00  1.011672E+00  3.579995E+01
  5.725000E+00  9.986589E-01  3.671514E+01
  5.775000E+00  9.823917E-01  3.763121E+01
  5.825000E+00  9.726549E-01  3.855398E+01
  5.875000E+00  9.620995E-01  3.948247E+01
  5.925000E+00  9.534095E-01  4.041829E+01
  5.975000E+00  9.495402E-01  4.136612E+01
Zr      Zr      
  2.500000E-02  0.000000E+00  0.000000E+00
  7.500000E-02  0.000000E+00  0.000000E+00
  1.250000E-01  0.000000E+00  0.000000E+00
  1.750000E-01  0.000000E+00  0.000000E+00
  2.250000E-01  0.000000E+00  0.000000E+00
  2.750000E-01  0.000000E+00  0.000000E+00
  3.250000E-01  0.000000E+00  0.000000E+00
  3.750000E-01  0.000000E+00  0.000000E+00
  4.250000E-01  0.000000E+00  0.000000E+00
  4.750000E-01  0.000000E+00  0.000000E+00
  5.250000E-01  0.000000E+00  0.000000E+00
  5.750000E-01  0.000000E+00  0.000000E+00
  6.250000E-01  0.000000E+00  0.000000E+00
  6.750000E-01  0.000000E+00  0.000000E+00
  7.250000E-01  0.000000E+00  0.000000E+00
  7.750000E-01  0.000000E+00  0.000000E+00
  8.250000E-01  0.000000E+00  0.000000E+00
  8.750000E-01  0.000000E+00  0.000000E+00
  9.250000E-01  0.000000E+00  0.000000E+00
  9.750000E-01  0.000000E+00  0.000000E+00
  1.025000E+00  0.000000E+00  0.000000E+00
  1.075000E+00  0.000000E+00  0.000000E+00
  1.125000E+00  0.000000E+00  0.000000E+00
  1.175000E+00  0.000000E+00  0.000000E+00
  1.225000E+00  0.000000E+00  0.000000E+00
  1.275000E+00  0.000000E+00  0.000000E+00
  1.325000E+00  0.000000E+00  0.000000E+00
  1.375000E+00  0.000000E+00  0.000000E+00
  1.425000E+00  0.000000E+00  0.000000E+00
  1.475000E+00  0.000000E+00  0.000000E+00
  1.525000E+00  0.000000E+00  0.000000E+00
  1.575000E+00  0.000000E+00  0.000000E+00
  1.625000E+00  0.000000E+00  0.000000E+00
  1.675000E+00  0.000000E+00  0.000000E+00
  1.725000E+00  0.000000E+00  0.000000E+00
  1.775000E+00  0.000000E+00  0.000000E+00
  1.825000E+00  0.000000E+00  0.000000E+00
  1.875000E+00  0.000000E+00  0.000000E+00
  1.925000E+00  0.000000E+00  0.000000E+00
  1.975000E+00  0.000000E+00  0.000000E+00
  2.025000E+00  0.000000E+00  0.000000E+00
  2.075000E+00  0.000000E+00  0.000000E+00
  2.125000E+00  0.000000E+00  0.000000E+00
  2.175000E+00  0.000000E+00  0.000000E+00
  2.225000E+00  0.000000E+00  0.000000E+00
  2.275000E+00  0.000000E+00  0.000000E+00
  2.325000E+00  0.000000E+00  0.000000E+00
  2.375000E+00  0.000000E+00  0.000000E+00
  2.425000E+00  0.000000E+00  0.000000E+00
  2.475000E+00  0.000000E+00  0.000000E+00
  2.525000E+00  0.000000E+00  0.000000E+00
  2.575000E+00  0.000000E+00  0.000000E+00
  2.625000E+00  0.000000E+00  0.000000E+00
  2.675000E+00  0.000000E+00  0.000000E+00
  2.725000E+00  0.000000E+00  0.000000E+00
  2.775000E+00  0.000000E+00  0.000000E+00
  2.825000E+00  0.000000E+00  0.000000E+00
  2.875000E+00  0.000000E+00  0.000000E+00
  2.925000E+00  0.000000E+00  0.000000E+00
  2.975000E+00  0.000000E+00  0.000000E+00
  3.025000E+00  3.261313E-04  1.390721E-05
  3.075000E+00  2.735303E-03  1.344363E-04
  3.125000E+00  2.159526E-02  1.117212E-03
  3.175000E+00  9.315527E-02  5.493347E-03
  3.225000E+00  1.812479E-01  1.427807E-02
  3.275000E+00  2.643295E-01  2.748991E-02
  3.325000E+00  3.344513E-01  4.472094E-02
  3.375000E+00  4.004200E-01  6.597579E-02
  3.425000E+00  4.519066E-01  9.067962E-02
  3.475000E+00  4.949310E-01  1.185311E-01
  3.525000E+00  5.646512E-01  1.512270E-01
  3.575000E+00  6.486736E-01  1.898612E-01
  3.625000E+00  7.175062E-01  2.337987E-01
  3.675000E+00  8.100731E-01  2.847825E-01
  3.725000E+00  8.798802E-01  3.416769E-01
  3.775000E+00  8.963067E-01  4.011997E-01
  3.825000E+00  8.635763E-01  4.600782E-01
  3.875000E+00  7.881037E-01  5.152249E-01
  3.925000E+00  7.515577E-01  5.691802E-01
  3.975000E+00  7.228853E-01  6.224078E-01
  4.025000E+00  6.684406E-01  6.728724E-01
  4.075000E+00  6.118212E-01  7.202171E-01
  4.125000E+00  5.586693E-01  7.645162E-01
  4.175000E+00  5.112970E-01  8.060478E-01
  4.225000E+00  4.620965E-01  8.444873E-01
  4.275000E+00  4.417161E-01  8.821063E-01
  4.325000E+00  4.147570E-01  9.182604E-01
  4.375000E+00  4.012253E-01  9.540483E-01
  4.425000E+00  4.003889E-01  9.905825E-01
  4.475000E+00  4.380376E-01  1.031460E+00
  4.525000E+00  4.745653E-01  1.076742E+00
  4.575000E+00  5.286013E-01  1.128301E+00
  4.625000E+00  5.696922E-01  1.185089E+00
  4.675000E+00  6.327640E-01  1.249535E+00
  4.725000E+00  6.820915E-01  1.320499E+00
  4.775000E+00  7.226806E-01  1.397285E+00
  4.825000E+00  7.690126E-01  1.480714E+00
  4.875000E+00  8.212128E-01  1.571663E+00
  4.925000E+00  8.761489E-01  1.670696E+00
  4.975000E+00  9.435929E-01  1.779529E+00
  5.025000E+00  1.002086E+00  1.897444E+00
  5.075000E+00  1.096610E+00  2.029061E+00
  5.125000E+00  1.170230E+00  2.172296E+00
  5.175000E+00  1.249616E+00  2.328247E+00
  5.225000E+00  1.299055E+00  2.493516E+00
  5.275000E+00  1.350373E+00  2.668617E+00
  5.325000E+00  1.364215E+00  2.848882E+00
  5.375000E+00  1.366912E+00  3.032911E+00
  5.425000E+00  1.376106E+00  3.221641E+00
  5.475000E+00  1.392768E+00  3.416194E+00
  5.525000E+00  1.430537E+00  3.619689E+00
  5.575000E+00  1.462380E+00  3.831496E+00
  5.625000E+00  1.505258E+00  4.053441E+00
  5.675000E+00  1.556442E+00  4.287031E+00
  5.725000E+00  1.510496E+00  4.517737E+00
  5.775000E+00  1.546198E+00  4.758040E+00
  5.825000E+00  1.592360E+00  5.009821E+00
  5.875000E+00  1.599006E+00  5.267011E+00
  5.925000E+00  1.602453E+00  5.529162E+00
  5.975000E+00  1.604641E+00  5.796120E+00
Zr      O       
  2.500000E-02  0.000000E+00  0.000000E+00
  7.500000E-02  0.000000E+00  0.000000E+00
  1.250000E-01  0.000000E+00  0.000000E+00
  1.750000E-01  0.000000E+00  0.000000E+00
  2.250000E-01  0.000000E+00  0.000000E+00
  2.750000E-01  0.000000E+00  0.000000E+00
  3.250000E-01  0.000000E+00  0.000000E+00
  3.750000E-01  0.000000E+00  0.000000E+00
  4.250000E-01  0.000000E+00  0.000000E+00
  4.750000E-01  0.000000E+00  0.000000E+00
  5.250000E-01  0.000000E+00  0.000000E+00
  5.750000E-01  0.000000E+00  0.000000E+00
  6.250000E-01  0.000000E+00  0.000000E+00
  6.750000E-01  0.000000E+00  0.000000E+00
  7.250000E-01  0.000000E+00  0.000000E+00
  7.750000E-01  0.000000E+00  0.000000E+00
  8.250000E-01  0.000000E+00  0.000000E+00
  8.750000E-01  0.000000E+00  0.000000E+00
  9.250000E-01  0.000000E+00  0.000000E+00
  9.750000E-01  0.000000E+00  0.000000E+00
  1.025000E+00  0.000000E+00  0.000000E+00
  1.075000E+00  0.000000E+00  0.000000E+00
  1.125000E+00  0.000000E+00  0.000000E+00
  1.175000E+00  0.000000E+00  0.000000E+00
  1.225000E+00  0.000000E+00  0.000000E+00
  1.275000E+00  0.000000E+00  0.000000E+00
  1.325000E+00  0.000000E+00  0.000000E+00
  1.375000E+00  0.000000E+00  0.000000E+00
  1.425000E+00  0.000000E+00  0.000000E+00
  1.475000E+00  0.000000E+00  0.000000E+00
  1.525000E+00  0.000000E+00  0.000000E+00
  1.575000E+00  3.333854E-05  2.312502E-06
  1.625000E+00  0.000000E+00  2.312502E-06
  1.675000E+00  0.000000E+00  2.312502E-06
  1.725000E+00  2.779301E-05  4.625005E-06
  1.775000E+00  7.874808E-05  1.156251E-05
  1.825000E+00  8.939099E-04  9.481259E-05
  1.875000E+00  3.794462E-02  3.824879E-03
  1.925000E+00  6.389241E-01  7.002720E-02
  1.975000E+00  3.564795E+00  4.588305E-01
  2.025000E+00  8.021972E+00  1.378626E+00
  2.075000E+00  9.904023E+00  2.570985E+00
  2.125000E+00  8.503403E+00  3.644649E+00
  2.175000E+00  5.624963E+00  4.388688E+00
  2.225000E+00  3.301824E+00  4.845745E+00
  2.275000E+00  1.834545E+00  5.111234E+00
  2.325000E+00  1.046267E+00  5.269374E+00
  2.375000E+00  6.284391E-01  5.368490E+00
  2.425000E+00  4.088934E-01  5.435724E+00
  2.475000E+00  2.934800E-01  5.485991E+00
  2.525000E+00  2.247789E-01  5.526062E+00
  2.575000E+00  1.875462E-01  5.560833E+00
  2.625000E+00  1.669070E-01  5.592990E+00
  2.675000E+00  1.596049E-01  5.624924E+00
  2.725000E+00  1.573881E-01  5.657602E+00
  2.775000E+00  1.611008E-01  5.692289E+00
  2.825000E+00  1.700298E-01  5.730230E+00
  2.875000E+00  1.809973E-01  5.772061E+00
  2.925000E+00  2.006727E-01  5.820067E+00
  2.975000E+00  2.234570E-01  5.875365E+00
  3.025000E+00  2.497354E-01  5.939262E+00
  3.075000E+00  2.846877E-01  6.014529E+00
  3.125000E+00  3.250507E-01  6.103286E+00
  3.175000E+00  3.810870E-01  6.210699E+00
  3.225000E+00  4.356182E-01  6.337380E+00
  3.275000E+00  4.997758E-01  6.487260E+00
  3.325000E+00  5.659884E-01  6.662220E+00
  3.375000E+00  6.433712E-01  6.867126E+00
  3.425000E+00  7.186498E-01  7.102839E+00
  3.475000E+00  7.917853E-01  7.370178E+00
  3.525000E+00  8.592402E-01  7.668702E+00
  3.575000E+00  9.146462E-01  7.995553E+00
  3.625000E+00  9.501365E-01  8.344651E+00
  3.675000E+00  9.754212E-01  8.712993E+00
  3.725000E+00  9.916836E-01  9.097736E+00
  3.775000E+00  9.970036E-01  9.494996E+00
  3.825000E+00  9.881581E-01  9.899230E+00
  3.875000E+00  9.644580E-01  1.030415E+01
  3.925000E+00  9.413204E-01  1.070962E+01
  3.975000E+00  9.161765E-01  1.111438E+01
  4.025000E+00  8.960983E-01  1.152029E+01
  4.075000E+00  8.837265E-01  1.193061E+01
  4.125000E+00  8.843008E-01  1.235133E+01
  4.175000E+00  8.931398E-01  1.278661E+01
  4.225000E+00  9.221139E-01  1.324685E+01
  4.275000E+00  9.401056E-01  1.372724E+01
  4.325000E+00  9.631341E-01  1.423097E+01
  4.375000E+00  9.862099E-01  1.475877E+01
  4.425000E+00  1.007149E+00  1.531017E+01
  4.475000E+00  1.035019E+00  1.588970E+01
  4.525000E+00  1.052916E+00  1.649250E+01
  4.575000E+00  1.077591E+00  1.712313E+01
  4.625000E+00  1.113892E+00  1.778934E+01
  4.675000E+00  1.126306E+00  1.847761E+01
  4.725000E+00  1.145275E+00  1.919253E+01
  4.775000E+00  1.149202E+00  1.992516E+01
  4.825000E+00  1.151101E+00  2.067445E+01
  4.875000E+00  1.147192E+00  2.143676E+01
  4.925000E+00  1.139515E+00  2.220957E+01
  4.975000E+00  1.128498E+00  2.299053E+01
  5.025000E+00  1.117328E+00  2.377938E+01
  5.075000E+00  1.110397E+00  2.457901E+01
  5.125000E+00  1.089017E+00  2.537878E+01
  5.175000E+00  1.079489E+00  2.618710E+01
  5.225000E+00  1.076484E+00  2.700881E+01
  5.275000E+00  1.078626E+00  2.784799E+01
  5.325000E+00  1.074884E+00  2.870020E+01
  5.375000E+00  1.075228E+00  2.956875E+01
  5.425000E+00  1.066546E+00  3.044640E+01
  5.475000E+00  1.057502E+00  3.133272E+01
  5.525000E+00  1.048603E+00  3.222771E+01
  5.575000E+00  1.039708E+00  3.313124E+01
  5.625000E+00  1.033564E+00  3.404561E+01
  5.675000E+00  1.039982E+00  3.498209E+01
  5.725000E+00  1.045907E+00  3.594057E+01
  5.775000E+00  1.051858E+00  3.692142E+01
  5.825000E+00  1.061626E+00  3.792859E+01
  5.875000E+00  1.064305E+00  3.895572E+01
  5.925000E+00  1.070103E+00  4.000609E+01
  5.975000E+00  1.068909E+00  4.107307E+01
Zr      O_s     
  2.500000E-02  0.000000E+00  0.000000E+00
  7.500000E-02  0.000000E+00  0.000000E+00
  1.250000E-01  0.000000E+00  0.000000E+00
  1.750000E-01  0.000000E+00  0.000000E+00
  2.250000E-01  0.000000E+00  0.000000E+00
  2.750000E-01  0.000000E+00  0.000000E+00
  3.250000E-01  0.000000E+00  0.000000E+00
  3.750000E-01  0.000000E+00  0.000000E+00
  4.250000E-01  0.000000E+00  0.000000E+00
  4.750000E-01  0.000000E+00  0.000000E+00
  5.250000E-01  0.000000E+00  0.000000E+00
  5.750000E-01  0.000000E+00  0.000000E+00
  6.250000E-01  0.000000E+00  0.000000E+00
  6.750000E-01  0.000000E+00  0.000000E+00
  7.250000E-01  0.000000E+00  0.000000E+00
  7.750000E-01  0.000000E+00  0.000000E+00
  8.250000E-01  0.000000E+00  0.000000E+00
  8.750000E-01  0.000000E+00  0.000000E+00
  9.250000E-01  0.000000E+00  0.000000E+00
  9.750000E-01  0.000000E+00  0.000000E+00
  1.025000E+00  7.870645E-05  2.312502E-06
  1.075000E+00  0.000000E+00  2.312502E-06
  1.125000E+00  0.000000E+00  2.312502E-06
  1.175000E+00  0.000000E+00  2.312502E-06
  1.225000E+00  0.000000E+00  2.312502E-06
  1.275000E+00  0.000000E+00  2.312502E-06
  1.325000E+00  0.000000E+00  2.312502E-06
  1.375000E+00  0.000000E+00  2.312502E-06
  1.425000E+00  0.000000E+00  2.312502E-06
  1.475000E+00  0.000000E+00  2.312502E-06
  1.525000E+00  7.112062E-05  6.937507E-06
  1.575000E+00  3.333854E-05  9.250009E-06
  1.625000E+00  1.565933E-04  2.081252E-05
  1.675000E+00  1.473847E-04  3.237503E-05
  1.725000E+00  3.362954E-03  3.121878E-04
  1.775000E+00  1.602261E-01  1.442770E-02
  1.825000E+00  1.493301E+00  1.534993E-01
  1.875000E+00  4.322629E+00  5.784262E-01
  1.925000E+00  6.645141E+00  1.266965E+00
  1.975000E+00  7.581500E+00  2.093860E+00
  2.025000E+00  7.266140E+00  2.926992E+00
  2.075000E+00  5.954104E+00  3.643815E+00
  2.125000E+00  4.413432E+00  4.201067E+00
  2.175000E+00  3.007640E+00  4.598901E+00
  2.225000E+00  2.008131E+00  4.876878E+00
  2.275000E+00  1.338189E+00  5.070536E+00
  2.325000E+00  9.026335E-01  5.206967E+00
  2.375000E+00  6.141140E-01  5.303823E+00
  2.425000E+00  4.338849E-01  5.375167E+00
  2.475000E+00  3.179851E-01  5.429631E+00
  2.525000E+00  2.470908E-01  5.473679E+00
  2.575000E+00  2.017407E-01  5.511082E+00
  2.625000E+00  1.755969E-01  5.544913E+00
  2.675000E+00  1.597436E-01  5.576875E+00
  2.725000E+00  1.510284E-01  5.608232E+00
  2.775000E+00  1.558811E-01  5.641796E+00
  2.825000E+00  1.634284E-01  5.678264E+00
  2.875000E+00  1.842892E-01  5.720856E+00
  2.925000E+00  2.100881E-01  5.771113E+00
  2.975000E+00  2.425387E-01  5.831134E+00
  3.025000E+00  2.953242E-01  5.906695E+00
  3.075000E+00  3.554397E-01  6.000668E+00
  3.125000E+00  4.235627E-01  6.116323E+00
  3.175000E+00  4.866204E-01  6.253483E+00
  3.225000E+00  5.445764E-01  6.411850E+00
  3.275000E+00  5.990323E-01  6.591496E+00
  3.325000E+00  6.687682E-01  6.798227E+00
  3.375000E+00  7.424022E-01  7.034674E+00
  3.425000E+00  8.005334E-01  7.297244E+00
  3.475000E+00  8.479881E-01  7.583560E+00
  3.525000E+00  8.909365E-01  7.893095E+00
  3.575000E+00  9.251619E-01  8.223705E+00
  3.625000E+00  9.471847E-01  8.571718E+00
  3.675000E+00  9.581581E-01  8.933541E+00
  3.725000E+00  9.507646E-01  9.302408E+00
  3.775000E+00  9.180618E-01  9.668214E+00
  3.825000E+00  8.737198E-01  1.002563E+01
  3.875000E+00  8.293300E-01  1.037382E+01
  3.925000E+00  7.990962E-01  1.071803E+01
  3.975000E+00  7.801614E-01  1.106270E+01
  4.025000E+00  7.817485E-01  1.141681E+01
  4.075000E+00  7.789442E-01  1.177848E+01
  4.125000E+00  7.877156E-01  1.215324E+01
  4.175000E+00  8.052787E-01  1.254571E+01
  4.225000E+00  8.289253E-01  1.295944E+01
  4.275000E+00  8.518356E-01  1.339472E+01
  4.325000E+00  8.830347E-01  1.385656E+01
  4.375000E+00  9.273364E-01  1.435285E+01
  4.425000E+00  9.681376E-01  1.488289E+01
  4.475000E+00  1.013869E+00  1.545058E+01
  4.525000E+00  1.043003E+00  1.604770E+01
  4.575000E+00  1.083060E+00  1.668154E+01
  4.625000E+00  1.117902E+00  1.735014E+01
  4.675000E+00  1.144743E+00  1.804968E+01
  4.725000E+00  1.165280E+00  1.877709E+01
  4.775000E+00  1.169566E+00  1.952270E+01
  4.825000E+00  1.176332E+00  2.028842E+01
  4.875000E+00  1.184892E+00  2.107577E+01
  4.925000E+00  1.181196E+00  2.187685E+01
  4.975000E+00  1.168718E+00  2.268564E+01
  5.025000E+00  1.150033E+00  2.349758E+01
  5.075000E+00  1.138374E+00  2.431737E+01
  5.125000E+00  1.113930E+00  2.513543E+01
  5.175000E+00  1.103124E+00  2.596144E+01
  5.225000E+00  1.097475E+00  2.679918E+01
  5.275000E+00  1.086280E+00  2.764432E+01
  5.325000E+00  1.080085E+00  2.850064E+01
  5.375000E+00  1.078122E+00  2.937154E+01
  5.425000E+00  1.072588E+00  3.025416E+01
  5.475000E+00  1.066990E+00  3.114843E+01
  5.525000E+00  1.060362E+00  3.205345E+01
  5.575000E+00  1.057774E+00  3.297268E+01
  5.625000E+00  1.052405E+00  3.390372E+01
  5.675000E+00  1.049320E+00  3.484861E+01
  5.725000E+00  1.051610E+00  3.581232E+01
  5.775000E+00  1.055270E+00  3.679635E+01
  5.825000E+00  1.062633E+00  3.780448E+01
  5.875000E+00  1.069361E+00  3.883648E+01
  5.925000E+00  1.076906E+00  3.989353E+01
  5.975000E+00  1.074886E+00  4.096648E+01
O       O       
  2.500000E-02  0.000000E+00  0.000000E+00
  7.500000E-02  0.000000E+00  0.000000E+00
  1.250000E-01  0.000000E+00  0.000000E+00
  1.750000E-01  0.000000E+00  0.000000E+00
  2.250000E-01  0.000000E+00  0.000000E+00
  2.750000E-01  0.000000E+00  0.000000E+00
  3.250000E-01  0.000000E+00  0.000000E+00
  3.750000E-01  0.000000E+00  0.000000E+00
  4.250000E-01  0.000000E+00  0.000000E+00
  4.750000E-01  0.000000E+00  0.000000E+00
  5.250000E-01  0.000000E+00  0.000000E+00
  5.750000E-01  0.000000E+00  0.000000E+00
  6.250000E-01  0.000000E+00  0.000000E+00
  6.750000E-01  0.000000E+00  0.000000E+00
  7.250000E-01  0.000000E+00  0.000000E+00
  7.750000E-01  0.000000E+00  0.000000E+00
  8.250000E-01  0.000000E+00  0.000000E+00
  8.750000E-01  0.000000E+00  0.000000E+00
  9.250000E-01  0.000000E+00  0.000000E+00
  9.750000E-01  0.000000E+00  0.000000E+00
  1.025000E+00  0.000000E+00  0.000000E+00
  1.075000E+00  2.386136E-05  7.711316E-07
  1.125000E+00  0.000000E+00  7.711316E-07
  1.175000E+00  0.000000E+00  7.711316E-07
  1.225000E+00  3.675259E-05  2.313395E-06
  1.275000E+00  0.000000E+00  2.313395E-06
  1.325000E+00  3.141501E-05  3.855658E-06
  1.375000E+00  1.458603E-05  4.626790E-06
  1.425000E+00  2.716103E-05  6.169053E-06
  1.475000E+00  0.000000E+00  6.169053E-06
  1.525000E+00  5.929006E-05  1.002471E-05
  1.575000E+00  5.558568E-05  1.388037E-05
  1.625000E+00  1.357666E-04  2.390508E-05
  1.675000E+00  2.850537E-04  4.626790E-05
  1.725000E+00  4.819314E-04  8.636674E-05
  1.775000E+00  1.636842E-03  2.305684E-04
  1.825000E+00  3.825424E-03  5.868312E-04
  1.875000E+00  9.138778E-03  1.485199E-03
  1.925000E+00  1.873960E-02  3.426909E-03
  1.975000E+00  3.858927E-02  7.635745E-03
  2.025000E+00  6.992402E-02  1.565320E-02
  2.075000E+00  1.178302E-01  2.983894E-02
  2.125000E+00  1.836113E-01  5.302224E-02
  2.175000E+00  2.825466E-01  9.039590E-02
  2.225000E+00  4.666991E-01  1.549990E-01
  2.275000E+00  8.573553E-01  2.790725E-01
  2.325000E+00  1.497598E+00  5.054305E-01
  2.375000E+00  2.037677E+00  8.268089E-01
  2.425000E+00  1.910373E+00  1.140929E+00
  2.475000E+00  1.272809E+00  1.358934E+00
  2.525000E+00  7.990034E-01  1.501371E+00
  2.575000E+00  6.905262E-01  1.629393E+00
  2.625000E+00  7.884176E-01  1.781296E+00
  2.675000E+00  9.660271E-01  1.974577E+00
  2.725000E+00  1.156905E+00  2.214781E+00
  2.775000E+00  1.326429E+00  2.500382E+00
  2.825000E+00  1.462314E+00  2.826689E+00
  2.875000E+00  1.546143E+00  3.184023E+00
  2.925000E+00  1.569692E+00  3.559527E+00
  2.975000E+00  1.570169E+00  3.948097E+00
  3.025000E+00  1.543163E+00  4.342927E+00
  3.075000E+00  1.514901E+00  4.743445E+00
  3.125000E+00  1.459682E+00  5.142016E+00
  3.175000E+00  1.421001E+00  5.542540E+00
  3.225000E+00  1.350945E+00  5.935405E+00
  3.275000E+00  1.298778E+00  6.324902E+00
  3.325000E+00  1.233896E+00  6.706326E+00
  3.375000E+00  1.177381E+00  7.081309E+00
  3.425000E+00  1.126921E+00  7.450933E+00
  3.475000E+00  1.070393E+00  7.812341E+00
  3.525000E+00  1.020323E+00  8.166829E+00
  3.575000E+00  9.812101E-01  8.517467E+00
  3.625000E+00  9.437304E-01  8.864211E+00
  3.675000E+00  9.130982E-01  9.209019E+00
  3.725000E+00  8.888636E-01  9.553870E+00
  3.775000E+00  8.660796E-01  9.898963E+00
  3.825000E+00  8.482602E-01  1.024597E+01
  3.875000E+00  8.434236E-01  1.060007E+01
  3.925000E+00  8.440275E-01  1.096364E+01
  3.975000E+00  8.605147E-01  1.134381E+01
  4.025000E+00  8.889197E-01  1.174647E+01
  4.075000E+00  9.199087E-01  1.217358E+01
  4.125000E+00  9.375751E-01  1.261964E+01
  4.175000E+00  9.460545E-01  1.308072E+01
  4.225000E+00  9.304698E-01  1.354513E+01
  4.275000E+00  9.197879E-01  1.401513E+01
  4.325000E+00  9.015533E-01  1.448666E+01
  4.375000E+00  8.982959E-01  1.496741E+01
  4.425000E+00  9.012733E-01  1.546084E+01
  4.475000E+00  9.176647E-01  1.597466E+01
  4.525000E+00  9.395971E-01  1.651258E+01
  4.575000E+00  9.660451E-01  1.707794E+01
  4.625000E+00  9.958897E-01  1.767357E+01
  4.675000E+00  1.019776E+00  1.829675E+01
  4.725000E+00  1.037663E+00  1.894449E+01
  4.775000E+00  1.049028E+00  1.961326E+01
  4.825000E+00  1.047541E+00  2.029514E+01
  4.875000E+00  1.037243E+00  2.098438E+01
  4.925000E+00  1.019470E+00  2.167578E+01
  4.975000E+00  1.001815E+00  2.236907E+01
  5.025000E+00  9.825432E-01  2.306276E+01
  5.075000E+00  9.658772E-01  2.375832E+01
  5.125000E+00  9.549056E-01  2.445960E+01
  5.175000E+00  9.482127E-01  2.516961E+01
  5.225000E+00  9.483188E-01  2.589349E+01
  5.275000E+00  9.443622E-01  2.662822E+01
  5.325000E+00  9.467336E-01  2.737882E+01
  5.375000E+00  9.559218E-01  2.815100E+01
  5.425000E+00  9.631230E-01  2.894354E+01
  5.475000E+00  9.710860E-01  2.975744E+01
  5.525000E+00  9.796172E-01  3.059354E+01
  5.575000E+00  9.886830E-01  3.145273E+01
  5.625000E+00  9.999666E-01  3.233738E+01
  5.675000E+00  1.011054E+00  3.324781E+01
  5.725000E+00  1.016628E+00  3.417946E+01
  5.775000E+00  1.022116E+00  3.513258E+01
  5.825000E+00  1.030432E+00  3.611016E+01
  5.875000E+00  1.032401E+00  3.710649E+01
  5.925000E+00  1.036058E+00  3.812345E+01
  5.975000E+00  1.035892E+00  3.915747E+01
O       O_s     
  2.500000E-02  3.040322E+02  7.083965E-03
  7.500000E-02  5.407998E+02  9.528858E-02
  1.250000E-01  7.067788E+02  4.081802E-01
  1.750000E-01  4.067096E+02  7.588052E-01
  2.250000E-01  1.286861E+02  9.417072E-01
  2.750000E-01  2.423798E+01  9.930991E-01
  3.250000E-01  2.253548E+00  9.997676E-01
  3.750000E-01  5.246289E-02  9.999742E-01
  4.250000E-01  2.058155E-03  9.999846E-01
  4.750000E-01  5.493478E-04  9.999881E-01
  5.250000E-01  2.498712E-04  9.999900E-01
  5.750000E-01  2.083309E-04  9.999919E-01
  6.250000E-01  3.526966E-05  9.999923E-01
  6.750000E-01  6.048070E-05  9.999931E-01
  7.250000E-01  7.864408E-05  9.999942E-01
  7.750000E-01  4.588480E-05  9.999950E-01
  8.250000E-01  4.049320E-05  9.999958E-01
  8.750000E-01  1.799943E-05  9.999961E-01
  9.250000E-01  0.000000E+00  9.999961E-01
  9.750000E-01  1.449735E-05  9.999965E-01
  1.025000E+00  0.000000E+00  9.999965E-01
  1.075000E+00  2.385216E-05  9.999973E-01
  1.125000E+00  1.088971E-05  9.999977E-01
  1.175000E+00  9.982783E-06  9.999981E-01
  1.225000E+00  9.184604E-06  9.999985E-01
  1.275000E+00  8.478458E-06  9.999988E-01
  1.325000E+00  1.570144E-05  9.999996E-01
  1.375000E+00  7.290203E-06  1.000000E+00
  1.425000E+00  1.357527E-05  1.000001E+00
  1.475000E+00  1.900590E-05  1.000002E+00
  1.525000E+00  1.778016E-05  1.000003E+00
  1.575000E+00  1.666927E-05  1.000004E+00
  1.625000E+00  2.609888E-05  1.000006E+00
  1.675000E+00  7.860515E-05  1.000012E+00
  1.725000E+00  3.381483E-04  1.000040E+00
  1.775000E+00  1.347467E-03  1.000159E+00
  1.825000E+00  5.504167E-03  1.000672E+00
  1.875000E+00  1.591808E-02  1.002237E+00
  1.925000E+00  3.359626E-02  1.005718E+00
  1.975000E+00  6.634257E-02  1.012953E+00
  2.025000E+00  1.196963E-01  1.026678E+00
  2.075000E+00  1.924535E-01  1.049848E+00
  2.125000E+00  3.343398E-01  1.092062E+00
  2.175000E+00  7.643343E-01  1.193164E+00
  2.225000E+00  1.688129E+00  1.426844E+00
  2.275000E+00  2.540393E+00  1.794481E+00
  2.325000E+00  2.126894E+00  2.115956E+00
  2.375000E+00  9.797419E-01  2.270479E+00
  2.425000E+00  3.781005E-01  2.332649E+00
  2.475000E+00  2.941844E-01  2.383037E+00
  2.525000E+00  3.919341E-01  2.452906E+00
  2.575000E+00  5.614454E-01  2.556997E+00
  2.625000E+00  7.759329E-01  2.706495E+00
  2.675000E+00  1.011197E+00  2.908813E+00
  2.725000E+00  1.231719E+00  3.164550E+00
  2.775000E+00  1.400893E+00  3.466185E+00
  2.825000E+00  1.515793E+00  3.804426E+00
  2.875000E+00  1.573321E+00  4.168041E+00
  2.925000E+00  1.576773E+00  4.545239E+00
  2.975000E+00  1.564477E+00  4.932399E+00
  3.025000E+00  1.531357E+00  5.324209E+00
  3.075000E+00  1.504484E+00  5.721973E+00
  3.125000E+00  1.448550E+00  6.117504E+00
  3.175000E+00  1.405128E+00  6.513554E+00
  3.225000E+00  1.343632E+00  6.904293E+00
  3.275000E+00  1.288526E+00  7.290715E+00
  3.325000E+00  1.227126E+00  7.670047E+00
  3.375000E+00  1.171176E+00  8.043053E+00
  3.425000E+00  1.118806E+00  8.410015E+00
  3.475000E+00  1.071788E+00  8.771895E+00
  3.525000E+00  1.026567E+00  9.128552E+00
  3.575000E+00  9.870342E-01  9.481271E+00
  3.625000E+00  9.499897E-01  9.830315E+00
  3.675000E+00  9.212437E-01  1.017820E+01
  3.725000E+00  8.982582E-01  1.052670E+01
  3.775000E+00  8.786896E-01  1.087681E+01
  3.825000E+00  8.733251E-01  1.123407E+01
  3.875000E+00  8.770854E-01  1.160231E+01
  3.925000E+00  8.865815E-01  1.198420E+01
  3.975000E+00  8.997676E-01  1.238171E+01
  4.025000E+00  9.110725E-01  1.279441E+01
  4.075000E+00  9.122181E-01  1.321795E+01
  4.125000E+00  9.073045E-01  1.364961E+01
  4.175000E+00  9.004596E-01  1.408847E+01
  4.225000E+00  8.846108E-01  1.452999E+01
  4.275000E+00  8.785618E-01  1.497893E+01
  4.325000E+00  8.737467E-01  1.543591E+01
  4.375000E+00  8.774383E-01  1.590549E+01
  4.425000E+00  8.864200E-01  1.639079E+01
  4.475000E+00  9.052930E-01  1.689769E+01
  4.525000E+00  9.323665E-01  1.743147E+01
  4.575000E+00  9.597366E-01  1.799314E+01
  4.625000E+00  9.929213E-01  1.858699E+01
  4.675000E+00  1.024004E+00  1.921275E+01
  4.725000E+00  1.049779E+00  1.986806E+01
  4.775000E+00  1.064619E+00  2.054676E+01
  4.825000E+00  1.067125E+00  2.124139E+01
  4.875000E+00  1.059992E+00  2.194575E+01
  4.925000E+00  1.040373E+00  2.265132E+01
  4.975000E+00  1.017369E+00  2.335538E+01
  5.025000E+00  9.936320E-01  2.405690E+01
  5.075000E+00  9.723021E-01  2.475709E+01
  5.125000E+00  9.576415E-01  2.546037E+01
  5.175000E+00  9.458456E-01  2.616862E+01
  5.225000E+00  9.466411E-01  2.689122E+01
  5.275000E+00  9.426732E-01  2.762463E+01
  5.325000E+00  9.451477E-01  2.837397E+01
  5.375000E+00  9.533220E-01  2.914405E+01
  5.425000E+00  9.566068E-01  2.993123E+01
  5.475000E+00  9.642403E-01  3.073939E+01
  5.525000E+00  9.733137E-01  3.157012E+01
  5.575000E+00  9.837113E-01  3.242498E+01
  5.625000E+00  9.948578E-01  3.330511E+01
  5.675000E+00  1.005249E+00  3.421032E+01
  5.725000E+00  1.013588E+00  3.513918E+01
  5.775000E+00  1.019893E+00  3.609023E+01
  5.825000E+00  1.030809E+00  3.706816E+01
  5.875000E+00  1.033073E+00  3.806515E+01
  5.925000E+00  1.037351E+00  3.908337E+01
  5.975000E+00  1.035651E+00  4.011715E+01
O_s     O_s     
  2.500000E-02  0.000000E+00  0.000000E+00
  7.500000E-02  0.000000E+00  0.000000E+00
  1.250000E-01  0.000000E+00  0.000000E+00
  1.750000E-01  0.000000E+00  0.000000E+00
  2.250000E-01  0.000000E+00  0.000000E+00
  2.750000E-01  0.000000E+00  0.000000E+00
  3.250000E-01  0.000000E+00  0.000000E+00
  3.750000E-01  0.000000E+00  0.000000E+00
  4.250000E-01  1.525148E-04  7.711316E-07
  4.750000E-01  0.000000E+00  7.711316E-07
  5.250000E-01  0.000000E+00  7.711316E-07
  5.750000E-01  0.000000E+00  7.711316E-07
  6.250000E-01  0.000000E+00  7.711316E-07
  6.750000E-01  0.000000E+00  7.711316E-07
  7.250000E-01  0.000000E+00  7.711316E-07
  7.750000E-01  4.590251E-05  1.542263E-06
  8.250000E-01  0.000000E+00  1.542263E-06
  8.750000E-01  0.000000E+00  1.542263E-06
  9.250000E-01  0.000000E+00  1.542263E-06
  9.750000E-01  0.000000E+00  1.542263E-06
  1.025000E+00  0.000000E+00  1.542263E-06
  1.075000E+00  0.000000E+00  1.542263E-06
  1.125000E+00  2.178783E-05  2.313395E-06
  1.175000E+00  1.997327E-05  3.084526E-06
  1.225000E+00  1.837630E-05  3.855658E-06
  1.275000E+00  1.696346E-05  4.626790E-06
  1.325000E+00  0.000000E+00  4.626790E-06
  1.375000E+00  2.917207E-05  6.169053E-06
  1.425000E+00  0.000000E+00  6.169053E-06
  1.475000E+00  0.000000E+00  6.169053E-06
  1.525000E+00  0.000000E+00  6.169053E-06
  1.575000E+00  1.111714E-05  6.940184E-06
  1.625000E+00  0.000000E+00  6.940184E-06
  1.675000E+00  9.829436E-06  7.711316E-06
  1.725000E+00  1.019470E-04  1.619376E-05
  1.775000E+00  4.429101E-03  4.063864E-04
  1.825000E+00  1.674244E-02  1.965614E-03
  1.875000E+00  2.190953E-02  4.119385E-03
  1.925000E+00  7.386439E-02  1.177287E-02
  1.975000E+00  1.661149E-01  2.989060E-02
  2.025000E+00  2.195710E-01  5.506651E-02
  2.075000E+00  5.353986E-01  1.195239E-01
  2.125000E+00  1.995844E+00  3.715250E-01
  2.175000E+00  3.567131E+00  8.433650E-01
  2.225000E+00  2.197642E+00  1.147575E+00
  2.275000E+00  6.459765E-01  1.241058E+00
  2.325000E+00  2.125686E-01  1.273188E+00
  2.375000E+00  1.286425E-01  1.293477E+00
  2.425000E+00  1.316043E-01  1.315116E+00
  2.475000E+00  1.974217E-01  1.348930E+00
  2.525000E+00  3.394441E-01  1.409443E+00
  2.575000E+00  5.639914E-01  1.514006E+00
  2.625000E+00  8.551213E-01  1.678760E+00
  2.675000E+00  1.147971E+00  1.908444E+00
  2.725000E+00  1.355769E+00  2.189937E+00
  2.775000E+00  1.470455E+00  2.506549E+00
  2.825000E+00  1.516269E+00  2.844897E+00
  2.875000E+00  1.525609E+00  3.197485E+00
  2.925000E+00  1.519108E+00  3.560888E+00
  2.975000E+00  1.511712E+00  3.934991E+00
  3.025000E+00  1.497556E+00  4.318153E+00
  3.075000E+00  1.489800E+00  4.712034E+00
  3.125000E+00  1.430537E+00  5.102647E+00
  3.175000E+00  1.382206E+00  5.492237E+00
  3.225000E+00  1.321553E+00  5.876555E+00
  3.275000E+00  1.267156E+00  6.256569E+00
  3.325000E+00  1.209190E+00  6.630355E+00
  3.375000E+00  1.160280E+00  6.999891E+00
  3.425000E+00  1.113647E+00  7.365161E+00
  3.475000E+00  1.071551E+00  7.726961E+00
  3.525000E+00  1.033407E+00  8.085994E+00
  3.575000E+00  9.947617E-01  8.441475E+00
  3.625000E+00  9.611944E-01  8.794636E+00
  3.675000E+00  9.324773E-01  9.146761E+00
  3.725000E+00  9.204408E-01  9.503864E+00
  3.775000E+00  9.108375E-01  9.866791E+00
  3.825000E+00  9.096561E-01  1.023891E+01
  3.875000E+00  9.090732E-01  1.062058E+01
  3.925000E+00  9.100542E-01  1.101258E+01
  3.975000E+00  9.058845E-01  1.141280E+01
  4.025000E+00  9.002388E-01  1.182058E+01
  4.075000E+00  8.890817E-01  1.223338E+01
  4.125000E+00  8.751392E-01  1.264974E+01
  4.175000E+00  8.695278E-01  1.307352E+01
  4.225000E+00  8.557546E-01  1.350064E+01
  4.275000E+00  8.534909E-01  1.393677E+01
  4.325000E+00  8.553414E-01  1.438412E+01
  4.375000E+00  8.676180E-01  1.484846E+01
  4.425000E+00  8.845219E-01  1.533271E+01
  4.475000E+00  9.065796E-01  1.584033E+01
  4.525000E+00  9.332746E-01  1.637463E+01
  4.575000E+00  9.599443E-01  1.693642E+01
  4.625000E+00  9.924356E-01  1.752998E+01
  4.675000E+00  1.022226E+00  1.815466E+01
  4.725000E+00  1.052923E+00  1.881192E+01
  4.775000E+00  1.069289E+00  1.949361E+01
  4.825000E+00  1.073625E+00  2.019247E+01
  4.875000E+00  1.065683E+00  2.090061E+01
  4.925000E+00  1.044817E+00  2.160920E+01
  4.975000E+00  1.020389E+00  2.231534E+01
  5.025000E+00  9.961775E-01  2.301866E+01
  5.075000E+00  9.749994E-01  2.372079E+01
  5.125000E+00  9.610892E-01  2.442661E+01
  5.175000E+00  9.497677E-01  2.513779E+01
  5.225000E+00  9.485946E-01  2.586188E+01
  5.275000E+00  9.431748E-01  2.659568E+01
  5.325000E+00  9.458349E-01  2.734557E+01
  5.375000E+00  9.502629E-01  2.811318E+01
  5.425000E+00  9.567807E-01  2.890050E+01
  5.475000E+00  9.647928E-01  2.970912E+01
  5.525000E+00  9.725853E-01  3.053923E+01
  5.575000E+00  9.846145E-01  3.139488E+01
  5.625000E+00  9.936907E-01  3.227398E+01
  5.675000E+00  1.006744E+00  3.318053E+01
  5.725000E+00  1.012457E+00  3.410836E+01
  5.775000E+00  1.020708E+00  3.506016E+01
  5.825000E+00  1.030275E+00  3.603759E+01
  5.875000E+00  1.032868E+00  3.703437E+01
  5.925000E+00  1.038282E+00  3.805351E+01
  5.975000E+00  1.038229E+00  3.908987E+01
