title: # Li56 La24 Zr16 O96                                                    
energy unitS: electron Volts
         0  0.000000E+00        52
 -5.376408E+05  1.000000E+03 -5.407429E+05  6.307024E+04 -6.038132E+05
  0.000000E+00  0.000000E+00  0.000000E+00  0.000000E+00 -5.376406E+05
  0.000000E+00  1.563293E+05 -4.473454E+05  6.036747E+05  0.000000E+00
  0.000000E+00  0.000000E+00  0.000000E+00  2.781571E+05  0.000000E+00
  0.000000E+00  0.000000E+00  9.000000E+01  9.000000E+01  9.000000E+01
  0.000000E+00 -2.844695E+02  0.000000E+00 -2.978421E+02 -4.015485E-02
  4.105647E-03 -4.015485E-02 -2.977910E+02  6.980197E-02  4.105647E-03
  6.980197E-02 -2.577755E+02  0.000000E+00  0.000000E+00  0.000000E+00
  0.000000E+00  0.000000E+00  6.618035E+01  0.000000E+00  0.000000E+00
  0.000000E+00  6.618035E+01  0.000000E+00  0.000000E+00  0.000000E+00
  6.350853E+01 -5.004168E+04
      1000  1.395410E-01        52
 -5.690639E+05  1.001592E+03 -5.721713E+05  1.112290E+05 -6.885356E+05
  0.000000E+00  0.000000E+00  0.000000E+00  0.000000E+00 -5.690640E+05
  0.000000E+00  1.160798E+04 -6.869471E+05  6.882845E+05  0.000000E+00
  0.000000E+00  0.000000E+00  0.000000E+00  2.774969E+05  4.476786E+00
  5.135296E+03  1.027059E+04  9.000000E+01  9.000000E+01  9.000000E+01
  0.000000E+00 -1.024502E+01  3.282504E-01 -3.671978E+01 -1.877216E+00
  9.307490E-02 -1.877216E+00 -3.846001E+01  1.285765E+00  9.307490E-02
  1.285765E+00  4.444472E+01  1.403628E+00  8.047986E-02  1.018866E-01
  6.347152E-01  6.861471E-01  6.612795E+01  0.000000E+00  0.000000E+00
  0.000000E+00  6.612795E+01  0.000000E+00  0.000000E+00  0.000000E+00
  6.345824E+01 -1.797948E+03
      2000  2.790820E-01        52
 -5.701563E+05  1.000000E+03 -5.732587E+05  1.138985E+05 -6.926974E+05
  0.000000E+00  0.000000E+00  0.000000E+00  0.000000E+00 -5.701564E+05
  0.000000E+00  5.052582E+03 -6.984591E+05  6.924313E+05  0.000000E+00
  0.000000E+00  0.000000E+00  0.000000E+00  2.775044E+05  3.330362E-02
  5.540176E+03  1.108035E+04  9.000000E+01  9.000000E+01  9.000000E+01
  0.000000E+00  2.187426E+00  3.253032E-01 -1.100090E+01  1.826069E-02
 -7.282060E-01  1.826069E-02 -1.323443E+01  1.853818E+00 -7.282060E-01
  1.853818E+00  3.079761E+01  1.964401E+00  5.871606E-01  5.792022E-01
  1.290429E+00  1.313603E+00  6.612854E+01  0.000000E+00  0.000000E+00
  0.000000E+00  6.612854E+01  0.000000E+00  0.000000E+00  0.000000E+00
  6.345882E+01  3.838923E+02
      3000  4.186230E-01        52
  4.299910E+07  1.392534E+07 -5.064299E+05  1.123030E+05 -6.910900E+05
  0.000000E+00  0.000000E+00  0.000000E+00  0.000000E+00  4.269178E+07
  0.000000E+00  1.478348E+05 -6.876932E+05  6.908139E+05  0.000000E+00
  0.000000E+00  0.000000E+00  0.000000E+00  2.779709E+05  2.744852E+07
  7.235705E+04  1.447141E+05  9.000000E+01  9.000000E+01  9.000000E+01
  0.000000E+00  1.635405E+05  3.073208E+05  3.697032E+05  5.935418E+04
  2.035421E+05  5.935418E+04  9.153854E+03  3.294391E+04  2.035421E+05
  3.294391E+04  1.117645E+05  2.537829E+00  1.174957E+00  1.084806E+00
  2.003232E+00  1.172388E+01  6.616557E+01  0.000000E+00  0.000000E+00
  0.000000E+00  6.616557E+01  0.000000E+00  0.000000E+00  0.000000E+00
  6.349435E+01  2.874952E+07
      4000  5.581640E-01        52
  1.129246E+12  3.081819E+08 -4.374035E+05  6.525901E+04 -6.153089E+05
  0.000000E+00  0.000000E+00  0.000000E+00  0.000000E+00  9.555829E+08
  0.000000E+00  4.539869E+05 -3.832638E+05  6.119579E+05  0.000000E+00
  0.000000E+00  0.000000E+00  0.000000E+00  5.348663E+05  6.086200E+08
  1.126464E+05  2.252928E+05  9.000000E+01  9.000000E+01  9.000000E+01
  0.000000E+00  1.883742E+06  1.128291E+12  7.866635E+05 -1.945319E+06
 -2.127518E+05 -1.945319E+06  4.807440E+06  5.257219E+05 -2.127518E+05
  5.257219E+05  5.712280E+04  2.930133E+00  1.186914E+00  1.064824E+00
  2.273701E+00  3.263355E+03  8.229638E+01  0.000000E+00  0.000000E+00
  0.000000E+00  8.229638E+01  0.000000E+00  0.000000E+00  0.000000E+00
  7.897393E+01  6.371955E+08
      5000  6.977050E-01        52
  1.127570E+12  1.000000E+03 -5.536540E+05  1.031687E+05 -6.635364E+05
  0.000000E+00  0.000000E+00  0.000000E+00  0.000000E+00 -5.505515E+05
  0.000000E+00  8.206756E+04 -5.895424E+05  6.581824E+05  0.000000E+00
  0.000000E+00  0.000000E+00  0.000000E+00  6.073832E+05  3.326345E-02
  6.713761E+03  1.342752E+04  9.000000E+01  9.000000E+01  9.000000E+01
  0.000000E+00 -6.583269E+01  1.127571E+12 -6.748224E+01 -1.073302E+00
 -5.756736E-01 -1.073302E+00 -6.543310E+01  9.717133E-02 -5.756736E-01
  9.717133E-02 -6.458275E+01  4.608504E+00  1.788128E+00  1.409543E+00
  4.514811E+00  3.601980E+03  8.585915E+01  0.000000E+00  0.000000E+00
  0.000000E+00  8.585915E+01  0.000000E+00  0.000000E+00  0.000000E+00
  8.239286E+01 -2.528777E+04
      6000  8.372460E-01        52
  1.127570E+12  1.001110E+03 -5.610384E+05  1.113693E+05 -6.796259E+05
  0.000000E+00  0.000000E+00  0.000000E+00  0.000000E+00 -5.579324E+05
  0.000000E+00  4.173835E+04 -6.471257E+05  6.744277E+05  0.000000E+00
  0.000000E+00  0.000000E+00  0.000000E+00  6.056719E+05  4.290028E-01
  7.218200E+03  1.443640E+04  9.000000E+01  9.000000E+01  9.000000E+01
  0.000000E+00 -3.091693E+01  1.127571E+12 -3.009032E+01 -8.403476E-02
  7.638224E-03 -8.403476E-02 -3.045135E+01  6.610531E-02  7.638224E-03
  6.610531E-02 -3.220911E+01  6.339494E+00  3.531544E+00  2.567229E+00
  6.277847E+00  3.602651E+03  8.577844E+01  0.000000E+00  0.000000E+00
  0.000000E+00  8.577844E+01  0.000000E+00  0.000000E+00  0.000000E+00
  8.231541E+01 -1.184240E+04
      7000  9.767870E-01        52
  1.127570E+12  1.000917E+03 -5.639087E+05  1.131993E+05 -6.844701E+05
  0.000000E+00  0.000000E+00  0.000000E+00  0.000000E+00 -5.608033E+05
  0.000000E+00  3.122855E+04 -6.628094E+05  6.793137E+05  0.000000E+00
  0.000000E+00  0.000000E+00  0.000000E+00  6.046783E+05  1.369864E+00
  7.362100E+03  1.472420E+04  9.000000E+01  9.000000E+01  9.000000E+01
  0.000000E+00 -2.180777E+01  1.127571E+12 -2.130533E+01 -4.908322E-01
 -2.177293E-01 -4.908322E-01 -2.147469E+01 -2.363060E-01 -2.177293E-01
 -2.363060E-01 -2.264329E+01  8.113108E+00  5.635665E+00  4.076526E+00
  8.101597E+00  3.604873E+03  8.573151E+01  0.000000E+00  0.000000E+00
  0.000000E+00  8.573151E+01  0.000000E+00  0.000000E+00  0.000000E+00
  8.227037E+01 -8.339534E+03
      8000  1.116328E+00        52
  1.127570E+12  1.000000E+03 -5.653188E+05  1.132872E+05 -6.859641E+05
  0.000000E+00  0.000000E+00  0.000000E+00  0.000000E+00 -5.622163E+05
  0.000000E+00  2.967091E+04 -6.658973E+05  6.808522E+05  0.000000E+00
  0.000000E+00  0.000000E+00  0.000000E+00  6.038583E+05  3.315266E-02
  7.358032E+03  1.471606E+04  9.000000E+01  9.000000E+01  9.000000E+01
  0.000000E+00 -2.048277E+01  1.127571E+12 -1.960149E+01 -2.014824E-01
  3.003308E-01 -2.014824E-01 -2.046709E+01  2.721835E-01  3.003308E-01
  2.721835E-01 -2.137974E+01  9.929975E+00  7.656042E+00  5.706790E+00
  9.984542E+00  3.605622E+03  8.569274E+01  0.000000E+00  0.000000E+00
  0.000000E+00  8.569274E+01  0.000000E+00  0.000000E+00  0.000000E+00
  8.223317E+01 -7.822216E+03
      9000  1.255869E+00        52
  1.127570E+12  9.999678E+02 -5.661101E+05  1.130891E+05 -6.864595E+05
  0.000000E+00  0.000000E+00  0.000000E+00  0.000000E+00 -5.630077E+05
  0.000000E+00  2.891586E+04 -6.669775E+05  6.813727E+05  0.000000E+00
  0.000000E+00  0.000000E+00  0.000000E+00  6.030731E+05  4.174953E-01
  7.260320E+03  1.452064E+04  9.000000E+01  9.000000E+01  9.000000E+01
  0.000000E+00 -1.984972E+01  1.127571E+12 -1.999530E+01 -2.126602E-01
 -1.005708E-01 -2.126602E-01 -1.943471E+01 -6.079404E-01 -1.005708E-01
 -6.079404E-01 -2.011915E+01  1.163657E+01  9.536710E+00  7.328315E+00
  1.178891E+01  3.606805E+03  8.565558E+01  0.000000E+00  0.000000E+00
  0.000000E+00  8.565558E+01  0.000000E+00  0.000000E+00  0.000000E+00
  8.219751E+01 -7.570601E+03
     10000  1.395410E+00        52
  1.127570E+12  1.000083E+03 -5.666413E+05  1.132545E+05 -6.871530E+05
  0.000000E+00  0.000000E+00  0.000000E+00  0.000000E+00 -5.635385E+05
  0.000000E+00  2.736811E+04 -6.692442E+05  6.820979E+05  0.000000E+00
  0.000000E+00  0.000000E+00  0.000000E+00  6.023009E+05  1.301761E+00
  7.257204E+03  1.451441E+04  9.000000E+01  9.000000E+01  9.000000E+01
  0.000000E+00 -1.852010E+01  1.127571E+12 -1.820983E+01 -2.328547E-01
  3.922343E-01 -2.328547E-01 -1.808647E+01 -2.421101E-01  3.922343E-01
 -2.421101E-01 -1.926399E+01  1.325315E+01  1.126103E+01  8.835136E+00
  1.342152E+01  3.607608E+03  8.561901E+01  0.000000E+00  0.000000E+00
  0.000000E+00  8.561901E+01  0.000000E+00  0.000000E+00  0.000000E+00
  8.216241E+01 -7.054445E+03
     11000  1.534951E+00        52
  1.127570E+12  1.000000E+03 -5.670382E+05  1.131314E+05 -6.874325E+05
  0.000000E+00  0.000000E+00  0.000000E+00  0.000000E+00 -5.639357E+05
  0.000000E+00  2.717359E+04 -6.697298E+05  6.823775E+05  0.000000E+00
  0.000000E+00  0.000000E+00  0.000000E+00  6.015852E+05  3.319680E-02
  7.262945E+03  1.452589E+04  9.000000E+01  9.000000E+01  9.000000E+01
  0.000000E+00 -1.837216E+01  1.127571E+12 -1.823901E+01  1.364052E-01
  4.439868E-01  1.364052E-01 -1.872531E+01 -5.838429E-01  4.439868E-01
 -5.838429E-01 -1.815215E+01  1.478964E+01  1.290054E+01  1.025896E+01
  1.495917E+01  3.609546E+03  8.558508E+01  0.000000E+00  0.000000E+00
  0.000000E+00  8.558508E+01  0.000000E+00  0.000000E+00  0.000000E+00
  8.212985E+01 -6.989777E+03
     12000  1.674492E+00        52
  1.127571E+12  1.196298E+03 -5.464096E+05  1.063542E+05 -6.797233E+05
  0.000000E+00  0.000000E+00  0.000000E+00  0.000000E+00 -5.426981E+05
  0.000000E+00  9.758098E+04 -6.296775E+05  6.733396E+05  0.000000E+00
  0.000000E+00  0.000000E+00  0.000000E+00  6.505173E+05  3.901236E+02
  2.695942E+04  5.391883E+04  9.000000E+01  9.000000E+01  9.000000E+01
  0.000000E+00 -7.305033E+01  1.127571E+12 -9.319867E+01 -7.795289E+00
  3.844417E+01 -7.795289E+00 -4.877658E+01  5.740894E+00  3.844417E+01
  5.740894E+00 -7.717573E+01  1.543296E+01  1.357489E+01  1.086035E+01
  1.582180E+01  3.896612E+03  8.784532E+01  0.000000E+00  0.000000E+00
  0.000000E+00  8.784532E+01  0.000000E+00  0.000000E+00  0.000000E+00
  8.429884E+01 -3.005295E+04
     13000  1.814033E+00        52
  1.150480E+12  2.918524E+03 -5.156757E+05  1.108490E+05 -6.846833E+05
  0.000000E+00  0.000000E+00  0.000000E+00  0.000000E+00 -5.066216E+05
  0.000000E+00  1.383485E+05 -6.560249E+05  6.780562E+05  0.000000E+00
  0.000000E+00  0.000000E+00  0.000000E+00  6.532949E+05  3.833511E+03
  5.815864E+04  1.163173E+05  9.000000E+01  9.000000E+01  9.000000E+01
  0.000000E+00 -9.701010E+01  1.150480E+12 -6.668661E+01 -6.220982E+01
 -2.747074E+01 -6.220982E+01 -1.694678E+02 -2.437328E+01 -2.747074E+01
 -2.437328E+01 -5.487585E+01  1.540521E+01  1.343113E+01  1.076594E+01
  1.700769E+01  3.921111E+03  8.797017E+01  0.000000E+00  0.000000E+00
  0.000000E+00  8.797017E+01  0.000000E+00  0.000000E+00  0.000000E+00
  8.441865E+01 -4.008042E+04
     14000  1.953574E+00        52
  1.152568E+12  1.000000E+03 -5.670313E+05  1.089682E+05 -6.820809E+05
  0.000000E+00  0.000000E+00  0.000000E+00  0.000000E+00 -5.639288E+05
  0.000000E+00  4.287190E+04 -6.431624E+05  6.738714E+05  0.000000E+00
  0.000000E+00  0.000000E+00  0.000000E+00  7.009244E+05  3.186972E-02
  6.081435E+03  1.216287E+04  9.000000E+01  9.000000E+01  9.000000E+01
  0.000000E+00 -2.757303E+01  1.152568E+12 -3.056694E+01 -4.567256E-01
  2.888662E-01 -4.567256E-01 -2.874836E+01 -4.298395E+00  2.888662E-01
 -4.298395E+00 -2.340380E+01  1.551313E+01  1.342537E+01  1.079835E+01
  1.824880E+01  4.226739E+03  9.005809E+01  0.000000E+00  0.000000E+00
  0.000000E+00  9.005809E+01  0.000000E+00  0.000000E+00  0.000000E+00
  8.642228E+01 -1.222255E+04
     15000  2.093115E+00        52
  1.152571E+12  1.019434E+03 -5.639548E+05  9.514047E+04 -6.677269E+05
  0.000000E+00  0.000000E+00  0.000000E+00  0.000000E+00 -5.607919E+05
  0.000000E+00  1.035743E+05 -5.703453E+05  6.566564E+05  0.000000E+00
  0.000000E+00  0.000000E+00  0.000000E+00  7.755378E+05  3.454405E+01
  8.631591E+03  1.726318E+04  9.000000E+01  9.000000E+01  9.000000E+01
  0.000000E+00 -6.609324E+01  1.152572E+12 -6.693028E+01 -2.866408E+00
 -2.151999E+00 -2.866408E+00 -6.439542E+01  2.431024E+00 -2.151999E+00
  2.431024E+00 -6.695401E+01  1.561622E+01  1.345218E+01  1.085129E+01
  2.019257E+01  4.818807E+03  9.314653E+01  0.000000E+00  0.000000E+00
  0.000000E+00  9.314653E+01  0.000000E+00  0.000000E+00  0.000000E+00
  8.938603E+01 -3.241649E+04
     16000  2.232656E+00        52
  1.152571E+12  1.003596E+03 -5.653733E+05  1.043671E+05 -6.755594E+05
  0.000000E+00  0.000000E+00  0.000000E+00  0.000000E+00 -5.622595E+05
  0.000000E+00  5.577921E+04 -6.182480E+05  6.623894E+05  0.000000E+00
  0.000000E+00  0.000000E+00  0.000000E+00  8.171349E+05  5.594130E+00
  5.818904E+03  1.163781E+04  9.000000E+01  9.000000E+01  9.000000E+01
  0.000000E+00 -3.196287E+01  1.152572E+12 -3.451301E+01  6.351897E-01
  3.002608E+00  6.351897E-01 -3.404622E+01  2.746248E+00  3.002608E+00
  2.746248E+00 -2.732939E+01  1.591458E+01  1.366967E+01  1.111923E+01
  2.241711E+01  5.011907E+03  9.478296E+01  0.000000E+00  0.000000E+00
  0.000000E+00  9.478296E+01  0.000000E+00  0.000000E+00  0.000000E+00
  9.095640E+01 -1.651755E+04
     17000  2.372197E+00        52
  1.152571E+12  1.000000E+03 -5.662499E+05  1.062581E+05 -6.786139E+05
  0.000000E+00  0.000000E+00  0.000000E+00  0.000000E+00 -5.631472E+05
  0.000000E+00  4.796603E+04 -6.296001E+05  6.653543E+05  0.000000E+00
  0.000000E+00  0.000000E+00  0.000000E+00  8.157004E+05  1.962834E-02
  6.105930E+03  1.221186E+04  9.000000E+01  9.000000E+01  9.000000E+01
  0.000000E+00 -2.698491E+01  1.152572E+12 -2.561015E+01 -2.828268E+00
 -3.854839E+00 -2.828268E+00 -2.783021E+01  2.206810E+00 -3.854839E+00
  2.206810E+00 -2.751436E+01  1.614212E+01  1.386353E+01  1.126713E+01
  2.597391E+01  5.021257E+03  9.472746E+01  0.000000E+00  0.000000E+00
  0.000000E+00  9.472746E+01  0.000000E+00  0.000000E+00  0.000000E+00
  9.090314E+01 -1.392059E+04
     18000  2.511738E+00        52
  1.152580E+12  1.001455E+03 -5.664248E+05  1.077196E+05 -6.803600E+05
  0.000000E+00  0.000000E+00  0.000000E+00  0.000000E+00 -5.633176E+05
  0.000000E+00  4.156830E+04 -6.379167E+05  6.670537E+05  0.000000E+00
  0.000000E+00  0.000000E+00  0.000000E+00  8.145247E+05  9.473325E+00
  6.215649E+03  1.243130E+04  9.000000E+01  9.000000E+01  9.000000E+01
  0.000000E+00 -2.287808E+01  1.152581E+12 -2.525637E+01  6.756969E-01
 -9.921001E-01  6.756969E-01 -2.284039E+01 -2.485587E+00 -9.921001E-01
 -2.485587E+00 -2.053747E+01  1.647118E+01  1.400439E+01  1.140031E+01
  2.799317E+01  5.030812E+03  9.468193E+01  0.000000E+00  0.000000E+00
  0.000000E+00  9.468193E+01  0.000000E+00  0.000000E+00  0.000000E+00
  9.085945E+01 -1.178501E+04
     19000  2.651279E+00        52
  1.152580E+12  1.101103E+03 -5.641348E+05  1.063258E+05 -6.796039E+05
  0.000000E+00  0.000000E+00  0.000000E+00  0.000000E+00 -5.607185E+05
  0.000000E+00  5.216070E+04 -6.316651E+05  6.655390E+05  0.000000E+00
  0.000000E+00  0.000000E+00  0.000000E+00  8.284196E+05  2.031159E+02
  9.143385E+03  1.828677E+04  9.000000E+01  9.000000E+01  9.000000E+01
  0.000000E+00 -2.884033E+01  1.152581E+12 -3.006203E+01 -7.942661E-01
 -1.422360E+00 -7.942661E-01 -3.187404E+01  6.149635E+00 -1.422360E+00
  6.149635E+00 -2.458491E+01  1.689963E+01  1.436664E+01  1.168788E+01
  3.323027E+01  5.084799E+03  9.521728E+01  0.000000E+00  0.000000E+00
  0.000000E+00  9.521728E+01  0.000000E+00  0.000000E+00  0.000000E+00
  9.137319E+01 -1.510972E+04
     20000  2.790820E+00        52
  1.152580E+12  1.000000E+03 -5.640474E+05  1.076099E+05 -6.792584E+05
  0.000000E+00  0.000000E+00  0.000000E+00  0.000000E+00 -5.609446E+05
  0.000000E+00  3.846600E+04 -6.370695E+05  6.603332E+05  0.000000E+00
  0.000000E+00  0.000000E+00  0.000000E+00  9.191501E+05  1.217536E-01
  7.601118E+03  1.520224E+04  9.000000E+01  9.000000E+01  9.000000E+01
  0.000000E+00 -1.850010E+01  1.152581E+12 -1.771103E+01 -3.848457E+00
 -2.205225E+00 -3.848457E+00 -1.910759E+01 -7.910069E-02 -2.205225E+00
 -7.910069E-02 -1.868167E+01  1.765450E+01  1.502336E+01  1.231916E+01
  3.657287E+01  5.540056E+03  9.857372E+01  0.000000E+00  0.000000E+00
  0.000000E+00  9.857372E+01  0.000000E+00  0.000000E+00  0.000000E+00
  9.459412E+01 -1.075391E+04
     21000  2.930361E+00        52
  1.152580E+12  1.023710E+03 -5.632199E+05  1.053680E+05 -6.772722E+05
  0.000000E+00  0.000000E+00  0.000000E+00  0.000000E+00 -5.600436E+05
  0.000000E+00  5.032872E+04 -6.240586E+05  6.570186E+05  0.000000E+00
  0.000000E+00  0.000000E+00  0.000000E+00  9.442525E+05  4.595825E+01
  8.684317E+03  1.736863E+04  9.000000E+01  9.000000E+01  9.000000E+01
  0.000000E+00 -2.454786E+01  1.152581E+12 -2.695036E+01  1.633818E+00
 -2.753184E+00  1.633818E+00 -2.186639E+01 -1.978923E+00 -2.753184E+00
 -1.978923E+00 -2.482683E+01  1.788859E+01  1.518394E+01  1.246918E+01
  3.905151E+01  5.638367E+03  9.946304E+01  0.000000E+00  0.000000E+00
  0.000000E+00  9.946304E+01  0.000000E+00  0.000000E+00  0.000000E+00
  9.544754E+01 -1.465912E+04
     22000  3.069902E+00        52
  1.152582E+12  9.984746E+02 -5.655393E+05  1.079229E+05 -6.799278E+05
  0.000000E+00  0.000000E+00  0.000000E+00  0.000000E+00 -5.624413E+05
  0.000000E+00  3.400695E+04 -6.384287E+05  6.595045E+05  0.000000E+00
  0.000000E+00  0.000000E+00  0.000000E+00  9.434551E+05  2.677076E+00
  6.465563E+03  1.293113E+04  9.000000E+01  9.000000E+01  9.000000E+01
  0.000000E+00 -1.553768E+01  1.152583E+12 -1.583957E+01  3.842124E-01
 -3.632376E-01  3.842124E-01 -1.233208E+01  2.322800E-01 -3.632376E-01
  2.322800E-01 -1.844139E+01  1.819071E+01  1.542635E+01  1.267636E+01
  4.154144E+01  5.646870E+03  9.943503E+01  0.000000E+00  0.000000E+00
  0.000000E+00  9.943503E+01  0.000000E+00  0.000000E+00  0.000000E+00
  9.542066E+01 -9.270720E+03
     23000  3.209443E+00        52
  1.152582E+12  1.000000E+03 -5.636777E+05  9.635291E+04 -6.667088E+05
  0.000000E+00  0.000000E+00  0.000000E+00  0.000000E+00 -5.605749E+05
  0.000000E+00  8.183648E+04 -5.711023E+05  6.395822E+05  0.000000E+00
  0.000000E+00  0.000000E+00  0.000000E+00  1.070682E+06  3.333364E-02
  6.678261E+03  1.335652E+04  9.000000E+01  9.000000E+01  9.000000E+01
  0.000000E+00 -3.723223E+01  1.152583E+12 -3.874221E+01 -7.877769E-01
  1.993380E-01 -7.877769E-01 -3.542312E+01 -1.496923E+00  1.993380E-01
 -1.496923E+00 -3.753134E+01  1.880313E+01  1.564723E+01  1.287955E+01
  4.351502E+01  6.372822E+03  1.037176E+02  0.000000E+00  0.000000E+00
  0.000000E+00  1.037176E+02  0.000000E+00  0.000000E+00  0.000000E+00
  9.953035E+01 -2.521074E+04
     24000  3.348984E+00        52
  1.152582E+12  1.003140E+03 -5.653208E+05  1.075107E+05 -6.789468E+05
  0.000000E+00  0.000000E+00  0.000000E+00  0.000000E+00 -5.622082E+05
  0.000000E+00  2.710687E+04 -6.358355E+05  6.507117E+05  0.000000E+00
  0.000000E+00  0.000000E+00  0.000000E+00  1.068610E+06  7.287126E+00
  6.115374E+03  1.223075E+04  9.000000E+01  9.000000E+01  9.000000E+01
  0.000000E+00 -1.030028E+01  1.152583E+12 -9.563735E+00  2.299260E+00
  3.466480E-01  2.299260E+00 -9.242842E+00 -1.511945E-01  3.466480E-01
 -1.511945E-01 -1.209427E+01  1.969753E+01  1.646795E+01  1.368180E+01
  4.743057E+01  6.383991E+03  1.036506E+02  0.000000E+00  0.000000E+00
  0.000000E+00  1.036506E+02  0.000000E+00  0.000000E+00  0.000000E+00
  9.946608E+01 -6.961042E+03
     25000  3.488525E+00        52
  1.152582E+12  1.001175E+03 -5.662933E+05  1.098339E+05 -6.828008E+05
  0.000000E+00  0.000000E+00  0.000000E+00  0.000000E+00 -5.631868E+05
  0.000000E+00  1.853569E+04 -6.488920E+05  6.540803E+05  0.000000E+00
  0.000000E+00  0.000000E+00  0.000000E+00  1.067607E+06  2.576245E+00
  6.673654E+03  1.334731E+04  9.000000E+01  9.000000E+01  9.000000E+01
  0.000000E+00 -6.084407E+00  1.152583E+12 -6.721043E+00 -4.142333E-01
 -1.413537E+00 -4.142333E-01 -6.231873E+00 -1.952601E-01 -1.413537E+00
 -1.952601E-01 -5.300305E+00  2.074475E+01  1.732562E+01  1.445561E+01
  5.238559E+01  6.391094E+03  1.036182E+02  0.000000E+00  0.000000E+00
  0.000000E+00  1.036182E+02  0.000000E+00  0.000000E+00  0.000000E+00
  9.943496E+01 -4.108048E+03
     26000  3.628066E+00        52
  1.152582E+12  1.000000E+03 -5.669828E+05  1.103476E+05 -6.839919E+05
  0.000000E+00  0.000000E+00  0.000000E+00  0.000000E+00 -5.638800E+05
  0.000000E+00  1.473465E+04 -6.525219E+05  6.539336E+05  0.000000E+00
  0.000000E+00  0.000000E+00  0.000000E+00  1.081347E+06  2.782562E-02
  6.661493E+03  1.332299E+04  9.000000E+01  9.000000E+01  9.000000E+01
  0.000000E+00 -4.157923E+00  1.152583E+12 -5.277760E+00  2.453676E+00
 -3.769240E-01  2.453676E+00  8.380226E-01 -1.350910E-01 -3.769240E-01
 -1.350910E-01 -8.034031E+00  2.138470E+01  1.789056E+01  1.497488E+01
  5.844381E+01  6.580417E+03  1.040608E+02  0.000000E+00  0.000000E+00
  0.000000E+00  1.040608E+02  0.000000E+00  0.000000E+00  0.000000E+00
  9.985972E+01 -2.843463E+03
     27000  3.767607E+00        52
  1.152582E+12  1.000150E+03 -5.667271E+05  1.085478E+05 -6.816264E+05
  0.000000E+00  0.000000E+00  0.000000E+00  0.000000E+00 -5.636238E+05
  0.000000E+00  1.220130E+04 -6.431556E+05  6.426539E+05  0.000000E+00
  0.000000E+00  0.000000E+00  0.000000E+00  1.210487E+06  2.347151E-01
  6.351540E+03  1.270308E+04  9.000000E+01  9.000000E+01  9.000000E+01
  0.000000E+00 -2.610851E+00  1.152583E+12 -3.685092E+00 -7.705055E-01
 -1.148694E+00 -7.705055E-01 -1.786512E+00  2.311261E+00 -1.148694E+00
  2.311261E+00 -2.360948E+00  2.238770E+01  1.884838E+01  1.597974E+01
  6.455565E+01  7.542917E+03  1.080486E+02  0.000000E+00  0.000000E+00
  0.000000E+00  1.080486E+02  0.000000E+00  0.000000E+00  0.000000E+00
  1.036865E+02 -1.998703E+03
     28000  3.907148E+00        52
  1.152582E+12  1.002112E+03 -5.669956E+05  1.017355E+05 -6.754127E+05
  0.000000E+00  0.000000E+00  0.000000E+00  0.000000E+00 -5.638861E+05
  0.000000E+00  3.957574E+04 -6.029780E+05  6.291906E+05  0.000000E+00
  0.000000E+00  0.000000E+00  0.000000E+00  1.318933E+06  1.727950E+00
  6.681572E+03  1.336314E+04  9.000000E+01  9.000000E+01  9.000000E+01
  0.000000E+00 -1.333076E+01  1.152583E+12 -1.490567E+01  2.261813E-01
 -7.966322E-01  2.261813E-01 -1.303356E+01 -2.660727E+00 -7.966322E-01
 -2.660727E+00 -1.205306E+01  2.357311E+01  1.988060E+01  1.685570E+01
  7.027629E+01  7.878679E+03  1.111834E+02  0.000000E+00  0.000000E+00
  0.000000E+00  1.111834E+02  0.000000E+00  0.000000E+00  0.000000E+00
  1.066947E+02 -1.111946E+04
     29000  4.046689E+00        52
  1.152582E+12  1.000000E+03 -5.676373E+05  1.051784E+05 -6.792165E+05
  0.000000E+00  0.000000E+00  0.000000E+00  0.000000E+00 -5.645343E+05
  0.000000E+00  1.653426E+04 -6.236885E+05  6.274211E+05  0.000000E+00
  0.000000E+00  0.000000E+00  0.000000E+00  1.384984E+06  2.960524E-02
  6.400847E+03  1.280169E+04  9.000000E+01  9.000000E+01  9.000000E+01
  0.000000E+00 -3.931228E+00  1.152583E+12 -5.452251E+00  8.521876E-02
 -2.737910E-01  8.521876E-02 -2.061534E+00  2.729299E+00 -2.737910E-01
  2.729299E+00 -4.279899E+00  2.430144E+01  2.057010E+01  1.760550E+01
  7.274043E+01  8.054680E+03  1.130092E+02  0.000000E+00  0.000000E+00
  0.000000E+00  1.130092E+02  0.000000E+00  0.000000E+00  0.000000E+00
  1.084468E+02 -3.443334E+03
     30000  4.186230E+00        52
  1.152582E+12  1.020067E+03 -5.655489E+05  9.436088E+04 -6.694003E+05
  0.000000E+00  0.000000E+00  0.000000E+00  0.000000E+00 -5.623835E+05
  0.000000E+00  5.992889E+04 -5.667942E+05  6.077420E+05  0.000000E+00
  0.000000E+00  0.000000E+00  0.000000E+00  1.512648E+06  3.705052E+01
  9.490540E+03  1.898108E+04  9.000000E+01  9.000000E+01  9.000000E+01
  0.000000E+00 -1.867672E+01  1.152583E+12 -1.554913E+01 -2.837239E-01
  3.098712E+00 -2.837239E-01 -2.012036E+01  1.096600E+00  3.098712E+00
  1.096600E+00 -2.036067E+01  2.521991E+01  2.136129E+01  1.836577E+01
  7.730508E+01  8.849579E+03  1.163800E+02  0.000000E+00  0.000000E+00
  0.000000E+00  1.163800E+02  0.000000E+00  0.000000E+00  0.000000E+00
  1.116815E+02 -1.786671E+04
     31000  4.325771E+00        52
  1.152582E+12  1.000575E+03 -5.689707E+05  1.050081E+05 -6.801286E+05
  0.000000E+00  0.000000E+00  0.000000E+00  0.000000E+00 -5.658658E+05
  0.000000E+00  5.381215E+03 -6.223424E+05  6.154239E+05  0.000000E+00
  0.000000E+00  0.000000E+00  0.000000E+00  1.550947E+06  3.157373E-01
  6.149828E+03  1.229966E+04  9.000000E+01  9.000000E+01  9.000000E+01
  0.000000E+00  2.809160E-01  1.152583E+12  3.897684E+00 -1.177864E+00
  3.469873E-01 -1.177864E+00 -1.560812E-01 -3.989426E-01  3.469873E-01
 -3.989426E-01 -2.898855E+00  2.614179E+01  2.219100E+01  1.919229E+01
  8.080391E+01  9.011335E+03  1.173540E+02  0.000000E+00  0.000000E+00
  0.000000E+00  1.173540E+02  0.000000E+00  0.000000E+00  0.000000E+00
  1.126162E+02  2.755368E+02
     32000  4.465312E+00        52
  1.152582E+12  1.000000E+03 -5.699731E+05  1.093049E+05 -6.860582E+05
  0.000000E+00  0.000000E+00  0.000000E+00  0.000000E+00 -5.668700E+05
  0.000000E+00 -1.460052E+04 -6.476729E+05  6.195120E+05  0.000000E+00
  0.000000E+00  0.000000E+00  0.000000E+00  1.551851E+06  2.636263E-02
  6.780207E+03  1.356041E+04  9.000000E+01  9.000000E+01  9.000000E+01
  0.000000E+00  7.066198E+00  1.152583E+12  7.559407E+00 -5.754190E-01
 -2.314806E+00 -5.754190E-01  6.644107E+00  7.319204E-01 -2.314806E+00
  7.319204E-01  6.995079E+00  2.770975E+01  2.370731E+01  2.067359E+01
  8.814837E+01  9.044494E+03  1.173768E+02  0.000000E+00  0.000000E+00
  0.000000E+00  1.173768E+02  0.000000E+00  0.000000E+00  0.000000E+00
  1.126381E+02  6.934926E+03
     33000  4.604853E+00        52
  1.152582E+12  1.000414E+03 -5.706744E+05  1.070657E+05 -6.843392E+05
  0.000000E+00  0.000000E+00  0.000000E+00  0.000000E+00 -5.675699E+05
  0.000000E+00 -1.684115E+04 -6.347996E+05  6.047602E+05  0.000000E+00
  0.000000E+00  0.000000E+00  0.000000E+00  1.742424E+06  1.989805E-01
  6.599107E+03  1.319821E+04  9.000000E+01  9.000000E+01  9.000000E+01
  0.000000E+00  6.971908E+00  1.152583E+12  6.617917E+00  7.970686E-01
 -7.717001E-01  7.970686E-01  8.511914E+00 -1.823944E+00 -7.717001E-01
 -1.823944E+00  5.785891E+00  2.875066E+01  2.458760E+01  2.168190E+01
  9.238273E+01  9.535084E+03  1.219973E+02  0.000000E+00  0.000000E+00
  0.000000E+00  1.219973E+02  0.000000E+00  0.000000E+00  0.000000E+00
  1.170721E+02  7.682659E+03
     34000  4.744394E+00        52
  1.152582E+12  1.000977E+03 -5.717517E+05  1.053454E+05 -6.837993E+05
  0.000000E+00  0.000000E+00  0.000000E+00  0.000000E+00 -5.686454E+05
  0.000000E+00 -9.770889E+03 -6.250885E+05  6.019131E+05  0.000000E+00
  0.000000E+00  0.000000E+00  0.000000E+00  1.756195E+06  5.345669E-01
  6.702256E+03  1.340451E+04  9.000000E+01  9.000000E+01  9.000000E+01
  0.000000E+00  4.796336E+00  1.152583E+12  7.313689E+00 -6.188635E-01
 -3.415129E-01 -6.188635E-01  4.364133E+00  1.090929E-01 -3.415129E-01
  1.090929E-01  2.711185E+00  2.954317E+01  2.522468E+01  2.221627E+01
  9.858358E+01  9.689141E+03  1.223179E+02  0.000000E+00  0.000000E+00
  0.000000E+00  1.223179E+02  0.000000E+00  0.000000E+00  0.000000E+00
  1.173797E+02  5.327070E+03
     35000  4.883935E+00        52
  1.152582E+12  1.000000E+03 -5.726204E+05  1.074538E+05 -6.871549E+05
  0.000000E+00  0.000000E+00  0.000000E+00  0.000000E+00 -5.695171E+05
  0.000000E+00 -2.066572E+04 -6.384316E+05  6.036042E+05  0.000000E+00
  0.000000E+00  0.000000E+00  0.000000E+00  1.759034E+06  2.953892E-02
  7.080806E+03  1.416161E+04  9.000000E+01  9.000000E+01  9.000000E+01
  0.000000E+00  8.051294E+00  1.152583E+12  8.474941E+00 -7.375667E-01
 -9.361119E-01 -7.375667E-01  8.141466E+00  5.259038E-01 -9.361119E-01
  5.259038E-01  7.537474E+00  3.128928E+01  2.673963E+01  2.368076E+01
  1.073640E+02  9.720838E+03  1.223838E+02  0.000000E+00  0.000000E+00
  0.000000E+00  1.223838E+02  0.000000E+00  0.000000E+00  0.000000E+00
  1.174429E+02  8.956659E+03
     36000  5.023476E+00        52
  1.152582E+12  1.000123E+03 -5.730580E+05  1.085519E+05 -6.885628E+05
  0.000000E+00  0.000000E+00  0.000000E+00  0.000000E+00 -5.699543E+05
  0.000000E+00 -2.724004E+04 -6.451959E+05  6.040500E+05  0.000000E+00
  0.000000E+00  0.000000E+00  0.000000E+00  1.763501E+06  1.117712E-01
  6.952914E+03  1.390583E+04  9.000000E+01  9.000000E+01  9.000000E+01
  0.000000E+00  9.996064E+00  1.152583E+12  1.237765E+01 -9.411072E-01
  4.335834E-01 -9.411072E-01  1.001268E+01 -3.044890E-01  4.335834E-01
 -3.044890E-01  7.597864E+00  3.173313E+01  2.703666E+01  2.402002E+01
  1.119913E+02  9.732869E+03  1.224872E+02  0.000000E+00  0.000000E+00
  0.000000E+00  1.224872E+02  0.000000E+00  0.000000E+00  0.000000E+00
  1.175422E+02  1.114835E+04
     37000  5.163017E+00        52
  1.152582E+12  1.000026E+03 -5.735546E+05  1.088146E+05 -6.894546E+05
  0.000000E+00  0.000000E+00  0.000000E+00  0.000000E+00 -5.704512E+05
  0.000000E+00 -2.965591E+04 -6.473547E+05  6.035279E+05  0.000000E+00
  0.000000E+00  0.000000E+00  0.000000E+00  1.766729E+06  3.892586E-01
  7.085469E+03  1.417094E+04  9.000000E+01  9.000000E+01  9.000000E+01
  0.000000E+00  1.069836E+01  1.152583E+12  1.199619E+01 -5.304990E-02
  5.253952E-01 -5.304990E-02  1.138424E+01  3.935573E-03  5.253952E-01
  3.935573E-03  8.714634E+00  3.288473E+01  2.808019E+01  2.507369E+01
  1.253230E+02  9.748008E+03  1.225620E+02  0.000000E+00  0.000000E+00
  0.000000E+00  1.225620E+02  0.000000E+00  0.000000E+00  0.000000E+00
  1.176139E+02  1.195344E+04
     38000  5.302558E+00        52
  1.152582E+12  1.000000E+03 -5.738795E+05  1.090709E+05 -6.901511E+05
  0.000000E+00  0.000000E+00  0.000000E+00  0.000000E+00 -5.707763E+05
  0.000000E+00 -3.142353E+04 -6.492007E+05  6.033758E+05  0.000000E+00
  0.000000E+00  0.000000E+00  0.000000E+00  1.770419E+06  2.788094E-02
  7.200683E+03  1.440137E+04  9.000000E+01  9.000000E+01  9.000000E+01
  0.000000E+00  1.120225E+01  1.152583E+12  1.246535E+01 -4.308349E-01
  2.472805E-01 -4.308349E-01  1.193013E+01  3.138674E-01  2.472805E-01
  3.138674E-01  9.211287E+00  3.456841E+01  2.954963E+01  2.642984E+01
  1.351693E+02  9.745859E+03  1.226472E+02  0.000000E+00  0.000000E+00
  0.000000E+00  1.226472E+02  0.000000E+00  0.000000E+00  0.000000E+00
  1.176957E+02  1.254260E+04
     39000  5.442099E+00        52
  1.152582E+12  1.000294E+03 -5.742906E+05  1.093259E+05 -6.907510E+05
  0.000000E+00  0.000000E+00  0.000000E+00  0.000000E+00 -5.711865E+05
  0.000000E+00 -3.367575E+04 -6.510766E+05  6.031320E+05  0.000000E+00
  0.000000E+00  0.000000E+00  0.000000E+00  1.774265E+06  4.920167E-01
  7.134456E+03  1.426891E+04  9.000000E+01  9.000000E+01  9.000000E+01
  0.000000E+00  1.184757E+01  1.152583E+12  1.329531E+01 -8.722070E-01
 -8.154397E-01 -8.722070E-01  1.275523E+01  3.602727E-01 -8.154397E-01
  3.602727E-01  9.492171E+00  3.503052E+01  2.994092E+01  2.681082E+01
  1.403601E+02  9.749768E+03  1.227360E+02  0.000000E+00  0.000000E+00
  0.000000E+00  1.227360E+02  0.000000E+00  0.000000E+00  0.000000E+00
  1.177809E+02  1.329394E+04
     40000  5.581640E+00        52
  1.152582E+12  9.998428E+02 -5.745598E+05  1.089487E+05 -6.906798E+05
  0.000000E+00  0.000000E+00  0.000000E+00  0.000000E+00 -5.714570E+05
  0.000000E+00 -3.308048E+04 -6.494858E+05  6.020627E+05  0.000000E+00
  0.000000E+00  0.000000E+00  0.000000E+00  1.778202E+06  9.171550E-01
  7.171269E+03  1.434254E+04  9.000000E+01  9.000000E+01  9.000000E+01
  0.000000E+00  1.164407E+01  1.152583E+12  1.291459E+01 -6.337758E-01
 -6.264145E-01 -6.337758E-01  1.270183E+01  4.001648E-01 -6.264145E-01
  4.001648E-01  9.315786E+00  3.518788E+01  3.003863E+01  2.693335E+01
  1.473197E+02  9.758941E+03  1.228267E+02  0.000000E+00  0.000000E+00
  0.000000E+00  1.228267E+02  0.000000E+00  0.000000E+00  0.000000E+00
  1.178679E+02  1.309459E+04
     41000  5.721181E+00        52
  1.152582E+12  1.000000E+03 -5.746877E+05  1.089681E+05 -6.908382E+05
  0.000000E+00  0.000000E+00  0.000000E+00  0.000000E+00 -5.715845E+05
  0.000000E+00 -3.381839E+04 -6.496841E+05  6.015011E+05  0.000000E+00
  0.000000E+00  0.000000E+00  0.000000E+00  1.782653E+06  2.145732E-02
  7.182316E+03  1.436463E+04  9.000000E+01  9.000000E+01  9.000000E+01
  0.000000E+00  1.183346E+01  1.152583E+12  1.231327E+01 -1.331381E-01
 -2.596535E-01 -1.331381E-01  1.164977E+01  6.720818E-01 -2.596535E-01
  6.720818E-01  1.153734E+01  3.549304E+01  3.027606E+01  2.716894E+01
  1.531450E+02  9.763086E+03  1.229291E+02  0.000000E+00  0.000000E+00
  0.000000E+00  1.229291E+02  0.000000E+00  0.000000E+00  0.000000E+00
  1.179662E+02  1.334088E+04
     42000  5.860722E+00        52
  1.152582E+12  9.994728E+02 -5.748138E+05  1.088889E+05 -6.909029E+05
  0.000000E+00  0.000000E+00  0.000000E+00  0.000000E+00 -5.717122E+05
  0.000000E+00 -3.421418E+04 -6.495476E+05  6.009331E+05  0.000000E+00
  0.000000E+00  0.000000E+00  0.000000E+00  1.787212E+06  7.767262E-01
  7.200163E+03  1.440033E+04  9.000000E+01  9.000000E+01  9.000000E+01
  0.000000E+00  1.191904E+01  1.152583E+12  1.151038E+01 -6.819719E-01
  2.394983E-01 -6.819719E-01  1.422721E+01  1.079599E+00  2.394983E-01
  1.079599E+00  1.001952E+01  3.583031E+01  3.054408E+01  2.742776E+01
  1.579599E+02  9.771388E+03  1.230338E+02  0.000000E+00  0.000000E+00
  0.000000E+00  1.230338E+02  0.000000E+00  0.000000E+00  0.000000E+00
  1.180667E+02  1.347172E+04
     43000  6.000263E+00        52
  1.152582E+12  1.293415E+03 -5.676098E+05  1.088459E+05 -6.910230E+05
  0.000000E+00  0.000000E+00  0.000000E+00  0.000000E+00 -5.635963E+05
  0.000000E+00 -1.979928E+04 -6.492935E+05  6.003597E+05  0.000000E+00
  0.000000E+00  0.000000E+00  0.000000E+00  1.792163E+06  5.912434E+02
  1.456727E+04  2.913453E+04  9.000000E+01  9.000000E+01  9.000000E+01
  0.000000E+00  8.183034E+00  1.152583E+12  1.032520E+01 -1.696157E+00
 -6.410290E-01 -1.696157E+00  4.936846E+00 -1.513537E+00 -6.410290E-01
 -1.513537E+00  9.287053E+00  3.688237E+01  3.104614E+01  2.792820E+01
  1.675916E+02  9.787480E+03  1.231473E+02  0.000000E+00  0.000000E+00
  0.000000E+00  1.231473E+02  0.000000E+00  0.000000E+00  0.000000E+00
  1.181756E+02  9.274656E+03
     44000  6.139804E+00        52
  1.152582E+12  1.000000E+03 -5.766115E+05  1.041842E+05 -6.876390E+05
  0.000000E+00  0.000000E+00  0.000000E+00  0.000000E+00 -5.735080E+05
  0.000000E+00 -3.243173E+04 -6.218726E+05  5.757544E+05  0.000000E+00
  0.000000E+00  0.000000E+00  0.000000E+00  2.166022E+06  3.274061E-02
  6.843200E+03  1.368640E+04  9.000000E+01  9.000000E+01  9.000000E+01
  0.000000E+00  9.401602E+00  1.152583E+12  8.522592E+00  7.575389E-02
  2.053447E-01  7.575389E-02  1.121796E+01  7.203800E-01  2.053447E-01
  7.203800E-01  8.464255E+00  3.817368E+01  3.238937E+01  2.929618E+01
  1.712731E+02  1.184175E+04  1.311757E+02  0.000000E+00  0.000000E+00
  0.000000E+00  1.311757E+02  0.000000E+00  0.000000E+00  0.000000E+00
  1.258799E+02  1.287866E+04
     45000  6.279345E+00        52
  1.152605E+12  9.996118E+02 -5.773649E+05  1.038703E+05 -6.881110E+05
  0.000000E+00  0.000000E+00  0.000000E+00  0.000000E+00 -5.742626E+05
  0.000000E+00 -3.088971E+04 -6.195439E+05  5.749025E+05  0.000000E+00
  0.000000E+00  0.000000E+00  0.000000E+00  2.169537E+06  5.061512E-01
  6.875849E+03  1.375170E+04  9.000000E+01  9.000000E+01  9.000000E+01
  0.000000E+00  9.011160E+00  1.152606E+12  1.075186E+01  3.894777E-01
 -1.003090E+00  3.894777E-01  8.772932E+00  9.338859E-02 -1.003090E+00
  9.338859E-02  7.508692E+00  3.904503E+01  3.302044E+01  2.996436E+01
  1.763929E+02  1.183602E+04  1.312466E+02  0.000000E+00  0.000000E+00
  0.000000E+00  1.312466E+02  0.000000E+00  0.000000E+00  0.000000E+00
  1.259479E+02  1.236385E+04
     46000  6.418886E+00        52
  1.152605E+12  1.000438E+03 -5.786352E+05  9.943566E+04 -6.842796E+05
  0.000000E+00  0.000000E+00  0.000000E+00  0.000000E+00 -5.755302E+05
  0.000000E+00 -2.447206E+04 -5.932051E+05  5.563157E+05  0.000000E+00
  0.000000E+00  0.000000E+00  0.000000E+00  2.455044E+06  5.140192E-01
  6.208663E+03  1.241733E+04  9.000000E+01  9.000000E+01  9.000000E+01
  0.000000E+00  6.586506E+00  1.152606E+12  5.655272E+00  3.502184E-01
 -3.555917E-01  3.502184E-01  7.483890E+00 -1.418745E+00 -3.555917E-01
 -1.418745E+00  6.620356E+00  4.000841E+01  3.347773E+01  3.053460E+01
  1.787958E+02  1.273435E+04  1.367683E+02  0.000000E+00  0.000000E+00
  0.000000E+00  1.367683E+02  0.000000E+00  0.000000E+00  0.000000E+00
  1.312467E+02  1.022635E+04
     47000  6.558427E+00        52
  1.152605E+12  1.000000E+03 -5.794390E+05  1.008054E+05 -6.868912E+05
  0.000000E+00  0.000000E+00  0.000000E+00  0.000000E+00 -5.763353E+05
  0.000000E+00 -2.974637E+04 -6.014445E+05  5.584046E+05  0.000000E+00
  0.000000E+00  0.000000E+00  0.000000E+00  2.459193E+06  2.606665E-02
  6.646755E+03  1.329351E+04  9.000000E+01  9.000000E+01  9.000000E+01
  0.000000E+00  7.705248E+00  1.152606E+12  8.133574E+00 -1.177708E+00
 -7.857908E-01 -1.177708E+00  8.122924E+00  9.229183E-01 -7.857908E-01
  9.229183E-01  6.859248E+00  4.103806E+01  3.448875E+01  3.145835E+01
  1.840098E+02  1.274144E+04  1.368453E+02  0.000000E+00  0.000000E+00
  0.000000E+00  1.368453E+02  0.000000E+00  0.000000E+00  0.000000E+00
  1.313206E+02  1.198354E+04
     48000  6.697968E+00        52
  1.152605E+12  1.000162E+03 -5.800891E+05  1.018153E+05 -6.887636E+05
  0.000000E+00  0.000000E+00  0.000000E+00  0.000000E+00 -5.769849E+05
  0.000000E+00 -3.423517E+04 -6.073602E+05  5.594066E+05  0.000000E+00
  0.000000E+00  0.000000E+00  0.000000E+00  2.465666E+06  4.281489E-02
  6.859187E+03  1.371837E+04  9.000000E+01  9.000000E+01  9.000000E+01
  0.000000E+00  8.644788E+00  1.152606E+12  1.125354E+01 -3.234342E-01
  1.465699E-01 -3.234342E-01  7.817917E+00  9.020448E-02  1.465699E-01
  9.020448E-02  6.862905E+00  4.224965E+01  3.561175E+01  3.258990E+01
  1.946457E+02  1.276684E+04  1.369653E+02  0.000000E+00  0.000000E+00
  0.000000E+00  1.369653E+02  0.000000E+00  0.000000E+00  0.000000E+00
  1.314357E+02  1.348015E+04
     49000  6.837509E+00        52
  1.152605E+12  9.998974E+02 -5.807832E+05  1.007253E+05 -6.883268E+05
  0.000000E+00  0.000000E+00  0.000000E+00  0.000000E+00 -5.776798E+05
  0.000000E+00 -3.314018E+04 -6.011615E+05  5.543848E+05  0.000000E+00
  0.000000E+00  0.000000E+00  0.000000E+00  2.551668E+06  4.273984E-01
  6.818257E+03  1.363651E+04  9.000000E+01  9.000000E+01  9.000000E+01
  0.000000E+00  8.126900E+00  1.152606E+12  7.834209E+00 -1.534317E+00
  2.564902E-01 -1.534317E+00  1.008184E+01 -2.060932E-01  2.564902E-01
 -2.060932E-01  6.464649E+00  4.261318E+01  3.586358E+01  3.292327E+01
  2.068097E+02  1.290904E+04  1.385395E+02  0.000000E+00  0.000000E+00
  0.000000E+00  1.385395E+02  0.000000E+00  0.000000E+00  0.000000E+00
  1.329464E+02  1.311460E+04
     50000  6.977050E+00        52
  1.152605E+12  1.000000E+03 -5.812425E+05  1.008834E+05 -6.890698E+05
  0.000000E+00  0.000000E+00  0.000000E+00  0.000000E+00 -5.781388E+05
  0.000000E+00 -3.414177E+04 -6.020704E+05  5.540407E+05  0.000000E+00
  0.000000E+00  0.000000E+00  0.000000E+00  2.557397E+06  2.797574E-02
  6.943968E+03  1.388794E+04  9.000000E+01  9.000000E+01  9.000000E+01
  0.000000E+00  8.315251E+00  1.152606E+12  8.336826E+00 -1.432371E+00
  1.132675E-01 -1.432371E+00  9.766368E+00 -9.353387E-02  1.132675E-01
 -9.353387E-02  6.842558E+00  4.378704E+01  3.682829E+01  3.385935E+01
  2.233561E+02  1.295915E+04  1.386431E+02  0.000000E+00  0.000000E+00
  0.000000E+00  1.386431E+02  0.000000E+00  0.000000E+00  0.000000E+00
  1.330459E+02  1.344868E+04
     51000  7.116591E+00        52
  1.152605E+12  1.000071E+03 -5.816498E+05  1.012971E+05 -6.899849E+05
  0.000000E+00  0.000000E+00  0.000000E+00  0.000000E+00 -5.785458E+05
  0.000000E+00 -3.649883E+04 -6.044672E+05  5.538924E+05  0.000000E+00
  0.000000E+00  0.000000E+00  0.000000E+00  2.563458E+06  1.004358E-01
  7.037983E+03  1.407597E+04  9.000000E+01  9.000000E+01  9.000000E+01
  0.000000E+00  8.780321E+00  1.152606E+12  9.617604E+00 -1.090824E+00
 -2.159432E-01 -1.090824E+00  9.223987E+00  2.665975E-01 -2.159432E-01
  2.665975E-01  7.499371E+00  4.508762E+01  3.799853E+01  3.502696E+01
  2.391192E+02  1.299218E+04  1.387526E+02  0.000000E+00  0.000000E+00
  0.000000E+00  1.387526E+02  0.000000E+00  0.000000E+00  0.000000E+00
  1.331509E+02  1.423451E+04
     52000  7.256132E+00        52
  1.152605E+12  2.032761E+03 -5.560533E+05  1.014962E+05 -6.905771E+05
  0.000000E+00  0.000000E+00  0.000000E+00  0.000000E+00 -5.497458E+05
  0.000000E+00  1.378244E+04 -6.059885E+05  5.537158E+05  0.000000E+00
  0.000000E+00  0.000000E+00  0.000000E+00  2.569848E+06  2.070092E+03
  3.302757E+04  6.605513E+04  9.000000E+01  9.000000E+01  9.000000E+01
  0.000000E+00 -2.401031E-01  1.152606E+12  4.092395E+00  1.050150E+01
  2.609422E+00  1.050150E+01 -1.037467E+01 -7.067766E+00  2.609422E+00
 -7.067766E+00  5.561970E+00  4.653092E+01  3.918979E+01  3.627027E+01
  2.602437E+02  1.302659E+04  1.388678E+02  0.000000E+00  0.000000E+00
  0.000000E+00  1.388678E+02  0.000000E+00  0.000000E+00  0.000000E+00
  1.332614E+02 -3.902216E+02
     53000  7.395673E+00        52
  1.152605E+12  1.000000E+03 -5.826318E+05  1.006835E+05 -6.902668E+05
  0.000000E+00  0.000000E+00  0.000000E+00  0.000000E+00 -5.795280E+05
  0.000000E+00 -3.746624E+04 -6.011615E+05  5.497924E+05  0.000000E+00
  0.000000E+00  0.000000E+00  0.000000E+00  2.642527E+06  2.465416E-02
  6.951440E+03  1.390288E+04  9.000000E+01  9.000000E+01  9.000000E+01
  0.000000E+00  8.710466E+00  1.152606E+12  8.237239E+00  4.810795E-01
  8.187979E-01  4.810795E-01  9.235940E+00  1.272071E+00  8.187979E-01
  1.272071E+00  8.658219E+00  4.674810E+01  3.933589E+01  3.639968E+01
  2.636258E+02  1.327592E+04  1.401648E+02  0.000000E+00  0.000000E+00
  0.000000E+00  1.401648E+02  0.000000E+00  0.000000E+00  0.000000E+00
  1.345061E+02  1.455683E+04
     54000  7.535214E+00        52
  1.152605E+12  1.000087E+03 -5.830239E+05  1.003994E+05 -6.903778E+05
  0.000000E+00  0.000000E+00  0.000000E+00  0.000000E+00 -5.799199E+05
  0.000000E+00 -3.702447E+04 -5.995871E+05  5.486536E+05  0.000000E+00
  0.000000E+00  0.000000E+00  0.000000E+00  2.660438E+06  4.449632E-02
  6.954508E+03  1.390902E+04  9.000000E+01  9.000000E+01  9.000000E+01
  0.000000E+00  8.564411E+00  1.152606E+12  9.944165E+00  1.450488E+00
  2.788981E-01  1.450488E+00  8.782584E+00  2.538672E-01  2.788981E-01
  2.538672E-01  6.966484E+00  4.722104E+01  3.960143E+01  3.667739E+01
  2.723845E+02  1.331713E+04  1.404807E+02  0.000000E+00  0.000000E+00
  0.000000E+00  1.404807E+02  0.000000E+00  0.000000E+00  0.000000E+00
  1.348093E+02  1.440976E+04
     55000  7.674755E+00        52
  1.152605E+12  1.000423E+03 -5.832708E+05  1.004134E+05 -6.906786E+05
  0.000000E+00  0.000000E+00  0.000000E+00  0.000000E+00 -5.801657E+05
  0.000000E+00 -3.760249E+04 -5.998201E+05  5.482288E+05  0.000000E+00
  0.000000E+00  0.000000E+00  0.000000E+00  2.667012E+06  3.027910E-01
  6.994406E+03  1.398881E+04  9.000000E+01  9.000000E+01  9.000000E+01
  0.000000E+00  8.657944E+00  1.152606E+12  1.007868E+01  1.242125E+00
  3.434652E-01  1.242125E+00  8.711090E+00  2.317508E-01  3.434652E-01
  2.317508E-01  7.184065E+00  4.775920E+01  4.002918E+01  3.712322E+01
  2.856306E+02  1.334520E+04  1.405963E+02  0.000000E+00  0.000000E+00
  0.000000E+00  1.405963E+02  0.000000E+00  0.000000E+00  0.000000E+00
  1.349202E+02  1.460312E+04
     56000  7.814296E+00        52
  1.152605E+12  1.000000E+03 -5.113434E+05  8.418949E+04 -6.760690E+05
  0.000000E+00  0.000000E+00  0.000000E+00  0.000000E+00 -5.082394E+05
  0.000000E+00  1.648917E+05 -5.120285E+05  5.158479E+05  0.000000E+00
  0.000000E+00  0.000000E+00  0.000000E+00  2.970811E+06  1.428072E-01
  8.053615E+04  1.610723E+05  9.000000E+01  9.000000E+01  9.000000E+01
  0.000000E+00 -2.815402E+01  1.152606E+12 -4.307680E+01 -2.176186E+00
  3.428150E+01 -2.176186E+00 -2.739671E+00 -2.386447E+00  3.428150E+01
 -2.386447E+00 -3.864557E+01  4.886923E+01  4.090375E+01  3.795784E+01
  3.068719E+02  1.351475E+04  1.457440E+02  0.000000E+00  0.000000E+00
  0.000000E+00  1.457440E+02  0.000000E+00  0.000000E+00  0.000000E+00
  1.398600E+02 -5.289583E+04
     57000  7.953837E+00        52
  1.152605E+12  1.000035E+03 -5.851056E+05  9.684746E+04 -6.887695E+05
  0.000000E+00  0.000000E+00  0.000000E+00  0.000000E+00 -5.820014E+05
  0.000000E+00 -3.303622E+04 -5.770903E+05  5.304213E+05  0.000000E+00
  0.000000E+00  0.000000E+00  0.000000E+00  3.120811E+06  9.227405E-02
  6.816357E+03  1.363271E+04  9.000000E+01  9.000000E+01  9.000000E+01
  0.000000E+00  6.627382E+00  1.152606E+12  5.916406E+00 -2.048286E-01
 -5.228083E-01 -2.048286E-01  6.317950E+00  7.978898E-01 -5.228083E-01
  7.978898E-01  7.647792E+00  5.000794E+01  4.195879E+01  3.897463E+01
  3.116096E+02  1.369565E+04  1.481568E+02  0.000000E+00  0.000000E+00
  0.000000E+00  1.481568E+02  0.000000E+00  0.000000E+00  0.000000E+00
  1.421754E+02  1.308023E+04
     58000  8.093378E+00        52
  1.152605E+12  1.000189E+03 -5.854705E+05  9.674355E+04 -6.891721E+05
  0.000000E+00  0.000000E+00  0.000000E+00  0.000000E+00 -5.823658E+05
  0.000000E+00 -3.224275E+04 -5.761710E+05  5.300120E+05  0.000000E+00
  0.000000E+00  0.000000E+00  0.000000E+00  3.127431E+06  2.311884E-01
  6.958136E+03  1.391627E+04  9.000000E+01  9.000000E+01  9.000000E+01
  0.000000E+00  6.479788E+00  1.152606E+12  5.986178E+00 -1.925104E-01
 -5.583722E-01 -1.925104E-01  6.123881E+00  6.548383E-01 -5.583722E-01
  6.548383E-01  7.329305E+00  5.137999E+01  4.307178E+01  3.992998E+01
  3.255466E+02  1.375860E+04  1.482615E+02  0.000000E+00  0.000000E+00
  0.000000E+00  1.482615E+02  0.000000E+00  0.000000E+00  0.000000E+00
  1.422759E+02  1.281606E+04
     59000  8.232919E+00        52
  1.152605E+12  1.000000E+03 -5.856847E+05  9.725238E+04 -6.900814E+05
  0.000000E+00  0.000000E+00  0.000000E+00  0.000000E+00 -5.825806E+05
  0.000000E+00 -3.413350E+04 -5.789267E+05  5.305044E+05  0.000000E+00
  0.000000E+00  0.000000E+00  0.000000E+00  3.134340E+06  2.676696E-02
  7.144381E+03  1.428876E+04  9.000000E+01  9.000000E+01  9.000000E+01
  0.000000E+00  6.783259E+00  1.152606E+12  6.768941E+00  3.621511E-01
 -1.345427E-01  3.621511E-01  6.605962E+00 -4.194763E-01 -1.345427E-01
 -4.194763E-01  6.974873E+00  5.307817E+01  4.463164E+01  4.128813E+01
  3.470669E+02  1.382543E+04  1.483705E+02  0.000000E+00  0.000000E+00
  0.000000E+00  1.483705E+02  0.000000E+00  0.000000E+00  0.000000E+00
  1.423806E+02  1.344592E+04
     60000  8.372460E+00        52
  1.152605E+12  1.000118E+03 -5.863598E+05  9.715096E+04 -6.905048E+05
  0.000000E+00  0.000000E+00  0.000000E+00  0.000000E+00 -5.832553E+05
  0.000000E+00 -3.488583E+04 -5.785668E+05  5.296929E+05  0.000000E+00
  0.000000E+00  0.000000E+00  0.000000E+00  3.149988E+06  4.492617E-02
  6.994040E+03  1.398808E+04  9.000000E+01  9.000000E+01  9.000000E+01
  0.000000E+00  6.875569E+00  1.152606E+12  8.052397E+00 -8.402465E-01
 -4.212184E-01 -8.402465E-01  6.618689E+00  1.202977E-01 -4.212184E-01
  1.202977E-01  5.955621E+00  5.352192E+01  4.496152E+01  4.159735E+01
  3.572012E+02  1.386188E+04  1.486170E+02  0.000000E+00  0.000000E+00
  0.000000E+00  1.486170E+02  0.000000E+00  0.000000E+00  0.000000E+00
  1.426171E+02  1.369694E+04
     61000  8.512001E+00        52
  1.152605E+12  1.000087E+03 -5.865844E+05  9.696733E+04 -6.905699E+05
  0.000000E+00  0.000000E+00  0.000000E+00  0.000000E+00 -5.834800E+05
  0.000000E+00 -3.454440E+04 -5.775075E+05  5.289268E+05  0.000000E+00
  0.000000E+00  0.000000E+00  0.000000E+00  3.157251E+06  3.037000E-01
  7.018170E+03  1.403634E+04  9.000000E+01  9.000000E+01  9.000000E+01
  0.000000E+00  6.802722E+00  1.152606E+12  7.728034E+00 -7.726989E-01
 -4.927347E-01 -7.726989E-01  6.515883E+00  1.380620E-01 -4.927347E-01
  1.380620E-01  6.164248E+00  5.371511E+01  4.504518E+01  4.165549E+01
  3.681062E+02  1.387783E+04  1.487312E+02  0.000000E+00  0.000000E+00
  0.000000E+00  1.487312E+02  0.000000E+00  0.000000E+00  0.000000E+00
  1.427266E+02  1.358307E+04
     62000  8.651542E+00        52
  1.152605E+12  1.000000E+03 -5.866963E+05  9.683312E+04 -6.905627E+05
  0.000000E+00  0.000000E+00  0.000000E+00  0.000000E+00 -5.835921E+05
  0.000000E+00 -3.433522E+04 -5.768139E+05  5.284120E+05  0.000000E+00
  0.000000E+00  0.000000E+00  0.000000E+00  3.164399E+06  2.721186E-02
  7.033331E+03  1.406666E+04  9.000000E+01  9.000000E+01  9.000000E+01
  0.000000E+00  6.752423E+00  1.152606E+12  7.465888E+00 -7.252297E-01
 -3.926591E-01 -7.252297E-01  6.557710E+00  1.338183E-01 -3.926591E-01
  1.338183E-01  6.233670E+00  5.462164E+01  4.568387E+01  4.226165E+01
  3.893978E+02  1.390542E+04  1.488433E+02  0.000000E+00  0.000000E+00
  0.000000E+00  1.488433E+02  0.000000E+00  0.000000E+00  0.000000E+00
  1.428343E+02  1.351316E+04
     63000  8.791083E+00        52
  1.152605E+12  1.000078E+03 -5.869353E+05  9.676719E+04 -6.907472E+05
  0.000000E+00  0.000000E+00  0.000000E+00  0.000000E+00 -5.838309E+05
  0.000000E+00 -3.447684E+04 -5.763095E+05  5.277432E+05  0.000000E+00
  0.000000E+00  0.000000E+00  0.000000E+00  3.175860E+06  7.066296E-02
  7.044739E+03  1.408948E+04  9.000000E+01  9.000000E+01  9.000000E+01
  0.000000E+00  6.751637E+00  1.152606E+12  8.085985E+00 -1.033659E+00
 -5.273486E-01 -1.033659E+00  6.563684E+00  3.418051E-01 -5.273486E-01
  3.418051E-01  5.605242E+00  5.546406E+01  4.622568E+01  4.286170E+01
  4.028709E+02  1.392929E+04  1.490228E+02  0.000000E+00  0.000000E+00
  0.000000E+00  1.490228E+02  0.000000E+00  0.000000E+00  0.000000E+00
  1.430065E+02  1.356053E+04
     64000  8.930624E+00        52
  1.152605E+12  1.000129E+03 -5.871876E+05  9.697016E+04 -6.912406E+05
  0.000000E+00  0.000000E+00  0.000000E+00  0.000000E+00 -5.840830E+05
  0.000000E+00 -3.551649E+04 -5.775439E+05  5.278616E+05  0.000000E+00
  0.000000E+00  0.000000E+00  0.000000E+00  3.183241E+06  4.579740E-01
  7.082887E+03  1.416577E+04  9.000000E+01  9.000000E+01  9.000000E+01
  0.000000E+00  6.908180E+00  1.152606E+12  7.960424E+00 -1.066338E+00
 -5.350633E-01 -1.066338E+00  6.920013E+00  3.572356E-01 -5.350633E-01
  3.572356E-01  5.844101E+00  5.599213E+01  4.660059E+01  4.326620E+01
  4.139567E+02  1.394734E+04  1.491382E+02  0.000000E+00  0.000000E+00
  0.000000E+00  1.491382E+02  0.000000E+00  0.000000E+00  0.000000E+00
  1.431172E+02  1.390718E+04
     65000  9.070165E+00        52
  1.152605E+12  1.000000E+03 -5.873117E+05  9.700875E+04 -6.913976E+05
  0.000000E+00  0.000000E+00  0.000000E+00  0.000000E+00 -5.842075E+05
  0.000000E+00 -3.587173E+04 -5.778294E+05  5.278033E+05  0.000000E+00
  0.000000E+00  0.000000E+00  0.000000E+00  3.190779E+06  2.641791E-02
  7.077173E+03  1.415435E+04  9.000000E+01  9.000000E+01  9.000000E+01
  0.000000E+00  6.950409E+00  1.152606E+12  7.993931E+00 -9.530358E-01
 -6.242692E-01 -9.530358E-01  6.891619E+00  3.571812E-01 -6.242692E-01
  3.571812E-01  5.965678E+00  5.698667E+01  4.740820E+01  4.404253E+01
  4.351770E+02  1.397627E+04  1.492558E+02  0.000000E+00  0.000000E+00
  0.000000E+00  1.492558E+02  0.000000E+00  0.000000E+00  0.000000E+00
  1.432301E+02  1.402533E+04
     66000  9.209706E+00        52
  1.152605E+12  1.000032E+03 -5.874737E+05  9.700144E+04 -6.915801E+05
  0.000000E+00  0.000000E+00  0.000000E+00  0.000000E+00 -5.843695E+05
  0.000000E+00 -3.609631E+04 -5.778177E+05  5.275114E+05  0.000000E+00
  0.000000E+00  0.000000E+00  0.000000E+00  3.198333E+06  7.469400E-02
  7.104967E+03  1.420993E+04  9.000000E+01  9.000000E+01  9.000000E+01
  0.000000E+00  6.971034E+00  1.152606E+12  7.947309E+00 -9.201050E-01
 -6.443208E-01 -9.201050E-01  6.963098E+00  4.142849E-01 -6.443208E-01
  4.142849E-01  6.002696E+00  5.811636E+01  4.829030E+01  4.514627E+01
  4.661913E+02  1.401519E+04  1.493735E+02  0.000000E+00  0.000000E+00
  0.000000E+00  1.493735E+02  0.000000E+00  0.000000E+00  0.000000E+00
  1.433430E+02  1.410025E+04
     67000  9.349247E+00        52
  1.152605E+12  1.001435E+03 -5.874761E+05  9.700141E+04 -6.916330E+05
  0.000000E+00  0.000000E+00  0.000000E+00  0.000000E+00 -5.843675E+05
  0.000000E+00 -3.602971E+04 -5.776193E+05  5.272786E+05  0.000000E+00
  0.000000E+00  0.000000E+00  0.000000E+00  3.205975E+06  2.366201E+00
  7.155528E+03  1.431106E+04  9.000000E+01  9.000000E+01  9.000000E+01
  0.000000E+00  6.944902E+00  1.152606E+12  7.079054E+00 -3.877211E-01
 -4.081551E-01 -3.877211E-01  6.969702E+00 -3.043530E-01 -4.081551E-01
 -3.043530E-01  6.785949E+00  5.935247E+01  4.929124E+01  4.619243E+01
  5.024290E+02  1.405750E+04  1.494924E+02  0.000000E+00  0.000000E+00
  0.000000E+00  1.494924E+02  0.000000E+00  0.000000E+00  0.000000E+00
  1.434571E+02  1.408096E+04
     68000  9.488788E+00        52
  1.152605E+12  1.000000E+03 -5.876480E+05  9.705870E+04 -6.918722E+05
  0.000000E+00  0.000000E+00  0.000000E+00  0.000000E+00 -5.845439E+05
  0.000000E+00 -3.641775E+04 -5.779564E+05  5.272077E+05  0.000000E+00
  0.000000E+00  0.000000E+00  0.000000E+00  3.213671E+06  2.905988E-02
  7.165498E+03  1.433100E+04  9.000000E+01  9.000000E+01  9.000000E+01
  0.000000E+00  6.990452E+00  1.152606E+12  6.692594E+00 -1.677168E-01
 -3.333042E-01 -1.677168E-01  7.098810E+00 -3.657472E-01 -3.333042E-01
 -3.657472E-01  7.179953E+00  6.078819E+01  5.042320E+01  4.727520E+01
  5.277059E+02  1.408641E+04  1.496119E+02  0.000000E+00  0.000000E+00
  0.000000E+00  1.496119E+02  0.000000E+00  0.000000E+00  0.000000E+00
  1.435718E+02  1.420734E+04
     69000  9.628329E+00        52
  1.152605E+12  1.471775E+03 -5.376635E+05  9.704030E+04 -6.920245E+05
  0.000000E+00  0.000000E+00  0.000000E+00  0.000000E+00 -5.330958E+05
  0.000000E+00  6.363976E+04 -5.779475E+05  5.269458E+05  0.000000E+00
  0.000000E+00  0.000000E+00  0.000000E+00  3.221511E+06  9.430032E+02
  5.732074E+04  1.146415E+05  9.000000E+01  9.000000E+01  9.000000E+01
  0.000000E+00 -8.918200E+00  1.152606E+12 -2.338482E+01 -1.816217E+01
  1.111732E+01 -1.816217E+01 -4.790721E+00  6.776920E+00  1.111732E+01
  6.776920E+00  1.420943E+00  6.241287E+01  5.160103E+01  4.853839E+01
  5.586835E+02  1.412221E+04  1.497335E+02  0.000000E+00  0.000000E+00
  0.000000E+00  1.497335E+02  0.000000E+00  0.000000E+00  0.000000E+00
  1.436885E+02 -1.816950E+04
     70000  9.767870E+00        52
  1.152605E+12  1.000068E+03 -5.883842E+05  9.691964E+04 -6.924504E+05
  0.000000E+00  0.000000E+00  0.000000E+00  0.000000E+00 -5.852798E+05
  0.000000E+00 -3.679661E+04 -5.774666E+05  5.263769E+05  0.000000E+00
  0.000000E+00  0.000000E+00  0.000000E+00  3.229219E+06  2.020820E-01
  7.146556E+03  1.429311E+04  9.000000E+01  9.000000E+01  9.000000E+01
  0.000000E+00  7.018700E+00  1.152606E+12  8.054740E+00  8.665225E-01
 -7.561894E-01  8.665225E-01  6.862660E+00 -4.038027E-01 -7.561894E-01
 -4.038027E-01  6.138699E+00  6.266034E+01  5.172843E+01  4.871993E+01
  5.879522E+02  1.415299E+04  1.498528E+02  0.000000E+00  0.000000E+00
  0.000000E+00  1.498528E+02  0.000000E+00  0.000000E+00  0.000000E+00
  1.438030E+02  1.433376E+04
     71000  9.907411E+00        52
  1.152605E+12  1.000000E+03 -5.884807E+05  9.675803E+04 -6.923735E+05
  0.000000E+00  0.000000E+00  0.000000E+00  0.000000E+00 -5.853766E+05
  0.000000E+00 -3.643545E+04 -5.765029E+05  5.257980E+05  0.000000E+00
  0.000000E+00  0.000000E+00  0.000000E+00  3.237029E+06  2.698931E-02
  7.134751E+03  1.426950E+04  9.000000E+01  9.000000E+01  9.000000E+01
  0.000000E+00  6.942892E+00  1.152606E+12  7.665613E+00  4.086018E-01
 -6.396684E-01  4.086018E-01  7.068909E+00  2.122244E-02 -6.396684E-01
  2.122244E-02  6.094154E+00  6.289024E+01  5.190851E+01  4.886957E+01
  6.248086E+02  1.419442E+04  1.499735E+02  0.000000E+00  0.000000E+00
  0.000000E+00  1.499735E+02  0.000000E+00  0.000000E+00  0.000000E+00
  1.439188E+02  1.421324E+04
     72000  1.004695E+01        52
  1.152605E+12  1.014789E+03 -5.873171E+05  9.684855E+04 -6.927089E+05
  0.000000E+00  0.000000E+00  0.000000E+00  0.000000E+00 -5.841671E+05
  0.000000E+00 -3.429128E+04 -5.769565E+05  5.255788E+05  0.000000E+00
  0.000000E+00  0.000000E+00  0.000000E+00  3.244837E+06  1.450742E+01
  8.543225E+03  1.708645E+04  9.000000E+01  9.000000E+01  9.000000E+01
  0.000000E+00  6.592802E+00  1.152606E+12  6.439702E+00 -3.227269E-01
 -9.006584E-03 -3.227269E-01  7.708961E+00 -8.632506E-02 -9.006584E-03
 -8.632506E-02  5.629743E+00  6.327360E+01  5.226277E+01  4.914174E+01
  6.711709E+02  1.424335E+04  1.500940E+02  0.000000E+00  0.000000E+00
  0.000000E+00  1.500940E+02  0.000000E+00  0.000000E+00  0.000000E+00
  1.440344E+02  1.352910E+04
     73000  1.018649E+01        52
  1.152605E+12  1.000110E+03 -5.888712E+05  9.670889E+04 -6.927197E+05
  0.000000E+00  0.000000E+00  0.000000E+00  0.000000E+00 -5.857667E+05
  0.000000E+00 -3.684693E+04 -5.761720E+05  5.250459E+05  0.000000E+00
  0.000000E+00  0.000000E+00  0.000000E+00  3.252698E+06  1.227651E-01
  7.139555E+03  1.427911E+04  9.000000E+01  9.000000E+01  9.000000E+01
  0.000000E+00  6.976234E+00  1.152606E+12  6.260290E+00  1.075936E-01
 -5.293662E-02  1.075936E-01  9.018869E+00 -1.827102E-01 -5.293662E-02
 -1.827102E-01  5.649542E+00  6.351868E+01  5.237308E+01  4.925155E+01
  6.838245E+02  1.425660E+04  1.502151E+02  0.000000E+00  0.000000E+00
  0.000000E+00  1.502151E+02  0.000000E+00  0.000000E+00  0.000000E+00
  1.441506E+02  1.435062E+04
     74000  1.032603E+01        52
  1.152605E+12  1.000000E+03 -5.888416E+05  9.660395E+04 -6.926252E+05
  0.000000E+00  0.000000E+00  0.000000E+00  0.000000E+00 -5.857374E+05
  0.000000E+00 -3.649244E+04 -5.755148E+05  5.246630E+05  0.000000E+00
  0.000000E+00  0.000000E+00  0.000000E+00  3.260602E+06  2.332197E-02
  7.179695E+03  1.435939E+04  9.000000E+01  9.000000E+01  9.000000E+01
  0.000000E+00  6.901908E+00  1.152606E+12  6.334208E+00  4.852852E-01
 -5.967475E-02  4.852852E-01  8.709310E+00 -1.399989E-01 -5.967475E-02
 -1.399989E-01  5.662207E+00  6.432049E+01  5.266854E+01  4.956603E+01
  7.056451E+02  1.427830E+04  1.503367E+02  0.000000E+00  0.000000E+00
  0.000000E+00  1.503367E+02  0.000000E+00  0.000000E+00  0.000000E+00
  1.442673E+02  1.423223E+04
     75000  1.046557E+01        52
  1.152605E+12  9.997901E+02 -5.887357E+05  9.651571E+04 -6.924188E+05
  0.000000E+00  0.000000E+00  0.000000E+00  0.000000E+00 -5.856322E+05
  0.000000E+00 -3.657340E+04 -5.749872E+05  5.240790E+05  0.000000E+00
  0.000000E+00  0.000000E+00  0.000000E+00  3.268756E+06  1.368905E+00
  7.167402E+03  1.433480E+04  9.000000E+01  9.000000E+01  9.000000E+01
  0.000000E+00  6.897538E+00  1.152606E+12  7.144805E+00  2.183959E-01
  1.134494E+00  2.183959E-01  6.288413E+00  3.354106E-01  1.134494E+00
  3.354106E-01  7.259395E+00  6.520522E+01  5.293219E+01  4.981505E+01
  7.218813E+02  1.429711E+04  1.504619E+02  0.000000E+00  0.000000E+00
  0.000000E+00  1.504619E+02  0.000000E+00  0.000000E+00  0.000000E+00
  1.443875E+02  1.425879E+04
     76000  1.060512E+01        52
  1.152605E+12  1.000539E+03 -5.890373E+05  9.628536E+04 -6.924322E+05
  0.000000E+00  0.000000E+00  0.000000E+00  0.000000E+00 -5.859314E+05
  0.000000E+00 -3.621502E+04 -5.734717E+05  5.230375E+05  0.000000E+00
  0.000000E+00  0.000000E+00  0.000000E+00  3.299194E+06  1.162601E+00
  7.109554E+03  1.421911E+04  9.000000E+01  9.000000E+01  9.000000E+01
  0.000000E+00  6.777390E+00  1.152606E+12  6.860808E+00  1.213416E+00
 -3.960640E-01  1.213416E+00  7.841545E+00 -5.889435E-01 -3.960640E-01
 -5.889435E-01  5.629816E+00  6.527860E+01  5.298121E+01  4.984566E+01
  7.262936E+02  1.434964E+04  1.509275E+02  0.000000E+00  0.000000E+00
  0.000000E+00  1.509275E+02  0.000000E+00  0.000000E+00  0.000000E+00
  1.448343E+02  1.414088E+04
     77000  1.074466E+01        52
  1.152605E+12  1.000000E+03 -5.892107E+05  9.622568E+04 -6.925522E+05
  0.000000E+00  0.000000E+00  0.000000E+00  0.000000E+00 -5.861065E+05
  0.000000E+00 -3.607137E+04 -5.731812E+05  5.228782E+05  0.000000E+00
  0.000000E+00  0.000000E+00  0.000000E+00  3.307083E+06  1.914889E-02
  7.115819E+03  1.423164E+04  9.000000E+01  9.000000E+01  9.000000E+01
  0.000000E+00  6.737794E+00  1.152606E+12  6.757303E+00  1.114121E+00
 -1.385596E-01  1.114121E+00  7.834624E+00 -1.659741E-01 -1.385596E-01
 -1.659741E-01  5.621456E+00  6.556580E+01  5.312306E+01  5.005246E+01
  7.392551E+02  1.438837E+04  1.510477E+02  0.000000E+00  0.000000E+00
  0.000000E+00  1.510477E+02  0.000000E+00  0.000000E+00  0.000000E+00
  1.449496E+02  1.409188E+04
     78000  1.088420E+01        52
  1.152605E+12  9.997731E+02 -5.892446E+05  9.613947E+04 -6.924883E+05
  0.000000E+00  0.000000E+00  0.000000E+00  0.000000E+00 -5.861411E+05
  0.000000E+00 -3.575706E+04 -5.726780E+05  5.227125E+05  0.000000E+00
  0.000000E+00  0.000000E+00  0.000000E+00  3.314917E+06  1.325792E-01
  7.104229E+03  1.420846E+04  9.000000E+01  9.000000E+01  9.000000E+01
  0.000000E+00  6.671671E+00  1.152606E+12  6.505794E+00  9.674586E-01
  3.110964E-02  9.674586E-01  7.955410E+00  1.489651E-02  3.110964E-02
  1.489651E-02  5.553808E+00  6.598582E+01  5.347619E+01  5.045327E+01
  7.623704E+02  1.443529E+04  1.511669E+02  0.000000E+00  0.000000E+00
  0.000000E+00  1.511669E+02  0.000000E+00  0.000000E+00  0.000000E+00
  1.450640E+02  1.398664E+04
     79000  1.102374E+01        52
  1.152605E+12  7.484736E+03 -4.266176E+05  9.598715E+04 -6.922300E+05
  0.000000E+00  0.000000E+00  0.000000E+00  0.000000E+00 -4.033969E+05
  0.000000E+00  2.893409E+05 -5.718189E+05  5.219092E+05  0.000000E+00
  0.000000E+00  0.000000E+00  0.000000E+00  3.323936E+06  1.296830E+04
  1.696252E+05  3.392505E+05  9.000000E+01  9.000000E+01  9.000000E+01
  0.000000E+00 -3.851714E+01  1.152606E+12 -6.537626E+01  1.058445E+01
 -6.542186E+01  1.058445E+01  4.403441E+00  9.775855E+00 -6.542186E+01
  9.775855E+00 -5.457860E+01  6.609285E+01  5.357471E+01  5.059221E+01
  7.741760E+02  1.445737E+04  1.513038E+02  0.000000E+00  0.000000E+00
  0.000000E+00  1.513038E+02  0.000000E+00  0.000000E+00  0.000000E+00
  1.451954E+02 -8.096788E+04
     80000  1.116328E+01        52
  1.152605E+12  1.000000E+03 -5.893243E+05  9.591331E+04 -6.923149E+05
  0.000000E+00  0.000000E+00  0.000000E+00  0.000000E+00 -5.862201E+05
  0.000000E+00 -3.550389E+04 -5.713375E+05  5.216792E+05  0.000000E+00
  0.000000E+00  0.000000E+00  0.000000E+00  3.331080E+06  1.673005E-02
  7.077208E+03  1.415442E+04  9.000000E+01  9.000000E+01  9.000000E+01
  0.000000E+00  6.599462E+00  1.152606E+12  6.469904E+00  1.595413E-01
  9.029605E-01  1.595413E-01  6.080084E+00  5.273219E-01  9.029605E-01
  5.273219E-01  7.248397E+00  6.614606E+01  5.360462E+01  5.059467E+01
  7.813421E+02  1.447550E+04  1.514121E+02  0.000000E+00  0.000000E+00
  0.000000E+00  1.514121E+02  0.000000E+00  0.000000E+00  0.000000E+00
  1.452994E+02  1.390272E+04
     81000  1.130282E+01        52
  1.152605E+12  9.999501E+02 -5.893919E+05  9.576582E+04 -6.922597E+05
  0.000000E+00  0.000000E+00  0.000000E+00  0.000000E+00 -5.862878E+05
  0.000000E+00 -3.491897E+04 -5.704898E+05  5.213668E+05  0.000000E+00
  0.000000E+00  0.000000E+00  0.000000E+00  3.338906E+06  8.192640E-02
  7.102010E+03  1.420402E+04  9.000000E+01  9.000000E+01  9.000000E+01
  0.000000E+00  6.491612E+00  1.152606E+12  6.227394E+00  1.429879E-01
  8.524559E-01  1.429879E-01  5.976711E+00  4.780055E-01  8.524559E-01
  4.780055E-01  7.270730E+00  6.627201E+01  5.375480E+01  5.076566E+01
  7.975017E+02  1.449901E+04  1.515306E+02  0.000000E+00  0.000000E+00
  0.000000E+00  1.515306E+02  0.000000E+00  0.000000E+00  0.000000E+00
  1.454131E+02  1.370764E+04
     82000  1.144236E+01        52
  1.152605E+12  1.001591E+03 -5.893028E+05  9.583528E+04 -6.922832E+05
  0.000000E+00  0.000000E+00  0.000000E+00  0.000000E+00 -5.861936E+05
  0.000000E+00 -3.535178E+04 -5.707628E+05  5.211207E+05  0.000000E+00
  0.000000E+00  0.000000E+00  0.000000E+00  3.346681E+06  5.241046E+00
  7.145186E+03  1.429037E+04  9.000000E+01  9.000000E+01  9.000000E+01
  0.000000E+00  6.546297E+00  1.152606E+12  6.126338E+00  3.386074E-02
 -3.063091E-01  3.386074E-02  6.681041E+00 -6.499388E-01 -3.063091E-01
 -6.499388E-01  6.831511E+00  6.655356E+01  5.392152E+01  5.093558E+01
  8.146454E+02  1.452079E+04  1.516481E+02  0.000000E+00  0.000000E+00
  0.000000E+00  1.516481E+02  0.000000E+00  0.000000E+00  0.000000E+00
  1.455258E+02  1.385530E+04
     83000  1.158190E+01        52
  1.152605E+12  1.000000E+03 -5.034090E+05  9.474104E+04 -6.912877E+05
  0.000000E+00  0.000000E+00  0.000000E+00  0.000000E+00 -5.003048E+05
  0.000000E+00  1.401920E+05 -5.647307E+05  5.186474E+05  0.000000E+00
  0.000000E+00  0.000000E+00  0.000000E+00  3.378697E+06  1.002930E-01
  9.313764E+04  1.862753E+05  9.000000E+01  9.000000E+01  9.000000E+01
  0.000000E+00 -2.090203E+01  1.152606E+12 -3.694201E+01  3.624094E+01
 -1.353104E+01  3.624094E+01 -2.599424E+01  1.162568E+01 -1.353104E+01
  1.162568E+01  2.301668E-01  6.665760E+01  5.396889E+01  5.095610E+01
  8.196802E+02  1.457041E+04  1.521302E+02  0.000000E+00  0.000000E+00
  0.000000E+00  1.521302E+02  0.000000E+00  0.000000E+00  0.000000E+00
  1.459884E+02 -4.466257E+04
     84000  1.172144E+01        52
  1.152605E+12  1.000033E+03 -5.894854E+05  9.548939E+04 -6.920330E+05
  0.000000E+00  0.000000E+00  0.000000E+00  0.000000E+00 -5.863810E+05
  0.000000E+00 -3.473220E+04 -5.685775E+05  5.197288E+05  0.000000E+00
  0.000000E+00  0.000000E+00  0.000000E+00  3.386083E+06  4.612323E-02
  7.058257E+03  1.411651E+04  9.000000E+01  9.000000E+01  9.000000E+01
  0.000000E+00  6.372174E+00  1.152606E+12  7.549761E+00 -1.155865E+00
  3.721079E-01 -1.155865E+00  6.335144E+00 -2.850704E-01  3.721079E-01
 -2.850704E-01  5.231616E+00  6.691441E+01  5.406789E+01  5.106930E+01
  8.274252E+02  1.461311E+04  1.522410E+02  0.000000E+00  0.000000E+00
  0.000000E+00  1.522410E+02  0.000000E+00  0.000000E+00  0.000000E+00
  1.460947E+02  1.364556E+04
     85000  1.186098E+01        52
  1.152605E+12  1.000052E+03 -5.896064E+05  9.545807E+04 -6.921353E+05
  0.000000E+00  0.000000E+00  0.000000E+00  0.000000E+00 -5.865020E+05
  0.000000E+00 -3.468848E+04 -5.684173E+05  5.195872E+05  0.000000E+00
  0.000000E+00  0.000000E+00  0.000000E+00  3.393906E+06  1.414218E-01
  7.070810E+03  1.414162E+04  9.000000E+01  9.000000E+01  9.000000E+01
  0.000000E+00  6.350713E+00  1.152606E+12  7.525849E+00 -1.097023E+00
  4.428510E-01 -1.097023E+00  6.276164E+00 -2.743948E-01  4.428510E-01
 -2.743948E-01  5.250126E+00  6.768136E+01  5.425897E+01  5.131856E+01
  8.468102E+02  1.466163E+04  1.523581E+02  0.000000E+00  0.000000E+00
  0.000000E+00  1.523581E+02  0.000000E+00  0.000000E+00  0.000000E+00
  1.462072E+02  1.363102E+04
     86000  1.200053E+01        52
  1.152605E+12  1.000000E+03 -5.900215E+05  9.408077E+04 -6.906397E+05
  0.000000E+00  0.000000E+00  0.000000E+00  0.000000E+00 -5.869171E+05
  0.000000E+00 -3.165161E+04 -5.570290E+05  5.123024E+05  0.000000E+00
  0.000000E+00  0.000000E+00  0.000000E+00  3.556729E+06  2.945480E-02
  6.537479E+03  1.307496E+04  9.000000E+01  9.000000E+01  9.000000E+01
  0.000000E+00  5.609900E+00  1.152606E+12  4.970786E+00 -3.402263E-01
  4.439906E-01 -3.402263E-01  5.818714E+00 -1.211322E+00  4.439906E-01
 -1.211322E+00  6.040201E+00  6.838591E+01  5.437651E+01  5.150892E+01
  8.578047E+02  1.474530E+04  1.547566E+02  0.000000E+00  0.000000E+00
  0.000000E+00  1.547566E+02  0.000000E+00  0.000000E+00  0.000000E+00
  1.485088E+02  1.261862E+04
     87000  1.214007E+01        52
  1.152605E+12  1.000083E+03 -5.901745E+05  9.402307E+04 -6.912406E+05
  0.000000E+00  0.000000E+00  0.000000E+00  0.000000E+00 -5.870698E+05
  0.000000E+00 -3.109006E+04 -5.591413E+05  5.139650E+05  0.000000E+00
  0.000000E+00  0.000000E+00  0.000000E+00  3.564513E+06  7.784140E-02
  7.043101E+03  1.408620E+04  9.000000E+01  9.000000E+01  9.000000E+01
  0.000000E+00  5.514690E+00  1.152606E+12  4.968629E+00 -3.456947E-01
  4.698010E-01 -3.456947E-01  5.557616E+00 -1.101552E+00  4.698010E-01
 -1.101552E+00  6.017825E+00  6.880368E+01  5.472778E+01  5.184329E+01
  8.573546E+02  1.479064E+04  1.548694E+02  0.000000E+00  0.000000E+00
  0.000000E+00  1.548694E+02  0.000000E+00  0.000000E+00  0.000000E+00
  1.486171E+02  1.243161E+04
     88000  1.227961E+01        52
  1.152605E+12  9.999480E+02 -5.902707E+05  9.404779E+04 -6.913153E+05
  0.000000E+00  0.000000E+00  0.000000E+00  0.000000E+00 -5.871665E+05
  0.000000E+00 -3.141321E+04 -5.592830E+05  5.138762E+05  0.000000E+00
  0.000000E+00  0.000000E+00  0.000000E+00  3.572090E+06  1.472299E-01
  6.996782E+03  1.399356E+04  9.000000E+01  9.000000E+01  9.000000E+01
  0.000000E+00  5.550551E+00  1.152606E+12  5.034266E+00 -3.670683E-01
  5.101911E-01 -3.670683E-01  5.544197E+00 -1.058899E+00  5.101911E-01
 -1.058899E+00  6.073192E+00  6.928515E+01  5.504589E+01  5.215312E+01
  8.687900E+02  1.484865E+04  1.549791E+02  0.000000E+00  0.000000E+00
  0.000000E+00  1.549791E+02  0.000000E+00  0.000000E+00  0.000000E+00
  1.487223E+02  1.253905E+04
     89000  1.241915E+01        52
  1.152605E+12  1.000000E+03 -5.903630E+05  9.414217E+04 -6.915085E+05
  0.000000E+00  0.000000E+00  0.000000E+00  0.000000E+00 -5.872587E+05
  0.000000E+00 -3.175657E+04 -5.597168E+05  5.139537E+05  0.000000E+00
  0.000000E+00  0.000000E+00  0.000000E+00  3.579714E+06  2.533130E-02
  7.003293E+03  1.400659E+04  9.000000E+01  9.000000E+01  9.000000E+01
  0.000000E+00  5.589334E+00  1.152606E+12  5.151669E+00 -5.360146E-01
  4.933216E-01 -5.360146E-01  5.906591E+00 -1.002548E+00  4.933216E-01
 -1.002548E+00  5.709742E+00  6.992973E+01  5.547160E+01  5.264612E+01
  8.923111E+02  1.491841E+04  1.550893E+02  0.000000E+00  0.000000E+00
  0.000000E+00  1.550893E+02  0.000000E+00  0.000000E+00  0.000000E+00
  1.488280E+02  1.265361E+04
     90000  1.255869E+01        52
  1.152605E+12  1.000043E+03 -5.905965E+05  9.384020E+04 -6.914092E+05
  0.000000E+00  0.000000E+00  0.000000E+00  0.000000E+00 -5.874920E+05
  0.000000E+00 -3.121784E+04 -5.577251E+05  5.125624E+05  0.000000E+00
  0.000000E+00  0.000000E+00  0.000000E+00  3.632100E+06  4.550471E-02
  6.972440E+03  1.394488E+04  9.000000E+01  9.000000E+01  9.000000E+01
  0.000000E+00  5.430579E+00  1.152606E+12  6.405116E+00  1.189601E+00
 -2.173399E-01  1.189601E+00  5.592613E+00 -1.634975E-01 -2.173399E-01
 -1.634975E-01  4.294008E+00  7.016175E+01  5.566285E+01  5.290485E+01
  9.045990E+02  1.495764E+04  1.558422E+02  0.000000E+00  0.000000E+00
  0.000000E+00  1.558422E+02  0.000000E+00  0.000000E+00  0.000000E+00
  1.495505E+02  1.247412E+04
     91000  1.269823E+01        52
  1.152605E+12  9.999553E+02 -5.905950E+05  9.372455E+04 -6.913053E+05
  0.000000E+00  0.000000E+00  0.000000E+00  0.000000E+00 -5.874907E+05
  0.000000E+00 -3.080317E+04 -5.569909E+05  5.122162E+05  0.000000E+00
  0.000000E+00  0.000000E+00  0.000000E+00  3.639713E+06  1.090968E-01
  6.985788E+03  1.397158E+04  9.000000E+01  9.000000E+01  9.000000E+01
  0.000000E+00  5.359093E+00  1.152606E+12  6.321706E+00  1.087481E+00
 -2.018187E-01  1.087481E+00  5.486115E+00 -2.024462E-01 -2.018187E-01
 -2.024462E-01  4.269457E+00  7.024804E+01  5.573670E+01  5.291713E+01
  9.180197E+02  1.499262E+04  1.559510E+02  0.000000E+00  0.000000E+00
  0.000000E+00  1.559510E+02  0.000000E+00  0.000000E+00  0.000000E+00
  1.496549E+02  1.233572E+04
     92000  1.283777E+01        52
  1.152605E+12  1.000000E+03 -5.906703E+05  9.383744E+04 -6.915052E+05
  0.000000E+00  0.000000E+00  0.000000E+00  0.000000E+00 -5.875659E+05
  0.000000E+00 -3.129821E+04 -5.576413E+05  5.123483E+05  0.000000E+00
  0.000000E+00  0.000000E+00  0.000000E+00  3.647360E+06  2.458271E-02
  6.997404E+03  1.399481E+04  9.000000E+01  9.000000E+01  9.000000E+01
  0.000000E+00  5.419435E+00  1.152606E+12  6.446492E+00  9.750548E-01
 -1.156831E-01  9.750548E-01  5.416048E+00 -1.442768E-01 -1.156831E-01
 -1.442768E-01  4.395766E+00  7.063856E+01  5.594336E+01  5.311219E+01
  9.446454E+02  1.504335E+04  1.560601E+02  0.000000E+00  0.000000E+00
  0.000000E+00  1.560601E+02  0.000000E+00  0.000000E+00  0.000000E+00
  1.497597E+02  1.250082E+04
     93000  1.297731E+01        52
  1.152605E+12  9.975753E+02 -5.906787E+05  9.306574E+04 -6.907473E+05
  0.000000E+00  0.000000E+00  0.000000E+00  0.000000E+00 -5.875818E+05
  0.000000E+00 -2.826903E+04 -5.529155E+05  5.106408E+05  0.000000E+00
  0.000000E+00  0.000000E+00  0.000000E+00  3.654898E+06  4.887289E-01
  7.002840E+03  1.400568E+04  9.000000E+01  9.000000E+01  9.000000E+01
  0.000000E+00  4.969247E+00  1.152606E+12  5.907491E+00  1.043799E+00
  6.103742E-02  1.043799E+00  5.121276E+00 -4.685085E-02  6.103742E-02
 -4.685085E-02  3.878974E+00  7.127815E+01  5.619761E+01  5.333222E+01
  9.834146E+02  1.510856E+04  1.561675E+02  0.000000E+00  0.000000E+00
  0.000000E+00  1.561675E+02  0.000000E+00  0.000000E+00  0.000000E+00
  1.498628E+02  1.148608E+04
     94000  1.311685E+01        52
  1.152605E+12  1.000060E+03 -5.907317E+05  9.333183E+04 -6.910131E+05
  0.000000E+00  0.000000E+00  0.000000E+00  0.000000E+00 -5.876271E+05
  0.000000E+00 -3.032552E+04 -5.543879E+05  5.101633E+05  0.000000E+00
  0.000000E+00  0.000000E+00  0.000000E+00  3.701289E+06  1.405334E-01
  6.949525E+03  1.389905E+04  9.000000E+01  9.000000E+01  9.000000E+01
  0.000000E+00  5.202011E+00  1.152606E+12  6.352616E+00  8.363184E-01
 -7.028720E-01  8.363184E-01  4.911523E+00 -3.356597E-01 -7.028720E-01
 -3.356597E-01  4.341893E+00  7.151714E+01  5.635476E+01  5.348226E+01
  9.905388E+02  1.516905E+04  1.568255E+02  0.000000E+00  0.000000E+00
  0.000000E+00  1.568255E+02  0.000000E+00  0.000000E+00  0.000000E+00
  1.504942E+02  1.217672E+04
     95000  1.325639E+01        52
  1.152605E+12  1.000000E+03 -5.913030E+05  8.938623E+04 -6.865599E+05
  0.000000E+00  0.000000E+00  0.000000E+00  0.000000E+00 -5.881982E+05
  0.000000E+00 -2.148204E+04 -5.239505E+05  4.907272E+05  0.000000E+00
  0.000000E+00  0.000000E+00  0.000000E+00  4.219422E+06  3.236709E-02
  5.870654E+03  1.174131E+04  9.000000E+01  9.000000E+01  9.000000E+01
  0.000000E+00  3.458476E+00  1.152606E+12  3.371857E+00  1.917202E-01
  8.813774E-02  1.917202E-01  3.229093E+00  5.253399E-01  8.813774E-02
  5.253399E-01  3.774477E+00  7.200187E+01  5.655791E+01  5.371141E+01
  9.958566E+02  1.581789E+04  1.638262E+02  0.000000E+00  0.000000E+00
  0.000000E+00  1.638262E+02  0.000000E+00  0.000000E+00  0.000000E+00
  1.572122E+02  9.228767E+03
     96000  1.339594E+01        52
  1.152611E+12  1.236256E+03 -5.665277E+05  8.886623E+04 -6.873295E+05
  0.000000E+00  0.000000E+00  0.000000E+00  0.000000E+00 -5.626899E+05
  0.000000E+00  3.149603E+04 -5.256310E+05  4.932558E+05  0.000000E+00
  0.000000E+00  0.000000E+00  0.000000E+00  4.283437E+06  4.707085E+02
  3.193562E+04  6.387125E+04  9.000000E+01  9.000000E+01  9.000000E+01
  0.000000E+00 -2.931777E+00  1.152611E+12  1.124505E+00 -2.972118E+00
  1.201206E+00 -2.972118E+00 -2.371233E+00  7.810149E+00  1.201206E+00
  7.810149E+00 -7.548605E+00  7.288817E+01  5.751852E+01  5.451865E+01
  1.003219E+03  1.598934E+04  1.646505E+02  0.000000E+00  0.000000E+00
  0.000000E+00  1.646505E+02  0.000000E+00  0.000000E+00  0.000000E+00
  1.580033E+02 -7.941992E+03
     97000  1.353548E+01        52
  1.152611E+12  9.995192E+02 -5.918638E+05  8.809448E+04 -6.867896E+05
  0.000000E+00  0.000000E+00  0.000000E+00  0.000000E+00 -5.887604E+05
  0.000000E+00 -1.621048E+04 -5.211712E+05  4.912981E+05  0.000000E+00
  0.000000E+00  0.000000E+00  0.000000E+00  4.290080E+06  6.226276E-01
  6.831342E+03  1.366268E+04  9.000000E+01  9.000000E+01  9.000000E+01
  0.000000E+00  2.753488E+00  1.152611E+12  3.061265E+00 -3.689828E-01
  9.111337E-01 -3.689828E-01  2.364149E+00 -3.628630E-01  9.111337E-01
 -3.628630E-01  2.835049E+00  7.310149E+01  5.749577E+01  5.459467E+01
  1.006670E+03  1.601786E+04  1.647356E+02  0.000000E+00  0.000000E+00
  0.000000E+00  1.647356E+02  0.000000E+00  0.000000E+00  0.000000E+00
  1.580849E+02  7.470585E+03
     98000  1.367502E+01        52
  1.152611E+12  1.000000E+03 -5.918840E+05  9.042768E+04 -6.891752E+05
  0.000000E+00  0.000000E+00  0.000000E+00  0.000000E+00 -5.887792E+05
  0.000000E+00 -2.450183E+04 -5.343576E+05  4.961287E+05  0.000000E+00
  0.000000E+00  0.000000E+00  0.000000E+00  4.296855E+06  2.572300E-02
  6.863528E+03  1.372706E+04  9.000000E+01  9.000000E+01  9.000000E+01
  0.000000E+00  3.766574E+00  1.152611E+12  4.019844E+00 -1.429130E-01
  6.129372E-01 -1.429130E-01  3.590473E+00 -1.978376E-01  6.129372E-01
 -1.978376E-01  3.689404E+00  7.411278E+01  5.808071E+01  5.513911E+01
  1.016634E+03  1.602854E+04  1.648223E+02  0.000000E+00  0.000000E+00
  0.000000E+00  1.648223E+02  0.000000E+00  0.000000E+00  0.000000E+00
  1.581681E+02  1.023536E+04
     99000  1.381456E+01        52
  1.152611E+12  1.000028E+03 -5.920933E+05  8.998632E+04 -6.889392E+05
  0.000000E+00  0.000000E+00  0.000000E+00  0.000000E+00 -5.889884E+05
  0.000000E+00 -2.300151E+04 -5.318730E+05  4.951523E+05  0.000000E+00
  0.000000E+00  0.000000E+00  0.000000E+00  4.306412E+06  4.395704E-02
  6.859573E+03  1.371915E+04  9.000000E+01  9.000000E+01  9.000000E+01
  0.000000E+00  3.574607E+00  1.152611E+12  4.870373E+00  6.250958E-01
 -1.920067E-01  6.250958E-01  3.182548E+00 -5.407306E-02 -1.920067E-01
 -5.407306E-02  2.670900E+00  7.465581E+01  5.837417E+01  5.540107E+01
  1.025135E+03  1.604217E+04  1.649444E+02  0.000000E+00  0.000000E+00
  0.000000E+00  1.649444E+02  0.000000E+00  0.000000E+00  0.000000E+00
  1.582853E+02  9.735313E+03
    100000  1.395410E+01        52
  1.152611E+12  1.000005E+03 -5.922881E+05  9.003899E+04 -6.892060E+05
  0.000000E+00  0.000000E+00  0.000000E+00  0.000000E+00 -5.891832E+05
  0.000000E+00 -2.297603E+04 -5.319106E+05  4.951766E+05  0.000000E+00
  0.000000E+00  0.000000E+00  0.000000E+00  4.313515E+06  4.598424E-01
  6.878954E+03  1.375791E+04  9.000000E+01  9.000000E+01  9.000000E+01
  0.000000E+00  3.565591E+00  1.152611E+12  4.835180E+00  4.596418E-01
 -2.682348E-01  4.596418E-01  3.125881E+00 -5.050555E-02 -2.682348E-01
 -5.050555E-02  2.735711E+00  7.528243E+01  5.883501E+01  5.583956E+01
  1.040346E+03  1.606225E+04  1.650350E+02  0.000000E+00  0.000000E+00
  0.000000E+00  1.650350E+02  0.000000E+00  0.000000E+00  0.000000E+00
  1.583723E+02  9.726774E+03
    101000  1.409364E+01        52
  1.152611E+12  1.000000E+03 -5.477045E+05  9.053892E+04 -6.897998E+05
  0.000000E+00  0.000000E+00  0.000000E+00  0.000000E+00 -5.445997E+05
  0.000000E+00  6.458574E+04 -5.347076E+05  4.961808E+05  0.000000E+00
  0.000000E+00  0.000000E+00  0.000000E+00  4.321796E+06  3.897201E-02
  5.155631E+04  1.031126E+05  9.000000E+01  9.000000E+01  9.000000E+01
  0.000000E+00 -7.120059E+00  1.152611E+12 -3.640599E+00 -1.093498E+01
 -3.332744E+00 -1.093498E+01 -1.605311E+01 -8.936003E+00 -3.332744E+00
 -8.936003E+00 -1.666472E+00  7.618723E+01  5.953654E+01  5.646768E+01
  1.063257E+03  1.607967E+04  1.651406E+02  0.000000E+00  0.000000E+00
  0.000000E+00  1.651406E+02  0.000000E+00  0.000000E+00  0.000000E+00
  1.584735E+02 -1.946049E+04
    102000  1.423318E+01        52
  1.152611E+12  1.000042E+03 -5.925882E+05  9.024187E+04 -6.897049E+05
  0.000000E+00  0.000000E+00  0.000000E+00  0.000000E+00 -5.894832E+05
  0.000000E+00 -2.366699E+04 -5.328946E+05  4.954780E+05  0.000000E+00
  0.000000E+00  0.000000E+00  0.000000E+00  4.328873E+06  4.655976E-02
  6.874842E+03  1.374968E+04  9.000000E+01  9.000000E+01  9.000000E+01
  0.000000E+00  3.637099E+00  1.152611E+12  4.607936E+00  2.582806E-01
  4.704031E-01  2.582806E-01  3.385405E+00 -4.393888E-02  4.704031E-01
 -4.393888E-02  2.917955E+00  7.622395E+01  5.955209E+01  5.653205E+01
  1.078086E+03  1.608846E+04  1.652307E+02  0.000000E+00  0.000000E+00
  0.000000E+00  1.652307E+02  0.000000E+00  0.000000E+00  0.000000E+00
  1.585600E+02  9.957171E+03
    103000  1.437272E+01        52
  1.152611E+12  1.000278E+03 -5.925978E+05  9.035413E+04 -6.898673E+05
  0.000000E+00  0.000000E+00  0.000000E+00  0.000000E+00 -5.894921E+05
  0.000000E+00 -2.401640E+04 -5.335284E+05  4.956813E+05  0.000000E+00
  0.000000E+00  0.000000E+00  0.000000E+00  4.336223E+06  2.753546E-01
  6.915387E+03  1.383077E+04  9.000000E+01  9.000000E+01  9.000000E+01
  0.000000E+00  3.673583E+00  1.152611E+12  3.955426E+00  2.587585E-02
  1.231239E-01  2.587585E-02  3.732068E+00 -4.992117E-01  1.231239E-01
 -4.992117E-01  3.333255E+00  7.662980E+01  5.989500E+01  5.684459E+01
  1.103022E+03  1.611103E+04  1.653241E+02  0.000000E+00  0.000000E+00
  0.000000E+00  1.653241E+02  0.000000E+00  0.000000E+00  0.000000E+00
  1.586497E+02  1.007413E+04
    104000  1.451226E+01        52
  1.152611E+12  1.000000E+03 -5.926417E+05  9.039918E+04 -6.899836E+05
  0.000000E+00  0.000000E+00  0.000000E+00  0.000000E+00 -5.895368E+05
  0.000000E+00 -2.425737E+04 -5.336363E+05  4.954935E+05  0.000000E+00
  0.000000E+00  0.000000E+00  0.000000E+00  4.343644E+06  1.895445E-02
  6.942742E+03  1.388548E+04  9.000000E+01  9.000000E+01  9.000000E+01
  0.000000E+00  3.696338E+00  1.152611E+12  3.956782E+00  1.506567E-01
 -2.785615E-01  1.506567E-01  3.743311E+00 -2.020678E-01 -2.785615E-01
 -2.020678E-01  3.388919E+00  7.735731E+01  6.038744E+01  5.734299E+01
  1.128079E+03  1.613327E+04  1.654184E+02  0.000000E+00  0.000000E+00
  0.000000E+00  1.654184E+02  0.000000E+00  0.000000E+00  0.000000E+00
  1.587401E+02  1.015388E+04
    105000  1.465180E+01        52
  1.152611E+12  9.998658E+02 -5.927007E+05  9.037871E+04 -6.900456E+05
  0.000000E+00  0.000000E+00  0.000000E+00  0.000000E+00 -5.895962E+05
  0.000000E+00 -2.419180E+04 -5.335079E+05  4.953838E+05  0.000000E+00
  0.000000E+00  0.000000E+00  0.000000E+00  4.351122E+06  1.450127E-01
  6.966155E+03  1.393231E+04  9.000000E+01  9.000000E+01  9.000000E+01
  0.000000E+00  3.681941E+00  1.152611E+12  3.918010E+00  7.504446E-02
 -2.420877E-01  7.504446E-02  3.796000E+00 -1.597616E-01 -2.420877E-01
 -1.597616E-01  3.331814E+00  7.833194E+01  6.104735E+01  5.797505E+01
  1.156083E+03  1.615975E+04  1.655132E+02  0.000000E+00  0.000000E+00
  0.000000E+00  1.655132E+02  0.000000E+00  0.000000E+00  0.000000E+00
  1.588312E+02  1.013174E+04
    106000  1.479135E+01        52
  1.152611E+12  1.000071E+03 -5.933036E+05  8.886543E+04 -6.889095E+05
  0.000000E+00  0.000000E+00  0.000000E+00  0.000000E+00 -5.901982E+05
  0.000000E+00 -2.197069E+04 -5.230869E+05  4.876352E+05  0.000000E+00
  0.000000E+00  0.000000E+00  0.000000E+00  4.783204E+06  3.431490E-01
  6.740538E+03  1.348108E+04  9.000000E+01  9.000000E+01  9.000000E+01
  0.000000E+00  3.104730E+00  1.152611E+12  4.253381E+00 -3.809402E-01
 -3.289868E-01 -3.809402E-01  2.653874E+00  6.503569E-02 -3.289868E-01
  6.503569E-02  2.406934E+00  7.935604E+01  6.179818E+01  5.875863E+01
  1.174757E+03  1.676118E+04  1.708200E+02  0.000000E+00  0.000000E+00
  0.000000E+00  1.708200E+02  0.000000E+00  0.000000E+00  0.000000E+00
  1.639237E+02  9.391798E+03
    107000  1.493089E+01        52
  1.152611E+12  1.000000E+03 -5.933986E+05  8.857707E+04 -6.889037E+05
  0.000000E+00  0.000000E+00  0.000000E+00  0.000000E+00 -5.902935E+05
  0.000000E+00 -2.009808E+04 -5.211498E+05  4.871957E+05  0.000000E+00
  0.000000E+00  0.000000E+00  0.000000E+00  4.790477E+06  3.130782E-02
  6.928003E+03  1.385601E+04  9.000000E+01  9.000000E+01  9.000000E+01
  0.000000E+00  2.893932E+00  1.152611E+12  3.974169E+00 -3.359818E-01
 -2.368219E-01 -3.359818E-01  2.468992E+00  5.665288E-02 -2.368219E-01
  5.665288E-02  2.238634E+00  8.000865E+01  6.234350E+01  5.927484E+01
  1.195400E+03  1.687521E+04  1.709065E+02  0.000000E+00  0.000000E+00
  0.000000E+00  1.709065E+02  0.000000E+00  0.000000E+00  0.000000E+00
  1.640067E+02  8.767446E+03
    108000  1.507043E+01        52
  1.152611E+12  9.997820E+02 -5.939967E+05  8.750814E+04 -6.884249E+05
  0.000000E+00  0.000000E+00  0.000000E+00  0.000000E+00 -5.908919E+05
  0.000000E+00 -1.832995E+04 -5.137224E+05  4.815523E+05  0.000000E+00
  0.000000E+00  0.000000E+00  0.000000E+00  5.233879E+06  1.656398E-01
  6.920101E+03  1.384020E+04  9.000000E+01  9.000000E+01  9.000000E+01
  0.000000E+00  2.470570E+00  1.152611E+12  2.076121E+00  1.267645E-01
 -3.987983E-02  1.267645E-01  3.447081E+00 -3.885501E-01 -3.987983E-02
 -3.885501E-01  1.888508E+00  8.079457E+01  6.306716E+01  5.999092E+01
  1.205704E+03  1.739541E+04  1.760247E+02  0.000000E+00  0.000000E+00
  0.000000E+00  1.760247E+02  0.000000E+00  0.000000E+00  0.000000E+00
  1.689182E+02  8.177617E+03
    109000  1.520997E+01        52
  1.152611E+12  9.999093E+02 -5.941337E+05  8.540366E+04 -6.863803E+05
  0.000000E+00  0.000000E+00  0.000000E+00  0.000000E+00 -5.910285E+05
  0.000000E+00 -1.090082E+04 -5.005074E+05  4.759207E+05  0.000000E+00
  0.000000E+00  0.000000E+00  0.000000E+00  5.240911E+06  2.277530E-01
  6.842941E+03  1.368588E+04  9.000000E+01  9.000000E+01  9.000000E+01
  0.000000E+00  1.720192E+00  1.152611E+12  1.274611E+00  1.221777E-01
 -7.855430E-02  1.221777E-01  2.616899E+00 -4.793374E-01 -7.855430E-02
 -4.793374E-01  1.269065E+00  8.158904E+01  6.349010E+01  6.048545E+01
  1.220464E+03  1.750314E+04  1.761035E+02  0.000000E+00  0.000000E+00
  0.000000E+00  1.761035E+02  0.000000E+00  0.000000E+00  0.000000E+00
  1.689939E+02  5.701507E+03
    110000  1.534951E+01        52
  1.152611E+12  1.000000E+03 -5.943140E+05  8.797648E+04 -6.892362E+05
  0.000000E+00  0.000000E+00  0.000000E+00  0.000000E+00 -5.912086E+05
  0.000000E+00 -1.950396E+04 -5.154579E+05  4.820626E+05  0.000000E+00
  0.000000E+00  0.000000E+00  0.000000E+00  5.247624E+06  3.063583E-02
  6.945664E+03  1.389133E+04  9.000000E+01  9.000000E+01  9.000000E+01
  0.000000E+00  2.582153E+00  1.152611E+12  2.205844E+00  2.122552E-01
 -8.657242E-02  2.122552E-01  3.476953E+00 -3.791798E-01 -8.657242E-02
 -3.791798E-01  2.063663E+00  8.324124E+01  6.466085E+01  6.182853E+01
  1.246667E+03  1.762032E+04  1.761786E+02  0.000000E+00  0.000000E+00
  0.000000E+00  1.761786E+02  0.000000E+00  0.000000E+00  0.000000E+00
  1.690660E+02  8.569407E+03
    111000  1.548905E+01        52
  1.152611E+12  1.000025E+03 -5.944957E+05  8.796504E+04 -6.894230E+05
  0.000000E+00  0.000000E+00  0.000000E+00  0.000000E+00 -5.913901E+05
  0.000000E+00 -1.908513E+04 -5.153133E+05  4.823035E+05  0.000000E+00
  0.000000E+00  0.000000E+00  0.000000E+00  5.255074E+06  9.991552E-02
  6.962311E+03  1.392462E+04  9.000000E+01  9.000000E+01  9.000000E+01
  0.000000E+00  2.536501E+00  1.152611E+12  2.159230E+00  1.753765E-01
 -7.932948E-02  1.753765E-01  3.418151E+00 -3.957026E-01 -7.932948E-02
 -3.957026E-01  2.032120E+00  8.523504E+01  6.592390E+01  6.316750E+01
  1.281940E+03  1.774496E+04  1.762620E+02  0.000000E+00  0.000000E+00
  0.000000E+00  1.762620E+02  0.000000E+00  0.000000E+00  0.000000E+00
  1.691460E+02  8.429850E+03
    112000  1.562859E+01        52
  1.152611E+12  1.000150E+03 -5.946537E+05  8.805301E+04 -6.896945E+05
  0.000000E+00  0.000000E+00  0.000000E+00  0.000000E+00 -5.915478E+05
  0.000000E+00 -1.944782E+04 -5.158265E+05  4.824031E+05  0.000000E+00
  0.000000E+00  0.000000E+00  0.000000E+00  5.262641E+06  2.077277E-01
  6.987816E+03  1.397563E+04  9.000000E+01  9.000000E+01  9.000000E+01
  0.000000E+00  2.569256E+00  1.152611E+12  2.196815E+00  1.749178E-01
 -5.862075E-02  1.749178E-01  3.424956E+00 -3.424632E-01 -5.862075E-02
 -3.424632E-01  2.085996E+00  8.740025E+01  6.723211E+01  6.467028E+01
  1.326360E+03  1.787677E+04  1.763465E+02  0.000000E+00  0.000000E+00
  0.000000E+00  1.763465E+02  0.000000E+00  0.000000E+00  0.000000E+00
  1.692271E+02  8.551003E+03
    113000  1.576813E+01        52
  1.152611E+12  1.000000E+03 -5.948128E+05  8.833967E+04 -6.901924E+05
  0.000000E+00  0.000000E+00  0.000000E+00  0.000000E+00 -5.917073E+05
  0.000000E+00 -2.015916E+04 -5.173008E+05  4.830619E+05  0.000000E+00
  0.000000E+00  0.000000E+00  0.000000E+00  5.270372E+06  2.960250E-02
  7.039906E+03  1.407981E+04  9.000000E+01  9.000000E+01  9.000000E+01
  0.000000E+00  2.636533E+00  1.152611E+12  2.287101E+00  1.367892E-01
 -3.984277E-02  1.367892E-01  3.495778E+00 -2.997812E-01 -3.984277E-02
 -2.997812E-01  2.126719E+00  8.975159E+01  6.863565E+01  6.625505E+01
  1.379558E+03  1.801563E+04  1.764328E+02  0.000000E+00  0.000000E+00
  0.000000E+00  1.764328E+02  0.000000E+00  0.000000E+00  0.000000E+00
  1.693099E+02  8.787806E+03
    114000  1.590767E+01        52
  1.152611E+12  9.999592E+02 -5.950265E+05  8.836516E+04 -6.904270E+05
  0.000000E+00  0.000000E+00  0.000000E+00  0.000000E+00 -5.919212E+05
  0.000000E+00 -2.029126E+04 -5.174954E+05  4.831334E+05  0.000000E+00
  0.000000E+00  0.000000E+00  0.000000E+00  5.278221E+06  1.402678E-01
  7.035350E+03  1.407070E+04  9.000000E+01  9.000000E+01  9.000000E+01
  0.000000E+00  2.645778E+00  1.152611E+12  2.298227E+00  2.820144E-01
 -2.383612E-01  2.820144E-01  3.046160E+00 -5.624567E-01 -2.383612E-01
 -5.624567E-01  2.592949E+00  9.160963E+01  6.974795E+01  6.737929E+01
  1.436623E+03  1.815059E+04  1.765204E+02  0.000000E+00  0.000000E+00
  0.000000E+00  1.765204E+02  0.000000E+00  0.000000E+00  0.000000E+00
  1.693939E+02  8.831757E+03
    115000  1.604721E+01        52
  1.152611E+12  1.000383E+03 -5.950965E+05  8.844733E+04 -6.906224E+05
  0.000000E+00  0.000000E+00  0.000000E+00  0.000000E+00 -5.919899E+05
  0.000000E+00 -2.034157E+04 -5.178561E+05  4.833574E+05  0.000000E+00
  0.000000E+00  0.000000E+00  0.000000E+00  5.286120E+06  8.993797E-01
  7.078575E+03  1.415715E+04  9.000000E+01  9.000000E+01  9.000000E+01
  0.000000E+00  2.647103E+00  1.152611E+12  2.251092E+00  7.322986E-02
 -1.781385E-01  7.322986E-02  2.971110E+00  1.779248E-01 -1.781385E-01
  1.779248E-01  2.719107E+00  9.335458E+01  7.084465E+01  6.854185E+01
  1.498285E+03  1.828430E+04  1.766084E+02  0.000000E+00  0.000000E+00
  0.000000E+00  1.766084E+02  0.000000E+00  0.000000E+00  0.000000E+00
  1.694784E+02  8.849400E+03
    116000  1.618676E+01        52
  1.152611E+12  1.000000E+03 -5.953075E+05  8.856157E+04 -6.909665E+05
  0.000000E+00  0.000000E+00  0.000000E+00  0.000000E+00 -5.922021E+05
  0.000000E+00 -2.060500E+04 -5.183653E+05  4.835655E+05  0.000000E+00
  0.000000E+00  0.000000E+00  0.000000E+00  5.294100E+06  2.656824E-02
  7.097385E+03  1.419477E+04  9.000000E+01  9.000000E+01  9.000000E+01
  0.000000E+00  2.669103E+00  1.152611E+12  2.631692E+00 -3.682140E-01
  1.543111E-01 -3.682140E-01  2.966492E+00 -8.343660E-02  1.543111E-01
 -8.343660E-02  2.409124E+00  9.466472E+01  7.156692E+01  6.932586E+01
  1.527002E+03  1.833701E+04  1.766972E+02  0.000000E+00  0.000000E+00
  0.000000E+00  1.766972E+02  0.000000E+00  0.000000E+00  0.000000E+00
  1.695636E+02  8.936419E+03
    117000  1.632630E+01        52
  1.152611E+12  1.000054E+03 -5.955862E+05  8.850196E+04 -6.911342E+05
  0.000000E+00  0.000000E+00  0.000000E+00  0.000000E+00 -5.924806E+05
  0.000000E+00 -2.066767E+04 -5.178726E+05  4.831130E+05  0.000000E+00
