title: # Li56 La24 Zr16 O96                                                    
energy unitS: electron Volts
         0  0.000000E+00        52
 -5.396572E+05  3.500000E+02 -5.407429E+05  6.307024E+04 -6.038132E+05
  0.000000E+00  0.000000E+00  0.000000E+00  0.000000E+00 -5.396570E+05
  0.000000E+00  1.563293E+05 -4.473454E+05  6.036747E+05  0.000000E+00
  0.000000E+00  0.000000E+00  0.000000E+00  2.781571E+05  0.000000E+00
  0.000000E+00  0.000000E+00  9.000000E+01  9.000000E+01  9.000000E+01
  0.000000E+00 -2.921111E+02  0.000000E+00 -3.054936E+02 -1.405420E-02
  1.436976E-03 -1.405420E-02 -3.054757E+02  2.443069E-02  1.436976E-03
  2.443069E-02 -2.653642E+02  0.000000E+00  0.000000E+00  0.000000E+00
  0.000000E+00  0.000000E+00  6.618035E+01  0.000000E+00  0.000000E+00
  0.000000E+00  6.618035E+01  0.000000E+00  0.000000E+00  0.000000E+00
  6.350853E+01 -5.138594E+04
      1000  5.000000E-01        52
 -5.103974E+05  3.500000E+02 -5.721655E+05  9.781555E+04 -6.744205E+05
  0.000000E+00  0.000000E+00  0.000000E+00  0.000000E+00 -5.710795E+05
  0.000000E+00  8.856426E+04 -5.942706E+05  6.739559E+05  0.000000E+00
  0.000000E+00  0.000000E+00  0.000000E+00  3.227060E+05  1.346614E-02
  4.439488E+03  8.878976E+03  9.000000E+01  9.000000E+01  9.000000E+01
  0.000000E+00 -1.411052E+02  6.068239E+04 -1.597661E+02 -1.389361E+00
  2.554686E-01 -1.389361E+00 -1.572211E+02  2.774218E-01  2.554686E-01
  2.774218E-01 -1.063284E+02  2.141944E+00  5.616127E-01  6.382252E-01
  1.306935E+00  5.588608E+02  6.954000E+01  0.000000E+00  0.000000E+00
  0.000000E+00  6.954000E+01  0.000000E+00  0.000000E+00  0.000000E+00
  6.673254E+01 -2.879759E+04
      2000  1.000000E+00        52
  6.932361E+06  3.527808E+02 -5.697464E+05  1.110515E+05 -6.871445E+05
  0.000000E+00  0.000000E+00  0.000000E+00  0.000000E+00 -5.686518E+05
  0.000000E+00  3.755945E+04 -6.606864E+05  6.855528E+05  0.000000E+00
  0.000000E+00  0.000000E+00  0.000000E+00  4.358938E+05  3.816154E+00
  6.346528E+03  1.269306E+04  9.000000E+01  9.000000E+01  9.000000E+01
  0.000000E+00 -4.276966E+01  7.501013E+06 -4.464572E+01  5.490484E-01
 -6.820906E-01  5.490484E-01 -4.311238E+01 -5.642110E-01 -6.820906E-01
 -5.642110E-01 -4.055087E+01  4.386845E+00  2.341372E+00  1.727527E+00
  3.560316E+00  1.467516E+03  7.687041E+01  0.000000E+00  0.000000E+00
  0.000000E+00  7.687041E+01  0.000000E+00  0.000000E+00  0.000000E+00
  7.376702E+01 -1.179023E+04
      3000  1.500000E+00        52
  6.930228E+06  3.503482E+02 -5.718729E+05  1.127504E+05 -6.909749E+05
  0.000000E+00  0.000000E+00  0.000000E+00  0.000000E+00 -5.707858E+05
  0.000000E+00  2.788930E+04 -6.745277E+05  6.897138E+05  0.000000E+00
  0.000000E+00  0.000000E+00  0.000000E+00  4.102440E+05  1.009932E+00
  6.351567E+03  1.270313E+04  9.000000E+01  9.000000E+01  9.000000E+01
  0.000000E+00 -3.303909E+01  7.501014E+06 -3.437703E+01  5.382932E-01
 -6.661703E-01  5.382932E-01 -3.277892E+01 -9.952071E-01 -6.661703E-01
 -9.952071E-01 -3.196132E+01  5.805164E+00  4.107202E+00  3.043503E+00
  5.208621E+00  1.468390E+03  7.533204E+01  0.000000E+00  0.000000E+00
  0.000000E+00  7.533204E+01  0.000000E+00  0.000000E+00  0.000000E+00
  7.229075E+01 -8.571884E+03
      4000  2.000000E+00        52
  6.929342E+06  3.500000E+02 -5.727575E+05  1.137141E+05 -6.928386E+05
  0.000000E+00  0.000000E+00  0.000000E+00  0.000000E+00 -5.716715E+05
  0.000000E+00  2.275961E+04 -6.817523E+05  6.917780E+05  0.000000E+00
  0.000000E+00  0.000000E+00  0.000000E+00  3.914880E+05  1.162608E-02
  6.366948E+03  1.273390E+04  9.000000E+01  9.000000E+01  9.000000E+01
  0.000000E+00 -2.771858E+01  7.501014E+06 -2.947444E+01 -2.920364E-01
  3.607142E-01 -2.920364E-01 -2.752557E+01  5.128861E-01  3.607142E-01
  5.128861E-01 -2.615573E+01  6.356298E+00  4.686249E+00  3.510555E+00
  5.851393E+00  1.469490E+03  7.416605E+01  0.000000E+00  0.000000E+00
  0.000000E+00  7.416605E+01  0.000000E+00  0.000000E+00  0.000000E+00
  7.117183E+01 -6.862707E+03
      5000  2.500000E+00        52
  6.928716E+06  3.501181E+02 -5.733829E+05  1.140134E+05 -6.937726E+05
  0.000000E+00  0.000000E+00  0.000000E+00  0.000000E+00 -5.722966E+05
  0.000000E+00  2.054079E+04 -6.850746E+05  6.928630E+05  0.000000E+00
  0.000000E+00  0.000000E+00  0.000000E+00  3.762415E+05  1.593557E-01
  6.376195E+03  1.275239E+04  9.000000E+01  9.000000E+01  9.000000E+01
  0.000000E+00 -2.573246E+01  7.501013E+06 -2.614317E+01 -9.850403E-01
  9.270270E-02 -9.850403E-01 -2.628134E+01 -9.778224E-01  9.270270E-02
 -9.778224E-01 -2.477287E+01  6.666047E+00  5.032922E+00  3.798948E+00
  6.226446E+00  1.469365E+03  7.319048E+01  0.000000E+00  0.000000E+00
  0.000000E+00  7.319048E+01  0.000000E+00  0.000000E+00  0.000000E+00
  7.023564E+01 -6.122856E+03
      6000  3.000000E+00        52
  6.928281E+06  3.501184E+02 -5.738181E+05  1.145736E+05 -6.947270E+05
  0.000000E+00  0.000000E+00  0.000000E+00  0.000000E+00 -5.727317E+05
  0.000000E+00  1.693584E+04 -6.896655E+05  6.939308E+05  0.000000E+00
  0.000000E+00  0.000000E+00  0.000000E+00  3.638411E+05  8.149696E-01
  6.335285E+03  1.267057E+04  9.000000E+01  9.000000E+01  9.000000E+01
  0.000000E+00 -2.138719E+01  7.501013E+06 -2.317192E+01  5.020393E-01
  2.990917E-01  5.020393E-01 -2.136737E+01  3.084434E-01  2.990917E-01
  3.084434E-01 -1.962226E+01  7.019718E+00  5.315217E+00  4.054349E+00
  6.624040E+00  1.470207E+03  7.237739E+01  0.000000E+00  0.000000E+00
  0.000000E+00  7.237739E+01  0.000000E+00  0.000000E+00  0.000000E+00
  6.945539E+01 -4.921205E+03
      7000  3.500000E+00        52
  6.927909E+06  3.500000E+02 -5.741899E+05  1.148790E+05 -6.953689E+05
  0.000000E+00  0.000000E+00  0.000000E+00  0.000000E+00 -5.731039E+05
  0.000000E+00  1.442812E+04 -6.928255E+05  6.946537E+05  0.000000E+00
  0.000000E+00  0.000000E+00  0.000000E+00  3.537424E+05  1.164437E-02
  6.299971E+03  1.259994E+04  9.000000E+01  9.000000E+01  9.000000E+01
  0.000000E+00 -1.826235E+01  7.501013E+06 -1.955316E+01  4.537739E-02
 -4.443401E-02  4.537739E-02 -1.810862E+01  5.051328E-01 -4.443401E-02
  5.051328E-01 -1.712528E+01  7.325800E+00  5.578992E+00  4.313913E+00
  6.937959E+00  1.469957E+03  7.170147E+01  0.000000E+00  0.000000E+00
  0.000000E+00  7.170147E+01  0.000000E+00  0.000000E+00  0.000000E+00
  6.880675E+01 -4.085544E+03
      8000  4.000000E+00        52
  1.683037E+09  3.531414E+02 -5.700968E+05  1.099981E+05 -6.862421E+05
  0.000000E+00  0.000000E+00  0.000000E+00  0.000000E+00 -5.690010E+05
  0.000000E+00  4.076759E+04 -6.551472E+05  6.836203E+05  0.000000E+00
  0.000000E+00  0.000000E+00  0.000000E+00  4.977777E+05  5.147177E+00
  6.147228E+03  1.229446E+04  9.000000E+01  9.000000E+01  9.000000E+01
  0.000000E+00 -4.084710E+01  1.683606E+09 -4.125456E+01 -5.198095E-01
  1.365691E-01 -5.198095E-01 -4.158196E+01 -1.275107E+00  1.365691E-01
 -1.275107E+00 -3.970480E+01  8.699767E+00  7.056094E+00  5.261046E+00
  8.338359E+00  2.436672E+03  8.034845E+01  0.000000E+00  0.000000E+00
  0.000000E+00  8.034845E+01  0.000000E+00  0.000000E+00  0.000000E+00
  7.710464E+01 -1.285887E+04
      9000  4.500000E+00        52
  1.683036E+09  3.503753E+02 -5.716743E+05  1.128778E+05 -6.909502E+05
  0.000000E+00  0.000000E+00  0.000000E+00  0.000000E+00 -5.705871E+05
  0.000000E+00  2.705801E+04 -6.746159E+05  6.888778E+05  0.000000E+00
  0.000000E+00  0.000000E+00  0.000000E+00  4.676513E+05  1.050915E+00
  6.398042E+03  1.279608E+04  9.000000E+01  9.000000E+01  9.000000E+01
  0.000000E+00 -2.804621E+01  1.683606E+09 -2.860424E+01 -5.917325E-01
  9.791995E-01 -5.917325E-01 -2.865459E+01 -5.501913E-01  9.791995E-01
 -5.501913E-01 -2.687980E+01  9.750351E+00  8.357604E+00  6.218384E+00
  9.528201E+00  2.437667E+03  7.869365E+01  0.000000E+00  0.000000E+00
  0.000000E+00  7.869365E+01  0.000000E+00  0.000000E+00  0.000000E+00
  7.551665E+01 -8.294732E+03
     10000  5.000000E+00        52
  1.683035E+09  3.500000E+02 -5.723830E+05  1.140095E+05 -6.928976E+05
  0.000000E+00  0.000000E+00  0.000000E+00  0.000000E+00 -5.712969E+05
  0.000000E+00  2.181954E+04 -6.823483E+05  6.911576E+05  0.000000E+00
  0.000000E+00  0.000000E+00  0.000000E+00  4.466435E+05  1.163453E-02
  6.505161E+03  1.301032E+04  9.000000E+01  9.000000E+01  9.000000E+01
  0.000000E+00 -2.318629E+01  1.683606E+09 -2.259358E+01 -2.536592E-01
  4.722563E-01 -2.536592E-01 -2.421452E+01 -3.643115E-01  4.722563E-01
 -3.643115E-01 -2.275076E+01  1.024385E+01  8.907980E+00  6.746089E+00
  1.010379E+01  2.437757E+03  7.749720E+01  0.000000E+00  0.000000E+00
  0.000000E+00  7.749720E+01  0.000000E+00  0.000000E+00  0.000000E+00
  7.436850E+01 -6.549350E+03
     11000  5.500000E+00        52
  1.683035E+09  3.326135E+02 -5.736077E+05  1.178660E+05 -6.982947E+05
  0.000000E+00  0.000000E+00  0.000000E+00  0.000000E+00 -5.725756E+05
  0.000000E+00  2.210012E+03 -7.088464E+05  6.974143E+05  0.000000E+00
  0.000000E+00  0.000000E+00  0.000000E+00  3.735182E+05  6.582555E-01
  6.821062E+03  1.364212E+04  9.000000E+01  9.000000E+01  9.000000E+01
  0.000000E+00 -2.065745E-01  1.683608E+09 -5.253140E-01 -3.600878E-01
  5.000530E-01 -3.600878E-01 -3.249678E-01  2.480704E-01  5.000530E-01
  2.480704E-01  2.305583E-01  7.510675E-01  7.587262E-01  6.371984E-01
  9.412109E-01  8.301803E-01  7.301346E+01  0.000000E+00  0.000000E+00
  0.000000E+00  7.301346E+01  0.000000E+00  0.000000E+00  0.000000E+00
  7.006577E+01 -4.879715E+01
     12000  6.000000E+00        52
  5.120620E+10  3.385329E-16 -5.728051E+05  1.031407E+05 -6.829412E+05
  0.000000E+00  0.000000E+00  0.000000E+00  0.000000E+00 -5.728048E+05
  0.000000E+00  7.107772E+04 -6.246579E+05  6.817448E+05  0.000000E+00
  0.000000E+00  0.000000E+00  0.000000E+00  4.064730E+05  8.622151E-19
  6.995410E+03  1.399082E+04  9.000000E+01  9.000000E+01  9.000000E+01
  0.000000E+00 -9.216679E+01  5.120677E+10 -9.328407E+01 -1.681986E-01
  1.441186E-01 -1.681986E-01 -9.315763E+01 -7.175868E-02  1.441186E-01
 -7.175868E-02 -9.005868E+01  9.235975E-01  9.348283E-01  7.917432E-01
  1.137774E+00  3.204531E+02  7.510051E+01  0.000000E+00  0.000000E+00
  0.000000E+00  7.510051E+01  0.000000E+00  0.000000E+00  0.000000E+00
  7.206857E+01 -2.369257E+04
     13000  6.500000E+00        52
  5.120620E+10  1.529351E-16 -5.731227E+05  1.053681E+05 -6.850017E+05
  0.000000E+00  0.000000E+00  0.000000E+00  0.000000E+00 -5.731225E+05
  0.000000E+00  6.126087E+04 -6.355664E+05  6.838056E+05  0.000000E+00
  0.000000E+00  0.000000E+00  0.000000E+00  4.063374E+05  2.132438E-19
  6.510831E+03  1.302166E+04  9.000000E+01  9.000000E+01  9.000000E+01
  0.000000E+00 -7.946375E+01  5.120678E+10 -8.042870E+01 -1.122965E-01
  1.450352E-01 -1.122965E-01 -8.028789E+01  3.662979E-04  1.450352E-01
  3.662979E-04 -7.767466E+01  9.235975E-01  9.348283E-01  7.917432E-01
  1.137774E+00  3.204531E+02  7.509216E+01  0.000000E+00  0.000000E+00
  0.000000E+00  7.509216E+01  0.000000E+00  0.000000E+00  0.000000E+00
  7.206056E+01 -2.042029E+04
     14000  7.000000E+00        52
  5.120620E+10  9.958037E-17 -5.732951E+05  1.064749E+05 -6.860921E+05
  0.000000E+00  0.000000E+00  0.000000E+00  0.000000E+00 -5.732949E+05
  0.000000E+00  5.609369E+04 -6.414463E+05  6.848959E+05  0.000000E+00
  0.000000E+00  0.000000E+00  0.000000E+00  4.062161E+05  9.678963E-20
  6.322086E+03  1.264417E+04  9.000000E+01  9.000000E+01  9.000000E+01
  0.000000E+00 -7.278294E+01  5.120678E+10 -7.370534E+01 -1.049471E-01
  1.249913E-01 -1.049471E-01 -7.351241E+01  4.499396E-02  1.249913E-01
  4.499396E-02 -7.113106E+01  9.235975E-01  9.348283E-01  7.917432E-01
  1.137774E+00  3.204531E+02  7.508469E+01  0.000000E+00  0.000000E+00
  0.000000E+00  7.508469E+01  0.000000E+00  0.000000E+00  0.000000E+00
  7.205339E+01 -1.869790E+04
     15000  7.500000E+00        52
  5.120621E+10  7.401022E-17 -5.734136E+05  1.071973E+05 -6.868414E+05
  0.000000E+00  0.000000E+00  0.000000E+00  0.000000E+00 -5.734134E+05
  0.000000E+00  5.263055E+04 -6.454757E+05  6.856452E+05  0.000000E+00
  0.000000E+00  0.000000E+00  0.000000E+00  4.061032E+05  5.670985E-20
  6.230535E+03  1.246107E+04  9.000000E+01  9.000000E+01  9.000000E+01
  0.000000E+00 -6.830841E+01  5.120678E+10 -6.921563E+01 -1.122486E-01
  1.051141E-01 -1.122486E-01 -6.898121E+01  6.802574E-02  1.051141E-01
  6.802574E-02 -6.672839E+01  9.235975E-01  9.348283E-01  7.917432E-01
  1.137774E+00  3.204531E+02  7.507773E+01  0.000000E+00  0.000000E+00
  0.000000E+00  7.507773E+01  0.000000E+00  0.000000E+00  0.000000E+00
  7.204671E+01 -1.754352E+04
     16000  8.000000E+00        52
  5.120621E+10  5.897115E-17 -5.735034E+05  1.077366E+05 -6.874196E+05
  0.000000E+00  0.000000E+00  0.000000E+00  0.000000E+00 -5.735032E+05
  0.000000E+00  5.001846E+04 -6.485644E+05  6.862237E+05  0.000000E+00
  0.000000E+00  0.000000E+00  0.000000E+00  4.059962E+05  3.756459E-20
  6.179590E+03  1.235918E+04  9.000000E+01  9.000000E+01  9.000000E+01
  0.000000E+00 -6.493532E+01  5.120678E+10 -6.583197E+01 -1.229475E-01
  8.740606E-02 -1.229475E-01 -6.557285E+01  8.526506E-02  8.740606E-02
  8.526506E-02 -6.340116E+01  9.235975E-01  9.348283E-01  7.917432E-01
  1.137774E+00  3.204531E+02  7.507114E+01  0.000000E+00  0.000000E+00
  0.000000E+00  7.507114E+01  0.000000E+00  0.000000E+00  0.000000E+00
  7.204038E+01 -1.667282E+04
     17000  8.500000E+00        52
  5.120621E+10  4.907979E-17 -5.735754E+05  1.081696E+05 -6.878938E+05
  0.000000E+00  0.000000E+00  0.000000E+00  0.000000E+00 -5.735751E+05
  0.000000E+00  4.791658E+04 -6.510794E+05  6.866982E+05  0.000000E+00
  0.000000E+00  0.000000E+00  0.000000E+00  4.058938E+05  2.698303E-20
  6.148852E+03  1.229770E+04  9.000000E+01  9.000000E+01  9.000000E+01
  0.000000E+00 -6.222231E+01  5.120678E+10 -6.310871E+01 -1.343154E-01
  7.208562E-02 -1.343154E-01 -6.283669E+01  1.005918E-01  7.208562E-02
  1.005918E-01 -6.072153E+01  9.235975E-01  9.348283E-01  7.917432E-01
  1.137774E+00  3.204531E+02  7.506483E+01  0.000000E+00  0.000000E+00
  0.000000E+00  7.506483E+01  0.000000E+00  0.000000E+00  0.000000E+00
  7.203432E+01 -1.597219E+04
     18000  9.000000E+00        52
  5.120621E+10  4.208344E-17 -5.736351E+05  1.085324E+05 -6.882970E+05
  0.000000E+00  0.000000E+00  0.000000E+00  0.000000E+00 -5.736348E+05
  0.000000E+00  4.615708E+04 -6.532037E+05  6.871018E+05  0.000000E+00
  0.000000E+00  0.000000E+00  0.000000E+00  4.057951E+05  2.053007E-20
  6.129473E+03  1.225895E+04  9.000000E+01  9.000000E+01  9.000000E+01
  0.000000E+00 -5.995207E+01  5.120678E+10 -6.082773E+01 -1.461716E-01
  5.878800E-02 -1.461716E-01 -6.055048E+01  1.151233E-01  5.878800E-02
  1.151233E-01 -5.847799E+01  9.235975E-01  9.348283E-01  7.917432E-01
  1.137774E+00  3.204531E+02  7.505874E+01  0.000000E+00  0.000000E+00
  0.000000E+00  7.505874E+01  0.000000E+00  0.000000E+00  0.000000E+00
  7.202849E+01 -1.538569E+04
     19000  9.500000E+00        52
  5.120621E+10  3.687864E-17 -5.736859E+05  1.088449E+05 -6.886478E+05
  0.000000E+00  0.000000E+00  0.000000E+00  0.000000E+00 -5.736857E+05
  0.000000E+00  4.464484E+04 -6.550424E+05  6.874532E+05  0.000000E+00
  0.000000E+00  0.000000E+00  0.000000E+00  4.056996E+05  1.631499E-20
  6.117024E+03  1.223405E+04  9.000000E+01  9.000000E+01  9.000000E+01
  0.000000E+00 -5.800152E+01  5.120678E+10 -5.886576E+01 -1.586231E-01
  4.721844E-02 -1.586231E-01 -5.858851E+01  1.291162E-01  4.721844E-02
  1.291162E-01 -5.655030E+01  9.235975E-01  9.348283E-01  7.917432E-01
  1.137774E+00  3.204531E+02  7.505285E+01  0.000000E+00  0.000000E+00
  0.000000E+00  7.505285E+01  0.000000E+00  0.000000E+00  0.000000E+00
  7.202283E+01 -1.488161E+04
     20000  1.000000E+01        52
  5.120621E+10  3.286166E-17 -5.737300E+05  1.091192E+05 -6.889582E+05
  0.000000E+00  0.000000E+00  0.000000E+00  0.000000E+00 -5.737297E+05
  0.000000E+00  4.332005E+04 -6.566623E+05  6.877642E+05  0.000000E+00
  0.000000E+00  0.000000E+00  0.000000E+00  4.056068E+05  1.339368E-20
  6.109061E+03  1.221812E+04  9.000000E+01  9.000000E+01  9.000000E+01
  0.000000E+00 -5.629327E+01  5.120678E+10 -5.714556E+01 -1.716077E-01
  3.729129E-02 -1.716077E-01 -5.687175E+01  1.426544E-01  3.729129E-02
  1.426544E-01 -5.486250E+01  9.235975E-01  9.348283E-01  7.917432E-01
  1.137774E+00  3.204531E+02  7.504713E+01  0.000000E+00  0.000000E+00
  0.000000E+00  7.504713E+01  0.000000E+00  0.000000E+00  0.000000E+00
  7.201734E+01 -1.444002E+04
     21000  1.050000E+01        52
  5.120621E+10  2.967234E-17 -5.737688E+05  1.093634E+05 -6.892363E+05
  0.000000E+00  0.000000E+00  0.000000E+00  0.000000E+00 -5.737685E+05
  0.000000E+00  4.214305E+04 -6.581080E+05  6.880429E+05  0.000000E+00
  0.000000E+00  0.000000E+00  0.000000E+00  4.055164E+05  1.129119E-20
  6.104117E+03  1.220823E+04  9.000000E+01  9.000000E+01  9.000000E+01
  0.000000E+00 -5.477599E+01  5.120678E+10 -5.561606E+01 -1.850221E-01
  2.884808E-02 -1.850221E-01 -5.534788E+01  1.554717E-01  2.884808E-02
  1.554717E-01 -5.336403E+01  9.235975E-01  9.348283E-01  7.917432E-01
  1.137774E+00  3.204531E+02  7.504155E+01  0.000000E+00  0.000000E+00
  0.000000E+00  7.504155E+01  0.000000E+00  0.000000E+00  0.000000E+00
  7.201199E+01 -1.404768E+04
     22000  1.100000E+01        52
  5.120621E+10  2.708212E-17 -5.738034E+05  1.095832E+05 -6.894879E+05
  0.000000E+00  0.000000E+00  0.000000E+00  0.000000E+00 -5.738031E+05
  0.000000E+00  4.108550E+04 -6.594120E+05  6.882949E+05  0.000000E+00
  0.000000E+00  0.000000E+00  0.000000E+00  4.054280E+05  9.709864E-21
  6.101264E+03  1.220253E+04  9.000000E+01  9.000000E+01  9.000000E+01
  0.000000E+00 -5.341307E+01  5.120678E+10 -5.424075E+01 -1.986998E-01
  2.159994E-02 -1.986998E-01 -5.397972E+01  1.677231E-01  2.159994E-02
  1.677231E-01 -5.201875E+01  9.235975E-01  9.348283E-01  7.917432E-01
  1.137774E+00  3.204531E+02  7.503610E+01  0.000000E+00  0.000000E+00
  0.000000E+00  7.503610E+01  0.000000E+00  0.000000E+00  0.000000E+00
  7.200676E+01 -1.369517E+04
     23000  1.150000E+01        52
  5.120621E+10  2.494023E-17 -5.738345E+05  1.097828E+05 -6.897172E+05
  0.000000E+00  0.000000E+00  0.000000E+00  0.000000E+00 -5.738342E+05
  0.000000E+00  4.012656E+04 -6.605981E+05  6.885248E+05  0.000000E+00
  0.000000E+00  0.000000E+00  0.000000E+00  4.053416E+05  8.499582E-21
  6.099889E+03  1.219978E+04  9.000000E+01  9.000000E+01  9.000000E+01
  0.000000E+00 -5.217753E+01  5.120678E+10 -5.299236E+01 -2.126187E-01
  1.558802E-02 -2.126187E-01 -5.274003E+01  1.792483E-01  1.558802E-02
  1.792483E-01 -5.080019E+01  9.235975E-01  9.348283E-01  7.917432E-01
  1.137774E+00  3.204531E+02  7.503077E+01  0.000000E+00  0.000000E+00
  0.000000E+00  7.503077E+01  0.000000E+00  0.000000E+00  0.000000E+00
  7.200164E+01 -1.337552E+04
     24000  1.200000E+01        52
  5.120621E+10  2.314322E-17 -5.738627E+05  1.099653E+05 -6.899276E+05
  0.000000E+00  0.000000E+00  0.000000E+00  0.000000E+00 -5.738625E+05
  0.000000E+00  3.925041E+04 -6.616845E+05  6.887358E+05  0.000000E+00
  0.000000E+00  0.000000E+00  0.000000E+00  4.052568E+05  7.543608E-21
  6.099573E+03  1.219915E+04  9.000000E+01  9.000000E+01  9.000000E+01
  0.000000E+00 -5.104892E+01  5.120678E+10 -5.185082E+01 -2.267035E-01
  1.056255E-02 -2.267035E-01 -5.160793E+01  1.901774E-01  1.056255E-02
  1.901774E-01 -4.968800E+01  9.235975E-01  9.348283E-01  7.917432E-01
  1.137774E+00  3.204531E+02  7.502554E+01  0.000000E+00  0.000000E+00
  0.000000E+00  7.502554E+01  0.000000E+00  0.000000E+00  0.000000E+00
  7.199662E+01 -1.308347E+04
     25000  1.250000E+01        52
  5.120621E+10  2.161707E-17 -5.738885E+05  1.101332E+05 -6.901217E+05
  0.000000E+00  0.000000E+00  0.000000E+00  0.000000E+00 -5.738882E+05
  0.000000E+00  3.844481E+04 -6.626858E+05  6.889305E+05  0.000000E+00
  0.000000E+00  0.000000E+00  0.000000E+00  4.051736E+05  6.784262E-21
  6.100024E+03  1.220005E+04  9.000000E+01  9.000000E+01  9.000000E+01
  0.000000E+00 -5.001143E+01  5.120678E+10 -5.080001E+01 -2.408184E-01
  6.541789E-03 -2.408184E-01 -5.056767E+01  2.002529E-01  6.541789E-03
  2.002529E-01 -4.866660E+01  9.235975E-01  9.348283E-01  7.917432E-01
  1.137774E+00  3.204531E+02  7.502040E+01  0.000000E+00  0.000000E+00
  0.000000E+00  7.502040E+01  0.000000E+00  0.000000E+00  0.000000E+00
  7.199169E+01 -1.281494E+04
     26000  1.300000E+01        52
  5.120621E+10  2.030577E-17 -5.739122E+05  1.102886E+05 -6.903018E+05
  0.000000E+00  0.000000E+00  0.000000E+00  0.000000E+00 -5.739119E+05
  0.000000E+00  3.769987E+04 -6.636135E+05  6.891113E+05  0.000000E+00
  0.000000E+00  0.000000E+00  0.000000E+00  4.050919E+05  6.159411E-21
  6.101037E+03  1.220207E+04  9.000000E+01  9.000000E+01  9.000000E+01
  0.000000E+00 -4.905226E+01  5.120678E+10 -4.982724E+01 -2.548432E-01
  3.395043E-03 -2.548432E-01 -4.960608E+01  2.095859E-01  3.395043E-03
  2.095859E-01 -4.772344E+01  9.235975E-01  9.348283E-01  7.917432E-01
  1.137774E+00  3.204531E+02  7.501536E+01  0.000000E+00  0.000000E+00
  0.000000E+00  7.501536E+01  0.000000E+00  0.000000E+00  0.000000E+00
  7.198685E+01 -1.256662E+04
     27000  1.350000E+01        52
  5.120621E+10  1.916522E-17 -5.739340E+05  1.104331E+05 -6.904696E+05
  0.000000E+00  0.000000E+00  0.000000E+00  0.000000E+00 -5.739338E+05
  0.000000E+00  3.700758E+04 -6.644770E+05  6.892797E+05  0.000000E+00
  0.000000E+00  0.000000E+00  0.000000E+00  4.050114E+05  5.766122E-21
  6.102458E+03  1.220492E+04  9.000000E+01  9.000000E+01  9.000000E+01
  0.000000E+00 -4.816107E+01  5.120678E+10 -4.892224E+01 -2.689468E-01
  9.512123E-04 -2.689468E-01 -4.871292E+01  2.182090E-01  9.512123E-04
  2.182090E-01 -4.684805E+01  9.235975E-01  9.348283E-01  7.917432E-01
  1.137774E+00  3.204531E+02  7.501039E+01  0.000000E+00  0.000000E+00
  0.000000E+00  7.501039E+01  0.000000E+00  0.000000E+00  0.000000E+00
  7.198208E+01 -1.233586E+04
     28000  1.400000E+01        52
  5.120621E+10  1.816552E-17 -5.739543E+05  1.105681E+05 -6.906266E+05
  0.000000E+00  0.000000E+00  0.000000E+00  0.000000E+00 -5.739541E+05
  0.000000E+00  3.636149E+04 -6.652841E+05  6.894372E+05  0.000000E+00
  0.000000E+00  0.000000E+00  0.000000E+00  4.049321E+05  5.163718E-21
  6.104179E+03  1.220836E+04  9.000000E+01  9.000000E+01  9.000000E+01
  0.000000E+00 -4.732953E+01  5.120678E+10 -4.807699E+01 -2.828668E-01
 -6.134850E-04 -2.828668E-01 -4.787958E+01  2.262342E-01 -6.134850E-04
  2.262342E-01 -4.603201E+01  9.235975E-01  9.348283E-01  7.917432E-01
  1.137774E+00  3.204531E+02  7.500550E+01  0.000000E+00  0.000000E+00
  0.000000E+00  7.500550E+01  0.000000E+00  0.000000E+00  0.000000E+00
  7.197739E+01 -1.212050E+04
     29000  1.450000E+01        52
  5.120621E+10  1.728609E-17 -5.739732E+05  1.106945E+05 -6.907738E+05
  0.000000E+00  0.000000E+00  0.000000E+00  0.000000E+00 -5.739729E+05
  0.000000E+00  3.575638E+04 -6.660411E+05  6.895852E+05  0.000000E+00
  0.000000E+00  0.000000E+00  0.000000E+00  4.048540E+05  4.798863E-21
  6.106121E+03  1.221224E+04  9.000000E+01  9.000000E+01  9.000000E+01
  0.000000E+00 -4.655087E+01  5.120678E+10 -4.728468E+01 -2.967117E-01
 -1.632128E-03 -2.967117E-01 -4.709922E+01  2.338019E-01 -1.632128E-03
  2.338019E-01 -4.526873E+01  9.235975E-01  9.348283E-01  7.917432E-01
  1.137774E+00  3.204531E+02  7.500067E+01  0.000000E+00  0.000000E+00
  0.000000E+00  7.500067E+01  0.000000E+00  0.000000E+00  0.000000E+00
  7.197276E+01 -1.191879E+04
     30000  1.500000E+01        52
  5.120621E+10  1.650594E-17 -5.739908E+05  1.108134E+05 -6.909125E+05
  0.000000E+00  0.000000E+00  0.000000E+00  0.000000E+00 -5.739906E+05
  0.000000E+00  3.518748E+04 -6.667535E+05  6.897245E+05  0.000000E+00
  0.000000E+00  0.000000E+00  0.000000E+00  4.047769E+05  4.513292E-21
  6.108231E+03  1.221646E+04  9.000000E+01  9.000000E+01  9.000000E+01
  0.000000E+00 -4.581895E+01  5.120678E+10 -4.653894E+01 -3.104568E-01
 -2.187685E-03 -3.104568E-01 -4.636581E+01  2.408025E-01 -2.187685E-03
  2.408025E-01 -4.455210E+01  9.235975E-01  9.348283E-01  7.917432E-01
  1.137774E+00  3.204531E+02  7.499591E+01  0.000000E+00  0.000000E+00
  0.000000E+00  7.499591E+01  0.000000E+00  0.000000E+00  0.000000E+00
  7.196819E+01 -1.172916E+04
     31000  1.550000E+01        52
  5.120621E+10  1.580311E-17 -5.740074E+05  1.109256E+05 -6.910435E+05
  0.000000E+00  0.000000E+00  0.000000E+00  0.000000E+00 -5.740071E+05
  0.000000E+00  3.465087E+04 -6.674262E+05  6.898562E+05  0.000000E+00
  0.000000E+00  0.000000E+00  0.000000E+00  4.047008E+05  4.258232E-21
  6.110466E+03  1.222093E+04  9.000000E+01  9.000000E+01  9.000000E+01
  0.000000E+00 -4.512870E+01  5.120678E+10 -4.583499E+01 -3.242530E-01
 -2.323653E-03 -3.242530E-01 -4.567417E+01  2.471192E-01 -2.323653E-03
  2.471192E-01 -4.387695E+01  9.235975E-01  9.348283E-01  7.917432E-01
  1.137774E+00  3.204531E+02  7.499121E+01  0.000000E+00  0.000000E+00
  0.000000E+00  7.499121E+01  0.000000E+00  0.000000E+00  0.000000E+00
  7.196368E+01 -1.155029E+04
     32000  1.600000E+01        52
  5.120621E+10  1.516500E-17 -5.740229E+05  1.110319E+05 -6.911676E+05
  0.000000E+00  0.000000E+00  0.000000E+00  0.000000E+00 -5.740227E+05
  0.000000E+00  3.414320E+04 -6.680633E+05  6.899809E+05  0.000000E+00
  0.000000E+00  0.000000E+00  0.000000E+00  4.046256E+05  4.002320E-21
  6.112799E+03  1.222560E+04  9.000000E+01  9.000000E+01  9.000000E+01
  0.000000E+00 -4.447577E+01  5.120678E+10 -4.516858E+01 -3.382873E-01
 -2.241492E-03 -3.382873E-01 -4.501992E+01  2.528679E-01 -2.241492E-03
  2.528679E-01 -4.323882E+01  9.235975E-01  9.348283E-01  7.917432E-01
  1.137774E+00  3.204531E+02  7.498656E+01  0.000000E+00  0.000000E+00
  0.000000E+00  7.498656E+01  0.000000E+00  0.000000E+00  0.000000E+00
  7.195922E+01 -1.138107E+04
     33000  1.650000E+01        52
  5.120621E+10  1.459049E-17 -5.740376E+05  1.111327E+05 -6.912855E+05
  0.000000E+00  0.000000E+00  0.000000E+00  0.000000E+00 -5.740374E+05
  0.000000E+00  3.366183E+04 -6.686680E+05  6.900994E+05  0.000000E+00
  0.000000E+00  0.000000E+00  0.000000E+00  4.045513E+05  3.765001E-21
  6.115208E+03  1.223042E+04  9.000000E+01  9.000000E+01  9.000000E+01
  0.000000E+00 -4.385680E+01  5.120678E+10 -4.453652E+01 -3.524700E-01
 -1.851806E-03 -3.524700E-01 -4.439984E+01  2.581098E-01 -1.851806E-03
  2.581098E-01 -4.263403E+01  9.235975E-01  9.348283E-01  7.917432E-01
  1.137774E+00  3.204531E+02  7.498197E+01  0.000000E+00  0.000000E+00
  0.000000E+00  7.498197E+01  0.000000E+00  0.000000E+00  0.000000E+00
  7.195481E+01 -1.122061E+04
     34000  1.700000E+01        52
  5.120621E+10  1.407509E-17 -5.740515E+05  1.112285E+05 -6.913976E+05
  0.000000E+00  0.000000E+00  0.000000E+00  0.000000E+00 -5.740512E+05
  0.000000E+00  3.320443E+04 -6.692430E+05  6.902121E+05  0.000000E+00
  0.000000E+00  0.000000E+00  0.000000E+00  4.044778E+05  3.562443E-21
  6.117667E+03  1.223533E+04  9.000000E+01  9.000000E+01  9.000000E+01
  0.000000E+00 -4.326873E+01  5.120678E+10 -4.393554E+01 -3.665027E-01
 -1.091498E-03 -3.665027E-01 -4.381098E+01  2.629696E-01 -1.091498E-03
  2.629696E-01 -4.205966E+01  9.235975E-01  9.348283E-01  7.917432E-01
  1.137774E+00  3.204531E+02  7.497743E+01  0.000000E+00  0.000000E+00
  0.000000E+00  7.497743E+01  0.000000E+00  0.000000E+00  0.000000E+00
  7.195046E+01 -1.106814E+04
     35000  1.750000E+01        52
  5.120621E+10  1.361153E-17 -5.740646E+05  1.113197E+05 -6.915045E+05
  0.000000E+00  0.000000E+00  0.000000E+00  0.000000E+00 -5.740643E+05
  0.000000E+00  3.276897E+04 -6.697910E+05  6.903196E+05  0.000000E+00
  0.000000E+00  0.000000E+00  0.000000E+00  4.044050E+05  3.395098E-21
  6.120159E+03  1.224032E+04  9.000000E+01  9.000000E+01  9.000000E+01
  0.000000E+00 -4.270896E+01  5.120678E+10 -4.336306E+01 -3.803117E-01
  1.525239E-04 -3.803117E-01 -4.325066E+01  2.675700E-01  1.525239E-04
  2.675700E-01 -4.151315E+01  9.235975E-01  9.348283E-01  7.917432E-01
  1.137774E+00  3.204531E+02  7.497293E+01  0.000000E+00  0.000000E+00
  0.000000E+00  7.497293E+01  0.000000E+00  0.000000E+00  0.000000E+00
  7.194614E+01 -1.092299E+04
     36000  1.800000E+01        52
  5.120621E+10  1.319291E-17 -5.740770E+05  1.114068E+05 -6.916065E+05
  0.000000E+00  0.000000E+00  0.000000E+00  0.000000E+00 -5.740768E+05
  0.000000E+00  3.235351E+04 -6.703141E+05  6.904223E+05  0.000000E+00
  0.000000E+00  0.000000E+00  0.000000E+00  4.043330E+05  3.254968E-21
  6.122669E+03  1.224534E+04  9.000000E+01  9.000000E+01  9.000000E+01
  0.000000E+00 -4.217499E+01  5.120678E+10 -4.281651E+01 -3.937329E-01
  1.861719E-03 -3.937329E-01 -4.271653E+01  2.718926E-01  1.861719E-03
  2.718926E-01 -4.099193E+01  9.235975E-01  9.348283E-01  7.917432E-01
  1.137774E+00  3.204531E+02  7.496848E+01  0.000000E+00  0.000000E+00
  0.000000E+00  7.496848E+01  0.000000E+00  0.000000E+00  0.000000E+00
  7.194187E+01 -1.078450E+04
     37000  1.850000E+01        52
  5.120621E+10  1.281320E-17 -5.740889E+05  1.114901E+05 -6.917041E+05
  0.000000E+00  0.000000E+00  0.000000E+00  0.000000E+00 -5.740886E+05
  0.000000E+00  3.195639E+04 -6.708145E+05  6.905205E+05  0.000000E+00
  0.000000E+00  0.000000E+00  0.000000E+00  4.042616E+05  3.138321E-21
  6.125187E+03  1.225037E+04  9.000000E+01  9.000000E+01  9.000000E+01
  0.000000E+00 -4.166467E+01  5.120678E+10 -4.229379E+01 -4.067651E-01
  3.930694E-03 -4.067651E-01 -4.220622E+01  2.760125E-01  3.930694E-03
  2.760125E-01 -4.049399E+01  9.235975E-01  9.348283E-01  7.917432E-01
  1.137774E+00  3.204531E+02  7.496407E+01  0.000000E+00  0.000000E+00
  0.000000E+00  7.496407E+01  0.000000E+00  0.000000E+00  0.000000E+00
  7.193764E+01 -1.065213E+04
     38000  1.900000E+01        52
  5.120621E+10  1.246658E-17 -5.741002E+05  1.115698E+05 -6.917977E+05
  0.000000E+00  0.000000E+00  0.000000E+00  0.000000E+00 -5.740999E+05
  0.000000E+00  3.157615E+04 -6.712940E+05  6.906147E+05  0.000000E+00
  0.000000E+00  0.000000E+00  0.000000E+00  4.041909E+05  3.039132E-21
  6.127705E+03  1.225541E+04  9.000000E+01  9.000000E+01  9.000000E+01
  0.000000E+00 -4.117610E+01  5.120678E+10 -4.179306E+01 -4.194885E-01
  6.422498E-03 -4.194885E-01 -4.171796E+01  2.799725E-01  6.422498E-03
  2.799725E-01 -4.001729E+01  9.235975E-01  9.348283E-01  7.917432E-01
  1.137774E+00  3.204531E+02  7.495970E+01  0.000000E+00  0.000000E+00
  0.000000E+00  7.495970E+01  0.000000E+00  0.000000E+00  0.000000E+00
  7.193345E+01 -1.052538E+04
     39000  1.950000E+01        52
  5.120621E+10  1.214835E-17 -5.741109E+05  1.116463E+05 -6.918875E+05
  0.000000E+00  0.000000E+00  0.000000E+00  0.000000E+00 -5.741107E+05
  0.000000E+00  3.121153E+04 -6.717541E+05  6.907051E+05  0.000000E+00
  0.000000E+00  0.000000E+00  0.000000E+00  4.041209E+05  2.942271E-21
  6.130221E+03  1.226044E+04  9.000000E+01  9.000000E+01  9.000000E+01
  0.000000E+00 -4.070769E+01  5.120678E+10 -4.131268E+01 -4.317710E-01
  9.158272E-03 -4.317710E-01 -4.125009E+01  2.838640E-01  9.158272E-03
  2.838640E-01 -3.956030E+01  9.235975E-01  9.348283E-01  7.917432E-01
  1.137774E+00  3.204531E+02  7.495537E+01  0.000000E+00  0.000000E+00
  0.000000E+00  7.495537E+01  0.000000E+00  0.000000E+00  0.000000E+00
  7.192929E+01 -1.040384E+04
     40000  2.000000E+01        52
  5.120621E+10  1.185539E-17 -5.741213E+05  1.117198E+05 -6.919738E+05
  0.000000E+00  0.000000E+00  0.000000E+00  0.000000E+00 -5.741210E+05
  0.000000E+00  3.086133E+04 -6.721962E+05  6.907921E+05  0.000000E+00
  0.000000E+00  0.000000E+00  0.000000E+00  4.040514E+05  2.847369E-21
  6.132733E+03  1.226547E+04  9.000000E+01  9.000000E+01  9.000000E+01
  0.000000E+00 -4.025786E+01  5.120678E+10 -4.085129E+01 -4.437995E-01
  1.205190E-02 -4.437995E-01 -4.080092E+01  2.876925E-01  1.205190E-02
  2.876925E-01 -3.912137E+01  9.235975E-01  9.348283E-01  7.917432E-01
  1.137774E+00  3.204531E+02  7.495108E+01  0.000000E+00  0.000000E+00
  0.000000E+00  7.495108E+01  0.000000E+00  0.000000E+00  0.000000E+00
  7.192517E+01 -1.028711E+04
     41000  2.050000E+01        52
  5.120621E+10  1.158689E-17 -5.741311E+05  1.117906E+05 -6.920569E+05
  0.000000E+00  0.000000E+00  0.000000E+00  0.000000E+00 -5.741309E+05
  0.000000E+00  3.052457E+04 -6.726217E+05  6.908758E+05  0.000000E+00
  0.000000E+00  0.000000E+00  0.000000E+00  4.039825E+05  2.758437E-21
  6.135240E+03  1.227048E+04  9.000000E+01  9.000000E+01  9.000000E+01
  0.000000E+00 -3.982536E+01  5.120678E+10 -4.040753E+01 -4.554258E-01
  1.510265E-02 -4.554258E-01 -4.036922E+01  2.914374E-01  1.510265E-02
  2.914374E-01 -3.869931E+01  9.235975E-01  9.348283E-01  7.917432E-01
  1.137774E+00  3.204531E+02  7.494682E+01  0.000000E+00  0.000000E+00
  0.000000E+00  7.494682E+01  0.000000E+00  0.000000E+00  0.000000E+00
  7.192108E+01 -1.017486E+04
     42000  2.100000E+01        52
  5.120621E+10  1.134144E-17 -5.741406E+05  1.118587E+05 -6.921370E+05
  0.000000E+00  0.000000E+00  0.000000E+00  0.000000E+00 -5.741403E+05
  0.000000E+00  3.020038E+04 -6.730316E+05  6.909565E+05  0.000000E+00
  0.000000E+00  0.000000E+00  0.000000E+00  4.039141E+05  2.683795E-21
  6.137740E+03  1.227548E+04  9.000000E+01  9.000000E+01  9.000000E+01
  0.000000E+00 -3.940906E+01  5.120678E+10 -3.998024E+01 -4.668140E-01
  1.823472E-02 -4.668140E-01 -3.995375E+01  2.951360E-01  1.823472E-02
  2.951360E-01 -3.829318E+01  9.235975E-01  9.348283E-01  7.917432E-01
  1.137774E+00  3.204531E+02  7.494259E+01  0.000000E+00  0.000000E+00
  0.000000E+00  7.494259E+01  0.000000E+00  0.000000E+00  0.000000E+00
  7.191702E+01 -1.006679E+04
     43000  2.150000E+01        52
  5.120621E+10  1.111701E-17 -5.741497E+05  1.119244E+05 -6.922143E+05
  0.000000E+00  0.000000E+00  0.000000E+00  0.000000E+00 -5.741494E+05
  0.000000E+00  2.988787E+04 -6.734270E+05  6.910344E+05  0.000000E+00
  0.000000E+00  0.000000E+00  0.000000E+00  4.038463E+05  2.618818E-21
  6.140230E+03  1.228046E+04  9.000000E+01  9.000000E+01  9.000000E+01
  0.000000E+00 -3.900781E+01  5.120678E+10 -3.956817E+01 -4.778642E-01
  2.150159E-02 -4.778642E-01 -3.955342E+01  2.987840E-01  2.150159E-02
  2.987840E-01 -3.790185E+01  9.235975E-01  9.348283E-01  7.917432E-01
  1.137774E+00  3.204531E+02  7.493839E+01  0.000000E+00  0.000000E+00
  0.000000E+00  7.493839E+01  0.000000E+00  0.000000E+00  0.000000E+00
  7.191299E+01 -9.962624E+03
     44000  2.200000E+01        52
  5.120621E+10  1.091139E-17 -5.741584E+05  1.119878E+05 -6.922889E+05
  0.000000E+00  0.000000E+00  0.000000E+00  0.000000E+00 -5.741581E+05
  0.000000E+00  2.958631E+04 -6.738087E+05  6.911096E+05  0.000000E+00
  0.000000E+00  0.000000E+00  0.000000E+00  4.037789E+05  2.566209E-21
  6.142709E+03  1.228542E+04  9.000000E+01  9.000000E+01  9.000000E+01
  0.000000E+00 -3.862067E+01  5.120678E+10 -3.917045E+01 -4.885317E-01
  2.487718E-02 -4.885317E-01 -3.916721E+01  3.022925E-01  2.487718E-02
  3.022925E-01 -3.752437E+01  9.235975E-01  9.348283E-01  7.917432E-01
  1.137774E+00  3.204531E+02  7.493422E+01  0.000000E+00  0.000000E+00
  0.000000E+00  7.493422E+01  0.000000E+00  0.000000E+00  0.000000E+00
  7.190900E+01 -9.862103E+03
     45000  2.250000E+01        52
  5.120621E+10  1.072241E-17 -5.741668E+05  1.120491E+05 -6.923611E+05
  0.000000E+00  0.000000E+00  0.000000E+00  0.000000E+00 -5.741665E+05
  0.000000E+00  2.929500E+04 -6.741777E+05  6.911824E+05  0.000000E+00
  0.000000E+00  0.000000E+00  0.000000E+00  4.037121E+05  2.520052E-21
  6.145178E+03  1.229036E+04  9.000000E+01  9.000000E+01  9.000000E+01
  0.000000E+00 -3.824675E+01  5.120678E+10 -3.878595E+01 -4.989860E-01
  2.832210E-02 -4.989860E-01 -3.879435E+01  3.056668E-01  2.832210E-02
  3.056668E-01 -3.715995E+01  9.235975E-01  9.348283E-01  7.917432E-01
  1.137774E+00  3.204531E+02  7.493009E+01  0.000000E+00  0.000000E+00
  0.000000E+00  7.493009E+01  0.000000E+00  0.000000E+00  0.000000E+00
  7.190502E+01 -9.765000E+03
     46000  2.300000E+01        52
  5.120621E+10  1.054851E-17 -5.741749E+05  1.121084E+05 -6.924310E+05
  0.000000E+00  0.000000E+00  0.000000E+00  0.000000E+00 -5.741746E+05
  0.000000E+00  2.901328E+04 -6.745349E+05  6.912529E+05  0.000000E+00
  0.000000E+00  0.000000E+00  0.000000E+00  4.036456E+05  2.474912E-21
  6.147635E+03  1.229527E+04  9.000000E+01  9.000000E+01  9.000000E+01
  0.000000E+00 -3.788518E+01  5.120678E+10 -3.841382E+01 -5.092441E-01
  3.182368E-02 -5.092441E-01 -3.843396E+01  3.089368E-01  3.182368E-02
  3.089368E-01 -3.680776E+01  9.235975E-01  9.348283E-01  7.917432E-01
  1.137774E+00  3.204531E+02  7.492598E+01  0.000000E+00  0.000000E+00
  0.000000E+00  7.492598E+01  0.000000E+00  0.000000E+00  0.000000E+00
  7.190108E+01 -9.671095E+03
     47000  2.350000E+01        52
  5.120621E+10  1.038815E-17 -5.741827E+05  1.121659E+05 -6.924987E+05
  0.000000E+00  0.000000E+00  0.000000E+00  0.000000E+00 -5.741825E+05
  0.000000E+00  2.874062E+04 -6.748807E+05  6.913212E+05  0.000000E+00
  0.000000E+00  0.000000E+00  0.000000E+00  4.035796E+05  2.432731E-21
  6.150080E+03  1.230016E+04  9.000000E+01  9.000000E+01  9.000000E+01
  0.000000E+00 -3.753528E+01  5.120678E+10 -3.805329E+01 -5.191917E-01
  3.533793E-02 -5.191917E-01 -3.808548E+01  3.121119E-01  3.533793E-02
  3.121119E-01 -3.646706E+01  9.235975E-01  9.348283E-01  7.917432E-01
  1.137774E+00  3.204531E+02  7.492189E+01  0.000000E+00  0.000000E+00
  0.000000E+00  7.492189E+01  0.000000E+00  0.000000E+00  0.000000E+00
  7.189716E+01 -9.580207E+03
     48000  2.400000E+01        52
  5.120621E+10  1.024025E-17 -5.741903E+05  1.122216E+05 -6.925644E+05
  0.000000E+00  0.000000E+00  0.000000E+00  0.000000E+00 -5.741900E+05
  0.000000E+00  2.847651E+04 -6.752160E+05  6.913875E+05  0.000000E+00
  0.000000E+00  0.000000E+00  0.000000E+00  4.035141E+05  2.390556E-21
  6.152511E+03  1.230502E+04  9.000000E+01  9.000000E+01  9.000000E+01
  0.000000E+00 -3.719639E+01  5.120678E+10 -3.770387E+01 -5.289277E-01
  3.894012E-02 -5.289277E-01 -3.774811E+01  3.151310E-01  3.894012E-02
  3.151310E-01 -3.613720E+01  9.235975E-01  9.348283E-01  7.917432E-01
  1.137774E+00  3.204531E+02  7.491784E+01  0.000000E+00  0.000000E+00
  0.000000E+00  7.491784E+01  0.000000E+00  0.000000E+00  0.000000E+00
  7.189327E+01 -9.492170E+03
     49000  2.450000E+01        52
  5.120621E+10  1.010328E-17 -5.741976E+05  1.122757E+05 -6.926282E+05
  0.000000E+00  0.000000E+00  0.000000E+00  0.000000E+00 -5.741973E+05
  0.000000E+00  2.822039E+04 -6.755413E+05  6.914519E+05  0.000000E+00
  0.000000E+00  0.000000E+00  0.000000E+00  4.034489E+05  2.351042E-21
  6.154923E+03  1.230985E+04  9.000000E+01  9.000000E+01  9.000000E+01
  0.000000E+00 -3.686779E+01  5.120679E+10 -3.736483E+01 -5.383525E-01
  4.254559E-02 -5.383525E-01 -3.742112E+01  3.180677E-01  4.254559E-02
  3.180677E-01 -3.581743E+01  9.235975E-01  9.348283E-01  7.917432E-01
  1.137774E+00  3.204531E+02  7.491380E+01  0.000000E+00  0.000000E+00
  0.000000E+00  7.491380E+01  0.000000E+00  0.000000E+00  0.000000E+00
  7.188940E+01 -9.406796E+03
     50000  2.500000E+01        52
  5.120621E+10  9.975968E-18 -5.742046E+05  1.123281E+05 -6.926901E+05
  0.000000E+00  0.000000E+00  0.000000E+00  0.000000E+00 -5.742044E+05
  0.000000E+00  2.797191E+04 -6.758571E+05  6.915144E+05  0.000000E+00
  0.000000E+00  0.000000E+00  0.000000E+00  4.033841E+05  2.315371E-21
  6.157313E+03  1.231463E+04  9.000000E+01  9.000000E+01  9.000000E+01
  0.000000E+00 -3.654904E+01  5.120679E+10 -3.703591E+01 -5.474506E-01
  4.633481E-02 -5.474506E-01 -3.710400E+01  3.209669E-01  4.633481E-02
  3.209669E-01 -3.550722E+01  9.235975E-01  9.348283E-01  7.917432E-01
  1.137774E+00  3.204531E+02  7.490979E+01  0.000000E+00  0.000000E+00
  0.000000E+00  7.490979E+01  0.000000E+00  0.000000E+00  0.000000E+00
  7.188555E+01 -9.323969E+03
     51000  2.550000E+01        52
  5.120621E+10  9.857682E-18 -5.742115E+05  1.123791E+05 -6.927502E+05
  0.000000E+00  0.000000E+00  0.000000E+00  0.000000E+00 -5.742112E+05
  0.000000E+00  2.773071E+04 -6.761638E+05  6.915752E+05  0.000000E+00
  0.000000E+00  0.000000E+00  0.000000E+00  4.033197E+05  2.277252E-21
  6.159678E+03  1.231936E+04  9.000000E+01  9.000000E+01  9.000000E+01
  0.000000E+00 -3.623967E+01  5.120679E+10 -3.671664E+01 -5.563416E-01
  5.023907E-02 -5.563416E-01 -3.679608E+01  3.238262E-01  5.023907E-02
  3.238262E-01 -3.520628E+01  9.235975E-01  9.348283E-01  7.917432E-01
  1.137774E+00  3.204531E+02  7.490581E+01  0.000000E+00  0.000000E+00
  0.000000E+00  7.490581E+01  0.000000E+00  0.000000E+00  0.000000E+00
  7.188172E+01 -9.243568E+03
     52000  2.600000E+01        52
  5.120621E+10  9.747558E-18 -5.742181E+05  1.124286E+05 -6.928087E+05
  0.000000E+00  0.000000E+00  0.000000E+00  0.000000E+00 -5.742178E+05
  0.000000E+00  2.749628E+04 -6.764620E+05  6.916343E+05  0.000000E+00
  0.000000E+00  0.000000E+00  0.000000E+00  4.032557E+05  2.248101E-21
  6.162014E+03  1.232403E+04  9.000000E+01  9.000000E+01  9.000000E+01
  0.000000E+00 -3.593902E+01  5.120679E+10 -3.640653E+01 -5.648145E-01
  5.433426E-02 -5.648145E-01 -3.649682E+01  3.267095E-01  5.433426E-02
  3.267095E-01 -3.491370E+01  9.235975E-01  9.348283E-01  7.917432E-01
  1.137774E+00  3.204531E+02  7.490184E+01  0.000000E+00  0.000000E+00
  0.000000E+00  7.490184E+01  0.000000E+00  0.000000E+00  0.000000E+00
  7.187792E+01 -9.165427E+03
     53000  2.650000E+01        52
  5.120621E+10  9.645724E-18 -5.742245E+05  1.124767E+05 -6.928655E+05
  0.000000E+00  0.000000E+00  0.000000E+00  0.000000E+00 -5.742242E+05
  0.000000E+00  2.726844E+04 -6.767519E+05  6.916917E+05  0.000000E+00
  0.000000E+00  0.000000E+00  0.000000E+00  4.031920E+05  2.220821E-21
  6.164321E+03  1.232864E+04  9.000000E+01  9.000000E+01  9.000000E+01
  0.000000E+00 -3.564685E+01  5.120679E+10 -3.610534E+01 -5.729412E-01
  5.856779E-02 -5.729412E-01 -3.620580E+01  3.296480E-01  5.856779E-02
  3.296480E-01 -3.462941E+01  9.235975E-01  9.348283E-01  7.917432E-01
  1.137774E+00  3.204531E+02  7.489790E+01  0.000000E+00  0.000000E+00
  0.000000E+00  7.489790E+01  0.000000E+00  0.000000E+00  0.000000E+00
  7.187413E+01 -9.089480E+03
     54000  2.700000E+01        52
  5.120621E+10  9.552240E-18 -5.742307E+05  1.125235E+05 -6.929209E+05
  0.000000E+00  0.000000E+00  0.000000E+00  0.000000E+00 -5.742305E+05
  0.000000E+00  2.704679E+04 -6.770341E+05  6.917477E+05  0.000000E+00
  0.000000E+00  0.000000E+00  0.000000E+00  4.031286E+05  2.203858E-21
  6.166599E+03  1.233320E+04  9.000000E+01  9.000000E+01  9.000000E+01
  0.000000E+00 -3.536265E+01  5.120679E+10 -3.581250E+01 -5.806951E-01
  6.294604E-02 -5.806951E-01 -3.592254E+01  3.326407E-01  6.294604E-02
  3.326407E-01 -3.435290E+01  9.235975E-01  9.348283E-01  7.917432E-01
  1.137774E+00  3.204531E+02  7.489397E+01  0.000000E+00  0.000000E+00
  0.000000E+00  7.489397E+01  0.000000E+00  0.000000E+00  0.000000E+00
  7.187037E+01 -9.015595E+03
     55000  2.750000E+01        52
  5.120621E+10  9.468116E-18 -5.742368E+05  1.125691E+05 -6.929747E+05
  0.000000E+00  0.000000E+00  0.000000E+00  0.000000E+00 -5.742365E+05
  0.000000E+00  2.683108E+04 -6.773087E+05  6.918021E+05  0.000000E+00
  0.000000E+00  0.000000E+00  0.000000E+00  4.030656E+05  2.191978E-21
  6.168844E+03  1.233769E+04  9.000000E+01  9.000000E+01  9.000000E+01
  0.000000E+00 -3.508610E+01  5.120679E+10 -3.552775E+01 -5.880549E-01
  6.747982E-02 -5.880549E-01 -3.564677E+01  3.357362E-01  6.747982E-02
  3.357362E-01 -3.408378E+01  9.235975E-01  9.348283E-01  7.917432E-01
  1.137774E+00  3.204531E+02  7.489007E+01  0.000000E+00  0.000000E+00
  0.000000E+00  7.489007E+01  0.000000E+00  0.000000E+00  0.000000E+00
  7.186662E+01 -8.943692E+03
     56000  2.800000E+01        52
  5.120621E+10  9.395279E-18 -5.742427E+05  1.126135E+05 -6.930272E+05
  0.000000E+00  0.000000E+00  0.000000E+00  0.000000E+00 -5.742424E+05
  0.000000E+00  2.662094E+04 -6.775763E+05  6.918552E+05  0.000000E+00
  0.000000E+00  0.000000E+00  0.000000E+00  4.030028E+05  2.204810E-21
  6.171061E+03  1.234212E+04  9.000000E+01  9.000000E+01  9.000000E+01
  0.000000E+00 -3.481673E+01  5.120679E+10 -3.525059E+01 -5.950496E-01
  7.225571E-02 -5.950496E-01 -3.537798E+01  3.389138E-01  7.225571E-02
  3.389138E-01 -3.382163E+01  9.235975E-01  9.348283E-01  7.917432E-01
  1.137774E+00  3.204531E+02  7.488618E+01  0.000000E+00  0.000000E+00
  0.000000E+00  7.488618E+01  0.000000E+00  0.000000E+00  0.000000E+00
  7.186289E+01 -8.873647E+03
     57000  2.850000E+01        52
  5.120621E+10  9.339254E-18 -5.742484E+05  1.126568E+05 -6.930784E+05
  0.000000E+00  0.000000E+00  0.000000E+00  0.000000E+00 -5.742481E+05
  0.000000E+00  2.641625E+04 -6.778372E+05  6.919070E+05  0.000000E+00
  0.000000E+00  0.000000E+00  0.000000E+00  4.029404E+05  2.280703E-21
  6.173250E+03  1.234650E+04  9.000000E+01  9.000000E+01  9.000000E+01
  0.000000E+00 -3.455438E+01  5.120679E+10 -3.498085E+01 -6.015075E-01
  7.740455E-02 -6.015075E-01 -3.511593E+01  3.422168E-01  7.740455E-02
  3.422168E-01 -3.356635E+01  9.235975E-01  9.348283E-01  7.917432E-01
  1.137774E+00  3.204531E+02  7.488232E+01  0.000000E+00  0.000000E+00
  0.000000E+00  7.488232E+01  0.000000E+00  0.000000E+00  0.000000E+00
  7.185918E+01 -8.805416E+03
     58000  2.900000E+01        52
  5.120621E+10  9.312359E-18 -5.742540E+05  1.126990E+05 -6.931283E+05
  0.000000E+00  0.000000E+00  0.000000E+00  0.000000E+00 -5.742537E+05
  0.000000E+00  2.621655E+04 -6.780918E+05  6.919575E+05  0.000000E+00
  0.000000E+00  0.000000E+00  0.000000E+00  4.028783E+05  2.555277E-21
  6.175419E+03  1.235084E+04  9.000000E+01  9.000000E+01  9.000000E+01
  0.000000E+00 -3.429844E+01  5.120679E+10 -3.471800E+01 -6.072737E-01
  8.323285E-02 -6.072737E-01 -3.485990E+01  3.457198E-01  8.323285E-02
  3.457198E-01 -3.331742E+01  9.235975E-01  9.348283E-01  7.917432E-01
  1.137774E+00  3.204531E+02  7.487847E+01  0.000000E+00  0.000000E+00
  0.000000E+00  7.487847E+01  0.000000E+00  0.000000E+00  0.000000E+00
  7.185549E+01 -8.738849E+03
     59000  2.950000E+01        52
  5.120621E+10  9.309589E-18 -5.742594E+05  1.127403E+05 -6.931773E+05
  0.000000E+00  0.000000E+00  0.000000E+00  0.000000E+00 -5.742592E+05
  0.000000E+00  2.602121E+04 -6.783411E+05  6.920071E+05  0.000000E+00
  0.000000E+00  0.000000E+00  0.000000E+00  4.028164E+05  2.978514E-21
  6.177584E+03  1.235517E+04  9.000000E+01  9.000000E+01  9.000000E+01
  0.000000E+00 -3.404812E+01  5.120679E+10 -3.446112E+01 -6.120099E-01
  8.992061E-02 -6.120099E-01 -3.460911E+01  3.499557E-01  8.992061E-02
  3.499557E-01 -3.307413E+01  9.235975E-01  9.348283E-01  7.917432E-01
  1.137774E+00  3.204531E+02  7.487463E+01  0.000000E+00  0.000000E+00
  0.000000E+00  7.487463E+01  0.000000E+00  0.000000E+00  0.000000E+00
  7.185181E+01 -8.673738E+03
     60000  3.000000E+01        52
  5.120621E+10  9.208525E-18 -5.742647E+05  1.127810E+05 -6.932255E+05
  0.000000E+00  0.000000E+00  0.000000E+00  0.000000E+00 -5.742645E+05
  0.000000E+00  2.582931E+04 -6.785860E+05  6.920559E+05  0.000000E+00
  0.000000E+00  0.000000E+00  0.000000E+00  4.027548E+05  2.418901E-21
  6.179712E+03  1.235942E+04  9.000000E+01  9.000000E+01  9.000000E+01
  0.000000E+00 -3.380218E+01  5.120679E+10 -3.420819E+01 -6.159661E-01
  9.616470E-02 -6.159661E-01 -3.436327E+01  3.550228E-01  9.616470E-02
  3.550228E-01 -3.283510E+01  9.235975E-01  9.348283E-01  7.917432E-01
  1.137774E+00  3.204531E+02  7.487082E+01  0.000000E+00  0.000000E+00
  0.000000E+00  7.487082E+01  0.000000E+00  0.000000E+00  0.000000E+00
  7.184815E+01 -8.609770E+03
     61000  3.050000E+01        52
  5.120621E+10  9.094619E-18 -5.742699E+05  1.128208E+05 -6.932724E+05
  0.000000E+00  0.000000E+00  0.000000E+00  0.000000E+00 -5.742696E+05
  0.000000E+00  2.564173E+04 -6.788251E+05  6.921033E+05  0.000000E+00
  0.000000E+00  0.000000E+00  0.000000E+00  4.026935E+05  2.074409E-21
  6.181751E+03  1.236350E+04  9.000000E+01  9.000000E+01  9.000000E+01
  0.000000E+00 -3.356181E+01  5.120679E+10 -3.396037E+01 -6.204138E-01
  1.008264E-01 -6.204138E-01 -3.412384E+01  3.595640E-01  1.008264E-01
  3.595640E-01 -3.260123E+01  9.235975E-01  9.348283E-01  7.917432E-01
  1.137774E+00  3.204531E+02  7.486702E+01  0.000000E+00  0.000000E+00
  0.000000E+00  7.486702E+01  0.000000E+00  0.000000E+00  0.000000E+00
  7.184450E+01 -8.547243E+03
     62000  3.100000E+01        52
  5.120621E+10  9.026810E-18 -5.742749E+05  1.128594E+05 -6.933180E+05
  0.000000E+00  0.000000E+00  0.000000E+00  0.000000E+00 -5.742746E+05
  0.000000E+00  2.545909E+04 -6.790579E+05  6.921495E+05  0.000000E+00
  0.000000E+00  0.000000E+00  0.000000E+00  4.026325E+05  2.012291E-21
  6.183740E+03  1.236748E+04  9.000000E+01  9.000000E+01  9.000000E+01
  0.000000E+00 -3.332781E+01  5.120679E+10 -3.371913E+01 -6.255411E-01
  1.046264E-01 -6.255411E-01 -3.389090E+01  3.633149E-01  1.046264E-01
  3.633149E-01 -3.237341E+01  9.235975E-01  9.348283E-01  7.917432E-01
  1.137774E+00  3.204531E+02  7.486324E+01  0.000000E+00  0.000000E+00
  0.000000E+00  7.486324E+01  0.000000E+00  0.000000E+00  0.000000E+00
  7.184087E+01 -8.486364E+03
     63000  3.150000E+01        52
  5.120621E+10  8.973192E-18 -5.742798E+05  1.128970E+05 -6.933625E+05
  0.000000E+00  0.000000E+00  0.000000E+00  0.000000E+00 -5.742795E+05
  0.000000E+00  2.528092E+04 -6.792850E+05  6.921945E+05  0.000000E+00
  0.000000E+00  0.000000E+00  0.000000E+00  4.025717E+05  1.986609E-21
  6.185700E+03  1.237140E+04  9.000000E+01  9.000000E+01  9.000000E+01
  0.000000E+00 -3.309957E+01  5.120679E+10 -3.348403E+01 -6.310006E-01
  1.080841E-01 -6.310006E-01 -3.366352E+01  3.667794E-01  1.080841E-01
  3.667794E-01 -3.215115E+01  9.235975E-01  9.348283E-01  7.917432E-01
  1.137774E+00  3.204531E+02  7.485947E+01  0.000000E+00  0.000000E+00
  0.000000E+00  7.485947E+01  0.000000E+00  0.000000E+00  0.000000E+00
  7.183726E+01 -8.426972E+03
     64000  3.200000E+01        52
  5.120621E+10  8.926341E-18 -5.742845E+05  1.129337E+05 -6.934059E+05
  0.000000E+00  0.000000E+00  0.000000E+00  0.000000E+00 -5.742843E+05
  0.000000E+00  2.510680E+04 -6.795070E+05  6.922385E+05  0.000000E+00
  0.000000E+00  0.000000E+00  0.000000E+00  4.025111E+05  1.957335E-21
  6.187632E+03  1.237526E+04  9.000000E+01  9.000000E+01  9.000000E+01
  0.000000E+00 -3.287654E+01  5.120679E+10 -3.325440E+01 -6.365442E-01
  1.112952E-01 -6.365442E-01 -3.344126E+01  3.701406E-01  1.112952E-01
  3.701406E-01 -3.193397E+01  9.235975E-01  9.348283E-01  7.917432E-01
  1.137774E+00  3.204531E+02  7.485571E+01  0.000000E+00  0.000000E+00
  0.000000E+00  7.485571E+01  0.000000E+00  0.000000E+00  0.000000E+00
  7.183365E+01 -8.368933E+03
     65000  3.250000E+01        52
  5.120621E+10  8.885176E-18 -5.742892E+05  1.129697E+05 -6.934484E+05
  0.000000E+00  0.000000E+00  0.000000E+00  0.000000E+00 -5.742889E+05
  0.000000E+00  2.493660E+04 -6.797240E+05  6.922815E+05  0.000000E+00
  0.000000E+00  0.000000E+00  0.000000E+00  4.024508E+05  1.938838E-21
  6.189536E+03  1.237907E+04  9.000000E+01  9.000000E+01  9.000000E+01
  0.000000E+00 -3.265857E+01  5.120679E+10 -3.302997E+01 -6.420943E-01
  1.143655E-01 -6.420943E-01 -3.322396E+01  3.734799E-01  1.143655E-01
  3.734799E-01 -3.172178E+01  9.235975E-01  9.348283E-01  7.917432E-01
  1.137774E+00  3.204531E+02  7.485197E+01  0.000000E+00  0.000000E+00
  0.000000E+00  7.485197E+01  0.000000E+00  0.000000E+00  0.000000E+00
  7.183007E+01 -8.312200E+03
     66000  3.300000E+01        52
  5.120621E+10  8.849072E-18 -5.742937E+05  1.130048E+05 -6.934899E+05
  0.000000E+00  0.000000E+00  0.000000E+00  0.000000E+00 -5.742934E+05
  0.000000E+00  2.477008E+04 -6.799365E+05  6.923237E+05  0.000000E+00
  0.000000E+00  0.000000E+00  0.000000E+00  4.023907E+05  1.923737E-21
  6.191412E+03  1.238282E+04  9.000000E+01  9.000000E+01  9.000000E+01
  0.000000E+00 -3.244533E+01  5.120679E+10 -3.281049E+01 -6.476700E-01
  1.172019E-01 -6.476700E-01 -3.301134E+01  3.767005E-01  1.172019E-01
  3.767005E-01 -3.151416E+01  9.235975E-01  9.348283E-01  7.917432E-01
  1.137774E+00  3.204531E+02  7.484825E+01  0.000000E+00  0.000000E+00
  0.000000E+00  7.484825E+01  0.000000E+00  0.000000E+00  0.000000E+00
  7.182649E+01 -8.256693E+03
     67000  3.350000E+01        52
  5.120621E+10  8.817807E-18 -5.742981E+05  1.130392E+05 -6.935306E+05
  0.000000E+00  0.000000E+00  0.000000E+00  0.000000E+00 -5.742978E+05
  0.000000E+00  2.460707E+04 -6.801444E+05  6.923650E+05  0.000000E+00
  0.000000E+00  0.000000E+00  0.000000E+00  4.023308E+05  1.915870E-21
  6.193260E+03  1.238652E+04  9.000000E+01  9.000000E+01  9.000000E+01
  0.000000E+00 -3.223661E+01  5.120679E+10 -3.259572E+01 -6.532261E-01
  1.198993E-01 -6.532261E-01 -3.280318E+01  3.799252E-01  1.198993E-01
  3.799252E-01 -3.131092E+01  9.235975E-01  9.348283E-01  7.917432E-01
  1.137774E+00  3.204531E+02  7.484454E+01  0.000000E+00  0.000000E+00
  0.000000E+00  7.484454E+01  0.000000E+00  0.000000E+00  0.000000E+00
  7.182293E+01 -8.202357E+03
     68000  3.400000E+01        52
  5.120621E+10  8.791411E-18 -5.743024E+05  1.130729E+05 -6.935704E+05
  0.000000E+00  0.000000E+00  0.000000E+00  0.000000E+00 -5.743022E+05
  0.000000E+00  2.444747E+04 -6.803481E+05  6.924054E+05  0.000000E+00
  0.000000E+00  0.000000E+00  0.000000E+00  4.022712E+05  1.911862E-21
  6.195082E+03  1.239016E+04  9.000000E+01  9.000000E+01  9.000000E+01
  0.000000E+00 -3.203227E+01  5.120679E+10 -3.238548E+01 -6.587518E-01
  1.224707E-01 -6.587518E-01 -3.259934E+01  3.830357E-01  1.224707E-01
  3.830357E-01 -3.111198E+01  9.235975E-01  9.348283E-01  7.917432E-01
  1.137774E+00  3.204531E+02  7.484084E+01  0.000000E+00  0.000000E+00
  0.000000E+00  7.484084E+01  0.000000E+00  0.000000E+00  0.000000E+00
  7.181938E+01 -8.149156E+03
     69000  3.450000E+01        52
  5.120621E+10  8.770059E-18 -5.743066E+05  1.131059E+05 -6.936094E+05
  0.000000E+00  0.000000E+00  0.000000E+00  0.000000E+00 -5.743064E+05
  0.000000E+00  2.429100E+04 -6.805476E+05  6.924449E+05  0.000000E+00
  0.000000E+00  0.000000E+00  0.000000E+00  4.022117E+05  1.917516E-21
  6.196879E+03  1.239376E+04  9.000000E+01  9.000000E+01  9.000000E+01
  0.000000E+00 -3.183196E+01  5.120679E+10 -3.217941E+01 -6.642642E-01
  1.248504E-01 -6.642642E-01 -3.239949E+01  3.861329E-01  1.248504E-01
  3.861329E-01 -3.091700E+01  9.235975E-01  9.348283E-01  7.917432E-01
  1.137774E+00  3.204531E+02  7.483715E+01  0.000000E+00  0.000000E+00
  0.000000E+00  7.483715E+01  0.000000E+00  0.000000E+00  0.000000E+00
  7.181584E+01 -8.097001E+03
     70000  3.500000E+01        52
  5.120621E+10  8.753427E-18 -5.743108E+05  1.131382E+05 -6.936476E+05
  0.000000E+00  0.000000E+00  0.000000E+00  0.000000E+00 -5.743105E+05
  0.000000E+00  2.413770E+04 -6.807433E+05  6.924837E+05  0.000000E+00
  0.000000E+00  0.000000E+00  0.000000E+00  4.021525E+05  1.927099E-21
  6.198651E+03  1.239730E+04  9.000000E+01  9.000000E+01  9.000000E+01
  0.000000E+00 -3.163573E+01  5.120679E+10 -3.197754E+01 -6.698552E-01
  1.271221E-01 -6.698552E-01 -3.220367E+01  3.891622E-01  1.271221E-01
  3.891622E-01 -3.072597E+01  9.235975E-01  9.348283E-01  7.917432E-01
  1.137774E+00  3.204531E+02  7.483347E+01  0.000000E+00  0.000000E+00
  0.000000E+00  7.483347E+01  0.000000E+00  0.000000E+00  0.000000E+00
  7.181231E+01 -8.045900E+03
     71000  3.550000E+01        52
  5.120621E+10  8.741908E-18 -5.743148E+05  1.131699E+05 -6.936851E+05
  0.000000E+00  0.000000E+00  0.000000E+00  0.000000E+00 -5.743146E+05
  0.000000E+00  2.398742E+04 -6.809351E+05  6.925217E+05  0.000000E+00
  0.000000E+00  0.000000E+00  0.000000E+00  4.020934E+05  1.947731E-21
  6.200402E+03  1.240080E+04  9.000000E+01  9.000000E+01  9.000000E+01
  0.000000E+00 -3.144338E+01  5.120679E+10 -3.177979E+01 -6.754449E-01
  1.292563E-01 -6.754449E-01 -3.201166E+01  3.921714E-01  1.292563E-01
  3.921714E-01 -3.053870E+01  9.235975E-01  9.348283E-01  7.917432E-01
  1.137774E+00  3.204531E+02  7.482981E+01  0.000000E+00  0.000000E+00
  0.000000E+00  7.482981E+01  0.000000E+00  0.000000E+00  0.000000E+00
  7.180880E+01 -7.995806E+03
     72000  3.600000E+01        52
  5.120621E+10  8.735404E-18 -5.743188E+05  1.132010E+05 -6.937219E+05
  0.000000E+00  0.000000E+00  0.000000E+00  0.000000E+00 -5.743185E+05
  0.000000E+00  2.384001E+04 -6.811233E+05  6.925591E+05  0.000000E+00
  0.000000E+00  0.000000E+00  0.000000E+00  4.020345E+05  1.978767E-21
  6.202131E+03  1.240426E+04  9.000000E+01  9.000000E+01  9.000000E+01
  0.000000E+00 -3.125473E+01  5.120679E+10 -3.158593E+01 -6.810859E-01
  1.312361E-01 -6.810859E-01 -3.182321E+01  3.951462E-01  1.312361E-01
  3.951462E-01 -3.035505E+01  9.235975E-01  9.348283E-01  7.917432E-01
  1.137774E+00  3.204531E+02  7.482616E+01  0.000000E+00  0.000000E+00
  0.000000E+00  7.482616E+01  0.000000E+00  0.000000E+00  0.000000E+00
  7.180529E+01 -7.946669E+03
     73000  3.650000E+01        52
  5.120621E+10  8.733653E-18 -5.743226E+05  1.132315E+05 -6.937580E+05
  0.000000E+00  0.000000E+00  0.000000E+00  0.000000E+00 -5.743224E+05
  0.000000E+00  2.369536E+04 -6.813081E+05  6.925957E+05  0.000000E+00
  0.000000E+00  0.000000E+00  0.000000E+00  4.019758E+05  2.018580E-21
  6.203843E+03  1.240769E+04  9.000000E+01  9.000000E+01  9.000000E+01
  0.000000E+00 -3.106963E+01  5.120679E+10 -3.139569E+01 -6.867469E-01
  1.330909E-01 -6.867469E-01 -3.163833E+01  3.980441E-01  1.330909E-01
  3.980441E-01 -3.017485E+01  9.235975E-01  9.348283E-01  7.917432E-01
  1.137774E+00  3.204531E+02  7.482252E+01  0.000000E+00  0.000000E+00
  0.000000E+00  7.482252E+01  0.000000E+00  0.000000E+00  0.000000E+00
  7.180180E+01 -7.898452E+03
     74000  3.700000E+01        52
  5.120621E+10  8.736404E-18 -5.743264E+05  1.132614E+05 -6.937934E+05
  0.000000E+00  0.000000E+00  0.000000E+00  0.000000E+00 -5.743262E+05
  0.000000E+00  2.355344E+04 -6.814894E+05  6.926317E+05  0.000000E+00
  0.000000E+00  0.000000E+00  0.000000E+00  4.019173E+05  2.059845E-21
  6.205539E+03  1.241108E+04  9.000000E+01  9.000000E+01  9.000000E+01
  0.000000E+00 -3.088804E+01  5.120679E+10 -3.120910E+01 -6.924331E-01
  1.347870E-01 -6.924331E-01 -3.145686E+01  4.009459E-01  1.347870E-01
  4.009459E-01 -2.999814E+01  9.235975E-01  9.348283E-01  7.917432E-01
  1.137774E+00  3.204531E+02  7.481889E+01  0.000000E+00  0.000000E+00
  0.000000E+00  7.481889E+01  0.000000E+00  0.000000E+00  0.000000E+00
  7.179831E+01 -7.851146E+03
     75000  3.750000E+01        52
  5.120621E+10  8.743041E-18 -5.743302E+05  1.132908E+05 -6.938282E+05
  0.000000E+00  0.000000E+00  0.000000E+00  0.000000E+00 -5.743299E+05
  0.000000E+00  2.341410E+04 -6.816674E+05  6.926670E+05  0.000000E+00
  0.000000E+00  0.000000E+00  0.000000E+00  4.018590E+05  2.100774E-21
  6.207221E+03  1.241444E+04  9.000000E+01  9.000000E+01  9.000000E+01
  0.000000E+00 -3.070976E+01  5.120679E+10 -3.102601E+01 -6.981521E-01
  1.363466E-01 -6.981521E-01 -3.127866E+01  4.038119E-01  1.363466E-01
  4.038119E-01 -2.982460E+01  9.235975E-01  9.348283E-01  7.917432E-01
  1.137774E+00  3.204531E+02  7.481527E+01  0.000000E+00  0.000000E+00
  0.000000E+00  7.481527E+01  0.000000E+00  0.000000E+00  0.000000E+00
  7.179484E+01 -7.804699E+03
     76000  3.800000E+01        52
  5.120621E+10  8.752530E-18 -5.743338E+05  1.133196E+05 -6.938623E+05
  0.000000E+00  0.000000E+00  0.000000E+00  0.000000E+00 -5.743336E+05
  0.000000E+00  2.327740E+04 -6.818421E+05  6.927018E+05  0.000000E+00
  0.000000E+00  0.000000E+00  0.000000E+00  4.018009E+05  2.137503E-21
  6.208888E+03  1.241778E+04  9.000000E+01  9.000000E+01  9.000000E+01
  0.000000E+00 -3.053489E+01  5.120679E+10 -3.084651E+01 -7.039025E-01
  1.377594E-01 -7.039025E-01 -3.110375E+01  4.067084E-01  1.377594E-01
  4.067084E-01 -2.965441E+01  9.235975E-01  9.348283E-01  7.917432E-01
  1.137774E+00  3.204531E+02  7.481166E+01  0.000000E+00  0.000000E+00
  0.000000E+00  7.481166E+01  0.000000E+00  0.000000E+00  0.000000E+00
  7.179138E+01 -7.759134E+03
     77000  3.850000E+01        52
  5.120621E+10  8.764067E-18 -5.743374E+05  1.133480E+05 -6.938959E+05
  0.000000E+00  0.000000E+00  0.000000E+00  0.000000E+00 -5.743371E+05
  0.000000E+00  2.314307E+04 -6.820139E+05  6.927359E+05  0.000000E+00
  0.000000E+00  0.000000E+00  0.000000E+00  4.017429E+05  2.151738E-21
  6.210541E+03  1.242108E+04  9.000000E+01  9.000000E+01  9.000000E+01
  0.000000E+00 -3.036306E+01  5.120679E+10 -3.067020E+01 -7.096264E-01
  1.391322E-01 -7.096264E-01 -3.093172E+01  4.095771E-01  1.391322E-01
  4.095771E-01 -2.948726E+01  9.235975E-01  9.348283E-01  7.917432E-01
  1.137774E+00  3.204531E+02  7.480806E+01  0.000000E+00  0.000000E+00
  0.000000E+00  7.480806E+01  0.000000E+00  0.000000E+00  0.000000E+00
  7.178792E+01 -7.714357E+03
     78000  3.900000E+01        52
  5.120621E+10  8.776851E-18 -5.743409E+05  1.133758E+05 -6.939289E+05
  0.000000E+00  0.000000E+00  0.000000E+00  0.000000E+00 -5.743407E+05
  0.000000E+00  2.301115E+04 -6.821827E+05  6.927695E+05  0.000000E+00
  0.000000E+00  0.000000E+00  0.000000E+00  4.016850E+05  2.153949E-21
  6.212178E+03  1.242436E+04  9.000000E+01  9.000000E+01  9.000000E+01
  0.000000E+00 -3.019433E+01  5.120679E+10 -3.049709E+01 -7.153500E-01
  1.403292E-01 -7.153500E-01 -3.076277E+01  4.124047E-01  1.403292E-01
  4.124047E-01 -2.932314E+01  9.235975E-01  9.348283E-01  7.917432E-01
  1.137774E+00  3.204531E+02  7.480447E+01  0.000000E+00  0.000000E+00
  0.000000E+00  7.480447E+01  0.000000E+00  0.000000E+00  0.000000E+00
  7.178448E+01 -7.670384E+03
     79000  3.950000E+01        52
  5.120621E+10  8.791054E-18 -5.743444E+05  1.134031E+05 -6.939613E+05
  0.000000E+00  0.000000E+00  0.000000E+00  0.000000E+00 -5.743441E+05
  0.000000E+00  2.288154E+04 -6.823484E+05  6.928024E+05  0.000000E+00
  0.000000E+00  0.000000E+00  0.000000E+00  4.016274E+05  2.147667E-21
  6.213796E+03  1.242759E+04  9.000000E+01  9.000000E+01  9.000000E+01
  0.000000E+00 -3.002857E+01  5.120679E+10 -3.032717E+01 -7.210593E-01
  1.414571E-01 -7.210593E-01 -3.059660E+01  4.152088E-01  1.414571E-01
  4.152088E-01 -2.916193E+01  9.235975E-01  9.348283E-01  7.917432E-01
  1.137774E+00  3.204531E+02  7.480089E+01  0.000000E+00  0.000000E+00
  0.000000E+00  7.480089E+01  0.000000E+00  0.000000E+00  0.000000E+00
  7.178104E+01 -7.627179E+03
