#Li56 La24 Zr16 O96                                                     
        15       120
Li      Li      
  2.500000E-02  0.000000E+00  0.000000E+00
  7.500000E-02  0.000000E+00  0.000000E+00
  1.250000E-01  0.000000E+00  0.000000E+00
  1.750000E-01  0.000000E+00  0.000000E+00
  2.250000E-01  0.000000E+00  0.000000E+00
  2.750000E-01  0.000000E+00  0.000000E+00
  3.250000E-01  0.000000E+00  0.000000E+00
  3.750000E-01  0.000000E+00  0.000000E+00
  4.250000E-01  0.000000E+00  0.000000E+00
  4.750000E-01  0.000000E+00  0.000000E+00
  5.250000E-01  0.000000E+00  0.000000E+00
  5.750000E-01  0.000000E+00  0.000000E+00
  6.250000E-01  0.000000E+00  0.000000E+00
  6.750000E-01  0.000000E+00  0.000000E+00
  7.250000E-01  0.000000E+00  0.000000E+00
  7.750000E-01  0.000000E+00  0.000000E+00
  8.250000E-01  0.000000E+00  0.000000E+00
  8.750000E-01  0.000000E+00  0.000000E+00
  9.250000E-01  0.000000E+00  0.000000E+00
  9.750000E-01  1.082349E-04  1.322304E-06
  1.025000E+00  9.793502E-05  2.644609E-06
  1.075000E+00  8.903826E-05  3.966913E-06
  1.125000E+00  4.065045E-04  1.057844E-05
  1.175000E+00  3.219692E-02  5.818140E-04
  1.225000E+00  4.066250E-02  1.365940E-03
  1.275000E+00  9.963240E-02  3.447248E-03
  1.325000E+00  4.068278E-01  1.262536E-02
  1.375000E+00  6.879640E-01  2.933929E-02
  1.425000E+00  1.186667E+00  6.030369E-02
  1.475000E+00  2.153211E+00  1.205003E-01
  1.525000E+00  3.391518E+00  2.218523E-01
  1.575000E+00  5.291829E+00  3.905320E-01
  1.625000E+00  5.403352E+00  5.738748E-01
  1.675000E+00  5.612304E+00  7.762059E-01
  1.725000E+00  4.764507E+00  9.583798E-01
  1.775000E+00  4.246553E+00  1.130298E+00
  1.825000E+00  3.321077E+00  1.272430E+00
  1.875000E+00  2.543041E+00  1.387309E+00
  1.925000E+00  1.870992E+00  1.476397E+00
  1.975000E+00  1.476650E+00  1.550407E+00
  2.025000E+00  9.622454E-01  1.601108E+00
  2.075000E+00  6.847614E-01  1.638992E+00
  2.125000E+00  4.706479E-01  1.666301E+00
  2.175000E+00  3.451451E-01  1.687280E+00
  2.225000E+00  3.053623E-01  1.706705E+00
  2.275000E+00  4.239349E-01  1.734898E+00
  2.325000E+00  4.155118E-01  1.763758E+00
  2.375000E+00  4.403641E-01  1.795675E+00
  2.425000E+00  3.914354E-01  1.825252E+00
  2.475000E+00  3.379804E-01  1.851854E+00
  2.525000E+00  4.102116E-01  1.885459E+00
  2.575000E+00  4.589702E-01  1.924563E+00
  2.625000E+00  5.473165E-01  1.973021E+00
  2.675000E+00  5.179586E-01  2.020644E+00
  2.725000E+00  4.975598E-01  2.068117E+00
  2.775000E+00  5.116514E-01  2.118743E+00
  2.825000E+00  5.782406E-01  2.178038E+00
  2.875000E+00  5.902761E-01  2.240728E+00
  2.925000E+00  6.849118E-01  2.316022E+00
  2.975000E+00  6.545605E-01  2.390459E+00
  3.025000E+00  6.110924E-01  2.462309E+00
  3.075000E+00  7.685554E-01  2.555685E+00
  3.125000E+00  7.833712E-01  2.653981E+00
  3.175000E+00  8.169912E-01  2.759803E+00
  3.225000E+00  8.552605E-01  2.874097E+00
  3.275000E+00  8.955983E-01  2.997523E+00
  3.325000E+00  7.610455E-01  3.105632E+00
  3.375000E+00  7.444909E-01  3.214593E+00
  3.425000E+00  7.525303E-01  3.328019E+00
  3.475000E+00  7.026092E-01  3.437035E+00
  3.525000E+00  7.554620E-01  3.557649E+00
  3.575000E+00  8.067948E-01  3.690139E+00
  3.625000E+00  7.795625E-01  3.821763E+00
  3.675000E+00  7.649334E-01  3.954503E+00
  3.725000E+00  8.213738E-01  4.100943E+00
  3.775000E+00  9.092462E-01  4.267431E+00
  3.825000E+00  7.760479E-01  4.413318E+00
  3.875000E+00  8.042768E-01  4.568490E+00
  3.925000E+00  8.787145E-01  4.742428E+00
  3.975000E+00  8.430637E-01  4.913587E+00
  4.025000E+00  8.755827E-01  5.095848E+00
  4.075000E+00  9.476109E-01  5.298034E+00
  4.125000E+00  9.107283E-01  5.497147E+00
  4.175000E+00  9.678001E-01  5.713900E+00
  4.225000E+00  9.964549E-01  5.942447E+00
  4.275000E+00  9.635914E-01  6.168718E+00
  4.325000E+00  9.607297E-01  6.399626E+00
  4.375000E+00  9.720268E-01  6.638681E+00
  4.425000E+00  1.004177E+00  6.891320E+00
  4.475000E+00  1.026974E+00  7.155567E+00
  4.525000E+00  1.030524E+00  7.426686E+00
  4.575000E+00  1.030927E+00  7.703937E+00
  4.625000E+00  1.000675E+00  7.978967E+00
  4.675000E+00  9.775387E-01  8.253479E+00
  4.725000E+00  1.010772E+00  8.543427E+00
  4.775000E+00  9.741299E-01  8.828810E+00
  4.825000E+00  1.065235E+00  9.147452E+00
  4.875000E+00  1.034485E+00  9.463343E+00
  4.925000E+00  1.005339E+00  9.776663E+00
  4.975000E+00  1.032966E+00  1.010516E+01
  5.025000E+00  1.107699E+00  1.046455E+01
  5.075000E+00  1.117127E+00  1.083424E+01
  5.125000E+00  1.085863E+00  1.120069E+01
  5.175000E+00  1.062023E+00  1.156614E+01
  5.225000E+00  1.048105E+00  1.193379E+01
  5.275000E+00  1.042998E+00  1.230669E+01
  5.325000E+00  1.120102E+00  1.271478E+01
  5.375000E+00  1.098680E+00  1.312262E+01
  5.425000E+00  1.074906E+00  1.352910E+01
  5.475000E+00  1.093887E+00  1.395041E+01
  5.525000E+00  1.081288E+00  1.437451E+01
  5.575000E+00  1.054678E+00  1.479569E+01
  5.625000E+00  1.011621E+00  1.520696E+01
  5.675000E+00  1.026001E+00  1.563153E+01
  5.725000E+00  1.023214E+00  1.606243E+01
  5.775000E+00  1.037162E+00  1.650687E+01
  5.825000E+00  9.956785E-01  1.694095E+01
  5.875000E+00  1.009201E+00  1.738852E+01
  5.925000E+00  1.032381E+00  1.785419E+01
  5.975000E+00  1.020597E+00  1.832234E+01
Li      La      
  2.500000E-02  0.000000E+00  0.000000E+00
  7.500000E-02  0.000000E+00  0.000000E+00
  1.250000E-01  0.000000E+00  0.000000E+00
  1.750000E-01  0.000000E+00  0.000000E+00
  2.250000E-01  0.000000E+00  0.000000E+00
  2.750000E-01  0.000000E+00  0.000000E+00
  3.250000E-01  0.000000E+00  0.000000E+00
  3.750000E-01  0.000000E+00  0.000000E+00
  4.250000E-01  0.000000E+00  0.000000E+00
  4.750000E-01  0.000000E+00  0.000000E+00
  5.250000E-01  0.000000E+00  0.000000E+00
  5.750000E-01  0.000000E+00  0.000000E+00
  6.250000E-01  0.000000E+00  0.000000E+00
  6.750000E-01  0.000000E+00  0.000000E+00
  7.250000E-01  0.000000E+00  0.000000E+00
  7.750000E-01  0.000000E+00  0.000000E+00
  8.250000E-01  0.000000E+00  0.000000E+00
  8.750000E-01  0.000000E+00  0.000000E+00
  9.250000E-01  0.000000E+00  0.000000E+00
  9.750000E-01  0.000000E+00  0.000000E+00
  1.025000E+00  0.000000E+00  0.000000E+00
  1.075000E+00  0.000000E+00  0.000000E+00
  1.125000E+00  0.000000E+00  0.000000E+00
  1.175000E+00  0.000000E+00  0.000000E+00
  1.225000E+00  0.000000E+00  0.000000E+00
  1.275000E+00  0.000000E+00  0.000000E+00
  1.325000E+00  0.000000E+00  0.000000E+00
  1.375000E+00  0.000000E+00  0.000000E+00
  1.425000E+00  0.000000E+00  0.000000E+00
  1.475000E+00  0.000000E+00  0.000000E+00
  1.525000E+00  0.000000E+00  0.000000E+00
  1.575000E+00  0.000000E+00  0.000000E+00
  1.625000E+00  0.000000E+00  0.000000E+00
  1.675000E+00  0.000000E+00  0.000000E+00
  1.725000E+00  0.000000E+00  0.000000E+00
  1.775000E+00  0.000000E+00  0.000000E+00
  1.825000E+00  0.000000E+00  0.000000E+00
  1.875000E+00  0.000000E+00  0.000000E+00
  1.925000E+00  0.000000E+00  0.000000E+00
  1.975000E+00  0.000000E+00  0.000000E+00
  2.025000E+00  0.000000E+00  0.000000E+00
  2.075000E+00  0.000000E+00  0.000000E+00
  2.125000E+00  2.657011E-05  6.607149E-07
  2.175000E+00  5.072519E-05  1.982145E-06
  2.225000E+00  8.967157E-04  2.642860E-05
  2.275000E+00  4.404582E-03  1.519644E-04
  2.325000E+00  2.239545E-02  8.186258E-04
  2.375000E+00  8.814706E-02  3.556629E-03
  2.425000E+00  2.385102E-01  1.128039E-02
  2.475000E+00  7.237563E-01  3.569446E-02
  2.525000E+00  1.372990E+00  8.389891E-02
  2.575000E+00  2.079047E+00  1.598117E-01
  2.625000E+00  2.387193E+00  2.503938E-01
  2.675000E+00  2.382778E+00  3.442853E-01
  2.725000E+00  2.456444E+00  4.447319E-01
  2.775000E+00  2.736200E+00  5.607613E-01
  2.825000E+00  2.900356E+00  6.882238E-01
  2.875000E+00  2.976461E+00  8.237021E-01
  2.925000E+00  3.122970E+00  9.708360E-01
  2.975000E+00  3.043553E+00  1.119172E+00
  3.025000E+00  2.733483E+00  1.256912E+00
  3.075000E+00  2.478604E+00  1.385972E+00
  3.125000E+00  2.642015E+00  1.528050E+00
  3.175000E+00  2.415618E+00  1.662143E+00
  3.225000E+00  2.101655E+00  1.782512E+00
  3.275000E+00  1.861034E+00  1.892430E+00
  3.325000E+00  1.605892E+00  1.990196E+00
  3.375000E+00  1.561582E+00  2.088146E+00
  3.425000E+00  1.388857E+00  2.177862E+00
  3.475000E+00  1.255431E+00  2.261344E+00
  3.525000E+00  1.097416E+00  2.336433E+00
  3.575000E+00  1.017826E+00  2.408067E+00
  3.625000E+00  1.026684E+00  2.482359E+00
  3.675000E+00  1.121298E+00  2.565751E+00
  3.725000E+00  9.842861E-01  2.640959E+00
  3.775000E+00  8.714110E-01  2.709342E+00
  3.825000E+00  8.058136E-01  2.774263E+00
  3.875000E+00  8.066797E-01  2.840964E+00
  3.925000E+00  7.446142E-01  2.904132E+00
  3.975000E+00  7.023227E-01  2.965240E+00
  4.025000E+00  6.850268E-01  3.026353E+00
  4.075000E+00  6.623441E-01  3.086918E+00
  4.125000E+00  6.625467E-01  3.148998E+00
  4.175000E+00  6.887691E-01  3.215110E+00
  4.225000E+00  6.727518E-01  3.281239E+00
  4.275000E+00  7.043969E-01  3.352128E+00
  4.325000E+00  6.897569E-01  3.423177E+00
  4.375000E+00  7.074866E-01  3.497746E+00
  4.425000E+00  7.541100E-01  3.579057E+00
  4.475000E+00  6.733028E-01  3.653305E+00
  4.525000E+00  6.905006E-01  3.731160E+00
  4.575000E+00  7.438963E-01  3.816900E+00
  4.625000E+00  7.989121E-01  3.911004E+00
  4.675000E+00  7.997623E-01  4.007257E+00
  4.725000E+00  8.200301E-01  4.108071E+00
  4.775000E+00  8.411305E-01  4.213679E+00
  4.825000E+00  8.885929E-01  4.327594E+00
  4.875000E+00  8.844034E-01  4.443335E+00
  4.925000E+00  9.260708E-01  4.567028E+00
  4.975000E+00  8.938890E-01  4.688858E+00
  5.025000E+00  9.243765E-01  4.817389E+00
  5.075000E+00  9.131095E-01  4.946892E+00
  5.125000E+00  9.585390E-01  5.085531E+00
  5.175000E+00  9.823509E-01  5.230399E+00
  5.225000E+00  1.015654E+00  5.383087E+00
  5.275000E+00  1.052039E+00  5.544286E+00
  5.325000E+00  1.046158E+00  5.707638E+00
  5.375000E+00  1.050956E+00  5.874834E+00
  5.425000E+00  1.105358E+00  6.053972E+00
  5.475000E+00  1.105207E+00  6.236403E+00
  5.525000E+00  1.105895E+00  6.422297E+00
  5.575000E+00  1.135133E+00  6.616574E+00
  5.625000E+00  1.087295E+00  6.806017E+00
  5.675000E+00  1.131272E+00  7.006642E+00
  5.725000E+00  1.172456E+00  7.218250E+00
  5.775000E+00  1.206538E+00  7.439830E+00
  5.825000E+00  1.214144E+00  7.666685E+00
  5.875000E+00  1.274708E+00  7.908961E+00
  5.925000E+00  1.220700E+00  8.144939E+00
  5.975000E+00  1.209258E+00  8.382667E+00
Li      Zr      
  2.500000E-02  0.000000E+00  0.000000E+00
  7.500000E-02  0.000000E+00  0.000000E+00
  1.250000E-01  0.000000E+00  0.000000E+00
  1.750000E-01  0.000000E+00  0.000000E+00
  2.250000E-01  0.000000E+00  0.000000E+00
  2.750000E-01  0.000000E+00  0.000000E+00
  3.250000E-01  0.000000E+00  0.000000E+00
  3.750000E-01  0.000000E+00  0.000000E+00
  4.250000E-01  0.000000E+00  0.000000E+00
  4.750000E-01  0.000000E+00  0.000000E+00
  5.250000E-01  0.000000E+00  0.000000E+00
  5.750000E-01  0.000000E+00  0.000000E+00
  6.250000E-01  0.000000E+00  0.000000E+00
  6.750000E-01  0.000000E+00  0.000000E+00
  7.250000E-01  0.000000E+00  0.000000E+00
  7.750000E-01  0.000000E+00  0.000000E+00
  8.250000E-01  0.000000E+00  0.000000E+00
  8.750000E-01  0.000000E+00  0.000000E+00
  9.250000E-01  0.000000E+00  0.000000E+00
  9.750000E-01  0.000000E+00  0.000000E+00
  1.025000E+00  0.000000E+00  0.000000E+00
  1.075000E+00  0.000000E+00  0.000000E+00
  1.125000E+00  0.000000E+00  0.000000E+00
  1.175000E+00  0.000000E+00  0.000000E+00
  1.225000E+00  0.000000E+00  0.000000E+00
  1.275000E+00  0.000000E+00  0.000000E+00
  1.325000E+00  0.000000E+00  0.000000E+00
  1.375000E+00  0.000000E+00  0.000000E+00
  1.425000E+00  0.000000E+00  0.000000E+00
  1.475000E+00  0.000000E+00  0.000000E+00
  1.525000E+00  0.000000E+00  0.000000E+00
  1.575000E+00  0.000000E+00  0.000000E+00
  1.625000E+00  0.000000E+00  0.000000E+00
  1.675000E+00  0.000000E+00  0.000000E+00
  1.725000E+00  0.000000E+00  0.000000E+00
  1.775000E+00  0.000000E+00  0.000000E+00
  1.825000E+00  0.000000E+00  0.000000E+00
  1.875000E+00  0.000000E+00  0.000000E+00
  1.925000E+00  0.000000E+00  0.000000E+00
  1.975000E+00  0.000000E+00  0.000000E+00
  2.025000E+00  1.755539E-04  2.642860E-06
  2.075000E+00  1.713757E-03  2.973217E-05
  2.125000E+00  1.693845E-02  3.105360E-04
  2.175000E+00  1.693334E-01  3.251378E-03
  2.225000E+00  3.655692E-01  9.895528E-03
  2.275000E+00  5.914542E-01  2.113363E-02
  2.325000E+00  7.665837E-01  3.634659E-02
  2.375000E+00  8.711754E-01  5.438675E-02
  2.425000E+00  1.497075E+00  8.670694E-02
  2.475000E+00  2.028980E+00  1.323353E-01
  2.525000E+00  2.963554E+00  2.017004E-01
  2.575000E+00  3.887255E+00  2.963247E-01
  2.625000E+00  3.936003E+00  3.958925E-01
  2.675000E+00  3.742077E+00  4.941950E-01
  2.725000E+00  4.170737E+00  6.078921E-01
  2.775000E+00  4.209681E+00  7.269007E-01
  2.825000E+00  3.353129E+00  8.251411E-01
  2.875000E+00  2.839010E+00  9.112891E-01
  2.925000E+00  2.474238E+00  9.890024E-01
  2.975000E+00  1.715845E+00  1.044754E+00
  3.025000E+00  1.453628E+00  1.093586E+00
  3.075000E+00  1.245545E+00  1.136822E+00
  3.125000E+00  1.061262E+00  1.174869E+00
  3.175000E+00  9.277095E-01  1.209202E+00
  3.225000E+00  7.598845E-01  1.238215E+00
  3.275000E+00  7.562403E-01  1.267993E+00
  3.325000E+00  5.884253E-01  1.291875E+00
  3.375000E+00  5.894958E-01  1.316525E+00
  3.425000E+00  6.314631E-01  1.343719E+00
  3.475000E+00  6.589993E-01  1.372933E+00
  3.525000E+00  6.516625E-01  1.402660E+00
  3.575000E+00  6.793142E-01  1.434532E+00
  3.625000E+00  5.809101E-01  1.462556E+00
  3.675000E+00  6.687808E-01  1.495715E+00
  3.725000E+00  7.144393E-01  1.532107E+00
  3.775000E+00  6.554779E-01  1.566399E+00
  3.825000E+00  6.544207E-01  1.601549E+00
  3.875000E+00  6.704472E-01  1.638506E+00
  3.925000E+00  7.091771E-01  1.678614E+00
  3.975000E+00  6.837714E-01  1.718277E+00
  4.025000E+00  7.547633E-01  1.763166E+00
  4.075000E+00  8.070104E-01  1.812362E+00
  4.125000E+00  9.087479E-01  1.869128E+00
  4.175000E+00  9.346603E-01  1.928937E+00
  4.225000E+00  8.905687E-01  1.987297E+00
  4.275000E+00  9.838683E-01  2.053306E+00
  4.325000E+00  9.608187E-01  2.119286E+00
  4.375000E+00  1.003844E+00  2.189823E+00
  4.425000E+00  9.314866E-01  2.256781E+00
  4.475000E+00  9.761258E-01  2.328542E+00
  4.525000E+00  1.019375E+00  2.405166E+00
  4.575000E+00  1.024173E+00  2.483862E+00
  4.625000E+00  8.522139E-01  2.550784E+00
  4.675000E+00  8.770353E-01  2.621152E+00
  4.725000E+00  8.952276E-01  2.694524E+00
  4.775000E+00  8.513973E-01  2.765789E+00
  4.825000E+00  8.743837E-01  2.840519E+00
  4.875000E+00  9.324593E-01  2.921872E+00
  4.925000E+00  9.308517E-01  3.004759E+00
  4.975000E+00  9.070216E-01  3.087173E+00
  5.025000E+00  9.450420E-01  3.174776E+00
  5.075000E+00  9.416132E-01  3.263806E+00
  5.125000E+00  1.044779E+00  3.364547E+00
  5.175000E+00  1.081307E+00  3.470855E+00
  5.225000E+00  1.102046E+00  3.581306E+00
  5.275000E+00  1.155914E+00  3.699383E+00
  5.325000E+00  1.089962E+00  3.812843E+00
  5.375000E+00  1.067361E+00  3.926047E+00
  5.425000E+00  1.121784E+00  4.047248E+00
  5.475000E+00  1.166642E+00  4.175629E+00
  5.525000E+00  1.161164E+00  4.305751E+00
  5.575000E+00  1.141738E+00  4.436023E+00
  5.625000E+00  1.162690E+00  4.571076E+00
  5.675000E+00  1.221257E+00  4.715464E+00
  5.725000E+00  1.231856E+00  4.863684E+00
  5.775000E+00  1.218497E+00  5.012868E+00
  5.825000E+00  1.234199E+00  5.166603E+00
  5.875000E+00  1.192350E+00  5.317685E+00
  5.925000E+00  1.170907E+00  5.468586E+00
  5.975000E+00  1.145741E+00  5.618747E+00
Li      O       
  2.500000E-02  0.000000E+00  0.000000E+00
  7.500000E-02  0.000000E+00  0.000000E+00
  1.250000E-01  0.000000E+00  0.000000E+00
  1.750000E-01  0.000000E+00  0.000000E+00
  2.250000E-01  0.000000E+00  0.000000E+00
  2.750000E-01  0.000000E+00  0.000000E+00
  3.250000E-01  0.000000E+00  0.000000E+00
  3.750000E-01  0.000000E+00  0.000000E+00
  4.250000E-01  0.000000E+00  0.000000E+00
  4.750000E-01  0.000000E+00  0.000000E+00
  5.250000E-01  0.000000E+00  0.000000E+00
  5.750000E-01  0.000000E+00  0.000000E+00
  6.250000E-01  7.675024E-05  6.607149E-07
  6.750000E-01  0.000000E+00  6.607149E-07
  7.250000E-01  0.000000E+00  6.607149E-07
  7.750000E-01  0.000000E+00  6.607149E-07
  8.250000E-01  0.000000E+00  6.607149E-07
  8.750000E-01  3.916851E-05  1.321430E-06
  9.250000E-01  1.051486E-04  3.303575E-06
  9.750000E-01  1.514287E-03  3.501789E-05
  1.025000E+00  2.312185E-03  8.853580E-05
  1.075000E+00  2.483637E-02  7.208400E-04
  1.125000E+00  5.845832E-01  1.702002E-02
  1.175000E+00  1.188485E+01  3.784945E-01
  1.225000E+00  3.671702E+01  1.592282E+00
  1.275000E+00  9.414459E+00  1.929425E+00
  1.325000E+00  1.798324E+00  1.998975E+00
  1.375000E+00  6.102957E-01  2.024392E+00
  1.425000E+00  2.530050E-01  2.035710E+00
  1.475000E+00  1.252893E-01  2.041714E+00
  1.525000E+00  6.809680E-02  2.045203E+00
  1.575000E+00  4.987670E-02  2.047928E+00
  1.625000E+00  4.300421E-02  2.050430E+00
  1.675000E+00  3.805918E-02  2.052782E+00
  1.725000E+00  4.795080E-02  2.055925E+00
  1.775000E+00  4.186030E-02  2.058830E+00
  1.825000E+00  4.805452E-02  2.062356E+00
  1.875000E+00  6.606209E-02  2.067472E+00
  1.925000E+00  7.300353E-02  2.073431E+00
  1.975000E+00  5.581243E-02  2.078226E+00
  2.025000E+00  4.955009E-02  2.082702E+00
  2.075000E+00  9.829720E-02  2.092024E+00
  2.125000E+00  1.198844E-01  2.103949E+00
  2.175000E+00  1.309154E-01  2.117591E+00
  2.225000E+00  1.654683E-01  2.135635E+00
  2.275000E+00  2.125906E-01  2.159871E+00
  2.325000E+00  3.025273E-01  2.195893E+00
  2.375000E+00  3.911526E-01  2.244493E+00
  2.425000E+00  5.576885E-01  2.316732E+00
  2.475000E+00  7.171212E-01  2.413493E+00
  2.525000E+00  8.586079E-01  2.534073E+00
  2.575000E+00  9.225337E-01  2.668812E+00
  2.625000E+00  9.870154E-01  2.818621E+00
  2.675000E+00  1.044945E+00  2.983322E+00
  2.725000E+00  1.111392E+00  3.165106E+00
  2.775000E+00  1.103111E+00  3.352217E+00
  2.825000E+00  1.110114E+00  3.547363E+00
  2.875000E+00  1.119570E+00  3.751199E+00
  2.925000E+00  1.024110E+00  3.944196E+00
  2.975000E+00  1.093741E+00  4.157423E+00
  3.025000E+00  1.085963E+00  4.376309E+00
  3.075000E+00  1.072285E+00  4.599642E+00
  3.125000E+00  1.063560E+00  4.828420E+00
  3.175000E+00  9.960889E-01  5.049595E+00
  3.225000E+00  9.931149E-01  5.277110E+00
  3.275000E+00  1.013024E+00  5.516439E+00
  3.325000E+00  1.032721E+00  5.767927E+00
  3.375000E+00  1.033560E+00  6.027245E+00
  3.425000E+00  1.061759E+00  6.301591E+00
  3.475000E+00  1.028641E+00  6.575195E+00
  3.525000E+00  1.138216E+00  6.886720E+00
  3.575000E+00  1.183566E+00  7.219912E+00
  3.625000E+00  1.183204E+00  7.562385E+00
  3.675000E+00  1.215810E+00  7.924069E+00
  3.725000E+00  1.224488E+00  8.298315E+00
  3.775000E+00  1.203168E+00  8.675982E+00
  3.825000E+00  1.200036E+00  9.062710E+00
  3.875000E+00  1.264072E+00  9.480795E+00
  3.925000E+00  1.196172E+00  9.886697E+00
  3.975000E+00  1.237515E+00  1.031740E+01
  4.025000E+00  1.220245E+00  1.075283E+01
  4.075000E+00  1.172408E+00  1.118166E+01
  4.125000E+00  1.127274E+00  1.160416E+01
  4.175000E+00  1.158844E+00  1.204908E+01
  4.225000E+00  1.094052E+00  1.247925E+01
  4.275000E+00  1.091203E+00  1.291852E+01
  4.325000E+00  1.057612E+00  1.335428E+01
  4.375000E+00  1.060927E+00  1.380157E+01
  4.425000E+00  1.065378E+00  1.426106E+01
  4.475000E+00  1.053212E+00  1.472563E+01
  4.525000E+00  1.019809E+00  1.518557E+01
  4.575000E+00  1.009719E+00  1.565108E+01
  4.625000E+00  1.043579E+00  1.614277E+01
  4.675000E+00  1.010571E+00  1.662927E+01
  4.725000E+00  1.039754E+00  1.714057E+01
  4.775000E+00  1.040454E+00  1.766311E+01
  4.825000E+00  1.039260E+00  1.819603E+01
  4.875000E+00  1.064693E+00  1.875337E+01
  4.925000E+00  1.035192E+00  1.930644E+01
  4.975000E+00  1.038969E+00  1.987286E+01
  5.025000E+00  1.083485E+00  2.047548E+01
  5.075000E+00  1.063318E+00  2.107870E+01
  5.125000E+00  1.057219E+00  2.169035E+01
  5.175000E+00  1.023837E+00  2.229429E+01
  5.225000E+00  1.029274E+00  2.291324E+01
  5.275000E+00  9.901002E-01  2.352007E+01
  5.325000E+00  1.000557E+00  2.414499E+01
  5.375000E+00  1.008883E+00  2.478701E+01
  5.425000E+00  1.024894E+00  2.545140E+01
  5.475000E+00  1.022719E+00  2.612666E+01
  5.525000E+00  1.023108E+00  2.681457E+01
  5.575000E+00  1.008752E+00  2.750516E+01
  5.625000E+00  1.013316E+00  2.821137E+01
  5.675000E+00  9.910295E-01  2.891438E+01
  5.725000E+00  9.736455E-01  2.961729E+01
  5.775000E+00  9.838650E-01  3.034004E+01
  5.825000E+00  9.757931E-01  3.106932E+01
  5.875000E+00  9.994264E-01  3.182914E+01
  5.925000E+00  1.009755E+00  3.260994E+01
  5.975000E+00  1.004642E+00  3.339995E+01
Li      O_s     
  2.500000E-02  0.000000E+00  0.000000E+00
  7.500000E-02  0.000000E+00  0.000000E+00
  1.250000E-01  0.000000E+00  0.000000E+00
  1.750000E-01  0.000000E+00  0.000000E+00
  2.250000E-01  0.000000E+00  0.000000E+00
  2.750000E-01  0.000000E+00  0.000000E+00
  3.250000E-01  0.000000E+00  0.000000E+00
  3.750000E-01  0.000000E+00  0.000000E+00
  4.250000E-01  0.000000E+00  0.000000E+00
  4.750000E-01  0.000000E+00  0.000000E+00
  5.250000E-01  0.000000E+00  0.000000E+00
  5.750000E-01  0.000000E+00  0.000000E+00
  6.250000E-01  0.000000E+00  0.000000E+00
  6.750000E-01  6.580596E-05  6.607149E-07
  7.250000E-01  5.704574E-05  1.321430E-06
  7.750000E-01  1.497747E-04  3.303575E-06
  8.250000E-01  4.405858E-04  9.910724E-06
  8.750000E-01  6.266962E-04  2.048216E-05
  9.250000E-01  1.857625E-03  5.550006E-05
  9.750000E-01  1.649942E-02  4.010540E-04
  1.025000E+00  7.641913E-01  1.808905E-02
  1.075000E+00  2.343292E+01  6.146631E-01
  1.125000E+00  3.764821E+01  1.664359E+00
  1.175000E+00  7.833586E+00  1.902616E+00
  1.225000E+00  1.971358E+00  1.967785E+00
  1.275000E+00  9.204867E-01  2.000749E+00
  1.325000E+00  4.794095E-01  2.019290E+00
  1.375000E+00  2.329499E-01  2.028992E+00
  1.425000E+00  1.313546E-01  2.034867E+00
  1.475000E+00  1.067606E-01  2.039984E+00
  1.525000E+00  6.978632E-02  2.043559E+00
  1.575000E+00  4.166669E-02  2.045836E+00
  1.625000E+00  3.952843E-02  2.048135E+00
  1.675000E+00  3.266034E-02  2.050154E+00
  1.725000E+00  3.213520E-02  2.052260E+00
  1.775000E+00  3.633859E-02  2.054782E+00
  1.825000E+00  4.136327E-02  2.057817E+00
  1.875000E+00  5.798243E-02  2.062307E+00
  1.925000E+00  6.769359E-02  2.067832E+00
  1.975000E+00  8.833251E-02  2.075422E+00
  2.025000E+00  8.814268E-02  2.083384E+00
  2.075000E+00  1.291518E-01  2.095633E+00
  2.125000E+00  1.329236E-01  2.108854E+00
  2.175000E+00  1.512562E-01  2.124615E+00
  2.225000E+00  2.824957E-01  2.155421E+00
  2.275000E+00  3.776117E-01  2.198471E+00
  2.325000E+00  5.730761E-01  2.266707E+00
  2.375000E+00  7.222890E-01  2.356450E+00
  2.425000E+00  8.641302E-01  2.468383E+00
  2.475000E+00  9.886939E-01  2.601788E+00
  2.525000E+00  9.725470E-01  2.738369E+00
  2.575000E+00  9.834737E-01  2.882008E+00
  2.625000E+00  1.080485E+00  3.046004E+00
  2.675000E+00  1.102755E+00  3.219817E+00
  2.725000E+00  1.031095E+00  3.388467E+00
  2.775000E+00  1.006443E+00  3.559182E+00
  2.825000E+00  1.014251E+00  3.737475E+00
  2.875000E+00  9.779414E-01  3.915526E+00
  2.925000E+00  9.681579E-01  4.097979E+00
  2.975000E+00  1.011870E+00  4.295244E+00
  3.025000E+00  1.004295E+00  4.497670E+00
  3.075000E+00  9.617909E-01  4.697989E+00
  3.125000E+00  9.824730E-01  4.909325E+00
  3.175000E+00  9.385407E-01  5.117722E+00
  3.225000E+00  9.319153E-01  5.331217E+00
  3.275000E+00  9.719666E-01  5.560845E+00
  3.325000E+00  9.903054E-01  5.802004E+00
  3.375000E+00  1.017225E+00  6.057225E+00
  3.425000E+00  1.019125E+00  6.320554E+00
  3.475000E+00  1.108474E+00  6.615393E+00
  3.525000E+00  1.121566E+00  6.922361E+00
  3.575000E+00  1.130763E+00  7.240689E+00
  3.625000E+00  1.156291E+00  7.575371E+00
  3.675000E+00  1.163792E+00  7.921581E+00
  3.725000E+00  1.181047E+00  8.282549E+00
  3.775000E+00  1.178017E+00  8.652322E+00
  3.825000E+00  1.238828E+00  9.051552E+00
  3.875000E+00  1.220739E+00  9.455304E+00
  3.925000E+00  1.256298E+00  9.881609E+00
  3.975000E+00  1.195928E+00  1.029783E+01
  4.025000E+00  1.183714E+00  1.072024E+01
  4.075000E+00  1.172309E+00  1.114903E+01
  4.125000E+00  1.174094E+00  1.158907E+01
  4.175000E+00  1.133772E+00  1.202437E+01
  4.225000E+00  1.083606E+00  1.245043E+01
  4.275000E+00  1.064031E+00  1.287876E+01
  4.325000E+00  1.080213E+00  1.332383E+01
  4.375000E+00  1.003698E+00  1.374699E+01
  4.425000E+00  1.023469E+00  1.418841E+01
  4.475000E+00  1.030059E+00  1.464276E+01
  4.525000E+00  1.045831E+00  1.511444E+01
  4.575000E+00  1.045031E+00  1.559623E+01
  4.625000E+00  1.035029E+00  1.608390E+01
  4.675000E+00  1.031450E+00  1.658044E+01
  4.725000E+00  1.019616E+00  1.708185E+01
  4.775000E+00  1.007982E+00  1.758808E+01
  4.825000E+00  1.029587E+00  1.811604E+01
  4.875000E+00  1.030275E+00  1.865536E+01
  4.925000E+00  1.025303E+00  1.920315E+01
  4.975000E+00  1.044022E+00  1.977232E+01
  5.025000E+00  1.052799E+00  2.035787E+01
  5.075000E+00  1.059647E+00  2.095902E+01
  5.125000E+00  1.057984E+00  2.157110E+01
  5.175000E+00  1.032736E+00  2.218030E+01
  5.225000E+00  1.010517E+00  2.278796E+01
  5.275000E+00  1.005135E+00  2.340401E+01
  5.325000E+00  1.023742E+00  2.404341E+01
  5.375000E+00  1.034740E+00  2.470188E+01
  5.425000E+00  1.020611E+00  2.536350E+01
  5.475000E+00  1.049241E+00  2.605627E+01
  5.525000E+00  1.018401E+00  2.674101E+01
  5.575000E+00  9.957382E-01  2.742269E+01
  5.625000E+00  1.009003E+00  2.812590E+01
  5.675000E+00  1.010643E+00  2.884283E+01
  5.725000E+00  9.943355E-01  2.956067E+01
  5.775000E+00  1.022556E+00  3.031184E+01
  5.825000E+00  1.005510E+00  3.106333E+01
  5.875000E+00  1.003086E+00  3.182593E+01
  5.925000E+00  1.000167E+00  3.259931E+01
  5.975000E+00  9.974058E-01  3.338363E+01
La      La      
  2.500000E-02  0.000000E+00  0.000000E+00
  7.500000E-02  0.000000E+00  0.000000E+00
  1.250000E-01  0.000000E+00  0.000000E+00
  1.750000E-01  0.000000E+00  0.000000E+00
  2.250000E-01  0.000000E+00  0.000000E+00
  2.750000E-01  0.000000E+00  0.000000E+00
  3.250000E-01  0.000000E+00  0.000000E+00
  3.750000E-01  0.000000E+00  0.000000E+00
  4.250000E-01  0.000000E+00  0.000000E+00
  4.750000E-01  0.000000E+00  0.000000E+00
  5.250000E-01  0.000000E+00  0.000000E+00
  5.750000E-01  0.000000E+00  0.000000E+00
  6.250000E-01  0.000000E+00  0.000000E+00
  6.750000E-01  0.000000E+00  0.000000E+00
  7.250000E-01  0.000000E+00  0.000000E+00
  7.750000E-01  0.000000E+00  0.000000E+00
  8.250000E-01  0.000000E+00  0.000000E+00
  8.750000E-01  0.000000E+00  0.000000E+00
  9.250000E-01  0.000000E+00  0.000000E+00
  9.750000E-01  0.000000E+00  0.000000E+00
  1.025000E+00  0.000000E+00  0.000000E+00
  1.075000E+00  0.000000E+00  0.000000E+00
  1.125000E+00  0.000000E+00  0.000000E+00
  1.175000E+00  0.000000E+00  0.000000E+00
  1.225000E+00  0.000000E+00  0.000000E+00
  1.275000E+00  0.000000E+00  0.000000E+00
  1.325000E+00  0.000000E+00  0.000000E+00
  1.375000E+00  0.000000E+00  0.000000E+00
  1.425000E+00  0.000000E+00  0.000000E+00
  1.475000E+00  0.000000E+00  0.000000E+00
  1.525000E+00  0.000000E+00  0.000000E+00
  1.575000E+00  0.000000E+00  0.000000E+00
  1.625000E+00  0.000000E+00  0.000000E+00
  1.675000E+00  0.000000E+00  0.000000E+00
  1.725000E+00  0.000000E+00  0.000000E+00
  1.775000E+00  0.000000E+00  0.000000E+00
  1.825000E+00  0.000000E+00  0.000000E+00
  1.875000E+00  0.000000E+00  0.000000E+00
  1.925000E+00  0.000000E+00  0.000000E+00
  1.975000E+00  0.000000E+00  0.000000E+00
  2.025000E+00  0.000000E+00  0.000000E+00
  2.075000E+00  0.000000E+00  0.000000E+00
  2.125000E+00  0.000000E+00  0.000000E+00
  2.175000E+00  0.000000E+00  0.000000E+00
  2.225000E+00  0.000000E+00  0.000000E+00
  2.275000E+00  0.000000E+00  0.000000E+00
  2.325000E+00  0.000000E+00  0.000000E+00
  2.375000E+00  0.000000E+00  0.000000E+00
  2.425000E+00  0.000000E+00  0.000000E+00
  2.475000E+00  0.000000E+00  0.000000E+00
  2.525000E+00  0.000000E+00  0.000000E+00
  2.575000E+00  0.000000E+00  0.000000E+00
  2.625000E+00  0.000000E+00  0.000000E+00
  2.675000E+00  0.000000E+00  0.000000E+00
  2.725000E+00  0.000000E+00  0.000000E+00
  2.775000E+00  0.000000E+00  0.000000E+00
  2.825000E+00  0.000000E+00  0.000000E+00
  2.875000E+00  0.000000E+00  0.000000E+00
  2.925000E+00  0.000000E+00  0.000000E+00
  2.975000E+00  0.000000E+00  0.000000E+00
  3.025000E+00  0.000000E+00  0.000000E+00
  3.075000E+00  0.000000E+00  0.000000E+00
  3.125000E+00  5.742481E-05  3.088102E-06
  3.175000E+00  5.006739E-04  3.088102E-05
  3.225000E+00  1.294053E-03  1.049955E-04
  3.275000E+00  3.241675E-03  2.964578E-04
  3.325000E+00  8.876779E-03  8.368756E-04
  3.375000E+00  1.954537E-02  2.062852E-03
  3.425000E+00  5.359023E-02  5.524614E-03
  3.475000E+00  9.552697E-02  1.187684E-02
  3.525000E+00  1.639189E-01  2.309283E-02
  3.575000E+00  2.805139E-01  4.283506E-02
  3.625000E+00  4.445582E-01  7.500382E-02
  3.675000E+00  6.713004E-01  1.249292E-01
  3.725000E+00  9.201839E-01  1.952391E-01
  3.775000E+00  1.302911E+00  2.974830E-01
  3.825000E+00  1.492267E+00  4.177090E-01
  3.875000E+00  1.637568E+00  5.531130E-01
  3.925000E+00  1.966975E+00  7.199786E-01
  3.975000E+00  2.151872E+00  9.072103E-01
  4.025000E+00  2.332709E+00  1.115314E+00
  4.075000E+00  2.265921E+00  1.322514E+00
  4.125000E+00  2.264616E+00  1.534706E+00
  4.175000E+00  1.909367E+00  1.717976E+00
  4.225000E+00  1.878832E+00  1.902660E+00
  4.275000E+00  2.066784E+00  2.110656E+00
  4.325000E+00  1.796762E+00  2.295732E+00
  4.375000E+00  2.023953E+00  2.509058E+00
  4.425000E+00  1.593375E+00  2.680862E+00
  4.475000E+00  1.805998E+00  2.880016E+00
  4.525000E+00  1.608715E+00  3.061402E+00
  4.575000E+00  1.678666E+00  3.254881E+00
  4.625000E+00  1.468487E+00  3.427855E+00
  4.675000E+00  1.325934E+00  3.587433E+00
  4.725000E+00  1.253862E+00  3.741581E+00
  4.775000E+00  1.153117E+00  3.886361E+00
  4.825000E+00  1.157285E+00  4.034723E+00
  4.875000E+00  9.530570E-01  4.159448E+00
  4.925000E+00  9.823103E-01  4.290652E+00
  4.975000E+00  9.176889E-01  4.415726E+00
  5.025000E+00  9.163742E-01  4.543145E+00
  5.075000E+00  1.004314E+00  4.685583E+00
  5.125000E+00  8.877094E-01  4.813977E+00
  5.175000E+00  8.515409E-01  4.939555E+00
  5.225000E+00  7.594617E-01  5.053728E+00
  5.275000E+00  8.065217E-01  5.177308E+00
  5.325000E+00  7.579640E-01  5.295660E+00
  5.375000E+00  7.424334E-01  5.413773E+00
  5.425000E+00  6.939979E-01  5.526245E+00
  5.475000E+00  7.612651E-01  5.651903E+00
  5.525000E+00  6.934454E-01  5.768466E+00
  5.575000E+00  7.067925E-01  5.889434E+00
  5.625000E+00  7.840906E-01  6.026048E+00
  5.675000E+00  7.525040E-01  6.159500E+00
  5.725000E+00  7.637822E-01  6.297350E+00
  5.775000E+00  8.187996E-01  6.447722E+00
  5.825000E+00  8.133482E-01  6.599691E+00
  5.875000E+00  8.005866E-01  6.751854E+00
  5.925000E+00  8.121159E-01  6.908847E+00
  5.975000E+00  8.412762E-01  7.074233E+00
La      Zr      
  2.500000E-02  0.000000E+00  0.000000E+00
  7.500000E-02  0.000000E+00  0.000000E+00
  1.250000E-01  0.000000E+00  0.000000E+00
  1.750000E-01  0.000000E+00  0.000000E+00
  2.250000E-01  0.000000E+00  0.000000E+00
  2.750000E-01  0.000000E+00  0.000000E+00
  3.250000E-01  0.000000E+00  0.000000E+00
  3.750000E-01  0.000000E+00  0.000000E+00
  4.250000E-01  0.000000E+00  0.000000E+00
  4.750000E-01  0.000000E+00  0.000000E+00
  5.250000E-01  0.000000E+00  0.000000E+00
  5.750000E-01  0.000000E+00  0.000000E+00
  6.250000E-01  0.000000E+00  0.000000E+00
  6.750000E-01  0.000000E+00  0.000000E+00
  7.250000E-01  0.000000E+00  0.000000E+00
  7.750000E-01  0.000000E+00  0.000000E+00
  8.250000E-01  0.000000E+00  0.000000E+00
  8.750000E-01  0.000000E+00  0.000000E+00
  9.250000E-01  0.000000E+00  0.000000E+00
  9.750000E-01  0.000000E+00  0.000000E+00
  1.025000E+00  0.000000E+00  0.000000E+00
  1.075000E+00  0.000000E+00  0.000000E+00
  1.125000E+00  0.000000E+00  0.000000E+00
  1.175000E+00  0.000000E+00  0.000000E+00
  1.225000E+00  0.000000E+00  0.000000E+00
  1.275000E+00  0.000000E+00  0.000000E+00
  1.325000E+00  0.000000E+00  0.000000E+00
  1.375000E+00  0.000000E+00  0.000000E+00
  1.425000E+00  0.000000E+00  0.000000E+00
  1.475000E+00  0.000000E+00  0.000000E+00
  1.525000E+00  0.000000E+00  0.000000E+00
  1.575000E+00  0.000000E+00  0.000000E+00
  1.625000E+00  0.000000E+00  0.000000E+00
  1.675000E+00  0.000000E+00  0.000000E+00
  1.725000E+00  0.000000E+00  0.000000E+00
  1.775000E+00  0.000000E+00  0.000000E+00
  1.825000E+00  0.000000E+00  0.000000E+00
  1.875000E+00  0.000000E+00  0.000000E+00
  1.925000E+00  0.000000E+00  0.000000E+00
  1.975000E+00  0.000000E+00  0.000000E+00
  2.025000E+00  0.000000E+00  0.000000E+00
  2.075000E+00  0.000000E+00  0.000000E+00
  2.125000E+00  0.000000E+00  0.000000E+00
  2.175000E+00  0.000000E+00  0.000000E+00
  2.225000E+00  0.000000E+00  0.000000E+00
  2.275000E+00  0.000000E+00  0.000000E+00
  2.325000E+00  0.000000E+00  0.000000E+00
  2.375000E+00  0.000000E+00  0.000000E+00
  2.425000E+00  0.000000E+00  0.000000E+00
  2.475000E+00  0.000000E+00  0.000000E+00
  2.525000E+00  0.000000E+00  0.000000E+00
  2.575000E+00  0.000000E+00  0.000000E+00
  2.625000E+00  0.000000E+00  0.000000E+00
  2.675000E+00  0.000000E+00  0.000000E+00
  2.725000E+00  0.000000E+00  0.000000E+00
  2.775000E+00  0.000000E+00  0.000000E+00
  2.825000E+00  0.000000E+00  0.000000E+00
  2.875000E+00  0.000000E+00  0.000000E+00
  2.925000E+00  0.000000E+00  0.000000E+00
  2.975000E+00  0.000000E+00  0.000000E+00
  3.025000E+00  4.130297E-04  1.387501E-05
  3.075000E+00  2.220596E-03  9.095842E-05
  3.125000E+00  6.493323E-03  3.237503E-04
  3.175000E+00  2.141244E-02  1.116168E-03
  3.225000E+00  5.434709E-02  3.191253E-03
  3.275000E+00  1.357053E-01  8.534675E-03
  3.325000E+00  3.139809E-01  2.127810E-02
  3.375000E+00  7.379033E-01  5.213459E-02
  3.425000E+00  1.109410E+00  9.991089E-02
  3.475000E+00  1.433267E+00  1.634492E-01
  3.525000E+00  1.952095E+00  2.524960E-01
  3.575000E+00  2.967564E+00  3.917317E-01
  3.625000E+00  3.363683E+00  5.539985E-01
  3.675000E+00  3.982563E+00  7.514569E-01
  3.725000E+00  3.925397E+00  9.514128E-01
  3.775000E+00  3.981970E+00  1.159732E+00
  3.825000E+00  3.855471E+00  1.366812E+00
  3.875000E+00  3.394862E+00  1.553951E+00
  3.925000E+00  3.215176E+00  1.735787E+00
  3.975000E+00  3.473535E+00  1.937273E+00
  4.025000E+00  3.325613E+00  2.135061E+00
  4.075000E+00  2.959797E+00  2.315493E+00
  4.125000E+00  2.999984E+00  2.502891E+00
  4.175000E+00  2.339884E+00  2.652619E+00
  4.225000E+00  2.184518E+00  2.795774E+00
  4.275000E+00  2.291717E+00  2.949529E+00
  4.325000E+00  1.809697E+00  3.073801E+00
  4.375000E+00  1.716220E+00  3.194395E+00
  4.425000E+00  1.526196E+00  3.304102E+00
  4.475000E+00  1.257999E+00  3.396585E+00
  4.525000E+00  1.101285E+00  3.479366E+00
  4.575000E+00  9.047964E-01  3.548889E+00
  4.625000E+00  8.431493E-01  3.615099E+00
  4.675000E+00  8.507469E-01  3.683358E+00
  4.725000E+00  7.215752E-01  3.742498E+00
  4.775000E+00  7.392906E-01  3.804379E+00
  4.825000E+00  7.205666E-01  3.865963E+00
  4.875000E+00  6.388732E-01  3.921702E+00
  4.925000E+00  6.037713E-01  3.975464E+00
  4.975000E+00  5.924598E-01  4.029296E+00
  5.025000E+00  6.742123E-01  4.091794E+00
  5.075000E+00  5.925930E-01  4.147824E+00
  5.125000E+00  6.127280E-01  4.206906E+00
  5.175000E+00  6.225065E-01  4.268107E+00
  5.225000E+00  5.767623E-01  4.325912E+00
  5.275000E+00  5.666349E-01  4.383794E+00
  5.325000E+00  6.570337E-01  4.452188E+00
  5.375000E+00  6.713365E-01  4.523390E+00
  5.425000E+00  6.702057E-01  4.595801E+00
  5.475000E+00  6.590852E-01  4.668329E+00
  5.525000E+00  6.665804E-01  4.743027E+00
  5.575000E+00  6.782552E-01  4.820416E+00
  5.625000E+00  7.540616E-01  4.908004E+00
  5.675000E+00  6.934599E-01  4.989991E+00
  5.725000E+00  6.789528E-01  5.071684E+00
  5.775000E+00  7.060931E-01  5.158134E+00
  5.825000E+00  6.655323E-01  5.241034E+00
  5.875000E+00  6.463317E-01  5.322930E+00
  5.925000E+00  6.663443E-01  5.408806E+00
  5.975000E+00  7.282640E-01  5.504252E+00
La      O       
  2.500000E-02  0.000000E+00  0.000000E+00
  7.500000E-02  0.000000E+00  0.000000E+00
  1.250000E-01  0.000000E+00  0.000000E+00
  1.750000E-01  0.000000E+00  0.000000E+00
  2.250000E-01  0.000000E+00  0.000000E+00
  2.750000E-01  0.000000E+00  0.000000E+00
  3.250000E-01  0.000000E+00  0.000000E+00
  3.750000E-01  0.000000E+00  0.000000E+00
  4.250000E-01  0.000000E+00  0.000000E+00
  4.750000E-01  0.000000E+00  0.000000E+00
  5.250000E-01  0.000000E+00  0.000000E+00
  5.750000E-01  0.000000E+00  0.000000E+00
  6.250000E-01  0.000000E+00  0.000000E+00
  6.750000E-01  0.000000E+00  0.000000E+00
  7.250000E-01  0.000000E+00  0.000000E+00
  7.750000E-01  0.000000E+00  0.000000E+00
  8.250000E-01  0.000000E+00  0.000000E+00
  8.750000E-01  0.000000E+00  0.000000E+00
  9.250000E-01  0.000000E+00  0.000000E+00
  9.750000E-01  0.000000E+00  0.000000E+00
  1.025000E+00  0.000000E+00  0.000000E+00
  1.075000E+00  0.000000E+00  0.000000E+00
  1.125000E+00  0.000000E+00  0.000000E+00
  1.175000E+00  0.000000E+00  0.000000E+00
  1.225000E+00  0.000000E+00  0.000000E+00
  1.275000E+00  0.000000E+00  0.000000E+00
  1.325000E+00  0.000000E+00  0.000000E+00
  1.375000E+00  3.701646E-05  1.541668E-06
  1.425000E+00  0.000000E+00  1.541668E-06
  1.475000E+00  0.000000E+00  1.541668E-06
  1.525000E+00  0.000000E+00  1.541668E-06
  1.575000E+00  0.000000E+00  1.541668E-06
  1.625000E+00  0.000000E+00  1.541668E-06
  1.675000E+00  0.000000E+00  1.541668E-06
  1.725000E+00  0.000000E+00  1.541668E-06
  1.775000E+00  2.221379E-05  3.083336E-06
  1.825000E+00  0.000000E+00  3.083336E-06
  1.875000E+00  0.000000E+00  3.083336E-06
  1.925000E+00  1.888697E-05  4.625005E-06
  1.975000E+00  1.794282E-05  6.166673E-06
  2.025000E+00  5.120322E-05  1.079168E-05
  2.075000E+00  3.738684E-04  4.625005E-05
  2.125000E+00  5.486729E-03  5.920006E-04
  2.175000E+00  3.879209E-02  4.634255E-03
  2.225000E+00  1.747808E-01  2.369390E-02
  2.275000E+00  5.918000E-01  9.116192E-02
  2.325000E+00  1.610512E+00  2.829269E-01
  2.375000E+00  3.813725E+00  7.567710E-01
  2.425000E+00  6.086307E+00  1.545151E+00
  2.475000E+00  7.087352E+00  2.501446E+00
  2.525000E+00  6.661507E+00  3.436964E+00
  2.575000E+00  5.090393E+00  4.180432E+00
  2.625000E+00  3.486031E+00  4.709542E+00
  2.675000E+00  2.545513E+00  5.110758E+00
  2.725000E+00  1.882200E+00  5.418618E+00
  2.775000E+00  1.513290E+00  5.675305E+00
  2.825000E+00  1.123306E+00  5.872769E+00
  2.875000E+00  9.528446E-01  6.046250E+00
  2.925000E+00  8.141264E-01  6.199675E+00
  2.975000E+00  6.839429E-01  6.333011E+00
  3.025000E+00  6.208983E-01  6.458159E+00
  3.075000E+00  5.464369E-01  6.571970E+00
  3.125000E+00  5.363585E-01  6.687344E+00
  3.175000E+00  5.199320E-01  6.802791E+00
  3.225000E+00  5.359743E-01  6.925579E+00
  3.275000E+00  5.321520E-01  7.051301E+00
  3.325000E+00  5.218518E-01  7.178382E+00
  3.375000E+00  5.037455E-01  7.304771E+00
  3.425000E+00  5.173906E-01  7.438458E+00
  3.475000E+00  5.617112E-01  7.587866E+00
  3.525000E+00  5.868735E-01  7.748491E+00
  3.575000E+00  6.461074E-01  7.930380E+00
  3.625000E+00  6.022921E-01  8.104710E+00
  3.675000E+00  6.266446E-01  8.291127E+00
  3.725000E+00  7.067578E-01  8.507136E+00
  3.775000E+00  7.261302E-01  8.735064E+00
  3.825000E+00  6.934358E-01  8.958534E+00
  3.875000E+00  7.662237E-01  9.211958E+00
  3.925000E+00  7.811007E-01  9.477012E+00
  3.975000E+00  7.983136E-01  9.754853E+00
  4.025000E+00  8.183842E-01  1.004689E+01
  4.075000E+00  8.590897E-01  1.036112E+01
  4.125000E+00  8.716832E-01  1.068782E+01
  4.175000E+00  9.099081E-01  1.103717E+01
  4.225000E+00  9.452982E-01  1.140885E+01
  4.275000E+00  9.341307E-01  1.178488E+01
  4.325000E+00  9.082834E-01  1.215912E+01
  4.375000E+00  9.142511E-01  1.254457E+01
  4.425000E+00  9.382419E-01  1.294923E+01
  4.475000E+00  9.239288E-01  1.335677E+01
  4.525000E+00  9.373379E-01  1.377951E+01
  4.575000E+00  9.964812E-01  1.423892E+01
  4.625000E+00  1.020809E+00  1.471989E+01
  4.675000E+00  1.019695E+00  1.521077E+01
  4.725000E+00  1.029368E+00  1.571697E+01
  4.775000E+00  1.016074E+00  1.622727E+01
  4.825000E+00  1.067901E+00  1.677488E+01
  4.875000E+00  1.112281E+00  1.735713E+01
  4.925000E+00  1.150622E+00  1.797187E+01
  4.975000E+00  1.159811E+00  1.860416E+01
  5.025000E+00  1.183402E+00  1.926235E+01
  5.075000E+00  1.221584E+00  1.995537E+01
  5.125000E+00  1.221837E+00  2.066225E+01
  5.175000E+00  1.284098E+00  2.141972E+01
  5.225000E+00  1.289461E+00  2.219512E+01
  5.275000E+00  1.279045E+00  2.297905E+01
  5.325000E+00  1.330489E+00  2.381004E+01
  5.375000E+00  1.325589E+00  2.465359E+01
  5.425000E+00  1.270105E+00  2.547694E+01
  5.475000E+00  1.255484E+00  2.630589E+01
  5.525000E+00  1.184300E+00  2.710218E+01
  5.575000E+00  1.237694E+00  2.794950E+01
  5.625000E+00  1.194070E+00  2.878169E+01
  5.675000E+00  1.162212E+00  2.960613E+01
  5.725000E+00  1.188122E+00  3.046388E+01
  5.775000E+00  1.104290E+00  3.127509E+01
  5.825000E+00  1.090276E+00  3.208993E+01
  5.875000E+00  1.103991E+00  3.292925E+01
  5.925000E+00  1.059331E+00  3.374838E+01
  5.975000E+00  1.074063E+00  3.459298E+01
La      O_s     
  2.500000E-02  0.000000E+00  0.000000E+00
  7.500000E-02  0.000000E+00  0.000000E+00
  1.250000E-01  0.000000E+00  0.000000E+00
  1.750000E-01  0.000000E+00  0.000000E+00
  2.250000E-01  0.000000E+00  0.000000E+00
  2.750000E-01  0.000000E+00  0.000000E+00
  3.250000E-01  6.613413E-04  1.541668E-06
  3.750000E-01  0.000000E+00  1.541668E-06
  4.250000E-01  0.000000E+00  1.541668E-06
  4.750000E-01  0.000000E+00  1.541668E-06
  5.250000E-01  0.000000E+00  1.541668E-06
  5.750000E-01  0.000000E+00  1.541668E-06
  6.250000E-01  0.000000E+00  1.541668E-06
  6.750000E-01  0.000000E+00  1.541668E-06
  7.250000E-01  0.000000E+00  1.541668E-06
  7.750000E-01  0.000000E+00  1.541668E-06
  8.250000E-01  0.000000E+00  1.541668E-06
  8.750000E-01  0.000000E+00  1.541668E-06
  9.250000E-01  0.000000E+00  1.541668E-06
  9.750000E-01  0.000000E+00  1.541668E-06
  1.025000E+00  0.000000E+00  1.541668E-06
  1.075000E+00  0.000000E+00  1.541668E-06
  1.125000E+00  5.529318E-05  3.083336E-06
  1.175000E+00  0.000000E+00  3.083336E-06
  1.225000E+00  0.000000E+00  3.083336E-06
  1.275000E+00  0.000000E+00  3.083336E-06
  1.325000E+00  0.000000E+00  3.083336E-06
  1.375000E+00  3.701646E-05  4.625005E-06
  1.425000E+00  0.000000E+00  4.625005E-06
  1.475000E+00  3.216788E-05  6.166673E-06
  1.525000E+00  0.000000E+00  6.166673E-06
  1.575000E+00  2.821308E-05  7.708341E-06
  1.625000E+00  0.000000E+00  7.708341E-06
  1.675000E+00  0.000000E+00  7.708341E-06
  1.725000E+00  2.352012E-05  9.250009E-06
  1.775000E+00  0.000000E+00  9.250009E-06
  1.825000E+00  2.101335E-05  1.079168E-05
  1.875000E+00  0.000000E+00  1.079168E-05
  1.925000E+00  3.777394E-05  1.387501E-05
  1.975000E+00  0.000000E+00  1.387501E-05
  2.025000E+00  3.413548E-05  1.695835E-05
  2.075000E+00  3.251029E-05  2.004169E-05
  2.125000E+00  6.354686E-04  8.325008E-05
  2.175000E+00  6.199041E-03  7.292091E-04
  2.225000E+00  5.031504E-02  6.216006E-03
  2.275000E+00  2.555005E-01  3.534429E-02
  2.325000E+00  8.784870E-01  1.399465E-01
  2.375000E+00  2.271822E+00  4.222136E-01
  2.425000E+00  4.330876E+00  9.832066E-01
  2.475000E+00  5.884020E+00  1.777136E+00
  2.525000E+00  6.304732E+00  2.662550E+00
  2.575000E+00  5.719704E+00  3.497931E+00
  2.625000E+00  4.362003E+00  4.159996E+00
  2.675000E+00  3.069946E+00  4.643872E+00
  2.725000E+00  2.399394E+00  5.036326E+00
  2.775000E+00  1.908101E+00  5.359981E+00
  2.825000E+00  1.486463E+00  5.621285E+00
  2.875000E+00  1.258941E+00  5.850495E+00
  2.925000E+00  9.163758E-01  6.023190E+00
  2.975000E+00  7.726068E-01  6.173811E+00
  3.025000E+00  7.318274E-01  6.321318E+00
  3.075000E+00  6.958016E-01  6.466237E+00
  3.125000E+00  6.284978E-01  6.601431E+00
  3.175000E+00  6.042764E-01  6.735607E+00
  3.225000E+00  6.198368E-01  6.877607E+00
  3.275000E+00  6.617429E-01  7.033944E+00
  3.325000E+00  6.395915E-01  7.189698E+00
  3.375000E+00  6.167260E-01  7.344433E+00
  3.425000E+00  6.560996E-01  7.513961E+00
  3.475000E+00  6.541637E-01  7.687960E+00
  3.525000E+00  6.608600E-01  7.868835E+00
  3.575000E+00  6.590041E-01  8.054355E+00
  3.625000E+00  7.230925E-01  8.263650E+00
  3.675000E+00  7.148793E-01  8.476315E+00
  3.725000E+00  7.302938E-01  8.699518E+00
  3.775000E+00  7.313363E-01  8.929080E+00
  3.825000E+00  7.976380E-01  9.186130E+00
  3.875000E+00  7.701438E-01  9.440851E+00
  3.925000E+00  7.772708E-01  9.704606E+00
  3.975000E+00  7.691843E-01  9.972309E+00
  4.025000E+00  7.974309E-01  1.025687E+01
  4.075000E+00  8.793465E-01  1.057850E+01
  4.125000E+00  9.561424E-01  1.093686E+01
  4.175000E+00  9.246808E-01  1.129188E+01
  4.225000E+00  8.827083E-01  1.163895E+01
  4.275000E+00  8.392562E-01  1.197680E+01
  4.325000E+00  8.772757E-01  1.233825E+01
  4.375000E+00  8.743677E-01  1.270689E+01
  4.425000E+00  9.583879E-01  1.312024E+01
  4.475000E+00  9.580058E-01  1.354281E+01
  4.525000E+00  9.853201E-01  1.398720E+01
  4.575000E+00  9.524078E-01  1.442629E+01
  4.625000E+00  9.417232E-01  1.486999E+01
  4.675000E+00  9.829212E-01  1.534317E+01
  4.725000E+00  1.052599E+00  1.586080E+01
  4.775000E+00  1.094702E+00  1.641058E+01
  4.825000E+00  1.087660E+00  1.696832E+01
  4.875000E+00  1.111374E+00  1.755009E+01
  4.925000E+00  1.124239E+00  1.815074E+01
  4.975000E+00  1.135706E+00  1.876989E+01
  5.025000E+00  1.215583E+00  1.944598E+01
  5.075000E+00  1.221122E+00  2.013873E+01
  5.125000E+00  1.258001E+00  2.086654E+01
  5.175000E+00  1.279783E+00  2.162146E+01
  5.225000E+00  1.261447E+00  2.238002E+01
  5.275000E+00  1.317065E+00  2.318725E+01
  5.325000E+00  1.252428E+00  2.396949E+01
  5.375000E+00  1.278010E+00  2.478276E+01
  5.425000E+00  1.305317E+00  2.562894E+01
  5.475000E+00  1.262608E+00  2.646259E+01
  5.525000E+00  1.221172E+00  2.728367E+01
  5.575000E+00  1.165364E+00  2.808147E+01
  5.625000E+00  1.112199E+00  2.885660E+01
  5.675000E+00  1.092066E+00  2.963129E+01
  5.725000E+00  1.120936E+00  3.044053E+01
  5.775000E+00  1.137342E+00  3.127602E+01
  5.825000E+00  1.093630E+00  3.209337E+01
  5.875000E+00  1.044841E+00  3.288772E+01
  5.925000E+00  1.037047E+00  3.368962E+01
  5.975000E+00  1.078212E+00  3.453748E+01
Zr      Zr      
  2.500000E-02  0.000000E+00  0.000000E+00
  7.500000E-02  0.000000E+00  0.000000E+00
  1.250000E-01  0.000000E+00  0.000000E+00
  1.750000E-01  0.000000E+00  0.000000E+00
  2.250000E-01  0.000000E+00  0.000000E+00
  2.750000E-01  0.000000E+00  0.000000E+00
  3.250000E-01  0.000000E+00  0.000000E+00
  3.750000E-01  0.000000E+00  0.000000E+00
  4.250000E-01  0.000000E+00  0.000000E+00
  4.750000E-01  0.000000E+00  0.000000E+00
  5.250000E-01  0.000000E+00  0.000000E+00
  5.750000E-01  0.000000E+00  0.000000E+00
  6.250000E-01  0.000000E+00  0.000000E+00
  6.750000E-01  0.000000E+00  0.000000E+00
  7.250000E-01  0.000000E+00  0.000000E+00
  7.750000E-01  0.000000E+00  0.000000E+00
  8.250000E-01  0.000000E+00  0.000000E+00
  8.750000E-01  0.000000E+00  0.000000E+00
  9.250000E-01  0.000000E+00  0.000000E+00
  9.750000E-01  0.000000E+00  0.000000E+00
  1.025000E+00  0.000000E+00  0.000000E+00
  1.075000E+00  0.000000E+00  0.000000E+00
  1.125000E+00  0.000000E+00  0.000000E+00
  1.175000E+00  0.000000E+00  0.000000E+00
  1.225000E+00  0.000000E+00  0.000000E+00
  1.275000E+00  0.000000E+00  0.000000E+00
  1.325000E+00  0.000000E+00  0.000000E+00
  1.375000E+00  0.000000E+00  0.000000E+00
  1.425000E+00  0.000000E+00  0.000000E+00
  1.475000E+00  0.000000E+00  0.000000E+00
  1.525000E+00  0.000000E+00  0.000000E+00
  1.575000E+00  0.000000E+00  0.000000E+00
  1.625000E+00  0.000000E+00  0.000000E+00
  1.675000E+00  0.000000E+00  0.000000E+00
  1.725000E+00  0.000000E+00  0.000000E+00
  1.775000E+00  0.000000E+00  0.000000E+00
  1.825000E+00  0.000000E+00  0.000000E+00
  1.875000E+00  0.000000E+00  0.000000E+00
  1.925000E+00  0.000000E+00  0.000000E+00
  1.975000E+00  0.000000E+00  0.000000E+00
  2.025000E+00  0.000000E+00  0.000000E+00
  2.075000E+00  0.000000E+00  0.000000E+00
  2.125000E+00  0.000000E+00  0.000000E+00
  2.175000E+00  0.000000E+00  0.000000E+00
  2.225000E+00  0.000000E+00  0.000000E+00
  2.275000E+00  0.000000E+00  0.000000E+00
  2.325000E+00  0.000000E+00  0.000000E+00
  2.375000E+00  0.000000E+00  0.000000E+00
  2.425000E+00  0.000000E+00  0.000000E+00
  2.475000E+00  0.000000E+00  0.000000E+00
  2.525000E+00  0.000000E+00  0.000000E+00
  2.575000E+00  0.000000E+00  0.000000E+00
  2.625000E+00  0.000000E+00  0.000000E+00
  2.675000E+00  0.000000E+00  0.000000E+00
  2.725000E+00  0.000000E+00  0.000000E+00
  2.775000E+00  0.000000E+00  0.000000E+00
  2.825000E+00  0.000000E+00  0.000000E+00
  2.875000E+00  0.000000E+00  0.000000E+00
  2.925000E+00  4.427780E-04  1.390721E-05
  2.975000E+00  1.426734E-03  6.026456E-05
  3.025000E+00  1.931944E-03  1.251649E-04
  3.075000E+00  1.438279E-01  5.117852E-03
  3.125000E+00  7.435080E-02  7.783400E-03
  3.175000E+00  7.290439E-02  1.048140E-02
  3.225000E+00  2.042137E-01  1.827871E-02
  3.275000E+00  2.367599E-01  2.760117E-02
  3.325000E+00  7.775981E-01  5.916126E-02
  3.375000E+00  1.034427E+00  1.024173E-01
  3.425000E+00  1.246434E+00  1.560945E-01
  3.475000E+00  1.386607E+00  2.175643E-01
  3.525000E+00  9.473505E-01  2.607787E-01
  3.575000E+00  1.065190E+00  3.107565E-01
  3.625000E+00  1.241173E+00  3.706317E-01
  3.675000E+00  9.923955E-01  4.198354E-01
  3.725000E+00  1.183346E+00  4.801139E-01
  3.775000E+00  1.282819E+00  5.472254E-01
  3.825000E+00  1.527331E+00  6.292594E-01
  3.875000E+00  1.086610E+00  6.891577E-01
  3.925000E+00  1.257382E+00  7.602699E-01
  3.975000E+00  8.918101E-01  8.120001E-01
  4.025000E+00  9.005017E-01  8.655567E-01
  4.075000E+00  8.069817E-01  9.147511E-01
  4.125000E+00  1.040377E+00  9.797395E-01
  4.175000E+00  7.772634E-01  1.029476E+00
  4.225000E+00  6.792510E-01  1.073989E+00
  4.275000E+00  4.766209E-01  1.105966E+00
  4.325000E+00  4.831490E-01  1.139144E+00
  4.375000E+00  5.777256E-01  1.179739E+00
  4.425000E+00  4.880643E-01  1.214822E+00
  4.475000E+00  5.951994E-01  1.258579E+00
  4.525000E+00  5.318563E-01  1.298558E+00
  4.575000E+00  6.073523E-01  1.345226E+00
  4.625000E+00  6.763482E-01  1.398337E+00
  4.675000E+00  6.335317E-01  1.449168E+00
  4.725000E+00  4.115401E-01  1.482898E+00
  4.775000E+00  5.192155E-01  1.526358E+00
  4.825000E+00  6.022933E-01  1.577833E+00
  4.875000E+00  8.215077E-01  1.649506E+00
  4.925000E+00  7.431680E-01  1.715681E+00
  4.975000E+00  6.717244E-01  1.776715E+00
  5.025000E+00  5.469025E-01  1.827412E+00
  5.075000E+00  6.670862E-01  1.890485E+00
  5.125000E+00  7.633160E-01  1.964087E+00
  5.175000E+00  8.030511E-01  2.043038E+00
  5.225000E+00  9.361388E-01  2.136861E+00
  5.275000E+00  1.123828E+00  2.251660E+00
  5.325000E+00  9.425024E-01  2.349771E+00
  5.375000E+00  9.364134E-01  2.449087E+00
  5.425000E+00  9.919158E-01  2.556256E+00
  5.475000E+00  1.013480E+00  2.667782E+00
  5.525000E+00  1.034188E+00  2.783676E+00
  5.575000E+00  1.076867E+00  2.906546E+00
  5.625000E+00  1.142337E+00  3.039235E+00
  5.675000E+00  1.080382E+00  3.166968E+00
  5.725000E+00  1.062479E+00  3.294807E+00
  5.775000E+00  1.131209E+00  3.433305E+00
  5.825000E+00  1.077001E+00  3.567458E+00
  5.875000E+00  1.084759E+00  3.704908E+00
  5.925000E+00  1.097895E+00  3.846400E+00
  5.975000E+00  1.101067E+00  3.990705E+00
Zr      O       
  2.500000E-02  0.000000E+00  0.000000E+00
  7.500000E-02  0.000000E+00  0.000000E+00
  1.250000E-01  0.000000E+00  0.000000E+00
  1.750000E-01  0.000000E+00  0.000000E+00
  2.250000E-01  0.000000E+00  0.000000E+00
  2.750000E-01  0.000000E+00  0.000000E+00
  3.250000E-01  0.000000E+00  0.000000E+00
  3.750000E-01  0.000000E+00  0.000000E+00
  4.250000E-01  0.000000E+00  0.000000E+00
  4.750000E-01  0.000000E+00  0.000000E+00
  5.250000E-01  0.000000E+00  0.000000E+00
  5.750000E-01  0.000000E+00  0.000000E+00
  6.250000E-01  0.000000E+00  0.000000E+00
  6.750000E-01  0.000000E+00  0.000000E+00
  7.250000E-01  0.000000E+00  0.000000E+00
  7.750000E-01  0.000000E+00  0.000000E+00
  8.250000E-01  0.000000E+00  0.000000E+00
  8.750000E-01  0.000000E+00  0.000000E+00
  9.250000E-01  0.000000E+00  0.000000E+00
  9.750000E-01  0.000000E+00  0.000000E+00
  1.025000E+00  0.000000E+00  0.000000E+00
  1.075000E+00  0.000000E+00  0.000000E+00
  1.125000E+00  0.000000E+00  0.000000E+00
  1.175000E+00  7.603230E-05  2.312502E-06
  1.225000E+00  0.000000E+00  2.312502E-06
  1.275000E+00  0.000000E+00  2.312502E-06
  1.325000E+00  0.000000E+00  2.312502E-06
  1.375000E+00  5.552469E-05  4.625005E-06
  1.425000E+00  0.000000E+00  4.625005E-06
  1.475000E+00  0.000000E+00  4.625005E-06
  1.525000E+00  0.000000E+00  4.625005E-06
  1.575000E+00  0.000000E+00  4.625005E-06
  1.625000E+00  7.951121E-05  9.250009E-06
  1.675000E+00  0.000000E+00  9.250009E-06
  1.725000E+00  0.000000E+00  9.250009E-06
  1.775000E+00  6.664138E-05  1.387501E-05
  1.825000E+00  3.152002E-04  3.700004E-05
  1.875000E+00  1.086957E-02  8.787509E-04
  1.925000E+00  1.798417E-01  1.555852E-02
  1.975000E+00  1.945764E+00  1.827409E-01
  2.025000E+00  8.781915E+00  9.759800E-01
  2.075000E+00  1.279437E+01  2.189422E+00
  2.125000E+00  1.098969E+01  3.282537E+00
  2.175000E+00  6.956722E+00  4.007449E+00
  2.225000E+00  4.124674E+00  4.457240E+00
  2.275000E+00  2.236826E+00  4.712248E+00
  2.325000E+00  1.316235E+00  4.868974E+00
  2.375000E+00  8.650547E-01  4.976454E+00
  2.425000E+00  7.127278E-01  5.068776E+00
  2.475000E+00  5.381335E-01  5.141386E+00
  2.525000E+00  4.316046E-01  5.201999E+00
  2.575000E+00  3.455933E-01  5.252474E+00
  2.625000E+00  3.112996E-01  5.299723E+00
  2.675000E+00  2.517803E-01  5.339408E+00
  2.725000E+00  2.303255E-01  5.377081E+00
  2.775000E+00  1.985012E-01  5.410751E+00
  2.825000E+00  2.130454E-01  5.448202E+00
  2.875000E+00  1.980789E-01  5.484266E+00
  2.925000E+00  2.344604E-01  5.528451E+00
  2.975000E+00  2.379621E-01  5.574842E+00
  3.025000E+00  2.399358E-01  5.623203E+00
  3.075000E+00  2.643842E-01  5.678268E+00
  3.125000E+00  3.322023E-01  5.749727E+00
  3.175000E+00  3.147086E-01  5.819606E+00
  3.225000E+00  3.657527E-01  5.903398E+00
  3.275000E+00  4.128030E-01  6.000923E+00
  3.325000E+00  4.576293E-01  6.112364E+00
  3.375000E+00  4.968543E-01  6.237025E+00
  3.425000E+00  6.304646E-01  6.399929E+00
  3.475000E+00  6.272759E-01  6.566776E+00
  3.525000E+00  7.021342E-01  6.758947E+00
  3.575000E+00  8.517761E-01  6.998735E+00
  3.625000E+00  8.328035E-01  7.239786E+00
  3.675000E+00  9.496060E-01  7.522279E+00
  3.725000E+00  1.032474E+00  7.837838E+00
  3.775000E+00  1.006661E+00  8.153823E+00
  3.825000E+00  1.120716E+00  8.514990E+00
  3.875000E+00  1.148965E+00  8.895003E+00
  3.925000E+00  1.037413E+00  9.247033E+00
  3.975000E+00  9.997779E-01  9.594991E+00
  4.025000E+00  1.010224E+00  9.955484E+00
  4.075000E+00  8.612435E-01  1.027050E+01
  4.125000E+00  8.721809E-01  1.059739E+01
  4.175000E+00  8.982032E-01  1.094224E+01
  4.225000E+00  8.850922E-01  1.129025E+01
  4.275000E+00  8.826454E-01  1.164556E+01
  4.325000E+00  9.127117E-01  1.202162E+01
  4.375000E+00  9.269362E-01  1.241242E+01
  4.425000E+00  9.177528E-01  1.280824E+01
  4.475000E+00  9.902375E-01  1.324503E+01
  4.525000E+00  1.054128E+00  1.372045E+01
  4.575000E+00  1.019005E+00  1.419024E+01
  4.625000E+00  1.073397E+00  1.469598E+01
  4.675000E+00  1.136247E+00  1.524298E+01
  4.725000E+00  1.160519E+00  1.581367E+01
  4.775000E+00  1.147043E+00  1.638974E+01
  4.825000E+00  1.182154E+00  1.699594E+01
  4.875000E+00  1.245441E+00  1.764790E+01
  4.925000E+00  1.227553E+00  1.830374E+01
  4.975000E+00  1.165263E+00  1.893901E+01
  5.025000E+00  1.185160E+00  1.959817E+01
  5.075000E+00  1.275912E+00  2.032201E+01
  5.125000E+00  1.224836E+00  2.103062E+01
  5.175000E+00  1.142486E+00  2.170456E+01
  5.225000E+00  1.196799E+00  2.242424E+01
  5.275000E+00  1.205361E+00  2.316301E+01
  5.325000E+00  1.140249E+00  2.387518E+01
  5.375000E+00  1.133212E+00  2.459631E+01
  5.425000E+00  1.136153E+00  2.533283E+01
  5.475000E+00  1.058442E+00  2.603167E+01
  5.525000E+00  1.109815E+00  2.677788E+01
  5.575000E+00  1.104303E+00  2.753389E+01
  5.625000E+00  1.072574E+00  2.828140E+01
  5.675000E+00  1.081786E+00  2.904879E+01
  5.725000E+00  1.079037E+00  2.982778E+01
  5.775000E+00  1.095877E+00  3.063281E+01
  5.825000E+00  1.109933E+00  3.146235E+01
  5.875000E+00  1.160725E+00  3.234480E+01
  5.925000E+00  1.120666E+00  3.321136E+01
  5.975000E+00  1.088652E+00  3.406743E+01
Zr      O_s     
  2.500000E-02  0.000000E+00  0.000000E+00
  7.500000E-02  0.000000E+00  0.000000E+00
  1.250000E-01  0.000000E+00  0.000000E+00
  1.750000E-01  0.000000E+00  0.000000E+00
  2.250000E-01  0.000000E+00  0.000000E+00
  2.750000E-01  0.000000E+00  0.000000E+00
  3.250000E-01  0.000000E+00  0.000000E+00
  3.750000E-01  0.000000E+00  0.000000E+00
  4.250000E-01  0.000000E+00  0.000000E+00
  4.750000E-01  0.000000E+00  0.000000E+00
  5.250000E-01  0.000000E+00  0.000000E+00
  5.750000E-01  0.000000E+00  0.000000E+00
  6.250000E-01  0.000000E+00  0.000000E+00
  6.750000E-01  0.000000E+00  0.000000E+00
  7.250000E-01  0.000000E+00  0.000000E+00
  7.750000E-01  0.000000E+00  0.000000E+00
  8.250000E-01  0.000000E+00  0.000000E+00
  8.750000E-01  0.000000E+00  0.000000E+00
  9.250000E-01  1.226733E-04  2.312502E-06
  9.750000E-01  0.000000E+00  2.312502E-06
  1.025000E+00  0.000000E+00  2.312502E-06
  1.075000E+00  0.000000E+00  2.312502E-06
  1.125000E+00  0.000000E+00  2.312502E-06
  1.175000E+00  0.000000E+00  2.312502E-06
  1.225000E+00  6.995309E-05  4.625005E-06
  1.275000E+00  0.000000E+00  4.625005E-06
  1.325000E+00  1.195876E-04  9.250009E-06
  1.375000E+00  5.552469E-05  1.156251E-05
  1.425000E+00  5.169697E-05  1.387501E-05
  1.475000E+00  0.000000E+00  1.387501E-05
  1.525000E+00  9.027984E-05  1.850002E-05
  1.575000E+00  4.231962E-05  2.081252E-05
  1.625000E+00  3.975561E-05  2.312502E-05
  1.675000E+00  7.483547E-04  6.937507E-05
  1.725000E+00  1.626416E-02  1.135439E-03
  1.775000E+00  3.381717E-01  2.460502E-02
  1.825000E+00  1.323998E+00  1.217417E-01
  1.875000E+00  3.871151E+00  4.215275E-01
  1.925000E+00  7.721068E+00  1.051768E+00
  1.975000E+00  9.176919E+00  1.840259E+00
  2.025000E+00  8.343411E+00  2.593890E+00
  2.075000E+00  7.443996E+00  3.299892E+00
  2.125000E+00  5.039328E+00  3.801141E+00
  2.175000E+00  3.923593E+00  4.209991E+00
  2.225000E+00  2.731941E+00  4.507906E+00
  2.275000E+00  1.573064E+00  4.687243E+00
  2.325000E+00  1.175101E+00  4.827164E+00
  2.375000E+00  7.226719E-01  4.916953E+00
  2.425000E+00  6.081475E-01  4.995729E+00
  2.475000E+00  4.963497E-01  5.062701E+00
  2.525000E+00  4.681767E-01  5.128450E+00
  2.575000E+00  3.941699E-01  5.186020E+00
  2.625000E+00  2.930013E-01  5.230492E+00
  2.675000E+00  2.826348E-01  5.275040E+00
  2.725000E+00  2.566225E-01  5.317014E+00
  2.775000E+00  2.285217E-01  5.355776E+00
  2.825000E+00  2.138478E-01  5.393368E+00
  2.875000E+00  2.273176E-01  5.434755E+00
  2.925000E+00  2.369637E-01  5.479412E+00
  2.975000E+00  2.470246E-01  5.527570E+00
  3.025000E+00  2.910368E-01  5.586231E+00
  3.075000E+00  3.075637E-01  5.650290E+00
  3.125000E+00  3.553267E-01  5.726722E+00
  3.175000E+00  4.765829E-01  5.832545E+00
  3.225000E+00  4.539355E-01  5.936538E+00
  3.275000E+00  5.683199E-01  6.070804E+00
  3.325000E+00  6.446561E-01  6.227791E+00
  3.375000E+00  6.772839E-01  6.397720E+00
  3.425000E+00  7.074145E-01  6.580507E+00
  3.475000E+00  7.784829E-01  6.787574E+00
  3.525000E+00  7.668210E-01  6.997449E+00
  3.575000E+00  9.231436E-01  7.257328E+00
  3.625000E+00  9.401177E-01  7.529440E+00
  3.675000E+00  1.035822E+00  7.837581E+00
  3.725000E+00  1.150198E+00  8.189121E+00
  3.775000E+00  1.068413E+00  8.524489E+00
  3.825000E+00  9.906551E-01  8.843742E+00
  3.875000E+00  9.077194E-01  9.143965E+00
  3.925000E+00  9.389455E-01  9.462581E+00
  3.975000E+00  8.007898E-01  9.741284E+00
  4.025000E+00  7.930199E-01  1.002427E+01
  4.075000E+00  7.946944E-01  1.031494E+01
  4.125000E+00  7.827959E-01  1.060833E+01
  4.175000E+00  7.910038E-01  1.091203E+01
  4.225000E+00  8.246785E-01  1.123628E+01
  4.275000E+00  8.508949E-01  1.157881E+01
  4.325000E+00  7.829882E-01  1.190142E+01
  4.375000E+00  8.696012E-01  1.226804E+01
  4.425000E+00  8.809013E-01  1.264797E+01
  4.475000E+00  9.672433E-01  1.307462E+01
  4.525000E+00  9.966295E-01  1.352411E+01
  4.575000E+00  1.011415E+00  1.399040E+01
  4.625000E+00  1.054079E+00  1.448704E+01
  4.675000E+00  1.086309E+00  1.501000E+01
  4.725000E+00  1.115605E+00  1.555860E+01
  4.775000E+00  1.158463E+00  1.614041E+01
  4.825000E+00  1.127493E+00  1.671858E+01
  4.875000E+00  1.194863E+00  1.734406E+01
  4.925000E+00  1.249718E+00  1.801174E+01
  4.975000E+00  1.192118E+00  1.866165E+01
  5.025000E+00  1.231748E+00  1.934673E+01
  5.075000E+00  1.235402E+00  2.004758E+01
  5.125000E+00  1.266367E+00  2.078022E+01
  5.175000E+00  1.212118E+00  2.149523E+01
  5.225000E+00  1.212701E+00  2.222448E+01
  5.275000E+00  1.157195E+00  2.293372E+01
  5.325000E+00  1.172250E+00  2.366588E+01
  5.375000E+00  1.181994E+00  2.441806E+01
  5.425000E+00  1.151292E+00  2.516439E+01
  5.475000E+00  1.056323E+00  2.586183E+01
  5.525000E+00  1.053799E+00  2.657038E+01
  5.575000E+00  1.093561E+00  2.731903E+01
  5.625000E+00  1.147331E+00  2.811864E+01
  5.675000E+00  1.120188E+00  2.891328E+01
  5.725000E+00  1.064587E+00  2.968184E+01
  5.775000E+00  1.088063E+00  3.048113E+01
  5.825000E+00  1.074653E+00  3.128429E+01
  5.875000E+00  1.132823E+00  3.214553E+01
  5.925000E+00  1.099445E+00  3.299568E+01
  5.975000E+00  1.131823E+00  3.388570E+01
O       O       
  2.500000E-02  0.000000E+00  0.000000E+00
  7.500000E-02  0.000000E+00  0.000000E+00
  1.250000E-01  0.000000E+00  0.000000E+00
  1.750000E-01  0.000000E+00  0.000000E+00
  2.250000E-01  0.000000E+00  0.000000E+00
  2.750000E-01  0.000000E+00  0.000000E+00
  3.250000E-01  0.000000E+00  0.000000E+00
  3.750000E-01  0.000000E+00  0.000000E+00
  4.250000E-01  1.936008E-04  7.711316E-07
  4.750000E-01  0.000000E+00  7.711316E-07
  5.250000E-01  0.000000E+00  7.711316E-07
  5.750000E-01  0.000000E+00  7.711316E-07
  6.250000E-01  8.957651E-05  1.542263E-06
  6.750000E-01  0.000000E+00  1.542263E-06
  7.250000E-01  6.657905E-05  2.313395E-06
  7.750000E-01  0.000000E+00  2.313395E-06
  8.250000E-01  0.000000E+00  2.313395E-06
  8.750000E-01  4.571423E-05  3.084526E-06
  9.250000E-01  0.000000E+00  3.084526E-06
  9.750000E-01  0.000000E+00  3.084526E-06
  1.025000E+00  3.331592E-05  3.855658E-06
  1.075000E+00  0.000000E+00  3.855658E-06
  1.125000E+00  2.765726E-05  4.626790E-06
  1.175000E+00  5.070776E-05  6.169053E-06
  1.225000E+00  2.332670E-05  6.940184E-06
  1.275000E+00  2.153326E-05  7.711316E-06
  1.325000E+00  3.987791E-05  9.253579E-06
  1.375000E+00  3.703075E-05  1.079584E-05
  1.425000E+00  3.447795E-05  1.233811E-05
  1.475000E+00  4.827045E-05  1.465150E-05
  1.525000E+00  4.515734E-05  1.696490E-05
  1.575000E+00  1.128959E-04  2.313395E-05
  1.625000E+00  1.855978E-04  3.392979E-05
  1.675000E+00  2.869800E-04  5.166582E-05
  1.725000E+00  3.999963E-04  7.788429E-05
  1.775000E+00  8.222275E-04  1.349480E-04
  1.825000E+00  1.545077E-03  2.483044E-04
  1.875000E+00  2.628823E-03  4.518831E-04
  1.925000E+00  8.587440E-03  1.152842E-03
  1.975000E+00  1.530216E-02  2.467621E-03
  2.025000E+00  2.158195E-02  4.417042E-03
  2.075000E+00  5.572789E-02  9.702378E-03
  2.125000E+00  8.348008E-02  1.800592E-02
  2.175000E+00  1.833197E-01  3.710840E-02
  2.225000E+00  2.584396E-01  6.529094E-02
  2.275000E+00  4.392695E-01  1.153698E-01
  2.325000E+00  1.159636E+00  2.534486E-01
  2.375000E+00  2.649373E+00  5.826254E-01
  2.425000E+00  3.532361E+00  1.040184E+00
  2.475000E+00  1.647062E+00  1.262422E+00
  2.525000E+00  4.832489E-01  1.330288E+00
  2.575000E+00  3.830707E-01  1.386236E+00
  2.625000E+00  5.051629E-01  1.462910E+00
  2.675000E+00  6.944769E-01  1.572371E+00
  2.725000E+00  9.255940E-01  1.723765E+00
  2.775000E+00  1.088282E+00  1.908361E+00
  2.825000E+00  1.263223E+00  2.130421E+00
  2.875000E+00  1.449992E+00  2.394416E+00
  2.925000E+00  1.534355E+00  2.683571E+00
  2.975000E+00  1.583573E+00  2.992291E+00
  3.025000E+00  1.577498E+00  3.310251E+00
  3.075000E+00  1.569249E+00  3.637091E+00
  3.125000E+00  1.623344E+00  3.986282E+00
  3.175000E+00  1.591668E+00  4.339702E+00
  3.225000E+00  1.523652E+00  4.688759E+00
  3.275000E+00  1.512602E+00  5.046113E+00
  3.325000E+00  1.434011E+00  5.395323E+00
  3.375000E+00  1.379390E+00  5.741410E+00
  3.425000E+00  1.318803E+00  6.082173E+00
  3.475000E+00  1.297679E+00  6.427338E+00
  3.525000E+00  1.192962E+00  6.753847E+00
  3.575000E+00  1.118979E+00  7.068856E+00
  3.625000E+00  1.104010E+00  7.388406E+00
  3.675000E+00  1.023627E+00  7.692919E+00
  3.725000E+00  1.013387E+00  8.002645E+00
  3.775000E+00  1.030074E+00  8.325979E+00
  3.825000E+00  1.027844E+00  8.657216E+00
  3.875000E+00  9.815681E-01  8.981864E+00
  3.925000E+00  9.528859E-01  9.305211E+00
  3.975000E+00  9.814901E-01  9.646804E+00
  4.025000E+00  9.092965E-01  9.971282E+00
  4.075000E+00  9.773259E-01  1.032875E+01
  4.125000E+00  9.721050E-01  1.069310E+01
  4.175000E+00  1.019515E+00  1.108453E+01
  4.225000E+00  9.933031E-01  1.147508E+01
  4.275000E+00  9.881860E-01  1.187288E+01
  4.325000E+00  9.709838E-01  1.227294E+01
  4.375000E+00  9.401540E-01  1.266932E+01
  4.425000E+00  9.313164E-01  1.307099E+01
  4.475000E+00  9.136475E-01  1.347399E+01
  4.525000E+00  9.329703E-01  1.389477E+01
  4.575000E+00  9.617407E-01  1.433816E+01
  4.625000E+00  9.700032E-01  1.479519E+01
  4.675000E+00  9.908900E-01  1.527221E+01
  4.725000E+00  1.015200E+00  1.577144E+01
  4.775000E+00  1.047086E+00  1.629731E+01
  4.825000E+00  1.066112E+00  1.684400E+01
  4.875000E+00  1.090045E+00  1.741461E+01
  4.925000E+00  1.073703E+00  1.798826E+01
  4.975000E+00  1.074094E+00  1.857382E+01
  5.025000E+00  1.053350E+00  1.915968E+01
  5.075000E+00  1.039611E+00  1.974946E+01
  5.125000E+00  1.003839E+00  2.033022E+01
  5.175000E+00  1.023061E+00  2.093371E+01
  5.225000E+00  1.007245E+00  2.153940E+01
  5.275000E+00  9.908098E-01  2.214667E+01
  5.325000E+00  9.940747E-01  2.276755E+01
  5.375000E+00  1.005875E+00  2.340765E+01
  5.425000E+00  9.985676E-01  2.405497E+01
  5.475000E+00  9.912366E-01  2.470944E+01
  5.525000E+00  1.014012E+00  2.539124E+01
  5.575000E+00  1.023436E+00  2.609188E+01
  5.625000E+00  1.058788E+00  2.682978E+01
  5.675000E+00  1.049094E+00  2.757399E+01
  5.725000E+00  1.060163E+00  2.833935E+01
  5.775000E+00  1.031845E+00  2.909734E+01
  5.825000E+00  1.042275E+00  2.987631E+01
  5.875000E+00  1.046254E+00  3.067173E+01
  5.925000E+00  1.048354E+00  3.148238E+01
  5.975000E+00  1.045296E+00  3.230436E+01
O       O_s     
  2.500000E-02  4.424401E+02  8.121123E-03
  7.500000E-02  6.611990E+02  9.307668E-02
  1.250000E-01  9.332897E+02  4.185621E-01
  1.750000E-01  5.494126E+02  7.916936E-01
  2.250000E-01  1.535440E+02  9.636128E-01
  2.750000E-01  2.024952E+01  9.974362E-01
  3.250000E-01  1.043431E+00  9.998686E-01
  3.750000E-01  2.758263E-02  9.999541E-01
  4.250000E-01  2.902892E-03  9.999657E-01
  4.750000E-01  1.239710E-03  9.999719E-01
  5.250000E-01  6.978050E-04  9.999761E-01
  5.750000E-01  6.875784E-04  9.999811E-01
  6.250000E-01  1.343129E-04  9.999823E-01
  6.750000E-01  7.677363E-05  9.999830E-01
  7.250000E-01  1.996601E-04  9.999854E-01
  7.750000E-01  1.747372E-04  9.999877E-01
  8.250000E-01  7.710252E-05  9.999888E-01
  8.750000E-01  4.569660E-05  9.999896E-01
  9.250000E-01  1.022278E-04  9.999915E-01
  9.750000E-01  0.000000E+00  9.999915E-01
  1.025000E+00  1.665154E-05  9.999919E-01
  1.075000E+00  0.000000E+00  9.999919E-01
  1.125000E+00  4.146989E-05  9.999931E-01
  1.175000E+00  3.801615E-05  9.999942E-01
  1.225000E+00  3.497655E-05  9.999954E-01
  1.275000E+00  2.152495E-05  9.999961E-01
  1.325000E+00  1.993126E-05  9.999969E-01
  1.375000E+00  1.850823E-05  9.999977E-01
  1.425000E+00  4.308081E-05  9.999996E-01
  1.475000E+00  4.825183E-05  1.000002E+00
  1.525000E+00  5.266324E-05  1.000005E+00
  1.575000E+00  5.642616E-05  1.000008E+00
  1.625000E+00  7.951121E-05  1.000012E+00
  1.675000E+00  9.978063E-05  1.000019E+00
  1.725000E+00  2.116811E-04  1.000032E+00
  1.775000E+00  4.331689E-04  1.000062E+00
  1.825000E+00  1.187254E-03  1.000150E+00
  1.875000E+00  3.185223E-03  1.000396E+00
  1.925000E+00  9.830667E-03  1.001199E+00
  1.975000E+00  2.787417E-02  1.003594E+00
  2.025000E+00  7.220934E-02  1.010116E+00
  2.075000E+00  1.385548E-01  1.023257E+00
  2.125000E+00  2.187291E-01  1.045013E+00
  2.175000E+00  3.664721E-01  1.083201E+00
  2.225000E+00  1.107383E+00  1.203960E+00
  2.275000E+00  3.077879E+00  1.554853E+00
  2.325000E+00  4.057733E+00  2.038010E+00
  2.375000E+00  1.482946E+00  2.222262E+00
  2.425000E+00  3.007413E-01  2.261218E+00
  2.475000E+00  1.896524E-01  2.286808E+00
  2.525000E+00  2.527093E-01  2.322297E+00
  2.575000E+00  4.052690E-01  2.381488E+00
  2.625000E+00  5.634611E-01  2.467010E+00
  2.675000E+00  7.401875E-01  2.583676E+00
  2.725000E+00  9.053610E-01  2.731761E+00
  2.775000E+00  1.162456E+00  2.928938E+00
  2.825000E+00  1.356838E+00  3.167455E+00
  2.875000E+00  1.446558E+00  3.430825E+00
  2.925000E+00  1.497486E+00  3.713032E+00
  2.975000E+00  1.559808E+00  4.017119E+00
  3.025000E+00  1.560977E+00  4.331748E+00
  3.075000E+00  1.613979E+00  4.667904E+00
  3.125000E+00  1.599060E+00  5.011871E+00
  3.175000E+00  1.550914E+00  5.356243E+00
  3.225000E+00  1.499600E+00  5.699790E+00
  3.275000E+00  1.471319E+00  6.047390E+00
  3.325000E+00  1.410422E+00  6.390856E+00
  3.375000E+00  1.361846E+00  6.732541E+00
  3.425000E+00  1.277561E+00  7.062647E+00
  3.475000E+00  1.223840E+00  7.388172E+00
  3.525000E+00  1.166431E+00  7.707420E+00
  3.575000E+00  1.141364E+00  8.028731E+00
  3.625000E+00  1.114027E+00  8.351180E+00
  3.675000E+00  1.083131E+00  8.673395E+00
  3.725000E+00  1.035195E+00  8.989786E+00
  3.775000E+00  9.918803E-01  9.301131E+00
  3.825000E+00  1.011430E+00  9.627079E+00
  3.875000E+00  9.747802E-01  9.949481E+00
  3.925000E+00  9.739271E-01  1.027997E+01
  3.975000E+00  1.002737E+00  1.062896E+01
  4.025000E+00  9.894139E-01  1.098202E+01
  4.075000E+00  9.657868E-01  1.133528E+01
  4.125000E+00  9.899469E-01  1.170630E+01
  4.175000E+00  9.991577E-01  1.208992E+01
  4.225000E+00  9.415645E-01  1.246013E+01
  4.275000E+00  9.305202E-01  1.283471E+01
  4.325000E+00  9.153590E-01  1.321186E+01
  4.375000E+00  9.299301E-01  1.360392E+01
  4.425000E+00  9.334127E-01  1.400650E+01
  4.475000E+00  9.299552E-01  1.441670E+01
  4.525000E+00  9.432429E-01  1.484211E+01
  4.575000E+00  9.320104E-01  1.527179E+01
  4.625000E+00  9.723938E-01  1.572995E+01
  4.675000E+00  1.022083E+00  1.622198E+01
  4.725000E+00  1.057085E+00  1.674181E+01
  4.775000E+00  1.043636E+00  1.726595E+01
  4.825000E+00  1.046250E+00  1.780246E+01
  4.875000E+00  1.094153E+00  1.837522E+01
  4.925000E+00  1.098748E+00  1.896224E+01
  4.975000E+00  1.100589E+00  1.956225E+01
  5.025000E+00  1.071130E+00  2.015800E+01
  5.075000E+00  1.053880E+00  2.075587E+01
  5.125000E+00  1.043728E+00  2.135971E+01
  5.175000E+00  1.030703E+00  2.196770E+01
  5.225000E+00  1.007611E+00  2.257362E+01
  5.275000E+00  1.017153E+00  2.319703E+01
  5.325000E+00  9.912537E-01  2.381615E+01
  5.375000E+00  9.957746E-01  2.444982E+01
  5.425000E+00  9.908688E-01  2.509215E+01
  5.475000E+00  1.003755E+00  2.575489E+01
  5.525000E+00  1.025044E+00  2.644410E+01
  5.575000E+00  1.027214E+00  2.714733E+01
  5.625000E+00  1.028213E+00  2.786393E+01
  5.675000E+00  1.036721E+00  2.859935E+01
  5.725000E+00  1.029639E+00  2.934268E+01
  5.775000E+00  1.028484E+00  3.009820E+01
  5.825000E+00  1.041157E+00  3.087634E+01
  5.875000E+00  1.051166E+00  3.167550E+01
  5.925000E+00  1.059272E+00  3.249458E+01
  5.975000E+00  1.050775E+00  3.332087E+01
O_s     O_s     
  2.500000E-02  0.000000E+00  0.000000E+00
  7.500000E-02  0.000000E+00  0.000000E+00
  1.250000E-01  0.000000E+00  0.000000E+00
  1.750000E-01  0.000000E+00  0.000000E+00
  2.250000E-01  0.000000E+00  0.000000E+00
  2.750000E-01  0.000000E+00  0.000000E+00
  3.250000E-01  0.000000E+00  0.000000E+00
  3.750000E-01  0.000000E+00  0.000000E+00
  4.250000E-01  0.000000E+00  0.000000E+00
  4.750000E-01  0.000000E+00  0.000000E+00
  5.250000E-01  0.000000E+00  0.000000E+00
  5.750000E-01  0.000000E+00  0.000000E+00
  6.250000E-01  0.000000E+00  0.000000E+00
  6.750000E-01  0.000000E+00  0.000000E+00
  7.250000E-01  0.000000E+00  0.000000E+00
  7.750000E-01  1.165364E-04  1.542263E-06
  8.250000E-01  0.000000E+00  1.542263E-06
  8.750000E-01  0.000000E+00  1.542263E-06
  9.250000E-01  0.000000E+00  1.542263E-06
  9.750000E-01  0.000000E+00  1.542263E-06
  1.025000E+00  0.000000E+00  1.542263E-06
  1.075000E+00  3.028939E-05  2.313395E-06
  1.125000E+00  0.000000E+00  2.313395E-06
  1.175000E+00  0.000000E+00  2.313395E-06
  1.225000E+00  2.332670E-05  3.084526E-06
  1.275000E+00  0.000000E+00  3.084526E-06
  1.325000E+00  0.000000E+00  3.084526E-06
  1.375000E+00  1.851537E-05  3.855658E-06
  1.425000E+00  0.000000E+00  3.855658E-06
  1.475000E+00  4.827045E-05  6.169053E-06
  1.525000E+00  1.505245E-05  6.940184E-06
  1.575000E+00  0.000000E+00  6.940184E-06
  1.625000E+00  2.651397E-05  8.482448E-06
  1.675000E+00  6.238696E-05  1.233811E-05
  1.725000E+00  7.058759E-05  1.696490E-05
  1.775000E+00  4.222249E-04  4.626790E-05
  1.825000E+00  2.154699E-03  2.043499E-04
  1.875000E+00  6.203624E-03  6.847649E-04
  1.925000E+00  5.484058E-02  5.161184E-03
  1.975000E+00  1.125808E-01  1.483426E-02
  2.025000E+00  1.749094E-01  3.063320E-02
  2.075000E+00  3.249682E-01  6.145379E-02
  2.125000E+00  1.169365E+00  1.777674E-01
  2.175000E+00  3.959378E+00  5.903467E-01
  2.225000E+00  3.933004E+00  1.019236E+00
  2.275000E+00  1.352217E+00  1.173395E+00
  2.325000E+00  4.398534E-01  1.225769E+00
  2.375000E+00  1.487435E-01  1.244250E+00
  2.425000E+00  1.203846E-01  1.259844E+00
  2.475000E+00  1.923402E-01  1.285796E+00
  2.525000E+00  2.912244E-01  1.326695E+00
  2.575000E+00  3.896916E-01  1.383611E+00
  2.625000E+00  6.298964E-01  1.479216E+00
  2.675000E+00  9.147884E-01  1.623402E+00
  2.725000E+00  1.130757E+00  1.808354E+00
  2.775000E+00  1.261210E+00  2.022282E+00
  2.825000E+00  1.367469E+00  2.262667E+00
  2.875000E+00  1.417273E+00  2.520705E+00
  2.925000E+00  1.407543E+00  2.785962E+00
  2.975000E+00  1.536958E+00  3.085594E+00
  3.025000E+00  1.493571E+00  3.386638E+00
  3.075000E+00  1.547635E+00  3.708976E+00
  3.125000E+00  1.582423E+00  4.049364E+00
  3.175000E+00  1.521509E+00  4.387206E+00
  3.225000E+00  1.409786E+00  4.710178E+00
  3.275000E+00  1.522799E+00  5.069940E+00
  3.325000E+00  1.410223E+00  5.413358E+00
  3.375000E+00  1.259930E+00  5.729472E+00
  3.425000E+00  1.223753E+00  6.045675E+00
  3.475000E+00  1.184952E+00  6.360856E+00
  3.525000E+00  1.146096E+00  6.674538E+00
  3.575000E+00  1.154147E+00  6.999448E+00
  3.625000E+00  1.101253E+00  7.318200E+00
  3.675000E+00  1.075747E+00  7.638218E+00
  3.725000E+00  1.054776E+00  7.960594E+00
  3.775000E+00  1.019353E+00  8.280562E+00
  3.825000E+00  9.789080E-01  8.596029E+00
  3.875000E+00  1.014480E+00  8.931562E+00
  3.925000E+00  1.010918E+00  9.274602E+00
  3.975000E+00  9.806526E-01  9.615903E+00
  4.025000E+00  9.884203E-01  9.968616E+00
  4.075000E+00  9.779605E-01  1.032632E+01
  4.125000E+00  9.701195E-01  1.068992E+01
  4.175000E+00  9.753823E-01  1.106441E+01
  4.225000E+00  9.450551E-01  1.143599E+01
  4.275000E+00  8.896984E-01  1.179414E+01
  4.325000E+00  8.861787E-01  1.215926E+01
  4.375000E+00  9.073738E-01  1.254181E+01
  4.425000E+00  9.328433E-01  1.294415E+01
  4.475000E+00  9.488513E-01  1.336268E+01
  4.525000E+00  9.477669E-01  1.379013E+01
  4.575000E+00  9.447116E-01  1.422567E+01
  4.625000E+00  9.888460E-01  1.469158E+01
  4.675000E+00  1.033456E+00  1.518909E+01
  4.725000E+00  1.070993E+00  1.571576E+01
  4.775000E+00  1.043978E+00  1.624006E+01
  4.825000E+00  1.098846E+00  1.680354E+01
  4.875000E+00  1.087236E+00  1.737268E+01
  4.925000E+00  1.077022E+00  1.794810E+01
  4.975000E+00  1.093833E+00  1.854443E+01
  5.025000E+00  1.088645E+00  1.914991E+01
  5.075000E+00  1.088158E+00  1.976723E+01
  5.125000E+00  1.086915E+00  2.039606E+01
  5.175000E+00  9.955496E-01  2.098332E+01
  5.225000E+00  1.033841E+00  2.160501E+01
  5.275000E+00  9.905368E-01  2.221211E+01
  5.325000E+00  9.818406E-01  2.282534E+01
  5.375000E+00  1.004518E+00  2.346458E+01
  5.425000E+00  1.025945E+00  2.412965E+01
  5.475000E+00  1.028393E+00  2.480866E+01
  5.525000E+00  1.019718E+00  2.549429E+01
  5.575000E+00  1.019628E+00  2.619232E+01
  5.625000E+00  9.870666E-01  2.688024E+01
  5.675000E+00  1.036132E+00  2.761525E+01
  5.725000E+00  1.066896E+00  2.838548E+01
  5.775000E+00  1.034858E+00  2.914568E+01
  5.825000E+00  1.024616E+00  2.991145E+01
  5.875000E+00  1.014461E+00  3.068270E+01
  5.925000E+00  1.023457E+00  3.147410E+01
  5.975000E+00  1.045149E+00  3.229596E+01
