title: #Li56 La24 Zr16 O96                                                     
energy unitS: electron Volts
         0  0.000000E+00        52
 -1.164644E+05  5.000000E+02 -1.167994E+05  1.362317E+04 -1.304225E+05
  0.000000E+00  0.000000E+00  0.000000E+00  0.000000E+00 -1.164643E+05
  0.000000E+00  3.377908E+04 -9.662661E+04  1.304057E+05  0.000000E+00
  0.000000E+00  0.000000E+00  0.000000E+00  6.008194E+04  0.000000E+00
  0.000000E+00  0.000000E+00  9.000000E+01  9.000000E+01  9.000000E+01
  0.000000E+00 -2.904534E+02  0.000000E+00 -3.039458E+02 -7.932732E-02
 -2.532373E-02 -7.932732E-02 -3.037787E+02 -4.298132E-02 -2.532373E-02
 -4.298132E-02 -2.636357E+02  0.000000E+00  0.000000E+00  0.000000E+00
  0.000000E+00  0.000000E+00  3.970821E+01  0.000000E+00  0.000000E+00
  0.000000E+00  3.970821E+01  0.000000E+00  0.000000E+00  0.000000E+00
  3.810512E+01 -1.103637E+04
      1000  5.000000E-01        52
 -1.238955E+05  5.000000E+02 -1.242312E+05  2.440069E+04 -1.497651E+05
  0.000000E+00  0.000000E+00  0.000000E+00  0.000000E+00 -1.238962E+05
  0.000000E+00  1.710152E+03 -1.502891E+05  1.497328E+05  0.000000E+00
  0.000000E+00  0.000000E+00  0.000000E+00  5.873774E+04  1.666605E-02
  1.133222E+03  2.266444E+03  9.000000E+01  9.000000E+01  9.000000E+01
  0.000000E+00 -9.334039E+00  7.371050E-01 -2.320371E+01  2.234313E+00
  1.184124E+00  2.234313E+00 -1.963958E+01 -8.354939E-01  1.184124E+00
 -8.354939E-01  1.484118E+01  2.110876E+00  7.826001E-01  8.022877E-01
  1.507566E+00  1.518335E+00  3.940985E+01  0.000000E+00  0.000000E+00
  0.000000E+00  3.940985E+01  0.000000E+00  0.000000E+00  0.000000E+00
  3.781880E+01 -3.467311E+02
      2000  1.000000E+00        52
 -1.240617E+05  4.997780E+02 -1.243972E+05  2.441371E+04 -1.499527E+05
  0.000000E+00  0.000000E+00  0.000000E+00  0.000000E+00 -1.240624E+05
  0.000000E+00  1.882605E+03 -1.503208E+05  1.499199E+05  0.000000E+00
  0.000000E+00  0.000000E+00  0.000000E+00  5.830954E+04  2.962139E-01
  1.141794E+03  2.283588E+03  9.000000E+01  9.000000E+01  9.000000E+01
  0.000000E+00 -1.096412E+01  7.329162E-01 -1.860093E+01  9.803516E-01
  2.309684E+00  9.803516E-01 -1.681487E+01 -1.326063E+00  2.309684E+00
 -1.326063E+00  2.523435E+00  2.620785E+00  1.252901E+00  1.202305E+00
  2.185964E+00  2.167333E+00  3.931385E+01  0.000000E+00  0.000000E+00
  0.000000E+00  3.931385E+01  0.000000E+00  0.000000E+00  0.000000E+00
  3.772668E+01 -4.043145E+02
      3000  1.500000E+00        52
 -1.037190E+05  1.711563E+03 -1.218269E+05  1.609395E+04 -1.393624E+05
  0.000000E+00  0.000000E+00  0.000000E+00  0.000000E+00 -1.206802E+05
  0.000000E+00  4.222089E+04 -9.991776E+04  1.392556E+05  0.000000E+00
  0.000000E+00  0.000000E+00  0.000000E+00  7.884915E+04  2.322310E+03
  1.441537E+03  2.883075E+03  9.000000E+01  9.000000E+01  9.000000E+01
  0.000000E+00 -2.668998E+02  1.696119E+04 -2.735465E+02  1.908168E+00
  3.191668E+00  1.908168E+00 -2.749229E+02 -2.392425E+00  3.191668E+00
 -2.392425E+00 -2.522300E+02  3.045408E+00  1.470348E+00  1.459097E+00
  2.560770E+00  1.019018E+03  4.347417E+01  0.000000E+00  0.000000E+00
  0.000000E+00  4.347417E+01  0.000000E+00  0.000000E+00  0.000000E+00
  4.171904E+01 -1.330918E+04
      4000  2.000000E+00        52
 -1.066311E+05  5.000000E+02 -1.239280E+05  2.370819E+04 -1.488687E+05
  0.000000E+00  0.000000E+00  0.000000E+00  0.000000E+00 -1.235930E+05
  0.000000E+00  7.980098E+03 -1.432764E+05  1.487915E+05  0.000000E+00
  0.000000E+00  0.000000E+00  0.000000E+00  7.220498E+04  1.713846E-02
  1.232525E+03  2.465051E+03  9.000000E+01  9.000000E+01  9.000000E+01
  0.000000E+00 -5.336190E+01  1.696195E+04 -5.454294E+01  1.235624E+00
  7.326166E-01  1.235624E+00 -5.703494E+01  2.866315E+00  7.326166E-01
  2.866315E+00 -4.850781E+01  4.239456E+00  2.713706E+00  1.934070E+00
  3.751675E+00  1.017612E+03  4.221707E+01  0.000000E+00  0.000000E+00
  0.000000E+00  4.221707E+01  0.000000E+00  0.000000E+00  0.000000E+00
  4.051269E+01 -2.436713E+03
      5000  2.500000E+00        52
 -1.068070E+05  5.006649E+02 -1.241042E+05  2.410105E+04 -1.494502E+05
  0.000000E+00  0.000000E+00  0.000000E+00  0.000000E+00 -1.237687E+05
  0.000000E+00  5.825995E+03 -1.460494E+05  1.493855E+05  0.000000E+00
  0.000000E+00  0.000000E+00  0.000000E+00  6.932892E+04  1.862899E+00
  1.244938E+03  2.489876E+03  9.000000E+01  9.000000E+01  9.000000E+01
  0.000000E+00 -3.919216E+01  1.696176E+04 -4.042928E+01  1.951902E+00
  8.644555E-01  1.951902E+00 -4.220192E+01 -6.097779E-01  8.644555E-01
 -6.097779E-01 -3.494528E+01  4.542418E+00  2.980813E+00  2.313933E+00
  4.206441E+00  1.018067E+03  4.164893E+01  0.000000E+00  0.000000E+00
  0.000000E+00  4.164893E+01  0.000000E+00  0.000000E+00  0.000000E+00
  3.996748E+01 -1.718382E+03
      6000  3.000000E+00        52
 -1.069262E+05  5.006723E+02 -1.242234E+05  2.433327E+04 -1.498134E+05
  0.000000E+00  0.000000E+00  0.000000E+00  0.000000E+00 -1.238880E+05
  0.000000E+00  4.672048E+03 -1.475970E+05  1.497556E+05  0.000000E+00
  0.000000E+00  0.000000E+00  0.000000E+00  6.718816E+04  1.569296E+00
  1.256729E+03  2.513458E+03  9.000000E+01  9.000000E+01  9.000000E+01
  0.000000E+00 -3.138839E+01  1.696179E+04 -3.220032E+01 -3.306438E-01
 -2.209654E+00 -3.306438E-01 -3.228208E+01 -2.358275E-01 -2.209654E+00
 -2.358275E-01 -2.968278E+01  4.502238E+00  2.915562E+00  2.289579E+00
  4.264483E+00  1.018373E+03  4.121575E+01  0.000000E+00  0.000000E+00
  0.000000E+00  4.121575E+01  0.000000E+00  0.000000E+00  0.000000E+00
  3.955180E+01 -1.333730E+03
      7000  3.500000E+00        52
 -1.069896E+05  5.000000E+02 -1.242864E+05  2.446840E+04 -1.500276E+05
  0.000000E+00  0.000000E+00  0.000000E+00  0.000000E+00 -1.239514E+05
  0.000000E+00  4.006669E+03 -1.485138E+05  1.499748E+05  0.000000E+00
  0.000000E+00  0.000000E+00  0.000000E+00  6.551892E+04  1.665493E-02
  1.272832E+03  2.545664E+03  9.000000E+01  9.000000E+01  9.000000E+01
  0.000000E+00 -2.684259E+01  1.696181E+04 -2.751307E+01  2.220525E+00
 -2.240888E+00  2.220525E+00 -2.618319E+01  1.059129E+00 -2.240888E+00
  1.059129E+00 -2.683152E+01  4.480146E+00  2.783485E+00  2.159940E+00
  4.205224E+00  1.018095E+03  4.087156E+01  0.000000E+00  0.000000E+00
  0.000000E+00  4.087156E+01  0.000000E+00  0.000000E+00  0.000000E+00
  3.922150E+01 -1.112237E+03
      8000  4.000000E+00        52
 -1.070496E+05  4.997027E+02 -1.243461E+05  2.451813E+04 -1.501120E+05
  0.000000E+00  0.000000E+00  0.000000E+00  0.000000E+00 -1.240113E+05
  0.000000E+00  3.396584E+03 -1.491622E+05  1.500633E+05  0.000000E+00
  0.000000E+00  0.000000E+00  0.000000E+00  6.422687E+04  2.844467E-01
  1.247770E+03  2.495539E+03  9.000000E+01  9.000000E+01  9.000000E+01
  0.000000E+00 -2.237922E+01  1.696174E+04 -2.458760E+01  2.284455E+00
 -8.832595E-01  2.284455E+00 -2.117000E+01 -7.081921E-02 -8.832595E-01
 -7.081921E-02 -2.138006E+01  4.625103E+00  2.839576E+00  2.281549E+00
  4.343622E+00  1.018576E+03  4.060111E+01  0.000000E+00  0.000000E+00
  0.000000E+00  4.060111E+01  0.000000E+00  0.000000E+00  0.000000E+00
  3.896197E+01 -9.090080E+02
      9000  4.500000E+00        52
 -1.070838E+05  4.996408E+02 -1.243803E+05  2.471377E+04 -1.503394E+05
  0.000000E+00  0.000000E+00  0.000000E+00  0.000000E+00 -1.240455E+05
  0.000000E+00  2.473889E+03 -1.503112E+05  1.502943E+05  0.000000E+00
  0.000000E+00  0.000000E+00  0.000000E+00  6.318550E+04  1.543255E+00
  1.245387E+03  2.490774E+03  9.000000E+01  9.000000E+01  9.000000E+01
  0.000000E+00 -1.505189E+01  1.696173E+04 -1.742460E+01  1.224347E+00
 -6.034561E-01  1.224347E+00 -1.288868E+01 -5.798858E-01 -6.034561E-01
 -5.798858E-01 -1.484239E+01  4.599811E+00  2.794975E+00  2.269977E+00
  4.375343E+00  1.018655E+03  4.038048E+01  0.000000E+00  0.000000E+00
  0.000000E+00  4.038048E+01  0.000000E+00  0.000000E+00  0.000000E+00
  3.875025E+01 -6.014707E+02
     10000  5.000000E+00        52
 -1.071131E+05  5.000000E+02 -1.244098E+05  2.475568E+04 -1.504181E+05
  0.000000E+00  0.000000E+00  0.000000E+00  0.000000E+00 -1.240748E+05
  0.000000E+00  2.133688E+03 -1.507461E+05  1.503745E+05  0.000000E+00
  0.000000E+00  0.000000E+00  0.000000E+00  6.241889E+04  1.666321E-02
  1.252653E+03  2.505306E+03  9.000000E+01  9.000000E+01  9.000000E+01
  0.000000E+00 -1.235997E+01  1.696173E+04 -1.418285E+01  2.764097E+00
  2.934656E-01  2.764097E+00 -1.081486E+01 -3.009470E+00  2.934656E-01
 -3.009470E+00 -1.208220E+01  4.753493E+00  2.786217E+00  2.355034E+00
  4.526729E+00  1.018666E+03  4.021651E+01  0.000000E+00  0.000000E+00
  0.000000E+00  4.021651E+01  0.000000E+00  0.000000E+00  0.000000E+00
  3.859289E+01 -4.879096E+02
     11000  5.500000E+00        52
  4.064811E+06  1.141803E-01 -1.245497E+05  2.391983E+04 -1.495984E+05
  0.000000E+00  0.000000E+00  0.000000E+00  0.000000E+00 -1.245496E+05
  0.000000E+00  6.315094E+03 -1.454913E+05  1.495486E+05  0.000000E+00
  0.000000E+00  0.000000E+00  0.000000E+00  6.465174E+04  1.224674E-04
  1.128879E+03  2.257757E+03  9.000000E+01  9.000000E+01  9.000000E+01
  0.000000E+00 -5.148276E+01  4.189360E+06 -5.300600E+01  8.812027E-01
 -2.962021E-02  8.812027E-01 -4.994609E+01 -1.922525E+00 -2.962021E-02
 -1.922525E+00 -5.149619E+01  4.556065E-02  3.182614E-02  2.761515E-02
  6.946530E-02  3.962034E+02  4.069044E+01  0.000000E+00  0.000000E+00
  0.000000E+00  4.069044E+01  0.000000E+00  0.000000E+00  0.000000E+00
  3.904770E+01 -2.104980E+03
     12000  6.000000E+00        52
  4.064811E+06  5.287086E-02 -1.246493E+05  2.476729E+04 -1.505760E+05
  0.000000E+00  0.000000E+00  0.000000E+00  0.000000E+00 -1.246492E+05
  0.000000E+00  2.048804E+03 -1.508019E+05  1.505319E+05  0.000000E+00
  0.000000E+00  0.000000E+00  0.000000E+00  6.263138E+04  3.292113E-05
  1.159415E+03  2.318831E+03  9.000000E+01  9.000000E+01  9.000000E+01
  0.000000E+00 -1.724114E+01  4.189460E+06 -1.828465E+01  1.231087E+00
 -1.907756E-01  1.231087E+00 -1.538245E+01 -2.069720E+00 -1.907756E-01
 -2.069720E+00 -1.805633E+01  4.045466E-02  2.932355E-02  2.464035E-02
  6.039772E-02  3.962255E+02  4.026209E+01  0.000000E+00  0.000000E+00
  0.000000E+00  4.026209E+01  0.000000E+00  0.000000E+00  0.000000E+00
  3.863664E+01 -6.829109E+02
     13000  6.500000E+00        52
  4.064811E+06  3.187568E-02 -1.246834E+05  2.500199E+04 -1.508638E+05
  0.000000E+00  0.000000E+00  0.000000E+00  0.000000E+00 -1.246833E+05
  0.000000E+00  8.270192E+02 -1.523517E+05  1.508217E+05  0.000000E+00
  0.000000E+00  0.000000E+00  0.000000E+00  6.189207E+04  1.512355E-05
  1.178493E+03  2.356986E+03  9.000000E+01  9.000000E+01  9.000000E+01
  0.000000E+00 -7.042565E+00  4.189494E+06 -7.922503E+00  1.308935E+00
 -2.082946E-01  1.308935E+00 -5.157797E+00 -2.121040E+00 -2.082946E-01
 -2.121040E+00 -8.047395E+00  3.929008E-02  2.872874E-02  2.395604E-02
  5.816109E-02  3.962157E+02  4.010304E+01  0.000000E+00  0.000000E+00
  0.000000E+00  4.010304E+01  0.000000E+00  0.000000E+00  0.000000E+00
  3.848401E+01 -2.756588E+02
     14000  7.000000E+00        52
  4.064811E+06  2.225298E-02 -1.247019E+05  2.507897E+04 -1.509686E+05
  0.000000E+00  0.000000E+00  0.000000E+00  0.000000E+00 -1.247019E+05
  0.000000E+00  4.081102E+02 -1.528948E+05  1.509274E+05  0.000000E+00
  0.000000E+00  0.000000E+00  0.000000E+00  6.155128E+04  9.177600E-06
  1.187736E+03  2.375471E+03  9.000000E+01  9.000000E+01  9.000000E+01
  0.000000E+00 -3.494470E+00  4.189513E+06 -4.328777E+00  1.302286E+00
 -2.095497E-01  1.302286E+00 -1.613333E+00 -2.130200E+00 -2.095497E-01
 -2.130200E+00 -4.541301E+00  3.963361E-02  2.925366E-02  2.430539E-02
  5.859014E-02  3.962034E+02  4.002930E+01  0.000000E+00  0.000000E+00
  0.000000E+00  4.002930E+01  0.000000E+00  0.000000E+00  0.000000E+00
  3.841325E+01 -1.360268E+02
     15000  7.500000E+00        52
  4.064811E+06  1.700400E-02 -1.247143E+05  2.510838E+04 -1.510152E+05
  0.000000E+00  0.000000E+00  0.000000E+00  0.000000E+00 -1.247143E+05
  0.000000E+00  2.362992E+02 -1.531233E+05  1.509746E+05  0.000000E+00
  0.000000E+00  0.000000E+00  0.000000E+00  6.136052E+04  6.393251E-06
  1.192523E+03  2.385047E+03  9.000000E+01  9.000000E+01  9.000000E+01
  0.000000E+00 -2.029570E+00  4.189526E+06 -2.868326E+00  1.277274E+00
 -1.988245E-01  1.277274E+00 -1.365811E-01 -2.115804E+00 -1.988245E-01
 -2.115804E+00 -3.083802E+00  4.074320E-02  3.047205E-02  2.520077E-02
  6.027529E-02  3.961924E+02  3.998791E+01  0.000000E+00  0.000000E+00
  0.000000E+00  3.998791E+01  0.000000E+00  0.000000E+00  0.000000E+00
  3.837352E+01 -7.875879E+01
     16000  8.000000E+00        52
  4.064811E+06  1.380682E-02 -1.247234E+05  2.512097E+04 -1.510395E+05
  0.000000E+00  0.000000E+00  0.000000E+00  0.000000E+00 -1.247233E+05
  0.000000E+00  1.534040E+02 -1.532363E+05  1.509993E+05  0.000000E+00
  0.000000E+00  0.000000E+00  0.000000E+00  6.123705E+04  4.786298E-06
  1.195204E+03  2.390408E+03  9.000000E+01  9.000000E+01  9.000000E+01
  0.000000E+00 -1.320210E+00  4.189535E+06 -2.178670E+00  1.252403E+00
 -1.749083E-01  1.252403E+00  5.955369E-01 -2.083463E+00 -1.749083E-01
 -2.083463E+00 -2.377496E+00  4.227077E-02  3.214631E-02  2.642458E-02
  6.263205E-02  3.961827E+02  3.996107E+01  0.000000E+00  0.000000E+00
  0.000000E+00  3.996107E+01  0.000000E+00  0.000000E+00  0.000000E+00
  3.834777E+01 -5.112852E+01
     17000  8.500000E+00        52
  4.064811E+06  1.170105E-02 -1.247304E+05  2.512657E+04 -1.510537E+05
  0.000000E+00  0.000000E+00  0.000000E+00  0.000000E+00 -1.247303E+05
  0.000000E+00  1.076221E+02 -1.532995E+05  1.510137E+05  0.000000E+00
  0.000000E+00  0.000000E+00  0.000000E+00  6.114862E+04  3.789583E-06
  1.196729E+03  2.393459E+03  9.000000E+01  9.000000E+01  9.000000E+01
  0.000000E+00 -9.275218E-01  4.189542E+06 -1.806469E+00  1.232009E+00
 -1.409154E-01  1.232009E+00  1.014898E+00 -2.038823E+00 -1.409154E-01
 -2.038823E+00 -1.990995E+00  4.405150E-02  3.413517E-02  2.787490E-02
  6.537728E-02  3.961742E+02  3.994182E+01  0.000000E+00  0.000000E+00
  0.000000E+00  3.994182E+01  0.000000E+00  0.000000E+00  0.000000E+00
  3.832930E+01 -3.586880E+01
     18000  9.000000E+00        52
  4.064811E+06  1.026508E-02 -1.247360E+05  2.512886E+04 -1.510624E+05
  0.000000E+00  0.000000E+00  0.000000E+00  0.000000E+00 -1.247359E+05
  0.000000E+00  7.955389E+01 -1.533381E+05  1.510226E+05  0.000000E+00
  0.000000E+00  0.000000E+00  0.000000E+00  6.108068E+04  3.203631E-06
  1.197536E+03  2.395072E+03  9.000000E+01  9.000000E+01  9.000000E+01
  0.000000E+00 -6.863651E-01  4.189547E+06 -1.584277E+00  1.214193E+00
 -1.046527E-01  1.214193E+00  1.289345E+00 -1.988169E+00 -1.046527E-01
 -1.988169E+00 -1.764164E+00  4.600001E-02  3.635069E-02  2.950118E-02
  6.835515E-02  3.961666E+02  3.992703E+01  0.000000E+00  0.000000E+00
  0.000000E+00  3.992703E+01  0.000000E+00  0.000000E+00  0.000000E+00
  3.831510E+01 -2.651338E+01
     19000  9.500000E+00        52
  4.064811E+06  9.246980E-03 -1.247406E+05  2.512943E+04 -1.510680E+05
  0.000000E+00  0.000000E+00  0.000000E+00  0.000000E+00 -1.247406E+05
  0.000000E+00  6.096771E+01 -1.533632E+05  1.510284E+05  0.000000E+00
  0.000000E+00  0.000000E+00  0.000000E+00  6.102588E+04  2.639378E-06
  1.197890E+03  2.395780E+03  9.000000E+01  9.000000E+01  9.000000E+01
  0.000000E+00 -5.264659E-01  4.189552E+06 -1.441451E+00  1.197255E+00
 -7.002628E-02  1.197255E+00  1.487665E+00 -1.938883E+00 -7.002628E-02
 -1.938883E+00 -1.625611E+00  4.806543E-02  3.873738E-02  3.127522E-02
  7.147758E-02  3.961595E+02  3.991508E+01  0.000000E+00  0.000000E+00
  0.000000E+00  3.991508E+01  0.000000E+00  0.000000E+00  0.000000E+00
  3.830364E+01 -2.031844E+01
     20000  1.000000E+01        52
  4.064811E+06  8.529412E-03 -1.247445E+05  2.512905E+04 -1.510715E+05
  0.000000E+00  0.000000E+00  0.000000E+00  0.000000E+00 -1.247445E+05
  0.000000E+00  4.791577E+01 -1.533800E+05  1.510321E+05  0.000000E+00
  0.000000E+00  0.000000E+00  0.000000E+00  6.098009E+04  2.156777E-06
  1.197930E+03  2.395859E+03  9.000000E+01  9.000000E+01  9.000000E+01
  0.000000E+00 -4.140564E-01  4.189556E+06 -1.346289E+00  1.181885E+00
 -3.409545E-02  1.181885E+00  1.635580E+00 -1.890119E+00 -3.409545E-02
 -1.890119E+00 -1.531461E+00  5.022102E-02  4.126137E-02  3.317798E-02
  7.469944E-02  3.961528E+02  3.990510E+01  0.000000E+00  0.000000E+00
  0.000000E+00  3.990510E+01  0.000000E+00  0.000000E+00  0.000000E+00
  3.829405E+01 -1.596811E+01
     21000  1.050000E+01        52
  4.064811E+06  8.092842E-03 -1.247479E+05  2.512800E+04 -1.510736E+05
  0.000000E+00  0.000000E+00  0.000000E+00  0.000000E+00 -1.247478E+05
  0.000000E+00  3.860590E+01 -1.533911E+05  1.510343E+05  0.000000E+00
  0.000000E+00  0.000000E+00  0.000000E+00  6.094063E+04  1.957706E-06
  1.197722E+03  2.395444E+03  9.000000E+01  9.000000E+01  9.000000E+01
  0.000000E+00 -3.338086E-01  4.189559E+06 -1.284272E+00  1.168757E+00
  5.267849E-03  1.168757E+00  1.741110E+00 -1.836978E+00  5.267849E-03
 -1.836978E+00 -1.458264E+00  5.246906E-02  4.390620E-02  3.519513E-02
  7.802926E-02  3.961465E+02  3.989649E+01  0.000000E+00  0.000000E+00
  0.000000E+00  3.989649E+01  0.000000E+00  0.000000E+00  0.000000E+00
  3.828579E+01 -1.286502E+01
     22000  1.100000E+01        52
  4.064811E+06  7.879663E-03 -1.247508E+05  2.512630E+04 -1.510745E+05
  0.000000E+00  0.000000E+00  0.000000E+00  0.000000E+00 -1.247508E+05
  0.000000E+00  3.212041E+01 -1.533977E+05  1.510352E+05  0.000000E+00
  0.000000E+00  0.000000E+00  0.000000E+00  6.090537E+04  1.834956E-06
  1.197304E+03  2.394608E+03  9.000000E+01  9.000000E+01  9.000000E+01
  0.000000E+00 -2.778788E-01  4.189562E+06 -1.245898E+00  1.156015E+00
  4.607480E-02  1.156015E+00  1.811132E+00 -1.779747E+00  4.607480E-02
 -1.779747E+00 -1.398871E+00  5.482404E-02  4.666973E-02  3.732383E-02
  8.148680E-02  3.961407E+02  3.988879E+01  0.000000E+00  0.000000E+00
  0.000000E+00  3.988879E+01  0.000000E+00  0.000000E+00  0.000000E+00
  3.827841E+01 -1.070328E+01
     23000  1.150000E+01        52
  4.064811E+06  7.879554E-03 -1.247535E+05  2.512395E+04 -1.510741E+05
  0.000000E+00  0.000000E+00  0.000000E+00  0.000000E+00 -1.247534E+05
  0.000000E+00  2.749385E+01 -1.534008E+05  1.510350E+05  0.000000E+00
  0.000000E+00  0.000000E+00  0.000000E+00  6.087263E+04  1.788774E-06
  1.196656E+03  2.393311E+03  9.000000E+01  9.000000E+01  9.000000E+01
  0.000000E+00 -2.379685E-01  4.189565E+06 -1.226191E+00  1.141851E+00
  8.808798E-02  1.141851E+00  1.854918E+00 -1.716896E+00  8.808798E-02
 -1.716896E+00 -1.342632E+00  5.730006E-02  4.955997E-02  3.957616E-02
  8.506620E-02  3.961355E+02  3.988164E+01  0.000000E+00  0.000000E+00
  0.000000E+00  3.988164E+01  0.000000E+00  0.000000E+00  0.000000E+00
  3.827155E+01 -9.161098E+00
     24000  1.200000E+01        52
  4.064811E+06  8.368862E-03 -1.247559E+05  2.512060E+04 -1.510722E+05
  0.000000E+00  0.000000E+00  0.000000E+00  0.000000E+00 -1.247559E+05
  0.000000E+00  2.458620E+01 -1.533999E+05  1.510331E+05  0.000000E+00
  0.000000E+00  0.000000E+00  0.000000E+00  6.084084E+04  2.429625E-06
  1.195697E+03  2.391395E+03  9.000000E+01  9.000000E+01  9.000000E+01
  0.000000E+00 -2.128977E-01  4.189567E+06 -1.237806E+00  1.116434E+00
  1.274201E-01  1.116434E+00  1.874176E+00 -1.649317E+00  1.274201E-01
 -1.649317E+00 -1.275062E+00  5.991683E-02  5.259402E-02  4.197092E-02
  8.878444E-02  3.961311E+02  3.987470E+01  0.000000E+00  0.000000E+00
  0.000000E+00  3.987470E+01  0.000000E+00  0.000000E+00  0.000000E+00
  3.826488E+01 -8.191664E+00
     25000  1.250000E+01        52
  4.064811E+06  9.001769E-03 -1.247582E+05  2.511683E+04 -1.510696E+05
  0.000000E+00  0.000000E+00  0.000000E+00  0.000000E+00 -1.247582E+05
  0.000000E+00  2.118065E+01 -1.533983E+05  1.510305E+05  0.000000E+00
  0.000000E+00  0.000000E+00  0.000000E+00  6.080909E+04  2.322104E-06
  1.194501E+03  2.389002E+03  9.000000E+01  9.000000E+01  9.000000E+01
  0.000000E+00 -1.834831E-01  4.189570E+06 -1.257845E+00  1.089280E+00
  1.720500E-01  1.089280E+00  1.887636E+00 -1.569979E+00  1.720500E-01
 -1.569979E+00 -1.180241E+00  6.276471E-02  5.580760E-02  4.454696E-02
  9.273162E-02  3.961277E+02  3.986776E+01  0.000000E+00  0.000000E+00
  0.000000E+00  3.986776E+01  0.000000E+00  0.000000E+00  0.000000E+00
  3.825823E+01 -7.056196E+00
     26000  1.300000E+01        52
  4.064811E+06  9.903642E-03 -1.247604E+05  2.511293E+04 -1.510667E+05
  0.000000E+00  0.000000E+00  0.000000E+00  0.000000E+00 -1.247604E+05
  0.000000E+00  1.800088E+01 -1.533963E+05  1.510277E+05  0.000000E+00
  0.000000E+00  0.000000E+00  0.000000E+00  6.077792E+04  3.256650E-06
  1.193289E+03  2.386579E+03  9.000000E+01  9.000000E+01  9.000000E+01
  0.000000E+00 -1.559913E-01  4.189572E+06 -1.255923E+00  1.056702E+00
  2.109390E-01  1.056702E+00  1.885695E+00 -1.497378E+00  2.109390E-01
 -1.497378E+00 -1.097745E+00  6.593201E-02  5.925929E-02  4.739744E-02
  9.697716E-02  3.961252E+02  3.986095E+01  0.000000E+00  0.000000E+00
  0.000000E+00  3.986095E+01  0.000000E+00  0.000000E+00  0.000000E+00
  3.825169E+01 -5.995870E+00
     27000  1.350000E+01        52
  4.064811E+06  1.105141E-02 -1.247625E+05  2.510972E+04 -1.510646E+05
  0.000000E+00  0.000000E+00  0.000000E+00  0.000000E+00 -1.247625E+05
  0.000000E+00  1.492450E+01 -1.533956E+05  1.510257E+05  0.000000E+00
  0.000000E+00  0.000000E+00  0.000000E+00  6.074788E+04  3.155942E-06
  1.192412E+03  2.384823E+03  9.000000E+01  9.000000E+01  9.000000E+01
  0.000000E+00 -1.293630E-01  4.189574E+06 -1.254027E+00  1.058965E+00
  2.659547E-01  1.058965E+00  1.894796E+00 -1.399595E+00  2.659547E-01
 -1.399595E+00 -1.028858E+00  6.921965E-02  6.300835E-02  5.055407E-02
  1.014421E-01  3.961235E+02  3.985438E+01  0.000000E+00  0.000000E+00
  0.000000E+00  3.985438E+01  0.000000E+00  0.000000E+00  0.000000E+00
  3.824539E+01 -4.969897E+00
     28000  1.400000E+01        52
  4.064811E+06  1.313614E-02 -1.247645E+05  2.510652E+04 -1.510626E+05
  0.000000E+00  0.000000E+00  0.000000E+00  0.000000E+00 -1.247644E+05
  0.000000E+00  1.261592E+01 -1.533945E+05  1.510238E+05  0.000000E+00
  0.000000E+00  0.000000E+00  0.000000E+00  6.071733E+04  3.376288E-06
  1.191648E+03  2.383297E+03  9.000000E+01  9.000000E+01  9.000000E+01
  0.000000E+00 -1.093636E-01  4.189576E+06 -1.238991E+00  1.067612E+00
  3.247378E-01  1.067612E+00  1.882982E+00 -1.296442E+00  3.247378E-01
 -1.296442E+00 -9.720815E-01  7.281452E-02  6.716745E-02  5.409724E-02
  1.062538E-01  3.961227E+02  3.984770E+01  0.000000E+00  0.000000E+00
  0.000000E+00  3.984770E+01  0.000000E+00  0.000000E+00  0.000000E+00
  3.823897E+01 -4.199440E+00
     29000  1.450000E+01        52
  4.064811E+06  1.896692E-02 -1.247665E+05  2.510286E+04 -1.510603E+05
  0.000000E+00  0.000000E+00  0.000000E+00  0.000000E+00 -1.247664E+05
  0.000000E+00  1.164519E+01 -1.533920E+05  1.510216E+05  0.000000E+00
  0.000000E+00  0.000000E+00  0.000000E+00  6.068364E+04  6.845586E-06
  1.190988E+03  2.381976E+03  9.000000E+01  9.000000E+01  9.000000E+01
  0.000000E+00 -1.009250E-01  4.189578E+06 -1.263949E+00  1.071248E+00
  3.802976E-01  1.071248E+00  1.872226E+00 -1.203753E+00  3.802976E-01
 -1.203753E+00 -9.110522E-01  7.722912E-02  7.190783E-02  5.824409E-02
  1.119028E-01  3.961232E+02  3.984033E+01  0.000000E+00  0.000000E+00
  0.000000E+00  3.984033E+01  0.000000E+00  0.000000E+00  0.000000E+00
  3.823190E+01 -3.873259E+00
     30000  1.500000E+01        52
  4.064811E+06  3.172384E-02 -1.247689E+05  2.510022E+04 -1.510599E+05
  0.000000E+00  0.000000E+00  0.000000E+00  0.000000E+00 -1.247688E+05
  0.000000E+00  8.781647E+00 -1.533941E+05  1.510213E+05  0.000000E+00
  0.000000E+00  0.000000E+00  0.000000E+00  6.064518E+04  1.203823E-05
  1.190806E+03  2.381612E+03  9.000000E+01  9.000000E+01  9.000000E+01
  0.000000E+00 -7.595302E-02  4.189580E+06 -1.224598E+00  1.048968E+00
  4.726159E-01  1.048968E+00  1.868235E+00 -1.128959E+00  4.726159E-01
 -1.128959E+00 -8.714958E-01  8.306877E-02  7.765878E-02  6.344680E-02
  1.190713E-01  3.961257E+02  3.983191E+01  0.000000E+00  0.000000E+00
  0.000000E+00  3.983191E+01  0.000000E+00  0.000000E+00  0.000000E+00
  3.822382E+01 -2.913047E+00
     31000  1.550000E+01        52
  4.064811E+06  5.769115E-02 -1.247715E+05  2.509678E+04 -1.510595E+05
  0.000000E+00  0.000000E+00  0.000000E+00  0.000000E+00 -1.247714E+05
  0.000000E+00  7.070783E+00 -1.533964E+05  1.510210E+05  0.000000E+00
  0.000000E+00  0.000000E+00  0.000000E+00  6.059843E+04  1.257859E-05
  1.191218E+03  2.382437E+03  9.000000E+01  9.000000E+01  9.000000E+01
  0.000000E+00 -6.082817E-02  4.189583E+06 -1.196555E+00  1.057888E+00
  5.949650E-01  1.057888E+00  1.748420E+00 -1.047401E+00  5.949650E-01
 -1.047401E+00 -7.343494E-01  9.048129E-02  8.547004E-02  7.025594E-02
  1.288021E-01  3.961312E+02  3.982167E+01  0.000000E+00  0.000000E+00
  0.000000E+00  3.982167E+01  0.000000E+00  0.000000E+00  0.000000E+00
  3.821400E+01 -2.331160E+00
     32000  1.600000E+01        52
  4.064811E+06  3.043766E-01 -1.247750E+05  2.509058E+04 -1.510561E+05
  0.000000E+00  0.000000E+00  0.000000E+00  0.000000E+00 -1.247747E+05
  0.000000E+00  4.289050E+00 -1.533946E+05  1.510178E+05  0.000000E+00
  0.000000E+00  0.000000E+00  0.000000E+00  6.052532E+04  7.948477E-05
  1.190524E+03  2.381049E+03  9.000000E+01  9.000000E+01  9.000000E+01
  0.000000E+00 -3.379892E-02  4.189586E+06 -1.263945E+00  1.009905E+00
  4.750838E-01  1.009905E+00  1.872711E+00 -7.869308E-01  4.750838E-01
 -7.869308E-01 -7.101627E-01  1.036380E-01  9.940169E-02  8.238139E-02
  1.456837E-01  3.961438E+02  3.980565E+01  0.000000E+00  0.000000E+00
  0.000000E+00  3.980565E+01  0.000000E+00  0.000000E+00  0.000000E+00
  3.819862E+01 -1.293737E+00
     33000  1.650000E+01        52
  4.064811E+06  2.369282E+03 -1.242908E+05  2.434069E+04 -1.498736E+05
  0.000000E+00  0.000000E+00  0.000000E+00  0.000000E+00 -1.227034E+05
  0.000000E+00  3.106800E+03 -1.492124E+05  1.498349E+05  0.000000E+00
  0.000000E+00  0.000000E+00  0.000000E+00  6.065336E+04  5.411146E-01
  1.242162E+03  2.484324E+03  9.000000E+01  9.000000E+01  9.000000E+01
  0.000000E+00  5.895452E-01  4.187515E+06 -2.298126E+00 -5.664408E+00
 -1.647273E-01 -5.664408E+00  1.013537E+01  3.278981E-01 -1.647273E-01
  3.278981E-01 -6.068606E+00  9.763987E-01  1.179328E+00  9.920794E-01
  1.105815E+00  3.971599E+02  3.983370E+01  0.000000E+00  0.000000E+00
  0.000000E+00  3.983370E+01  0.000000E+00  0.000000E+00  0.000000E+00
  3.822554E+01  2.261403E+01
     34000  1.700000E+01        52
  4.064811E+06  4.123235E+02 -1.245481E+05  2.477408E+04 -1.505022E+05
  0.000000E+00  0.000000E+00  0.000000E+00  0.000000E+00 -1.242718E+05
  0.000000E+00  5.298711E+02 -1.522991E+05  1.504689E+05  0.000000E+00
  0.000000E+00  0.000000E+00  0.000000E+00  5.844651E+04  3.940077E-01
  1.179996E+03  2.359992E+03  9.000000E+01  9.000000E+01  9.000000E+01
  0.000000E+00  2.038828E-01  4.189083E+06  1.485098E-02  1.080027E+00
  7.880617E-03  1.080027E+00  3.486583E+00  1.980800E+00  7.880617E-03
  1.980800E+00 -2.889786E+00  2.455501E+00  2.474283E+00  2.298002E+00
  2.655840E+00  3.986248E+02  3.934461E+01  0.000000E+00  0.000000E+00
  0.000000E+00  3.934461E+01  0.000000E+00  0.000000E+00  0.000000E+00
  3.775619E+01  7.536075E+00
     35000  1.750000E+01        52
  4.064811E+06  3.957454E+02 -1.245213E+05  2.483101E+04 -1.505564E+05
  0.000000E+00  0.000000E+00  0.000000E+00  0.000000E+00 -1.242562E+05
  0.000000E+00  4.118001E+02 -1.525209E+05  1.505246E+05  0.000000E+00
  0.000000E+00  0.000000E+00  0.000000E+00  5.800230E+04  9.120728E-01
  1.204040E+03  2.408080E+03  9.000000E+01  9.000000E+01  9.000000E+01
  0.000000E+00  1.076518E+00  4.189067E+06  2.577180E+00  8.378207E-01
 -1.055295E+00  8.378207E-01 -8.268678E-01  4.021971E+00 -1.055295E+00
  4.021971E+00  1.479243E+00  1.758096E+00  1.563693E+00  1.422874E+00
  2.019736E+00  3.979188E+02  3.924468E+01  0.000000E+00  0.000000E+00
  0.000000E+00  3.924468E+01  0.000000E+00  0.000000E+00  0.000000E+00
  3.766030E+01  3.948868E+01
     36000  1.800000E+01        52
  4.064811E+06  4.664102E+02 -1.245485E+05  2.479752E+04 -1.505576E+05
  0.000000E+00  0.000000E+00  0.000000E+00  0.000000E+00 -1.242360E+05
  0.000000E+00  4.502812E+02 -1.524995E+05  1.505266E+05  0.000000E+00
  0.000000E+00  0.000000E+00  0.000000E+00  5.789114E+04  1.426204E+00
  1.211578E+03  2.423156E+03  9.000000E+01  9.000000E+01  9.000000E+01
  0.000000E+00  1.590298E+00  4.189047E+06  1.081454E-02 -4.442849E+00
 -2.816440E+00 -4.442849E+00  4.413885E+00  2.733475E+00 -2.816440E+00
  2.733475E+00  3.461941E-01  2.199602E+00  2.060437E+00  1.872095E+00
  2.487509E+00  3.984285E+02  3.921959E+01  0.000000E+00  0.000000E+00
  0.000000E+00  3.921959E+01  0.000000E+00  0.000000E+00  0.000000E+00
  3.763622E+01  5.822328E+01
     37000  1.850000E+01        52
  4.064811E+06  5.532939E+02 -1.245139E+05  2.471182E+04 -1.504260E+05
  0.000000E+00  0.000000E+00  0.000000E+00  0.000000E+00 -1.241432E+05
  0.000000E+00  7.747996E+02 -1.520208E+05  1.503951E+05  0.000000E+00
  0.000000E+00  0.000000E+00  0.000000E+00  5.794087E+04  1.953532E+00
  1.200238E+03  2.400476E+03  9.000000E+01  9.000000E+01  9.000000E+01
  0.000000E+00 -3.041193E-01  4.188954E+06  3.515825E-02 -4.361150E-01
  1.435865E+00 -4.361150E-01  2.974356E+00  2.139990E+00  1.435865E+00
  2.139990E+00 -3.921872E+00  2.217083E+00  1.953760E+00  1.815430E+00
  2.475747E+00  3.985358E+02  3.923081E+01  0.000000E+00  0.000000E+00
  0.000000E+00  3.923081E+01  0.000000E+00  0.000000E+00  0.000000E+00
  3.764700E+01 -1.114385E+01
     38000  1.900000E+01        52
  4.064811E+06  5.231635E+02 -1.245540E+05  2.460863E+04 -1.503671E+05
  0.000000E+00  0.000000E+00  0.000000E+00  0.000000E+00 -1.242035E+05
  0.000000E+00  1.088782E+03 -1.516561E+05  1.503361E+05  0.000000E+00
  0.000000E+00  0.000000E+00  0.000000E+00  5.770740E+04  2.040844E+00
  1.204409E+03  2.408818E+03  9.000000E+01  9.000000E+01  9.000000E+01
  0.000000E+00 -3.541875E+00  4.189015E+06 -5.810187E+00  7.658444E-01
 -4.012072E-01  7.658444E-01 -3.061529E+00 -6.446984E-01 -4.012072E-01
 -6.446984E-01 -1.753909E+00  2.181434E+00  1.907783E+00  1.752072E+00
  2.448751E+00  3.984983E+02  3.917805E+01  0.000000E+00  0.000000E+00
  0.000000E+00  3.917805E+01  0.000000E+00  0.000000E+00  0.000000E+00
  3.759636E+01 -1.292620E+02
     39000  1.950000E+01        52
  4.064811E+06  4.619863E+02 -1.246149E+05  2.468729E+04 -1.504686E+05
  0.000000E+00  0.000000E+00  0.000000E+00  0.000000E+00 -1.243053E+05
  0.000000E+00  5.786904E+02 -1.521926E+05  1.504385E+05  0.000000E+00
  0.000000E+00  0.000000E+00  0.000000E+00  5.727922E+04  1.942209E+00
  1.166385E+03  2.332769E+03  9.000000E+01  9.000000E+01  9.000000E+01
  0.000000E+00  3.711396E-01  4.189117E+06 -3.636398E+00 -3.758012E-01
 -2.159732E-02 -3.758012E-01  4.300384E+00  7.955232E-02 -2.159732E-02
  7.955232E-02  4.494328E-01  2.297903E+00  1.961457E+00  1.835736E+00
  2.551756E+00  3.986234E+02  3.908091E+01  0.000000E+00  0.000000E+00
  0.000000E+00  3.908091E+01  0.000000E+00  0.000000E+00  0.000000E+00
  3.750315E+01  1.344437E+01
     40000  2.000000E+01        52
  4.064811E+06  4.634713E+02 -1.246270E+05  2.464768E+04 -1.504396E+05
  0.000000E+00  0.000000E+00  0.000000E+00  0.000000E+00 -1.243165E+05
  0.000000E+00  6.584276E+02 -1.520811E+05  1.504097E+05  0.000000E+00
  0.000000E+00  0.000000E+00  0.000000E+00  5.714950E+04  1.997550E+00
  1.164892E+03  2.329783E+03  9.000000E+01  9.000000E+01  9.000000E+01
  0.000000E+00 -3.450629E-01  4.189128E+06 -1.709237E+00 -2.664811E+00
  1.473064E-01 -2.664811E+00  2.971665E-01  1.296142E-01  1.473064E-01
  1.296142E-01  3.768816E-01  2.396138E+00  2.005635E+00  1.852704E+00
  2.637472E+00  3.986787E+02  3.905139E+01  0.000000E+00  0.000000E+00
  0.000000E+00  3.905139E+01  0.000000E+00  0.000000E+00  0.000000E+00
  3.747481E+01 -1.247144E+01
     41000  2.050000E+01        52
  4.064811E+06  5.181985E+02 -1.245964E+05  2.468205E+04 -1.504501E+05
  0.000000E+00  0.000000E+00  0.000000E+00  0.000000E+00 -1.242492E+05
  0.000000E+00  5.711074E+02 -1.521932E+05  1.504211E+05  0.000000E+00
  0.000000E+00  0.000000E+00  0.000000E+00  5.704270E+04  2.397309E+00
  1.171610E+03  2.343221E+03  9.000000E+01  9.000000E+01  9.000000E+01
  0.000000E+00  1.138700E+00  4.189060E+06  3.877583E-01 -5.515326E-01
  6.221172E-01 -5.515326E-01  2.229069E+00  1.294646E+00  6.221172E-01
  1.294646E+00  7.992732E-01  2.509470E+00  2.102304E+00  1.975760E+00
  2.737547E+00  3.987608E+02  3.902705E+01  0.000000E+00  0.000000E+00
  0.000000E+00  3.902705E+01  0.000000E+00  0.000000E+00  0.000000E+00
  3.745146E+01  4.107859E+01
     42000  2.100000E+01        52
  4.064811E+06  5.338472E+02 -1.245921E+05  2.475679E+04 -1.505353E+05
  0.000000E+00  0.000000E+00  0.000000E+00  0.000000E+00 -1.242344E+05
  0.000000E+00  2.947190E+02 -1.525840E+05  1.505058E+05  0.000000E+00
  0.000000E+00  0.000000E+00  0.000000E+00  5.696571E+04  2.541588E+00
  1.186460E+03  2.372920E+03  9.000000E+01  9.000000E+01  9.000000E+01
  0.000000E+00  3.891530E+00  4.189046E+06  7.407943E-01 -2.798075E+00
  1.374257E+00 -2.798075E+00  6.542846E+00  5.671792E-01  1.374257E+00
  5.671792E-01  4.390949E+00  2.466135E+00  2.039682E+00  1.929628E+00
  2.700901E+00  3.987060E+02  3.900948E+01  0.000000E+00  0.000000E+00
  0.000000E+00  3.900948E+01  0.000000E+00  0.000000E+00  0.000000E+00
  3.743460E+01  1.401974E+02
     43000  2.150000E+01        52
  4.064811E+06  4.901653E+02 -1.246324E+05  2.459103E+04 -1.504032E+05
  0.000000E+00  0.000000E+00  0.000000E+00  0.000000E+00 -1.243040E+05
  0.000000E+00  9.955581E+02 -1.517380E+05  1.503740E+05  0.000000E+00
  0.000000E+00  0.000000E+00  0.000000E+00  5.703276E+04  2.319097E+00
  1.179770E+03  2.359540E+03  9.000000E+01  9.000000E+01  9.000000E+01
  0.000000E+00 -3.130851E+00  4.189115E+06 -8.004392E+00 -1.105421E+00
 -1.094884E-01 -1.105421E+00  9.571228E-01 -6.969182E-01 -1.094884E-01
 -6.969182E-01 -2.345285E+00  2.538329E+00  2.121159E+00  1.953521E+00
  2.736752E+00  3.987790E+02  3.902478E+01  0.000000E+00  0.000000E+00
  0.000000E+00  3.902478E+01  0.000000E+00  0.000000E+00  0.000000E+00
  3.744928E+01 -1.129257E+02
     44000  2.200000E+01        52
  4.064811E+06  4.598759E+02 -1.246555E+05  2.468999E+04 -1.505117E+05
  0.000000E+00  0.000000E+00  0.000000E+00  0.000000E+00 -1.243473E+05
  0.000000E+00  4.205464E+02 -1.523943E+05  1.504825E+05  0.000000E+00
  0.000000E+00  0.000000E+00  0.000000E+00  5.691562E+04  2.210267E+00
  1.166196E+03  2.332391E+03  9.000000E+01  9.000000E+01  9.000000E+01
  0.000000E+00  1.811838E+00  4.189158E+06 -3.113438E+00 -2.128298E+00
 -1.332791E+00 -2.128298E+00  5.123325E+00  1.167689E-01 -1.332791E+00
  1.167689E-01  3.425628E+00  2.579158E+00  2.131697E+00  2.015960E+00
  2.805404E+00  3.989640E+02  3.899804E+01  0.000000E+00  0.000000E+00
  0.000000E+00  3.899804E+01  0.000000E+00  0.000000E+00  0.000000E+00
  3.742362E+01  6.521641E+01
     45000  2.250000E+01        52
  4.064811E+06  4.884282E+02 -1.246431E+05  2.462338E+04 -1.504280E+05
  0.000000E+00  0.000000E+00  0.000000E+00  0.000000E+00 -1.243159E+05
  0.000000E+00  7.684905E+02 -1.519530E+05  1.503986E+05  0.000000E+00
  0.000000E+00  0.000000E+00  0.000000E+00  5.703713E+04  2.335544E+00
  1.161449E+03  2.322898E+03  9.000000E+01  9.000000E+01  9.000000E+01
  0.000000E+00 -1.053808E+00  4.189127E+06 -5.323559E+00 -1.454939E+00
 -1.143014E+00 -1.454939E+00  1.393057E+00  6.270578E-01 -1.143014E+00
  6.270578E-01  7.690780E-01  2.601146E+00  2.100374E+00  1.978375E+00
  2.823837E+00  3.989587E+02  3.902578E+01  0.000000E+00  0.000000E+00
  0.000000E+00  3.902578E+01  0.000000E+00  0.000000E+00  0.000000E+00
  3.745023E+01 -3.801239E+01
     46000  2.300000E+01        52
  4.064811E+06  5.297265E+02 -1.246242E+05  2.463703E+04 -1.504255E+05
  0.000000E+00  0.000000E+00  0.000000E+00  0.000000E+00 -1.242693E+05
  0.000000E+00  7.271395E+02 -1.519972E+05  1.503958E+05  0.000000E+00
  0.000000E+00  0.000000E+00  0.000000E+00  5.701877E+04  2.561471E+00
  1.164303E+03  2.328606E+03  9.000000E+01  9.000000E+01  9.000000E+01
  0.000000E+00 -1.603803E-01  4.189080E+06 -2.449148E+00 -3.849171E-01
 -1.826650E+00 -3.849171E-01  1.759615E+00  5.388153E-01 -1.826650E+00
  5.388153E-01  2.083921E-01  2.661193E+00  2.165104E+00  2.036066E+00
  2.882894E+00  3.991580E+02  3.902159E+01  0.000000E+00  0.000000E+00
  0.000000E+00  3.902159E+01  0.000000E+00  0.000000E+00  0.000000E+00
  3.744622E+01 -5.783288E+00
     47000  2.350000E+01        52
  2.403994E+08  2.892999E-03 -1.243377E+05  2.024168E+04 -1.457248E+05
  0.000000E+00  0.000000E+00  0.000000E+00  0.000000E+00 -1.243377E+05
  0.000000E+00  2.207663E+04 -1.258893E+05  1.456751E+05  0.000000E+00
  0.000000E+00  0.000000E+00  0.000000E+00  6.520378E+04  9.812356E-06
  1.145412E+03  2.290824E+03  9.000000E+01  9.000000E+01  9.000000E+01
  0.000000E+00 -1.784566E+02  2.405237E+08 -1.824424E+02 -1.899346E+00
  5.904767E-01 -1.899346E+00 -1.764049E+02 -4.167467E-01  5.904767E-01
 -4.167467E-01 -1.765225E+02  2.653686E+00  2.170304E+00  2.039262E+00
  2.876967E+00  1.002726E+03  4.080593E+01  0.000000E+00  0.000000E+00
  0.000000E+00  4.080593E+01  0.000000E+00  0.000000E+00  0.000000E+00
  3.915852E+01 -7.358875E+03
     48000  2.400000E+01        52
  2.403994E+08  9.802897E-04 -1.245400E+05  2.127695E+04 -1.468590E+05
  0.000000E+00  0.000000E+00  0.000000E+00  0.000000E+00 -1.245400E+05
  0.000000E+00  1.738324E+04 -1.315137E+05  1.468130E+05  0.000000E+00
  0.000000E+00  0.000000E+00  0.000000E+00  6.390981E+04  1.870375E-06
  1.041999E+03  2.083997E+03  9.000000E+01  9.000000E+01  9.000000E+01
  0.000000E+00 -1.433626E+02  2.405239E+08 -1.474220E+02 -1.910013E+00
  1.187762E-01 -1.910013E+00 -1.412998E+02 -2.805853E-01  1.187762E-01
 -2.805853E-01 -1.413661E+02  2.651454E+00  2.169906E+00  2.038727E+00
  2.872718E+00  1.002712E+03  4.053419E+01  0.000000E+00  0.000000E+00
  0.000000E+00  4.053419E+01  0.000000E+00  0.000000E+00  0.000000E+00
  3.889775E+01 -5.794414E+03
     49000  2.450000E+01        52
  2.629603E+15  0.000000E+00 -1.246010E+05  2.157532E+04 -1.472066E+05
  0.000000E+00  0.000000E+00  0.000000E+00  0.000000E+00 -1.246010E+05
  0.000000E+00  1.595404E+04 -1.332683E+05  1.471618E+05  0.000000E+00
  0.000000E+00  0.000000E+00  0.000000E+00  6.348114E+04  0.000000E+00
  1.030299E+03  2.060598E+03  9.000000E+01  9.000000E+01  9.000000E+01
  0.000000E+00 -1.324642E+02  2.629603E+15 -1.365653E+02 -2.082599E+00
  1.744371E-01 -2.082599E+00 -1.302066E+02 -2.555185E-01  1.744371E-01
 -2.555185E-01 -1.306208E+02  2.650871E+00  2.169747E+00  2.038551E+00
  2.871885E+00  1.002761E+03  4.044336E+01  0.000000E+00  0.000000E+00
  0.000000E+00  4.044336E+01  0.000000E+00  0.000000E+00  0.000000E+00
  3.881059E+01 -5.318013E+03
     50000  2.500000E+01        52
  2.629603E+15  0.000000E+00 -1.246252E+05  2.163559E+04 -1.472838E+05
  0.000000E+00  0.000000E+00  0.000000E+00  0.000000E+00 -1.246251E+05
  0.000000E+00  1.565602E+04 -1.336290E+05  1.472390E+05  0.000000E+00
  0.000000E+00  0.000000E+00  0.000000E+00  6.348114E+04  0.000000E+00
  1.023038E+03  2.046076E+03  9.000000E+01  9.000000E+01  9.000000E+01
  0.000000E+00 -1.299898E+02  2.629603E+15 -1.340608E+02 -2.141002E+00
 -6.565735E-02 -2.141002E+00 -1.278875E+02 -1.675672E-01 -6.565735E-02
 -1.675672E-01 -1.280211E+02  2.650871E+00  2.169747E+00  2.038551E+00
  2.871885E+00  1.002761E+03  4.044336E+01  0.000000E+00  0.000000E+00
  0.000000E+00  4.044336E+01  0.000000E+00  0.000000E+00  0.000000E+00
  3.881059E+01 -5.218672E+03
     51000  2.550000E+01        52
  2.629603E+15  0.000000E+00 -1.246398E+05  2.169332E+04 -1.473522E+05
  0.000000E+00  0.000000E+00  0.000000E+00  0.000000E+00 -1.246398E+05
  0.000000E+00  1.538713E+04 -1.339583E+05  1.473073E+05  0.000000E+00
  0.000000E+00  0.000000E+00  0.000000E+00  6.348114E+04  0.000000E+00
  1.019023E+03  2.038047E+03  9.000000E+01  9.000000E+01  9.000000E+01
  0.000000E+00 -1.277573E+02  2.629603E+15 -1.318462E+02 -2.181615E+00
 -1.412810E-01 -2.181615E+00 -1.256851E+02 -1.128209E-01 -1.412810E-01
 -1.128209E-01 -1.257405E+02  2.650871E+00  2.169747E+00  2.038551E+00
  2.871885E+00  1.002761E+03  4.044336E+01  0.000000E+00  0.000000E+00
  0.000000E+00  4.044336E+01  0.000000E+00  0.000000E+00  0.000000E+00
  3.881059E+01 -5.129043E+03
     52000  2.600000E+01        52
  2.629603E+15  0.000000E+00 -1.246508E+05  2.174382E+04 -1.474110E+05
  0.000000E+00  0.000000E+00  0.000000E+00  0.000000E+00 -1.246507E+05
  0.000000E+00  1.515496E+04 -1.342440E+05  1.473661E+05  0.000000E+00
  0.000000E+00  0.000000E+00  0.000000E+00  6.348114E+04  0.000000E+00
  1.016401E+03  2.032802E+03  9.000000E+01  9.000000E+01  9.000000E+01
  0.000000E+00 -1.258296E+02  2.629603E+15 -1.299279E+02 -2.224108E+00
 -1.820468E-01 -2.224108E+00 -1.237575E+02 -6.709979E-02 -1.820468E-01
 -6.709979E-02 -1.238033E+02  2.650871E+00  2.169747E+00  2.038551E+00
  2.871885E+00  1.002761E+03  4.044336E+01  0.000000E+00  0.000000E+00
  0.000000E+00  4.044336E+01  0.000000E+00  0.000000E+00  0.000000E+00
  3.881059E+01 -5.051652E+03
     53000  2.650000E+01        52
  2.629603E+15  0.000000E+00 -1.246595E+05  2.178795E+04 -1.474621E+05
  0.000000E+00  0.000000E+00  0.000000E+00  0.000000E+00 -1.246595E+05
  0.000000E+00  1.495333E+04 -1.344931E+05  1.474172E+05  0.000000E+00
  0.000000E+00  0.000000E+00  0.000000E+00  6.348114E+04  0.000000E+00
  1.014613E+03  2.029226E+03  9.000000E+01  9.000000E+01  9.000000E+01
  0.000000E+00 -1.241555E+02  2.629603E+15 -1.282594E+02 -2.258429E+00
 -2.131896E-01 -2.258429E+00 -1.220756E+02 -3.274878E-02 -2.131896E-01
 -3.274878E-02 -1.221314E+02  2.650871E+00  2.169747E+00  2.038551E+00
  2.871885E+00  1.002761E+03  4.044336E+01  0.000000E+00  0.000000E+00
  0.000000E+00  4.044336E+01  0.000000E+00  0.000000E+00  0.000000E+00
  3.881059E+01 -4.984442E+03
     54000  2.700000E+01        52
  2.629603E+15  0.000000E+00 -1.246668E+05  2.182683E+04 -1.475070E+05
  0.000000E+00  0.000000E+00  0.000000E+00  0.000000E+00 -1.246667E+05
  0.000000E+00  1.477624E+04 -1.347127E+05  1.474621E+05  0.000000E+00
  0.000000E+00  0.000000E+00  0.000000E+00  6.348114E+04  0.000000E+00
  1.013384E+03  2.026768E+03  9.000000E+01  9.000000E+01  9.000000E+01
  0.000000E+00 -1.226851E+02  2.629603E+15 -1.267950E+02 -2.284142E+00
 -2.394453E-01 -2.284142E+00 -1.205965E+02 -6.600810E-03 -2.394453E-01
 -6.600810E-03 -1.206639E+02  2.650871E+00  2.169747E+00  2.038551E+00
  2.871885E+00  1.002761E+03  4.044336E+01  0.000000E+00  0.000000E+00
  0.000000E+00  4.044336E+01  0.000000E+00  0.000000E+00  0.000000E+00
  3.881059E+01 -4.925414E+03
     55000  2.750000E+01        52
  2.629603E+15  0.000000E+00 -1.246730E+05  2.186143E+04 -1.475469E+05
  0.000000E+00  0.000000E+00  0.000000E+00  0.000000E+00 -1.246729E+05
  0.000000E+00  1.461898E+04 -1.349082E+05  1.475021E+05  0.000000E+00
  0.000000E+00  0.000000E+00  0.000000E+00  6.348114E+04  0.000000E+00
  1.012544E+03  2.025087E+03  9.000000E+01  9.000000E+01  9.000000E+01
  0.000000E+00 -1.213794E+02  2.629603E+15 -1.254958E+02 -2.302457E+00
 -2.625967E-01 -2.302457E+00 -1.192838E+02  1.304758E-02 -2.625967E-01
  1.304758E-02 -1.193586E+02  2.650871E+00  2.169747E+00  2.038551E+00
  2.871885E+00  1.002761E+03  4.044336E+01  0.000000E+00  0.000000E+00
  0.000000E+00  4.044336E+01  0.000000E+00  0.000000E+00  0.000000E+00
  3.881059E+01 -4.872992E+03
     56000  2.800000E+01        52
  2.629603E+15  0.000000E+00 -1.246783E+05  2.189253E+04 -1.475828E+05
  0.000000E+00  0.000000E+00  0.000000E+00  0.000000E+00 -1.246783E+05
  0.000000E+00  1.447783E+04 -1.350841E+05  1.475380E+05  0.000000E+00
  0.000000E+00  0.000000E+00  0.000000E+00  6.348114E+04  0.000000E+00
  1.011978E+03  2.023957E+03  9.000000E+01  9.000000E+01  9.000000E+01
  0.000000E+00 -1.202075E+02  2.629603E+15 -1.243317E+02 -2.315512E+00
 -2.833678E-01 -2.315512E+00 -1.181076E+02  2.789155E-02 -2.833678E-01
  2.789155E-02 -1.181831E+02  2.650871E+00  2.169747E+00  2.038551E+00
  2.871885E+00  1.002761E+03  4.044336E+01  0.000000E+00  0.000000E+00
  0.000000E+00  4.044336E+01  0.000000E+00  0.000000E+00  0.000000E+00
  3.881059E+01 -4.825943E+03
     57000  2.850000E+01        52
  2.629603E+15  0.000000E+00 -1.246831E+05  2.192075E+04 -1.476154E+05
  0.000000E+00  0.000000E+00  0.000000E+00  0.000000E+00 -1.246830E+05
  0.000000E+00  1.434982E+04 -1.352440E+05  1.475706E+05  0.000000E+00
  0.000000E+00  0.000000E+00  0.000000E+00  6.348114E+04  0.000000E+00
  1.011616E+03  2.023232E+03  9.000000E+01  9.000000E+01  9.000000E+01
  0.000000E+00 -1.191447E+02  2.629603E+15 -1.232782E+02 -2.325580E+00
 -3.030776E-01 -2.325580E+00 -1.170438E+02  3.968183E-02 -3.030776E-01
  3.968183E-02 -1.171120E+02  2.650871E+00  2.169747E+00  2.038551E+00
  2.871885E+00  1.002761E+03  4.044336E+01  0.000000E+00  0.000000E+00
  0.000000E+00  4.044336E+01  0.000000E+00  0.000000E+00  0.000000E+00
  3.881059E+01 -4.783274E+03
     58000  2.900000E+01        52
  2.629603E+15  0.000000E+00 -1.246873E+05  2.194663E+04 -1.476453E+05
  0.000000E+00  0.000000E+00  0.000000E+00  0.000000E+00 -1.246872E+05
  0.000000E+00  1.423259E+04 -1.353907E+05  1.476005E+05  0.000000E+00
  0.000000E+00  0.000000E+00  0.000000E+00  6.348114E+04  0.000000E+00
  1.011406E+03  2.022811E+03  9.000000E+01  9.000000E+01  9.000000E+01
  0.000000E+00 -1.181713E+02  2.629603E+15 -1.223152E+02 -2.332636E+00
 -3.227573E-01 -2.332636E+00 -1.160716E+02  4.911064E-02 -3.227573E-01
  4.911064E-02 -1.161271E+02  2.650871E+00  2.169747E+00  2.038551E+00
  2.871885E+00  1.002761E+03  4.044336E+01  0.000000E+00  0.000000E+00
  0.000000E+00  4.044336E+01  0.000000E+00  0.000000E+00  0.000000E+00
  3.881059E+01 -4.744197E+03
     59000  2.950000E+01        52
  2.629603E+15  0.000000E+00 -1.246911E+05  2.197056E+04 -1.476729E+05
  0.000000E+00  0.000000E+00  0.000000E+00  0.000000E+00 -1.246911E+05
  0.000000E+00  1.412442E+04 -1.355263E+05  1.476281E+05  0.000000E+00
  0.000000E+00  0.000000E+00  0.000000E+00  6.348114E+04  0.000000E+00
  1.011294E+03  2.022588E+03  9.000000E+01  9.000000E+01  9.000000E+01
  0.000000E+00 -1.172732E+02  2.629603E+15 -1.214264E+02 -2.336582E+00
 -3.424317E-01 -2.336582E+00 -1.151736E+02  5.651167E-02 -3.424317E-01
  5.651167E-02 -1.152196E+02  2.650871E+00  2.169747E+00  2.038551E+00
  2.871885E+00  1.002761E+03  4.044336E+01  0.000000E+00  0.000000E+00
  0.000000E+00  4.044336E+01  0.000000E+00  0.000000E+00  0.000000E+00
  3.881059E+01 -4.708140E+03
     60000  3.000000E+01        52
  2.629603E+15  0.000000E+00 -1.246945E+05  2.199268E+04 -1.476984E+05
  0.000000E+00  0.000000E+00  0.000000E+00  0.000000E+00 -1.246945E+05
  0.000000E+00  1.402446E+04 -1.356516E+05  1.476536E+05  0.000000E+00
  0.000000E+00  0.000000E+00  0.000000E+00  6.348114E+04  0.000000E+00
  1.011234E+03  2.022469E+03  9.000000E+01  9.000000E+01  9.000000E+01
  0.000000E+00 -1.164432E+02  2.629603E+15 -1.206043E+02 -2.338371E+00
 -3.590934E-01 -2.338371E+00 -1.143413E+02  5.966332E-02 -3.590934E-01
  5.966332E-02 -1.143840E+02  2.650871E+00  2.169747E+00  2.038551E+00
  2.871885E+00  1.002761E+03  4.044336E+01  0.000000E+00  0.000000E+00
  0.000000E+00  4.044336E+01  0.000000E+00  0.000000E+00  0.000000E+00
  3.881059E+01 -4.674820E+03
     61000  3.050000E+01        52
  2.629603E+15  0.000000E+00 -1.246976E+05  2.201313E+04 -1.477220E+05
  0.000000E+00  0.000000E+00  0.000000E+00  0.000000E+00 -1.246976E+05
  0.000000E+00  1.393188E+04 -1.357677E+05  1.476771E+05  0.000000E+00
  0.000000E+00  0.000000E+00  0.000000E+00  6.348114E+04  0.000000E+00
  1.011216E+03  2.022432E+03  9.000000E+01  9.000000E+01  9.000000E+01
  0.000000E+00 -1.156745E+02  2.629603E+15 -1.198432E+02 -2.339186E+00
 -3.720627E-01 -2.339186E+00 -1.135703E+02  5.941660E-02 -3.720627E-01
  5.941660E-02 -1.136102E+02  2.650871E+00  2.169747E+00  2.038551E+00
  2.871885E+00  1.002761E+03  4.044336E+01  0.000000E+00  0.000000E+00
  0.000000E+00  4.044336E+01  0.000000E+00  0.000000E+00  0.000000E+00
  3.881059E+01 -4.643961E+03
     62000  3.100000E+01        52
  2.629603E+15  0.000000E+00 -1.247005E+05  2.203217E+04 -1.477439E+05
  0.000000E+00  0.000000E+00  0.000000E+00  0.000000E+00 -1.247005E+05
  0.000000E+00  1.384559E+04 -1.358759E+05  1.476991E+05  0.000000E+00
  0.000000E+00  0.000000E+00  0.000000E+00  6.348114E+04  0.000000E+00
  1.011232E+03  2.022464E+03  9.000000E+01  9.000000E+01  9.000000E+01
  0.000000E+00 -1.149580E+02  2.629603E+15 -1.191342E+02 -2.339374E+00
 -3.822417E-01 -2.339374E+00 -1.128519E+02  5.780120E-02 -3.822417E-01
  5.780120E-02 -1.128880E+02  2.650871E+00  2.169747E+00  2.038551E+00
  2.871885E+00  1.002761E+03  4.044336E+01  0.000000E+00  0.000000E+00
  0.000000E+00  4.044336E+01  0.000000E+00  0.000000E+00  0.000000E+00
  3.881059E+01 -4.615195E+03
     63000  3.150000E+01        52
  2.629603E+15  0.000000E+00 -1.247031E+05  2.204999E+04 -1.477644E+05
  0.000000E+00  0.000000E+00  0.000000E+00  0.000000E+00 -1.247031E+05
  0.000000E+00  1.376468E+04 -1.359774E+05  1.477196E+05  0.000000E+00
  0.000000E+00  0.000000E+00  0.000000E+00  6.348114E+04  0.000000E+00
  1.011273E+03  2.022545E+03  9.000000E+01  9.000000E+01  9.000000E+01
  0.000000E+00 -1.142863E+02  2.629603E+15 -1.184696E+02 -2.338682E+00
 -3.903417E-01 -2.338682E+00 -1.121792E+02  5.551904E-02 -3.903417E-01
  5.551904E-02 -1.122100E+02  2.650871E+00  2.169747E+00  2.038551E+00
  2.871885E+00  1.002761E+03  4.044336E+01  0.000000E+00  0.000000E+00
  0.000000E+00  4.044336E+01  0.000000E+00  0.000000E+00  0.000000E+00
  3.881059E+01 -4.588226E+03
     64000  3.200000E+01        52
  2.629603E+15  0.000000E+00 -1.247056E+05  2.206674E+04 -1.477836E+05
  0.000000E+00  0.000000E+00  0.000000E+00  0.000000E+00 -1.247055E+05
  0.000000E+00  1.368853E+04 -1.360730E+05  1.477388E+05  0.000000E+00
  0.000000E+00  0.000000E+00  0.000000E+00  6.348114E+04  0.000000E+00
  1.011334E+03  2.022667E+03  9.000000E+01  9.000000E+01  9.000000E+01
  0.000000E+00 -1.136541E+02  2.629603E+15 -1.178444E+02 -2.337435E+00
 -3.972662E-01 -2.337435E+00 -1.115463E+02  5.308796E-02 -3.972662E-01
  5.308796E-02 -1.115714E+02  2.650871E+00  2.169747E+00  2.038551E+00
  2.871885E+00  1.002761E+03  4.044336E+01  0.000000E+00  0.000000E+00
  0.000000E+00  4.044336E+01  0.000000E+00  0.000000E+00  0.000000E+00
  3.881059E+01 -4.562845E+03
     65000  3.250000E+01        52
  2.629603E+15  0.000000E+00 -1.247078E+05  2.208256E+04 -1.478018E+05
  0.000000E+00  0.000000E+00  0.000000E+00  0.000000E+00 -1.247078E+05
  0.000000E+00  1.361651E+04 -1.361633E+05  1.477570E+05  0.000000E+00
  0.000000E+00  0.000000E+00  0.000000E+00  6.348114E+04  0.000000E+00
  1.011410E+03  2.022821E+03  9.000000E+01  9.000000E+01  9.000000E+01
  0.000000E+00 -1.130561E+02  2.629603E+15 -1.172532E+02 -2.335759E+00
 -4.029250E-01 -2.335759E+00 -1.109479E+02  5.067964E-02 -4.029250E-01
  5.067964E-02 -1.109673E+02  2.650871E+00  2.169747E+00  2.038551E+00
  2.871885E+00  1.002761E+03  4.044336E+01  0.000000E+00  0.000000E+00
  0.000000E+00  4.044336E+01  0.000000E+00  0.000000E+00  0.000000E+00
  3.881059E+01 -4.538838E+03
     66000  3.300000E+01        52
  2.629603E+15  0.000000E+00 -1.247099E+05  2.209755E+04 -1.478190E+05
  0.000000E+00  0.000000E+00  0.000000E+00  0.000000E+00 -1.247099E+05
  0.000000E+00  1.354824E+04 -1.362489E+05  1.477741E+05  0.000000E+00
  0.000000E+00  0.000000E+00  0.000000E+00  6.348114E+04  0.000000E+00
  1.011501E+03  2.023001E+03  9.000000E+01  9.000000E+01  9.000000E+01
  0.000000E+00 -1.124892E+02  2.629603E+15 -1.166924E+02 -2.333283E+00
 -4.077911E-01 -2.333283E+00 -1.103813E+02  4.829510E-02 -4.077911E-01
  4.829510E-02 -1.103938E+02  2.650871E+00  2.169747E+00  2.038551E+00
  2.871885E+00  1.002761E+03  4.044336E+01  0.000000E+00  0.000000E+00
  0.000000E+00  4.044336E+01  0.000000E+00  0.000000E+00  0.000000E+00
  3.881059E+01 -4.516078E+03
     67000  3.350000E+01        52
  2.629603E+15  0.000000E+00 -1.247119E+05  2.211179E+04 -1.478353E+05
  0.000000E+00  0.000000E+00  0.000000E+00  0.000000E+00 -1.247119E+05
  0.000000E+00  1.348334E+04 -1.363303E+05  1.477905E+05  0.000000E+00
  0.000000E+00  0.000000E+00  0.000000E+00  6.348114E+04  0.000000E+00
  1.011602E+03  2.023203E+03  9.000000E+01  9.000000E+01  9.000000E+01
  0.000000E+00 -1.119504E+02  2.629603E+15 -1.161596E+02 -2.330421E+00
 -4.120933E-01 -2.330421E+00 -1.098429E+02  4.597541E-02 -4.120933E-01
  4.597541E-02 -1.098487E+02  2.650871E+00  2.169747E+00  2.038551E+00
  2.871885E+00  1.002761E+03  4.044336E+01  0.000000E+00  0.000000E+00
  0.000000E+00  4.044336E+01  0.000000E+00  0.000000E+00  0.000000E+00
  3.881059E+01 -4.494448E+03
     68000  3.400000E+01        52
  2.629603E+15  0.000000E+00 -1.247137E+05  2.212536E+04 -1.478508E+05
  0.000000E+00  0.000000E+00  0.000000E+00  0.000000E+00 -1.247137E+05
  0.000000E+00  1.342150E+04 -1.364079E+05  1.478060E+05  0.000000E+00
  0.000000E+00  0.000000E+00  0.000000E+00  6.348114E+04  0.000000E+00
  1.011713E+03  2.023425E+03  9.000000E+01  9.000000E+01  9.000000E+01
  0.000000E+00 -1.114369E+02  2.629603E+15 -1.156517E+02 -2.327069E+00
 -4.158214E-01 -2.327069E+00 -1.093303E+02  4.386519E-02 -4.158214E-01
  4.386519E-02 -1.093289E+02  2.650871E+00  2.169747E+00  2.038551E+00
  2.871885E+00  1.002761E+03  4.044336E+01  0.000000E+00  0.000000E+00
  0.000000E+00  4.044336E+01  0.000000E+00  0.000000E+00  0.000000E+00
  3.881059E+01 -4.473834E+03
     69000  3.450000E+01        52
  2.629603E+15  0.000000E+00 -1.247155E+05  2.213831E+04 -1.478656E+05
  0.000000E+00  0.000000E+00  0.000000E+00  0.000000E+00 -1.247154E+05
  0.000000E+00  1.336244E+04 -1.364821E+05  1.478208E+05  0.000000E+00
  0.000000E+00  0.000000E+00  0.000000E+00  6.348114E+04  0.000000E+00
  1.011833E+03  2.023665E+03  9.000000E+01  9.000000E+01  9.000000E+01
  0.000000E+00 -1.109466E+02  2.629603E+15 -1.151671E+02 -2.323347E+00
 -4.195764E-01 -2.323347E+00 -1.088404E+02  4.219229E-02 -4.195764E-01
  4.219229E-02 -1.088321E+02  2.650871E+00  2.169747E+00  2.038551E+00
  2.871885E+00  1.002761E+03  4.044336E+01  0.000000E+00  0.000000E+00
  0.000000E+00  4.044336E+01  0.000000E+00  0.000000E+00  0.000000E+00
  3.881059E+01 -4.454147E+03
     70000  3.500000E+01        52
  2.629603E+15  0.000000E+00 -1.247171E+05  2.215071E+04 -1.478798E+05
  0.000000E+00  0.000000E+00  0.000000E+00  0.000000E+00 -1.247171E+05
  0.000000E+00  1.330584E+04 -1.365531E+05  1.478350E+05  0.000000E+00
  0.000000E+00  0.000000E+00  0.000000E+00  6.348114E+04  0.000000E+00
  1.011961E+03  2.023921E+03  9.000000E+01  9.000000E+01  9.000000E+01
  0.000000E+00 -1.104766E+02  2.629603E+15 -1.147021E+02 -2.319206E+00
 -4.233797E-01 -2.319206E+00 -1.083715E+02  4.062066E-02 -4.233797E-01
  4.062066E-02 -1.083561E+02  2.650871E+00  2.169747E+00  2.038551E+00
  2.871885E+00  1.002761E+03  4.044336E+01  0.000000E+00  0.000000E+00
  0.000000E+00  4.044336E+01  0.000000E+00  0.000000E+00  0.000000E+00
  3.881059E+01 -4.435279E+03
     71000  3.550000E+01        52
  2.629603E+15  0.000000E+00 -1.247187E+05  2.216261E+04 -1.478934E+05
  0.000000E+00  0.000000E+00  0.000000E+00  0.000000E+00 -1.247186E+05
  0.000000E+00  1.325152E+04 -1.366213E+05  1.478486E+05  0.000000E+00
  0.000000E+00  0.000000E+00  0.000000E+00  6.348114E+04  0.000000E+00
  1.012097E+03  2.024194E+03  9.000000E+01  9.000000E+01  9.000000E+01
  0.000000E+00 -1.100256E+02  2.629603E+15 -1.142563E+02 -2.314765E+00
 -4.272910E-01 -2.314765E+00 -1.079216E+02  3.958825E-02 -4.272910E-01
  3.958825E-02 -1.078989E+02  2.650871E+00  2.169747E+00  2.038551E+00
  2.871885E+00  1.002761E+03  4.044336E+01  0.000000E+00  0.000000E+00
  0.000000E+00  4.044336E+01  0.000000E+00  0.000000E+00  0.000000E+00
  3.881059E+01 -4.417174E+03
     72000  3.600000E+01        52
  2.629603E+15  0.000000E+00 -1.247202E+05  2.217405E+04 -1.479065E+05
  0.000000E+00  0.000000E+00  0.000000E+00  0.000000E+00 -1.247201E+05
  0.000000E+00  1.319931E+04 -1.366869E+05  1.478617E+05  0.000000E+00
  0.000000E+00  0.000000E+00  0.000000E+00  6.348114E+04  0.000000E+00
  1.012240E+03  2.024480E+03  9.000000E+01  9.000000E+01  9.000000E+01
  0.000000E+00 -1.095921E+02  2.629603E+15 -1.138280E+02 -2.309702E+00
 -4.315787E-01 -2.309702E+00 -1.074889E+02  3.887275E-02 -4.315787E-01
  3.887275E-02 -1.074593E+02  2.650871E+00  2.169747E+00  2.038551E+00
  2.871885E+00  1.002761E+03  4.044336E+01  0.000000E+00  0.000000E+00
  0.000000E+00  4.044336E+01  0.000000E+00  0.000000E+00  0.000000E+00
  3.881059E+01 -4.399769E+03
     73000  3.650000E+01        52
  2.629603E+15  0.000000E+00 -1.247216E+05  2.218506E+04 -1.479190E+05
  0.000000E+00  0.000000E+00  0.000000E+00  0.000000E+00 -1.247215E+05
  0.000000E+00  1.314903E+04 -1.367500E+05  1.478742E+05  0.000000E+00
  0.000000E+00  0.000000E+00  0.000000E+00  6.348114E+04  0.000000E+00
  1.012390E+03  2.024780E+03  9.000000E+01  9.000000E+01  9.000000E+01
  0.000000E+00 -1.091746E+02  2.629603E+15 -1.134159E+02 -2.304436E+00
 -4.362522E-01 -2.304436E+00 -1.070723E+02  3.849516E-02 -4.362522E-01
  3.849516E-02 -1.070357E+02  2.650871E+00  2.169747E+00  2.038551E+00
  2.871885E+00  1.002761E+03  4.044336E+01  0.000000E+00  0.000000E+00
  0.000000E+00  4.044336E+01  0.000000E+00  0.000000E+00  0.000000E+00
  3.881059E+01 -4.383009E+03
     74000  3.700000E+01        52
  2.629603E+15  0.000000E+00 -1.247229E+05  2.219568E+04 -1.479312E+05
  0.000000E+00  0.000000E+00  0.000000E+00  0.000000E+00 -1.247229E+05
  0.000000E+00  1.310048E+04 -1.368110E+05  1.478864E+05  0.000000E+00
  0.000000E+00  0.000000E+00  0.000000E+00  6.348114E+04  0.000000E+00
  1.012545E+03  2.025091E+03  9.000000E+01  9.000000E+01  9.000000E+01
  0.000000E+00 -1.087715E+02  2.629603E+15 -1.130180E+02 -2.298995E+00
 -4.414008E-01 -2.298995E+00 -1.066700E+02  3.904376E-02 -4.414008E-01
  3.904376E-02 -1.066266E+02  2.650871E+00  2.169747E+00  2.038551E+00
  2.871885E+00  1.002761E+03  4.044336E+01  0.000000E+00  0.000000E+00
  0.000000E+00  4.044336E+01  0.000000E+00  0.000000E+00  0.000000E+00
  3.881059E+01 -4.366827E+03
     75000  3.750000E+01        52
  2.629603E+15  0.000000E+00 -1.247242E+05  2.220594E+04 -1.479429E+05
  0.000000E+00  0.000000E+00  0.000000E+00  0.000000E+00 -1.247242E+05
  0.000000E+00  1.305358E+04 -1.368699E+05  1.478981E+05  0.000000E+00
  0.000000E+00  0.000000E+00  0.000000E+00  6.348114E+04  0.000000E+00
  1.012706E+03  2.025411E+03  9.000000E+01  9.000000E+01  9.000000E+01
  0.000000E+00 -1.083821E+02  2.629603E+15 -1.126337E+02 -2.293442E+00
 -4.470525E-01 -2.293442E+00 -1.062812E+02  4.016790E-02 -4.470525E-01
  4.016790E-02 -1.062315E+02  2.650871E+00  2.169747E+00  2.038551E+00
  2.871885E+00  1.002761E+03  4.044336E+01  0.000000E+00  0.000000E+00
  0.000000E+00  4.044336E+01  0.000000E+00  0.000000E+00  0.000000E+00
  3.881059E+01 -4.351194E+03
     76000  3.800000E+01        52
  2.629603E+15  0.000000E+00 -1.247255E+05  2.221587E+04 -1.479542E+05
  0.000000E+00  0.000000E+00  0.000000E+00  0.000000E+00 -1.247254E+05
  0.000000E+00  1.300817E+04 -1.369270E+05  1.479095E+05  0.000000E+00
  0.000000E+00  0.000000E+00  0.000000E+00  6.348114E+04  0.000000E+00
  1.012869E+03  2.025738E+03  9.000000E+01  9.000000E+01  9.000000E+01
  0.000000E+00 -1.080051E+02  2.629603E+15 -1.122610E+02 -2.287873E+00
 -4.531061E-01 -2.287873E+00 -1.059048E+02  4.172176E-02 -4.531061E-01
  4.172176E-02 -1.058495E+02  2.650871E+00  2.169747E+00  2.038551E+00
  2.871885E+00  1.002761E+03  4.044336E+01  0.000000E+00  0.000000E+00
  0.000000E+00  4.044336E+01  0.000000E+00  0.000000E+00  0.000000E+00
  3.881059E+01 -4.336057E+03
     77000  3.850000E+01        52
  2.629603E+15  0.000000E+00 -1.247267E+05  2.222549E+04 -1.479652E+05
  0.000000E+00  0.000000E+00  0.000000E+00  0.000000E+00 -1.247266E+05
  0.000000E+00  1.296413E+04 -1.369824E+05  1.479204E+05  0.000000E+00
  0.000000E+00  0.000000E+00  0.000000E+00  6.348114E+04  0.000000E+00
  1.013035E+03  2.026069E+03  9.000000E+01  9.000000E+01  9.000000E+01
  0.000000E+00 -1.076395E+02  2.629603E+15 -1.118987E+02 -2.282278E+00
 -4.593439E-01 -2.282278E+00 -1.055402E+02  4.392124E-02 -4.593439E-01
  4.392124E-02 -1.054794E+02  2.650871E+00  2.169747E+00  2.038551E+00
  2.871885E+00  1.002761E+03  4.044336E+01  0.000000E+00  0.000000E+00
  0.000000E+00  4.044336E+01  0.000000E+00  0.000000E+00  0.000000E+00
  3.881059E+01 -4.321378E+03
     78000  3.900000E+01        52
  2.629603E+15  0.000000E+00 -1.247278E+05  2.223482E+04 -1.479759E+05
  0.000000E+00  0.000000E+00  0.000000E+00  0.000000E+00 -1.247278E+05
  0.000000E+00  1.292141E+04 -1.370361E+05  1.479311E+05  0.000000E+00
  0.000000E+00  0.000000E+00  0.000000E+00  6.348114E+04  0.000000E+00
  1.013201E+03  2.026402E+03  9.000000E+01  9.000000E+01  9.000000E+01
  0.000000E+00 -1.072847E+02  2.629603E+15 -1.115453E+02 -2.277235E+00
 -4.659992E-01 -2.277235E+00 -1.051868E+02  4.669379E-02 -4.659992E-01
  4.669379E-02 -1.051219E+02  2.650871E+00  2.169747E+00  2.038551E+00
  2.871885E+00  1.002761E+03  4.044336E+01  0.000000E+00  0.000000E+00
  0.000000E+00  4.044336E+01  0.000000E+00  0.000000E+00  0.000000E+00
  3.881059E+01 -4.307135E+03
     79000  3.950000E+01        52
  2.629603E+15  0.000000E+00 -1.247290E+05  2.224388E+04 -1.479862E+05
  0.000000E+00  0.000000E+00  0.000000E+00  0.000000E+00 -1.247289E+05
  0.000000E+00  1.287990E+04 -1.370883E+05  1.479414E+05  0.000000E+00
  0.000000E+00  0.000000E+00  0.000000E+00  6.348114E+04  0.000000E+00
  1.013365E+03  2.026731E+03  9.000000E+01  9.000000E+01  9.000000E+01
  0.000000E+00 -1.069400E+02  2.629603E+15 -1.111999E+02 -2.272636E+00
 -4.723816E-01 -2.272636E+00 -1.048441E+02  4.995219E-02 -4.723816E-01
  4.995219E-02 -1.047761E+02  2.650871E+00  2.169747E+00  2.038551E+00
  2.871885E+00  1.002761E+03  4.044336E+01  0.000000E+00  0.000000E+00
  0.000000E+00  4.044336E+01  0.000000E+00  0.000000E+00  0.000000E+00
  3.881059E+01 -4.293299E+03
     80000  4.000000E+01        52
  2.629603E+15  0.000000E+00 -1.247300E+05  2.225268E+04 -1.479962E+05
  0.000000E+00  0.000000E+00  0.000000E+00  0.000000E+00 -1.247300E+05
  0.000000E+00  1.283956E+04 -1.371390E+05  1.479515E+05  0.000000E+00
  0.000000E+00  0.000000E+00  0.000000E+00  6.348114E+04  0.000000E+00
  1.013526E+03  2.027053E+03  9.000000E+01  9.000000E+01  9.000000E+01
  0.000000E+00 -1.066051E+02  2.629603E+15 -1.108616E+02 -2.268710E+00
 -4.783140E-01 -2.268710E+00 -1.045114E+02  5.336010E-02 -4.783140E-01
  5.336010E-02 -1.044424E+02  2.650871E+00  2.169747E+00  2.038551E+00
  2.871885E+00  1.002761E+03  4.044336E+01  0.000000E+00  0.000000E+00
  0.000000E+00  4.044336E+01  0.000000E+00  0.000000E+00  0.000000E+00
  3.881059E+01 -4.279853E+03
     81000  4.050000E+01        52
  2.629603E+15  0.000000E+00 -1.247311E+05  2.226122E+04 -1.480060E+05
  0.000000E+00  0.000000E+00  0.000000E+00  0.000000E+00 -1.247310E+05
  0.000000E+00  1.280038E+04 -1.371882E+05  1.479612E+05  0.000000E+00
  0.000000E+00  0.000000E+00  0.000000E+00  6.348114E+04  0.000000E+00
  1.013682E+03  2.027364E+03  9.000000E+01  9.000000E+01  9.000000E+01
  0.000000E+00 -1.062798E+02  2.629603E+15 -1.105307E+02 -2.265503E+00
 -4.838556E-01 -2.265503E+00 -1.041887E+02  5.670354E-02 -4.838556E-01
  5.670354E-02 -1.041201E+02  2.650871E+00  2.169747E+00  2.038551E+00
  2.871885E+00  1.002761E+03  4.044336E+01  0.000000E+00  0.000000E+00
  0.000000E+00  4.044336E+01  0.000000E+00  0.000000E+00  0.000000E+00
  3.881059E+01 -4.266793E+03
     82000  4.100000E+01        52
  2.629603E+15  0.000000E+00 -1.247320E+05  2.226950E+04 -1.480154E+05
  0.000000E+00  0.000000E+00  0.000000E+00  0.000000E+00 -1.247320E+05
  0.000000E+00  1.276236E+04 -1.372359E+05  1.479706E+05  0.000000E+00
  0.000000E+00  0.000000E+00  0.000000E+00  6.348114E+04  0.000000E+00
  1.013831E+03  2.027663E+03  9.000000E+01  9.000000E+01  9.000000E+01
  0.000000E+00 -1.059642E+02  2.629603E+15 -1.102072E+02 -2.262999E+00
 -4.890150E-01 -2.262999E+00 -1.038760E+02  5.958311E-02 -4.890150E-01
  5.958311E-02 -1.038092E+02  2.650871E+00  2.169747E+00  2.038551E+00
  2.871885E+00  1.002761E+03  4.044336E+01  0.000000E+00  0.000000E+00
  0.000000E+00  4.044336E+01  0.000000E+00  0.000000E+00  0.000000E+00
  3.881059E+01 -4.254120E+03
     83000  4.150000E+01        52
  2.629603E+15  0.000000E+00 -1.247330E+05  2.227753E+04 -1.480245E+05
  0.000000E+00  0.000000E+00  0.000000E+00  0.000000E+00 -1.247329E+05
  0.000000E+00  1.272547E+04 -1.372822E+05  1.479798E+05  0.000000E+00
  0.000000E+00  0.000000E+00  0.000000E+00  6.348114E+04  0.000000E+00
  1.013975E+03  2.027949E+03  9.000000E+01  9.000000E+01  9.000000E+01
  0.000000E+00 -1.056579E+02  2.629603E+15 -1.098916E+02 -2.260746E+00
 -4.938271E-01 -2.260746E+00 -1.035727E+02  6.185007E-02 -4.938271E-01
  6.185007E-02 -1.035094E+02  2.650871E+00  2.169747E+00  2.038551E+00
  2.871885E+00  1.002761E+03  4.044336E+01  0.000000E+00  0.000000E+00
  0.000000E+00  4.044336E+01  0.000000E+00  0.000000E+00  0.000000E+00
  3.881059E+01 -4.241823E+03
     84000  4.200000E+01        52
  2.629603E+15  0.000000E+00 -1.247339E+05  2.228530E+04 -1.480333E+05
  0.000000E+00  0.000000E+00  0.000000E+00  0.000000E+00 -1.247338E+05
  0.000000E+00  1.268976E+04 -1.373270E+05  1.479886E+05  0.000000E+00
  0.000000E+00  0.000000E+00  0.000000E+00  6.348114E+04  0.000000E+00
  1.014112E+03  2.028224E+03  9.000000E+01  9.000000E+01  9.000000E+01
  0.000000E+00 -1.053614E+02  2.629603E+15 -1.095850E+02 -2.258398E+00
 -4.982429E-01 -2.258398E+00 -1.032792E+02  6.346028E-02 -4.982429E-01
  6.346028E-02 -1.032201E+02  2.650871E+00  2.169747E+00  2.038551E+00
  2.871885E+00  1.002761E+03  4.044336E+01  0.000000E+00  0.000000E+00
  0.000000E+00  4.044336E+01  0.000000E+00  0.000000E+00  0.000000E+00
  3.881059E+01 -4.229921E+03
     85000  4.250000E+01        52
  2.629603E+15  0.000000E+00 -1.247347E+05  2.229283E+04 -1.480418E+05
  0.000000E+00  0.000000E+00  0.000000E+00  0.000000E+00 -1.247347E+05
  0.000000E+00  1.265513E+04 -1.373704E+05  1.479971E+05  0.000000E+00
  0.000000E+00  0.000000E+00  0.000000E+00  6.348114E+04  0.000000E+00
  1.014244E+03  2.028489E+03  9.000000E+01  9.000000E+01  9.000000E+01
  0.000000E+00 -1.050739E+02  2.629603E+15 -1.092872E+02 -2.255809E+00
 -5.023566E-01 -2.255809E+00 -1.029943E+02  6.451014E-02 -5.023566E-01
  6.451014E-02 -1.029400E+02  2.650871E+00  2.169747E+00  2.038551E+00
  2.871885E+00  1.002761E+03  4.044336E+01  0.000000E+00  0.000000E+00
  0.000000E+00  4.044336E+01  0.000000E+00  0.000000E+00  0.000000E+00
  3.881059E+01 -4.218377E+03
     86000  4.300000E+01        52
  2.629603E+15  0.000000E+00 -1.247356E+05  2.230011E+04 -1.480501E+05
  0.000000E+00  0.000000E+00  0.000000E+00  0.000000E+00 -1.247355E+05
  0.000000E+00  1.262159E+04 -1.374125E+05  1.480053E+05  0.000000E+00
  0.000000E+00  0.000000E+00  0.000000E+00  6.348114E+04  0.000000E+00
  1.014373E+03  2.028747E+03  9.000000E+01  9.000000E+01  9.000000E+01
  0.000000E+00 -1.047953E+02  2.629603E+15 -1.089988E+02 -2.253059E+00
 -5.062032E-01 -2.253059E+00 -1.027181E+02  6.507837E-02 -5.062032E-01
  6.507837E-02 -1.026691E+02  2.650871E+00  2.169747E+00  2.038551E+00
  2.871885E+00  1.002761E+03  4.044336E+01  0.000000E+00  0.000000E+00
  0.000000E+00  4.044336E+01  0.000000E+00  0.000000E+00  0.000000E+00
  3.881059E+01 -4.207196E+03
     87000  4.350000E+01        52
  2.629603E+15  0.000000E+00 -1.247364E+05  2.230717E+04 -1.480580E+05
  0.000000E+00  0.000000E+00  0.000000E+00  0.000000E+00 -1.247363E+05
  0.000000E+00  1.258903E+04 -1.374533E+05  1.480133E+05  0.000000E+00
  0.000000E+00  0.000000E+00  0.000000E+00  6.348114E+04  0.000000E+00
  1.014500E+03  2.028999E+03  9.000000E+01  9.000000E+01  9.000000E+01
  0.000000E+00 -1.045251E+02  2.629603E+15 -1.087192E+02 -2.249801E+00
 -5.101465E-01 -2.249801E+00 -1.024496E+02  6.521097E-02 -5.101465E-01
  6.521097E-02 -1.024064E+02  2.650871E+00  2.169747E+00  2.038551E+00
  2.871885E+00  1.002761E+03  4.044336E+01  0.000000E+00  0.000000E+00
  0.000000E+00  4.044336E+01  0.000000E+00  0.000000E+00  0.000000E+00
  3.881059E+01 -4.196345E+03
     88000  4.400000E+01        52
  2.629603E+15  0.000000E+00 -1.247371E+05  2.231402E+04 -1.480658E+05
  0.000000E+00  0.000000E+00  0.000000E+00  0.000000E+00 -1.247371E+05
  0.000000E+00  1.255744E+04 -1.374928E+05  1.480210E+05  0.000000E+00
  0.000000E+00  0.000000E+00  0.000000E+00  6.348114E+04  0.000000E+00
  1.014624E+03  2.029248E+03  9.000000E+01  9.000000E+01  9.000000E+01
  0.000000E+00 -1.042627E+02  2.629603E+15 -1.084478E+02 -2.246394E+00
 -5.140118E-01 -2.246394E+00 -1.021891E+02  6.484508E-02 -5.140118E-01
  6.484508E-02 -1.021513E+02  2.650871E+00  2.169747E+00  2.038551E+00
  2.871885E+00  1.002761E+03  4.044336E+01  0.000000E+00  0.000000E+00
  0.000000E+00  4.044336E+01  0.000000E+00  0.000000E+00  0.000000E+00
  3.881059E+01 -4.185813E+03
     89000  4.450000E+01        52
  2.629603E+15  0.000000E+00 -1.247379E+05  2.232067E+04 -1.480733E+05
  0.000000E+00  0.000000E+00  0.000000E+00  0.000000E+00 -1.247378E+05
  0.000000E+00  1.252674E+04 -1.375313E+05  1.480285E+05  0.000000E+00
  0.000000E+00  0.000000E+00  0.000000E+00  6.348114E+04  0.000000E+00
  1.014748E+03  2.029496E+03  9.000000E+01  9.000000E+01  9.000000E+01
  0.000000E+00 -1.040078E+02  2.629603E+15 -1.081839E+02 -2.242922E+00
 -5.179548E-01 -2.242922E+00 -1.019357E+02  6.425935E-02 -5.179548E-01
  6.425935E-02 -1.019038E+02  2.650871E+00  2.169747E+00  2.038551E+00
  2.871885E+00  1.002761E+03  4.044336E+01  0.000000E+00  0.000000E+00
  0.000000E+00  4.044336E+01  0.000000E+00  0.000000E+00  0.000000E+00
  3.881059E+01 -4.175579E+03
     90000  4.500000E+01        52
  2.629603E+15  0.000000E+00 -1.247386E+05  2.232713E+04 -1.480806E+05
  0.000000E+00  0.000000E+00  0.000000E+00  0.000000E+00 -1.247385E+05
  0.000000E+00  1.249685E+04 -1.375687E+05  1.480358E+05  0.000000E+00
  0.000000E+00  0.000000E+00  0.000000E+00  6.348114E+04  0.000000E+00
  1.014871E+03  2.029742E+03  9.000000E+01  9.000000E+01  9.000000E+01
  0.000000E+00 -1.037597E+02  2.629603E+15 -1.079275E+02 -2.239090E+00
 -5.219465E-01 -2.239090E+00 -1.016889E+02  6.342705E-02 -5.219465E-01
  6.342705E-02 -1.016627E+02  2.650871E+00  2.169747E+00  2.038551E+00
  2.871885E+00  1.002761E+03  4.044336E+01  0.000000E+00  0.000000E+00
  0.000000E+00  4.044336E+01  0.000000E+00  0.000000E+00  0.000000E+00
  3.881059E+01 -4.165617E+03
     91000  4.550000E+01        52
  2.629603E+15  0.000000E+00 -1.247393E+05  2.233342E+04 -1.480877E+05
  0.000000E+00  0.000000E+00  0.000000E+00  0.000000E+00 -1.247392E+05
  0.000000E+00  1.246776E+04 -1.376052E+05  1.480430E+05  0.000000E+00
  0.000000E+00  0.000000E+00  0.000000E+00  6.348114E+04  0.000000E+00
  1.014994E+03  2.029987E+03  9.000000E+01  9.000000E+01  9.000000E+01
  0.000000E+00 -1.035181E+02  2.629603E+15 -1.076780E+02 -2.235234E+00
 -5.259470E-01 -2.235234E+00 -1.014483E+02  6.253303E-02 -5.259470E-01
  6.253303E-02 -1.014280E+02  2.650871E+00  2.169747E+00  2.038551E+00
  2.871885E+00  1.002761E+03  4.044336E+01  0.000000E+00  0.000000E+00
  0.000000E+00  4.044336E+01  0.000000E+00  0.000000E+00  0.000000E+00
  3.881059E+01 -4.155919E+03
     92000  4.600000E+01        52
  2.629603E+15  0.000000E+00 -1.247399E+05  2.233955E+04 -1.480946E+05
  0.000000E+00  0.000000E+00  0.000000E+00  0.000000E+00 -1.247399E+05
  0.000000E+00  1.243938E+04 -1.376407E+05  1.480499E+05  0.000000E+00
  0.000000E+00  0.000000E+00  0.000000E+00  6.348114E+04  0.000000E+00
  1.015116E+03  2.030232E+03  9.000000E+01  9.000000E+01  9.000000E+01
  0.000000E+00 -1.032825E+02  2.629603E+15 -1.074351E+02 -2.231513E+00
 -5.302325E-01 -2.231513E+00 -1.012134E+02  6.153860E-02 -5.302325E-01
  6.153860E-02 -1.011990E+02  2.650871E+00  2.169747E+00  2.038551E+00
  2.871885E+00  1.002761E+03  4.044336E+01  0.000000E+00  0.000000E+00
  0.000000E+00  4.044336E+01  0.000000E+00  0.000000E+00  0.000000E+00
  3.881059E+01 -4.146461E+03
     93000  4.650000E+01        52
  2.629603E+15  0.000000E+00 -1.247406E+05  2.234551E+04 -1.481013E+05
  0.000000E+00  0.000000E+00  0.000000E+00  0.000000E+00 -1.247405E+05
  0.000000E+00  1.241178E+04 -1.376753E+05  1.480566E+05  0.000000E+00
  0.000000E+00  0.000000E+00  0.000000E+00  6.348114E+04  0.000000E+00
  1.015238E+03  2.030475E+03  9.000000E+01  9.000000E+01  9.000000E+01
  0.000000E+00 -1.030533E+02  2.629603E+15 -1.071988E+02 -2.227907E+00
 -5.343683E-01 -2.227907E+00 -1.009849E+02  6.037254E-02 -5.343683E-01
  6.037254E-02 -1.009763E+02  2.650871E+00  2.169747E+00  2.038551E+00
  2.871885E+00  1.002761E+03  4.044336E+01  0.000000E+00  0.000000E+00
  0.000000E+00  4.044336E+01  0.000000E+00  0.000000E+00  0.000000E+00
  3.881059E+01 -4.137260E+03
     94000  4.700000E+01        52
  2.629603E+15  0.000000E+00 -1.247412E+05  2.235132E+04 -1.481079E+05
  0.000000E+00  0.000000E+00  0.000000E+00  0.000000E+00 -1.247412E+05
  0.000000E+00  1.238485E+04 -1.377090E+05  1.480632E+05  0.000000E+00
  0.000000E+00  0.000000E+00  0.000000E+00  6.348114E+04  0.000000E+00
  1.015359E+03  2.030719E+03  9.000000E+01  9.000000E+01  9.000000E+01
  0.000000E+00 -1.028297E+02  2.629603E+15 -1.069684E+02 -2.224262E+00
 -5.387598E-01 -2.224262E+00 -1.007616E+02  5.902211E-02 -5.387598E-01
  5.902211E-02 -1.007592E+02  2.650871E+00  2.169747E+00  2.038551E+00
  2.871885E+00  1.002761E+03  4.044336E+01  0.000000E+00  0.000000E+00
  0.000000E+00  4.044336E+01  0.000000E+00  0.000000E+00  0.000000E+00
  3.881059E+01 -4.128282E+03
     95000  4.750000E+01        52
  2.629603E+15  0.000000E+00 -1.247418E+05  2.235700E+04 -1.481143E+05
  0.000000E+00  0.000000E+00  0.000000E+00  0.000000E+00 -1.247418E+05
  0.000000E+00  1.235855E+04 -1.377420E+05  1.480696E+05  0.000000E+00
  0.000000E+00  0.000000E+00  0.000000E+00  6.348114E+04  0.000000E+00
  1.015480E+03  2.030961E+03  9.000000E+01  9.000000E+01  9.000000E+01
  0.000000E+00 -1.026114E+02  2.629603E+15 -1.067438E+02 -2.220435E+00
 -5.430694E-01 -2.220435E+00 -1.005434E+02  5.770136E-02 -5.430694E-01
  5.770136E-02 -1.005470E+02  2.650871E+00  2.169747E+00  2.038551E+00
  2.871885E+00  1.002761E+03  4.044336E+01  0.000000E+00  0.000000E+00
  0.000000E+00  4.044336E+01  0.000000E+00  0.000000E+00  0.000000E+00
  3.881059E+01 -4.119517E+03
     96000  4.800000E+01        52
  2.629603E+15  0.000000E+00 -1.247424E+05  2.236254E+04 -1.481205E+05
  0.000000E+00  0.000000E+00  0.000000E+00  0.000000E+00 -1.247423E+05
  0.000000E+00  1.233289E+04 -1.377742E+05  1.480758E+05  0.000000E+00
  0.000000E+00  0.000000E+00  0.000000E+00  6.348114E+04  0.000000E+00
  1.015601E+03  2.031202E+03  9.000000E+01  9.000000E+01  9.000000E+01
  0.000000E+00 -1.023984E+02  2.629603E+15 -1.065249E+02 -2.216744E+00
 -5.473505E-01 -2.216744E+00 -1.003300E+02  5.617790E-02 -5.473505E-01
  5.617790E-02 -1.003401E+02  2.650871E+00  2.169747E+00  2.038551E+00
  2.871885E+00  1.002761E+03  4.044336E+01  0.000000E+00  0.000000E+00
  0.000000E+00  4.044336E+01  0.000000E+00  0.000000E+00  0.000000E+00
  3.881059E+01 -4.110964E+03
     97000  4.850000E+01        52
  2.629603E+15  0.000000E+00 -1.247430E+05  2.236795E+04 -1.481266E+05
  0.000000E+00  0.000000E+00  0.000000E+00  0.000000E+00 -1.247429E+05
  0.000000E+00  1.230783E+04 -1.378055E+05  1.480819E+05  0.000000E+00
  0.000000E+00  0.000000E+00  0.000000E+00  6.348114E+04  0.000000E+00
  1.015721E+03  2.031442E+03  9.000000E+01  9.000000E+01  9.000000E+01
  0.000000E+00 -1.021903E+02  2.629603E+15 -1.063114E+02 -2.213189E+00
 -5.516802E-01 -2.213189E+00 -1.001214E+02  5.455789E-02 -5.516802E-01
  5.455789E-02 -1.001381E+02  2.650871E+00  2.169747E+00  2.038551E+00
  2.871885E+00  1.002761E+03  4.044336E+01  0.000000E+00  0.000000E+00
  0.000000E+00  4.044336E+01  0.000000E+00  0.000000E+00  0.000000E+00
  3.881059E+01 -4.102610E+03
     98000  4.900000E+01        52
  2.629603E+15  0.000000E+00 -1.247435E+05  2.237323E+04 -1.481326E+05
  0.000000E+00  0.000000E+00  0.000000E+00  0.000000E+00 -1.247435E+05
  0.000000E+00  1.228334E+04 -1.378362E+05  1.480879E+05  0.000000E+00
  0.000000E+00  0.000000E+00  0.000000E+00  6.348114E+04  0.000000E+00
  1.015841E+03  2.031681E+03  9.000000E+01  9.000000E+01  9.000000E+01
  0.000000E+00 -1.019869E+02  2.629603E+15 -1.061033E+02 -2.209690E+00
 -5.558549E-01 -2.209690E+00 -9.991711E+01  5.290904E-02 -5.558549E-01
  5.290904E-02 -9.994036E+01  2.650871E+00  2.169747E+00  2.038551E+00
  2.871885E+00  1.002761E+03  4.044336E+01  0.000000E+00  0.000000E+00
  0.000000E+00  4.044336E+01  0.000000E+00  0.000000E+00  0.000000E+00
  3.881059E+01 -4.094446E+03
     99000  4.950000E+01        52
  2.629603E+15  0.000000E+00 -1.247440E+05  2.237840E+04 -1.481384E+05
  0.000000E+00  0.000000E+00  0.000000E+00  0.000000E+00 -1.247440E+05
  0.000000E+00  1.225943E+04 -1.378662E+05  1.480937E+05  0.000000E+00
  0.000000E+00  0.000000E+00  0.000000E+00  6.348114E+04  0.000000E+00
  1.015959E+03  2.031918E+03  9.000000E+01  9.000000E+01  9.000000E+01
  0.000000E+00 -1.017884E+02  2.629603E+15 -1.059005E+02 -2.206257E+00
 -5.597882E-01 -2.206257E+00 -9.971739E+01  5.085353E-02 -5.597882E-01
  5.085353E-02 -9.974730E+01  2.650871E+00  2.169747E+00  2.038551E+00
  2.871885E+00  1.002761E+03  4.044336E+01  0.000000E+00  0.000000E+00
  0.000000E+00  4.044336E+01  0.000000E+00  0.000000E+00  0.000000E+00
  3.881059E+01 -4.086476E+03
    100000  5.000000E+01        52
  2.629603E+15  0.000000E+00 -1.247446E+05  2.238345E+04 -1.481441E+05
  0.000000E+00  0.000000E+00  0.000000E+00  0.000000E+00 -1.247445E+05
  0.000000E+00  1.223602E+04 -1.378955E+05  1.480994E+05  0.000000E+00
  0.000000E+00  0.000000E+00  0.000000E+00  6.348114E+04  0.000000E+00
  1.016077E+03  2.032153E+03  9.000000E+01  9.000000E+01  9.000000E+01
  0.000000E+00 -1.015940E+02  2.629603E+15 -1.057025E+02 -2.202990E+00
 -5.635279E-01 -2.202990E+00 -9.952132E+01  4.860341E-02 -5.635279E-01
  4.860341E-02 -9.955829E+01  2.650871E+00  2.169747E+00  2.038551E+00
  2.871885E+00  1.002761E+03  4.044336E+01  0.000000E+00  0.000000E+00
  0.000000E+00  4.044336E+01  0.000000E+00  0.000000E+00  0.000000E+00
  3.881059E+01 -4.078673E+03
