title: # Li56 La24 Zr16 O96                                                    
energy unitS: electron Volts
         0  0.000000E+00        52
 -5.387266E+05  6.500000E+02 -5.407429E+05  6.307024E+04 -6.038132E+05
  0.000000E+00  0.000000E+00  0.000000E+00  0.000000E+00 -5.387264E+05
  0.000000E+00  1.563293E+05 -4.473454E+05  6.036747E+05  0.000000E+00
  0.000000E+00  0.000000E+00  0.000000E+00  2.781571E+05  0.000000E+00
  0.000000E+00  0.000000E+00  9.000000E+01  9.000000E+01  9.000000E+01
  0.000000E+00 -2.885842E+02  0.000000E+00 -3.019621E+02 -2.610066E-02
  2.668670E-03 -2.610066E-02 -3.019289E+02  4.537128E-02  2.668670E-03
  4.537128E-02 -2.618617E+02  0.000000E+00  0.000000E+00  0.000000E+00
  0.000000E+00  0.000000E+00  6.618035E+01  0.000000E+00  0.000000E+00
  0.000000E+00  6.618035E+01  0.000000E+00  0.000000E+00  0.000000E+00
  6.350853E+01 -5.076552E+04
      1000  5.000000E-01        52
  1.539393E+11  6.500000E+02 -5.563834E+05  8.511744E+04 -6.468175E+05
  0.000000E+00  0.000000E+00  0.000000E+00  0.000000E+00 -5.543667E+05
  0.000000E+00  1.592255E+05 -4.960818E+05  6.446741E+05  0.000000E+00
  0.000000E+00  0.000000E+00  0.000000E+00  4.724913E+05  2.410093E-02
  5.316621E+03  1.063324E+04  9.000000E+01  9.000000E+01  9.000000E+01
  0.000000E+00 -1.731212E+02  1.539399E+11 -1.836097E+02  2.685567E-01
 -1.455179E-01  2.685567E-01 -1.834907E+02 -9.700973E-01 -1.455179E-01
 -9.700973E-01 -1.522632E+02  2.823552E+00  5.908918E-01  5.886780E-01
  1.809517E+00  2.057611E+03  7.896421E+01  0.000000E+00  0.000000E+00
  0.000000E+00  7.896421E+01  0.000000E+00  0.000000E+00  0.000000E+00
  7.577628E+01 -5.173091E+04
      2000  1.000000E+00        52
  1.539393E+11  6.508381E+02 -5.695091E+05  1.116544E+05 -6.877558E+05
  0.000000E+00  0.000000E+00  0.000000E+00  0.000000E+00 -5.674899E+05
  0.000000E+00  3.472584E+04 -6.644970E+05  6.860384E+05  0.000000E+00
  0.000000E+00  0.000000E+00  0.000000E+00  4.446529E+05  1.144202E+00
  6.592221E+03  1.318444E+04  9.000000E+01  9.000000E+01  9.000000E+01
  0.000000E+00 -3.637629E+01  1.539399E+11 -3.607063E+01 -8.819179E-01
 -1.183126E-01 -8.819179E-01 -3.643671E+01  2.890179E-01 -1.183126E-01
  2.890179E-01 -3.662153E+01  5.838981E+00  3.948758E+00  2.825028E+00
  5.087217E+00  2.061255E+03  7.738190E+01  0.000000E+00  0.000000E+00
  0.000000E+00  7.738190E+01  0.000000E+00  0.000000E+00  0.000000E+00
  7.425785E+01 -1.022929E+04
      3000  1.500000E+00        52
  1.539393E+11  6.504903E+02 -5.707864E+05  1.128412E+05 -6.902240E+05
  0.000000E+00  0.000000E+00  0.000000E+00  0.000000E+00 -5.687683E+05
  0.000000E+00  2.845300E+04 -6.734195E+05  6.886797E+05  0.000000E+00
  0.000000E+00  0.000000E+00  0.000000E+00  4.312498E+05  1.815133E+00
  6.596404E+03  1.319281E+04  9.000000E+01  9.000000E+01  9.000000E+01
  0.000000E+00 -2.984280E+01  1.539399E+11 -2.965113E+01  2.874104E-01
 -1.265425E-01  2.874104E-01 -3.102776E+01  3.237054E-01 -1.265425E-01
  3.237054E-01 -2.884950E+01  7.255495E+00  5.552044E+00  4.100722E+00
  6.738212E+00  2.062332E+03  7.659645E+01  0.000000E+00  0.000000E+00
  0.000000E+00  7.659645E+01  0.000000E+00  0.000000E+00  0.000000E+00
  7.350411E+01 -8.139064E+03
      4000  2.000000E+00        52
  1.539393E+11  6.500000E+02 -5.714096E+05  1.131933E+05 -6.912022E+05
  0.000000E+00  0.000000E+00  0.000000E+00  0.000000E+00 -5.693930E+05
  0.000000E+00  2.629495E+04 -6.767243E+05  6.898207E+05  0.000000E+00
  0.000000E+00  0.000000E+00  0.000000E+00  4.201312E+05  2.164218E-02
  6.599263E+03  1.319853E+04  9.000000E+01  9.000000E+01  9.000000E+01
  0.000000E+00 -2.792901E+01  1.539399E+11 -2.831788E+01 -1.149889E-01
 -5.784074E-01 -1.149889E-01 -2.801548E+01  1.133282E+00 -5.784074E-01
  1.133282E+00 -2.745367E+01  8.134991E+00  6.452853E+00  4.909401E+00
  7.754991E+00  2.063248E+03  7.593243E+01  0.000000E+00  0.000000E+00
  0.000000E+00  7.593243E+01  0.000000E+00  0.000000E+00  0.000000E+00
  7.286691E+01 -7.420729E+03
      5000  2.500000E+00        52
  1.539393E+11  6.499926E+02 -5.719342E+05  1.134419E+05 -6.919414E+05
  0.000000E+00  0.000000E+00  0.000000E+00  0.000000E+00 -5.699176E+05
  0.000000E+00  2.423073E+04 -6.795664E+05  6.906667E+05  0.000000E+00
  0.000000E+00  0.000000E+00  0.000000E+00  4.103381E+05  3.687862E-01
  6.565209E+03  1.313042E+04  9.000000E+01  9.000000E+01  9.000000E+01
  0.000000E+00 -2.594415E+01  1.539399E+11 -2.564411E+01 -2.118079E-02
 -2.713339E-01 -2.118079E-02 -2.664324E+01  6.711844E-02 -2.713339E-01
  6.711844E-02 -2.554510E+01  8.772905E+00  7.096166E+00  5.433923E+00
  8.389150E+00  2.064323E+03  7.533780E+01  0.000000E+00  0.000000E+00
  0.000000E+00  7.533780E+01  0.000000E+00  0.000000E+00  0.000000E+00
  7.229628E+01 -6.732670E+03
      6000  3.000000E+00        52
  2.209932E+11  7.341067E+02 -5.684179E+05  9.889344E+04 -6.732039E+05
  0.000000E+00  0.000000E+00  0.000000E+00  0.000000E+00 -5.661403E+05
  0.000000E+00  8.474916E+04 -5.966110E+05  6.695751E+05  0.000000E+00
  0.000000E+00  0.000000E+00  0.000000E+00  5.469156E+05  2.019096E+02
  5.892549E+03  1.178510E+04  9.000000E+01  9.000000E+01  9.000000E+01
  0.000000E+00 -7.728538E+01  2.209938E+11 -7.575426E+01 -2.644659E+00
  5.159253E-01 -2.644659E+00 -7.994005E+01 -1.526914E-01  5.159253E-01
 -1.526914E-01 -7.616184E+01  9.922002E+00  7.638732E+00  5.826604E+00
  1.005995E+01  3.337451E+03  8.290978E+01  0.000000E+00  0.000000E+00
  0.000000E+00  8.290978E+01  0.000000E+00  0.000000E+00  0.000000E+00
  7.956257E+01 -2.673153E+04
      7000  3.500000E+00        52
  2.323651E+11  6.500000E+02 -5.616008E+05  1.074230E+05 -6.755373E+05
  0.000000E+00  0.000000E+00  0.000000E+00  0.000000E+00 -5.595839E+05
  0.000000E+00  4.267263E+04 -6.296387E+05  6.592843E+05  0.000000E+00
  0.000000E+00  0.000000E+00  0.000000E+00  8.716161E+05  2.396549E-02
  6.513533E+03  1.302707E+04  9.000000E+01  9.000000E+01  9.000000E+01
  0.000000E+00 -2.336593E+01  2.323656E+11 -2.282439E+01  8.608589E-01
  7.761172E-01  8.608589E-01 -2.305411E+01  1.088957E+00  7.761172E-01
  1.088957E+00 -2.421929E+01  1.238894E+01  9.807307E+00  7.644882E+00
  1.514471E+01  5.577008E+03  9.684430E+01  0.000000E+00  0.000000E+00
  0.000000E+00  9.684430E+01  0.000000E+00  0.000000E+00  0.000000E+00
  9.293453E+01 -1.287996E+04
      8000  4.000000E+00        52
  2.323651E+11  6.805770E+02 -5.626526E+05  1.041063E+05 -6.722788E+05
  0.000000E+00  0.000000E+00  0.000000E+00  0.000000E+00 -5.605406E+05
  0.000000E+00  3.782485E+04 -6.108031E+05  6.375881E+05  0.000000E+00
  0.000000E+00  0.000000E+00  0.000000E+00  1.181021E+06  5.650025E+01
  5.519928E+03  1.103986E+04  9.000000E+01  9.000000E+01  9.000000E+01
  0.000000E+00 -1.499633E+01  2.323657E+11 -1.583919E+01 -5.985574E-01
  1.229697E+00 -5.985574E-01 -1.575800E+01 -1.313992E+00  1.229697E+00
 -1.313992E+00 -1.339180E+01  1.536370E+01  1.256341E+01  1.011373E+01
  2.228776E+01  6.730934E+03  1.071647E+02  0.000000E+00  0.000000E+00
  0.000000E+00  1.071647E+02  0.000000E+00  0.000000E+00  0.000000E+00
  1.028382E+02 -1.120079E+04
      9000  4.500000E+00        52
  2.323651E+11  6.683124E+02 -5.670751E+05  1.112120E+05 -6.852793E+05
  0.000000E+00  0.000000E+00  0.000000E+00  0.000000E+00 -5.650011E+05
  0.000000E+00 -4.468162E+03 -6.573466E+05  6.388941E+05  0.000000E+00
  0.000000E+00  0.000000E+00  0.000000E+00  1.314592E+06  3.335868E+01
  6.992155E+03  1.398431E+04  9.000000E+01  9.000000E+01  9.000000E+01
  0.000000E+00  3.453934E+00  2.323657E+11  4.200608E+00  1.816787E-01
  3.874312E-01  1.816787E-01  3.479219E+00 -3.028307E-01  3.874312E-01
 -3.028307E-01  2.681975E+00  2.155371E+01  1.883278E+01  1.568187E+01
  3.822464E+01  7.086156E+03  1.110613E+02  0.000000E+00  0.000000E+00
  0.000000E+00  1.110613E+02  0.000000E+00  0.000000E+00  0.000000E+00
  1.065775E+02  2.871515E+03
     10000  5.000000E+00        52
  2.325042E+11  6.500000E+02 -5.703436E+05  1.113189E+05 -6.890799E+05
  0.000000E+00  0.000000E+00  0.000000E+00  0.000000E+00 -5.683262E+05
  0.000000E+00 -1.998083E+04 -6.598022E+05  6.249865E+05  0.000000E+00
  0.000000E+00  0.000000E+00  0.000000E+00  1.507900E+06  2.153985E-02
  7.417424E+03  1.483485E+04  9.000000E+01  9.000000E+01  9.000000E+01
  0.000000E+00  8.393773E+00  2.325048E+11  9.499778E+00 -3.581177E-01
 -2.560671E-01 -3.581177E-01  8.723090E+00 -8.311823E-02 -2.560671E-01
 -8.311823E-02  6.958451E+00  2.783128E+01  2.427949E+01  2.086311E+01
  5.484907E+01  7.704153E+03  1.162581E+02  0.000000E+00  0.000000E+00
  0.000000E+00  1.162581E+02  0.000000E+00  0.000000E+00  0.000000E+00
  1.115646E+02  8.004531E+03
     11000  5.500000E+00        52
  2.325087E+11  3.480404E-01 -5.717691E+05  1.046638E+05 -6.830681E+05
  0.000000E+00  0.000000E+00  0.000000E+00  0.000000E+00 -5.717669E+05
  0.000000E+00 -2.988238E+03 -6.229072E+05  6.066485E+05  0.000000E+00
  0.000000E+00  0.000000E+00  0.000000E+00  1.685294E+06  1.407090E-04
  6.635225E+03  1.327045E+04  9.000000E+01  9.000000E+01  9.000000E+01
  0.000000E+00  9.352462E-01  2.325093E+11  1.539551E+00 -1.546521E-01
 -2.817520E-01 -1.546521E-01  1.084010E+00 -5.900418E-02 -2.817520E-01
 -5.900418E-02  1.821782E-01  3.478475E-02  1.154166E-02  1.465793E-02
  4.568068E-02  3.491404E+02  1.206491E+02  0.000000E+00  0.000000E+00
  0.000000E+00  1.206491E+02  0.000000E+00  0.000000E+00  0.000000E+00
  1.157783E+02  9.967991E+02
     12000  6.000000E+00        52
  2.325087E+11  2.558092E-01 -5.721484E+05  1.046354E+05 -6.833887E+05
  0.000000E+00  0.000000E+00  0.000000E+00  0.000000E+00 -5.721465E+05
  0.000000E+00 -5.312219E+03 -6.231470E+05  6.046249E+05  0.000000E+00
  0.000000E+00  0.000000E+00  0.000000E+00  1.714509E+06  7.852658E-05
  6.604938E+03  1.320988E+04  9.000000E+01  9.000000E+01  9.000000E+01
  0.000000E+00  1.633573E+00  2.325093E+11  2.257754E+00 -1.701548E-01
 -2.365540E-01 -1.701548E-01  1.733137E+00 -7.634920E-02 -2.365540E-01
 -7.634920E-02  9.098278E-01  6.377766E-02  2.592505E-02  3.058557E-02
  7.712209E-02  3.491188E+02  1.213423E+02  0.000000E+00  0.000000E+00
  0.000000E+00  1.213423E+02  0.000000E+00  0.000000E+00  0.000000E+00
  1.164435E+02  1.771269E+03
     13000  6.500000E+00        52
  2.325087E+11  2.859180E-01 -5.724764E+05  1.040210E+05 -6.830438E+05
  0.000000E+00  0.000000E+00  0.000000E+00  0.000000E+00 -5.724744E+05
  0.000000E+00 -5.512808E+03 -6.198832E+05  6.012776E+05  0.000000E+00
  0.000000E+00  0.000000E+00  0.000000E+00  1.755339E+06  8.810765E-05
  6.546393E+03  1.309279E+04  9.000000E+01  9.000000E+01  9.000000E+01
  0.000000E+00  1.655863E+00  2.325093E+11  2.277288E+00 -1.786185E-01
 -1.957791E-01 -1.786185E-01  1.697793E+00 -9.408352E-02 -1.957791E-01
 -9.408352E-02  9.925070E-01  1.031534E-01  4.675579E-02  5.221227E-02
  1.176634E-01  3.491233E+02  1.222980E+02  0.000000E+00  0.000000E+00
  0.000000E+00  1.222980E+02  0.000000E+00  0.000000E+00  0.000000E+00
  1.173606E+02  1.838194E+03
     14000  7.000000E+00        52
  2.325087E+11  3.793771E-01 -5.728243E+05  1.032741E+05 -6.825826E+05
  0.000000E+00  0.000000E+00  0.000000E+00  0.000000E+00 -5.728220E+05
  0.000000E+00 -5.495134E+03 -6.157711E+05  5.973076E+05  0.000000E+00
  0.000000E+00  0.000000E+00  0.000000E+00  1.804746E+06  1.182086E-04
  6.484143E+03  1.296829E+04  9.000000E+01  9.000000E+01  9.000000E+01
  0.000000E+00  1.605539E+00  2.325093E+11  2.207854E+00 -1.566625E-01
 -1.503260E-01 -1.566625E-01  1.628496E+00 -1.233468E-01 -1.503260E-01
 -1.233468E-01  9.802687E-01  1.567535E-01  7.673094E-02  8.275324E-02
  1.713698E-01  3.491434E+02  1.234348E+02  0.000000E+00  0.000000E+00
  0.000000E+00  1.234348E+02  0.000000E+00  0.000000E+00  0.000000E+00
  1.184515E+02  1.832496E+03
     15000  7.500000E+00        52
  2.325087E+11  5.622442E-01 -5.732336E+05  1.024317E+05 -6.820930E+05
  0.000000E+00  0.000000E+00  0.000000E+00  0.000000E+00 -5.732307E+05
  0.000000E+00 -5.594401E+03 -6.109971E+05  5.925474E+05  0.000000E+00
  0.000000E+00  0.000000E+00  0.000000E+00  1.866448E+06  1.224866E-04
  6.427646E+03  1.285529E+04  9.000000E+01  9.000000E+01  9.000000E+01
  0.000000E+00  1.580815E+00  2.325093E+11  2.108734E+00 -1.460592E-01
 -8.582132E-02 -1.460592E-01  1.642317E+00 -1.212413E-01 -8.582132E-02
 -1.212413E-01  9.913945E-01  2.308058E-01  1.210713E-01  1.283802E-01
  2.463869E-01  3.491817E+02  1.248258E+02  0.000000E+00  0.000000E+00
  0.000000E+00  1.248258E+02  0.000000E+00  0.000000E+00  0.000000E+00
  1.197863E+02  1.865963E+03
     16000  8.000000E+00        52
  2.325087E+11  1.009499E+00 -5.737702E+05  1.013895E+05 -6.815266E+05
  0.000000E+00  0.000000E+00  0.000000E+00  0.000000E+00 -5.737658E+05
  0.000000E+00 -5.789075E+03 -6.050039E+05  5.864809E+05  0.000000E+00
  0.000000E+00  0.000000E+00  0.000000E+00  1.949140E+06  3.349696E-04
  6.366960E+03  1.273392E+04  9.000000E+01  9.000000E+01  9.000000E+01
  0.000000E+00  1.567142E+00  2.325093E+11  1.970733E+00 -1.553756E-01
 -2.899550E-02 -1.553756E-01  1.693153E+00 -7.809370E-02 -2.899550E-02
 -7.809370E-02  1.037541E+00  3.430462E-01  1.908672E-01  2.003104E-01
  3.582169E-01  3.492527E+02  1.266427E+02  0.000000E+00  0.000000E+00
  0.000000E+00  1.266427E+02  0.000000E+00  0.000000E+00  0.000000E+00
  1.215299E+02  1.931779E+03
     17000  8.500000E+00        52
  2.325087E+11  2.305457E+00 -5.745686E+05  1.000106E+05 -6.808861E+05
  0.000000E+00  0.000000E+00  0.000000E+00  0.000000E+00 -5.745602E+05
  0.000000E+00 -6.288706E+03 -5.968973E+05  5.779947E+05  0.000000E+00
  0.000000E+00  0.000000E+00  0.000000E+00  2.073687E+06  6.761466E-04
  6.306939E+03  1.261388E+04  9.000000E+01  9.000000E+01  9.000000E+01
  0.000000E+00  1.602055E+00  2.325093E+11  1.812236E+00 -1.782582E-01
 -1.317212E-02 -1.782582E-01  1.796982E+00 -1.092171E-01 -1.317212E-02
 -1.092171E-01  1.196948E+00  5.342107E-01  3.124714E-01  3.251597E-01
  5.453991E-01  3.494001E+02  1.292846E+02  0.000000E+00  0.000000E+00
  0.000000E+00  1.292846E+02  0.000000E+00  0.000000E+00  0.000000E+00
  1.240651E+02  2.101003E+03
     18000  9.000000E+00        52
  2.325087E+11  7.585989E+00 -5.760045E+05  9.779377E+04 -6.800370E+05
  0.000000E+00  0.000000E+00  0.000000E+00  0.000000E+00 -5.759796E+05
  0.000000E+00 -7.151219E+03 -5.834855E+05  5.638569E+05  0.000000E+00
  0.000000E+00  0.000000E+00  0.000000E+00  2.305525E+06  1.631129E-03
  6.238689E+03  1.247738E+04  9.000000E+01  9.000000E+01  9.000000E+01
  0.000000E+00  1.645629E+00  2.325093E+11  1.626260E+00 -1.589406E-01
  9.213981E-02 -1.589406E-01  1.868837E+00 -1.864036E-01  9.213981E-02
 -1.864036E-01  1.441789E+00  9.298950E-01  5.671432E-01  5.847059E-01
  9.237154E-01  3.497402E+02  1.339334E+02  0.000000E+00  0.000000E+00
  0.000000E+00  1.339334E+02  0.000000E+00  0.000000E+00  0.000000E+00
  1.285263E+02  2.399428E+03
     19000  9.500000E+00        52
  2.325087E+11  6.682848E+01 -5.798683E+05  9.270883E+04 -6.787782E+05
  0.000000E+00  0.000000E+00  0.000000E+00  0.000000E+00 -5.796591E+05
  0.000000E+00 -7.976966E+03 -5.512024E+05  5.308233E+05  0.000000E+00
  0.000000E+00  0.000000E+00  0.000000E+00  3.000750E+06  1.916081E-02
  6.201080E+03  1.240216E+04  9.000000E+01  9.000000E+01  9.000000E+01
  0.000000E+00  1.473964E+00  2.325093E+11  1.347264E+00 -4.880506E-02
  1.245824E-02 -4.880506E-02  1.558240E+00 -1.680555E-01  1.245824E-02
 -1.680555E-01  1.516389E+00  2.268296E+00  1.407057E+00  1.421352E+00
  2.145054E+00  3.508145E+02  1.462320E+02  0.000000E+00  0.000000E+00
  0.000000E+00  1.462320E+02  0.000000E+00  0.000000E+00  0.000000E+00
  1.403283E+02  2.797196E+03
     20000  1.000000E+01        52
  2.325087E+11  4.875977E+02 -5.913463E+05  7.968541E+04 -6.774693E+05
  0.000000E+00  0.000000E+00  0.000000E+00  0.000000E+00 -5.898281E+05
  0.000000E+00 -1.451042E+03 -4.567220E+05  4.423958E+05  0.000000E+00
  0.000000E+00  0.000000E+00  0.000000E+00  8.877805E+06  2.574767E-01
  6.437607E+03  1.287521E+04  9.000000E+01  9.000000E+01  9.000000E+01
  0.000000E+00  2.657535E-01  2.325093E+11  2.503883E-01  1.727608E-03
 -1.918835E-02  1.727608E-03  2.306179E-01 -1.558435E-02 -1.918835E-02
 -1.558435E-02  3.162544E-01  1.178611E+01  7.228107E+00  7.246640E+00
  1.061853E+01  3.584698E+02  2.099266E+02  0.000000E+00  0.000000E+00
  0.000000E+00  2.099266E+02  0.000000E+00  0.000000E+00  0.000000E+00
  2.014515E+02  1.492075E+03
     21000  1.050000E+01        52
  2.325087E+11  5.238257E+02 -5.973887E+05  7.802948E+04 -6.824122E+05
  0.000000E+00  0.000000E+00  0.000000E+00  0.000000E+00 -5.957444E+05
  0.000000E+00  1.871148E+03 -4.312829E+05  4.191661E+05  0.000000E+00
  0.000000E+00  0.000000E+00  0.000000E+00  3.056428E+07  5.411901E-01
  6.993992E+03  1.398798E+04  9.000000E+01  9.000000E+01  9.000000E+01
  0.000000E+00  2.377720E-02  2.325093E+11  2.475242E-02 -3.172880E-03
 -8.547558E-04 -3.172880E-03  1.985319E-02 -3.641396E-03 -8.547558E-04
 -3.641396E-03  2.672599E-02  2.898793E+01  1.851819E+01  1.945729E+01
  2.645875E+01  3.740429E+02  3.169838E+02  0.000000E+00  0.000000E+00
  0.000000E+00  3.169838E+02  0.000000E+00  0.000000E+00  0.000000E+00
  3.041866E+02  4.596009E+02
