title: # Li56 La24 Zr16 O96                                                    
energy unitS: electron Volts
         0  0.000000E+00        52
 -5.367102E+05  1.300000E+03 -5.407429E+05  6.307024E+04 -6.038132E+05
  0.000000E+00  0.000000E+00  0.000000E+00  0.000000E+00 -5.367100E+05
  0.000000E+00  1.563293E+05 -4.473454E+05  6.036747E+05  0.000000E+00
  0.000000E+00  0.000000E+00  0.000000E+00  2.781571E+05  0.000000E+00
  0.000000E+00  0.000000E+00  9.000000E+01  9.000000E+01  9.000000E+01
  0.000000E+00 -2.809426E+02  0.000000E+00 -2.943106E+02 -5.220131E-02
  5.337341E-03 -5.220131E-02 -2.942442E+02  9.074255E-02  5.337341E-03
  9.074255E-02 -2.542730E+02  0.000000E+00  0.000000E+00  0.000000E+00
  0.000000E+00  0.000000E+00  6.618035E+01  0.000000E+00  0.000000E+00
  0.000000E+00  6.618035E+01  0.000000E+00  0.000000E+00  0.000000E+00
  6.350853E+01 -4.942126E+04
      1000  2.000000E-01        52
 -5.679108E+05  1.300000E+03 -5.719441E+05  1.136600E+05 -6.912889E+05
  0.000000E+00  0.000000E+00  0.000000E+00  0.000000E+00 -5.679111E+05
  0.000000E+00  4.854433E+03 -6.975419E+05  6.910267E+05  0.000000E+00
  0.000000E+00  0.000000E+00  0.000000E+00  2.775490E+05  4.331870E-02
  5.684813E+03  1.136963E+04  9.000000E+01  9.000000E+01  9.000000E+01
  0.000000E+00  6.098000E+00  4.751185E-01 -4.866993E+00 -1.848988E+00
  4.299470E-01 -1.848988E+00 -6.603711E+00  1.796739E+00  4.299470E-01
  1.796739E+00  2.976470E+01  1.749765E+00  3.189817E-01  3.058384E-01
  1.017661E+00  1.042781E+00  6.613209E+01  0.000000E+00  0.000000E+00
  0.000000E+00  6.613209E+01  0.000000E+00  0.000000E+00  0.000000E+00
  6.346221E+01  1.070368E+03
      2000  4.000000E-01        52
  1.091114E+06  1.309588E+03 -5.494366E+05  8.114239E+04 -6.366222E+05
  0.000000E+00  0.000000E+00  0.000000E+00  0.000000E+00 -5.453737E+05
  0.000000E+00  1.794986E+05 -4.658591E+05  6.332712E+05  0.000000E+00
  0.000000E+00  0.000000E+00  0.000000E+00  5.328189E+05  2.785864E+00
  6.043192E+03  1.208638E+04  9.000000E+01  9.000000E+01  9.000000E+01
  0.000000E+00 -1.695262E+02  1.636489E+06 -1.761982E+02  4.334007E+00
 -4.420436E+00  4.334007E+00 -1.790508E+02 -4.504634E+00 -4.420436E+00
 -4.504634E+00 -1.533296E+02  2.979816E+00  7.729460E-01  7.187142E-01
  2.302210E+00  4.535347E+03  8.219124E+01  0.000000E+00  0.000000E+00
  0.000000E+00  8.219124E+01  0.000000E+00  0.000000E+00  0.000000E+00
  7.887303E+01 -5.712451E+04
      3000  6.000000E-01        52
  7.140173E+07  1.372476E+03 -5.588995E+05  9.883740E+04 -6.648251E+05
  0.000000E+00  0.000000E+00  0.000000E+00  0.000000E+00 -5.546416E+05
  0.000000E+00  9.634781E+04 -5.789117E+05  6.610832E+05  0.000000E+00
  0.000000E+00  0.000000E+00  0.000000E+00  5.503743E+05  1.623706E+02
  7.088193E+03  1.417639E+04  9.000000E+01  9.000000E+01  9.000000E+01
  0.000000E+00 -8.411440E+01  7.195637E+07 -8.482137E+01 -5.147406E-01
  1.927598E-01 -5.147406E-01 -8.786180E+01  4.531080E-01  1.927598E-01
  4.531080E-01 -7.966003E+01  4.188919E+00  1.330938E+00  1.113429E+00
  6.555991E+00  5.050311E+03  8.308419E+01  0.000000E+00  0.000000E+00
  0.000000E+00  8.308419E+01  0.000000E+00  0.000000E+00  0.000000E+00
  7.972993E+01 -2.927754E+04
      4000  8.000000E-01        52
  2.876485E+08  1.300000E+03 -5.584920E+05  1.028940E+05 -6.668774E+05
  0.000000E+00  0.000000E+00  0.000000E+00  0.000000E+00 -5.544588E+05
  0.000000E+00  7.502567E+04 -5.958051E+05  6.598480E+05  0.000000E+00
  0.000000E+00  0.000000E+00  0.000000E+00  6.672571E+05  4.341217E-02
  5.491407E+03  1.098281E+04  9.000000E+01  9.000000E+01  9.000000E+01
  0.000000E+00 -5.289271E+01  2.882030E+08 -5.679765E+01  1.386233E+00
 -5.604470E-01  1.386233E+00 -4.448500E+01 -1.818440E+00 -5.604470E-01
 -1.818440E+00 -5.739549E+01  6.160511E+00  2.118159E+00  1.749995E+00
  9.272848E+00  6.369877E+03  8.859245E+01  0.000000E+00  0.000000E+00
  0.000000E+00  8.859245E+01  0.000000E+00  0.000000E+00  0.000000E+00
  8.501582E+01 -2.232004E+04
      5000  1.000000E+00        52
  2.877450E+08  3.566924E+03 -4.700771E+05  1.080870E+05 -6.778695E+05
  0.000000E+00  0.000000E+00  0.000000E+00  0.000000E+00 -4.590116E+05
  0.000000E+00  2.373634E+05 -6.325303E+05  6.704830E+05  0.000000E+00
  0.000000E+00  0.000000E+00  0.000000E+00  6.738640E+05  4.566361E+03
  9.970537E+04  1.994107E+05  9.000000E+01  9.000000E+01  9.000000E+01
  0.000000E+00 -1.683487E+02  2.882040E+08 -4.095669E+01 -2.896429E+01
  4.554608E+01 -2.896429E+01 -2.009043E+02  1.890837E+02  4.554608E+01
  1.890837E+02 -2.631852E+02  7.744326E+00  4.002204E+00  2.994364E+00
  1.477521E+01  6.442767E+03  8.888389E+01  0.000000E+00  0.000000E+00
  0.000000E+00  8.888389E+01  0.000000E+00  0.000000E+00  0.000000E+00
  8.529549E+01 -7.174441E+04
      6000  1.200000E+00        52
  2.876547E+08  1.328765E+03 -5.630711E+05  1.103011E+05 -6.804246E+05
  0.000000E+00  0.000000E+00  0.000000E+00  0.000000E+00 -5.589486E+05
  0.000000E+00  3.872314E+04 -6.463532E+05  6.709715E+05  0.000000E+00
  0.000000E+00  0.000000E+00  0.000000E+00  7.258380E+05  7.838871E+01
  7.052424E+03  1.410485E+04  9.000000E+01  9.000000E+01  9.000000E+01
  0.000000E+00 -2.213277E+01  2.882137E+08 -2.216853E+01  1.217070E+00
 -1.530650E+00  1.217070E+00 -1.901071E+01 -3.628616E+00 -1.530650E+00
 -3.628616E+00 -2.521908E+01  8.847307E+00  5.058857E+00  3.836670E+00
  2.085872E+01  6.729736E+03  9.111270E+01  0.000000E+00  0.000000E+00
  0.000000E+00  9.111270E+01  0.000000E+00  0.000000E+00  0.000000E+00
  8.743431E+01 -1.015971E+04
      7000  1.400000E+00        52
  2.876817E+08  1.300000E+03 -5.606900E+05  1.015257E+05 -6.677895E+05
  0.000000E+00  0.000000E+00  0.000000E+00  0.000000E+00 -5.566567E+05
  0.000000E+00  6.611847E+04 -5.945059E+05  6.494767E+05  0.000000E+00
  0.000000E+00  0.000000E+00  0.000000E+00  9.232790E+05  3.916074E-02
  5.573804E+03  1.114761E+04  9.000000E+01  9.000000E+01  9.000000E+01
  0.000000E+00 -3.314087E+01  2.882383E+08 -3.696936E+01 -3.950463E-01
 -3.940764E-01 -3.950463E-01 -2.879408E+01  6.460776E+00 -3.940764E-01
  6.460776E+00 -3.365917E+01  9.878006E+00  5.930844E+00  4.600157E+00
  2.590978E+01  8.035512E+03  9.872110E+01  0.000000E+00  0.000000E+00
  0.000000E+00  9.872110E+01  0.000000E+00  0.000000E+00  0.000000E+00
  9.473555E+01 -1.935098E+04
      8000  1.600000E+00        52
  2.876792E+08  1.303734E+03 -5.631651E+05  1.129955E+05 -6.836972E+05
  0.000000E+00  0.000000E+00  0.000000E+00  0.000000E+00 -5.591202E+05
  0.000000E+00  1.914677E+04 -6.608340E+05  6.649075E+05  0.000000E+00
  0.000000E+00  0.000000E+00  0.000000E+00  9.211634E+05  5.336643E+00
  7.536624E+03  1.507325E+04  9.000000E+01  9.000000E+01  9.000000E+01
  0.000000E+00 -6.327252E+00  2.882383E+08 -6.956075E+00 -5.071598E-01
 -2.501117E-01 -5.071598E-01 -4.507555E+00  2.009551E+00 -2.501117E-01
  2.009551E+00 -7.518127E+00  1.297028E+01  9.267647E+00  7.512515E+00
  3.974684E+01  8.154163E+03  9.864564E+01  0.000000E+00  0.000000E+00
  0.000000E+00  9.864564E+01  0.000000E+00  0.000000E+00  0.000000E+00
  9.466314E+01 -3.686021E+03
      9000  1.800000E+00        52
  5.367591E+08  1.394910E+03 -5.634414E+05  1.114436E+05 -6.823926E+05
  0.000000E+00  0.000000E+00  0.000000E+00  0.000000E+00 -5.591136E+05
  0.000000E+00  2.263856E+04 -6.513872E+05  6.590107E+05  0.000000E+00
  0.000000E+00  0.000000E+00  0.000000E+00  9.961443E+05  1.789609E+02
  7.507564E+03  1.501513E+04  9.000000E+01  9.000000E+01  9.000000E+01
  0.000000E+00 -7.399247E+00  5.373182E+08 -8.746770E+00 -1.177453E+00
 -1.331126E+00 -1.177453E+00 -5.853687E+00  3.434073E+00 -1.331126E+00
  3.434073E+00 -7.597283E+00  1.381071E+01  9.926072E+00  8.189809E+00
  4.558451E+01  8.560157E+03  1.012527E+02  0.000000E+00  0.000000E+00
  0.000000E+00  1.012527E+02  0.000000E+00  0.000000E+00  0.000000E+00
  9.716490E+01 -4.661394E+03
     10000  2.000000E+00        52
  5.368013E+08  1.300000E+03 -5.645145E+05  1.101411E+05 -6.812384E+05
  0.000000E+00  0.000000E+00  0.000000E+00  0.000000E+00 -5.604811E+05
  0.000000E+00  1.575896E+04 -6.472596E+05  6.498531E+05  0.000000E+00
  0.000000E+00  0.000000E+00  0.000000E+00  1.115007E+06  3.485334E-02
  6.582728E+03  1.316546E+04  9.000000E+01  9.000000E+01  9.000000E+01
  0.000000E+00 -3.636762E+00  5.373617E+08 -1.016620E+00  5.109993E+00
 -9.656196E-01  5.109993E+00 -1.512099E+00 -7.533143E-01 -9.656196E-01
 -7.533143E-01 -8.381566E+00  1.510735E+01  1.090006E+01  9.177937E+00
  5.280404E+01  9.903747E+03  1.051296E+02  0.000000E+00  0.000000E+00
  0.000000E+00  1.051296E+02  0.000000E+00  0.000000E+00  0.000000E+00
  1.008853E+02 -2.564475E+03
     11000  2.200000E+00        52
  1.068772E+12  1.300164E+03 -5.649335E+05  1.102388E+05 -6.819632E+05
  0.000000E+00  0.000000E+00  0.000000E+00  0.000000E+00 -5.608995E+05
  0.000000E+00  1.558410E+04 -6.478178E+05  6.498200E+05  0.000000E+00
  0.000000E+00  0.000000E+00  0.000000E+00  1.121333E+06  3.157068E-01
  6.790937E+03  1.358187E+04  9.000000E+01  9.000000E+01  9.000000E+01
  0.000000E+00 -3.533577E+00  1.068772E+12 -1.552049E+00 -3.892902E-01
  3.893774E+00 -3.892902E-01 -5.487847E+00 -6.455918E-01  3.893774E+00
 -6.455918E-01 -3.560834E+00  1.570515E+01  1.138628E+01  9.599457E+00
  6.017124E+01  1.001468E+04  1.053280E+02  0.000000E+00  0.000000E+00
  0.000000E+00  1.053280E+02  0.000000E+00  0.000000E+00  0.000000E+00
  1.010757E+02 -2.505850E+03
     12000  2.400000E+00        52
  1.068780E+12  1.298895E+03 -5.651787E+05  1.096503E+05 -6.816230E+05
  0.000000E+00  0.000000E+00  0.000000E+00  0.000000E+00 -5.611486E+05
  0.000000E+00  1.427733E+04 -6.452102E+05  6.458994E+05  0.000000E+00
  0.000000E+00  0.000000E+00  0.000000E+00  1.169322E+06  1.692131E+00
  6.794058E+03  1.358812E+04  9.000000E+01  9.000000E+01  9.000000E+01
  0.000000E+00 -2.803075E+00  1.068780E+12  2.414572E+00 -3.056039E+00
 -3.613633E-01 -3.056039E+00 -3.751487E+00  4.578468E-01 -3.613633E-01
  4.578468E-01 -7.072309E+00  1.664577E+01  1.206474E+01  1.027950E+01
  6.669847E+01  1.064682E+04  1.068096E+02  0.000000E+00  0.000000E+00
  0.000000E+00  1.068096E+02  0.000000E+00  0.000000E+00  0.000000E+00
  1.024975E+02 -2.072883E+03
     13000  2.600000E+00        52
  1.068780E+12  1.300000E+03 -5.662739E+05  1.118320E+05 -6.852165E+05
  0.000000E+00  0.000000E+00  0.000000E+00  0.000000E+00 -5.622404E+05
  0.000000E+00  5.134564E+03 -6.580739E+05  6.489874E+05  0.000000E+00
  0.000000E+00  0.000000E+00  0.000000E+00  1.169407E+06  3.317675E-02
  7.110573E+03  1.422115E+04  9.000000E+01  9.000000E+01  9.000000E+01
  0.000000E+00  1.321048E+00  1.068780E+12  3.652001E+00  1.819033E+00
  2.871514E+00  1.819033E+00  1.350685E+00  2.824837E-01  2.871514E+00
  2.824837E-01 -1.039541E+00  1.875758E+01  1.394395E+01  1.191006E+01
  8.637030E+01  1.078357E+04  1.068122E+02  0.000000E+00  0.000000E+00
  0.000000E+00  1.068122E+02  0.000000E+00  0.000000E+00  0.000000E+00
  1.025000E+02  9.769910E+02
     14000  2.800000E+00        52
  1.069929E+12  1.313603E+03 -5.650448E+05  9.955017E+04 -6.730081E+05
  0.000000E+00  0.000000E+00  0.000000E+00  0.000000E+00 -5.609690E+05
  0.000000E+00  5.471224E+04 -5.916861E+05  6.295720E+05  0.000000E+00
  0.000000E+00  0.000000E+00  0.000000E+00  1.277470E+06  2.348537E+01
  8.413164E+03  1.682633E+04  9.000000E+01  9.000000E+01  9.000000E+01
  0.000000E+00 -1.921129E+01  1.069930E+12 -1.903906E+01  2.213711E+00
  3.372888E+00  2.213711E+00 -1.926415E+01  3.801855E+00  3.372888E+00
  3.801855E+00 -1.933065E+01  1.901252E+01  1.410241E+01  1.208826E+01
  9.250997E+01  1.118007E+04  1.100059E+02  0.000000E+00  0.000000E+00
  0.000000E+00  1.100059E+02  0.000000E+00  0.000000E+00  0.000000E+00
  1.055647E+02 -1.552077E+04
     15000  3.000000E+00        52
  1.069929E+12  1.300542E+03 -5.667661E+05  1.094663E+05 -6.831354E+05
  0.000000E+00  0.000000E+00  0.000000E+00  0.000000E+00 -5.627308E+05
  0.000000E+00  6.488165E+03 -6.458669E+05  6.385489E+05  0.000000E+00
  0.000000E+00  0.000000E+00  0.000000E+00  1.277022E+06  1.002038E+00
  6.903063E+03  1.380613E+04  9.000000E+01  9.000000E+01  9.000000E+01
  0.000000E+00  6.524296E-01  1.069930E+12  2.187434E+00 -3.579914E+00
 -2.263130E+00 -3.579914E+00  2.274487E+00  2.581088E+00 -2.263130E+00
  2.581088E+00 -2.504632E+00  2.011656E+01  1.504851E+01  1.307626E+01
  1.020151E+02  1.120228E+04  1.099930E+02  0.000000E+00  0.000000E+00
  0.000000E+00  1.099930E+02  0.000000E+00  0.000000E+00  0.000000E+00
  1.055524E+02  5.269120E+02
     16000  3.200000E+00        52
  1.069929E+12  1.300000E+03 -5.670449E+05  1.069324E+05 -6.797862E+05
  0.000000E+00  0.000000E+00  0.000000E+00  0.000000E+00 -5.630112E+05
  0.000000E+00  3.700918E+03 -6.315528E+05  6.236359E+05  0.000000E+00
  0.000000E+00  0.000000E+00  0.000000E+00  1.440480E+06  4.230996E-02
  5.808881E+03  1.161776E+04  9.000000E+01  9.000000E+01  9.000000E+01
  0.000000E+00  1.597025E+00  1.069930E+12  1.771524E+00 -9.902763E-01
 -3.131439E+00 -9.902763E-01  1.248593E+00  2.756991E+00 -3.131439E+00
  2.756991E+00  1.770958E+00  2.112819E+01  1.586610E+01  1.394184E+01
  1.103208E+02  1.181873E+04  1.144989E+02  0.000000E+00  0.000000E+00
  0.000000E+00  1.144989E+02  0.000000E+00  0.000000E+00  0.000000E+00
  1.098764E+02  1.454873E+03
     17000  3.400000E+00        52
  1.069929E+12  1.299877E+03 -5.679537E+05  1.091049E+05 -6.839360E+05
  0.000000E+00  0.000000E+00  0.000000E+00  0.000000E+00 -5.639204E+05
  0.000000E+00 -4.883229E+03 -6.442499E+05  6.256119E+05  0.000000E+00
  0.000000E+00  0.000000E+00  0.000000E+00  1.450071E+06  5.766752E-01
  6.877389E+03  1.375478E+04  9.000000E+01  9.000000E+01  9.000000E+01
  0.000000E+00  4.706371E+00  1.069930E+12  6.775652E+00  1.062717E+00
  3.374058E+00  1.062717E+00  3.065505E+00  1.258934E+00  3.374058E+00
  1.258934E+00  4.277956E+00  2.249147E+01  1.694949E+01  1.501297E+01
  1.186755E+02  1.196912E+04  1.147525E+02  0.000000E+00  0.000000E+00
  0.000000E+00  1.147525E+02  0.000000E+00  0.000000E+00  0.000000E+00
  1.101197E+02  4.316001E+03
     18000  3.600000E+00        52
  1.069929E+12  1.299964E+03 -5.686260E+05  1.104166E+05 -6.861959E+05
  0.000000E+00  0.000000E+00  0.000000E+00  0.000000E+00 -5.645925E+05
  0.000000E+00 -1.121148E+04 -6.520346E+05  6.265165E+05  0.000000E+00
  0.000000E+00  0.000000E+00  0.000000E+00  1.452075E+06  2.389647E+00
  7.153307E+03  1.430661E+04  9.000000E+01  9.000000E+01  9.000000E+01
  0.000000E+00  6.997107E+00  1.069930E+12  7.782040E+00 -1.389448E+00
 -1.254337E+00 -1.389448E+00  7.793625E+00  1.333880E+00 -1.254337E+00
  1.333880E+00  5.415654E+00  2.397330E+01  1.805773E+01  1.617210E+01
  1.338258E+02  1.199371E+04  1.148053E+02  0.000000E+00  0.000000E+00
  0.000000E+00  1.148053E+02  0.000000E+00  0.000000E+00  0.000000E+00
  1.101704E+02  6.425599E+03
     19000  3.800000E+00        52
  1.069930E+12  1.300000E+03 -5.693388E+05  1.060591E+05 -6.825986E+05
  0.000000E+00  0.000000E+00  0.000000E+00  0.000000E+00 -5.653049E+05
  0.000000E+00 -1.041518E+04 -6.267801E+05  6.019636E+05  0.000000E+00
  0.000000E+00  0.000000E+00  0.000000E+00  1.757357E+06  4.305076E-02
  7.200648E+03  1.440130E+04  9.000000E+01  9.000000E+01  9.000000E+01
  0.000000E+00  5.542828E+00  1.069930E+12  7.911085E+00 -1.976209E+00
 -1.182720E-01 -1.976209E+00  5.691689E+00 -2.229463E-02 -1.182720E-01
 -2.229463E-02  3.025710E+00  2.643480E+01  1.982465E+01  1.799612E+01
  1.453008E+02  1.354257E+04  1.223448E+02  0.000000E+00  0.000000E+00
  0.000000E+00  1.223448E+02  0.000000E+00  0.000000E+00  0.000000E+00
  1.174056E+02  6.160238E+03
     20000  4.000000E+00        52
  1.069930E+12  1.300223E+03 -5.711493E+05  1.076974E+05 -6.856763E+05
  0.000000E+00  0.000000E+00  0.000000E+00  0.000000E+00 -5.671147E+05
  0.000000E+00 -2.012123E+04 -6.366254E+05  6.028450E+05  0.000000E+00
  0.000000E+00  0.000000E+00  0.000000E+00  1.761523E+06  3.242896E-01
  6.829593E+03  1.365919E+04  9.000000E+01  9.000000E+01  9.000000E+01
  0.000000E+00  8.434336E+00  1.069930E+12  8.893595E+00  2.334241E+00
  1.061733E+00  2.334241E+00  9.998763E+00  1.388852E+00  1.061733E+00
  1.388852E+00  6.410649E+00  2.752381E+01  2.068150E+01  1.880768E+01
  1.540675E+02  1.355597E+04  1.224414E+02  0.000000E+00  0.000000E+00
  0.000000E+00  1.224414E+02  0.000000E+00  0.000000E+00  0.000000E+00
  1.174983E+02  9.396049E+03
     21000  4.200000E+00        52
  1.069930E+12  1.300758E+03 -5.720553E+05  1.083950E+05 -6.876006E+05
  0.000000E+00  0.000000E+00  0.000000E+00  0.000000E+00 -5.680190E+05
  0.000000E+00 -2.463084E+04 -6.418555E+05  6.029239E+05  0.000000E+00
  0.000000E+00  0.000000E+00  0.000000E+00  1.767398E+06  2.915372E-01
  7.150410E+03  1.430082E+04  9.000000E+01  9.000000E+01  9.000000E+01
  0.000000E+00  9.752150E+00  1.069930E+12  9.112444E+00  1.822629E+00
  4.100603E-02  1.822629E+00  1.242429E+01  1.483376E+00  4.100603E-02
  1.483376E+00  7.719712E+00  2.853960E+01  2.157804E+01  1.967834E+01
  1.669258E+02  1.357528E+04  1.225774E+02  0.000000E+00  0.000000E+00
  0.000000E+00  1.225774E+02  0.000000E+00  0.000000E+00  0.000000E+00
  1.176288E+02  1.090036E+04
     22000  4.400000E+00        52
  1.069930E+12  1.300000E+03 -5.726834E+05  1.087069E+05 -6.886305E+05
  0.000000E+00  0.000000E+00  0.000000E+00  0.000000E+00 -5.686495E+05
  0.000000E+00 -2.749135E+04 -6.442967E+05  6.023249E+05  0.000000E+00
  0.000000E+00  0.000000E+00  0.000000E+00  1.774966E+06  2.633939E-02
  7.240220E+03  1.448044E+04  9.000000E+01  9.000000E+01  9.000000E+01
  0.000000E+00  1.055860E+01  1.069930E+12  9.999314E+00  4.178165E-01
  1.269802E+00  4.178165E-01  9.927275E+00  2.040589E+00  1.269802E+00
  2.040589E+00  1.174921E+01  2.952021E+01  2.238484E+01  2.052478E+01
  1.815297E+02  1.360818E+04  1.227521E+02  0.000000E+00  0.000000E+00
  0.000000E+00  1.227521E+02  0.000000E+00  0.000000E+00  0.000000E+00
  1.177964E+02  1.185230E+04
     23000  4.600000E+00        52
  1.069930E+12  1.382578E+03 -5.730092E+05  1.092912E+05 -6.897609E+05
  0.000000E+00  0.000000E+00  0.000000E+00  0.000000E+00 -5.687192E+05
  0.000000E+00 -3.090371E+04 -6.479999E+05  6.021753E+05  0.000000E+00
  0.000000E+00  0.000000E+00  0.000000E+00  1.780913E+06  1.341847E+02
  7.460421E+03  1.492084E+04  9.000000E+01  9.000000E+01  9.000000E+01
  0.000000E+00  1.168489E+01  1.069930E+12  1.191154E+01  8.273930E-01
  1.314702E+00  8.273930E-01  1.162365E+01  7.914784E-01  1.314702E+00
  7.914784E-01  1.151947E+01  3.156027E+01  2.366522E+01  2.193651E+01
  2.096866E+02  1.364017E+04  1.228891E+02  0.000000E+00  0.000000E+00
  0.000000E+00  1.228891E+02  0.000000E+00  0.000000E+00  0.000000E+00
  1.179278E+02  1.316053E+04
     24000  4.800000E+00        52
  4.932840E+13  1.297739E+03 -5.743564E+05  1.042078E+05 -6.856114E+05
  0.000000E+00  0.000000E+00  0.000000E+00  0.000000E+00 -5.703294E+05
  0.000000E+00 -2.467995E+04 -6.215801E+05  5.828058E+05  0.000000E+00
  0.000000E+00  0.000000E+00  0.000000E+00  2.019117E+06  3.171085E+00
  7.047199E+03  1.409440E+04  9.000000E+01  9.000000E+01  9.000000E+01
  0.000000E+00  8.544303E+00  4.932840E+13  7.896802E+00  6.840689E-01
 -9.313950E-01  6.840689E-01  9.252873E+00 -1.994036E+00 -9.313950E-01
 -1.994036E+00  8.483235E+00  3.366529E+01  2.509111E+01  2.332311E+01
  2.270746E+02  1.461906E+04  1.281404E+02  0.000000E+00  0.000000E+00
  0.000000E+00  1.281404E+02  0.000000E+00  0.000000E+00  0.000000E+00
  1.229672E+02  1.091049E+04
     25000  5.000000E+00        52
  4.932840E+13  1.300000E+03 -5.758892E+05  1.023831E+05 -6.854828E+05
  0.000000E+00  0.000000E+00  0.000000E+00  0.000000E+00 -5.718551E+05
  0.000000E+00 -2.251750E+04 -6.093843E+05  5.724458E+05  0.000000E+00
  0.000000E+00  0.000000E+00  0.000000E+00  2.185590E+06  4.079310E-02
  7.210506E+03  1.442101E+04  9.000000E+01  9.000000E+01  9.000000E+01
  0.000000E+00  7.375385E+00  4.932840E+13  8.592754E+00 -1.901988E-01
  4.456888E-01 -1.901988E-01  6.875083E+00 -1.366851E-01  4.456888E-01
 -1.366851E-01  6.658317E+00  3.502962E+01  2.626547E+01  2.436734E+01
  2.383654E+02  1.507261E+04  1.315695E+02  0.000000E+00  0.000000E+00
  0.000000E+00  1.315695E+02  0.000000E+00  0.000000E+00  0.000000E+00
  1.262578E+02  1.019435E+04
     26000  5.200000E+00        52
  4.932840E+13  1.300081E+03 -5.763319E+05  1.038261E+05 -6.872653E+05
  0.000000E+00  0.000000E+00  0.000000E+00  0.000000E+00 -5.722975E+05
  0.000000E+00 -3.003203E+04 -6.171194E+05  5.728727E+05  0.000000E+00
  0.000000E+00  0.000000E+00  0.000000E+00  2.199836E+06  2.746916E-01
  7.107346E+03  1.421469E+04  9.000000E+01  9.000000E+01  9.000000E+01
  0.000000E+00  9.128204E+00  4.932840E+13  9.609165E+00 -7.791386E-01
 -2.024577E+00 -7.791386E-01  9.149198E+00  6.413510E-01 -2.024577E+00
  6.413510E-01  8.626248E+00  3.592115E+01  2.694044E+01  2.501556E+01
  2.467684E+02  1.510716E+04  1.318547E+02  0.000000E+00  0.000000E+00
  0.000000E+00  1.318547E+02  0.000000E+00  0.000000E+00  0.000000E+00
  1.265315E+02  1.269936E+04
     27000  5.400000E+00        52
  4.932840E+13  1.300124E+03 -5.771017E+05  1.038267E+05 -6.879748E+05
  0.000000E+00  0.000000E+00  0.000000E+00  0.000000E+00 -5.730672E+05
  0.000000E+00 -3.251409E+04 -6.175293E+05  5.709225E+05  0.000000E+00
  0.000000E+00  0.000000E+00  0.000000E+00  2.236672E+06  2.181096E-01
  7.046319E+03  1.409264E+04  9.000000E+01  9.000000E+01  9.000000E+01
  0.000000E+00  9.562833E+00  4.932840E+13  9.042161E+00 -1.611727E+00
 -1.331151E+00 -1.611727E+00  1.089061E+01  2.172795E+00 -1.331151E+00
  2.172795E+00  8.755729E+00  3.662480E+01  2.746921E+01  2.553350E+01
  2.580577E+02  1.520172E+04  1.325866E+02  0.000000E+00  0.000000E+00
  0.000000E+00  1.325866E+02  0.000000E+00  0.000000E+00  0.000000E+00
  1.272339E+02  1.352680E+04
     28000  5.600000E+00        52
  4.932840E+13  1.300000E+03 -5.777224E+05  1.042991E+05 -6.892264E+05
  0.000000E+00  0.000000E+00  0.000000E+00  0.000000E+00 -5.736882E+05
  0.000000E+00 -3.538408E+04 -6.205784E+05  5.707846E+05  0.000000E+00
  0.000000E+00  0.000000E+00  0.000000E+00  2.245124E+06  3.274525E-02
  7.204836E+03  1.440967E+04  9.000000E+01  9.000000E+01  9.000000E+01
  0.000000E+00  1.020043E+01  4.932840E+13  9.665719E+00 -1.301876E+00
 -9.908035E-01 -1.301876E+00  1.158987E+01  1.969222E+00 -9.908035E-01
  1.969222E+00  9.345696E+00  3.856328E+01  2.911885E+01  2.704359E+01
  2.906347E+02  1.528219E+04  1.327534E+02  0.000000E+00  0.000000E+00
  0.000000E+00  1.327534E+02  0.000000E+00  0.000000E+00  0.000000E+00
  1.273939E+02  1.448321E+04
     29000  5.800000E+00        52
  4.932840E+13  1.300817E+03 -5.788991E+05  9.993904E+04 -6.855693E+05
  0.000000E+00  0.000000E+00  0.000000E+00  0.000000E+00 -5.748623E+05
  0.000000E+00 -2.711017E+04 -5.965993E+05  5.560269E+05  0.000000E+00
  0.000000E+00  0.000000E+00  0.000000E+00  2.452356E+06  1.932954E+00
  6.731091E+03  1.346218E+04  9.000000E+01  9.000000E+01  9.000000E+01
  0.000000E+00  7.561267E+00  4.932840E+13  6.257381E+00 -4.872304E-01
  1.670846E-01 -4.872304E-01  1.008590E+01 -1.980493E+00  1.670846E-01
 -1.980493E+00  6.340520E+00  3.948432E+01  2.981521E+01  2.771381E+01
  2.955378E+02  1.604916E+04  1.367184E+02  0.000000E+00  0.000000E+00
  0.000000E+00  1.367184E+02  0.000000E+00  0.000000E+00  0.000000E+00
  1.311988E+02  1.172693E+04
     30000  6.000000E+00        52
  4.932840E+13  1.336230E+03 -5.790480E+05  1.009800E+05 -6.873959E+05
  0.000000E+00  0.000000E+00  0.000000E+00  0.000000E+00 -5.749012E+05
  0.000000E+00 -3.015551E+04 -6.010602E+05  5.561689E+05  0.000000E+00
  0.000000E+00  0.000000E+00  0.000000E+00  2.479627E+06  8.055895E+01
  7.367932E+03  1.473586E+04  9.000000E+01  9.000000E+01  9.000000E+01
  0.000000E+00  8.172138E+00  4.932840E+13  6.568241E+00 -2.349440E-02
  8.363438E-02 -2.349440E-02  8.530705E+00 -2.243944E+00  8.363438E-02
 -2.243944E+00  9.417468E+00  4.022739E+01  3.054028E+01  2.830174E+01
  3.072451E+02  1.620412E+04  1.372233E+02  0.000000E+00  0.000000E+00
  0.000000E+00  1.372233E+02  0.000000E+00  0.000000E+00  0.000000E+00
  1.316833E+02  1.281528E+04
     31000  6.200000E+00        52
  4.932840E+13  1.300000E+03 -5.798504E+05  1.008197E+05 -6.878015E+05
  0.000000E+00  0.000000E+00  0.000000E+00  0.000000E+00 -5.758160E+05
  0.000000E+00 -3.098592E+04 -6.007075E+05  5.554589E+05  0.000000E+00
  0.000000E+00  0.000000E+00  0.000000E+00  2.488802E+06  3.121909E-02
  7.131376E+03  1.426275E+04  9.000000E+01  9.000000E+01  9.000000E+01
  0.000000E+00  8.270267E+00  4.932840E+13  7.101690E+00  3.493122E-01
 -3.345238E-01  3.493122E-01  8.642224E+00 -1.664643E+00 -3.345238E-01
 -1.664643E+00  9.066885E+00  4.136703E+01  3.157129E+01  2.919695E+01
  3.269654E+02  1.625219E+04  1.373923E+02  0.000000E+00  0.000000E+00
  0.000000E+00  1.373923E+02  0.000000E+00  0.000000E+00  0.000000E+00
  1.318455E+02  1.301715E+04
     32000  6.400000E+00        52
  4.932840E+13  1.300239E+03 -5.805998E+05  1.012787E+05 -6.883820E+05
  0.000000E+00  0.000000E+00  0.000000E+00  0.000000E+00 -5.765646E+05
  0.000000E+00 -3.685994E+04 -6.006617E+05  5.507947E+05  0.000000E+00
  0.000000E+00  0.000000E+00  0.000000E+00  2.608370E+06  9.647577E-01
  6.503536E+03  1.300707E+04  9.000000E+01  9.000000E+01  9.000000E+01
  0.000000E+00  9.078427E+00  4.932840E+13  9.164310E+00 -1.313680E+00
  1.420591E+00 -1.313680E+00  9.356127E+00 -1.605442E+00  1.420591E+00
 -1.605442E+00  8.714843E+00  4.364664E+01  3.344934E+01  3.086026E+01
  3.504290E+02  1.650719E+04  1.395582E+02  0.000000E+00  0.000000E+00
  0.000000E+00  1.395582E+02  0.000000E+00  0.000000E+00  0.000000E+00
  1.339240E+02  1.497565E+04
     33000  6.600000E+00        52
  4.932840E+13  1.343750E+03 -5.807467E+05  1.006470E+05 -6.888387E+05
  0.000000E+00  0.000000E+00  0.000000E+00  0.000000E+00 -5.765765E+05
  0.000000E+00 -3.466556E+04 -5.995153E+05  5.499596E+05  0.000000E+00
  0.000000E+00  0.000000E+00  0.000000E+00  2.623797E+06  8.602763E+01
  7.445060E+03  1.489012E+04  9.000000E+01  9.000000E+01  9.000000E+01
  0.000000E+00  8.638465E+00  4.932840E+13  1.109004E+01 -4.940349E-01
  1.853369E+00 -4.940349E-01  7.565993E+00 -4.032238E-01  1.853369E+00
 -4.032238E-01  7.259364E+00  4.407723E+01  3.375957E+01  3.109861E+01
  3.603793E+02  1.657210E+04  1.398328E+02  0.000000E+00  0.000000E+00
  0.000000E+00  1.398328E+02  0.000000E+00  0.000000E+00  0.000000E+00
  1.341875E+02  1.433418E+04
     34000  6.800000E+00        52
  4.932840E+13  1.300000E+03 -5.816767E+05  1.002935E+05 -6.890512E+05
  0.000000E+00  0.000000E+00  0.000000E+00  0.000000E+00 -5.776423E+05
  0.000000E+00 -3.418296E+04 -5.973738E+05  5.490289E+05  0.000000E+00
  0.000000E+00  0.000000E+00  0.000000E+00  2.633955E+06  2.990225E-02
  7.080959E+03  1.416192E+04  9.000000E+01  9.000000E+01  9.000000E+01
  0.000000E+00  8.454262E+00  4.932840E+13  1.064467E+01 -6.695878E-01
  1.523757E+00 -6.695878E-01  7.524689E+00 -3.746821E-01  1.523757E+00
 -3.746821E-01  7.193429E+00  4.479041E+01  3.437702E+01  3.161220E+01
  3.765104E+02  1.659847E+04  1.400130E+02  0.000000E+00  0.000000E+00
  0.000000E+00  1.400130E+02  0.000000E+00  0.000000E+00  0.000000E+00
  1.343604E+02  1.408283E+04
     35000  7.000000E+00        52
  4.932840E+13  1.300006E+03 -5.823908E+05  9.923717E+04 -6.883923E+05
  0.000000E+00  0.000000E+00  0.000000E+00  0.000000E+00 -5.783563E+05
  0.000000E+00 -3.272337E+04 -5.897372E+05  5.434851E+05  0.000000E+00
  0.000000E+00  0.000000E+00  0.000000E+00  2.734132E+06  7.838048E-02
  6.764381E+03  1.352876E+04  9.000000E+01  9.000000E+01  9.000000E+01
  0.000000E+00  7.863135E+00  4.932840E+13  6.575061E+00  2.005662E-01
  3.794905E-01  2.005662E-01  7.192380E+00  1.324102E+00  3.794905E-01
  1.324102E+00  9.821963E+00  4.566807E+01  3.500013E+01  3.222441E+01
  4.053225E+02  1.683543E+04  1.417660E+02  0.000000E+00  0.000000E+00
  0.000000E+00  1.417660E+02  0.000000E+00  0.000000E+00  0.000000E+00
  1.360427E+02  1.359631E+04
     36000  7.200000E+00        52
  4.932840E+13  1.304029E+03 -5.827769E+05  9.902524E+04 -6.888170E+05
  0.000000E+00  0.000000E+00  0.000000E+00  0.000000E+00 -5.787298E+05
  0.000000E+00 -3.414639E+04 -5.902717E+05  5.420955E+05  0.000000E+00
  0.000000E+00  0.000000E+00  0.000000E+00  2.789057E+06  3.622727E+00
  7.014870E+03  1.402974E+04  9.000000E+01  9.000000E+01  9.000000E+01
  0.000000E+00  7.981924E+00  4.932840E+13  7.607293E+00  1.767017E+00
 -3.286821E-01  1.767017E+00  1.017426E+01 -4.711814E-01 -3.286821E-01
 -4.711814E-01  6.164221E+00  4.634411E+01  3.551064E+01  3.278647E+01
  4.224054E+02  1.700628E+04  1.427090E+02  0.000000E+00  0.000000E+00
  0.000000E+00  1.427090E+02  0.000000E+00  0.000000E+00  0.000000E+00
  1.369476E+02  1.407897E+04
     37000  7.400000E+00        52
  4.932840E+13  1.300000E+03 -5.830626E+05  9.902058E+04 -6.890905E+05
  0.000000E+00  0.000000E+00  0.000000E+00  0.000000E+00 -5.790280E+05
  0.000000E+00 -3.440776E+04 -5.901101E+05  5.416877E+05  0.000000E+00
  0.000000E+00  0.000000E+00  0.000000E+00  2.799338E+06  3.041758E-02
  7.007290E+03  1.401458E+04  9.000000E+01  9.000000E+01  9.000000E+01
  0.000000E+00  7.997114E+00  4.932840E+13  7.508781E+00  1.516763E+00
  2.520677E-01  1.516763E+00  9.944081E+00  7.328008E-01  2.520677E-01
  7.328008E-01  6.538479E+00  4.779409E+01  3.642003E+01  3.367068E+01
  4.498476E+02  1.710015E+04  1.428842E+02  0.000000E+00  0.000000E+00
  0.000000E+00  1.428842E+02  0.000000E+00  0.000000E+00  0.000000E+00
  1.371157E+02  1.415777E+04
     38000  7.600000E+00        52
  4.932840E+13  1.299998E+03 -5.832582E+05  9.927336E+04 -6.896043E+05
  0.000000E+00  0.000000E+00  0.000000E+00  0.000000E+00 -5.792237E+05
  0.000000E+00 -3.569887E+04 -5.913969E+05  5.415526E+05  0.000000E+00
  0.000000E+00  0.000000E+00  0.000000E+00  2.810113E+06  9.293917E-02
  7.072718E+03  1.414544E+04  9.000000E+01  9.000000E+01  9.000000E+01
  0.000000E+00  8.208615E+00  4.932840E+13  8.400232E+00  1.617297E+00
 -9.323652E-02  1.617297E+00  9.476899E+00  1.366426E-02 -9.323652E-02
  1.366426E-02  6.748712E+00  4.935237E+01  3.738815E+01  3.462717E+01
  4.974095E+02  1.719762E+04  1.430673E+02  0.000000E+00  0.000000E+00
  0.000000E+00  1.430673E+02  0.000000E+00  0.000000E+00  0.000000E+00
  1.372914E+02  1.458813E+04
     39000  7.800000E+00        52
  4.932840E+13  1.300399E+03 -5.836086E+05  9.906889E+04 -6.897669E+05
  0.000000E+00  0.000000E+00  0.000000E+00  0.000000E+00 -5.795728E+05
  0.000000E+00 -3.545171E+04 -5.903632E+05  5.407328E+05  0.000000E+00
  0.000000E+00  0.000000E+00  0.000000E+00  2.821294E+06  4.840535E-01
  7.089351E+03  1.417870E+04  9.000000E+01  9.000000E+01  9.000000E+01
  0.000000E+00  8.130372E+00  4.932840E+13  1.046368E+01  1.183303E+00
  4.524589E-01  1.183303E+00  7.574908E+00  2.271752E-01  4.524589E-01
  2.271752E-01  6.352528E+00  5.020545E+01  3.793730E+01  3.520696E+01
  5.257608E+02  1.724531E+04  1.432568E+02  0.000000E+00  0.000000E+00
  0.000000E+00  1.432568E+02  0.000000E+00  0.000000E+00  0.000000E+00
  1.374732E+02  1.450657E+04
     40000  8.000000E+00        52
  4.932840E+13  1.300000E+03 -5.837740E+05  9.912824E+04 -6.900694E+05
  0.000000E+00  0.000000E+00  0.000000E+00  0.000000E+00 -5.797395E+05
  0.000000E+00 -3.574124E+04 -5.907331E+05  5.406577E+05  0.000000E+00
  0.000000E+00  0.000000E+00  0.000000E+00  2.832528E+06  3.414033E-02
  7.167109E+03  1.433422E+04  9.000000E+01  9.000000E+01  9.000000E+01
  0.000000E+00  8.151542E+00  4.932840E+13  1.035070E+01  1.064405E+00
 -9.777150E-02  1.064405E+00  7.560041E+00 -5.483520E-02 -9.777150E-02
 -5.483520E-02  6.543886E+00  5.148428E+01  3.885214E+01  3.626895E+01
  5.687672E+02  1.730059E+04  1.434467E+02  0.000000E+00  0.000000E+00
  0.000000E+00  1.434467E+02  0.000000E+00  0.000000E+00  0.000000E+00
  1.376555E+02  1.460226E+04
     41000  8.200000E+00        52
  4.932873E+13  2.761944E-01 -5.839642E+05  7.560661E+04 -6.679374E+05
  0.000000E+00  0.000000E+00  0.000000E+00  0.000000E+00 -5.839611E+05
  0.000000E+00  4.410085E+04 -4.559981E+05  4.833658E+05  0.000000E+00
  0.000000E+00  0.000000E+00  0.000000E+00  3.560176E+06  7.971849E-04
  8.366599E+03  1.673320E+04  9.000000E+01  9.000000E+01  9.000000E+01
  0.000000E+00 -6.528769E+00  4.932873E+13 -6.676477E+00  1.066916E-01
  4.112900E-02  1.066916E-01 -6.461454E+00  4.181419E-02  4.112900E-02
  4.181419E-02 -6.448376E+00  2.404422E-02  6.197893E-03  6.671856E-03
  2.151793E-01  1.253428E+03  1.548066E+02  0.000000E+00  0.000000E+00
  0.000000E+00  1.548066E+02  0.000000E+00  0.000000E+00  0.000000E+00
  1.485568E+02 -1.469971E+04
     42000  8.400000E+00        52
  4.932873E+13  1.144148E-01 -5.846509E+05  7.990374E+04 -6.719858E+05
  0.000000E+00  0.000000E+00  0.000000E+00  0.000000E+00 -5.846483E+05
  0.000000E+00  2.720668E+04 -4.774500E+05  4.897943E+05  0.000000E+00
  0.000000E+00  0.000000E+00  0.000000E+00  3.547067E+06  2.116874E-04
  7.431182E+03  1.486236E+04  9.000000E+01  9.000000E+01  9.000000E+01
  0.000000E+00 -4.042664E+00  4.932873E+13 -4.155060E+00  7.535628E-02
  3.383187E-02  7.535628E-02 -3.957705E+00  2.990994E-02  3.383187E-02
  2.990994E-02 -4.015226E+00  3.014636E-02  6.335566E-03  6.868351E-03
  2.198129E-01  1.253435E+03  1.546164E+02  0.000000E+00  0.000000E+00
  0.000000E+00  1.546164E+02  0.000000E+00  0.000000E+00  0.000000E+00
  1.483742E+02 -9.068658E+03
     43000  8.600000E+00        52
  4.932873E+13  6.714727E-02 -5.849840E+05  8.219073E+04 -6.741484E+05
  0.000000E+00  0.000000E+00  0.000000E+00  0.000000E+00 -5.849816E+05
  0.000000E+00  1.796479E+04 -4.894131E+05  4.934306E+05  0.000000E+00
  0.000000E+00  0.000000E+00  0.000000E+00  3.538649E+06  9.645589E-05
  6.973646E+03  1.394729E+04  9.000000E+01  9.000000E+01  9.000000E+01
  0.000000E+00 -2.675761E+00  4.932873E+13 -2.768136E+00  5.834328E-02
  2.674853E-02  5.834328E-02 -2.569556E+00  2.603508E-02  2.674853E-02
  2.603508E-02 -2.689590E+00  3.427167E-02  6.592022E-03  7.262530E-03
  2.239264E-01  1.253440E+03  1.544940E+02  0.000000E+00  0.000000E+00
  0.000000E+00  1.544940E+02  0.000000E+00  0.000000E+00  0.000000E+00
  1.482568E+02 -5.988125E+03
     44000  8.800000E+00        52
  4.932873E+13  4.636913E-02 -5.851927E+05  8.360244E+04 -6.755289E+05
  0.000000E+00  0.000000E+00  0.000000E+00  0.000000E+00 -5.851903E+05
  0.000000E+00  1.215361E+04 -4.971247E+05  4.958108E+05  0.000000E+00
  0.000000E+00  0.000000E+00  0.000000E+00  3.532979E+06  5.010402E-05
  6.733785E+03  1.346757E+04  9.000000E+01  9.000000E+01  9.000000E+01
  0.000000E+00 -1.813121E+00  4.932873E+13 -1.893310E+00  4.956451E-02
  2.130372E-02  4.956451E-02 -1.690038E+00  2.341903E-02  2.130372E-02
  2.341903E-02 -1.856014E+00  3.752665E-02  6.944693E-03  7.801789E-03
  2.275352E-01  1.253430E+03  1.544114E+02  0.000000E+00  0.000000E+00
  0.000000E+00  1.544114E+02  0.000000E+00  0.000000E+00  0.000000E+00
  1.481775E+02 -4.051107E+03
     45000  9.000000E+00        52
  4.932873E+13  3.519807E-02 -5.853403E+05  8.456966E+04 -6.765101E+05
  0.000000E+00  0.000000E+00  0.000000E+00  0.000000E+00 -5.853379E+05
  0.000000E+00  8.123740E+03 -5.025888E+05  4.975122E+05  0.000000E+00
  0.000000E+00  0.000000E+00  0.000000E+00  3.529129E+06  3.043144E-05
  6.600189E+03  1.320038E+04  9.000000E+01  9.000000E+01  9.000000E+01
  0.000000E+00 -1.213248E+00  4.932873E+13 -1.284726E+00  4.426639E-02
  1.702435E-02  4.426639E-02 -1.078030E+00  2.259352E-02  1.702435E-02
  2.259352E-02 -1.276987E+00  4.034074E-02  7.376211E-03  8.447369E-03
  2.308861E-01  1.253452E+03  1.543553E+02  0.000000E+00  0.000000E+00
  0.000000E+00  1.543553E+02  0.000000E+00  0.000000E+00  0.000000E+00
  1.481237E+02 -2.707841E+03
     46000  9.200000E+00        52
  4.932873E+13  2.828091E-02 -5.854534E+05  8.528423E+04 -6.772598E+05
  0.000000E+00  0.000000E+00  0.000000E+00  0.000000E+00 -5.854511E+05
  0.000000E+00  5.127300E+03 -5.067202E+05  4.988033E+05  0.000000E+00
  0.000000E+00  0.000000E+00  0.000000E+00  3.526595E+06  2.039717E-05
  6.522132E+03  1.304426E+04  9.000000E+01  9.000000E+01  9.000000E+01
  0.000000E+00 -7.662862E-01  4.932873E+13 -8.310043E-01  4.079076E-02
  1.339853E-02  4.079076E-02 -6.221779E-01  2.201902E-02  1.339853E-02
  2.201902E-02 -8.456766E-01  4.291927E-02  7.872678E-03  9.170919E-03
  2.339013E-01  1.253471E+03  1.543183E+02  0.000000E+00  0.000000E+00
  0.000000E+00  1.543183E+02  0.000000E+00  0.000000E+00  0.000000E+00
  1.480882E+02 -1.709041E+03
     47000  9.400000E+00        52
  4.932873E+13  2.356187E-02 -5.855446E+05  8.584034E+04 -6.778601E+05
  0.000000E+00  0.000000E+00  0.000000E+00  0.000000E+00 -5.855423E+05
  0.000000E+00  2.790210E+03 -5.099829E+05  4.998229E+05  0.000000E+00
  0.000000E+00  0.000000E+00  0.000000E+00  3.525070E+06  1.460459E-05
  6.475089E+03  1.295018E+04  9.000000E+01  9.000000E+01  9.000000E+01
  0.000000E+00 -4.171758E-01  4.932873E+13 -4.761857E-01  3.816301E-02
  9.837327E-03  3.816301E-02 -2.665954E-01  2.130208E-02  9.837327E-03
  2.130208E-02 -5.087461E-01  4.535457E-02  8.422900E-03  9.951755E-03
  2.366772E-01  1.253486E+03  1.542961E+02  0.000000E+00  0.000000E+00
  0.000000E+00  1.542961E+02  0.000000E+00  0.000000E+00  0.000000E+00
  1.480669E+02 -9.300212E+02
     48000  9.600000E+00        52
  4.932873E+13  2.006472E-02 -5.856205E+05  8.628880E+04 -6.783556E+05
  0.000000E+00  0.000000E+00  0.000000E+00  0.000000E+00 -5.856182E+05
  0.000000E+00  9.050451E+02 -5.126369E+05  5.006493E+05  0.000000E+00
  0.000000E+00  0.000000E+00  0.000000E+00  3.524356E+06  1.132934E-05
  6.446307E+03  1.289261E+04  9.000000E+01  9.000000E+01  9.000000E+01
  0.000000E+00 -1.353329E-01  4.932873E+13 -1.892270E-01  3.595656E-02
  6.207081E-03  3.595656E-02  1.975773E-02  2.055529E-02  6.207081E-03
  2.055529E-02 -2.365295E-01  4.770198E-02  9.017459E-03  1.077466E-02
  2.392728E-01  1.253498E+03  1.542857E+02  0.000000E+00  0.000000E+00
  0.000000E+00  1.542857E+02  0.000000E+00  0.000000E+00  0.000000E+00
  1.480569E+02 -3.016402E+02
     49000  9.800000E+00        52
  4.932873E+13  1.737957E-02 -5.856851E+05  8.665946E+04 -6.787733E+05
  0.000000E+00  0.000000E+00  0.000000E+00  0.000000E+00 -5.856828E+05
  0.000000E+00 -6.519594E+02 -5.148397E+05  5.013301E+05  0.000000E+00
  0.000000E+00  0.000000E+00  0.000000E+00  3.524312E+06  8.707719E-06
  6.428831E+03  1.285766E+04  9.000000E+01  9.000000E+01  9.000000E+01
  0.000000E+00  9.751933E-02  4.932873E+13  4.867578E-02  3.446197E-02
  2.891257E-03  3.446197E-02  2.558049E-01  1.969758E-02  2.891257E-03
  1.969758E-02 -1.192265E-02  4.999218E-02  9.648380E-03  1.162833E-02
  2.417178E-01  1.253507E+03  1.542850E+02  0.000000E+00  0.000000E+00
  0.000000E+00  1.542850E+02  0.000000E+00  0.000000E+00  0.000000E+00
  1.480563E+02  2.173557E+02
     50000  1.000000E+01        52
  4.932873E+13  1.538020E-02 -5.857411E+05  8.697078E+04 -6.791306E+05
  0.000000E+00  0.000000E+00  0.000000E+00  0.000000E+00 -5.857388E+05
  0.000000E+00 -1.958543E+03 -5.166927E+05  5.018968E+05  0.000000E+00
  0.000000E+00  0.000000E+00  0.000000E+00  3.524834E+06  6.791720E-06
  6.418686E+03  1.283737E+04  9.000000E+01  9.000000E+01  9.000000E+01
  0.000000E+00  2.928789E-01  4.932873E+13  2.490439E-01  3.348726E-02
  3.927426E-05  3.348726E-02  4.536586E-01  1.867549E-02  3.927426E-05
  1.867549E-02  1.759343E-01  5.223454E-02  1.030970E-02  1.250445E-02
  2.440529E-01  1.253513E+03  1.542927E+02  0.000000E+00  0.000000E+00
  0.000000E+00  1.542927E+02  0.000000E+00  0.000000E+00  0.000000E+00
  1.480636E+02  6.528793E+02
     51000  1.020000E+01        52
  4.932873E+13  1.385262E-02 -5.857910E+05  8.723565E+04 -6.794400E+05
  0.000000E+00  0.000000E+00  0.000000E+00  0.000000E+00 -5.857887E+05
  0.000000E+00 -3.070050E+03 -5.182695E+05  5.023726E+05  0.000000E+00
  0.000000E+00  0.000000E+00  0.000000E+00  3.525844E+06  5.531659E-06
  6.413434E+03  1.282687E+04  9.000000E+01  9.000000E+01  9.000000E+01
  0.000000E+00  4.589520E-01  4.932873E+13  4.197630E-01  3.271420E-02
 -2.474465E-03  3.271420E-02  6.217975E-01  1.748503E-02 -2.474465E-03
  1.748503E-02  3.352955E-01  5.444796E-02  1.099715E-02  1.339700E-02
  2.463236E-01  1.253517E+03  1.543074E+02  0.000000E+00  0.000000E+00
  0.000000E+00  1.543074E+02  0.000000E+00  0.000000E+00  0.000000E+00
  1.480777E+02  1.023379E+03
     52000  1.040000E+01        52
  4.932873E+13  1.263071E-02 -5.858360E+05  8.746344E+04 -6.797109E+05
  0.000000E+00  0.000000E+00  0.000000E+00  0.000000E+00 -5.858337E+05
  0.000000E+00 -4.027053E+03 -5.196240E+05  5.027741E+05  0.000000E+00
  0.000000E+00  0.000000E+00  0.000000E+00  3.527277E+06  4.631967E-06
  6.411402E+03  1.282280E+04  9.000000E+01  9.000000E+01  9.000000E+01
  0.000000E+00  6.017678E-01  4.932873E+13  5.667689E-01  3.204681E-02
 -4.761962E-03  3.204681E-02  7.663697E-01  1.618895E-02 -4.761962E-03
  1.618895E-02  4.721648E-01  5.664988E-02  1.170741E-02  1.430166E-02
  2.485614E-01  1.253520E+03  1.543283E+02  0.000000E+00  0.000000E+00
  0.000000E+00  1.543283E+02  0.000000E+00  0.000000E+00  0.000000E+00
  1.480978E+02  1.342377E+03
     53000  1.060000E+01        52
  4.932873E+13  1.163112E-02 -5.858773E+05  8.766086E+04 -6.799496E+05
  0.000000E+00  0.000000E+00  0.000000E+00  0.000000E+00 -5.858750E+05
  0.000000E+00 -4.858897E+03 -5.207956E+05  5.031137E+05  0.000000E+00
  0.000000E+00  0.000000E+00  0.000000E+00  3.529086E+06  3.961339E-06
  6.411467E+03  1.282293E+04  9.000000E+01  9.000000E+01  9.000000E+01
  0.000000E+00  7.256958E-01  4.932873E+13  6.944183E-01  3.140825E-02
 -6.894371E-03  3.140825E-02  8.918129E-01  1.482115E-02 -6.894371E-03
  1.482115E-02  5.908562E-01  5.885180E-02  1.243788E-02  1.521544E-02
  2.507828E-01  1.253521E+03  1.543547E+02  0.000000E+00  0.000000E+00
  0.000000E+00  1.543547E+02  0.000000E+00  0.000000E+00  0.000000E+00
  1.481231E+02  1.619656E+03
     54000  1.080000E+01        52
  4.932873E+13  1.080690E-02 -5.859155E+05  8.783290E+04 -6.801613E+05
  0.000000E+00  0.000000E+00  0.000000E+00  0.000000E+00 -5.859132E+05
  0.000000E+00 -5.587351E+03 -5.218139E+05  5.034008E+05  0.000000E+00
  0.000000E+00  0.000000E+00  0.000000E+00  3.531229E+06  3.472068E-06
  6.412879E+03  1.282576E+04  9.000000E+01  9.000000E+01  9.000000E+01
  0.000000E+00  8.339845E-01  4.932873E+13  8.059743E-01  3.074861E-02
 -8.935343E-03  3.074861E-02  1.001444E+00  1.340067E-02 -8.935343E-03
  1.340067E-02  6.945355E-01  6.106240E-02  1.318646E-02  1.613630E-02
  2.529955E-01  1.253521E+03  1.543859E+02  0.000000E+00  0.000000E+00
  0.000000E+00  1.543859E+02  0.000000E+00  0.000000E+00  0.000000E+00
  1.481531E+02  1.862473E+03
     55000  1.100000E+01        52
  4.932873E+13  1.012001E-02 -5.859512E+05  8.798346E+04 -6.803498E+05
  0.000000E+00  0.000000E+00  0.000000E+00  0.000000E+00 -5.859489E+05
  0.000000E+00 -6.229432E+03 -5.227023E+05  5.036426E+05  0.000000E+00
  0.000000E+00  0.000000E+00  0.000000E+00  3.533673E+06  3.111525E-06
  6.415129E+03  1.283026E+04  9.000000E+01  9.000000E+01  9.000000E+01
  0.000000E+00  9.291785E-01  4.932873E+13  9.039741E-01  3.004164E-02
 -1.090654E-02  3.004164E-02  1.097847E+00  1.193430E-02 -1.090654E-02
  1.193430E-02  7.857142E-01  6.328859E-02  1.395153E-02  1.706301E-02
  2.552041E-01  1.253522E+03  1.544215E+02  0.000000E+00  0.000000E+00
  0.000000E+00  1.544215E+02  0.000000E+00  0.000000E+00  0.000000E+00
  1.481872E+02  2.076498E+03
     56000  1.120000E+01        52
  4.932873E+13  9.520792E-03 -5.859848E+05  8.811573E+04 -6.805184E+05
  0.000000E+00  0.000000E+00  0.000000E+00  0.000000E+00 -5.859826E+05
  0.000000E+00 -6.798754E+03 -5.234797E+05  5.038452E+05  0.000000E+00
  0.000000E+00  0.000000E+00  0.000000E+00  3.536392E+06  2.783862E-06
  6.417851E+03  1.283570E+04  9.000000E+01  9.000000E+01  9.000000E+01
  0.000000E+00  1.013317E+00  4.932873E+13  9.904758E-01  2.932533E-02
 -1.276449E-02  2.932533E-02  1.182998E+00  1.052025E-02 -1.276449E-02
  1.052025E-02  8.664777E-01  6.553213E-02  1.473184E-02  1.799499E-02
  2.574122E-01  1.253522E+03  1.544611E+02  0.000000E+00  0.000000E+00
  0.000000E+00  1.544611E+02  0.000000E+00  0.000000E+00  0.000000E+00
  1.482252E+02  2.266271E+03
     57000  1.140000E+01        52
  4.932873E+13  8.993923E-03 -5.860167E+05  8.823206E+04 -6.806695E+05
  0.000000E+00  0.000000E+00  0.000000E+00  0.000000E+00 -5.860144E+05
  0.000000E+00 -7.305389E+03 -5.241601E+05  5.040131E+05  0.000000E+00
  0.000000E+00  0.000000E+00  0.000000E+00  3.539360E+06  2.528143E-06
  6.420811E+03  1.284162E+04  9.000000E+01  9.000000E+01  9.000000E+01
  0.000000E+00  1.087914E+00  4.932873E+13  1.067118E+00  2.863138E-02
 -1.444613E-02  2.863138E-02  1.258242E+00  9.327639E-03 -1.444613E-02
  9.327639E-03  9.383815E-01  6.778665E-02  1.552644E-02  1.893215E-02
  2.596232E-01  1.253523E+03  1.545043E+02  0.000000E+00  0.000000E+00
  0.000000E+00  1.545043E+02  0.000000E+00  0.000000E+00  0.000000E+00
  1.482667E+02  2.435148E+03
     58000  1.160000E+01        52
  4.932873E+13  8.554457E-03 -5.860470E+05  8.833412E+04 -6.808051E+05
  0.000000E+00  0.000000E+00  0.000000E+00  0.000000E+00 -5.860447E+05
  0.000000E+00 -7.756606E+03 -5.247544E+05  5.041500E+05  0.000000E+00
  0.000000E+00  0.000000E+00  0.000000E+00  3.542559E+06  2.340406E-06
  6.423917E+03  1.284783E+04  9.000000E+01  9.000000E+01  9.000000E+01
  0.000000E+00  1.154065E+00  4.932873E+13  1.135193E+00  2.793079E-02
 -1.605065E-02  2.793079E-02  1.324683E+00  8.290096E-03 -1.605065E-02
  8.290096E-03  1.002319E+00  7.005351E-02  1.633462E-02  1.987452E-02
  2.618405E-01  1.253523E+03  1.545508E+02  0.000000E+00  0.000000E+00
  0.000000E+00  1.545508E+02  0.000000E+00  0.000000E+00  0.000000E+00
  1.483113E+02  2.585553E+03
     59000  1.180000E+01        52
  4.932873E+13  8.185035E-03 -5.860761E+05  8.842362E+04 -6.809268E+05
  0.000000E+00  0.000000E+00  0.000000E+00  0.000000E+00 -5.860738E+05
  0.000000E+00 -8.159377E+03 -5.252730E+05  5.042595E+05  0.000000E+00
  0.000000E+00  0.000000E+00  0.000000E+00  3.545969E+06  2.200266E-06
  6.427093E+03  1.285419E+04  9.000000E+01  9.000000E+01  9.000000E+01
  0.000000E+00  1.212823E+00  4.932873E+13  1.195808E+00  2.721233E-02
 -1.764788E-02  2.721233E-02  1.383465E+00  7.299282E-03 -1.764788E-02
  7.299282E-03  1.059196E+00  7.234263E-02  1.715586E-02  2.082218E-02
  2.640686E-01  1.253524E+03  1.546004E+02  0.000000E+00  0.000000E+00
  0.000000E+00  1.546004E+02  0.000000E+00  0.000000E+00  0.000000E+00
  1.483589E+02  2.719809E+03
     60000  1.200000E+01        52
  4.932873E+13  7.872294E-03 -5.861042E+05  8.850211E+04 -6.810365E+05
  0.000000E+00  0.000000E+00  0.000000E+00  0.000000E+00 -5.861019E+05
  0.000000E+00 -8.519989E+03 -5.257252E+05  5.043447E+05  0.000000E+00
  0.000000E+00  0.000000E+00  0.000000E+00  3.549576E+06  2.101368E-06
  6.430255E+03  1.286051E+04  9.000000E+01  9.000000E+01  9.000000E+01
  0.000000E+00  1.265138E+00  4.932873E+13  1.249931E+00  2.647527E-02
 -1.924705E-02  2.647527E-02  1.435562E+00  6.332836E-03 -1.924705E-02
  6.332836E-03  1.109920E+00  7.466162E-02  1.798983E-02  2.177540E-02
  2.663122E-01  1.253525E+03  1.546528E+02  0.000000E+00  0.000000E+00
  0.000000E+00  1.546528E+02  0.000000E+00  0.000000E+00  0.000000E+00
  1.484092E+02  2.840013E+03
     61000  1.220000E+01        52
  4.932873E+13  7.612082E-03 -5.861314E+05  8.857082E+04 -6.811355E+05
  0.000000E+00  0.000000E+00  0.000000E+00  0.000000E+00 -5.861291E+05
  0.000000E+00 -8.843542E+03 -5.261186E+05  5.044084E+05  0.000000E+00
  0.000000E+00  0.000000E+00  0.000000E+00  3.553365E+06  2.046467E-06
  6.433344E+03  1.286669E+04  9.000000E+01  9.000000E+01  9.000000E+01
  0.000000E+00  1.311781E+00  4.932873E+13  1.298364E+00  2.568903E-02
 -2.083632E-02  2.568903E-02  1.481723E+00  5.378024E-03 -2.083632E-02
  5.378024E-03  1.155257E+00  7.701561E-02  1.883632E-02  2.273467E-02
  2.685757E-01  1.253526E+03  1.547078E+02  0.000000E+00  0.000000E+00
  0.000000E+00  1.547078E+02  0.000000E+00  0.000000E+00  0.000000E+00
  1.484620E+02  2.947863E+03
     62000  1.240000E+01        52
  4.932873E+13  7.415397E-03 -5.861579E+05  8.863075E+04 -6.812250E+05
  0.000000E+00  0.000000E+00  0.000000E+00  0.000000E+00 -5.861556E+05
  0.000000E+00 -9.134070E+03 -5.264593E+05  5.044525E+05  0.000000E+00
  0.000000E+00  0.000000E+00  0.000000E+00  3.557326E+06  2.107574E-06
  6.436332E+03  1.287266E+04  9.000000E+01  9.000000E+01  9.000000E+01
  0.000000E+00  1.353367E+00  4.932873E+13  1.341743E+00  2.480622E-02
 -2.239417E-02  2.480622E-02  1.522514E+00  4.430408E-03 -2.239417E-02
  4.430408E-03  1.195844E+00  7.940997E-02  1.969521E-02  2.370061E-02
  2.708635E-01  1.253528E+03  1.547653E+02  0.000000E+00  0.000000E+00
  0.000000E+00  1.547653E+02  0.000000E+00  0.000000E+00  0.000000E+00
  1.485171E+02  3.044705E+03
     63000  1.260000E+01        52
  4.932873E+13  7.289800E-03 -5.861839E+05  8.868288E+04 -6.813061E+05
  0.000000E+00  0.000000E+00  0.000000E+00  0.000000E+00 -5.861817E+05
  0.000000E+00 -9.395510E+03 -5.267533E+05  5.044794E+05  0.000000E+00
  0.000000E+00  0.000000E+00  0.000000E+00  3.561447E+06  2.274358E-06
  6.439227E+03  1.287845E+04  9.000000E+01  9.000000E+01  9.000000E+01
  0.000000E+00  1.390493E+00  4.932873E+13  1.380605E+00  2.383052E-02
 -2.386031E-02  2.383052E-02  1.558608E+00  3.516957E-03 -2.386031E-02
  3.516957E-03  1.232264E+00  8.185391E-02  2.056648E-02  2.467395E-02
  2.731799E-01  1.253530E+03  1.548250E+02  0.000000E+00  0.000000E+00
  0.000000E+00  1.548250E+02  0.000000E+00  0.000000E+00  0.000000E+00
  1.485745E+02  3.131852E+03
     64000  1.280000E+01        52
  4.932873E+13  7.094266E-03 -5.862096E+05  8.872883E+04 -6.813803E+05
  0.000000E+00  0.000000E+00  0.000000E+00  0.000000E+00 -5.862073E+05
  0.000000E+00 -9.634024E+03 -5.270092E+05  5.044913E+05  0.000000E+00
  0.000000E+00  0.000000E+00  0.000000E+00  3.565720E+06  2.273705E-06
  6.441947E+03  1.288389E+04  9.000000E+01  9.000000E+01  9.000000E+01
  0.000000E+00  1.424082E+00  4.932873E+13  1.415420E+00  2.307392E-02
 -2.511238E-02  2.307392E-02  1.591764E+00  2.722035E-03 -2.511238E-02
  2.722035E-03  1.265063E+00  8.433990E-02  2.145019E-02  2.565545E-02
  2.755284E-01  1.253531E+03  1.548869E+02  0.000000E+00  0.000000E+00
  0.000000E+00  1.548869E+02  0.000000E+00  0.000000E+00  0.000000E+00
  1.486339E+02  3.211356E+03
     65000  1.300000E+01        52
  4.932873E+13  6.968876E-03 -5.862348E+05  8.876888E+04 -6.814482E+05
  0.000000E+00  0.000000E+00  0.000000E+00  0.000000E+00 -5.862325E+05
  0.000000E+00 -9.850777E+03 -5.272293E+05  5.044895E+05  0.000000E+00
  0.000000E+00  0.000000E+00  0.000000E+00  3.570139E+06  2.470726E-06
  6.444514E+03  1.288903E+04  9.000000E+01  9.000000E+01  9.000000E+01
  0.000000E+00  1.454320E+00  4.932873E+13  1.446419E+00  2.270285E-02
 -2.613577E-02  2.270285E-02  1.621780E+00  1.936654E-03 -2.613577E-02
  1.936654E-03  1.294762E+00  8.685556E-02  2.234651E-02  2.664574E-02
  2.779080E-01  1.253534E+03  1.549509E+02  0.000000E+00  0.000000E+00
  0.000000E+00  1.549509E+02  0.000000E+00  0.000000E+00  0.000000E+00
  1.486952E+02  3.283607E+03
     66000  1.320000E+01        52
  4.932873E+13  6.621935E-03 -5.862591E+05  8.880330E+04 -6.815091E+05
  0.000000E+00  0.000000E+00  0.000000E+00  0.000000E+00 -5.862569E+05
  0.000000E+00 -1.004681E+04 -5.274134E+05  5.044734E+05  0.000000E+00
  0.000000E+00  0.000000E+00  0.000000E+00  3.574696E+06  1.690497E-06
  6.446619E+03  1.289324E+04  9.000000E+01  9.000000E+01  9.000000E+01
  0.000000E+00  1.481371E+00  4.932873E+13  1.474332E+00  2.246830E-02
 -2.787069E-02  2.246830E-02  1.647940E+00  1.078518E-03 -2.787069E-02
  1.078518E-03  1.321840E+00  8.938782E-02  2.325569E-02  2.764526E-02
  2.803178E-01  1.253536E+03  1.550168E+02  0.000000E+00  0.000000E+00
  0.000000E+00  1.550168E+02  0.000000E+00  0.000000E+00  0.000000E+00
  1.487585E+02  3.348951E+03
     67000  1.340000E+01        52
  4.932873E+13  6.455525E-03 -5.862828E+05  8.883208E+04 -6.815635E+05
  0.000000E+00  0.000000E+00  0.000000E+00  0.000000E+00 -5.862805E+05
  0.000000E+00 -1.022237E+04 -5.275636E+05  5.044441E+05  0.000000E+00
  0.000000E+00  0.000000E+00  0.000000E+00  3.579384E+06  1.519266E-06
  6.448564E+03  1.289713E+04  9.000000E+01  9.000000E+01  9.000000E+01
  0.000000E+00  1.505282E+00  4.932873E+13  1.498965E+00  2.206205E-02
 -2.937769E-02  2.206205E-02  1.671126E+00  5.326739E-04 -2.937769E-02
  5.326739E-04  1.345756E+00  9.192390E-02  2.417805E-02  2.865451E-02
  2.827608E-01  1.253539E+03  1.550845E+02  0.000000E+00  0.000000E+00
  0.000000E+00  1.550845E+02  0.000000E+00  0.000000E+00  0.000000E+00
  1.488235E+02  3.407472E+03
     68000  1.360000E+01        52
  4.932873E+13  6.319996E-03 -5.863061E+05  8.885597E+04 -6.816125E+05
  0.000000E+00  0.000000E+00  0.000000E+00  0.000000E+00 -5.863038E+05
  0.000000E+00 -1.038013E+04 -5.276843E+05  5.044034E+05  0.000000E+00
  0.000000E+00  0.000000E+00  0.000000E+00  3.584198E+06  1.455860E-06
  6.450395E+03  1.290079E+04  9.000000E+01  9.000000E+01  9.000000E+01
  0.000000E+00  1.526460E+00  4.932873E+13  1.520797E+00  2.155772E-02
 -3.076038E-02  2.155772E-02  1.691596E+00  6.487603E-05 -3.076038E-02
  6.487603E-05  1.366985E+00  9.448194E-02  2.511387E-02  2.967395E-02
  2.852413E-01  1.253542E+03  1.551540E+02  0.000000E+00  0.000000E+00
  0.000000E+00  1.551540E+02  0.000000E+00  0.000000E+00  0.000000E+00
  1.488902E+02  3.460057E+03
     69000  1.380000E+01        52
  4.932873E+13  6.202532E-03 -5.863290E+05  8.887546E+04 -6.816566E+05
  0.000000E+00  0.000000E+00  0.000000E+00  0.000000E+00 -5.863267E+05
  0.000000E+00 -1.052202E+04 -5.277785E+05  5.043523E+05  0.000000E+00
  0.000000E+00  0.000000E+00  0.000000E+00  3.589131E+06  1.408546E-06
  6.452098E+03  1.290420E+04  9.000000E+01  9.000000E+01  9.000000E+01
  0.000000E+00  1.545198E+00  4.932873E+13  1.540103E+00  2.097737E-02
 -3.210208E-02  2.097737E-02  1.709530E+00 -3.757448E-04 -3.210208E-02
 -3.757448E-04  1.385962E+00  9.706909E-02  2.606345E-02  3.070407E-02
  2.877621E-01  1.253545E+03  1.552252E+02  0.000000E+00  0.000000E+00
  0.000000E+00  1.552252E+02  0.000000E+00  0.000000E+00  0.000000E+00
  1.489584E+02  3.507354E+03
     70000  1.400000E+01        52
  4.932873E+13  6.099834E-03 -5.863516E+05  8.889098E+04 -6.816962E+05
  0.000000E+00  0.000000E+00  0.000000E+00  0.000000E+00 -5.863493E+05
  0.000000E+00 -1.064969E+04 -5.278486E+05  5.042916E+05  0.000000E+00
  0.000000E+00  0.000000E+00  0.000000E+00  3.594180E+06  1.376252E-06
  6.453667E+03  1.290733E+04  9.000000E+01  9.000000E+01  9.000000E+01
  0.000000E+00  1.561749E+00  4.932873E+13  1.557120E+00  2.033970E-02
 -3.343781E-02  2.033970E-02  1.725171E+00 -8.069703E-04 -3.343781E-02
 -8.069703E-04  1.402957E+00  9.968913E-02  2.702710E-02  3.174541E-02
  2.903254E-01  1.253548E+03  1.552979E+02  0.000000E+00  0.000000E+00
  0.000000E+00  1.552979E+02  0.000000E+00  0.000000E+00  0.000000E+00
  1.490283E+02  3.549909E+03
     71000  1.420000E+01        52
  4.932873E+13  6.012796E-03 -5.863739E+05  8.890287E+04 -6.817319E+05
  0.000000E+00  0.000000E+00  0.000000E+00  0.000000E+00 -5.863716E+05
  0.000000E+00 -1.076437E+04 -5.278966E+05  5.042220E+05  0.000000E+00
  0.000000E+00  0.000000E+00  0.000000E+00  3.599340E+06  1.367312E-06
  6.455104E+03  1.291021E+04  9.000000E+01  9.000000E+01  9.000000E+01
  0.000000E+00  1.576304E+00  4.932873E+13  1.572062E+00  1.966868E-02
 -3.479949E-02  1.966868E-02  1.738726E+00 -1.236420E-03 -3.479949E-02
 -1.236420E-03  1.418125E+00  1.023452E-01  2.800518E-02  3.279850E-02
  2.929337E-01  1.253551E+03  1.553722E+02  0.000000E+00  0.000000E+00
  0.000000E+00  1.553722E+02  0.000000E+00  0.000000E+00  0.000000E+00
  1.490995E+02  3.588136E+03
     72000  1.440000E+01        52
  4.932873E+13  5.943004E-03 -5.863959E+05  8.891141E+04 -6.817638E+05
  0.000000E+00  0.000000E+00  0.000000E+00  0.000000E+00 -5.863936E+05
  0.000000E+00 -1.086714E+04 -5.279244E+05  5.041444E+05  0.000000E+00
  0.000000E+00  0.000000E+00  0.000000E+00  3.604608E+06  1.374213E-06
  6.456417E+03  1.291283E+04  9.000000E+01  9.000000E+01  9.000000E+01
  0.000000E+00  1.589027E+00  4.932873E+13  1.585121E+00  1.899508E-02
 -3.616897E-02  1.899508E-02  1.750350E+00 -1.662388E-03 -3.616897E-02
 -1.662388E-03  1.431612E+00  1.050412E-01  2.899804E-02  3.386391E-02
  2.955895E-01  1.253555E+03  1.554480E+02  0.000000E+00  0.000000E+00
  0.000000E+00  1.554480E+02  0.000000E+00  0.000000E+00  0.000000E+00
  1.491722E+02  3.622392E+03
     73000  1.460000E+01        52
  4.932873E+13  5.895639E-03 -5.864178E+05  8.891682E+04 -6.817922E+05
  0.000000E+00  0.000000E+00  0.000000E+00  0.000000E+00 -5.864155E+05
  0.000000E+00 -1.095880E+04 -5.279332E+05  5.040592E+05  0.000000E+00
  0.000000E+00  0.000000E+00  0.000000E+00  3.609980E+06  1.399336E-06
  6.457609E+03  1.291522E+04  9.000000E+01  9.000000E+01  9.000000E+01
  0.000000E+00  1.600046E+00  4.932873E+13  1.596460E+00  1.835199E-02
 -3.751766E-02  1.835199E-02  1.760169E+00 -2.088952E-03 -3.751766E-02
 -2.088952E-03  1.443510E+00  1.077828E-01  3.000605E-02  3.494228E-02
  2.982952E-01  1.253559E+03  1.555251E+02  0.000000E+00  0.000000E+00
  0.000000E+00  1.555251E+02  0.000000E+00  0.000000E+00  0.000000E+00
  1.492463E+02  3.652947E+03
     74000  1.480000E+01        52
  4.932873E+13  5.894643E-03 -5.864396E+05  8.891914E+04 -6.818174E+05
  0.000000E+00  0.000000E+00  0.000000E+00  0.000000E+00 -5.864373E+05
  0.000000E+00 -1.103987E+04 -5.279242E+05  5.039669E+05  0.000000E+00
  0.000000E+00  0.000000E+00  0.000000E+00  3.615452E+06  1.591499E-06
  6.458692E+03  1.291738E+04  9.000000E+01  9.000000E+01  9.000000E+01
  0.000000E+00  1.609442E+00  4.932873E+13  1.606224E+00  1.776031E-02
 -3.884536E-02  1.776031E-02  1.768236E+00 -2.582624E-03 -3.884536E-02
 -2.582624E-03  1.453866E+00  1.105794E-01  3.102962E-02  3.603430E-02
  3.010541E-01  1.253563E+03  1.556037E+02  0.000000E+00  0.000000E+00
  0.000000E+00  1.556037E+02  0.000000E+00  0.000000E+00  0.000000E+00
  1.493217E+02  3.679968E+03
     75000  1.500000E+01        52
  4.932873E+13  5.891108E-03 -5.864614E+05  8.891869E+04 -6.818398E+05
  0.000000E+00  0.000000E+00  0.000000E+00  0.000000E+00 -5.864591E+05
  0.000000E+00 -1.111201E+04 -5.278995E+05  5.038682E+05  0.000000E+00
  0.000000E+00  0.000000E+00  0.000000E+00  3.621023E+06  1.684658E-06
  6.459672E+03  1.291934E+04  9.000000E+01  9.000000E+01  9.000000E+01
  0.000000E+00  1.617467E+00  4.932873E+13  1.614616E+00  1.717390E-02
 -4.020100E-02  1.717390E-02  1.774925E+00 -3.086640E-03 -4.020100E-02
 -3.086640E-03  1.462860E+00  1.134418E-01  3.206910E-02  3.714070E-02
  3.038703E-01  1.253568E+03  1.556836E+02  0.000000E+00  0.000000E+00
  0.000000E+00  1.556836E+02  0.000000E+00  0.000000E+00  0.000000E+00
  1.493983E+02  3.704015E+03
     76000  1.520000E+01        52
  4.932873E+13  5.759991E-03 -5.864829E+05  8.891660E+04 -6.818600E+05
  0.000000E+00  0.000000E+00  0.000000E+00  0.000000E+00 -5.864806E+05
  0.000000E+00 -1.117869E+04 -5.278632E+05  5.037636E+05  0.000000E+00
  0.000000E+00  0.000000E+00  0.000000E+00  3.626691E+06  1.333770E-06
  6.460493E+03  1.292099E+04  9.000000E+01  9.000000E+01  9.000000E+01
  0.000000E+00  1.624630E+00  4.932873E+13  1.621787E+00  1.645584E-02
 -4.153801E-02  1.645584E-02  1.781233E+00 -3.264204E-03 -4.153801E-02
 -3.264204E-03  1.470871E+00  1.163296E-01  3.312484E-02  3.826202E-02
  3.067462E-01  1.253572E+03  1.557647E+02  0.000000E+00  0.000000E+00
  0.000000E+00  1.557647E+02  0.000000E+00  0.000000E+00  0.000000E+00
  1.494762E+02  3.726242E+03
     77000  1.540000E+01        52
  4.932873E+13  5.734242E-03 -5.865042E+05  8.891254E+04 -6.818781E+05
  0.000000E+00  0.000000E+00  0.000000E+00  0.000000E+00 -5.865019E+05
  0.000000E+00 -1.123782E+04 -5.278137E+05  5.036532E+05  0.000000E+00
  0.000000E+00  0.000000E+00  0.000000E+00  3.632454E+06  1.368924E-06
  6.461332E+03  1.292266E+04  9.000000E+01  9.000000E+01  9.000000E+01
  0.000000E+00  1.630633E+00  4.932873E+13  1.627646E+00  1.555850E-02
 -4.277697E-02  1.555850E-02  1.786585E+00 -3.513603E-03 -4.277697E-02
 -3.513603E-03  1.477667E+00  1.192224E-01  3.419738E-02  3.939887E-02
  3.096841E-01  1.253577E+03  1.558472E+02  0.000000E+00  0.000000E+00
  0.000000E+00  1.558472E+02  0.000000E+00  0.000000E+00  0.000000E+00
  1.495554E+02  3.745953E+03
     78000  1.560000E+01        52
  4.932873E+13  5.709607E-03 -5.865254E+05  8.890651E+04 -6.818941E+05
  0.000000E+00  0.000000E+00  0.000000E+00  0.000000E+00 -5.865231E+05
  0.000000E+00 -1.129014E+04 -5.277521E+05  5.035377E+05  0.000000E+00
  0.000000E+00  0.000000E+00  0.000000E+00  3.638310E+06  1.336975E-06
  6.462139E+03  1.292428E+04  9.000000E+01  9.000000E+01  9.000000E+01
  0.000000E+00  1.635587E+00  4.932873E+13  1.632521E+00  1.465392E-02
 -4.383532E-02  1.465392E-02  1.790927E+00 -3.886568E-03 -4.383532E-02
 -3.886568E-03  1.483312E+00  1.221473E-01  3.528741E-02  4.055209E-02
  3.126886E-01  1.253582E+03  1.559309E+02  0.000000E+00  0.000000E+00
  0.000000E+00  1.559309E+02  0.000000E+00  0.000000E+00  0.000000E+00
  1.496357E+02  3.763391E+03
     79000  1.580000E+01        52
  4.932873E+13  5.633612E-03 -5.865464E+05  8.889836E+04 -6.819074E+05
  0.000000E+00  0.000000E+00  0.000000E+00  0.000000E+00 -5.865441E+05
  0.000000E+00 -1.133544E+04 -5.276769E+05  5.034162E+05  0.000000E+00
  0.000000E+00  0.000000E+00  0.000000E+00  3.644259E+06  1.152410E-06
  6.462643E+03  1.292529E+04  9.000000E+01  9.000000E+01  9.000000E+01
  0.000000E+00  1.639468E+00  4.932873E+13  1.636514E+00  1.398418E-02
 -4.479700E-02  1.398418E-02  1.794149E+00 -4.074534E-03 -4.479700E-02
 -4.074534E-03  1.487741E+00  1.251009E-01  3.639557E-02  4.172247E-02
  3.157613E-01  1.253587E+03  1.560159E+02  0.000000E+00  0.000000E+00
  0.000000E+00  1.560159E+02  0.000000E+00  0.000000E+00  0.000000E+00
  1.497172E+02  3.778490E+03
     80000  1.600000E+01        52
  4.932873E+13  5.620694E-03 -5.865673E+05  8.888801E+04 -6.819183E+05
  0.000000E+00  0.000000E+00  0.000000E+00  0.000000E+00 -5.865649E+05
  0.000000E+00 -1.137310E+04 -5.275885E+05  5.032892E+05  0.000000E+00
  0.000000E+00  0.000000E+00  0.000000E+00  3.650299E+06  1.100093E-06
  6.463078E+03  1.292616E+04  9.000000E+01  9.000000E+01  9.000000E+01
  0.000000E+00  1.642195E+00  4.932873E+13  1.639409E+00  1.332637E-02
 -4.587675E-02  1.332637E-02  1.796055E+00 -4.203824E-03 -4.587675E-02
 -4.203824E-03  1.491120E+00  1.280819E-01  3.752241E-02  4.291075E-02
  3.189045E-01  1.253593E+03  1.561020E+02  0.000000E+00  0.000000E+00
  0.000000E+00  1.561020E+02  0.000000E+00  0.000000E+00  0.000000E+00
  1.497999E+02  3.791046E+03
     81000  1.620000E+01        52
  4.932873E+13  5.632836E-03 -5.865881E+05  8.887579E+04 -6.819273E+05
  0.000000E+00  0.000000E+00  0.000000E+00  0.000000E+00 -5.865857E+05
  0.000000E+00 -1.140449E+04 -5.274889E+05  5.031574E+05  0.000000E+00
  0.000000E+00  0.000000E+00  0.000000E+00  3.656427E+06  1.095817E-06
  6.463471E+03  1.292694E+04  9.000000E+01  9.000000E+01  9.000000E+01
  0.000000E+00  1.643967E+00  4.932873E+13  1.641360E+00  1.263787E-02
 -4.698491E-02  1.263787E-02  1.796900E+00 -4.323969E-03 -4.698491E-02
 -4.323969E-03  1.493642E+00  1.311009E-01  3.866838E-02  4.411766E-02
  3.221221E-01  1.253598E+03  1.561893E+02  0.000000E+00  0.000000E+00
  0.000000E+00  1.561893E+02  0.000000E+00  0.000000E+00  0.000000E+00
  1.498837E+02  3.801510E+03
     82000  1.640000E+01        52
  4.932873E+13  5.671983E-03 -5.866088E+05  8.886190E+04 -6.819345E+05
  0.000000E+00  0.000000E+00  0.000000E+00  0.000000E+00 -5.866065E+05
  0.000000E+00 -1.143052E+04 -5.273793E+05  5.030212E+05  0.000000E+00
  0.000000E+00  0.000000E+00  0.000000E+00  3.662642E+06  1.131907E-06
  6.463793E+03  1.292759E+04  9.000000E+01  9.000000E+01  9.000000E+01
  0.000000E+00  1.644923E+00  4.932873E+13  1.642516E+00  1.190327E-02
 -4.810565E-02  1.190327E-02  1.796837E+00 -4.486550E-03 -4.810565E-02
 -4.486550E-03  1.495416E+00  1.341657E-01  3.983399E-02  4.534395E-02
  3.254186E-01  1.253604E+03  1.562778E+02  0.000000E+00  0.000000E+00
  0.000000E+00  1.562778E+02  0.000000E+00  0.000000E+00  0.000000E+00
  1.499685E+02  3.810185E+03
     83000  1.660000E+01        52
  4.932873E+13  5.752758E-03 -5.866297E+05  8.884652E+04 -6.819403E+05
  0.000000E+00  0.000000E+00  0.000000E+00  0.000000E+00 -5.866274E+05
  0.000000E+00 -1.145195E+04 -5.272608E+05  5.028808E+05  0.000000E+00
  0.000000E+00  0.000000E+00  0.000000E+00  3.668944E+06  1.268552E-06
  6.464038E+03  1.292808E+04  9.000000E+01  9.000000E+01  9.000000E+01
  0.000000E+00  1.645177E+00  4.932873E+13  1.643007E+00  1.109670E-02
 -4.923382E-02  1.109670E-02  1.795967E+00 -4.724844E-03 -4.923382E-02
 -4.724844E-03  1.496556E+00  1.372853E-01  4.101981E-02  4.659041E-02
  3.287998E-01  1.253610E+03  1.563673E+02  0.000000E+00  0.000000E+00
  0.000000E+00  1.563673E+02  0.000000E+00  0.000000E+00  0.000000E+00
  1.500545E+02  3.817330E+03
     84000  1.680000E+01        52
  4.932873E+13  5.830731E-03 -5.866508E+05  8.883020E+04 -6.819452E+05
  0.000000E+00  0.000000E+00  0.000000E+00  0.000000E+00 -5.866484E+05
  0.000000E+00 -1.147061E+04 -5.271360E+05  5.027370E+05  0.000000E+00
  0.000000E+00  0.000000E+00  0.000000E+00  3.675333E+06  1.239990E-06
  6.464200E+03  1.292840E+04  9.000000E+01  9.000000E+01  9.000000E+01
  0.000000E+00  1.644993E+00  4.932873E+13  1.643104E+00  1.032628E-02
 -5.029777E-02  1.032628E-02  1.794619E+00 -4.931250E-03 -5.029777E-02
 -4.931250E-03  1.497257E+00  1.404661E-01  4.222648E-02  4.785790E-02
  3.322738E-01  1.253615E+03  1.564580E+02  0.000000E+00  0.000000E+00
  0.000000E+00  1.564580E+02  0.000000E+00  0.000000E+00  0.000000E+00
  1.501415E+02  3.823550E+03
     85000  1.700000E+01        52
  4.932873E+13  5.883223E-03 -5.866719E+05  8.881345E+04 -6.819496E+05
  0.000000E+00  0.000000E+00  0.000000E+00  0.000000E+00 -5.866695E+05
  0.000000E+00 -1.148755E+04 -5.270064E+05  5.025902E+05  0.000000E+00
  0.000000E+00  0.000000E+00  0.000000E+00  3.681809E+06  1.306796E-06
  6.464294E+03  1.292859E+04  9.000000E+01  9.000000E+01  9.000000E+01
  0.000000E+00  1.644524E+00  4.932873E+13  1.642736E+00  9.827046E-03
 -5.127513E-02  9.827046E-03  1.793126E+00 -4.967754E-03 -5.127513E-02
 -4.967754E-03  1.497711E+00  1.436933E-01  4.345452E-02  4.914734E-02
  3.358502E-01  1.253622E+03  1.565499E+02  0.000000E+00  0.000000E+00
  0.000000E+00  1.565499E+02  0.000000E+00  0.000000E+00  0.000000E+00
  1.502297E+02  3.829195E+03
     86000  1.720000E+01        52
  4.932873E+13  5.968416E-03 -5.866931E+05  8.879599E+04 -6.819535E+05
  0.000000E+00  0.000000E+00  0.000000E+00  0.000000E+00 -5.866908E+05
  0.000000E+00 -1.150141E+04 -5.268706E+05  5.024403E+05  0.000000E+00
  0.000000E+00  0.000000E+00  0.000000E+00  3.688373E+06  1.418525E-06
  6.464437E+03  1.292887E+04  9.000000E+01  9.000000E+01  9.000000E+01
  0.000000E+00  1.643578E+00  4.932873E+13  1.641708E+00  9.428657E-03
 -5.226871E-02  9.428657E-03  1.791146E+00 -5.109424E-03 -5.226871E-02
 -5.109424E-03  1.497880E+00  1.469640E-01  4.470453E-02  5.045963E-02
  3.395457E-01  1.253628E+03  1.566429E+02  0.000000E+00  0.000000E+00
  0.000000E+00  1.566429E+02  0.000000E+00  0.000000E+00  0.000000E+00
  1.503189E+02  3.833815E+03
     87000  1.740000E+01        52
  4.932873E+13  6.093049E-03 -5.867145E+05  8.877769E+04 -6.819569E+05
  0.000000E+00  0.000000E+00  0.000000E+00  0.000000E+00 -5.867121E+05
  0.000000E+00 -1.151158E+04 -5.267281E+05  5.022871E+05  0.000000E+00
  0.000000E+00  0.000000E+00  0.000000E+00  3.695025E+06  1.470734E-06
  6.464686E+03  1.292937E+04  9.000000E+01  9.000000E+01  9.000000E+01
  0.000000E+00  1.642070E+00  4.932873E+13  1.640104E+00  9.036415E-03
 -5.321447E-02  9.036415E-03  1.788621E+00 -5.387007E-03 -5.321447E-02
 -5.387007E-03  1.497486E+00  1.502793E-01  4.597738E-02  5.179534E-02
  3.433899E-01  1.253634E+03  1.567370E+02  0.000000E+00  0.000000E+00
  0.000000E+00  1.567370E+02  0.000000E+00  0.000000E+00  0.000000E+00
  1.504092E+02  3.837206E+03
     88000  1.760000E+01        52
  4.932873E+13  6.275135E-03 -5.867362E+05  8.875836E+04 -6.819596E+05
  0.000000E+00  0.000000E+00  0.000000E+00  0.000000E+00 -5.867338E+05
  0.000000E+00 -1.151779E+04 -5.265786E+05  5.021307E+05  0.000000E+00
  0.000000E+00  0.000000E+00  0.000000E+00  3.701765E+06  1.515006E-06
  6.465036E+03  1.293007E+04  9.000000E+01  9.000000E+01  9.000000E+01
  0.000000E+00  1.639964E+00  4.932873E+13  1.637919E+00  8.614549E-03
 -5.410581E-02  8.614549E-03  1.785609E+00 -5.726363E-03 -5.410581E-02
 -5.726363E-03  1.496364E+00  1.536432E-01  4.727416E-02  5.315497E-02
  3.474243E-01  1.253641E+03  1.568322E+02  0.000000E+00  0.000000E+00
  0.000000E+00  1.568322E+02  0.000000E+00  0.000000E+00  0.000000E+00
  1.505006E+02  3.839275E+03
     89000  1.780000E+01        52
  4.932873E+13  6.448221E-03 -5.867582E+05  8.873823E+04 -6.819619E+05
  0.000000E+00  0.000000E+00  0.000000E+00  0.000000E+00 -5.867559E+05
  0.000000E+00 -1.152123E+04 -5.264238E+05  5.019718E+05  0.000000E+00
  0.000000E+00  0.000000E+00  0.000000E+00  3.708592E+06  1.477371E-06
  6.465415E+03  1.293083E+04  9.000000E+01  9.000000E+01  9.000000E+01
  0.000000E+00  1.637435E+00  4.932873E+13  1.635502E+00  8.094927E-03
 -5.496041E-02  8.094927E-03  1.782212E+00 -6.050185E-03 -5.496041E-02
 -6.050185E-03  1.494590E+00  1.570640E-01  4.859589E-02  5.453905E-02
  3.516699E-01  1.253648E+03  1.569286E+02  0.000000E+00  0.000000E+00
  0.000000E+00  1.569286E+02  0.000000E+00  0.000000E+00  0.000000E+00
  1.505931E+02  3.840423E+03
     90000  1.800000E+01        52
  4.932873E+13  6.390458E-03 -5.867803E+05  8.871758E+04 -6.819635E+05
  0.000000E+00  0.000000E+00  0.000000E+00  0.000000E+00 -5.867780E+05
  0.000000E+00 -1.152415E+04 -5.262660E+05  5.018106E+05  0.000000E+00
  0.000000E+00  0.000000E+00  0.000000E+00  3.715509E+06  1.574761E-06
  6.465616E+03  1.293123E+04  9.000000E+01  9.000000E+01  9.000000E+01
  0.000000E+00  1.634801E+00  4.932873E+13  1.633641E+00  7.394519E-03
 -5.586814E-02  7.394519E-03  1.778453E+00 -6.299502E-03 -5.586814E-02
 -6.299502E-03  1.492309E+00  1.605488E-01  4.994298E-02  5.594807E-02
  3.559831E-01  1.253655E+03  1.570261E+02  0.000000E+00  0.000000E+00
  0.000000E+00  1.570261E+02  0.000000E+00  0.000000E+00  0.000000E+00
  1.506866E+02  3.841398E+03
     91000  1.820000E+01        52
  4.932873E+13  6.194684E-03 -5.868020E+05  8.869609E+04 -6.819637E+05
  0.000000E+00  0.000000E+00  0.000000E+00  0.000000E+00 -5.867997E+05
  0.000000E+00 -1.152596E+04 -5.261027E+05  5.016456E+05  0.000000E+00
  0.000000E+00  0.000000E+00  0.000000E+00  3.722517E+06  1.738633E-06
  6.465595E+03  1.293119E+04  9.000000E+01  9.000000E+01  9.000000E+01
  0.000000E+00  1.631980E+00  4.932873E+13  1.632155E+00  6.599407E-03
 -5.676941E-02  6.599407E-03  1.774134E+00 -6.502562E-03 -5.676941E-02
 -6.502562E-03  1.489649E+00  1.641024E-01  5.131449E-02  5.738302E-02
  3.599777E-01  1.253662E+03  1.571247E+02  0.000000E+00  0.000000E+00
  0.000000E+00  1.571247E+02  0.000000E+00  0.000000E+00  0.000000E+00
  1.507813E+02  3.842000E+03
     92000  1.840000E+01        52
  4.932873E+13  6.175183E-03 -5.868234E+05  8.867324E+04 -6.819622E+05
  0.000000E+00  0.000000E+00  0.000000E+00  0.000000E+00 -5.868210E+05
  0.000000E+00 -1.152370E+04 -5.259311E+05  5.014761E+05  0.000000E+00
  0.000000E+00  0.000000E+00  0.000000E+00  3.729616E+06  1.575700E-06
  6.465600E+03  1.293120E+04  9.000000E+01  9.000000E+01  9.000000E+01
  0.000000E+00  1.628554E+00  4.932873E+13  1.629760E+00  5.883294E-03
 -5.745616E-02  5.883294E-03  1.769228E+00 -6.639130E-03 -5.745616E-02
 -6.639130E-03  1.486675E+00  1.677266E-01  5.270994E-02  5.884555E-02
  3.635184E-01  1.253668E+03  1.572245E+02  0.000000E+00  0.000000E+00
  0.000000E+00  1.572245E+02  0.000000E+00  0.000000E+00  0.000000E+00
  1.508771E+02  3.841248E+03
     93000  1.860000E+01        52
  4.932873E+13  6.255008E-03 -5.868447E+05  8.864907E+04 -6.819594E+05
  0.000000E+00  0.000000E+00  0.000000E+00  0.000000E+00 -5.868423E+05
  0.000000E+00 -1.151716E+04 -5.257515E+05  5.013031E+05  0.000000E+00
  0.000000E+00  0.000000E+00  0.000000E+00  3.736805E+06  1.489409E-06
  6.465644E+03  1.293129E+04  9.000000E+01  9.000000E+01  9.000000E+01
  0.000000E+00  1.624498E+00  4.932873E+13  1.626308E+00  5.223395E-03
 -5.793335E-02  5.223395E-03  1.763842E+00 -6.663587E-03 -5.793335E-02
 -6.663587E-03  1.483344E+00  1.714231E-01  5.413040E-02  6.033696E-02
  3.668120E-01  1.253673E+03  1.573255E+02  0.000000E+00  0.000000E+00
  0.000000E+00  1.573255E+02  0.000000E+00  0.000000E+00  0.000000E+00
  1.509740E+02  3.839067E+03
     94000  1.880000E+01        52
  4.932873E+13  6.364590E-03 -5.868662E+05  8.862368E+04 -6.819555E+05
  0.000000E+00  0.000000E+00  0.000000E+00  0.000000E+00 -5.868638E+05
  0.000000E+00 -1.150698E+04 -5.255651E+05  5.011269E+05  0.000000E+00
  0.000000E+00  0.000000E+00  0.000000E+00  3.744086E+06  1.466955E-06
  6.465643E+03  1.293129E+04  9.000000E+01  9.000000E+01  9.000000E+01
  0.000000E+00  1.619906E+00  4.932873E+13  1.622119E+00  4.584200E-03
 -5.824806E-02  4.584200E-03  1.758037E+00 -6.594140E-03 -5.824806E-02
 -6.594140E-03  1.479561E+00  1.751959E-01  5.557710E-02  6.185817E-02
  3.700453E-01  1.253678E+03  1.574276E+02  0.000000E+00  0.000000E+00
  0.000000E+00  1.574276E+02  0.000000E+00  0.000000E+00  0.000000E+00
  1.510720E+02  3.835673E+03
     95000  1.900000E+01        52
  4.932873E+13  6.497607E-03 -5.868878E+05  8.859708E+04 -6.819504E+05
  0.000000E+00  0.000000E+00  0.000000E+00  0.000000E+00 -5.868854E+05
  0.000000E+00 -1.149357E+04 -5.253723E+05  5.009476E+05  0.000000E+00
  0.000000E+00  0.000000E+00  0.000000E+00  3.751457E+06  1.540176E-06
  6.465534E+03  1.293107E+04  9.000000E+01  9.000000E+01  9.000000E+01
  0.000000E+00  1.614838E+00  4.932873E+13  1.617377E+00  3.949471E-03
 -5.838581E-02  3.949471E-03  1.751889E+00 -6.455229E-03 -5.838581E-02
 -6.455229E-03  1.475250E+00  1.790516E-01  5.705099E-02  6.341000E-02
  3.733082E-01  1.253682E+03  1.575309E+02  0.000000E+00  0.000000E+00
  0.000000E+00  1.575309E+02  0.000000E+00  0.000000E+00  0.000000E+00
  1.511711E+02  3.831202E+03
