# Li56 La24 Zr16 O96                                                    
        15       120
Li      Li      
  2.500000E-02  0.000000E+00  0.000000E+00
  7.500000E-02  0.000000E+00  0.000000E+00
  1.250000E-01  0.000000E+00  0.000000E+00
  1.750000E-01  0.000000E+00  0.000000E+00
  2.250000E-01  0.000000E+00  0.000000E+00
  2.750000E-01  0.000000E+00  0.000000E+00
  3.250000E-01  0.000000E+00  0.000000E+00
  3.750000E-01  0.000000E+00  0.000000E+00
  4.250000E-01  0.000000E+00  0.000000E+00
  4.750000E-01  0.000000E+00  0.000000E+00
  5.250000E-01  0.000000E+00  0.000000E+00
  5.750000E-01  0.000000E+00  0.000000E+00
  6.250000E-01  0.000000E+00  0.000000E+00
  6.750000E-01  1.321432E-03  3.173294E-07
  7.250000E-01  0.000000E+00  3.173294E-07
  7.750000E-01  0.000000E+00  3.173294E-07
  8.250000E-01  0.000000E+00  3.173294E-07
  8.750000E-01  1.573065E-03  9.519881E-07
  9.250000E-01  2.463371E-03  2.062641E-06
  9.750000E-01  1.267000E-02  8.409229E-06
  1.025000E+00  2.722769E-02  2.348237E-05
  1.075000E+00  6.800898E-02  6.489386E-05
  1.125000E+00  4.109006E-01  3.389078E-04
  1.175000E+00  8.345840E+00  6.410054E-03
  1.225000E+00  2.587315E+01  2.686701E-02
  1.275000E+00  1.246417E+01  3.754276E-02
  1.325000E+00  1.180634E+01  4.846365E-02
  1.375000E+00  1.075443E+01  5.917638E-02
  1.425000E+00  1.913154E+01  7.964476E-02
  1.475000E+00  4.040641E+01  1.259612E-01
  1.525000E+00  7.082064E+01  2.127368E-01
  1.575000E+00  8.943186E+01  3.296192E-01
  1.625000E+00  1.104463E+02  4.832760E-01
  1.675000E+00  1.109000E+02  6.472039E-01
  1.725000E+00  9.897732E+01  8.023724E-01
  1.775000E+00  8.364029E+01  9.412078E-01
  1.825000E+00  6.295219E+01  1.051672E+00
  1.875000E+00  5.261183E+01  1.149120E+00
  1.925000E+00  4.243958E+01  1.231975E+00
  1.975000E+00  3.324841E+01  1.300301E+00
  2.025000E+00  2.478641E+01  1.353849E+00
  2.075000E+00  1.877117E+01  1.396429E+00
  2.125000E+00  1.299555E+01  1.427346E+00
  2.175000E+00  9.891871E+00  1.451999E+00
  2.225000E+00  7.026875E+00  1.470326E+00
  2.275000E+00  5.532084E+00  1.485411E+00
  2.325000E+00  5.461791E+00  1.500965E+00
  2.375000E+00  4.843419E+00  1.515359E+00
  2.425000E+00  3.980445E+00  1.527690E+00
  2.475000E+00  3.805467E+00  1.539971E+00
  2.525000E+00  4.472133E+00  1.554993E+00
  2.575000E+00  4.634900E+00  1.571184E+00
  2.625000E+00  5.191671E+00  1.590030E+00
  2.675000E+00  6.072028E+00  1.612921E+00
  2.725000E+00  6.014376E+00  1.636449E+00
  2.775000E+00  6.222961E+00  1.661695E+00
  2.825000E+00  6.683720E+00  1.689797E+00
  2.875000E+00  6.822807E+00  1.719507E+00
  2.925000E+00  5.629708E+00  1.744882E+00
  2.975000E+00  7.358732E+00  1.779194E+00
  3.025000E+00  6.753637E+00  1.811752E+00
  3.075000E+00  7.726796E+00  1.850243E+00
  3.125000E+00  7.496232E+00  1.888810E+00
  3.175000E+00  8.590258E+00  1.934431E+00
  3.225000E+00  8.780414E+00  1.982541E+00
  3.275000E+00  8.459887E+00  2.030344E+00
  3.325000E+00  8.506782E+00  2.079891E+00
  3.375000E+00  8.996161E+00  2.133876E+00
  3.425000E+00  9.000325E+00  2.189498E+00
  3.475000E+00  8.386044E+00  2.242848E+00
  3.525000E+00  8.013301E+00  2.295304E+00
  3.575000E+00  7.822819E+00  2.347976E+00
  3.625000E+00  7.541057E+00  2.400182E+00
  3.675000E+00  7.788827E+00  2.455600E+00
  3.725000E+00  7.003977E+00  2.506799E+00
  3.775000E+00  7.068398E+00  2.559865E+00
  3.825000E+00  7.169176E+00  2.615124E+00
  3.875000E+00  6.774599E+00  2.668715E+00
  3.925000E+00  6.765693E+00  2.723626E+00
  3.975000E+00  6.896119E+00  2.781030E+00
  4.025000E+00  6.848139E+00  2.839478E+00
  4.075000E+00  6.124176E+00  2.893053E+00
  4.125000E+00  6.607538E+00  2.952285E+00
  4.175000E+00  6.865682E+00  3.015331E+00
  4.225000E+00  6.515281E+00  3.076602E+00
  4.275000E+00  6.690261E+00  3.141016E+00
  4.325000E+00  6.815349E+00  3.208178E+00
  4.375000E+00  6.438223E+00  3.273099E+00
  4.425000E+00  6.936315E+00  3.344651E+00
  4.475000E+00  7.440590E+00  3.423148E+00
  4.525000E+00  7.574731E+00  3.504857E+00
  4.575000E+00  7.477742E+00  3.587312E+00
  4.625000E+00  7.071809E+00  3.667004E+00
  4.675000E+00  7.246079E+00  3.750436E+00
  4.725000E+00  7.222312E+00  3.835382E+00
  4.775000E+00  7.135798E+00  3.921096E+00
  4.825000E+00  7.976595E+00  4.018927E+00
  4.875000E+00  8.046495E+00  4.119671E+00
  4.925000E+00  8.138686E+00  4.223670E+00
  4.975000E+00  7.813519E+00  4.325552E+00
  5.025000E+00  8.440987E+00  4.437838E+00
  5.075000E+00  7.970738E+00  4.545990E+00
  5.125000E+00  8.201084E+00  4.659471E+00
  5.175000E+00  8.258939E+00  4.775993E+00
  5.225000E+00  8.338703E+00  4.895924E+00
  5.275000E+00  7.935017E+00  5.012244E+00
  5.325000E+00  8.314944E+00  5.136456E+00
  5.375000E+00  8.011124E+00  5.258386E+00
  5.425000E+00  8.095246E+00  5.383900E+00
  5.475000E+00  7.935806E+00  5.509221E+00
  5.525000E+00  7.783745E+00  5.634395E+00
  5.575000E+00  7.494586E+00  5.757111E+00
  5.625000E+00  7.039680E+00  5.874454E+00
  5.675000E+00  7.092776E+00  5.994794E+00
  5.725000E+00  6.785518E+00  6.111959E+00
  5.775000E+00  6.651859E+00  6.228831E+00
  5.825000E+00  6.509725E+00  6.345194E+00
  5.875000E+00  6.188239E+00  6.457718E+00
  5.925000E+00  5.737170E+00  6.563823E+00
  5.975000E+00  5.649837E+00  6.670084E+00
Li      La      
  2.500000E-02  0.000000E+00  0.000000E+00
  7.500000E-02  0.000000E+00  0.000000E+00
  1.250000E-01  0.000000E+00  0.000000E+00
  1.750000E-01  0.000000E+00  0.000000E+00
  2.250000E-01  0.000000E+00  0.000000E+00
  2.750000E-01  0.000000E+00  0.000000E+00
  3.250000E-01  0.000000E+00  0.000000E+00
  3.750000E-01  0.000000E+00  0.000000E+00
  4.250000E-01  0.000000E+00  0.000000E+00
  4.750000E-01  0.000000E+00  0.000000E+00
  5.250000E-01  0.000000E+00  0.000000E+00
  5.750000E-01  0.000000E+00  0.000000E+00
  6.250000E-01  0.000000E+00  0.000000E+00
  6.750000E-01  0.000000E+00  0.000000E+00
  7.250000E-01  0.000000E+00  0.000000E+00
  7.750000E-01  0.000000E+00  0.000000E+00
  8.250000E-01  0.000000E+00  0.000000E+00
  8.750000E-01  0.000000E+00  0.000000E+00
  9.250000E-01  0.000000E+00  0.000000E+00
  9.750000E-01  0.000000E+00  0.000000E+00
  1.025000E+00  0.000000E+00  0.000000E+00
  1.075000E+00  0.000000E+00  0.000000E+00
  1.125000E+00  0.000000E+00  0.000000E+00
  1.175000E+00  0.000000E+00  0.000000E+00
  1.225000E+00  0.000000E+00  0.000000E+00
  1.275000E+00  0.000000E+00  0.000000E+00
  1.325000E+00  0.000000E+00  0.000000E+00
  1.375000E+00  0.000000E+00  0.000000E+00
  1.425000E+00  0.000000E+00  0.000000E+00
  1.475000E+00  0.000000E+00  0.000000E+00
  1.525000E+00  0.000000E+00  0.000000E+00
  1.575000E+00  1.416146E-04  7.932101E-08
  1.625000E+00  1.330346E-04  1.586420E-07
  1.675000E+00  0.000000E+00  1.586420E-07
  1.725000E+00  1.062526E-03  8.725311E-07
  1.775000E+00  9.589120E-03  7.694138E-06
  1.825000E+00  2.868942E-02  2.926945E-05
  1.875000E+00  5.805686E-02  7.535496E-05
  1.925000E+00  7.773806E-02  1.403982E-04
  1.975000E+00  8.907270E-02  2.188467E-04
  2.025000E+00  8.489991E-02  2.974538E-04
  2.075000E+00  8.330561E-02  3.784405E-04
  2.125000E+00  9.810314E-02  4.784643E-04
  2.175000E+00  1.439202E-01  6.321885E-04
  2.225000E+00  2.810815E-01  9.463790E-04
  2.275000E+00  7.225553E-01  1.790751E-03
  2.325000E+00  1.994852E+00  4.225510E-03
  2.375000E+00  5.651716E+00  1.142342E-02
  2.425000E+00  1.123301E+01  2.633822E-02
  2.475000E+00  2.071206E+01  5.498469E-02
  2.525000E+00  3.291126E+01  1.023613E-01
  2.575000E+00  4.267447E+01  1.662492E-01
  2.625000E+00  4.963023E+01  2.434640E-01
  2.675000E+00  5.365989E+01  3.301587E-01
  2.725000E+00  5.298240E+01  4.189887E-01
  2.775000E+00  5.060738E+01  5.069788E-01
  2.825000E+00  4.870064E+01  5.947325E-01
  2.875000E+00  4.450186E+01  6.777840E-01
  2.925000E+00  4.311370E+01  7.610677E-01
  2.975000E+00  4.150131E+01  8.440010E-01
  3.025000E+00  3.997730E+01  9.265965E-01
  3.075000E+00  3.427102E+01  9.997625E-01
  3.125000E+00  3.325776E+01  1.073093E+00
  3.175000E+00  3.045573E+01  1.142411E+00
  3.225000E+00  2.827229E+01  1.208803E+00
  3.275000E+00  2.580264E+01  1.271288E+00
  3.325000E+00  2.317733E+01  1.329143E+00
  3.375000E+00  2.220503E+01  1.386250E+00
  3.425000E+00  1.948041E+01  1.437845E+00
  3.475000E+00  1.658333E+01  1.483059E+00
  3.525000E+00  1.388559E+01  1.522014E+00
  3.575000E+00  1.285291E+01  1.559103E+00
  3.625000E+00  1.214255E+01  1.595129E+00
  3.675000E+00  1.150723E+01  1.630219E+00
  3.725000E+00  1.078810E+01  1.664016E+00
  3.775000E+00  9.502404E+00  1.694590E+00
  3.825000E+00  8.553166E+00  1.722844E+00
  3.875000E+00  7.931348E+00  1.749734E+00
  3.925000E+00  7.541812E+00  1.775966E+00
  3.975000E+00  7.123218E+00  1.801378E+00
  4.025000E+00  6.580991E+00  1.825450E+00
  4.075000E+00  5.877779E+00  1.847488E+00
  4.125000E+00  5.469458E+00  1.868500E+00
  4.175000E+00  5.091592E+00  1.888538E+00
  4.225000E+00  4.795375E+00  1.907865E+00
  4.275000E+00  4.700046E+00  1.927259E+00
  4.325000E+00  4.651390E+00  1.946903E+00
  4.375000E+00  4.461636E+00  1.966185E+00
  4.425000E+00  4.611743E+00  1.986573E+00
  4.475000E+00  4.159413E+00  2.005379E+00
  4.525000E+00  3.858709E+00  2.023218E+00
  4.575000E+00  4.317903E+00  2.043623E+00
  4.625000E+00  4.084410E+00  2.063349E+00
  4.675000E+00  3.596564E+00  2.081097E+00
  4.725000E+00  3.850065E+00  2.100504E+00
  4.775000E+00  3.863141E+00  2.120391E+00
  4.825000E+00  3.874744E+00  2.140758E+00
  4.875000E+00  3.363943E+00  2.158808E+00
  4.925000E+00  3.409237E+00  2.177479E+00
  4.975000E+00  3.500387E+00  2.197040E+00
  5.025000E+00  3.529706E+00  2.217163E+00
  5.075000E+00  3.670166E+00  2.238505E+00
  5.125000E+00  3.493944E+00  2.259225E+00
  5.175000E+00  3.854875E+00  2.282534E+00
  5.225000E+00  3.479271E+00  2.303980E+00
  5.275000E+00  3.768474E+00  2.327655E+00
  5.325000E+00  3.603590E+00  2.350726E+00
  5.375000E+00  3.713390E+00  2.374948E+00
  5.425000E+00  3.749218E+00  2.399861E+00
  5.475000E+00  3.625487E+00  2.424398E+00
  5.525000E+00  3.812626E+00  2.450675E+00
  5.575000E+00  3.800950E+00  2.477348E+00
  5.625000E+00  3.609253E+00  2.503132E+00
  5.675000E+00  3.856351E+00  2.531173E+00
  5.725000E+00  3.832944E+00  2.559537E+00
  5.775000E+00  3.916930E+00  2.589031E+00
  5.825000E+00  3.893245E+00  2.618856E+00
  5.875000E+00  3.905177E+00  2.649289E+00
  5.925000E+00  4.242698E+00  2.682917E+00
  5.975000E+00  3.953671E+00  2.714786E+00
Li      Zr      
  2.500000E-02  0.000000E+00  0.000000E+00
  7.500000E-02  0.000000E+00  0.000000E+00
  1.250000E-01  0.000000E+00  0.000000E+00
  1.750000E-01  0.000000E+00  0.000000E+00
  2.250000E-01  0.000000E+00  0.000000E+00
  2.750000E-01  0.000000E+00  0.000000E+00
  3.250000E-01  0.000000E+00  0.000000E+00
  3.750000E-01  0.000000E+00  0.000000E+00
  4.250000E-01  0.000000E+00  0.000000E+00
  4.750000E-01  0.000000E+00  0.000000E+00
  5.250000E-01  0.000000E+00  0.000000E+00
  5.750000E-01  0.000000E+00  0.000000E+00
  6.250000E-01  0.000000E+00  0.000000E+00
  6.750000E-01  0.000000E+00  0.000000E+00
  7.250000E-01  0.000000E+00  0.000000E+00
  7.750000E-01  0.000000E+00  0.000000E+00
  8.250000E-01  0.000000E+00  0.000000E+00
  8.750000E-01  0.000000E+00  0.000000E+00
  9.250000E-01  0.000000E+00  0.000000E+00
  9.750000E-01  0.000000E+00  0.000000E+00
  1.025000E+00  0.000000E+00  0.000000E+00
  1.075000E+00  0.000000E+00  0.000000E+00
  1.125000E+00  0.000000E+00  0.000000E+00
  1.175000E+00  0.000000E+00  0.000000E+00
  1.225000E+00  0.000000E+00  0.000000E+00
  1.275000E+00  0.000000E+00  0.000000E+00
  1.325000E+00  0.000000E+00  0.000000E+00
  1.375000E+00  0.000000E+00  0.000000E+00
  1.425000E+00  0.000000E+00  0.000000E+00
  1.475000E+00  0.000000E+00  0.000000E+00
  1.525000E+00  0.000000E+00  0.000000E+00
  1.575000E+00  0.000000E+00  0.000000E+00
  1.625000E+00  3.991039E-04  1.586420E-07
  1.675000E+00  3.005073E-03  1.427778E-06
  1.725000E+00  1.239614E-02  6.980249E-06
  1.775000E+00  1.973575E-02  1.634013E-05
  1.825000E+00  5.885549E-02  4.584755E-05
  1.875000E+00  9.442984E-02  9.581978E-05
  1.925000E+00  1.235751E-01  1.647497E-04
  1.975000E+00  1.317177E-01  2.420877E-04
  2.025000E+00  2.236012E-01  3.801063E-04
  2.075000E+00  8.728731E-01  9.458237E-04
  2.125000E+00  2.023640E+00  2.321329E-03
  2.175000E+00  5.589496E+00  6.301499E-03
  2.225000E+00  8.363895E+00  1.253423E-02
  2.275000E+00  1.193377E+01  2.183136E-02
  2.325000E+00  1.373075E+01  3.300381E-02
  2.375000E+00  1.642068E+01  4.694582E-02
  2.425000E+00  2.078198E+01  6.534156E-02
  2.475000E+00  3.245140E+01  9.526350E-02
  2.525000E+00  4.932912E+01  1.426039E-01
  2.575000E+00  5.650603E+01  1.990006E-01
  2.625000E+00  6.270735E+01  2.640408E-01
  2.675000E+00  6.591085E+01  3.350326E-01
  2.725000E+00  6.467515E+01  4.073219E-01
  2.775000E+00  5.784995E+01  4.743770E-01
  2.825000E+00  4.922020E+01  5.335036E-01
  2.875000E+00  4.024167E+01  5.835709E-01
  2.925000E+00  3.561575E+01  6.294374E-01
  2.975000E+00  2.672352E+01  6.650389E-01
  3.025000E+00  2.120711E+01  6.942491E-01
  3.075000E+00  1.755037E+01  7.192282E-01
  3.125000E+00  1.483220E+01  7.410307E-01
  3.175000E+00  1.251655E+01  7.600228E-01
  3.225000E+00  9.809416E+00  7.753796E-01
  3.275000E+00  8.373202E+00  7.888977E-01
  3.325000E+00  9.071249E+00  8.039933E-01
  3.375000E+00  8.103015E+00  8.178862E-01
  3.425000E+00  7.113996E+00  8.304474E-01
  3.475000E+00  6.618237E+00  8.424770E-01
  3.525000E+00  7.084303E+00  8.557270E-01
  3.575000E+00  5.731293E+00  8.667526E-01
  3.625000E+00  5.963077E+00  8.785472E-01
  3.675000E+00  4.858640E+00  8.884243E-01
  3.725000E+00  5.263441E+00  8.994174E-01
  3.775000E+00  5.422324E+00  9.110484E-01
  3.825000E+00  6.055894E+00  9.243848E-01
  3.875000E+00  6.012858E+00  9.379749E-01
  3.925000E+00  6.294042E+00  9.525699E-01
  3.975000E+00  5.241274E+00  9.650354E-01
  4.025000E+00  6.600291E+00  9.811304E-01
  4.075000E+00  5.870977E+00  9.958049E-01
  4.125000E+00  6.618235E+00  1.012756E+00
  4.175000E+00  6.399777E+00  1.029546E+00
  4.225000E+00  6.266087E+00  1.046383E+00
  4.275000E+00  6.348744E+00  1.063847E+00
  4.325000E+00  6.441223E+00  1.081983E+00
  4.375000E+00  6.807977E+00  1.101597E+00
  4.425000E+00  6.156832E+00  1.119743E+00
  4.475000E+00  6.151569E+00  1.138286E+00
  4.525000E+00  5.413000E+00  1.154969E+00
  4.575000E+00  5.791527E+00  1.173215E+00
  4.625000E+00  5.407049E+00  1.190624E+00
  4.675000E+00  4.742911E+00  1.206227E+00
  4.725000E+00  4.563801E+00  1.221563E+00
  4.775000E+00  4.109535E+00  1.235667E+00
  4.825000E+00  3.868504E+00  1.249223E+00
  4.875000E+00  3.945419E+00  1.263337E+00
  4.925000E+00  3.682479E+00  1.276781E+00
  4.975000E+00  3.564524E+00  1.290061E+00
  5.025000E+00  3.475513E+00  1.303270E+00
  5.075000E+00  3.651813E+00  1.317427E+00
  5.125000E+00  3.605885E+00  1.331683E+00
  5.175000E+00  3.559861E+00  1.346033E+00
  5.225000E+00  3.369310E+00  1.359879E+00
  5.275000E+00  3.853029E+00  1.376016E+00
  5.325000E+00  3.926102E+00  1.392773E+00
  5.375000E+00  3.634275E+00  1.408577E+00
  5.425000E+00  4.310273E+00  1.427671E+00
  5.475000E+00  3.936470E+00  1.445432E+00
  5.525000E+00  4.116470E+00  1.464346E+00
  5.575000E+00  4.171077E+00  1.483860E+00
  5.625000E+00  3.985282E+00  1.502840E+00
  5.675000E+00  4.274109E+00  1.523559E+00
  5.725000E+00  3.877036E+00  1.542686E+00
  5.775000E+00  4.265757E+00  1.564100E+00
  5.825000E+00  4.475537E+00  1.586957E+00
  5.875000E+00  4.290624E+00  1.609248E+00
  5.925000E+00  4.127171E+00  1.631057E+00
  5.975000E+00  4.348530E+00  1.654424E+00
Li      O       
  2.500000E-02  0.000000E+00  0.000000E+00
  7.500000E-02  0.000000E+00  0.000000E+00
  1.250000E-01  0.000000E+00  0.000000E+00
  1.750000E-01  0.000000E+00  0.000000E+00
  2.250000E-01  0.000000E+00  0.000000E+00
  2.750000E-01  0.000000E+00  0.000000E+00
  3.250000E-01  0.000000E+00  0.000000E+00
  3.750000E-01  0.000000E+00  0.000000E+00
  4.250000E-01  4.856990E-04  7.932101E-08
  4.750000E-01  0.000000E+00  7.932101E-08
  5.250000E-01  9.552570E-04  3.172840E-07
  5.750000E-01  2.654828E-04  3.966051E-07
  6.250000E-01  2.247264E-04  4.759261E-07
  6.750000E-01  9.634067E-04  8.725311E-07
  7.250000E-01  8.351560E-04  1.269136E-06
  7.750000E-01  4.093075E-03  3.490125E-06
  8.250000E-01  1.068157E-01  6.916792E-05
  8.750000E-01  6.398347E-01  5.116998E-04
  9.250000E-01  5.478165E-01  9.351154E-04
  9.750000E-01  1.394820E-01  1.054890E-03
  1.025000E+00  1.735995E-01  1.219640E-03
  1.075000E+00  6.124710E-01  1.858967E-03
  1.125000E+00  2.255781E+01  2.764686E-02
  1.175000E+00  2.267917E+02  3.104674E-01
  1.225000E+00  8.413253E+02  1.450819E+00
  1.275000E+00  2.895135E+02  1.875916E+00
  1.325000E+00  3.722719E+01  1.934948E+00
  1.375000E+00  1.208397E+01  1.955583E+00
  1.425000E+00  5.086936E+00  1.964913E+00
  1.475000E+00  1.640693E+00  1.968137E+00
  1.525000E+00  8.036734E-01  1.969825E+00
  1.575000E+00  3.618608E-01  1.970635E+00
  1.625000E+00  2.049399E-01  1.971124E+00
  1.675000E+00  2.814439E-01  1.971837E+00
  1.725000E+00  2.394226E-01  1.972481E+00
  1.775000E+00  1.788761E-01  1.972990E+00
  1.825000E+00  2.385335E-01  1.973707E+00
  1.875000E+00  3.653785E-01  1.974867E+00
  1.925000E+00  3.687107E-01  1.976101E+00
  1.975000E+00  4.078521E-01  1.977538E+00
  2.025000E+00  3.034465E-01  1.978662E+00
  2.075000E+00  6.119413E-01  1.981042E+00
  2.125000E+00  8.022907E-01  1.984314E+00
  2.175000E+00  1.429418E+00  1.990421E+00
  2.225000E+00  1.951143E+00  1.999145E+00
  2.275000E+00  3.300252E+00  2.014571E+00
  2.325000E+00  5.252872E+00  2.040216E+00
  2.375000E+00  4.080700E+00  2.061005E+00
  2.425000E+00  6.102688E+00  2.093416E+00
  2.475000E+00  9.252284E+00  2.144603E+00
  2.525000E+00  1.331654E+01  2.221281E+00
  2.575000E+00  1.474730E+01  2.309594E+00
  2.625000E+00  1.597140E+01  2.408987E+00
  2.675000E+00  1.701612E+01  2.518954E+00
  2.725000E+00  1.669996E+01  2.630951E+00
  2.775000E+00  1.599696E+01  2.742205E+00
  2.825000E+00  1.562683E+01  2.854837E+00
  2.875000E+00  1.543992E+01  2.970096E+00
  2.925000E+00  1.429216E+01  3.080530E+00
  2.975000E+00  1.347543E+01  3.188243E+00
  3.025000E+00  1.296799E+01  3.295414E+00
  3.075000E+00  1.187578E+01  3.396829E+00
  3.125000E+00  1.072661E+01  3.491434E+00
  3.175000E+00  1.050434E+01  3.587067E+00
  3.225000E+00  9.759247E+00  3.678737E+00
  3.275000E+00  8.851873E+00  3.764482E+00
  3.325000E+00  7.953728E+00  3.843898E+00
  3.375000E+00  7.648335E+00  3.922578E+00
  3.425000E+00  7.483921E+00  4.001865E+00
  3.475000E+00  7.190126E+00  4.080279E+00
  3.525000E+00  7.554231E+00  4.165052E+00
  3.575000E+00  7.182932E+00  4.247962E+00
  3.625000E+00  7.423713E+00  4.336064E+00
  3.675000E+00  7.426490E+00  4.426647E+00
  3.725000E+00  7.799646E+00  4.524388E+00
  3.775000E+00  7.956720E+00  4.626792E+00
  3.825000E+00  8.198262E+00  4.735118E+00
  3.875000E+00  8.177839E+00  4.846018E+00
  3.925000E+00  8.433337E+00  4.963353E+00
  3.975000E+00  8.298801E+00  5.081776E+00
  4.025000E+00  8.511169E+00  5.206305E+00
  4.075000E+00  8.541617E+00  5.334403E+00
  4.125000E+00  8.665988E+00  5.467575E+00
  4.175000E+00  9.056346E+00  5.610140E+00
  4.225000E+00  8.935815E+00  5.754198E+00
  4.275000E+00  8.806326E+00  5.899548E+00
  4.325000E+00  8.960193E+00  6.050917E+00
  4.375000E+00  8.730892E+00  6.201842E+00
  4.425000E+00  8.736178E+00  6.356330E+00
  4.475000E+00  8.899676E+00  6.517286E+00
  4.525000E+00  9.317726E+00  6.689590E+00
  4.575000E+00  9.103690E+00  6.861676E+00
  4.625000E+00  9.033747E+00  7.036193E+00
  4.675000E+00  8.727386E+00  7.208457E+00
  4.725000E+00  8.428470E+00  7.378398E+00
  4.775000E+00  7.891050E+00  7.540889E+00
  4.825000E+00  7.848369E+00  7.705903E+00
  4.875000E+00  7.837280E+00  7.874116E+00
  4.925000E+00  7.660450E+00  8.041924E+00
  4.975000E+00  7.609665E+00  8.212022E+00
  5.025000E+00  7.359945E+00  8.379861E+00
  5.075000E+00  7.581557E+00  8.556211E+00
  5.125000E+00  7.603863E+00  8.736583E+00
  5.175000E+00  7.426208E+00  8.916194E+00
  5.225000E+00  7.186008E+00  9.093371E+00
  5.275000E+00  7.239532E+00  9.275299E+00
  5.325000E+00  7.249835E+00  9.460957E+00
  5.375000E+00  6.980739E+00  9.643096E+00
  5.425000E+00  6.873263E+00  9.825784E+00
  5.475000E+00  6.944057E+00  1.001377E+01
  5.525000E+00  6.895423E+00  1.020387E+01
  5.575000E+00  6.377391E+00  1.038288E+01
  5.625000E+00  6.548252E+00  1.056999E+01
  5.675000E+00  6.333106E+00  1.075420E+01
  5.725000E+00  6.169127E+00  1.093680E+01
  5.775000E+00  5.878821E+00  1.111387E+01
  5.825000E+00  5.792363E+00  1.129137E+01
  5.875000E+00  5.751986E+00  1.147067E+01
  5.925000E+00  5.695001E+00  1.165123E+01
  5.975000E+00  5.391887E+00  1.182507E+01
Li      O_s     
  2.500000E-02  0.000000E+00  0.000000E+00
  7.500000E-02  0.000000E+00  0.000000E+00
  1.250000E-01  0.000000E+00  0.000000E+00
  1.750000E-01  0.000000E+00  0.000000E+00
  2.250000E-01  0.000000E+00  0.000000E+00
  2.750000E-01  0.000000E+00  0.000000E+00
  3.250000E-01  0.000000E+00  0.000000E+00
  3.750000E-01  0.000000E+00  0.000000E+00
  4.250000E-01  9.713981E-04  1.586420E-07
  4.750000E-01  0.000000E+00  1.586420E-07
  5.250000E-01  6.368380E-04  3.172840E-07
  5.750000E-01  5.309657E-04  4.759261E-07
  6.250000E-01  4.494528E-04  6.345681E-07
  6.750000E-01  5.780440E-04  8.725311E-07
  7.250000E-01  5.010936E-04  1.110494E-06
  7.750000E-01  2.631263E-03  2.538272E-06
  8.250000E-01  6.746936E-02  4.402316E-05
  8.750000E-01  4.303029E-01  3.416356E-04
  9.250000E-01  1.005445E+01  8.112874E-03
  9.750000E-01  6.339634E+01  6.255199E-02
  1.025000E+00  1.896907E+02  2.425727E-01
  1.075000E+00  1.101917E+03  1.392808E+00
  1.125000E+00  3.597138E+02  1.804030E+00
  1.175000E+00  6.754726E+01  1.888265E+00
  1.225000E+00  3.135958E+01  1.930770E+00
  1.275000E+00  1.458699E+01  1.952189E+00
  1.325000E+00  5.881656E+00  1.961515E+00
  1.375000E+00  2.456128E+00  1.965709E+00
  1.425000E+00  1.297802E+00  1.968090E+00
  1.475000E+00  5.847074E-01  1.969239E+00
  1.525000E+00  4.882008E-01  1.970264E+00
  1.575000E+00  1.807357E-01  1.970669E+00
  1.625000E+00  1.676236E-01  1.971069E+00
  1.675000E+00  1.737308E-01  1.971509E+00
  1.725000E+00  1.988104E-01  1.972043E+00
  1.775000E+00  1.784301E-01  1.972551E+00
  1.825000E+00  2.444402E-01  1.973286E+00
  1.875000E+00  5.965068E-01  1.975180E+00
  1.925000E+00  9.520542E-01  1.978367E+00
  1.975000E+00  1.306865E+00  1.982971E+00
  2.025000E+00  2.457386E+00  1.992072E+00
  2.075000E+00  6.062992E+00  2.015649E+00
  2.125000E+00  3.065276E+00  2.028150E+00
  2.175000E+00  3.167415E+00  2.041682E+00
  2.225000E+00  4.885787E+00  2.063528E+00
  2.275000E+00  7.911675E+00  2.100510E+00
  2.325000E+00  1.133493E+01  2.155848E+00
  2.375000E+00  1.335070E+01  2.223860E+00
  2.425000E+00  1.588186E+01  2.308210E+00
  2.475000E+00  1.627939E+01  2.398273E+00
  2.525000E+00  1.706994E+01  2.496563E+00
  2.575000E+00  1.714986E+01  2.599264E+00
  2.625000E+00  1.642398E+01  2.701473E+00
  2.675000E+00  1.469855E+01  2.796463E+00
  2.725000E+00  1.536310E+01  2.899494E+00
  2.775000E+00  1.482026E+01  3.002565E+00
  2.825000E+00  1.320582E+01  3.097747E+00
  2.875000E+00  1.253616E+01  3.191329E+00
  2.925000E+00  1.206051E+01  3.284520E+00
  2.975000E+00  1.144699E+01  3.376019E+00
  3.025000E+00  1.077357E+01  3.465054E+00
  3.075000E+00  1.000628E+01  3.550505E+00
  3.125000E+00  9.632407E+00  3.635460E+00
  3.175000E+00  8.696538E+00  3.714634E+00
  3.225000E+00  8.019851E+00  3.789966E+00
  3.275000E+00  7.576508E+00  3.863357E+00
  3.325000E+00  7.459316E+00  3.937835E+00
  3.375000E+00  6.941462E+00  4.009244E+00
  3.425000E+00  7.023970E+00  4.083658E+00
  3.475000E+00  7.056429E+00  4.160614E+00
  3.525000E+00  7.168480E+00  4.241058E+00
  3.575000E+00  7.213540E+00  4.324321E+00
  3.625000E+00  7.865418E+00  4.417665E+00
  3.675000E+00  7.616239E+00  4.510563E+00
  3.725000E+00  7.697775E+00  4.607027E+00
  3.775000E+00  8.115286E+00  4.711472E+00
  3.825000E+00  8.452590E+00  4.823158E+00
  3.875000E+00  8.759477E+00  4.941946E+00
  3.925000E+00  8.893224E+00  5.065679E+00
  3.975000E+00  8.740243E+00  5.190402E+00
  4.025000E+00  8.923973E+00  5.320970E+00
  4.075000E+00  9.080998E+00  5.457158E+00
  4.125000E+00  9.024050E+00  5.595833E+00
  4.175000E+00  9.194610E+00  5.740574E+00
  4.225000E+00  8.789083E+00  5.882266E+00
  4.275000E+00  9.032911E+00  6.031356E+00
  4.325000E+00  8.885720E+00  6.181467E+00
  4.375000E+00  9.168213E+00  6.339952E+00
  4.425000E+00  9.095702E+00  6.500797E+00
  4.475000E+00  9.334644E+00  6.669620E+00
  4.525000E+00  8.832522E+00  6.832951E+00
  4.575000E+00  8.576329E+00  6.995069E+00
  4.625000E+00  8.351052E+00  7.156398E+00
  4.675000E+00  8.175608E+00  7.317770E+00
  4.725000E+00  7.864007E+00  7.476330E+00
  4.775000E+00  7.306578E+00  7.626786E+00
  4.825000E+00  7.526098E+00  7.785024E+00
  4.875000E+00  7.260970E+00  7.940868E+00
  4.925000E+00  7.221931E+00  8.099070E+00
  4.975000E+00  7.285342E+00  8.261918E+00
  5.025000E+00  7.354999E+00  8.429644E+00
  5.075000E+00  7.408463E+00  8.601968E+00
  5.125000E+00  7.450987E+00  8.778713E+00
  5.175000E+00  7.326738E+00  8.955919E+00
  5.225000E+00  7.420019E+00  9.138865E+00
  5.275000E+00  7.251706E+00  9.321100E+00
  5.325000E+00  7.075662E+00  9.502297E+00
  5.375000E+00  7.072696E+00  9.686836E+00
  5.425000E+00  7.037080E+00  9.873877E+00
  5.475000E+00  7.185264E+00  1.006839E+01
  5.525000E+00  6.811375E+00  1.025617E+01
  5.575000E+00  6.556447E+00  1.044021E+01
  5.625000E+00  6.437692E+00  1.062417E+01
  5.675000E+00  6.522096E+00  1.081387E+01
  5.725000E+00  6.234882E+00  1.099842E+01
  5.775000E+00  6.180811E+00  1.118458E+01
  5.825000E+00  6.054603E+00  1.137012E+01
  5.875000E+00  5.820674E+00  1.155156E+01
  5.925000E+00  5.792600E+00  1.173521E+01
  5.975000E+00  5.431579E+00  1.191033E+01
La      La      
  2.500000E-02  0.000000E+00  0.000000E+00
  7.500000E-02  0.000000E+00  0.000000E+00
  1.250000E-01  0.000000E+00  0.000000E+00
  1.750000E-01  0.000000E+00  0.000000E+00
  2.250000E-01  0.000000E+00  0.000000E+00
  2.750000E-01  0.000000E+00  0.000000E+00
  3.250000E-01  0.000000E+00  0.000000E+00
  3.750000E-01  0.000000E+00  0.000000E+00
  4.250000E-01  0.000000E+00  0.000000E+00
  4.750000E-01  0.000000E+00  0.000000E+00
  5.250000E-01  0.000000E+00  0.000000E+00
  5.750000E-01  0.000000E+00  0.000000E+00
  6.250000E-01  0.000000E+00  0.000000E+00
  6.750000E-01  0.000000E+00  0.000000E+00
  7.250000E-01  0.000000E+00  0.000000E+00
  7.750000E-01  0.000000E+00  0.000000E+00
  8.250000E-01  0.000000E+00  0.000000E+00
  8.750000E-01  0.000000E+00  0.000000E+00
  9.250000E-01  0.000000E+00  0.000000E+00
  9.750000E-01  0.000000E+00  0.000000E+00
  1.025000E+00  0.000000E+00  0.000000E+00
  1.075000E+00  0.000000E+00  0.000000E+00
  1.125000E+00  0.000000E+00  0.000000E+00
  1.175000E+00  0.000000E+00  0.000000E+00
  1.225000E+00  0.000000E+00  0.000000E+00
  1.275000E+00  0.000000E+00  0.000000E+00
  1.325000E+00  0.000000E+00  0.000000E+00
  1.375000E+00  0.000000E+00  0.000000E+00
  1.425000E+00  0.000000E+00  0.000000E+00
  1.475000E+00  0.000000E+00  0.000000E+00
  1.525000E+00  0.000000E+00  0.000000E+00
  1.575000E+00  0.000000E+00  0.000000E+00
  1.625000E+00  0.000000E+00  0.000000E+00
  1.675000E+00  0.000000E+00  0.000000E+00
  1.725000E+00  0.000000E+00  0.000000E+00
  1.775000E+00  0.000000E+00  0.000000E+00
  1.825000E+00  0.000000E+00  0.000000E+00
  1.875000E+00  0.000000E+00  0.000000E+00
  1.925000E+00  0.000000E+00  0.000000E+00
  1.975000E+00  0.000000E+00  0.000000E+00
  2.025000E+00  0.000000E+00  0.000000E+00
  2.075000E+00  0.000000E+00  0.000000E+00
  2.125000E+00  0.000000E+00  0.000000E+00
  2.175000E+00  0.000000E+00  0.000000E+00
  2.225000E+00  0.000000E+00  0.000000E+00
  2.275000E+00  0.000000E+00  0.000000E+00
  2.325000E+00  3.033854E-04  3.702882E-07
  2.375000E+00  0.000000E+00  3.702882E-07
  2.425000E+00  2.788807E-04  7.405763E-07
  2.475000E+00  8.031809E-04  1.851441E-06
  2.525000E+00  2.572292E-03  5.554322E-06
  2.575000E+00  1.484022E-03  7.776051E-06
  2.625000E+00  4.046080E-03  1.407095E-05
  2.675000E+00  5.271387E-03  2.258758E-05
  2.725000E+00  4.417149E-03  2.999334E-05
  2.775000E+00  7.666940E-03  4.332371E-05
  2.825000E+00  7.603451E-03  5.702438E-05
  2.875000E+00  9.920662E-03  7.553878E-05
  2.925000E+00  1.456829E-02  1.036807E-04
  2.975000E+00  1.482392E-02  1.333037E-04
  3.025000E+00  1.200802E-02  1.581130E-04
  3.075000E+00  1.682400E-02  1.940310E-04
  3.125000E+00  2.233570E-02  2.432793E-04
  3.175000E+00  3.579180E-02  3.247427E-04
  3.225000E+00  6.701593E-02  4.821152E-04
  3.275000E+00  1.139154E-01  7.579798E-04
  3.325000E+00  1.689622E-01  1.179738E-03
  3.375000E+00  6.509330E-01  2.853811E-03
  3.425000E+00  7.978776E-01  4.967045E-03
  3.475000E+00  8.628177E-01  7.319486E-03
  3.525000E+00  1.456875E+00  1.140673E-02
  3.575000E+00  1.928025E+00  1.697031E-02
  3.625000E+00  2.711154E+00  2.501408E-02
  3.675000E+00  2.620033E+00  3.300341E-02
  3.725000E+00  3.889789E+00  4.518960E-02
  3.775000E+00  4.536748E+00  5.978673E-02
  3.825000E+00  5.295616E+00  7.727988E-02
  3.875000E+00  5.505634E+00  9.594536E-02
  3.925000E+00  6.848132E+00  1.197653E-01
  3.975000E+00  6.720428E+00  1.437403E-01
  4.025000E+00  7.584035E+00  1.714812E-01
  4.075000E+00  7.347217E+00  1.990277E-01
  4.125000E+00  7.964772E+00  2.296268E-01
  4.175000E+00  8.373362E+00  2.625802E-01
  4.225000E+00  8.783463E+00  2.979805E-01
  4.275000E+00  9.621970E+00  3.376835E-01
  4.325000E+00  9.932890E+00  3.796339E-01
  4.375000E+00  9.563290E+00  4.209625E-01
  4.425000E+00  9.819197E+00  4.643724E-01
  4.475000E+00  9.658657E+00  5.080431E-01
  4.525000E+00  1.030014E+01  5.556607E-01
  4.575000E+00  1.064972E+01  6.059884E-01
  4.625000E+00  9.675079E+00  6.527151E-01
  4.675000E+00  1.069906E+01  7.055104E-01
  4.725000E+00  1.082650E+01  7.600835E-01
  4.775000E+00  1.007443E+01  8.119460E-01
  4.825000E+00  9.295120E+00  8.608041E-01
  4.875000E+00  1.060672E+01  9.177177E-01
  4.925000E+00  1.125562E+01  9.793585E-01
  4.975000E+00  1.044919E+01  1.037751E+00
  5.025000E+00  1.209441E+01  1.106702E+00
  5.075000E+00  1.311852E+01  1.182988E+00
  5.125000E+00  1.273779E+01  1.258526E+00
  5.175000E+00  1.142335E+01  1.327598E+00
  5.225000E+00  1.124914E+01  1.396937E+00
  5.275000E+00  1.329542E+01  1.480465E+00
  5.325000E+00  1.280677E+01  1.562456E+00
  5.375000E+00  1.247890E+01  1.643855E+00
  5.425000E+00  1.158061E+01  1.720806E+00
  5.475000E+00  1.106789E+01  1.795712E+00
  5.525000E+00  9.597514E+00  1.861859E+00
  5.575000E+00  8.564445E+00  1.921959E+00
  5.625000E+00  8.292094E+00  1.981196E+00
  5.675000E+00  6.732106E+00  2.030148E+00
  5.725000E+00  7.003176E+00  2.081972E+00
  5.775000E+00  6.680913E+00  2.132279E+00
  5.825000E+00  5.958318E+00  2.177925E+00
  5.875000E+00  4.871805E+00  2.215890E+00
  5.925000E+00  4.864021E+00  2.254443E+00
  5.975000E+00  4.603428E+00  2.291549E+00
La      Zr      
  2.500000E-02  0.000000E+00  0.000000E+00
  7.500000E-02  0.000000E+00  0.000000E+00
  1.250000E-01  0.000000E+00  0.000000E+00
  1.750000E-01  0.000000E+00  0.000000E+00
  2.250000E-01  0.000000E+00  0.000000E+00
  2.750000E-01  0.000000E+00  0.000000E+00
  3.250000E-01  0.000000E+00  0.000000E+00
  3.750000E-01  0.000000E+00  0.000000E+00
  4.250000E-01  0.000000E+00  0.000000E+00
  4.750000E-01  0.000000E+00  0.000000E+00
  5.250000E-01  0.000000E+00  0.000000E+00
  5.750000E-01  0.000000E+00  0.000000E+00
  6.250000E-01  0.000000E+00  0.000000E+00
  6.750000E-01  0.000000E+00  0.000000E+00
  7.250000E-01  0.000000E+00  0.000000E+00
  7.750000E-01  0.000000E+00  0.000000E+00
  8.250000E-01  0.000000E+00  0.000000E+00
  8.750000E-01  0.000000E+00  0.000000E+00
  9.250000E-01  0.000000E+00  0.000000E+00
  9.750000E-01  0.000000E+00  0.000000E+00
  1.025000E+00  0.000000E+00  0.000000E+00
  1.075000E+00  0.000000E+00  0.000000E+00
  1.125000E+00  0.000000E+00  0.000000E+00
  1.175000E+00  0.000000E+00  0.000000E+00
  1.225000E+00  0.000000E+00  0.000000E+00
  1.275000E+00  0.000000E+00  0.000000E+00
  1.325000E+00  0.000000E+00  0.000000E+00
  1.375000E+00  0.000000E+00  0.000000E+00
  1.425000E+00  0.000000E+00  0.000000E+00
  1.475000E+00  0.000000E+00  0.000000E+00
  1.525000E+00  0.000000E+00  0.000000E+00
  1.575000E+00  0.000000E+00  0.000000E+00
  1.625000E+00  0.000000E+00  0.000000E+00
  1.675000E+00  0.000000E+00  0.000000E+00
  1.725000E+00  0.000000E+00  0.000000E+00
  1.775000E+00  0.000000E+00  0.000000E+00
  1.825000E+00  0.000000E+00  0.000000E+00
  1.875000E+00  0.000000E+00  0.000000E+00
  1.925000E+00  0.000000E+00  0.000000E+00
  1.975000E+00  0.000000E+00  0.000000E+00
  2.025000E+00  0.000000E+00  0.000000E+00
  2.075000E+00  0.000000E+00  0.000000E+00
  2.125000E+00  0.000000E+00  0.000000E+00
  2.175000E+00  0.000000E+00  0.000000E+00
  2.225000E+00  0.000000E+00  0.000000E+00
  2.275000E+00  0.000000E+00  0.000000E+00
  2.325000E+00  9.098527E-04  7.403294E-07
  2.375000E+00  3.269804E-03  3.516565E-06
  2.425000E+00  5.018179E-03  7.958542E-06
  2.475000E+00  7.828403E-03  1.517675E-05
  2.525000E+00  1.176431E-02  2.646678E-05
  2.575000E+00  1.687513E-02  4.330927E-05
  2.625000E+00  1.730907E-02  6.126226E-05
  2.675000E+00  2.130763E-02  8.421247E-05
  2.725000E+00  2.500377E-02  1.121599E-04
  2.775000E+00  2.075771E-02  1.362206E-04
  2.825000E+00  2.819529E-02  1.700907E-04
  2.875000E+00  2.990083E-02  2.072922E-04
  2.925000E+00  3.578581E-02  2.533778E-04
  2.975000E+00  4.848585E-02  3.179715E-04
  3.025000E+00  9.123950E-02  4.436424E-04
  3.075000E+00  1.433031E-01  6.476032E-04
  3.125000E+00  2.367131E-01  9.955580E-04
  3.175000E+00  4.271628E-01  1.643716E-03
  3.225000E+00  1.085533E+00  3.343143E-03
  3.275000E+00  1.880354E+00  6.378864E-03
  3.325000E+00  2.076808E+00  9.834907E-03
  3.375000E+00  4.470164E+00  1.749917E-02
  3.425000E+00  5.730205E+00  2.761706E-02
  3.475000E+00  7.715829E+00  4.164168E-02
  3.525000E+00  8.977316E+00  5.843217E-02
  3.575000E+00  1.172881E+01  8.099556E-02
  3.625000E+00  1.247993E+01  1.056802E-01
  3.675000E+00  1.246323E+01  1.310165E-01
  3.725000E+00  1.409924E+01  1.604638E-01
  3.775000E+00  1.622928E+01  1.952760E-01
  3.825000E+00  1.729550E+01  2.333644E-01
  3.875000E+00  1.855608E+01  2.753043E-01
  3.925000E+00  1.893948E+01  3.192225E-01
  3.975000E+00  1.777909E+01  3.615069E-01
  4.025000E+00  1.775810E+01  4.048107E-01
  4.075000E+00  1.662414E+01  4.463626E-01
  4.125000E+00  1.745770E+01  4.910753E-01
  4.175000E+00  1.866286E+01  5.400405E-01
  4.225000E+00  1.737097E+01  5.867144E-01
  4.275000E+00  1.914587E+01  6.393820E-01
  4.325000E+00  1.824804E+01  6.907609E-01
  4.375000E+00  1.890558E+01  7.452289E-01
  4.425000E+00  1.633546E+01  7.933742E-01
  4.475000E+00  1.684794E+01  8.441584E-01
  4.525000E+00  1.656258E+01  8.952043E-01
  4.575000E+00  1.551302E+01  9.440779E-01
  4.625000E+00  1.418949E+01  9.897642E-01
  4.675000E+00  1.442894E+01  1.037231E+00
  4.725000E+00  1.343767E+01  1.082388E+00
  4.775000E+00  1.258068E+01  1.125565E+00
  4.825000E+00  1.264945E+01  1.169891E+00
  4.875000E+00  1.090365E+01  1.208895E+00
  4.925000E+00  1.187596E+01  1.252254E+00
  4.975000E+00  1.225548E+01  1.297912E+00
  5.025000E+00  1.076111E+01  1.338812E+00
  5.075000E+00  1.122040E+01  1.382310E+00
  5.125000E+00  1.050818E+01  1.423854E+00
  5.175000E+00  1.049798E+01  1.466172E+00
  5.225000E+00  9.913652E+00  1.506910E+00
  5.275000E+00  9.434555E+00  1.546425E+00
  5.325000E+00  1.071846E+01  1.592172E+00
  5.375000E+00  9.006457E+00  1.631338E+00
  5.425000E+00  8.589229E+00  1.669387E+00
  5.475000E+00  9.388723E+00  1.711749E+00
  5.525000E+00  8.867783E+00  1.752494E+00
  5.575000E+00  8.643800E+00  1.792932E+00
  5.625000E+00  8.336301E+00  1.832634E+00
  5.675000E+00  8.237130E+00  1.872564E+00
  5.725000E+00  7.195739E+00  1.908063E+00
  5.775000E+00  7.711695E+00  1.946775E+00
  5.825000E+00  6.304796E+00  1.978975E+00
  5.875000E+00  6.177204E+00  2.011068E+00
  5.925000E+00  5.725087E+00  2.041320E+00
  5.975000E+00  5.676340E+00  2.071822E+00
La      O       
  2.500000E-02  0.000000E+00  0.000000E+00
  7.500000E-02  0.000000E+00  0.000000E+00
  1.250000E-01  1.294345E-02  1.850824E-07
  1.750000E-01  0.000000E+00  1.850824E-07
  2.250000E-01  0.000000E+00  1.850824E-07
  2.750000E-01  0.000000E+00  1.850824E-07
  3.250000E-01  0.000000E+00  1.850824E-07
  3.750000E-01  0.000000E+00  1.850824E-07
  4.250000E-01  0.000000E+00  1.850824E-07
  4.750000E-01  0.000000E+00  1.850824E-07
  5.250000E-01  0.000000E+00  1.850824E-07
  5.750000E-01  0.000000E+00  1.850824E-07
  6.250000E-01  1.573085E-03  7.403294E-07
  6.750000E-01  4.495898E-04  9.254118E-07
  7.250000E-01  0.000000E+00  9.254118E-07
  7.750000E-01  3.410896E-04  1.110494E-06
  8.250000E-01  3.010105E-04  1.295577E-06
  8.750000E-01  0.000000E+00  1.295577E-06
  9.250000E-01  0.000000E+00  1.295577E-06
  9.750000E-01  2.155352E-04  1.480659E-06
  1.025000E+00  1.950243E-04  1.665741E-06
  1.075000E+00  0.000000E+00  1.665741E-06
  1.125000E+00  0.000000E+00  1.665741E-06
  1.175000E+00  4.452485E-04  2.220988E-06
  1.225000E+00  4.096484E-04  2.776235E-06
  1.275000E+00  2.521021E-04  3.146400E-06
  1.325000E+00  4.668735E-04  3.886730E-06
  1.375000E+00  3.251551E-04  4.441977E-06
  1.425000E+00  3.027398E-04  4.997224E-06
  1.475000E+00  6.593180E-04  6.292800E-06
  1.525000E+00  4.405690E-04  7.218212E-06
  1.575000E+00  9.086939E-04  9.254118E-06
  1.625000E+00  3.880177E-03  1.850824E-05
  1.675000E+00  1.146728E-02  4.756617E-05
  1.725000E+00  3.078374E-02  1.302980E-04
  1.775000E+00  8.370967E-02  3.684990E-04
  1.825000E+00  1.160410E-01  7.175643E-04
  1.875000E+00  1.150645E-01  1.082917E-03
  1.925000E+00  8.992018E-02  1.383861E-03
  1.975000E+00  7.213328E-02  1.637979E-03
  2.025000E+00  6.181873E-02  1.866926E-03
  2.075000E+00  8.633812E-02  2.202665E-03
  2.125000E+00  3.328777E-01  3.560244E-03
  2.175000E+00  1.546035E+00  1.016565E-02
  2.225000E+00  4.146916E+00  2.870720E-02
  2.275000E+00  8.108735E+00  6.661040E-02
  2.325000E+00  1.334940E+01  1.317833E-01
  2.375000E+00  1.848122E+01  2.259324E-01
  2.425000E+00  2.908784E+01  3.804198E-01
  2.475000E+00  4.871836E+01  6.499456E-01
  2.525000E+00  6.430600E+01  1.020226E+00
  2.575000E+00  7.745637E+01  1.484066E+00
  2.625000E+00  7.565524E+01  1.954884E+00
  2.675000E+00  6.755915E+01  2.391487E+00
  2.725000E+00  5.365208E+01  2.751298E+00
  2.775000E+00  4.411367E+01  3.058097E+00
  2.825000E+00  3.449797E+01  3.306744E+00
  2.875000E+00  2.640694E+01  3.503872E+00
  2.925000E+00  2.138561E+01  3.669116E+00
  2.975000E+00  1.817205E+01  3.814371E+00
  3.025000E+00  1.512589E+01  3.939375E+00
  3.075000E+00  1.333371E+01  4.053241E+00
  3.125000E+00  1.151315E+01  4.154783E+00
  3.175000E+00  1.029775E+01  4.248535E+00
  3.225000E+00  9.891683E+00  4.341449E+00
  3.275000E+00  8.846749E+00  4.427144E+00
  3.325000E+00  9.226539E+00  4.519268E+00
  3.375000E+00  8.973325E+00  4.611579E+00
  3.425000E+00  8.916843E+00  4.706046E+00
  3.475000E+00  8.578766E+00  4.799605E+00
  3.525000E+00  7.930247E+00  4.888598E+00
  3.575000E+00  7.881886E+00  4.979575E+00
  3.625000E+00  8.101416E+00  5.075720E+00
  3.675000E+00  8.306966E+00  5.177043E+00
  3.725000E+00  7.539287E+00  5.271521E+00
  3.775000E+00  7.022189E+00  5.361897E+00
  3.825000E+00  7.691979E+00  5.463534E+00
  3.875000E+00  7.361609E+00  5.563365E+00
  3.925000E+00  7.486358E+00  5.667524E+00
  3.975000E+00  7.260441E+00  5.771130E+00
  4.025000E+00  7.083065E+00  5.874764E+00
  4.075000E+00  6.579519E+00  5.973437E+00
  4.125000E+00  6.500667E+00  6.073334E+00
  4.175000E+00  6.808719E+00  6.180517E+00
  4.225000E+00  6.784314E+00  6.289889E+00
  4.275000E+00  6.717466E+00  6.400762E+00
  4.325000E+00  6.425925E+00  6.509318E+00
  4.375000E+00  6.228345E+00  6.616984E+00
  4.425000E+00  5.581099E+00  6.715678E+00
  4.475000E+00  5.347252E+00  6.812387E+00
  4.525000E+00  5.429840E+00  6.912795E+00
  4.575000E+00  5.382625E+00  7.014543E+00
  4.625000E+00  5.057748E+00  7.112250E+00
  4.675000E+00  4.914246E+00  7.209249E+00
  4.725000E+00  5.057195E+00  7.311216E+00
  4.775000E+00  5.247794E+00  7.419277E+00
  4.825000E+00  5.032562E+00  7.525088E+00
  4.875000E+00  5.254050E+00  7.637857E+00
  4.925000E+00  5.166922E+00  7.751043E+00
  4.975000E+00  5.105567E+00  7.865166E+00
  5.025000E+00  5.032048E+00  7.979919E+00
  5.075000E+00  4.896225E+00  8.093808E+00
  5.125000E+00  4.908658E+00  8.210246E+00
  5.175000E+00  4.747159E+00  8.325061E+00
  5.225000E+00  5.048940E+00  8.449547E+00
  5.275000E+00  5.128239E+00  8.578419E+00
  5.325000E+00  5.042028E+00  8.707538E+00
  5.375000E+00  5.120479E+00  8.841140E+00
  5.425000E+00  5.130101E+00  8.977495E+00
  5.475000E+00  5.345414E+00  9.122204E+00
  5.525000E+00  5.121236E+00  9.263388E+00
  5.575000E+00  5.103861E+00  9.406651E+00
  5.625000E+00  5.109688E+00  9.552661E+00
  5.675000E+00  5.036763E+00  9.699158E+00
  5.725000E+00  4.971879E+00  9.846328E+00
  5.775000E+00  4.776755E+00  9.990202E+00
  5.825000E+00  5.022706E+00  1.014411E+01
  5.875000E+00  4.664054E+00  1.028950E+01
  5.925000E+00  4.938851E+00  1.044609E+01
  5.975000E+00  4.695910E+00  1.059749E+01
La      O_s     
  2.500000E-02  0.000000E+00  0.000000E+00
  7.500000E-02  0.000000E+00  0.000000E+00
  1.250000E-01  0.000000E+00  0.000000E+00
  1.750000E-01  0.000000E+00  0.000000E+00
  2.250000E-01  0.000000E+00  0.000000E+00
  2.750000E-01  0.000000E+00  0.000000E+00
  3.250000E-01  0.000000E+00  0.000000E+00
  3.750000E-01  0.000000E+00  0.000000E+00
  4.250000E-01  0.000000E+00  0.000000E+00
  4.750000E-01  0.000000E+00  0.000000E+00
  5.250000E-01  0.000000E+00  0.000000E+00
  5.750000E-01  0.000000E+00  0.000000E+00
  6.250000E-01  0.000000E+00  0.000000E+00
  6.750000E-01  0.000000E+00  0.000000E+00
  7.250000E-01  0.000000E+00  0.000000E+00
  7.750000E-01  0.000000E+00  0.000000E+00
  8.250000E-01  0.000000E+00  0.000000E+00
  8.750000E-01  0.000000E+00  0.000000E+00
  9.250000E-01  0.000000E+00  0.000000E+00
  9.750000E-01  0.000000E+00  0.000000E+00
  1.025000E+00  0.000000E+00  0.000000E+00
  1.075000E+00  0.000000E+00  0.000000E+00
  1.125000E+00  0.000000E+00  0.000000E+00
  1.175000E+00  0.000000E+00  0.000000E+00
  1.225000E+00  1.365495E-04  1.850824E-07
  1.275000E+00  1.260511E-04  3.701647E-07
  1.325000E+00  0.000000E+00  3.701647E-07
  1.375000E+00  1.083850E-04  5.552471E-07
  1.425000E+00  1.009133E-04  7.403294E-07
  1.475000E+00  0.000000E+00  7.403294E-07
  1.525000E+00  0.000000E+00  7.403294E-07
  1.575000E+00  8.260854E-05  9.254118E-07
  1.625000E+00  3.880177E-04  1.850824E-06
  1.675000E+00  1.460800E-04  2.220988E-06
  1.725000E+00  5.509395E-04  3.701647E-06
  1.775000E+00  1.951274E-03  9.254118E-06
  1.825000E+00  1.095190E-02  4.219878E-05
  1.875000E+00  3.689758E-02  1.593559E-04
  1.925000E+00  8.018712E-02  4.277253E-04
  1.975000E+00  1.280326E-01  8.787711E-04
  2.025000E+00  1.536223E-01  1.447714E-03
  2.075000E+00  1.766267E-01  2.134555E-03
  2.125000E+00  5.169021E-01  4.242643E-03
  2.175000E+00  1.923609E+00  1.246123E-02
  2.225000E+00  4.092316E+00  3.075865E-02
  2.275000E+00  7.797438E+00  6.720674E-02
  2.325000E+00  1.284587E+01  1.299213E-01
  2.375000E+00  2.045510E+01  2.341260E-01
  2.425000E+00  3.310726E+01  4.099608E-01
  2.475000E+00  4.746675E+01  6.725623E-01
  2.525000E+00  6.132837E+01  1.025697E+00
  2.575000E+00  7.036854E+01  1.447092E+00
  2.625000E+00  7.238353E+01  1.897550E+00
  2.675000E+00  6.569026E+01  2.322075E+00
  2.725000E+00  5.503898E+01  2.691187E+00
  2.775000E+00  4.509836E+01  3.004834E+00
  2.825000E+00  3.683096E+01  3.270297E+00
  2.875000E+00  2.866443E+01  3.484277E+00
  2.925000E+00  2.333567E+01  3.664589E+00
  2.975000E+00  1.889499E+01  3.815622E+00
  3.025000E+00  1.785629E+01  3.963191E+00
  3.075000E+00  1.438317E+01  4.086019E+00
  3.125000E+00  1.271473E+01  4.198159E+00
  3.175000E+00  1.243952E+01  4.311410E+00
  3.225000E+00  1.093588E+01  4.414132E+00
  3.275000E+00  1.040882E+01  4.514959E+00
  3.325000E+00  1.006693E+01  4.615474E+00
  3.375000E+00  9.207089E+00  4.710189E+00
  3.425000E+00  9.088940E+00  4.806480E+00
  3.475000E+00  9.065017E+00  4.905341E+00
  3.525000E+00  8.775228E+00  5.003817E+00
  3.575000E+00  8.185393E+00  5.098297E+00
  3.625000E+00  8.310006E+00  5.196917E+00
  3.675000E+00  8.151644E+00  5.296345E+00
  3.725000E+00  8.037444E+00  5.397066E+00
  3.775000E+00  8.025335E+00  5.500353E+00
  3.825000E+00  7.699711E+00  5.602092E+00
  3.875000E+00  7.341219E+00  5.701646E+00
  3.925000E+00  7.686269E+00  5.808587E+00
  3.975000E+00  7.261907E+00  5.912214E+00
  4.025000E+00  7.183884E+00  6.017323E+00
  4.075000E+00  6.794036E+00  6.119213E+00
  4.125000E+00  7.137106E+00  6.228890E+00
  4.175000E+00  7.239139E+00  6.342849E+00
  4.225000E+00  6.836057E+00  6.453056E+00
  4.275000E+00  6.176522E+00  6.555000E+00
  4.325000E+00  5.684511E+00  6.651031E+00
  4.375000E+00  5.394250E+00  6.744278E+00
  4.425000E+00  5.429129E+00  6.840285E+00
  4.475000E+00  5.367658E+00  6.937363E+00
  4.525000E+00  5.340542E+00  7.036120E+00
  4.575000E+00  5.139255E+00  7.133267E+00
  4.625000E+00  5.540354E+00  7.240298E+00
  4.675000E+00  5.113372E+00  7.341227E+00
  4.725000E+00  5.287901E+00  7.447846E+00
  4.775000E+00  4.916085E+00  7.549076E+00
  4.825000E+00  5.484281E+00  7.664385E+00
  4.875000E+00  5.260871E+00  7.777300E+00
  4.925000E+00  5.025587E+00  7.887390E+00
  4.975000E+00  5.038142E+00  8.000006E+00
  5.025000E+00  5.031537E+00  8.114747E+00
  5.075000E+00  5.183598E+00  8.235320E+00
  5.125000E+00  4.940094E+00  8.352504E+00
  5.175000E+00  4.891951E+00  8.470822E+00
  5.225000E+00  4.871085E+00  8.590922E+00
  5.275000E+00  5.107955E+00  8.719284E+00
  5.325000E+00  4.834761E+00  8.843096E+00
  5.375000E+00  5.087650E+00  8.975841E+00
  5.425000E+00  5.145268E+00  9.112599E+00
  5.475000E+00  5.293181E+00  9.255894E+00
  5.525000E+00  5.238898E+00  9.400322E+00
  5.575000E+00  5.043067E+00  9.541878E+00
  5.625000E+00  4.894599E+00  9.681743E+00
  5.675000E+00  5.081688E+00  9.829546E+00
  5.725000E+00  4.910446E+00  9.974897E+00
  5.775000E+00  4.860811E+00  1.012130E+01
  5.825000E+00  4.514662E+00  1.025965E+01
  5.875000E+00  4.585293E+00  1.040258E+01
  5.925000E+00  4.631507E+00  1.054942E+01
  5.975000E+00  4.704383E+00  1.070110E+01
Zr      Zr      
  2.500000E-02  0.000000E+00  0.000000E+00
  7.500000E-02  0.000000E+00  0.000000E+00
  1.250000E-01  0.000000E+00  0.000000E+00
  1.750000E-01  0.000000E+00  0.000000E+00
  2.250000E-01  0.000000E+00  0.000000E+00
  2.750000E-01  0.000000E+00  0.000000E+00
  3.250000E-01  0.000000E+00  0.000000E+00
  3.750000E-01  0.000000E+00  0.000000E+00
  4.250000E-01  0.000000E+00  0.000000E+00
  4.750000E-01  0.000000E+00  0.000000E+00
  5.250000E-01  0.000000E+00  0.000000E+00
  5.750000E-01  0.000000E+00  0.000000E+00
  6.250000E-01  0.000000E+00  0.000000E+00
  6.750000E-01  0.000000E+00  0.000000E+00
  7.250000E-01  0.000000E+00  0.000000E+00
  7.750000E-01  0.000000E+00  0.000000E+00
  8.250000E-01  0.000000E+00  0.000000E+00
  8.750000E-01  0.000000E+00  0.000000E+00
  9.250000E-01  0.000000E+00  0.000000E+00
  9.750000E-01  0.000000E+00  0.000000E+00
  1.025000E+00  0.000000E+00  0.000000E+00
  1.075000E+00  0.000000E+00  0.000000E+00
  1.125000E+00  0.000000E+00  0.000000E+00
  1.175000E+00  0.000000E+00  0.000000E+00
  1.225000E+00  0.000000E+00  0.000000E+00
  1.275000E+00  0.000000E+00  0.000000E+00
  1.325000E+00  0.000000E+00  0.000000E+00
  1.375000E+00  0.000000E+00  0.000000E+00
  1.425000E+00  0.000000E+00  0.000000E+00
  1.475000E+00  0.000000E+00  0.000000E+00
  1.525000E+00  0.000000E+00  0.000000E+00
  1.575000E+00  0.000000E+00  0.000000E+00
  1.625000E+00  0.000000E+00  0.000000E+00
  1.675000E+00  0.000000E+00  0.000000E+00
  1.725000E+00  0.000000E+00  0.000000E+00
  1.775000E+00  0.000000E+00  0.000000E+00
  1.825000E+00  0.000000E+00  0.000000E+00
  1.875000E+00  0.000000E+00  0.000000E+00
  1.925000E+00  0.000000E+00  0.000000E+00
  1.975000E+00  0.000000E+00  0.000000E+00
  2.025000E+00  0.000000E+00  0.000000E+00
  2.075000E+00  0.000000E+00  0.000000E+00
  2.125000E+00  8.172865E-04  5.555248E-07
  2.175000E+00  0.000000E+00  5.555248E-07
  2.225000E+00  7.454764E-04  1.111050E-06
  2.275000E+00  3.565348E-03  3.888674E-06
  2.325000E+00  8.192771E-03  1.055497E-05
  2.375000E+00  7.197168E-03  1.666575E-05
  2.425000E+00  1.004138E-02  2.555414E-05
  2.475000E+00  1.024226E-02  3.499807E-05
  2.525000E+00  1.041952E-02  4.499751E-05
  2.575000E+00  1.280183E-02  5.777458E-05
  2.625000E+00  1.446120E-02  7.277376E-05
  2.675000E+00  1.805178E-02  9.221712E-05
  2.725000E+00  1.739543E-02  1.116605E-04
  2.775000E+00  1.294012E-02  1.266597E-04
  2.825000E+00  1.711062E-02  1.472141E-04
  2.875000E+00  2.098570E-02  1.733238E-04
  2.925000E+00  1.552932E-02  1.933226E-04
  2.975000E+00  3.335939E-02  2.377646E-04
  3.025000E+00  7.945437E-02  3.472030E-04
  3.075000E+00  5.858590E-01  1.181046E-03
  3.125000E+00  1.311392E-01  1.373813E-03
  3.175000E+00  3.009453E-01  1.830454E-03
  3.225000E+00  3.375682E+00  7.115162E-03
  3.275000E+00  4.764714E+00  1.480751E-02
  3.325000E+00  4.999719E+00  2.312761E-02
  3.375000E+00  5.286203E+00  3.219100E-02
  3.425000E+00  5.333087E+00  4.160770E-02
  3.475000E+00  4.868982E+00  5.045777E-02
  3.525000E+00  8.320440E+00  6.601968E-02
  3.575000E+00  6.605051E+00  7.872620E-02
  3.625000E+00  6.099709E+00  9.079109E-02
  3.675000E+00  9.843706E+00  1.108022E-01
  3.725000E+00  8.052090E+00  1.276196E-01
  3.775000E+00  8.546712E+00  1.459525E-01
  3.825000E+00  8.104512E+00  1.638004E-01
  3.875000E+00  8.845216E+00  1.837921E-01
  3.925000E+00  6.669067E+00  1.992568E-01
  3.975000E+00  7.372661E+00  2.167913E-01
  4.025000E+00  7.892743E+00  2.360381E-01
  4.075000E+00  8.917315E+00  2.583268E-01
  4.125000E+00  6.539744E+00  2.750765E-01
  4.175000E+00  7.513864E+00  2.947904E-01
  4.225000E+00  5.320398E+00  3.090857E-01
  4.275000E+00  4.594875E+00  3.217255E-01
  4.325000E+00  4.439530E+00  3.342254E-01
  4.375000E+00  3.953768E+00  3.456165E-01
  4.425000E+00  4.807922E+00  3.597868E-01
  4.475000E+00  3.844281E+00  3.713745E-01
  4.525000E+00  3.114687E+00  3.809739E-01
  4.575000E+00  4.032839E+00  3.936793E-01
  4.625000E+00  3.513562E+00  4.049921E-01
  4.675000E+00  3.639591E+00  4.169653E-01
  4.725000E+00  3.113653E+00  4.274286E-01
  4.775000E+00  3.430472E+00  4.392018E-01
  4.825000E+00  4.259089E+00  4.541266E-01
  4.875000E+00  5.019154E+00  4.720811E-01
  4.925000E+00  5.050290E+00  4.905196E-01
  4.975000E+00  4.669697E+00  5.079164E-01
  5.025000E+00  5.241248E+00  5.278369E-01
  5.075000E+00  4.521015E+00  5.453637E-01
  5.125000E+00  5.878704E+00  5.686052E-01
  5.175000E+00  4.903639E+00  5.883719E-01
  5.225000E+00  5.302727E+00  6.101624E-01
  5.275000E+00  4.727176E+00  6.299613E-01
  5.325000E+00  6.107910E+00  6.560304E-01
  5.375000E+00  6.019842E+00  6.822084E-01
  5.425000E+00  6.066269E+00  7.090814E-01
  5.475000E+00  5.950928E+00  7.359315E-01
  5.525000E+00  4.995316E+00  7.588836E-01
  5.575000E+00  5.287885E+00  7.836217E-01
  5.625000E+00  5.035194E+00  8.076020E-01
  5.675000E+00  7.983711E+00  8.463038E-01
  5.725000E+00  5.901864E+00  8.754199E-01
  5.775000E+00  4.671118E+00  8.988686E-01
  5.825000E+00  3.992046E+00  9.192570E-01
  5.875000E+00  4.066494E+00  9.403836E-01
  5.925000E+00  3.861691E+00  9.607891E-01
  5.975000E+00  5.272761E+00  9.891231E-01
Zr      O       
  2.500000E-02  0.000000E+00  0.000000E+00
  7.500000E-02  0.000000E+00  0.000000E+00
  1.250000E-01  0.000000E+00  0.000000E+00
  1.750000E-01  0.000000E+00  0.000000E+00
  2.250000E-01  0.000000E+00  0.000000E+00
  2.750000E-01  0.000000E+00  0.000000E+00
  3.250000E-01  0.000000E+00  0.000000E+00
  3.750000E-01  0.000000E+00  0.000000E+00
  4.250000E-01  0.000000E+00  0.000000E+00
  4.750000E-01  0.000000E+00  0.000000E+00
  5.250000E-01  0.000000E+00  0.000000E+00
  5.750000E-01  0.000000E+00  0.000000E+00
  6.250000E-01  7.865425E-04  2.776235E-07
  6.750000E-01  6.743847E-04  5.552471E-07
  7.250000E-01  0.000000E+00  5.552471E-07
  7.750000E-01  0.000000E+00  5.552471E-07
  8.250000E-01  0.000000E+00  5.552471E-07
  8.750000E-01  0.000000E+00  5.552471E-07
  9.250000E-01  3.591903E-04  8.328706E-07
  9.750000E-01  0.000000E+00  8.328706E-07
  1.025000E+00  5.850728E-04  1.388118E-06
  1.075000E+00  2.659614E-04  1.665741E-06
  1.125000E+00  4.856990E-04  2.220988E-06
  1.175000E+00  4.452485E-04  2.776235E-06
  1.225000E+00  6.144727E-04  3.609106E-06
  1.275000E+00  7.563063E-04  4.719600E-06
  1.325000E+00  7.003102E-04  5.830094E-06
  1.375000E+00  6.503101E-04  6.940589E-06
  1.425000E+00  3.027398E-04  7.495836E-06
  1.475000E+00  1.123195E-01  2.282066E-04
  1.525000E+00  3.248756E-01  9.106052E-04
  1.575000E+00  2.147409E-01  1.391727E-03
  1.625000E+00  1.110507E-01  1.656580E-03
  1.675000E+00  5.532778E-02  1.796780E-03
  1.725000E+00  2.882102E-02  1.874237E-03
  1.775000E+00  2.156158E-02  1.935591E-03
  1.825000E+00  3.986985E-02  2.055525E-03
  1.875000E+00  1.785423E-01  2.622432E-03
  1.925000E+00  3.691290E+00  1.497640E-02
  1.975000E+00  1.979854E+01  8.472460E-02
  2.025000E+00  4.230013E+01  2.413840E-01
  2.075000E+00  1.315769E+02  7.530416E-01
  2.125000E+00  2.011002E+02  1.573191E+00
  2.175000E+00  1.576489E+02  2.246743E+00
  2.225000E+00  1.005216E+02  2.696192E+00
  2.275000E+00  7.002667E+01  3.023522E+00
  2.325000E+00  4.413951E+01  3.239015E+00
  2.375000E+00  2.690155E+01  3.376060E+00
  2.425000E+00  1.522892E+01  3.456941E+00
  2.475000E+00  1.114012E+01  3.518572E+00
  2.525000E+00  7.123486E+00  3.559590E+00
  2.575000E+00  5.852841E+00  3.594639E+00
  2.625000E+00  4.498574E+00  3.622635E+00
  2.675000E+00  4.690214E+00  3.652945E+00
  2.725000E+00  3.567715E+00  3.676872E+00
  2.775000E+00  3.360433E+00  3.700243E+00
  2.825000E+00  3.162225E+00  3.723035E+00
  2.875000E+00  3.329479E+00  3.747889E+00
  2.925000E+00  3.032092E+00  3.771318E+00
  2.975000E+00  3.474032E+00  3.799087E+00
  3.025000E+00  3.706521E+00  3.829718E+00
  3.075000E+00  3.470679E+00  3.859357E+00
  3.125000E+00  4.069042E+00  3.895245E+00
  3.175000E+00  5.310170E+00  3.943589E+00
  3.225000E+00  6.126486E+00  4.001136E+00
  3.275000E+00  6.631823E+00  4.065376E+00
  3.325000E+00  7.891159E+00  4.144167E+00
  3.375000E+00  8.537841E+00  4.231998E+00
  3.425000E+00  9.438979E+00  4.331997E+00
  3.475000E+00  1.094123E+01  4.451320E+00
  3.525000E+00  1.114953E+01  4.576439E+00
  3.575000E+00  1.040399E+01  4.696528E+00
  3.625000E+00  1.218296E+01  4.841111E+00
  3.675000E+00  1.205974E+01  4.988208E+00
  3.725000E+00  1.194165E+01  5.137854E+00
  3.775000E+00  1.126679E+01  5.282859E+00
  3.825000E+00  1.167792E+01  5.437163E+00
  3.875000E+00  1.055325E+01  5.580276E+00
  3.925000E+00  1.020933E+01  5.722320E+00
  3.975000E+00  9.585554E+00  5.859106E+00
  4.025000E+00  8.522061E+00  5.983794E+00
  4.075000E+00  6.941033E+00  6.087888E+00
  4.125000E+00  6.589551E+00  6.189151E+00
  4.175000E+00  6.220753E+00  6.287079E+00
  4.225000E+00  5.437337E+00  6.374736E+00
  4.275000E+00  5.544730E+00  6.466252E+00
  4.325000E+00  4.853478E+00  6.548245E+00
  4.375000E+00  4.821760E+00  6.631595E+00
  4.425000E+00  5.043034E+00  6.720775E+00
  4.475000E+00  4.584157E+00  6.803682E+00
  4.525000E+00  4.016652E+00  6.877958E+00
  4.575000E+00  4.213012E+00  6.957596E+00
  4.625000E+00  4.137100E+00  7.037518E+00
  4.675000E+00  4.166173E+00  7.119752E+00
  4.725000E+00  4.471672E+00  7.209913E+00
  4.775000E+00  4.329103E+00  7.299057E+00
  4.825000E+00  4.738665E+00  7.398688E+00
  4.875000E+00  4.472463E+00  7.494682E+00
  4.925000E+00  4.977985E+00  7.603728E+00
  4.975000E+00  4.653253E+00  7.707742E+00
  5.025000E+00  4.807650E+00  7.817377E+00
  5.075000E+00  5.018718E+00  7.934115E+00
  5.125000E+00  4.959857E+00  8.051768E+00
  5.175000E+00  4.773430E+00  8.167219E+00
  5.225000E+00  4.787870E+00  8.285267E+00
  5.275000E+00  4.811115E+00  8.406170E+00
  5.325000E+00  4.813719E+00  8.529443E+00
  5.375000E+00  4.797241E+00  8.654611E+00
  5.425000E+00  4.630580E+00  8.777689E+00
  5.475000E+00  5.033244E+00  8.913947E+00
  5.525000E+00  4.578613E+00  9.040171E+00
  5.575000E+00  4.911398E+00  9.178032E+00
  5.625000E+00  4.696733E+00  9.312242E+00
  5.675000E+00  4.772336E+00  9.451048E+00
  5.725000E+00  4.793664E+00  9.592942E+00
  5.775000E+00  4.646670E+00  9.732898E+00
  5.825000E+00  4.829696E+00  9.880896E+00
  5.875000E+00  4.491641E+00  1.002091E+01
  5.925000E+00  4.182843E+00  1.015352E+01
  5.975000E+00  4.462068E+00  1.029739E+01
Zr      O_s     
  2.500000E-02  0.000000E+00  0.000000E+00
  7.500000E-02  0.000000E+00  0.000000E+00
  1.250000E-01  0.000000E+00  0.000000E+00
  1.750000E-01  0.000000E+00  0.000000E+00
  2.250000E-01  0.000000E+00  0.000000E+00
  2.750000E-01  0.000000E+00  0.000000E+00
  3.250000E-01  0.000000E+00  0.000000E+00
  3.750000E-01  0.000000E+00  0.000000E+00
  4.250000E-01  0.000000E+00  0.000000E+00
  4.750000E-01  0.000000E+00  0.000000E+00
  5.250000E-01  0.000000E+00  0.000000E+00
  5.750000E-01  0.000000E+00  0.000000E+00
  6.250000E-01  0.000000E+00  0.000000E+00
  6.750000E-01  0.000000E+00  0.000000E+00
  7.250000E-01  5.846092E-04  2.776235E-07
  7.750000E-01  5.116344E-04  5.552471E-07
  8.250000E-01  0.000000E+00  5.552471E-07
  8.750000E-01  0.000000E+00  5.552471E-07
  9.250000E-01  0.000000E+00  5.552471E-07
  9.750000E-01  0.000000E+00  5.552471E-07
  1.025000E+00  0.000000E+00  5.552471E-07
  1.075000E+00  0.000000E+00  5.552471E-07
  1.125000E+00  0.000000E+00  5.552471E-07
  1.175000E+00  2.226243E-04  8.328706E-07
  1.225000E+00  0.000000E+00  8.328706E-07
  1.275000E+00  1.890766E-04  1.110494E-06
  1.325000E+00  7.003102E-04  2.220988E-06
  1.375000E+00  6.503101E-04  3.331483E-06
  1.425000E+00  2.270548E-03  7.495836E-06
  1.475000E+00  1.596491E-02  3.886730E-05
  1.525000E+00  6.529232E-02  1.760133E-04
  1.575000E+00  1.805410E-01  5.805108E-04
  1.625000E+00  8.449861E-01  2.595780E-03
  1.675000E+00  2.479999E+00  8.880067E-03
  1.725000E+00  4.937072E+00  2.214853E-02
  1.775000E+00  1.974709E+01  7.834009E-02
  1.825000E+00  2.028517E+01  1.393604E-01
  1.875000E+00  3.993333E+01  2.661566E-01
  1.925000E+00  9.044178E+01  5.688462E-01
  1.975000E+00  1.308089E+02  1.029672E+00
  2.025000E+00  1.381086E+02  1.541160E+00
  2.075000E+00  1.223377E+02  2.016890E+00
  2.125000E+00  9.601902E+01  2.408485E+00
  2.175000E+00  7.661540E+01  2.735823E+00
  2.225000E+00  5.493923E+01  2.981465E+00
  2.275000E+00  3.748414E+01  3.156680E+00
  2.325000E+00  2.727067E+01  3.289818E+00
  2.375000E+00  1.835385E+01  3.383318E+00
  2.425000E+00  1.336963E+01  3.454325E+00
  2.475000E+00  9.778980E+00  3.508425E+00
  2.525000E+00  7.610933E+00  3.552250E+00
  2.575000E+00  6.013943E+00  3.588264E+00
  2.625000E+00  4.697896E+00  3.617500E+00
  2.675000E+00  4.018508E+00  3.643469E+00
  2.725000E+00  3.884733E+00  3.669522E+00
  2.775000E+00  3.557272E+00  3.694262E+00
  2.825000E+00  3.831787E+00  3.721880E+00
  2.875000E+00  3.902950E+00  3.751015E+00
  2.925000E+00  4.099235E+00  3.782690E+00
  2.975000E+00  4.732928E+00  3.820521E+00
  3.025000E+00  6.121982E+00  3.871115E+00
  3.075000E+00  6.146200E+00  3.923602E+00
  3.125000E+00  7.529680E+00  3.990011E+00
  3.175000E+00  8.308604E+00  4.065654E+00
  3.225000E+00  9.141463E+00  4.151521E+00
  3.275000E+00  1.003949E+01  4.248770E+00
  3.325000E+00  1.030204E+01  4.351632E+00
  3.375000E+00  1.004230E+01  4.454939E+00
  3.425000E+00  1.034151E+01  4.564500E+00
  3.475000E+00  1.096315E+01  4.684063E+00
  3.525000E+00  1.168177E+01  4.815155E+00
  3.575000E+00  1.243270E+01  4.958660E+00
  3.625000E+00  1.257362E+01  5.107880E+00
  3.675000E+00  1.213670E+01  5.255914E+00
  3.725000E+00  1.119774E+01  5.396238E+00
  3.775000E+00  1.122175E+01  5.540664E+00
  3.825000E+00  1.056044E+01  5.680202E+00
  3.875000E+00  9.087176E+00  5.803433E+00
  3.925000E+00  8.199731E+00  5.917518E+00
  3.975000E+00  7.170163E+00  6.019836E+00
  4.025000E+00  6.404591E+00  6.113543E+00
  4.075000E+00  6.088408E+00  6.204850E+00
  4.125000E+00  5.258579E+00  6.285660E+00
  4.175000E+00  5.133734E+00  6.366476E+00
  4.225000E+00  5.149989E+00  6.449500E+00
  4.275000E+00  4.806012E+00  6.528824E+00
  4.325000E+00  4.642962E+00  6.607260E+00
  4.375000E+00  4.205174E+00  6.679952E+00
  4.425000E+00  4.572320E+00  6.760808E+00
  4.475000E+00  4.547961E+00  6.843061E+00
  4.525000E+00  4.121804E+00  6.919281E+00
  4.575000E+00  4.293320E+00  7.000437E+00
  4.625000E+00  4.065174E+00  7.078970E+00
  4.675000E+00  4.443131E+00  7.166670E+00
  4.725000E+00  4.698050E+00  7.261395E+00
  4.775000E+00  4.472110E+00  7.353484E+00
  4.825000E+00  4.942157E+00  7.457394E+00
  4.875000E+00  5.006491E+00  7.564850E+00
  4.925000E+00  4.970812E+00  7.673739E+00
  4.975000E+00  4.458680E+00  7.773403E+00
  5.025000E+00  4.762229E+00  7.882003E+00
  5.075000E+00  5.278767E+00  8.004789E+00
  5.125000E+00  4.857169E+00  8.120006E+00
  5.175000E+00  4.835334E+00  8.236954E+00
  5.225000E+00  4.912845E+00  8.358084E+00
  5.275000E+00  4.847384E+00  8.479899E+00
  5.325000E+00  4.643861E+00  8.598821E+00
  5.375000E+00  4.767863E+00  8.723223E+00
  5.425000E+00  5.021842E+00  8.856700E+00
  5.475000E+00  4.951510E+00  8.990746E+00
  5.525000E+00  4.829607E+00  9.123890E+00
  5.575000E+00  4.624245E+00  9.253690E+00
  5.625000E+00  4.745427E+00  9.389292E+00
  5.675000E+00  4.701044E+00  9.526024E+00
  5.725000E+00  4.558737E+00  9.660964E+00
  5.775000E+00  4.300226E+00  9.790486E+00
  5.825000E+00  4.341354E+00  9.923519E+00
  5.875000E+00  4.484062E+00  1.006330E+01
  5.925000E+00  4.216494E+00  1.019698E+01
  5.975000E+00  4.455730E+00  1.034064E+01
O       O       
  2.500000E-02  0.000000E+00  0.000000E+00
  7.500000E-02  0.000000E+00  0.000000E+00
  1.250000E-01  0.000000E+00  0.000000E+00
  1.750000E-01  0.000000E+00  0.000000E+00
  2.250000E-01  0.000000E+00  0.000000E+00
  2.750000E-01  0.000000E+00  0.000000E+00
  3.250000E-01  9.682918E-04  9.254889E-08
  3.750000E-01  0.000000E+00  9.254889E-08
  4.250000E-01  0.000000E+00  9.254889E-08
  4.750000E-01  0.000000E+00  9.254889E-08
  5.250000E-01  3.715198E-04  1.850978E-07
  5.750000E-01  0.000000E+00  1.850978E-07
  6.250000E-01  0.000000E+00  1.850978E-07
  6.750000E-01  4.496272E-04  3.701956E-07
  7.250000E-01  7.795439E-04  7.403911E-07
  7.750000E-01  1.193913E-03  1.388233E-06
  8.250000E-01  6.020712E-04  1.758429E-06
  8.750000E-01  5.352472E-04  2.128625E-06
  9.250000E-01  2.394801E-04  2.313722E-06
  9.750000E-01  6.466593E-04  2.869016E-06
  1.025000E+00  9.752026E-05  2.961565E-06
  1.075000E+00  1.152595E-03  4.164700E-06
  1.125000E+00  8.905224E-04  5.182738E-06
  1.175000E+00  1.039000E-03  6.478423E-06
  1.225000E+00  8.876456E-04  7.681558E-06
  1.275000E+00  7.563694E-04  8.792145E-06
  1.325000E+00  1.225645E-03  1.073567E-05
  1.375000E+00  1.517517E-03  1.332704E-05
  1.425000E+00  1.715668E-03  1.647370E-05
  1.475000E+00  2.307805E-03  2.100860E-05
  1.525000E+00  3.128301E-03  2.757957E-05
  1.575000E+00  6.072233E-03  4.118426E-05
  1.625000E+00  9.817666E-03  6.459913E-05
  1.675000E+00  2.275385E-02  1.222571E-04
  1.725000E+00  5.616607E-02  2.732043E-04
  1.775000E+00  8.492003E-02  5.148495E-04
  1.825000E+00  5.719462E-02  6.868979E-04
  1.875000E+00  3.800826E-02  8.075816E-04
  1.925000E+00  4.819924E-02  9.688944E-04
  1.975000E+00  1.718365E-01  1.574257E-03
  2.025000E+00  3.841627E-01  2.997011E-03
  2.075000E+00  9.903531E-01  6.848155E-03
  2.125000E+00  1.714066E+00  1.383865E-02
  2.175000E+00  3.455398E+00  2.860177E-02
  2.225000E+00  5.150068E+00  5.162859E-02
  2.275000E+00  7.161285E+00  8.510306E-02
  2.325000E+00  1.281957E+01  1.476892E-01
  2.375000E+00  3.794653E+01  3.410008E-01
  2.425000E+00  7.554442E+01  7.422219E-01
  2.475000E+00  5.834826E+01  1.065024E+00
  2.525000E+00  1.172603E+01  1.132543E+00
  2.575000E+00  1.788696E+00  1.143255E+00
  2.625000E+00  1.707718E+00  1.153882E+00
  2.675000E+00  2.403595E+00  1.169415E+00
  2.725000E+00  3.036873E+00  1.189782E+00
  2.775000E+00  3.814733E+00  1.216312E+00
  2.825000E+00  4.970733E+00  1.252139E+00
  2.875000E+00  6.392628E+00  1.299860E+00
  2.925000E+00  7.810304E+00  1.360210E+00
  2.975000E+00  9.334397E+00  1.434822E+00
  3.025000E+00  1.107567E+01  1.526354E+00
  3.075000E+00  1.246219E+01  1.632778E+00
  3.125000E+00  1.387474E+01  1.755148E+00
  3.175000E+00  1.341450E+01  1.877276E+00
  3.225000E+00  1.287937E+01  1.998253E+00
  3.275000E+00  1.379461E+01  2.131877E+00
  3.325000E+00  1.320706E+01  2.263745E+00
  3.375000E+00  1.301244E+01  2.397607E+00
  3.425000E+00  1.263172E+01  2.531431E+00
  3.475000E+00  1.232672E+01  2.665864E+00
  3.525000E+00  1.200936E+01  2.800633E+00
  3.575000E+00  1.181199E+01  2.936973E+00
  3.625000E+00  1.138634E+01  3.072102E+00
  3.675000E+00  1.075543E+01  3.203290E+00
  3.725000E+00  1.063827E+01  3.336603E+00
  3.775000E+00  1.032244E+01  3.469454E+00
  3.825000E+00  1.034996E+01  3.606211E+00
  3.875000E+00  1.058478E+01  3.749751E+00
  3.925000E+00  1.063341E+01  3.897696E+00
  3.975000E+00  1.021204E+01  4.043421E+00
  4.025000E+00  1.003437E+01  4.190236E+00
  4.075000E+00  9.462390E+00  4.332143E+00
  4.125000E+00  8.764969E+00  4.466837E+00
  4.175000E+00  8.093558E+00  4.594246E+00
  4.225000E+00  7.574999E+00  4.716365E+00
  4.275000E+00  6.858769E+00  4.829570E+00
  4.325000E+00  6.774951E+00  4.944022E+00
  4.375000E+00  6.622727E+00  5.058505E+00
  4.425000E+00  6.121093E+00  5.166749E+00
  4.475000E+00  6.317865E+00  5.281011E+00
  4.525000E+00  6.143643E+00  5.394620E+00
  4.575000E+00  6.255190E+00  5.512861E+00
  4.625000E+00  6.366520E+00  5.635852E+00
  4.675000E+00  6.232666E+00  5.758874E+00
  4.725000E+00  6.268720E+00  5.885269E+00
  4.775000E+00  6.620855E+00  6.021604E+00
  4.825000E+00  6.823919E+00  6.165078E+00
  4.875000E+00  6.897267E+00  6.313116E+00
  4.925000E+00  7.301068E+00  6.473052E+00
  4.975000E+00  7.618032E+00  6.643336E+00
  5.025000E+00  7.782594E+00  6.820814E+00
  5.075000E+00  7.512871E+00  6.995566E+00
  5.125000E+00  7.497100E+00  7.173405E+00
  5.175000E+00  7.542924E+00  7.355840E+00
  5.225000E+00  7.566422E+00  7.542395E+00
  5.275000E+00  7.403169E+00  7.728436E+00
  5.325000E+00  7.360610E+00  7.916931E+00
  5.375000E+00  7.123584E+00  8.102797E+00
  5.425000E+00  7.058769E+00  8.290415E+00
  5.475000E+00  6.613705E+00  8.469459E+00
  5.525000E+00  6.330247E+00  8.643973E+00
  5.575000E+00  6.356817E+00  8.822406E+00
  5.625000E+00  6.204282E+00  8.999695E+00
  5.675000E+00  5.754281E+00  9.167061E+00
  5.725000E+00  5.761086E+00  9.337591E+00
  5.775000E+00  5.655645E+00  9.507937E+00
  5.825000E+00  5.364180E+00  9.672314E+00
  5.875000E+00  5.274071E+00  9.836715E+00
  5.925000E+00  5.110185E+00  9.998732E+00
  5.975000E+00  5.068869E+00  1.016216E+01
O       O_s     
  2.500000E-02  2.980643E+04  2.243217E-02
  7.500000E-02  9.049184E+03  7.010476E-02
  1.250000E-01  1.096023E+04  2.268284E-01
  1.750000E-01  1.159798E+04  5.497858E-01
  2.250000E-01  6.869606E+03  8.651577E-01
  2.750000E-01  1.823282E+03  9.900272E-01
  3.250000E-01  1.002636E+02  9.996104E-01
  3.750000E-01  2.597862E+00  9.999408E-01
  4.250000E-01  1.702780E-01  9.999686E-01
  4.750000E-01  5.490221E-02  9.999798E-01
  5.250000E-01  2.247507E-02  9.999854E-01
  5.750000E-01  1.006622E-02  9.999884E-01
  6.250000E-01  5.112526E-03  9.999902E-01
  6.750000E-01  3.484321E-03  9.999916E-01
  7.250000E-01  1.948697E-03  9.999926E-01
  7.750000E-01  1.961265E-03  9.999936E-01
  8.250000E-01  1.053537E-03  9.999943E-01
  8.750000E-01  1.070405E-03  9.999950E-01
  9.250000E-01  7.183806E-04  9.999956E-01
  9.750000E-01  1.077676E-03  9.999965E-01
  1.025000E+00  4.875607E-04  9.999969E-01
  1.075000E+00  5.319227E-04  9.999975E-01
  1.125000E+00  5.666489E-04  9.999981E-01
  1.175000E+00  4.452485E-04  9.999987E-01
  1.225000E+00  5.803353E-04  9.999995E-01
  1.275000E+00  8.193319E-04  1.000001E+00
  1.325000E+00  1.079645E-03  1.000002E+00
  1.375000E+00  7.315989E-04  1.000004E+00
  1.425000E+00  1.084818E-03  1.000006E+00
  1.475000E+00  1.954407E-03  1.000009E+00
  1.525000E+00  2.951812E-03  1.000016E+00
  1.575000E+00  5.369555E-03  1.000028E+00
  1.625000E+00  1.032127E-02  1.000052E+00
  1.675000E+00  1.911821E-02  1.000101E+00
  1.725000E+00  3.937496E-02  1.000207E+00
  1.775000E+00  6.421319E-02  1.000389E+00
  1.825000E+00  1.041815E-01  1.000703E+00
  1.875000E+00  1.394006E-01  1.001145E+00
  1.925000E+00  3.701603E-01  1.002384E+00
  1.975000E+00  1.473820E+00  1.007576E+00
  2.025000E+00  3.890645E+00  1.021985E+00
  2.075000E+00  5.176384E+00  1.042115E+00
  2.125000E+00  3.435300E+00  1.056125E+00
  2.175000E+00  5.289751E+00  1.078725E+00
  2.225000E+00  2.665674E+01  1.197912E+00
  2.275000E+00  1.068925E+02  1.697567E+00
  2.325000E+00  7.790496E+01  2.077905E+00
  2.375000E+00  7.353699E+00  2.115367E+00
  2.425000E+00  1.957769E+00  2.125765E+00
  2.475000E+00  1.217141E+00  2.132499E+00
  2.525000E+00  1.174865E+00  2.139264E+00
  2.575000E+00  1.591972E+00  2.148797E+00
  2.625000E+00  2.261726E+00  2.162872E+00
  2.675000E+00  2.836056E+00  2.181200E+00
  2.725000E+00  3.795474E+00  2.206654E+00
  2.775000E+00  5.341663E+00  2.243804E+00
  2.825000E+00  7.205733E+00  2.295740E+00
  2.875000E+00  9.060465E+00  2.363376E+00
  2.925000E+00  1.042611E+01  2.443938E+00
  2.975000E+00  1.158778E+01  2.536563E+00
  3.025000E+00  1.250278E+01  2.639889E+00
  3.075000E+00  1.317009E+01  2.752357E+00
  3.125000E+00  1.382023E+01  2.874247E+00
  3.175000E+00  1.391490E+01  3.000930E+00
  3.225000E+00  1.400478E+01  3.132479E+00
  3.275000E+00  1.353791E+01  3.263616E+00
  3.325000E+00  1.361913E+01  3.399599E+00
  3.375000E+00  1.269781E+01  3.530224E+00
  3.425000E+00  1.244612E+01  3.662081E+00
  3.475000E+00  1.236832E+01  3.796968E+00
  3.525000E+00  1.196326E+01  3.931219E+00
  3.575000E+00  1.183652E+01  4.067843E+00
  3.625000E+00  1.130304E+01  4.201984E+00
  3.675000E+00  1.126853E+01  4.339429E+00
  3.725000E+00  1.089370E+01  4.475943E+00
  3.775000E+00  1.066677E+01  4.613226E+00
  3.825000E+00  1.087745E+01  4.756953E+00
  3.875000E+00  1.069929E+01  4.902046E+00
  3.925000E+00  1.063985E+01  5.050081E+00
  3.975000E+00  9.624584E+00  5.187423E+00
  4.025000E+00  9.060770E+00  5.319993E+00
  4.075000E+00  8.213705E+00  5.443174E+00
  4.125000E+00  7.608022E+00  5.560088E+00
  4.175000E+00  7.357587E+00  5.675911E+00
  4.225000E+00  6.823328E+00  5.785912E+00
  4.275000E+00  6.549862E+00  5.894019E+00
  4.325000E+00  6.298367E+00  6.000420E+00
  4.375000E+00  6.158373E+00  6.106876E+00
  4.425000E+00  5.977794E+00  6.212586E+00
  4.475000E+00  6.019572E+00  6.321453E+00
  4.525000E+00  6.305328E+00  6.438052E+00
  4.575000E+00  6.191393E+00  6.555087E+00
  4.625000E+00  6.279726E+00  6.676401E+00
  4.675000E+00  6.202078E+00  6.798820E+00
  4.725000E+00  6.504611E+00  6.929971E+00
  4.775000E+00  6.811401E+00  7.070229E+00
  4.825000E+00  6.862634E+00  7.214518E+00
  4.875000E+00  7.383048E+00  7.372982E+00
  4.925000E+00  7.575737E+00  7.538934E+00
  4.975000E+00  7.886780E+00  7.715226E+00
  5.025000E+00  7.916880E+00  7.895766E+00
  5.075000E+00  7.991371E+00  8.081649E+00
  5.125000E+00  7.878415E+00  8.268533E+00
  5.175000E+00  7.846720E+00  8.458315E+00
  5.225000E+00  7.666923E+00  8.647349E+00
  5.275000E+00  7.422735E+00  8.833881E+00
  5.325000E+00  7.356990E+00  9.022283E+00
  5.375000E+00  7.289628E+00  9.212482E+00
  5.425000E+00  7.046374E+00  9.399770E+00
  5.475000E+00  6.689462E+00  9.580865E+00
  5.525000E+00  6.274567E+00  9.753844E+00
  5.575000E+00  6.128329E+00  9.925863E+00
  5.625000E+00  6.178755E+00  1.010242E+01
  5.675000E+00  6.051328E+00  1.027843E+01
  5.725000E+00  5.599131E+00  1.044416E+01
  5.775000E+00  5.358656E+00  1.060557E+01
  5.825000E+00  5.373867E+00  1.077024E+01
  5.875000E+00  5.205065E+00  1.093249E+01
  5.925000E+00  5.060920E+00  1.109294E+01
  5.975000E+00  4.907495E+00  1.125117E+01
O_s     O_s     
  2.500000E-02  0.000000E+00  0.000000E+00
  7.500000E-02  0.000000E+00  0.000000E+00
  1.250000E-01  0.000000E+00  0.000000E+00
  1.750000E-01  0.000000E+00  0.000000E+00
  2.250000E-01  0.000000E+00  0.000000E+00
  2.750000E-01  0.000000E+00  0.000000E+00
  3.250000E-01  0.000000E+00  0.000000E+00
  3.750000E-01  0.000000E+00  0.000000E+00
  4.250000E-01  0.000000E+00  0.000000E+00
  4.750000E-01  0.000000E+00  0.000000E+00
  5.250000E-01  3.715198E-04  9.254889E-08
  5.750000E-01  3.097558E-04  1.850978E-07
  6.250000E-01  5.244053E-04  3.701956E-07
  6.750000E-01  0.000000E+00  3.701956E-07
  7.250000E-01  0.000000E+00  3.701956E-07
  7.750000E-01  0.000000E+00  3.701956E-07
  8.250000E-01  0.000000E+00  3.701956E-07
  8.750000E-01  2.676236E-04  5.552934E-07
  9.250000E-01  0.000000E+00  5.552934E-07
  9.750000E-01  0.000000E+00  5.552934E-07
  1.025000E+00  1.950405E-04  7.403911E-07
  1.075000E+00  3.546447E-04  1.110587E-06
  1.125000E+00  8.095659E-05  1.203136E-06
  1.175000E+00  7.421427E-05  1.295685E-06
  1.225000E+00  4.779630E-04  1.943527E-06
  1.275000E+00  3.781847E-04  2.498820E-06
  1.325000E+00  2.918202E-04  2.961565E-06
  1.375000E+00  1.625911E-04  3.239211E-06
  1.425000E+00  3.027650E-04  3.794505E-06
  1.475000E+00  1.177452E-03  6.108227E-06
  1.525000E+00  2.335210E-03  1.101332E-05
  1.575000E+00  4.378617E-03  2.082350E-05
  1.625000E+00  4.423770E-03  3.137407E-05
  1.675000E+00  1.409789E-02  6.709795E-05
  1.725000E+00  9.225562E-02  3.150364E-04
  1.775000E+00  3.831321E-01  1.405262E-03
  1.825000E+00  3.823241E+00  1.290604E-02
  1.875000E+00  3.092718E+00  2.272603E-02
  1.925000E+00  5.020077E+00  3.952717E-02
  1.975000E+00  2.652682E+00  4.887229E-02
  2.025000E+00  3.837529E+00  6.308466E-02
  2.075000E+00  1.875255E+01  1.360069E-01
  2.125000E+00  1.291460E+02  6.627045E-01
  2.175000E+00  8.282914E+01  1.016590E+00
  2.225000E+00  1.503090E+01  1.083796E+00
  2.275000E+00  5.422892E+00  1.109145E+00
  2.325000E+00  2.168492E+00  1.119731E+00
  2.375000E+00  1.176646E+00  1.125726E+00
  2.425000E+00  1.180921E+00  1.131998E+00
  2.475000E+00  1.463348E+00  1.140093E+00
  2.525000E+00  1.755842E+00  1.150204E+00
  2.575000E+00  2.656864E+00  1.166114E+00
  2.625000E+00  3.817280E+00  1.189870E+00
  2.675000E+00  5.004733E+00  1.222213E+00
  2.725000E+00  6.636170E+00  1.266718E+00
  2.775000E+00  7.394206E+00  1.318142E+00
  2.825000E+00  9.261731E+00  1.384897E+00
  2.875000E+00  1.093939E+01  1.466560E+00
  2.925000E+00  1.158063E+01  1.556042E+00
  2.975000E+00  1.257430E+01  1.656552E+00
  3.025000E+00  1.333996E+01  1.766797E+00
  3.075000E+00  1.408610E+01  1.887088E+00
  3.125000E+00  1.487764E+01  2.018304E+00
  3.175000E+00  1.473689E+01  2.152470E+00
  3.225000E+00  1.328862E+01  2.277292E+00
  3.275000E+00  1.342961E+01  2.407380E+00
  3.325000E+00  1.323721E+01  2.539549E+00
  3.375000E+00  1.285135E+01  2.671754E+00
  3.425000E+00  1.176551E+01  2.796401E+00
  3.475000E+00  1.219212E+01  2.929367E+00
  3.525000E+00  1.183412E+01  3.062168E+00
  3.575000E+00  1.202739E+01  3.200995E+00
  3.625000E+00  1.158976E+01  3.338538E+00
  3.675000E+00  1.174052E+01  3.481741E+00
  3.725000E+00  1.113546E+01  3.621285E+00
  3.775000E+00  1.135824E+01  3.767467E+00
  3.825000E+00  1.076396E+01  3.909694E+00
  3.875000E+00  1.007973E+01  4.046386E+00
  3.925000E+00  9.431841E+00  4.177613E+00
  3.975000E+00  8.592477E+00  4.300227E+00
  4.025000E+00  7.850192E+00  4.415085E+00
  4.075000E+00  7.570159E+00  4.528614E+00
  4.125000E+00  7.246479E+00  4.639972E+00
  4.175000E+00  6.762307E+00  4.746425E+00
  4.225000E+00  6.316048E+00  4.848248E+00
  4.275000E+00  6.025724E+00  4.947704E+00
  4.325000E+00  6.138874E+00  5.051411E+00
  4.375000E+00  5.972821E+00  5.154659E+00
  4.425000E+00  5.880019E+00  5.258639E+00
  4.475000E+00  6.021545E+00  5.367543E+00
  4.525000E+00  6.044413E+00  5.479316E+00
  4.575000E+00  6.257138E+00  5.597594E+00
  4.625000E+00  6.303944E+00  5.719376E+00
  4.675000E+00  6.405758E+00  5.845815E+00
  4.725000E+00  6.953828E+00  5.986023E+00
  4.775000E+00  7.003509E+00  6.130238E+00
  4.825000E+00  7.446800E+00  6.286809E+00
  4.875000E+00  7.697831E+00  6.452029E+00
  4.925000E+00  7.865810E+00  6.624336E+00
  4.975000E+00  7.870093E+00  6.800255E+00
  5.025000E+00  8.213249E+00  6.987553E+00
  5.075000E+00  8.135459E+00  7.176787E+00
  5.125000E+00  7.934990E+00  7.365013E+00
  5.175000E+00  7.935820E+00  7.556950E+00
  5.225000E+00  7.735978E+00  7.747687E+00
  5.275000E+00  7.685829E+00  7.940831E+00
  5.325000E+00  7.381401E+00  8.129858E+00
  5.375000E+00  6.992960E+00  8.312316E+00
  5.425000E+00  6.870456E+00  8.494929E+00
  5.475000E+00  6.763303E+00  8.678022E+00
  5.525000E+00  6.444686E+00  8.855691E+00
  5.575000E+00  6.213088E+00  9.030090E+00
  5.625000E+00  5.952778E+00  9.200192E+00
  5.675000E+00  5.712270E+00  9.366336E+00
  5.725000E+00  5.595835E+00  9.531975E+00
  5.775000E+00  5.457314E+00  9.696347E+00
  5.825000E+00  5.218606E+00  9.856263E+00
  5.875000E+00  5.096991E+00  1.001514E+01
  5.925000E+00  4.981204E+00  1.017307E+01
  5.975000E+00  4.859245E+00  1.032974E+01
