# Li56 La24 Zr16 O96                                                    
        15       120
Li      Li      
  2.500000E-02  0.000000E+00  0.000000E+00
  7.500000E-02  0.000000E+00  0.000000E+00
  1.250000E-01  0.000000E+00  0.000000E+00
  1.750000E-01  0.000000E+00  0.000000E+00
  2.250000E-01  0.000000E+00  0.000000E+00
  2.750000E-01  0.000000E+00  0.000000E+00
  3.250000E-01  0.000000E+00  0.000000E+00
  3.750000E-01  0.000000E+00  0.000000E+00
  4.250000E-01  0.000000E+00  0.000000E+00
  4.750000E-01  0.000000E+00  0.000000E+00
  5.250000E-01  0.000000E+00  0.000000E+00
  5.750000E-01  1.093587E-02  7.933969E-07
  6.250000E-01  6.171342E-03  1.322328E-06
  6.750000E-01  1.322833E-03  1.454561E-06
  7.250000E-01  1.146735E-03  1.586794E-06
  7.750000E-01  6.021552E-03  2.380191E-06
  8.250000E-01  2.568434E-02  6.214942E-06
  8.750000E-01  3.070730E-02  1.137202E-05
  9.250000E-01  5.566076E-02  2.181841E-05
  9.750000E-01  5.707545E-02  3.371937E-05
  1.025000E+00  1.096000E-01  5.897583E-05
  1.075000E+00  2.707593E-01  1.276047E-04
  1.125000E+00  1.387158E+00  5.126666E-04
  1.175000E+00  3.283316E+01  1.045486E-02
  1.225000E+00  4.093204E+01  2.392660E-02
  1.275000E+00  1.388506E+01  2.887713E-02
  1.325000E+00  1.717659E+01  3.549089E-02
  1.375000E+00  3.094917E+01  4.832395E-02
  1.425000E+00  8.350381E+01  8.551245E-02
  1.475000E+00  1.513226E+02  1.577158E-01
  1.525000E+00  1.569692E+02  2.377768E-01
  1.575000E+00  1.869645E+02  3.394917E-01
  1.625000E+00  2.395690E+02  4.782311E-01
  1.675000E+00  3.009848E+02  6.634283E-01
  1.725000E+00  2.929599E+02  8.546093E-01
  1.775000E+00  2.360459E+02  1.017708E+00
  1.825000E+00  1.776106E+02  1.147441E+00
  1.875000E+00  1.337550E+02  1.250566E+00
  1.925000E+00  9.899497E+01  1.331016E+00
  1.975000E+00  6.993718E+01  1.390843E+00
  2.025000E+00  4.886989E+01  1.434791E+00
  2.075000E+00  3.186526E+01  1.464880E+00
  2.125000E+00  2.338548E+01  1.488038E+00
  2.175000E+00  1.769360E+01  1.506394E+00
  2.225000E+00  1.618340E+01  1.523965E+00
  2.275000E+00  1.970014E+01  1.546325E+00
  2.325000E+00  1.855355E+01  1.568320E+00
  2.375000E+00  1.174666E+01  1.582850E+00
  2.425000E+00  7.522792E+00  1.592552E+00
  2.475000E+00  8.934086E+00  1.604554E+00
  2.525000E+00  1.064418E+01  1.619436E+00
  2.575000E+00  1.195065E+01  1.636814E+00
  2.625000E+00  1.447512E+01  1.658687E+00
  2.675000E+00  1.711429E+01  1.685544E+00
  2.725000E+00  1.823948E+01  1.715246E+00
  2.775000E+00  1.627682E+01  1.742733E+00
  2.825000E+00  1.588626E+01  1.770537E+00
  2.875000E+00  1.568787E+01  1.798973E+00
  2.925000E+00  1.522168E+01  1.827533E+00
  2.975000E+00  1.705815E+01  1.860642E+00
  3.025000E+00  1.583773E+01  1.892424E+00
  3.075000E+00  1.667930E+01  1.927010E+00
  3.125000E+00  1.810413E+01  1.965782E+00
  3.175000E+00  1.868808E+01  2.007095E+00
  3.225000E+00  1.886998E+01  2.050135E+00
  3.275000E+00  2.050816E+01  2.098372E+00
  3.325000E+00  2.157511E+01  2.150681E+00
  3.375000E+00  2.077802E+01  2.202583E+00
  3.425000E+00  2.045106E+01  2.255194E+00
  3.475000E+00  1.963460E+01  2.307190E+00
  3.525000E+00  1.849655E+01  2.357591E+00
  3.575000E+00  1.657482E+01  2.404046E+00
  3.625000E+00  1.544813E+01  2.448564E+00
  3.675000E+00  1.579660E+01  2.495349E+00
  3.725000E+00  1.443603E+01  2.539277E+00
  3.775000E+00  1.382441E+01  2.582480E+00
  3.825000E+00  1.309377E+01  2.624491E+00
  3.875000E+00  1.246274E+01  2.665529E+00
  3.925000E+00  1.224056E+01  2.706883E+00
  3.975000E+00  1.218822E+01  2.749115E+00
  4.025000E+00  1.158771E+01  2.790284E+00
  4.075000E+00  1.164825E+01  2.832702E+00
  4.125000E+00  1.155575E+01  2.875822E+00
  4.175000E+00  1.160743E+01  2.920191E+00
  4.225000E+00  1.217270E+01  2.967842E+00
  4.275000E+00  1.229641E+01  3.017124E+00
  4.325000E+00  1.239883E+01  3.067985E+00
  4.375000E+00  1.225538E+01  3.119426E+00
  4.425000E+00  1.187030E+01  3.170397E+00
  4.475000E+00  1.208501E+01  3.223469E+00
  4.525000E+00  1.207427E+01  3.277686E+00
  4.575000E+00  1.246993E+01  3.334923E+00
  4.625000E+00  1.297751E+01  3.395799E+00
  4.675000E+00  1.288446E+01  3.457552E+00
  4.725000E+00  1.311610E+01  3.521768E+00
  4.775000E+00  1.333427E+01  3.588441E+00
  4.825000E+00  1.255535E+01  3.652540E+00
  4.875000E+00  1.347761E+01  3.722782E+00
  4.925000E+00  1.321718E+01  3.793086E+00
  4.975000E+00  1.347328E+01  3.866216E+00
  5.025000E+00  1.374353E+01  3.942319E+00
  5.075000E+00  1.346387E+01  4.018364E+00
  5.125000E+00  1.402223E+01  4.099132E+00
  5.175000E+00  1.355750E+01  4.178753E+00
  5.225000E+00  1.350719E+01  4.259620E+00
  5.275000E+00  1.373009E+01  4.343402E+00
  5.325000E+00  1.342023E+01  4.426852E+00
  5.375000E+00  1.349510E+01  4.512352E+00
  5.425000E+00  1.303218E+01  4.596462E+00
  5.475000E+00  1.295220E+01  4.681604E+00
  5.525000E+00  1.306746E+01  4.769079E+00
  5.575000E+00  1.289554E+01  4.856974E+00
  5.625000E+00  1.253107E+01  4.943923E+00
  5.675000E+00  1.211123E+01  5.029459E+00
  5.725000E+00  1.225207E+01  5.117521E+00
  5.775000E+00  1.202874E+01  5.205496E+00
  5.825000E+00  1.194882E+01  5.294405E+00
  5.875000E+00  1.168905E+01  5.382881E+00
  5.925000E+00  1.152637E+01  5.471617E+00
  5.975000E+00  1.151260E+01  5.561749E+00
Li      La      
  2.500000E-02  0.000000E+00  0.000000E+00
  7.500000E-02  0.000000E+00  0.000000E+00
  1.250000E-01  0.000000E+00  0.000000E+00
  1.750000E-01  0.000000E+00  0.000000E+00
  2.250000E-01  0.000000E+00  0.000000E+00
  2.750000E-01  0.000000E+00  0.000000E+00
  3.250000E-01  0.000000E+00  0.000000E+00
  3.750000E-01  0.000000E+00  0.000000E+00
  4.250000E-01  0.000000E+00  0.000000E+00
  4.750000E-01  0.000000E+00  0.000000E+00
  5.250000E-01  0.000000E+00  0.000000E+00
  5.750000E-01  0.000000E+00  0.000000E+00
  6.250000E-01  0.000000E+00  0.000000E+00
  6.750000E-01  0.000000E+00  0.000000E+00
  7.250000E-01  0.000000E+00  0.000000E+00
  7.750000E-01  0.000000E+00  0.000000E+00
  8.250000E-01  0.000000E+00  0.000000E+00
  8.750000E-01  0.000000E+00  0.000000E+00
  9.250000E-01  0.000000E+00  0.000000E+00
  9.750000E-01  0.000000E+00  0.000000E+00
  1.025000E+00  0.000000E+00  0.000000E+00
  1.075000E+00  0.000000E+00  0.000000E+00
  1.125000E+00  0.000000E+00  0.000000E+00
  1.175000E+00  0.000000E+00  0.000000E+00
  1.225000E+00  0.000000E+00  0.000000E+00
  1.275000E+00  0.000000E+00  0.000000E+00
  1.325000E+00  0.000000E+00  0.000000E+00
  1.375000E+00  0.000000E+00  0.000000E+00
  1.425000E+00  0.000000E+00  0.000000E+00
  1.475000E+00  0.000000E+00  0.000000E+00
  1.525000E+00  3.024248E-04  6.610696E-08
  1.575000E+00  8.505887E-04  2.644278E-07
  1.625000E+00  2.663514E-04  3.305348E-07
  1.675000E+00  2.506883E-04  3.966418E-07
  1.725000E+00  4.727346E-04  5.288557E-07
  1.775000E+00  8.929570E-04  7.932835E-07
  1.825000E+00  6.335258E-04  9.916044E-07
  1.875000E+00  1.000317E-03  1.322139E-06
  1.925000E+00  1.328642E-03  1.784888E-06
  1.975000E+00  2.885085E-03  2.842599E-06
  2.025000E+00  2.401330E-03  3.768097E-06
  2.075000E+00  5.390793E-03  5.949626E-06
  2.125000E+00  1.806825E-02  1.361803E-05
  2.175000E+00  8.831709E-02  5.288557E-05
  2.225000E+00  3.821817E-01  2.307133E-04
  2.275000E+00  1.425986E+00  9.243736E-04
  2.325000E+00  4.210059E+00  3.063330E-03
  2.375000E+00  9.975185E+00  8.351623E-03
  2.425000E+00  1.709461E+01  1.779983E-02
  2.475000E+00  2.304910E+01  3.106981E-02
  2.525000E+00  2.898282E+01  4.843697E-02
  2.575000E+00  3.478371E+01  7.011377E-02
  2.625000E+00  4.206925E+01  9.735883E-02
  2.675000E+00  5.100745E+01  1.316629E-01
  2.725000E+00  5.673354E+01  1.712575E-01
  2.775000E+00  6.018957E+01  2.148197E-01
  2.825000E+00  7.016125E+01  2.674453E-01
  2.875000E+00  7.003038E+01  3.218485E-01
  2.925000E+00  7.339532E+01  3.808661E-01
  2.975000E+00  7.717198E+01  4.450602E-01
  3.025000E+00  7.864694E+01  5.126987E-01
  3.075000E+00  7.895197E+01  5.828626E-01
  3.125000E+00  7.695002E+01  6.534894E-01
  3.175000E+00  7.325532E+01  7.228938E-01
  3.225000E+00  7.167703E+01  7.929585E-01
  3.275000E+00  6.931204E+01  8.628285E-01
  3.325000E+00  6.553551E+01  9.309242E-01
  3.375000E+00  6.232342E+01  9.976445E-01
  3.425000E+00  5.499918E+01  1.058281E+00
  3.475000E+00  4.947328E+01  1.114430E+00
  3.525000E+00  4.515210E+01  1.167160E+00
  3.575000E+00  4.198726E+01  1.217594E+00
  3.625000E+00  3.766670E+01  1.264113E+00
  3.675000E+00  3.513429E+01  1.308710E+00
  3.725000E+00  3.149455E+01  1.349782E+00
  3.775000E+00  2.921961E+01  1.388917E+00
  3.825000E+00  2.648061E+01  1.425329E+00
  3.875000E+00  2.553807E+01  1.461370E+00
  3.925000E+00  2.367256E+01  1.495645E+00
  3.975000E+00  2.229432E+01  1.528752E+00
  4.025000E+00  2.160554E+01  1.561649E+00
  4.075000E+00  2.028388E+01  1.593306E+00
  4.125000E+00  1.944695E+01  1.624405E+00
  4.175000E+00  1.774669E+01  1.653478E+00
  4.225000E+00  1.656187E+01  1.681264E+00
  4.275000E+00  1.544504E+01  1.707793E+00
  4.325000E+00  1.503705E+01  1.734228E+00
  4.375000E+00  1.513684E+01  1.761458E+00
  4.425000E+00  1.443335E+01  1.788020E+00
  4.475000E+00  1.390142E+01  1.814183E+00
  4.525000E+00  1.291979E+01  1.839046E+00
  4.575000E+00  1.310366E+01  1.864823E+00
  4.625000E+00  1.262330E+01  1.890201E+00
  4.675000E+00  1.270987E+01  1.916308E+00
  4.725000E+00  1.238134E+01  1.942287E+00
  4.775000E+00  1.247536E+01  1.969020E+00
  4.825000E+00  1.190178E+01  1.995062E+00
  4.875000E+00  1.148890E+01  2.020723E+00
  4.925000E+00  1.142848E+01  2.046776E+00
  4.975000E+00  1.107618E+01  2.072541E+00
  5.025000E+00  1.073644E+01  2.098020E+00
  5.075000E+00  1.046551E+01  2.123354E+00
  5.125000E+00  1.049840E+01  2.149269E+00
  5.175000E+00  1.025044E+01  2.175069E+00
  5.225000E+00  9.867328E+00  2.200387E+00
  5.275000E+00  9.907853E+00  2.226298E+00
  5.325000E+00  9.301115E+00  2.251085E+00
  5.375000E+00  9.489960E+00  2.276853E+00
  5.425000E+00  9.144452E+00  2.302146E+00
  5.475000E+00  8.794836E+00  2.326924E+00
  5.525000E+00  8.906686E+00  2.352476E+00
  5.575000E+00  8.233331E+00  2.376526E+00
  5.625000E+00  8.104018E+00  2.400625E+00
  5.675000E+00  8.381444E+00  2.425994E+00
  5.725000E+00  8.351979E+00  2.451722E+00
  5.775000E+00  8.439115E+00  2.478174E+00
  5.825000E+00  8.575815E+00  2.505521E+00
  5.875000E+00  8.629464E+00  2.533515E+00
  5.925000E+00  8.279464E+00  2.560831E+00
  5.975000E+00  8.360783E+00  2.588884E+00
Li      Zr      
  2.500000E-02  0.000000E+00  0.000000E+00
  7.500000E-02  0.000000E+00  0.000000E+00
  1.250000E-01  0.000000E+00  0.000000E+00
  1.750000E-01  0.000000E+00  0.000000E+00
  2.250000E-01  0.000000E+00  0.000000E+00
  2.750000E-01  0.000000E+00  0.000000E+00
  3.250000E-01  0.000000E+00  0.000000E+00
  3.750000E-01  0.000000E+00  0.000000E+00
  4.250000E-01  0.000000E+00  0.000000E+00
  4.750000E-01  0.000000E+00  0.000000E+00
  5.250000E-01  0.000000E+00  0.000000E+00
  5.750000E-01  0.000000E+00  0.000000E+00
  6.250000E-01  0.000000E+00  0.000000E+00
  6.750000E-01  0.000000E+00  0.000000E+00
  7.250000E-01  0.000000E+00  0.000000E+00
  7.750000E-01  0.000000E+00  0.000000E+00
  8.250000E-01  0.000000E+00  0.000000E+00
  8.750000E-01  0.000000E+00  0.000000E+00
  9.250000E-01  0.000000E+00  0.000000E+00
  9.750000E-01  0.000000E+00  0.000000E+00
  1.025000E+00  0.000000E+00  0.000000E+00
  1.075000E+00  0.000000E+00  0.000000E+00
  1.125000E+00  0.000000E+00  0.000000E+00
  1.175000E+00  7.640925E-04  6.610696E-08
  1.225000E+00  0.000000E+00  6.610696E-08
  1.275000E+00  6.489500E-04  1.322139E-07
  1.325000E+00  0.000000E+00  1.322139E-07
  1.375000E+00  0.000000E+00  1.322139E-07
  1.425000E+00  1.039066E-03  2.644278E-07
  1.475000E+00  4.849105E-04  3.305348E-07
  1.525000E+00  4.536372E-04  3.966418E-07
  1.575000E+00  0.000000E+00  3.966418E-07
  1.625000E+00  0.000000E+00  3.966418E-07
  1.675000E+00  0.000000E+00  3.966418E-07
  1.725000E+00  1.418204E-03  6.610696E-07
  1.775000E+00  1.004577E-03  8.593905E-07
  1.825000E+00  1.583815E-03  1.189925E-06
  1.875000E+00  3.000951E-03  1.850995E-06
  1.925000E+00  6.263600E-03  3.305348E-06
  1.975000E+00  4.706294E-02  1.480796E-05
  2.025000E+00  2.994802E-01  9.175646E-05
  2.075000E+00  1.415573E+00  4.736564E-04
  2.125000E+00  3.763492E+00  1.538507E-03
  2.175000E+00  7.141195E+00  3.655252E-03
  2.225000E+00  1.125277E+01  7.145832E-03
  2.275000E+00  1.671311E+01  1.256581E-02
  2.325000E+00  1.363591E+01  1.718437E-02
  2.375000E+00  1.766089E+01  2.342626E-02
  2.425000E+00  2.275968E+01  3.181245E-02
  2.475000E+00  3.006349E+01  4.335136E-02
  2.525000E+00  4.203950E+01  6.014537E-02
  2.575000E+00  6.213396E+01  8.595948E-02
  2.625000E+00  8.629991E+01  1.232194E-01
  2.675000E+00  1.082523E+02  1.717547E-01
  2.725000E+00  1.313216E+02  2.328547E-01
  2.775000E+00  1.360906E+02  2.985185E-01
  2.825000E+00  1.314950E+02  3.642718E-01
  2.875000E+00  1.157486E+02  4.242181E-01
  2.925000E+00  1.021950E+02  4.790019E-01
  2.975000E+00  8.281931E+01  5.249297E-01
  3.025000E+00  6.912895E+01  5.645648E-01
  3.075000E+00  5.478391E+01  5.970221E-01
  3.125000E+00  4.339943E+01  6.235776E-01
  3.175000E+00  3.578743E+01  6.461817E-01
  3.225000E+00  3.074036E+01  6.662143E-01
  3.275000E+00  2.604258E+01  6.837157E-01
  3.325000E+00  2.187358E+01  6.988678E-01
  3.375000E+00  2.016036E+01  7.132562E-01
  3.425000E+00  1.895896E+01  7.271911E-01
  3.475000E+00  1.941798E+01  7.418831E-01
  3.525000E+00  1.795018E+01  7.558582E-01
  3.575000E+00  1.664556E+01  7.691878E-01
  3.625000E+00  1.693825E+01  7.831339E-01
  3.675000E+00  1.536821E+01  7.961387E-01
  3.725000E+00  1.474216E+01  8.089555E-01
  3.775000E+00  1.503085E+01  8.223765E-01
  3.825000E+00  1.480597E+01  8.359492E-01
  3.875000E+00  1.394658E+01  8.490705E-01
  3.925000E+00  1.428461E+01  8.628589E-01
  3.975000E+00  1.461502E+01  8.773279E-01
  4.025000E+00  1.492373E+01  8.924766E-01
  4.075000E+00  1.505782E+01  9.081435E-01
  4.125000E+00  1.535164E+01  9.245104E-01
  4.175000E+00  1.573962E+01  9.417003E-01
  4.225000E+00  1.577334E+01  9.593420E-01
  4.275000E+00  1.660497E+01  9.783561E-01
  4.325000E+00  1.602636E+01  9.971394E-01
  4.375000E+00  1.596184E+01  1.016282E+00
  4.425000E+00  1.560596E+01  1.035428E+00
  4.475000E+00  1.605975E+01  1.055579E+00
  4.525000E+00  1.506259E+01  1.074903E+00
  4.575000E+00  1.534247E+01  1.095024E+00
  4.625000E+00  1.481717E+01  1.114883E+00
  4.675000E+00  1.416762E+01  1.134284E+00
  4.725000E+00  1.373666E+01  1.153499E+00
  4.775000E+00  1.298882E+01  1.172055E+00
  4.825000E+00  1.244230E+01  1.190204E+00
  4.875000E+00  1.121991E+01  1.206911E+00
  4.925000E+00  1.075349E+01  1.223254E+00
  4.975000E+00  9.673584E+00  1.238256E+00
  5.025000E+00  9.224811E+00  1.252850E+00
  5.075000E+00  8.998057E+00  1.267371E+00
  5.125000E+00  9.269425E+00  1.282626E+00
  5.175000E+00  8.658318E+00  1.297154E+00
  5.225000E+00  8.514465E+00  1.311718E+00
  5.275000E+00  8.372968E+00  1.326316E+00
  5.325000E+00  8.769427E+00  1.341896E+00
  5.375000E+00  8.916430E+00  1.358037E+00
  5.425000E+00  8.664712E+00  1.374014E+00
  5.475000E+00  8.591792E+00  1.390151E+00
  5.525000E+00  8.677552E+00  1.406748E+00
  5.575000E+00  8.576812E+00  1.423450E+00
  5.625000E+00  8.582272E+00  1.440464E+00
  5.675000E+00  9.000566E+00  1.458626E+00
  5.725000E+00  8.927639E+00  1.476960E+00
  5.775000E+00  9.109058E+00  1.495995E+00
  5.825000E+00  9.092409E+00  1.515325E+00
  5.875000E+00  9.226440E+00  1.535278E+00
  5.925000E+00  9.097675E+00  1.555289E+00
  5.975000E+00  9.083326E+00  1.575607E+00
Li      O       
  2.500000E-02  0.000000E+00  0.000000E+00
  7.500000E-02  0.000000E+00  0.000000E+00
  1.250000E-01  0.000000E+00  0.000000E+00
  1.750000E-01  0.000000E+00  0.000000E+00
  2.250000E-01  0.000000E+00  0.000000E+00
  2.750000E-01  0.000000E+00  0.000000E+00
  3.250000E-01  0.000000E+00  0.000000E+00
  3.750000E-01  1.248621E-03  6.610696E-08
  4.250000E-01  0.000000E+00  6.610696E-08
  4.750000E-01  1.557320E-03  1.983209E-07
  5.250000E-01  6.375133E-04  2.644278E-07
  5.750000E-01  5.315287E-04  3.305348E-07
  6.250000E-01  4.499294E-03  9.916044E-07
  6.750000E-01  2.700399E-03  1.454353E-06
  7.250000E-01  5.350666E-03  2.512065E-06
  7.750000E-01  6.146123E-03  3.900311E-06
  8.250000E-01  8.006761E-03  5.949626E-06
  8.750000E-01  1.377695E-02  9.916044E-06
  9.250000E-01  4.725792E-02  2.512065E-05
  9.750000E-01  1.510962E-01  7.913003E-05
  1.025000E+00  3.572729E-01  2.202684E-04
  1.075000E+00  1.521695E+00  8.814702E-04
  1.125000E+00  2.847019E+01  1.442956E-02
  1.175000E+00  6.295716E+02  3.412413E-01
  1.225000E+00  2.000177E+03  1.469769E+00
  1.275000E+00  6.662393E+02  1.876978E+00
  1.325000E+00  1.113634E+02  1.950486E+00
  1.375000E+00  3.022843E+01  1.971974E+00
  1.425000E+00  9.521564E+00  1.979243E+00
  1.475000E+00  3.013396E+00  1.981708E+00
  1.525000E+00  1.419053E+00  1.982949E+00
  1.575000E+00  7.782887E-01  1.983674E+00
  1.625000E+00  4.775015E-01  1.984149E+00
  1.675000E+00  5.103387E-01  1.984687E+00
  1.725000E+00  3.894151E-01  1.985122E+00
  1.775000E+00  4.209734E-01  1.985621E+00
  1.825000E+00  4.518095E-01  1.986187E+00
  1.875000E+00  7.377839E-01  1.987162E+00
  1.925000E+00  8.532732E-01  1.988351E+00
  1.975000E+00  1.195777E+00  1.990104E+00
  2.025000E+00  1.020437E+00  1.991677E+00
  2.075000E+00  1.758338E+00  1.994524E+00
  2.125000E+00  1.940974E+00  1.997819E+00
  2.175000E+00  2.999808E+00  2.003154E+00
  2.225000E+00  5.362869E+00  2.013135E+00
  2.275000E+00  9.186251E+00  2.031010E+00
  2.325000E+00  1.579208E+01  2.063103E+00
  2.375000E+00  7.280348E+00  2.078541E+00
  2.425000E+00  1.005905E+01  2.100780E+00
  2.475000E+00  1.980550E+01  2.146390E+00
  2.525000E+00  2.840388E+01  2.214471E+00
  2.575000E+00  3.241492E+01  2.295273E+00
  2.625000E+00  3.772318E+01  2.392995E+00
  2.675000E+00  4.391021E+01  2.511119E+00
  2.725000E+00  4.533794E+01  2.637685E+00
  2.775000E+00  4.396456E+01  2.764963E+00
  2.825000E+00  4.183141E+01  2.890468E+00
  2.875000E+00  3.796104E+01  3.008428E+00
  2.925000E+00  3.403445E+01  3.117898E+00
  2.975000E+00  2.955955E+01  3.216252E+00
  3.025000E+00  2.616227E+01  3.306253E+00
  3.075000E+00  2.358969E+01  3.390109E+00
  3.125000E+00  2.129144E+01  3.468276E+00
  3.175000E+00  1.915031E+01  3.540851E+00
  3.225000E+00  1.836266E+01  3.612649E+00
  3.275000E+00  1.695472E+01  3.681014E+00
  3.325000E+00  1.590145E+01  3.747104E+00
  3.375000E+00  1.535520E+01  3.812858E+00
  3.425000E+00  1.564559E+01  3.881856E+00
  3.475000E+00  1.498778E+01  3.949896E+00
  3.525000E+00  1.511016E+01  4.020480E+00
  3.575000E+00  1.514169E+01  4.093232E+00
  3.625000E+00  1.500255E+01  4.167346E+00
  3.675000E+00  1.503209E+01  4.243668E+00
  3.725000E+00  1.566184E+01  4.325366E+00
  3.775000E+00  1.629446E+01  4.412662E+00
  3.825000E+00  1.657663E+01  4.503837E+00
  3.875000E+00  1.665269E+01  4.597841E+00
  3.925000E+00  1.673569E+01  4.694767E+00
  3.975000E+00  1.720900E+01  4.796989E+00
  4.025000E+00  1.741646E+01  4.903063E+00
  4.075000E+00  1.748256E+01  5.012201E+00
  4.125000E+00  1.773749E+01  5.125665E+00
  4.175000E+00  1.818833E+01  5.244850E+00
  4.225000E+00  1.828394E+01  5.367549E+00
  4.275000E+00  1.834709E+01  5.493602E+00
  4.325000E+00  1.856895E+01  5.624182E+00
  4.375000E+00  1.831735E+01  5.755988E+00
  4.425000E+00  1.821558E+01  5.890074E+00
  4.475000E+00  1.783001E+01  6.024306E+00
  4.525000E+00  1.790836E+01  6.162156E+00
  4.575000E+00  1.778862E+01  6.302128E+00
  4.625000E+00  1.708137E+01  6.439488E+00
  4.675000E+00  1.689542E+01  6.578307E+00
  4.725000E+00  1.657015E+01  6.717381E+00
  4.775000E+00  1.622384E+01  6.856445E+00
  4.825000E+00  1.559593E+01  6.992941E+00
  4.875000E+00  1.487171E+01  7.125811E+00
  4.925000E+00  1.475977E+01  7.260399E+00
  4.975000E+00  1.391959E+01  7.389916E+00
  5.025000E+00  1.365271E+01  7.519516E+00
  5.075000E+00  1.333975E+01  7.648678E+00
  5.125000E+00  1.286388E+01  7.775699E+00
  5.175000E+00  1.253406E+01  7.901890E+00
  5.225000E+00  1.204521E+01  8.025513E+00
  5.275000E+00  1.199015E+01  8.150938E+00
  5.325000E+00  1.217979E+01  8.280774E+00
  5.375000E+00  1.204274E+01  8.411570E+00
  5.425000E+00  1.178985E+01  8.542014E+00
  5.475000E+00  1.161299E+01  8.672880E+00
  5.525000E+00  1.153625E+01  8.805266E+00
  5.575000E+00  1.177473E+01  8.942846E+00
  5.625000E+00  1.172468E+01  9.082309E+00
  5.675000E+00  1.156448E+01  9.222323E+00
  5.725000E+00  1.141060E+01  9.362920E+00
  5.775000E+00  1.130042E+01  9.504601E+00
  5.825000E+00  1.142622E+01  9.650351E+00
  5.875000E+00  1.120468E+01  9.795739E+00
  5.925000E+00  1.118455E+01  9.943347E+00
  5.975000E+00  1.104919E+01  1.009164E+01
Li      O_s     
  2.500000E-02  0.000000E+00  0.000000E+00
  7.500000E-02  0.000000E+00  0.000000E+00
  1.250000E-01  0.000000E+00  0.000000E+00
  1.750000E-01  0.000000E+00  0.000000E+00
  2.250000E-01  0.000000E+00  0.000000E+00
  2.750000E-01  0.000000E+00  0.000000E+00
  3.250000E-01  0.000000E+00  0.000000E+00
  3.750000E-01  0.000000E+00  0.000000E+00
  4.250000E-01  0.000000E+00  0.000000E+00
  4.750000E-01  7.786601E-04  6.610696E-08
  5.250000E-01  6.375133E-04  1.322139E-07
  5.750000E-01  1.063057E-03  2.644278E-07
  6.250000E-01  4.499294E-04  3.305348E-07
  6.750000E-01  7.715426E-04  4.627487E-07
  7.250000E-01  2.006500E-03  8.593905E-07
  7.750000E-01  4.682760E-03  1.917102E-06
  8.250000E-01  1.007302E-02  4.495273E-06
  8.750000E-01  4.156045E-02  1.646063E-05
  9.250000E-01  6.676620E+01  2.149759E-02
  9.750000E-01  9.979749E+01  5.717023E-02
  1.025000E+00  4.343852E+02  2.287713E-01
  1.075000E+00  2.653028E+03  1.381556E+00
  1.125000E+00  8.866230E+02  1.803473E+00
  1.175000E+00  1.724356E+02  1.892985E+00
  1.225000E+00  8.521942E+01  1.941067E+00
  1.275000E+00  3.945064E+01  1.965179E+00
  1.325000E+00  1.637539E+01  1.975988E+00
  1.375000E+00  4.902306E+00  1.979473E+00
  1.425000E+00  2.567877E+00  1.981433E+00
  1.475000E+00  1.173160E+00  1.982393E+00
  1.525000E+00  6.658638E-01  1.982975E+00
  1.575000E+00  4.871747E-01  1.983429E+00
  1.625000E+00  4.954136E-01  1.983921E+00
  1.675000E+00  4.471653E-01  1.984393E+00
  1.725000E+00  4.343840E-01  1.984879E+00
  1.775000E+00  6.558769E-01  1.985656E+00
  1.825000E+00  7.044807E-01  1.986538E+00
  1.875000E+00  1.116104E+00  1.988013E+00
  1.925000E+00  1.654160E+00  1.990318E+00
  1.975000E+00  3.540810E+00  1.995510E+00
  2.025000E+00  7.618220E+00  2.007255E+00
  2.075000E+00  1.817163E+01  2.036669E+00
  2.125000E+00  8.482264E+00  2.051069E+00
  2.175000E+00  4.805141E+00  2.059615E+00
  2.225000E+00  8.078562E+00  2.074651E+00
  2.275000E+00  1.682482E+01  2.107388E+00
  2.325000E+00  2.545683E+01  2.159122E+00
  2.375000E+00  2.888079E+01  2.220366E+00
  2.425000E+00  3.418118E+01  2.295934E+00
  2.475000E+00  3.930707E+01  2.386454E+00
  2.525000E+00  4.143163E+01  2.485761E+00
  2.575000E+00  4.734928E+01  2.603792E+00
  2.625000E+00  4.661220E+01  2.724540E+00
  2.675000E+00  4.250608E+01  2.838887E+00
  2.725000E+00  3.854929E+01  2.946502E+00
  2.775000E+00  3.435700E+01  3.045965E+00
  2.825000E+00  3.033954E+01  3.136992E+00
  2.875000E+00  2.742515E+01  3.222213E+00
  2.925000E+00  2.523414E+01  3.303377E+00
  2.975000E+00  2.301413E+01  3.379952E+00
  3.025000E+00  2.024002E+01  3.449580E+00
  3.075000E+00  1.914978E+01  3.517653E+00
  3.125000E+00  1.801469E+01  3.583791E+00
  3.175000E+00  1.685138E+01  3.647653E+00
  3.225000E+00  1.553317E+01  3.708388E+00
  3.275000E+00  1.455003E+01  3.767056E+00
  3.325000E+00  1.484096E+01  3.828739E+00
  3.375000E+00  1.543597E+01  3.894839E+00
  3.425000E+00  1.521483E+01  3.961937E+00
  3.475000E+00  1.486228E+01  4.029407E+00
  3.525000E+00  1.518903E+01  4.100360E+00
  3.575000E+00  1.517497E+01  4.173271E+00
  3.625000E+00  1.592409E+01  4.251938E+00
  3.675000E+00  1.608427E+01  4.333602E+00
  3.725000E+00  1.627156E+01  4.418481E+00
  3.775000E+00  1.681432E+01  4.508562E+00
  3.825000E+00  1.722591E+01  4.603308E+00
  3.875000E+00  1.740715E+01  4.701571E+00
  3.925000E+00  1.721110E+01  4.801250E+00
  3.975000E+00  1.768729E+01  4.906314E+00
  4.025000E+00  1.779605E+01  5.014699E+00
  4.075000E+00  1.817908E+01  5.128186E+00
  4.125000E+00  1.807916E+01  5.243835E+00
  4.175000E+00  1.837693E+01  5.364256E+00
  4.225000E+00  1.867386E+01  5.489571E+00
  4.275000E+00  1.807535E+01  5.613758E+00
  4.325000E+00  1.848045E+01  5.743715E+00
  4.375000E+00  1.835318E+01  5.875779E+00
  4.425000E+00  1.790809E+01  6.007602E+00
  4.475000E+00  1.765565E+01  6.140521E+00
  4.525000E+00  1.755208E+01  6.275629E+00
  4.575000E+00  1.728423E+01  6.411632E+00
  4.625000E+00  1.704003E+01  6.548660E+00
  4.675000E+00  1.622351E+01  6.681957E+00
  4.725000E+00  1.563102E+01  6.813149E+00
  4.775000E+00  1.502312E+01  6.941921E+00
  4.825000E+00  1.456671E+01  7.069410E+00
  4.875000E+00  1.398218E+01  7.194332E+00
  4.925000E+00  1.367017E+01  7.318985E+00
  4.975000E+00  1.335877E+01  7.443283E+00
  5.025000E+00  1.312542E+01  7.567878E+00
  5.075000E+00  1.280979E+01  7.691909E+00
  5.125000E+00  1.257745E+01  7.816101E+00
  5.175000E+00  1.236113E+01  7.940551E+00
  5.225000E+00  1.245603E+01  8.068391E+00
  5.275000E+00  1.228312E+01  8.196880E+00
  5.325000E+00  1.212157E+01  8.326095E+00
  5.375000E+00  1.178827E+01  8.454128E+00
  5.425000E+00  1.171293E+01  8.583720E+00
  5.475000E+00  1.168822E+01  8.715434E+00
  5.525000E+00  1.163668E+01  8.848973E+00
  5.575000E+00  1.166196E+01  8.985235E+00
  5.625000E+00  1.173995E+01  9.124880E+00
  5.675000E+00  1.176998E+01  9.267382E+00
  5.725000E+00  1.164268E+01  9.410838E+00
  5.775000E+00  1.161336E+01  9.556443E+00
  5.825000E+00  1.167848E+01  9.705411E+00
  5.875000E+00  1.142462E+01  9.853653E+00
  5.925000E+00  1.134261E+01  1.000335E+01
  5.975000E+00  1.131738E+01  1.015524E+01
La      La      
  2.500000E-02  0.000000E+00  0.000000E+00
  7.500000E-02  0.000000E+00  0.000000E+00
  1.250000E-01  0.000000E+00  0.000000E+00
  1.750000E-01  0.000000E+00  0.000000E+00
  2.250000E-01  0.000000E+00  0.000000E+00
  2.750000E-01  0.000000E+00  0.000000E+00
  3.250000E-01  0.000000E+00  0.000000E+00
  3.750000E-01  0.000000E+00  0.000000E+00
  4.250000E-01  0.000000E+00  0.000000E+00
  4.750000E-01  0.000000E+00  0.000000E+00
  5.250000E-01  0.000000E+00  0.000000E+00
  5.750000E-01  0.000000E+00  0.000000E+00
  6.250000E-01  0.000000E+00  0.000000E+00
  6.750000E-01  0.000000E+00  0.000000E+00
  7.250000E-01  0.000000E+00  0.000000E+00
  7.750000E-01  0.000000E+00  0.000000E+00
  8.250000E-01  0.000000E+00  0.000000E+00
  8.750000E-01  0.000000E+00  0.000000E+00
  9.250000E-01  0.000000E+00  0.000000E+00
  9.750000E-01  0.000000E+00  0.000000E+00
  1.025000E+00  0.000000E+00  0.000000E+00
  1.075000E+00  0.000000E+00  0.000000E+00
  1.125000E+00  0.000000E+00  0.000000E+00
  1.175000E+00  0.000000E+00  0.000000E+00
  1.225000E+00  0.000000E+00  0.000000E+00
  1.275000E+00  0.000000E+00  0.000000E+00
  1.325000E+00  0.000000E+00  0.000000E+00
  1.375000E+00  0.000000E+00  0.000000E+00
  1.425000E+00  0.000000E+00  0.000000E+00
  1.475000E+00  0.000000E+00  0.000000E+00
  1.525000E+00  0.000000E+00  0.000000E+00
  1.575000E+00  0.000000E+00  0.000000E+00
  1.625000E+00  0.000000E+00  0.000000E+00
  1.675000E+00  0.000000E+00  0.000000E+00
  1.725000E+00  0.000000E+00  0.000000E+00
  1.775000E+00  0.000000E+00  0.000000E+00
  1.825000E+00  0.000000E+00  0.000000E+00
  1.875000E+00  0.000000E+00  0.000000E+00
  1.925000E+00  0.000000E+00  0.000000E+00
  1.975000E+00  0.000000E+00  0.000000E+00
  2.025000E+00  0.000000E+00  0.000000E+00
  2.075000E+00  0.000000E+00  0.000000E+00
  2.125000E+00  0.000000E+00  0.000000E+00
  2.175000E+00  0.000000E+00  0.000000E+00
  2.225000E+00  0.000000E+00  0.000000E+00
  2.275000E+00  0.000000E+00  0.000000E+00
  2.325000E+00  0.000000E+00  0.000000E+00
  2.375000E+00  0.000000E+00  0.000000E+00
  2.425000E+00  0.000000E+00  0.000000E+00
  2.475000E+00  0.000000E+00  0.000000E+00
  2.525000E+00  0.000000E+00  0.000000E+00
  2.575000E+00  0.000000E+00  0.000000E+00
  2.625000E+00  0.000000E+00  0.000000E+00
  2.675000E+00  0.000000E+00  0.000000E+00
  2.725000E+00  0.000000E+00  0.000000E+00
  2.775000E+00  4.263928E-04  3.086020E-07
  2.825000E+00  0.000000E+00  3.086020E-07
  2.875000E+00  3.972472E-04  6.172040E-07
  2.925000E+00  1.151348E-03  1.543010E-06
  2.975000E+00  0.000000E+00  1.543010E-06
  3.025000E+00  1.794142E-03  3.086020E-06
  3.075000E+00  7.639596E-03  9.875265E-06
  3.125000E+00  1.580287E-02  2.437956E-05
  3.175000E+00  3.843555E-02  6.079460E-05
  3.225000E+00  8.555565E-02  1.444257E-04
  3.275000E+00  1.953157E-01  3.413138E-04
  3.325000E+00  4.312436E-01  7.894040E-04
  3.375000E+00  7.223923E-01  1.562761E-03
  3.425000E+00  1.130277E+00  2.808896E-03
  3.475000E+00  1.712510E+00  4.752471E-03
  3.525000E+00  2.665269E+00  7.865031E-03
  3.575000E+00  3.532829E+00  1.210862E-02
  3.625000E+00  5.038751E+00  1.833158E-02
  3.675000E+00  5.294248E+00  2.505169E-02
  3.725000E+00  5.515372E+00  3.224428E-02
  3.775000E+00  6.993039E+00  4.161035E-02
  3.825000E+00  9.207189E+00  5.427075E-02
  3.875000E+00  9.844288E+00  6.816340E-02
  3.925000E+00  1.206600E+01  8.563367E-02
  3.975000E+00  1.237532E+01  1.040112E-01
  4.025000E+00  1.380269E+01  1.250273E-01
  4.075000E+00  1.231424E+01  1.442458E-01
  4.125000E+00  1.286583E+01  1.648209E-01
  4.175000E+00  1.326461E+01  1.865512E-01
  4.225000E+00  1.372196E+01  2.095722E-01
  4.275000E+00  1.417741E+01  2.339237E-01
  4.325000E+00  1.491930E+01  2.601524E-01
  4.375000E+00  1.471611E+01  2.866255E-01
  4.425000E+00  1.512143E+01  3.144531E-01
  4.475000E+00  1.524452E+01  3.431448E-01
  4.525000E+00  1.577722E+01  3.735063E-01
  4.575000E+00  1.627982E+01  4.055311E-01
  4.625000E+00  1.513212E+01  4.359525E-01
  4.675000E+00  1.467917E+01  4.661048E-01
  4.725000E+00  1.555998E+01  4.987536E-01
  4.775000E+00  1.541541E+01  5.317873E-01
  4.825000E+00  1.536387E+01  5.654036E-01
  4.875000E+00  1.461207E+01  5.980411E-01
  4.925000E+00  1.454635E+01  6.312016E-01
  4.975000E+00  1.546613E+01  6.671784E-01
  5.025000E+00  1.594688E+01  7.050229E-01
  5.075000E+00  1.519067E+01  7.417938E-01
  5.125000E+00  1.518187E+01  7.792710E-01
  5.175000E+00  1.486699E+01  8.166906E-01
  5.225000E+00  1.598898E+01  8.577155E-01
  5.275000E+00  1.532622E+01  8.977961E-01
  5.325000E+00  1.512614E+01  9.381069E-01
  5.375000E+00  1.473977E+01  9.781292E-01
  5.425000E+00  1.491582E+01  1.019387E+00
  5.475000E+00  1.440868E+01  1.059979E+00
  5.525000E+00  1.377108E+01  1.099487E+00
  5.575000E+00  1.371682E+01  1.139555E+00
  5.625000E+00  1.406111E+01  1.181369E+00
  5.675000E+00  1.363907E+01  1.222652E+00
  5.725000E+00  1.291859E+01  1.262446E+00
  5.775000E+00  1.295303E+01  1.303046E+00
  5.825000E+00  1.239156E+01  1.342562E+00
  5.875000E+00  1.208031E+01  1.381750E+00
  5.925000E+00  1.194295E+01  1.421154E+00
  5.975000E+00  1.300405E+01  1.464786E+00
La      Zr      
  2.500000E-02  0.000000E+00  0.000000E+00
  7.500000E-02  0.000000E+00  0.000000E+00
  1.250000E-01  0.000000E+00  0.000000E+00
  1.750000E-01  0.000000E+00  0.000000E+00
  2.250000E-01  0.000000E+00  0.000000E+00
  2.750000E-01  0.000000E+00  0.000000E+00
  3.250000E-01  0.000000E+00  0.000000E+00
  3.750000E-01  0.000000E+00  0.000000E+00
  4.250000E-01  0.000000E+00  0.000000E+00
  4.750000E-01  0.000000E+00  0.000000E+00
  5.250000E-01  0.000000E+00  0.000000E+00
  5.750000E-01  0.000000E+00  0.000000E+00
  6.250000E-01  0.000000E+00  0.000000E+00
  6.750000E-01  0.000000E+00  0.000000E+00
  7.250000E-01  0.000000E+00  0.000000E+00
  7.750000E-01  0.000000E+00  0.000000E+00
  8.250000E-01  0.000000E+00  0.000000E+00
  8.750000E-01  0.000000E+00  0.000000E+00
  9.250000E-01  0.000000E+00  0.000000E+00
  9.750000E-01  0.000000E+00  0.000000E+00
  1.025000E+00  0.000000E+00  0.000000E+00
  1.075000E+00  0.000000E+00  0.000000E+00
  1.125000E+00  0.000000E+00  0.000000E+00
  1.175000E+00  0.000000E+00  0.000000E+00
  1.225000E+00  0.000000E+00  0.000000E+00
  1.275000E+00  0.000000E+00  0.000000E+00
  1.325000E+00  0.000000E+00  0.000000E+00
  1.375000E+00  0.000000E+00  0.000000E+00
  1.425000E+00  0.000000E+00  0.000000E+00
  1.475000E+00  0.000000E+00  0.000000E+00
  1.525000E+00  0.000000E+00  0.000000E+00
  1.575000E+00  0.000000E+00  0.000000E+00
  1.625000E+00  0.000000E+00  0.000000E+00
  1.675000E+00  0.000000E+00  0.000000E+00
  1.725000E+00  0.000000E+00  0.000000E+00
  1.775000E+00  0.000000E+00  0.000000E+00
  1.825000E+00  0.000000E+00  0.000000E+00
  1.875000E+00  0.000000E+00  0.000000E+00
  1.925000E+00  0.000000E+00  0.000000E+00
  1.975000E+00  0.000000E+00  0.000000E+00
  2.025000E+00  0.000000E+00  0.000000E+00
  2.075000E+00  0.000000E+00  0.000000E+00
  2.125000E+00  0.000000E+00  0.000000E+00
  2.175000E+00  0.000000E+00  0.000000E+00
  2.225000E+00  0.000000E+00  0.000000E+00
  2.275000E+00  0.000000E+00  0.000000E+00
  2.325000E+00  0.000000E+00  0.000000E+00
  2.375000E+00  0.000000E+00  0.000000E+00
  2.425000E+00  0.000000E+00  0.000000E+00
  2.475000E+00  0.000000E+00  0.000000E+00
  2.525000E+00  0.000000E+00  0.000000E+00
  2.575000E+00  0.000000E+00  0.000000E+00
  2.625000E+00  0.000000E+00  0.000000E+00
  2.675000E+00  3.440359E-04  1.542496E-07
  2.725000E+00  3.315269E-04  3.084992E-07
  2.775000E+00  3.196880E-04  4.627487E-07
  2.825000E+00  6.169440E-04  7.712479E-07
  2.875000E+00  1.191344E-03  1.388246E-06
  2.925000E+00  9.495452E-03  6.478482E-06
  2.975000E+00  1.919238E-02  1.712170E-05
  3.025000E+00  1.019630E-01  7.558229E-05
  3.075000E+00  2.241648E-01  2.083912E-04
  3.125000E+00  5.442612E-01  5.414160E-04
  3.175000E+00  1.311664E+00  1.369890E-03
  3.225000E+00  2.393971E+00  2.929971E-03
  3.275000E+00  3.416503E+00  5.225976E-03
  3.325000E+00  6.118901E+00  9.464600E-03
  3.375000E+00  9.093101E+00  1.595434E-02
  3.425000E+00  1.271936E+01  2.530310E-02
  3.475000E+00  1.875495E+01  3.949344E-02
  3.525000E+00  2.374880E+01  5.798303E-02
  3.575000E+00  3.053648E+01  8.243637E-02
  3.625000E+00  3.452498E+01  1.108624E-01
  3.675000E+00  3.760486E+01  1.426843E-01
  3.725000E+00  3.889422E+01  1.764988E-01
  3.775000E+00  3.945955E+01  2.117321E-01
  3.825000E+00  3.846245E+01  2.469907E-01
  3.875000E+00  3.742104E+01  2.821974E-01
  3.925000E+00  3.717189E+01  3.180781E-01
  3.975000E+00  3.577476E+01  3.534954E-01
  4.025000E+00  3.623875E+01  3.902804E-01
  4.075000E+00  3.587217E+01  4.276036E-01
  4.125000E+00  3.464800E+01  4.645431E-01
  4.175000E+00  3.277992E+01  5.003434E-01
  4.225000E+00  3.426299E+01  5.386650E-01
  4.275000E+00  3.178212E+01  5.750582E-01
  4.325000E+00  3.116011E+01  6.115786E-01
  4.375000E+00  3.113723E+01  6.489209E-01
  4.425000E+00  3.023840E+01  6.860188E-01
  4.475000E+00  2.741658E+01  7.204193E-01
  4.525000E+00  2.566089E+01  7.533403E-01
  4.575000E+00  2.464706E+01  7.856633E-01
  4.625000E+00  2.266426E+01  8.160392E-01
  4.675000E+00  2.101961E+01  8.448232E-01
  4.725000E+00  1.973134E+01  8.724242E-01
  4.775000E+00  1.854461E+01  8.989170E-01
  4.825000E+00  1.788309E+01  9.250026E-01
  4.875000E+00  1.687610E+01  9.501322E-01
  4.925000E+00  1.533347E+01  9.734354E-01
  4.975000E+00  1.398739E+01  9.951268E-01
  5.025000E+00  1.395446E+01  1.017204E+00
  5.075000E+00  1.330941E+01  1.038682E+00
  5.125000E+00  1.413055E+01  1.061937E+00
  5.175000E+00  1.420391E+01  1.085771E+00
  5.225000E+00  1.360630E+01  1.109045E+00
  5.275000E+00  1.280299E+01  1.131366E+00
  5.325000E+00  1.287468E+01  1.154240E+00
  5.375000E+00  1.202265E+01  1.176003E+00
  5.425000E+00  1.235021E+01  1.198777E+00
  5.475000E+00  1.199213E+01  1.221300E+00
  5.525000E+00  1.294046E+01  1.246050E+00
  5.575000E+00  1.231691E+01  1.270036E+00
  5.625000E+00  1.218505E+01  1.294193E+00
  5.675000E+00  1.284463E+01  1.320111E+00
  5.725000E+00  1.333519E+01  1.347496E+00
  5.775000E+00  1.458347E+01  1.377970E+00
  5.825000E+00  1.388470E+01  1.407489E+00
  5.875000E+00  1.379873E+01  1.437330E+00
  5.925000E+00  1.341801E+01  1.466844E+00
  5.975000E+00  1.363027E+01  1.497333E+00
La      O       
  2.500000E-02  0.000000E+00  0.000000E+00
  7.500000E-02  0.000000E+00  0.000000E+00
  1.250000E-01  0.000000E+00  0.000000E+00
  1.750000E-01  0.000000E+00  0.000000E+00
  2.250000E-01  0.000000E+00  0.000000E+00
  2.750000E-01  0.000000E+00  0.000000E+00
  3.250000E-01  0.000000E+00  0.000000E+00
  3.750000E-01  0.000000E+00  0.000000E+00
  4.250000E-01  0.000000E+00  0.000000E+00
  4.750000E-01  1.816874E-03  1.542496E-07
  5.250000E-01  1.487531E-03  3.084992E-07
  5.750000E-01  1.240234E-03  4.627487E-07
  6.250000E-01  0.000000E+00  4.627487E-07
  6.750000E-01  0.000000E+00  4.627487E-07
  7.250000E-01  0.000000E+00  4.627487E-07
  7.750000E-01  0.000000E+00  4.627487E-07
  8.250000E-01  0.000000E+00  4.627487E-07
  8.750000E-01  5.357701E-04  6.169983E-07
  9.250000E-01  4.794282E-04  7.712479E-07
  9.750000E-01  1.294582E-03  1.233997E-06
  1.025000E+00  7.809243E-04  1.542496E-06
  1.075000E+00  3.549912E-04  1.696745E-06
  1.125000E+00  3.241427E-04  1.850995E-06
  1.175000E+00  1.188588E-03  2.467993E-06
  1.225000E+00  2.733885E-04  2.622243E-06
  1.275000E+00  1.261847E-03  3.393491E-06
  1.325000E+00  1.168421E-03  4.164739E-06
  1.375000E+00  8.679996E-04  4.781737E-06
  1.425000E+00  8.081621E-04  5.398735E-06
  1.475000E+00  1.697187E-03  6.786981E-06
  1.525000E+00  1.587730E-03  8.175228E-06
  1.575000E+00  2.646276E-03  1.064322E-05
  1.625000E+00  1.709088E-03  1.233997E-05
  1.675000E+00  3.217167E-03  1.573346E-05
  1.725000E+00  2.343976E-03  1.835570E-05
  1.775000E+00  3.385795E-03  2.236619E-05
  1.825000E+00  4.188310E-03  2.761067E-05
  1.875000E+00  6.301998E-03  3.594015E-05
  1.925000E+00  1.085058E-02  5.105661E-05
  1.975000E+00  1.630373E-02  7.496529E-05
  2.025000E+00  3.591990E-02  1.303409E-04
  2.075000E+00  1.009140E-01  2.936912E-04
  2.125000E+00  6.004967E-01  1.313127E-03
  2.175000E+00  3.427875E+00  7.409533E-03
  2.225000E+00  9.334197E+00  2.478220E-02
  2.275000E+00  1.626059E+01  5.642156E-02
  2.325000E+00  2.399746E+01  1.051900E-01
  2.375000E+00  3.205776E+01  1.731711E-01
  2.425000E+00  4.427545E+01  2.710554E-01
  2.475000E+00  6.437953E+01  4.193154E-01
  2.525000E+00  9.751329E+01  6.530441E-01
  2.575000E+00  1.289850E+02  9.745720E-01
  2.625000E+00  1.410481E+02  1.339957E+00
  2.675000E+00  1.296458E+02  1.688719E+00
  2.725000E+00  1.156923E+02  2.011688E+00
  2.775000E+00  9.571218E+01  2.288775E+00
  2.825000E+00  7.759855E+01  2.521591E+00
  2.875000E+00  6.076552E+01  2.710414E+00
  2.925000E+00  4.719455E+01  2.862212E+00
  2.975000E+00  3.840688E+01  2.990004E+00
  3.025000E+00  3.223963E+01  3.100912E+00
  3.075000E+00  2.709391E+01  3.197225E+00
  3.125000E+00  2.366885E+01  3.284120E+00
  3.175000E+00  2.071958E+01  3.362642E+00
  3.225000E+00  1.952267E+01  3.438976E+00
  3.275000E+00  1.811324E+01  3.512012E+00
  3.325000E+00  1.667094E+01  3.581301E+00
  3.375000E+00  1.705986E+01  3.654354E+00
  3.425000E+00  1.602413E+01  3.725021E+00
  3.475000E+00  1.589041E+01  3.797159E+00
  3.525000E+00  1.606659E+01  3.872211E+00
  3.575000E+00  1.616146E+01  3.949862E+00
  3.625000E+00  1.690922E+01  4.033395E+00
  3.675000E+00  1.648420E+01  4.117091E+00
  3.725000E+00  1.765132E+01  4.209167E+00
  3.775000E+00  1.797188E+01  4.305449E+00
  3.825000E+00  1.815952E+01  4.405330E+00
  3.875000E+00  1.832652E+01  4.508783E+00
  3.925000E+00  1.837658E+01  4.615212E+00
  3.975000E+00  1.779275E+01  4.720902E+00
  4.025000E+00  1.843935E+01  4.833206E+00
  4.075000E+00  1.776258E+01  4.944092E+00
  4.125000E+00  1.784736E+01  5.058258E+00
  4.175000E+00  1.736178E+01  5.172027E+00
  4.225000E+00  1.741465E+01  5.288892E+00
  4.275000E+00  1.681162E+01  5.404397E+00
  4.325000E+00  1.622130E+01  5.518467E+00
  4.375000E+00  1.621237E+01  5.635126E+00
  4.425000E+00  1.579532E+01  5.751397E+00
  4.475000E+00  1.532894E+01  5.866799E+00
  4.525000E+00  1.559379E+01  5.986833E+00
  4.575000E+00  1.502048E+01  6.105024E+00
  4.625000E+00  1.432945E+01  6.220254E+00
  4.675000E+00  1.390816E+01  6.334529E+00
  4.725000E+00  1.373472E+01  6.449805E+00
  4.775000E+00  1.335777E+01  6.564302E+00
  4.825000E+00  1.324708E+01  6.680241E+00
  4.875000E+00  1.298570E+01  6.796260E+00
  4.925000E+00  1.273839E+01  6.912416E+00
  4.975000E+00  1.273447E+01  7.030906E+00
  5.025000E+00  1.248897E+01  7.149460E+00
  5.075000E+00  1.258659E+01  7.271329E+00
  5.125000E+00  1.222617E+01  7.392053E+00
  5.175000E+00  1.209597E+01  7.513833E+00
  5.225000E+00  1.210952E+01  7.638117E+00
  5.275000E+00  1.215384E+01  7.765254E+00
  5.325000E+00  1.184580E+01  7.891529E+00
  5.375000E+00  1.189727E+01  8.020746E+00
  5.425000E+00  1.206395E+01  8.154222E+00
  5.475000E+00  1.183608E+01  8.287602E+00
  5.525000E+00  1.177725E+01  8.422754E+00
  5.575000E+00  1.156708E+01  8.557907E+00
  5.625000E+00  1.137573E+01  8.693220E+00
  5.675000E+00  1.136183E+01  8.830781E+00
  5.725000E+00  1.120597E+01  8.968855E+00
  5.775000E+00  1.105307E+01  9.107436E+00
  5.825000E+00  1.063917E+01  9.243146E+00
  5.875000E+00  1.057622E+01  9.380380E+00
  5.925000E+00  1.047183E+01  9.518581E+00
  5.975000E+00  1.045554E+01  9.658907E+00
La      O_s     
  2.500000E-02  0.000000E+00  0.000000E+00
  7.500000E-02  0.000000E+00  0.000000E+00
  1.250000E-01  0.000000E+00  0.000000E+00
  1.750000E-01  0.000000E+00  0.000000E+00
  2.250000E-01  0.000000E+00  0.000000E+00
  2.750000E-01  0.000000E+00  0.000000E+00
  3.250000E-01  0.000000E+00  0.000000E+00
  3.750000E-01  0.000000E+00  0.000000E+00
  4.250000E-01  0.000000E+00  0.000000E+00
  4.750000E-01  0.000000E+00  0.000000E+00
  5.250000E-01  0.000000E+00  0.000000E+00
  5.750000E-01  0.000000E+00  0.000000E+00
  6.250000E-01  0.000000E+00  0.000000E+00
  6.750000E-01  0.000000E+00  0.000000E+00
  7.250000E-01  0.000000E+00  0.000000E+00
  7.750000E-01  0.000000E+00  0.000000E+00
  8.250000E-01  0.000000E+00  0.000000E+00
  8.750000E-01  0.000000E+00  0.000000E+00
  9.250000E-01  0.000000E+00  0.000000E+00
  9.750000E-01  0.000000E+00  0.000000E+00
  1.025000E+00  0.000000E+00  0.000000E+00
  1.075000E+00  0.000000E+00  0.000000E+00
  1.125000E+00  0.000000E+00  0.000000E+00
  1.175000E+00  0.000000E+00  0.000000E+00
  1.225000E+00  0.000000E+00  0.000000E+00
  1.275000E+00  0.000000E+00  0.000000E+00
  1.325000E+00  2.336843E-04  1.542496E-07
  1.375000E+00  2.169999E-04  3.084992E-07
  1.425000E+00  0.000000E+00  3.084992E-07
  1.475000E+00  0.000000E+00  3.084992E-07
  1.525000E+00  1.058487E-03  1.233997E-06
  1.575000E+00  8.269613E-04  2.005244E-06
  1.625000E+00  4.661149E-04  2.467993E-06
  1.675000E+00  4.387046E-04  2.930742E-06
  1.725000E+00  6.894046E-04  3.701990E-06
  1.775000E+00  1.302229E-03  5.244486E-06
  1.825000E+00  2.094155E-03  7.866728E-06
  1.875000E+00  3.384406E-03  1.233997E-05
  1.925000E+00  7.418254E-03  2.267469E-05
  1.975000E+00  1.409484E-02  4.334413E-05
  2.025000E+00  7.103935E-02  1.528613E-04
  2.075000E+00  2.363237E-01  5.354003E-04
  2.125000E+00  9.124206E-01  2.084375E-03
  2.175000E+00  3.276963E+00  7.912386E-03
  2.225000E+00  8.788369E+00  2.426917E-02
  2.275000E+00  1.767952E+01  5.866944E-02
  2.325000E+00  2.783944E+01  1.152457E-01
  2.375000E+00  3.584763E+01  1.912635E-01
  2.425000E+00  4.526627E+01  2.913383E-01
  2.475000E+00  5.866416E+01  4.264364E-01
  2.525000E+00  8.129369E+01  6.212884E-01
  2.575000E+00  1.109246E+02  8.977962E-01
  2.625000E+00  1.254117E+02  1.222675E+00
  2.675000E+00  1.226156E+02  1.552525E+00
  2.725000E+00  1.106809E+02  1.861504E+00
  2.775000E+00  9.585716E+01  2.139011E+00
  2.825000E+00  8.092923E+01  2.381820E+00
  2.875000E+00  6.491274E+01  2.583530E+00
  2.925000E+00  5.335461E+01  2.755141E+00
  2.975000E+00  4.398361E+01  2.901489E+00
  3.025000E+00  3.657194E+01  3.027300E+00
  3.075000E+00  3.100699E+01  3.137523E+00
  3.125000E+00  2.832339E+01  3.241507E+00
  3.175000E+00  2.499818E+01  3.336243E+00
  3.225000E+00  2.305082E+01  3.426372E+00
  3.275000E+00  2.167779E+01  3.513782E+00
  3.325000E+00  2.121723E+01  3.601966E+00
  3.375000E+00  1.984739E+01  3.686956E+00
  3.425000E+00  1.929145E+01  3.772032E+00
  3.475000E+00  1.924209E+01  3.859385E+00
  3.525000E+00  1.961127E+01  3.950995E+00
  3.575000E+00  1.998988E+01  4.047042E+00
  3.625000E+00  1.993193E+01  4.145507E+00
  3.675000E+00  1.978875E+01  4.245980E+00
  3.725000E+00  1.940574E+01  4.347208E+00
  3.775000E+00  1.951663E+01  4.451766E+00
  3.825000E+00  1.841769E+01  4.553068E+00
  3.875000E+00  1.813174E+01  4.655420E+00
  3.925000E+00  1.845091E+01  4.762280E+00
  3.975000E+00  1.840832E+01  4.871627E+00
  4.025000E+00  1.827047E+01  4.982902E+00
  4.075000E+00  1.818463E+01  5.096423E+00
  4.125000E+00  1.781256E+01  5.210367E+00
  4.175000E+00  1.752140E+01  5.325182E+00
  4.225000E+00  1.669686E+01  5.437230E+00
  4.275000E+00  1.646944E+01  5.550383E+00
  4.325000E+00  1.617026E+01  5.664095E+00
  4.375000E+00  1.629673E+01  5.781361E+00
  4.425000E+00  1.592778E+01  5.898607E+00
  4.475000E+00  1.498558E+01  6.011424E+00
  4.525000E+00  1.481385E+01  6.125455E+00
  4.575000E+00  1.459899E+01  6.240328E+00
  4.625000E+00  1.378598E+01  6.351189E+00
  4.675000E+00  1.391015E+01  6.465479E+00
  4.725000E+00  1.355963E+01  6.579286E+00
  4.775000E+00  1.328091E+01  6.693124E+00
  4.825000E+00  1.304078E+01  6.807258E+00
  4.875000E+00  1.290188E+01  6.922528E+00
  4.925000E+00  1.287928E+01  7.039969E+00
  4.975000E+00  1.292596E+01  7.160241E+00
  5.025000E+00  1.287062E+01  7.282417E+00
  5.075000E+00  1.258975E+01  7.404317E+00
  5.125000E+00  1.243156E+01  7.527069E+00
  5.175000E+00  1.216921E+01  7.649586E+00
  5.225000E+00  1.211171E+01  7.773892E+00
  5.275000E+00  1.175717E+01  7.896880E+00
  5.325000E+00  1.205760E+01  8.025413E+00
  5.375000E+00  1.217914E+01  8.157691E+00
  5.425000E+00  1.223180E+01  8.293024E+00
  5.475000E+00  1.200377E+01  8.428294E+00
  5.525000E+00  1.137228E+01  8.558799E+00
  5.575000E+00  1.180706E+01  8.696756E+00
  5.625000E+00  1.156924E+01  8.834371E+00
  5.675000E+00  1.079617E+01  8.965083E+00
  5.725000E+00  1.084342E+01  9.098690E+00
  5.775000E+00  1.078152E+01  9.233866E+00
  5.825000E+00  1.048438E+01  9.367602E+00
  5.875000E+00  1.040479E+01  9.502611E+00
  5.925000E+00  1.030178E+01  9.638568E+00
  5.975000E+00  1.002549E+01  9.773122E+00
Zr      Zr      
  2.500000E-02  0.000000E+00  0.000000E+00
  7.500000E-02  0.000000E+00  0.000000E+00
  1.250000E-01  0.000000E+00  0.000000E+00
  1.750000E-01  0.000000E+00  0.000000E+00
  2.250000E-01  0.000000E+00  0.000000E+00
  2.750000E-01  0.000000E+00  0.000000E+00
  3.250000E-01  0.000000E+00  0.000000E+00
  3.750000E-01  0.000000E+00  0.000000E+00
  4.250000E-01  0.000000E+00  0.000000E+00
  4.750000E-01  0.000000E+00  0.000000E+00
  5.250000E-01  0.000000E+00  0.000000E+00
  5.750000E-01  0.000000E+00  0.000000E+00
  6.250000E-01  0.000000E+00  0.000000E+00
  6.750000E-01  0.000000E+00  0.000000E+00
  7.250000E-01  0.000000E+00  0.000000E+00
  7.750000E-01  0.000000E+00  0.000000E+00
  8.250000E-01  0.000000E+00  0.000000E+00
  8.750000E-01  0.000000E+00  0.000000E+00
  9.250000E-01  0.000000E+00  0.000000E+00
  9.750000E-01  0.000000E+00  0.000000E+00
  1.025000E+00  0.000000E+00  0.000000E+00
  1.075000E+00  0.000000E+00  0.000000E+00
  1.125000E+00  0.000000E+00  0.000000E+00
  1.175000E+00  0.000000E+00  0.000000E+00
  1.225000E+00  0.000000E+00  0.000000E+00
  1.275000E+00  0.000000E+00  0.000000E+00
  1.325000E+00  0.000000E+00  0.000000E+00
  1.375000E+00  0.000000E+00  0.000000E+00
  1.425000E+00  0.000000E+00  0.000000E+00
  1.475000E+00  0.000000E+00  0.000000E+00
  1.525000E+00  0.000000E+00  0.000000E+00
  1.575000E+00  0.000000E+00  0.000000E+00
  1.625000E+00  0.000000E+00  0.000000E+00
  1.675000E+00  0.000000E+00  0.000000E+00
  1.725000E+00  0.000000E+00  0.000000E+00
  1.775000E+00  0.000000E+00  0.000000E+00
  1.825000E+00  0.000000E+00  0.000000E+00
  1.875000E+00  0.000000E+00  0.000000E+00
  1.925000E+00  0.000000E+00  0.000000E+00
  1.975000E+00  0.000000E+00  0.000000E+00
  2.025000E+00  0.000000E+00  0.000000E+00
  2.075000E+00  0.000000E+00  0.000000E+00
  2.125000E+00  0.000000E+00  0.000000E+00
  2.175000E+00  0.000000E+00  0.000000E+00
  2.225000E+00  0.000000E+00  0.000000E+00
  2.275000E+00  0.000000E+00  0.000000E+00
  2.325000E+00  0.000000E+00  0.000000E+00
  2.375000E+00  0.000000E+00  0.000000E+00
  2.425000E+00  0.000000E+00  0.000000E+00
  2.475000E+00  0.000000E+00  0.000000E+00
  2.525000E+00  0.000000E+00  0.000000E+00
  2.575000E+00  1.114383E-03  4.629802E-07
  2.625000E+00  0.000000E+00  4.629802E-07
  2.675000E+00  0.000000E+00  4.629802E-07
  2.725000E+00  3.980313E-03  2.314901E-06
  2.775000E+00  9.595437E-04  2.777881E-06
  2.825000E+00  1.944346E-02  1.250047E-05
  2.875000E+00  1.966702E-02  2.268603E-05
  2.925000E+00  2.504599E-02  3.611246E-05
  2.975000E+00  2.588094E-02  5.046484E-05
  3.025000E+00  7.832737E-02  9.537392E-05
  3.075000E+00  1.417555E+00  9.352200E-04
  3.125000E+00  4.032927E+00  3.402905E-03
  3.175000E+00  1.129412E+01  1.053650E-02
  3.225000E+00  1.889161E+01  2.284761E-02
  3.275000E+00  1.523142E+01  3.308364E-02
  3.325000E+00  1.806646E+01  4.559846E-02
  3.375000E+00  1.762595E+01  5.817809E-02
  3.425000E+00  1.591450E+01  6.987529E-02
  3.475000E+00  1.363818E+01  8.019419E-02
  3.525000E+00  1.732099E+01  9.367942E-02
  3.575000E+00  2.504041E+01  1.137316E-01
  3.625000E+00  2.367402E+01  1.332235E-01
  3.675000E+00  2.330778E+01  1.529469E-01
  3.725000E+00  2.356335E+01  1.734329E-01
  3.775000E+00  2.628099E+01  1.968990E-01
  3.825000E+00  2.038377E+01  2.155849E-01
  3.875000E+00  1.903195E+01  2.334906E-01
  3.925000E+00  1.697645E+01  2.498774E-01
  3.975000E+00  1.772447E+01  2.674248E-01
  4.025000E+00  1.392125E+01  2.815559E-01
  4.075000E+00  1.266239E+01  2.947304E-01
  4.125000E+00  1.051212E+01  3.059378E-01
  4.175000E+00  9.172790E+00  3.159558E-01
  4.225000E+00  7.864565E+00  3.247519E-01
  4.275000E+00  6.232189E+00  3.318883E-01
  4.325000E+00  5.468737E+00  3.382978E-01
  4.375000E+00  5.288861E+00  3.446406E-01
  4.425000E+00  5.362854E+00  3.512200E-01
  4.475000E+00  4.672860E+00  3.570832E-01
  4.525000E+00  4.965687E+00  3.634538E-01
  4.575000E+00  6.183382E+00  3.715629E-01
  4.625000E+00  5.669044E+00  3.791609E-01
  4.675000E+00  5.872661E+00  3.872029E-01
  4.725000E+00  5.106278E+00  3.943457E-01
  4.775000E+00  5.425093E+00  4.020960E-01
  4.825000E+00  5.545575E+00  4.101852E-01
  4.875000E+00  5.902827E+00  4.189749E-01
  4.925000E+00  6.742892E+00  4.292225E-01
  4.975000E+00  6.592812E+00  4.394465E-01
  5.025000E+00  6.358380E+00  4.495061E-01
  5.075000E+00  7.328511E+00  4.613325E-01
  5.125000E+00  7.540968E+00  4.737427E-01
  5.175000E+00  8.131824E+00  4.873876E-01
  5.225000E+00  7.942293E+00  5.009733E-01
  5.275000E+00  7.871843E+00  5.146974E-01
  5.325000E+00  8.123415E+00  5.291299E-01
  5.375000E+00  9.028275E+00  5.454726E-01
  5.425000E+00  8.070238E+00  5.603542E-01
  5.475000E+00  8.337151E+00  5.760127E-01
  5.525000E+00  9.253966E+00  5.937119E-01
  5.575000E+00  1.028172E+01  6.137344E-01
  5.625000E+00  1.161773E+01  6.367663E-01
  5.675000E+00  1.433308E+01  6.656887E-01
  5.725000E+00  1.161357E+01  6.895382E-01
  5.775000E+00  1.075463E+01  7.120113E-01
  5.825000E+00  1.027397E+01  7.338533E-01
  5.875000E+00  1.010755E+01  7.557120E-01
  5.925000E+00  9.624472E+00  7.768817E-01
  5.975000E+00  9.192512E+00  7.974441E-01
Zr      O       
  2.500000E-02  0.000000E+00  0.000000E+00
  7.500000E-02  0.000000E+00  0.000000E+00
  1.250000E-01  0.000000E+00  0.000000E+00
  1.750000E-01  0.000000E+00  0.000000E+00
  2.250000E-01  0.000000E+00  0.000000E+00
  2.750000E-01  0.000000E+00  0.000000E+00
  3.250000E-01  0.000000E+00  0.000000E+00
  3.750000E-01  0.000000E+00  0.000000E+00
  4.250000E-01  0.000000E+00  0.000000E+00
  4.750000E-01  0.000000E+00  0.000000E+00
  5.250000E-01  4.462593E-03  4.627487E-07
  5.750000E-01  3.720701E-03  9.254975E-07
  6.250000E-01  0.000000E+00  9.254975E-07
  6.750000E-01  1.350199E-03  1.156872E-06
  7.250000E-01  1.170458E-03  1.388246E-06
  7.750000E-01  1.024354E-03  1.619621E-06
  8.250000E-01  9.039891E-04  1.850995E-06
  8.750000E-01  1.607310E-03  2.313744E-06
  9.250000E-01  1.438285E-03  2.776492E-06
  9.750000E-01  6.472911E-04  3.007867E-06
  1.025000E+00  0.000000E+00  3.007867E-06
  1.075000E+00  5.324868E-04  3.239241E-06
  1.125000E+00  1.458642E-03  3.933364E-06
  1.175000E+00  2.228603E-03  5.090236E-06
  1.225000E+00  8.201656E-04  5.552985E-06
  1.275000E+00  1.135662E-03  6.247108E-06
  1.325000E+00  1.402106E-03  7.172605E-06
  1.375000E+00  2.278499E-03  8.792226E-06
  1.425000E+00  3.636729E-03  1.156872E-05
  1.475000E+00  6.223018E-03  1.665895E-05
  1.525000E+00  5.821677E-03  2.174919E-05
  1.575000E+00  6.202210E-03  2.753355E-05
  1.625000E+00  8.623126E-03  3.609440E-05
  1.675000E+00  1.425790E-02  5.113373E-05
  1.725000E+00  2.337082E-02  7.727904E-05
  1.775000E+00  4.043421E-02  1.251735E-04
  1.825000E+00  1.007042E-01  2.512726E-04
  1.875000E+00  6.305499E-01  1.084683E-03
  1.925000E+00  9.684309E+00  1.457635E-02
  1.975000E+00  3.817519E+01  7.055854E-02
  2.025000E+00  1.134565E+02  2.454678E-01
  2.075000E+00  3.261778E+02  7.734544E-01
  2.125000E+00  4.786767E+02  1.586082E+00
  2.175000E+00  3.403562E+02  2.191398E+00
  2.225000E+00  2.221562E+02  2.604872E+00
  2.275000E+00  1.427674E+02  2.882665E+00
  2.325000E+00  8.840167E+01  3.062317E+00
  2.375000E+00  5.641090E+01  3.181941E+00
  2.425000E+00  3.928450E+01  3.268792E+00
  2.475000E+00  2.635494E+01  3.329484E+00
  2.525000E+00  1.749741E+01  3.371424E+00
  2.575000E+00  1.256869E+01  3.402755E+00
  2.625000E+00  9.887707E+00  3.428369E+00
  2.675000E+00  7.958411E+00  3.449778E+00
  2.725000E+00  6.507625E+00  3.467944E+00
  2.775000E+00  5.937645E+00  3.485134E+00
  2.825000E+00  5.279653E+00  3.500974E+00
  2.875000E+00  4.396955E+00  3.514637E+00
  2.925000E+00  4.243820E+00  3.528287E+00
  2.975000E+00  4.491088E+00  3.543231E+00
  3.025000E+00  4.696687E+00  3.559388E+00
  3.075000E+00  4.934944E+00  3.576930E+00
  3.125000E+00  5.243713E+00  3.596182E+00
  3.175000E+00  5.569812E+00  3.617290E+00
  3.225000E+00  6.168960E+00  3.641410E+00
  3.275000E+00  7.071082E+00  3.669922E+00
  3.325000E+00  8.566161E+00  3.705526E+00
  3.375000E+00  1.037252E+01  3.749943E+00
  3.425000E+00  1.197293E+01  3.802744E+00
  3.475000E+00  1.512948E+01  3.871427E+00
  3.525000E+00  1.759669E+01  3.953626E+00
  3.575000E+00  2.015842E+01  4.050482E+00
  3.625000E+00  2.048159E+01  4.151663E+00
  3.675000E+00  2.312287E+01  4.269065E+00
  3.725000E+00  2.338311E+01  4.391040E+00
  3.775000E+00  2.633116E+01  4.532106E+00
  3.825000E+00  2.792045E+01  4.685675E+00
  3.875000E+00  2.779337E+01  4.842567E+00
  3.925000E+00  2.815497E+01  5.005629E+00
  3.975000E+00  2.676150E+01  5.164594E+00
  4.025000E+00  2.498279E+01  5.316750E+00
  4.075000E+00  2.248682E+01  5.457128E+00
  4.125000E+00  1.974683E+01  5.583445E+00
  4.175000E+00  1.862531E+01  5.705494E+00
  4.225000E+00  1.628761E+01  5.814795E+00
  4.275000E+00  1.461166E+01  5.915185E+00
  4.325000E+00  1.328896E+01  6.008635E+00
  4.375000E+00  1.267004E+01  6.099804E+00
  4.425000E+00  1.190197E+01  6.187416E+00
  4.475000E+00  1.166100E+01  6.275205E+00
  4.525000E+00  1.075433E+01  6.357987E+00
  4.575000E+00  1.073076E+01  6.442423E+00
  4.625000E+00  1.096491E+01  6.530597E+00
  4.675000E+00  1.020880E+01  6.614476E+00
  4.725000E+00  1.006672E+01  6.698967E+00
  4.775000E+00  1.066574E+01  6.790389E+00
  4.825000E+00  1.055700E+01  6.882785E+00
  4.875000E+00  1.090117E+01  6.980180E+00
  4.925000E+00  1.043719E+01  7.075352E+00
  4.975000E+00  1.086526E+01  7.176450E+00
  5.025000E+00  1.090202E+01  7.279939E+00
  5.075000E+00  1.099265E+01  7.386375E+00
  5.125000E+00  1.078961E+01  7.492914E+00
  5.175000E+00  1.114464E+01  7.605116E+00
  5.225000E+00  1.090083E+01  7.716994E+00
  5.275000E+00  1.112218E+01  7.833340E+00
  5.325000E+00  1.090648E+01  7.949602E+00
  5.375000E+00  1.095381E+01  8.068572E+00
  5.425000E+00  1.083244E+01  8.188422E+00
  5.475000E+00  1.079607E+01  8.310082E+00
  5.525000E+00  1.095276E+01  8.435773E+00
  5.575000E+00  1.086421E+01  8.562714E+00
  5.625000E+00  1.085605E+01  8.691845E+00
  5.675000E+00  1.081873E+01  8.822830E+00
  5.725000E+00  1.004451E+01  8.946594E+00
  5.775000E+00  1.020965E+01  9.074599E+00
  5.825000E+00  9.924466E+00  9.201193E+00
  5.875000E+00  9.839692E+00  9.328870E+00
  5.925000E+00  9.701585E+00  9.456906E+00
  5.975000E+00  9.447268E+00  9.583699E+00
Zr      O_s     
  2.500000E-02  0.000000E+00  0.000000E+00
  7.500000E-02  0.000000E+00  0.000000E+00
  1.250000E-01  0.000000E+00  0.000000E+00
  1.750000E-01  0.000000E+00  0.000000E+00
  2.250000E-01  0.000000E+00  0.000000E+00
  2.750000E-01  0.000000E+00  0.000000E+00
  3.250000E-01  5.815426E-03  2.313744E-07
  3.750000E-01  0.000000E+00  2.313744E-07
  4.250000E-01  0.000000E+00  2.313744E-07
  4.750000E-01  0.000000E+00  2.313744E-07
  5.250000E-01  0.000000E+00  2.313744E-07
  5.750000E-01  0.000000E+00  2.313744E-07
  6.250000E-01  0.000000E+00  2.313744E-07
  6.750000E-01  0.000000E+00  2.313744E-07
  7.250000E-01  0.000000E+00  2.313744E-07
  7.750000E-01  0.000000E+00  2.313744E-07
  8.250000E-01  0.000000E+00  2.313744E-07
  8.750000E-01  0.000000E+00  2.313744E-07
  9.250000E-01  0.000000E+00  2.313744E-07
  9.750000E-01  6.472911E-04  4.627487E-07
  1.025000E+00  5.856932E-04  6.941231E-07
  1.075000E+00  0.000000E+00  6.941231E-07
  1.125000E+00  0.000000E+00  6.941231E-07
  1.175000E+00  4.457207E-04  9.254975E-07
  1.225000E+00  4.100828E-04  1.156872E-06
  1.275000E+00  1.514217E-03  2.082369E-06
  1.325000E+00  1.752632E-03  3.239241E-06
  1.375000E+00  1.627499E-03  4.396113E-06
  1.425000E+00  1.818365E-03  5.784359E-06
  1.475000E+00  4.808696E-03  9.717723E-06
  1.525000E+00  1.111411E-02  1.943545E-05
  1.575000E+00  4.391164E-02  6.038871E-05
  1.625000E+00  1.703184E+00  1.751273E-03
  1.675000E+00  5.558606E+00  7.614530E-03
  1.725000E+00  7.463149E+00  1.596367E-02
  1.775000E+00  2.069079E+01  4.047200E-02
  1.825000E+00  7.704833E+01  1.369498E-01
  1.875000E+00  1.159827E+02  2.902464E-01
  1.925000E+00  2.158315E+02  5.909315E-01
  1.975000E+00  3.081600E+02  1.042834E+00
  2.025000E+00  2.771992E+02  1.470176E+00
  2.075000E+00  2.585617E+02  1.888712E+00
  2.125000E+00  2.225711E+02  2.266560E+00
  2.175000E+00  1.712008E+02  2.571037E+00
  2.225000E+00  1.211411E+02  2.796503E+00
  2.275000E+00  8.272076E+01  2.957459E+00
  2.325000E+00  6.004849E+01  3.079492E+00
  2.375000E+00  4.372850E+01  3.172221E+00
  2.425000E+00  3.295855E+01  3.245086E+00
  2.475000E+00  2.467517E+01  3.301911E+00
  2.525000E+00  1.802814E+01  3.345122E+00
  2.575000E+00  1.354727E+01  3.378892E+00
  2.625000E+00  1.022640E+01  3.405384E+00
  2.675000E+00  8.524350E+00  3.428315E+00
  2.725000E+00  7.650233E+00  3.449672E+00
  2.775000E+00  6.852352E+00  3.469509E+00
  2.825000E+00  6.282650E+00  3.488359E+00
  2.875000E+00  5.403268E+00  3.505149E+00
  2.925000E+00  5.287816E+00  3.522157E+00
  2.975000E+00  5.666969E+00  3.541013E+00
  3.025000E+00  5.896770E+00  3.561298E+00
  3.075000E+00  7.143332E+00  3.586691E+00
  3.125000E+00  8.186164E+00  3.616745E+00
  3.175000E+00  9.012412E+00  3.650900E+00
  3.225000E+00  1.180138E+01  3.697043E+00
  3.275000E+00  1.487005E+01  3.757003E+00
  3.325000E+00  1.706752E+01  3.827940E+00
  3.375000E+00  1.816264E+01  3.905716E+00
  3.425000E+00  1.961549E+01  3.992220E+00
  3.475000E+00  1.914739E+01  4.079144E+00
  3.525000E+00  2.125833E+01  4.178448E+00
  3.575000E+00  2.359431E+01  4.291812E+00
  3.625000E+00  2.540280E+01  4.417304E+00
  3.675000E+00  2.732728E+01  4.556053E+00
  3.725000E+00  2.822058E+01  4.703263E+00
  3.775000E+00  2.825890E+01  4.854656E+00
  3.825000E+00  2.738747E+01  5.005293E+00
  3.875000E+00  2.569972E+01  5.150367E+00
  3.925000E+00  2.425560E+01  5.290845E+00
  3.975000E+00  2.151715E+01  5.418658E+00
  4.025000E+00  1.963197E+01  5.538226E+00
  4.075000E+00  1.752098E+01  5.647604E+00
  4.125000E+00  1.572636E+01  5.748202E+00
  4.175000E+00  1.430065E+01  5.841912E+00
  4.225000E+00  1.336371E+01  5.931593E+00
  4.275000E+00  1.257568E+01  6.017994E+00
  4.325000E+00  1.195645E+01  6.102073E+00
  4.375000E+00  1.116582E+01  6.182419E+00
  4.425000E+00  1.083385E+01  6.262168E+00
  4.475000E+00  1.049675E+01  6.341192E+00
  4.525000E+00  1.017237E+01  6.419494E+00
  4.575000E+00  1.022309E+01  6.499935E+00
  4.625000E+00  1.032918E+01  6.582998E+00
  4.675000E+00  1.029905E+01  6.667618E+00
  4.725000E+00  1.066907E+01  6.757164E+00
  4.775000E+00  1.050181E+01  6.847182E+00
  4.825000E+00  1.041224E+01  6.938310E+00
  4.875000E+00  1.107481E+01  7.037257E+00
  4.925000E+00  1.112736E+01  7.138722E+00
  4.975000E+00  1.104892E+01  7.241529E+00
  5.025000E+00  1.127094E+01  7.348520E+00
  5.075000E+00  1.122038E+01  7.457161E+00
  5.125000E+00  1.138005E+01  7.569530E+00
  5.175000E+00  1.145836E+01  7.684891E+00
  5.225000E+00  1.104477E+01  7.798247E+00
  5.275000E+00  1.087945E+01  7.912053E+00
  5.325000E+00  1.109475E+01  8.030322E+00
  5.375000E+00  1.092498E+01  8.148979E+00
  5.425000E+00  1.078566E+01  8.268312E+00
  5.475000E+00  1.074086E+01  8.389350E+00
  5.525000E+00  1.076847E+01  8.512925E+00
  5.575000E+00  1.052486E+01  8.635901E+00
  5.625000E+00  1.034298E+01  8.758929E+00
  5.675000E+00  9.918272E+00  8.879012E+00
  5.725000E+00  1.010957E+01  9.003578E+00
  5.775000E+00  1.005700E+01  9.129670E+00
  5.825000E+00  9.552384E+00  9.251517E+00
  5.875000E+00  9.456834E+00  9.374226E+00
  5.925000E+00  9.252422E+00  9.496335E+00
  5.975000E+00  9.112993E+00  9.618641E+00
O       O       
  2.500000E-02  0.000000E+00  0.000000E+00
  7.500000E-02  0.000000E+00  0.000000E+00
  1.250000E-01  0.000000E+00  0.000000E+00
  1.750000E-01  0.000000E+00  0.000000E+00
  2.250000E-01  0.000000E+00  0.000000E+00
  2.750000E-01  5.411140E-03  1.542624E-07
  3.250000E-01  0.000000E+00  1.542624E-07
  3.750000E-01  2.913691E-03  3.085249E-07
  4.250000E-01  2.269188E-03  4.627873E-07
  4.750000E-01  0.000000E+00  4.627873E-07
  5.250000E-01  2.231482E-03  6.941809E-07
  5.750000E-01  2.480674E-03  1.002706E-06
  6.250000E-01  1.049923E-03  1.156968E-06
  6.750000E-01  4.501040E-04  1.234099E-06
  7.250000E-01  1.950926E-03  1.619756E-06
  7.750000E-01  1.707399E-03  2.005412E-06
  8.250000E-01  6.027096E-04  2.159674E-06
  8.750000E-01  1.339537E-03  2.545330E-06
  9.250000E-01  2.157607E-03  3.239511E-06
  9.750000E-01  2.157817E-03  4.010823E-06
  1.025000E+00  2.342968E-03  4.936398E-06
  1.075000E+00  2.485145E-03  6.016235E-06
  1.125000E+00  2.269188E-03  7.096072E-06
  1.175000E+00  1.040102E-03  7.635990E-06
  1.225000E+00  1.503762E-03  8.484434E-06
  1.275000E+00  1.640538E-03  9.487140E-06
  1.325000E+00  2.804445E-03  1.133829E-05
  1.375000E+00  2.495707E-03  1.311231E-05
  1.425000E+00  2.727774E-03  1.519485E-05
  1.475000E+00  4.149025E-03  1.858862E-05
  1.525000E+00  4.322514E-03  2.236805E-05
  1.575000E+00  3.887042E-03  2.599322E-05
  1.625000E+00  4.816922E-03  3.077535E-05
  1.675000E+00  6.142376E-03  3.725438E-05
  1.725000E+00  7.653029E-03  4.581594E-05
  1.775000E+00  1.067917E-02  5.846546E-05
  1.825000E+00  1.576907E-02  7.821105E-05
  1.875000E+00  4.166668E-02  1.332827E-04
  1.925000E+00  1.210273E-01  3.018916E-04
  1.975000E+00  3.283109E-01  7.833446E-04
  2.025000E+00  1.037711E+00  2.383123E-03
  2.075000E+00  2.405556E+00  6.277015E-03
  2.125000E+00  5.251990E+00  1.519308E-02
  2.175000E+00  1.121215E+01  3.513365E-02
  2.225000E+00  1.227848E+01  5.798617E-02
  2.275000E+00  1.603243E+01  8.918158E-02
  2.325000E+00  2.644293E+01  1.429198E-01
  2.375000E+00  9.367741E+01  3.415702E-01
  2.425000E+00  1.953136E+02  7.733701E-01
  2.475000E+00  1.327910E+02  1.079175E+00
  2.525000E+00  2.710905E+01  1.144153E+00
  2.575000E+00  3.795120E+00  1.153613E+00
  2.625000E+00  2.313880E+00  1.159607E+00
  2.675000E+00  2.546537E+00  1.166458E+00
  2.725000E+00  3.401943E+00  1.175955E+00
  2.775000E+00  4.450854E+00  1.188840E+00
  2.825000E+00  5.709187E+00  1.205969E+00
  2.875000E+00  7.584334E+00  1.229537E+00
  2.925000E+00  9.991055E+00  1.261672E+00
  2.975000E+00  1.347316E+01  1.306502E+00
  3.025000E+00  1.676942E+01  1.364190E+00
  3.075000E+00  2.152363E+01  1.440702E+00
  3.125000E+00  2.272677E+01  1.524139E+00
  3.175000E+00  2.468975E+01  1.617706E+00
  3.225000E+00  2.544946E+01  1.717214E+00
  3.275000E+00  2.783902E+01  1.829467E+00
  3.325000E+00  2.991186E+01  1.953788E+00
  3.375000E+00  3.036776E+01  2.083829E+00
  3.425000E+00  3.006491E+01  2.216415E+00
  3.475000E+00  3.053032E+01  2.355014E+00
  3.525000E+00  2.862089E+01  2.488711E+00
  3.575000E+00  2.815121E+01  2.623970E+00
  3.625000E+00  2.737513E+01  2.759206E+00
  3.675000E+00  2.721375E+01  2.897378E+00
  3.725000E+00  2.649710E+01  3.035597E+00
  3.775000E+00  2.520127E+01  3.170610E+00
  3.825000E+00  2.435366E+01  3.304560E+00
  3.875000E+00  2.349614E+01  3.437195E+00
  3.925000E+00  2.328351E+01  3.572043E+00
  3.975000E+00  2.196547E+01  3.702519E+00
  4.025000E+00  2.116118E+01  3.831400E+00
  4.075000E+00  2.025253E+01  3.957831E+00
  4.125000E+00  1.935715E+01  4.081655E+00
  4.175000E+00  1.745708E+01  4.196048E+00
  4.225000E+00  1.642523E+01  4.306273E+00
  4.275000E+00  1.510435E+01  4.410048E+00
  4.325000E+00  1.375588E+01  4.506781E+00
  4.375000E+00  1.340845E+01  4.603264E+00
  4.425000E+00  1.262636E+01  4.696208E+00
  4.475000E+00  1.232223E+01  4.788975E+00
  4.525000E+00  1.187688E+01  4.880398E+00
  4.575000E+00  1.154956E+01  4.971276E+00
  4.625000E+00  1.167352E+01  5.065149E+00
  4.675000E+00  1.174893E+01  5.161683E+00
  4.725000E+00  1.180185E+01  5.260736E+00
  4.775000E+00  1.171218E+01  5.361128E+00
  4.825000E+00  1.175806E+01  5.464035E+00
  4.875000E+00  1.195105E+01  5.570811E+00
  4.925000E+00  1.219356E+01  5.681998E+00
  4.975000E+00  1.250930E+01  5.798393E+00
  5.025000E+00  1.270911E+01  5.919036E+00
  5.075000E+00  1.301822E+01  6.045085E+00
  5.125000E+00  1.316246E+01  6.175054E+00
  5.175000E+00  1.319212E+01  6.307870E+00
  5.225000E+00  1.334716E+01  6.444856E+00
  5.275000E+00  1.311861E+01  6.582085E+00
  5.325000E+00  1.283040E+01  6.718856E+00
  5.375000E+00  1.295324E+01  6.859542E+00
  5.425000E+00  1.289583E+01  7.002222E+00
  5.475000E+00  1.276203E+01  7.146036E+00
  5.525000E+00  1.245920E+01  7.289014E+00
  5.575000E+00  1.234426E+01  7.433248E+00
  5.625000E+00  1.229310E+01  7.579473E+00
  5.675000E+00  1.199681E+01  7.724721E+00
  5.725000E+00  1.175204E+01  7.869525E+00
  5.775000E+00  1.134303E+01  8.011740E+00
  5.825000E+00  1.117362E+01  8.154268E+00
  5.875000E+00  1.063942E+01  8.292322E+00
  5.925000E+00  1.074140E+01  8.434081E+00
  5.975000E+00  1.038207E+01  8.573420E+00
O       O_s     
  2.500000E-02  7.817402E+04  2.449021E-02
  7.500000E-02  1.704981E+04  6.187953E-02
  1.250000E-01  2.813046E+04  2.293200E-01
  1.750000E-01  3.192852E+04  5.994126E-01
  2.250000E-01  1.558796E+04  8.972980E-01
  2.750000E-01  3.265090E+03  9.903801E-01
  3.250000E-01  2.354811E+02  9.997491E-01
  3.750000E-01  3.648366E+00  9.999422E-01
  4.250000E-01  3.675778E-01  9.999672E-01
  4.750000E-01  1.162799E-01  9.999771E-01
  5.250000E-01  5.912936E-02  9.999832E-01
  5.750000E-01  2.480467E-02  9.999863E-01
  6.250000E-01  1.758474E-02  9.999889E-01
  6.750000E-01  6.976031E-03  9.999901E-01
  7.250000E-01  4.291680E-03  9.999909E-01
  7.750000E-01  4.951044E-03  9.999921E-01
  8.250000E-01  3.766621E-03  9.999930E-01
  8.750000E-01  4.152218E-03  9.999942E-01
  9.250000E-01  1.797856E-03  9.999948E-01
  9.750000E-01  2.912810E-03  9.999958E-01
  1.025000E+00  1.757080E-03  9.999965E-01
  1.075000E+00  2.041199E-03  9.999974E-01
  1.125000E+00  2.025892E-03  9.999984E-01
  1.175000E+00  2.377177E-03  9.999996E-01
  1.225000E+00  2.050414E-03  1.000001E+00
  1.275000E+00  1.892771E-03  1.000002E+00
  1.325000E+00  2.395264E-03  1.000004E+00
  1.375000E+00  1.464749E-03  1.000005E+00
  1.425000E+00  1.717344E-03  1.000006E+00
  1.475000E+00  2.310060E-03  1.000008E+00
  1.525000E+00  2.116973E-03  1.000010E+00
  1.575000E+00  2.398188E-03  1.000012E+00
  1.625000E+00  3.146276E-03  1.000015E+00
  1.675000E+00  4.021458E-03  1.000019E+00
  1.725000E+00  6.687224E-03  1.000027E+00
  1.775000E+00  2.744447E-02  1.000059E+00
  1.825000E+00  2.907180E-02  1.000096E+00
  1.875000E+00  2.208909E-01  1.000388E+00
  1.925000E+00  1.209286E+00  1.002072E+00
  1.975000E+00  4.148958E+00  1.008157E+00
  2.025000E+00  1.001602E+01  1.023598E+00
  2.075000E+00  1.459349E+01  1.047220E+00
  2.125000E+00  7.680206E+00  1.060259E+00
  2.175000E+00  1.040726E+01  1.078768E+00
  2.225000E+00  4.970186E+01  1.171272E+00
  2.275000E+00  2.539422E+02  1.665385E+00
  2.325000E+00  2.113635E+02  2.094925E+00
  2.375000E+00  1.814853E+01  2.133411E+00
  2.425000E+00  4.546198E+00  2.143461E+00
  2.475000E+00  1.919373E+00  2.147881E+00
  2.525000E+00  1.640384E+00  2.151813E+00
  2.575000E+00  2.017695E+00  2.156843E+00
  2.625000E+00  2.703272E+00  2.163846E+00
  2.675000E+00  3.631199E+00  2.173614E+00
  2.725000E+00  5.011679E+00  2.187605E+00
  2.775000E+00  7.285929E+00  2.208698E+00
  2.825000E+00  9.943801E+00  2.238532E+00
  2.875000E+00  1.318120E+01  2.279491E+00
  2.925000E+00  1.570473E+01  2.330004E+00
  2.975000E+00  1.807057E+01  2.390131E+00
  3.025000E+00  1.953584E+01  2.457336E+00
  3.075000E+00  2.284231E+01  2.538535E+00
  3.125000E+00  2.460553E+01  2.628870E+00
  3.175000E+00  2.836080E+01  2.736349E+00
  3.225000E+00  2.966696E+01  2.852348E+00
  3.275000E+00  3.131461E+01  2.978615E+00
  3.325000E+00  3.002786E+01  3.103418E+00
  3.375000E+00  3.023472E+01  3.232889E+00
  3.425000E+00  3.051028E+01  3.367440E+00
  3.475000E+00  2.965380E+01  3.502060E+00
  3.525000E+00  2.944216E+01  3.639593E+00
  3.575000E+00  2.814101E+01  3.774803E+00
  3.625000E+00  2.689814E+01  3.907682E+00
  3.675000E+00  2.617010E+01  4.040555E+00
  3.725000E+00  2.533521E+01  4.172714E+00
  3.775000E+00  2.463192E+01  4.304676E+00
  3.825000E+00  2.404485E+01  4.436928E+00
  3.875000E+00  2.326306E+01  4.568247E+00
  3.925000E+00  2.234317E+01  4.697649E+00
  3.975000E+00  2.066458E+01  4.820398E+00
  4.025000E+00  1.948593E+01  4.939076E+00
  4.075000E+00  1.784153E+01  5.050455E+00
  4.125000E+00  1.671489E+01  5.157377E+00
  4.175000E+00  1.568748E+01  5.260175E+00
  4.225000E+00  1.458741E+01  5.358067E+00
  4.275000E+00  1.375956E+01  5.452602E+00
  4.325000E+00  1.302142E+01  5.544171E+00
  4.375000E+00  1.261317E+01  5.634931E+00
  4.425000E+00  1.240020E+01  5.726210E+00
  4.475000E+00  1.214545E+01  5.817646E+00
  4.525000E+00  1.207197E+01  5.910570E+00
  4.575000E+00  1.209039E+01  6.005705E+00
  4.625000E+00  1.185175E+01  6.101011E+00
  4.675000E+00  1.183454E+01  6.198248E+00
  4.725000E+00  1.196655E+01  6.298683E+00
  4.775000E+00  1.215830E+01  6.402899E+00
  4.825000E+00  1.231966E+01  6.510722E+00
  4.875000E+00  1.249924E+01  6.622395E+00
  4.925000E+00  1.283924E+01  6.739470E+00
  4.975000E+00  1.301406E+01  6.860562E+00
  5.025000E+00  1.315995E+01  6.985484E+00
  5.075000E+00  1.317597E+01  7.113061E+00
  5.125000E+00  1.361891E+01  7.247537E+00
  5.175000E+00  1.370138E+01  7.385480E+00
  5.225000E+00  1.374984E+01  7.526598E+00
  5.275000E+00  1.343880E+01  7.667177E+00
  5.325000E+00  1.336915E+01  7.809691E+00
  5.375000E+00  1.334514E+01  7.954633E+00
  5.425000E+00  1.324725E+01  8.101201E+00
  5.475000E+00  1.311616E+01  8.249006E+00
  5.525000E+00  1.258071E+01  8.393379E+00
  5.575000E+00  1.221833E+01  8.536142E+00
  5.625000E+00  1.193743E+01  8.678136E+00
  5.675000E+00  1.184484E+01  8.821544E+00
  5.725000E+00  1.165600E+01  8.965164E+00
  5.775000E+00  1.113732E+01  9.104800E+00
  5.825000E+00  1.093208E+01  9.244247E+00
  5.875000E+00  1.053812E+01  9.380986E+00
  5.925000E+00  1.033860E+01  9.517430E+00
  5.975000E+00  1.002267E+01  9.651945E+00
O_s     O_s     
  2.500000E-02  0.000000E+00  0.000000E+00
  7.500000E-02  0.000000E+00  0.000000E+00
  1.250000E-01  0.000000E+00  0.000000E+00
  1.750000E-01  0.000000E+00  0.000000E+00
  2.250000E-01  0.000000E+00  0.000000E+00
  2.750000E-01  0.000000E+00  0.000000E+00
  3.250000E-01  0.000000E+00  0.000000E+00
  3.750000E-01  0.000000E+00  0.000000E+00
  4.250000E-01  0.000000E+00  0.000000E+00
  4.750000E-01  0.000000E+00  0.000000E+00
  5.250000E-01  0.000000E+00  0.000000E+00
  5.750000E-01  6.201685E-04  7.713122E-08
  6.250000E-01  0.000000E+00  7.713122E-08
  6.750000E-01  9.002080E-04  2.313936E-07
  7.250000E-01  7.803705E-04  3.856561E-07
  7.750000E-01  3.414797E-04  4.627873E-07
  8.250000E-01  0.000000E+00  4.627873E-07
  8.750000E-01  2.679074E-04  5.399185E-07
  9.250000E-01  4.794681E-04  6.941809E-07
  9.750000E-01  0.000000E+00  6.941809E-07
  1.025000E+00  5.857420E-04  9.255746E-07
  1.075000E+00  1.775104E-04  1.002706E-06
  1.125000E+00  0.000000E+00  1.002706E-06
  1.175000E+00  1.485859E-04  1.079837E-06
  1.225000E+00  6.835283E-04  1.465493E-06
  1.275000E+00  8.833666E-04  2.005412E-06
  1.325000E+00  8.179631E-04  2.545330E-06
  1.375000E+00  2.170180E-04  2.699593E-06
  1.425000E+00  9.092581E-04  3.393773E-06
  1.475000E+00  1.037256E-03  4.242217E-06
  1.525000E+00  1.058575E-03  5.167791E-06
  1.575000E+00  1.736763E-03  6.787547E-06
  1.625000E+00  2.175384E-03  8.947221E-06
  1.675000E+00  1.820776E-02  2.815289E-05
  1.725000E+00  5.763903E-02  9.263459E-05
  1.775000E+00  1.419678E+00  1.774249E-03
  1.825000E+00  8.678285E+00  1.264096E-02
  1.875000E+00  4.612338E+00  1.873718E-02
  1.925000E+00  1.647349E+01  4.168719E-02
  1.975000E+00  8.301291E+00  5.386065E-02
  2.025000E+00  4.872505E+00  6.137231E-02
  2.075000E+00  3.722584E+01  1.216301E-01
  2.125000E+00  2.415473E+02  5.316937E-01
  2.175000E+00  2.799791E+02  1.029631E+00
  2.225000E+00  3.843762E+01  1.101170E+00
  2.275000E+00  1.365063E+01  1.127731E+00
  2.325000E+00  5.060506E+00  1.138015E+00
  2.375000E+00  2.414748E+00  1.143136E+00
  2.425000E+00  1.788689E+00  1.147091E+00
  2.475000E+00  1.802726E+00  1.151242E+00
  2.525000E+00  2.558544E+00  1.157375E+00
  2.575000E+00  4.129419E+00  1.167668E+00
  2.625000E+00  5.829854E+00  1.182770E+00
  2.675000E+00  8.289290E+00  1.205070E+00
  2.725000E+00  1.084125E+01  1.235334E+00
  2.775000E+00  1.134617E+01  1.268181E+00
  2.825000E+00  1.265931E+01  1.306163E+00
  2.875000E+00  1.545027E+01  1.354173E+00
  2.925000E+00  1.805341E+01  1.412240E+00
  2.975000E+00  2.193555E+01  1.485227E+00
  3.025000E+00  2.413469E+01  1.568253E+00
  3.075000E+00  2.700545E+01  1.664251E+00
  3.125000E+00  2.960193E+01  1.772929E+00
  3.175000E+00  3.064166E+01  1.889052E+00
  3.225000E+00  3.087593E+01  2.009778E+00
  3.275000E+00  3.217751E+01  2.139524E+00
  3.325000E+00  3.142971E+01  2.270154E+00
  3.375000E+00  3.026252E+01  2.399744E+00
  3.425000E+00  2.946493E+01  2.529685E+00
  3.475000E+00  2.818570E+01  2.657640E+00
  3.525000E+00  2.792180E+01  2.788071E+00
  3.575000E+00  2.726714E+01  2.919083E+00
  3.625000E+00  2.652055E+01  3.050096E+00
  3.675000E+00  2.533031E+01  3.178706E+00
  3.725000E+00  2.493088E+01  3.308755E+00
  3.775000E+00  2.432468E+01  3.439071E+00
  3.825000E+00  2.266217E+01  3.563718E+00
  3.875000E+00  2.129089E+01  3.683904E+00
  3.925000E+00  1.995552E+01  3.799478E+00
  3.975000E+00  1.862270E+01  3.910098E+00
  4.025000E+00  1.755585E+01  4.017021E+00
  4.075000E+00  1.607962E+01  4.117401E+00
  4.125000E+00  1.529158E+01  4.215219E+00
  4.175000E+00  1.470933E+01  4.311607E+00
  4.225000E+00  1.364102E+01  4.403148E+00
  4.275000E+00  1.294560E+01  4.492091E+00
  4.325000E+00  1.262828E+01  4.580895E+00
  4.375000E+00  1.251133E+01  4.670922E+00
  4.425000E+00  1.222306E+01  4.760897E+00
  4.475000E+00  1.226742E+01  4.853251E+00
  4.525000E+00  1.233414E+01  4.948194E+00
  4.575000E+00  1.217245E+01  5.043974E+00
  4.625000E+00  1.216550E+01  5.141803E+00
  4.675000E+00  1.222105E+01  5.242216E+00
  4.725000E+00  1.259559E+01  5.347931E+00
  4.775000E+00  1.265679E+01  5.456420E+00
  4.825000E+00  1.281979E+01  5.568619E+00
  4.875000E+00  1.314396E+01  5.686052E+00
  4.925000E+00  1.323175E+01  5.806707E+00
  4.975000E+00  1.340162E+01  5.931405E+00
  5.025000E+00  1.345896E+01  6.059166E+00
  5.075000E+00  1.359620E+01  6.190811E+00
  5.125000E+00  1.383570E+01  6.327427E+00
  5.175000E+00  1.405554E+01  6.468936E+00
  5.225000E+00  1.405533E+01  6.613190E+00
  5.275000E+00  1.399688E+01  6.759607E+00
  5.325000E+00  1.381272E+01  6.906849E+00
  5.375000E+00  1.355665E+01  7.054089E+00
  5.425000E+00  1.306808E+01  7.198674E+00
  5.475000E+00  1.261531E+01  7.340835E+00
  5.525000E+00  1.259518E+01  7.485374E+00
  5.575000E+00  1.225004E+01  7.628507E+00
  5.625000E+00  1.190415E+01  7.770105E+00
  5.675000E+00  1.154100E+01  7.909835E+00
  5.725000E+00  1.139941E+01  8.050293E+00
  5.775000E+00  1.095190E+01  8.187605E+00
  5.825000E+00  1.062864E+01  8.323181E+00
  5.875000E+00  1.016420E+01  8.455069E+00
  5.925000E+00  1.011188E+01  8.588520E+00
  5.975000E+00  9.830374E+00  8.720455E+00
