# Li56 La24 Zr16 O96                                                    
        15       120
Li      Li      
  2.500000E-02  0.000000E+00  0.000000E+00
  7.500000E-02  0.000000E+00  0.000000E+00
  1.250000E-01  0.000000E+00  0.000000E+00
  1.750000E-01  0.000000E+00  0.000000E+00
  2.250000E-01  0.000000E+00  0.000000E+00
  2.750000E-01  0.000000E+00  0.000000E+00
  3.250000E-01  0.000000E+00  0.000000E+00
  3.750000E-01  0.000000E+00  0.000000E+00
  4.250000E-01  0.000000E+00  0.000000E+00
  4.750000E-01  0.000000E+00  0.000000E+00
  5.250000E-01  0.000000E+00  0.000000E+00
  5.750000E-01  0.000000E+00  0.000000E+00
  6.250000E-01  0.000000E+00  0.000000E+00
  6.750000E-01  0.000000E+00  0.000000E+00
  7.250000E-01  0.000000E+00  0.000000E+00
  7.750000E-01  0.000000E+00  0.000000E+00
  8.250000E-01  1.919636E-04  2.854696E-07
  8.750000E-01  0.000000E+00  2.854696E-07
  9.250000E-01  0.000000E+00  2.854696E-07
  9.750000E-01  0.000000E+00  2.854696E-07
  1.025000E+00  1.243729E-04  5.709393E-07
  1.075000E+00  7.915212E-04  2.569227E-06
  1.125000E+00  7.846876E-03  2.426492E-05
  1.175000E+00  6.062776E+00  1.831002E-02
  1.225000E+00  1.435935E+01  6.538254E-02
  1.275000E+00  1.622845E+00  7.114560E-02
  1.325000E+00  6.615027E-01  7.368257E-02
  1.375000E+00  1.436046E+00  7.961349E-02
  1.425000E+00  2.982490E+00  9.284329E-02
  1.475000E+00  7.552793E+00  1.287382E-01
  1.525000E+00  1.213406E+01  1.903814E-01
  1.575000E+00  1.367387E+01  2.644765E-01
  1.625000E+00  1.589158E+01  3.561425E-01
  1.675000E+00  1.860305E+01  4.701534E-01
  1.725000E+00  1.759952E+01  5.845490E-01
  1.775000E+00  1.697415E+01  7.013681E-01
  1.825000E+00  1.556987E+01  8.146441E-01
  1.875000E+00  1.477592E+01  9.281146E-01
  1.925000E+00  1.275919E+01  1.031393E+00
  1.975000E+00  1.144669E+01  1.128923E+00
  2.025000E+00  9.256601E+00  1.211836E+00
  2.075000E+00  7.671524E+00  1.283986E+00
  2.125000E+00  5.841361E+00  1.341604E+00
  2.175000E+00  4.430782E+00  1.387388E+00
  2.225000E+00  3.366222E+00  1.423790E+00
  2.275000E+00  2.600277E+00  1.453187E+00
  2.325000E+00  1.902852E+00  1.475655E+00
  2.375000E+00  1.442810E+00  1.493432E+00
  2.425000E+00  1.307523E+00  1.510227E+00
  2.475000E+00  8.810967E-01  1.522016E+00
  2.525000E+00  9.634721E-01  1.535434E+00
  2.575000E+00  1.000570E+00  1.549925E+00
  2.625000E+00  8.962636E-01  1.563415E+00
  2.675000E+00  8.587987E-01  1.576838E+00
  2.725000E+00  1.078709E+00  1.594335E+00
  2.775000E+00  1.058822E+00  1.612145E+00
  2.825000E+00  1.058324E+00  1.630593E+00
  2.875000E+00  1.157671E+00  1.651495E+00
  2.925000E+00  1.168321E+00  1.673328E+00
  2.975000E+00  1.395620E+00  1.700309E+00
  3.025000E+00  1.587838E+00  1.732046E+00
  3.075000E+00  1.465192E+00  1.762308E+00
  3.125000E+00  1.466338E+00  1.793586E+00
  3.175000E+00  1.624350E+00  1.829353E+00
  3.225000E+00  1.745383E+00  1.869004E+00
  3.275000E+00  1.820720E+00  1.911659E+00
  3.325000E+00  1.677998E+00  1.952181E+00
  3.375000E+00  1.757349E+00  1.995904E+00
  3.425000E+00  1.597755E+00  2.036843E+00
  3.475000E+00  1.653908E+00  2.080468E+00
  3.525000E+00  1.862406E+00  2.131015E+00
  3.575000E+00  1.898383E+00  2.184011E+00
  3.625000E+00  1.873736E+00  2.237792E+00
  3.675000E+00  1.747840E+00  2.289354E+00
  3.725000E+00  1.859180E+00  2.345702E+00
  3.775000E+00  1.967265E+00  2.406938E+00
  3.825000E+00  1.849272E+00  2.466035E+00
  3.875000E+00  1.811510E+00  2.525449E+00
  3.925000E+00  1.828260E+00  2.586970E+00
  3.975000E+00  1.943079E+00  2.654031E+00
  4.025000E+00  1.908915E+00  2.721581E+00
  4.075000E+00  1.961109E+00  2.792713E+00
  4.125000E+00  1.998260E+00  2.866982E+00
  4.175000E+00  1.786105E+00  2.934984E+00
  4.225000E+00  1.692640E+00  3.000981E+00
  4.275000E+00  1.713149E+00  3.069368E+00
  4.325000E+00  1.755759E+00  3.141105E+00
  4.375000E+00  1.782376E+00  3.215622E+00
  4.425000E+00  1.747557E+00  3.290364E+00
  4.475000E+00  1.846834E+00  3.371147E+00
  4.525000E+00  1.936470E+00  3.457754E+00
  4.575000E+00  1.903691E+00  3.544787E+00
  4.625000E+00  1.934819E+00  3.635187E+00
  4.675000E+00  1.888051E+00  3.725319E+00
  4.725000E+00  2.003757E+00  3.823032E+00
  4.775000E+00  2.018004E+00  3.923534E+00
  4.825000E+00  1.995748E+00  4.025019E+00
  4.875000E+00  1.917938E+00  4.124580E+00
  4.925000E+00  1.970803E+00  4.228994E+00
  4.975000E+00  1.919318E+00  4.332756E+00
  5.025000E+00  1.872881E+00  4.436053E+00
  5.075000E+00  1.846232E+00  4.539916E+00
  5.125000E+00  1.930690E+00  4.650681E+00
  5.175000E+00  1.809248E+00  4.756515E+00
  5.225000E+00  1.863154E+00  4.867617E+00
  5.275000E+00  1.856014E+00  4.980423E+00
  5.325000E+00  1.913888E+00  5.098961E+00
  5.375000E+00  1.882789E+00  5.217774E+00
  5.425000E+00  1.863391E+00  5.337560E+00
  5.475000E+00  1.828937E+00  5.457308E+00
  5.525000E+00  1.909584E+00  5.584631E+00
  5.575000E+00  1.806540E+00  5.707273E+00
  5.625000E+00  1.808107E+00  5.832234E+00
  5.675000E+00  1.808742E+00  5.959470E+00
  5.725000E+00  1.736470E+00  6.083784E+00
  5.775000E+00  1.681600E+00  6.206283E+00
  5.825000E+00  1.691058E+00  6.331612E+00
  5.875000E+00  1.659716E+00  6.456739E+00
  5.925000E+00  1.618807E+00  6.580869E+00
  5.975000E+00  1.653915E+00  6.709840E+00
Li      La      
  2.500000E-02  0.000000E+00  0.000000E+00
  7.500000E-02  0.000000E+00  0.000000E+00
  1.250000E-01  0.000000E+00  0.000000E+00
  1.750000E-01  0.000000E+00  0.000000E+00
  2.250000E-01  0.000000E+00  0.000000E+00
  2.750000E-01  0.000000E+00  0.000000E+00
  3.250000E-01  0.000000E+00  0.000000E+00
  3.750000E-01  0.000000E+00  0.000000E+00
  4.250000E-01  0.000000E+00  0.000000E+00
  4.750000E-01  0.000000E+00  0.000000E+00
  5.250000E-01  0.000000E+00  0.000000E+00
  5.750000E-01  0.000000E+00  0.000000E+00
  6.250000E-01  0.000000E+00  0.000000E+00
  6.750000E-01  0.000000E+00  0.000000E+00
  7.250000E-01  0.000000E+00  0.000000E+00
  7.750000E-01  0.000000E+00  0.000000E+00
  8.250000E-01  0.000000E+00  0.000000E+00
  8.750000E-01  0.000000E+00  0.000000E+00
  9.250000E-01  0.000000E+00  0.000000E+00
  9.750000E-01  0.000000E+00  0.000000E+00
  1.025000E+00  0.000000E+00  0.000000E+00
  1.075000E+00  0.000000E+00  0.000000E+00
  1.125000E+00  0.000000E+00  0.000000E+00
  1.175000E+00  0.000000E+00  0.000000E+00
  1.225000E+00  0.000000E+00  0.000000E+00
  1.275000E+00  0.000000E+00  0.000000E+00
  1.325000E+00  0.000000E+00  0.000000E+00
  1.375000E+00  0.000000E+00  0.000000E+00
  1.425000E+00  0.000000E+00  0.000000E+00
  1.475000E+00  0.000000E+00  0.000000E+00
  1.525000E+00  0.000000E+00  0.000000E+00
  1.575000E+00  0.000000E+00  0.000000E+00
  1.625000E+00  5.773026E-05  1.427144E-07
  1.675000E+00  0.000000E+00  1.427144E-07
  1.725000E+00  5.123136E-05  2.854289E-07
  1.775000E+00  0.000000E+00  2.854289E-07
  1.825000E+00  0.000000E+00  2.854289E-07
  1.875000E+00  0.000000E+00  2.854289E-07
  1.925000E+00  0.000000E+00  2.854289E-07
  1.975000E+00  3.908293E-05  4.281433E-07
  2.025000E+00  7.435366E-05  7.135721E-07
  2.075000E+00  1.770342E-04  1.427144E-06
  2.125000E+00  7.967436E-03  3.510775E-05
  2.175000E+00  1.180117E-01  5.577280E-04
  2.225000E+00  2.480457E-01  1.707293E-03
  2.275000E+00  1.489999E+00  8.926502E-03
  2.325000E+00  4.154878E+00  2.995191E-02
  2.375000E+00  9.947094E+00  8.247652E-02
  2.425000E+00  1.611929E+01  1.712142E-01
  2.475000E+00  1.737209E+01  2.708329E-01
  2.525000E+00  1.427363E+01  3.560241E-01
  2.575000E+00  1.048825E+01  4.211262E-01
  2.625000E+00  8.530109E+00  4.761499E-01
  2.675000E+00  7.195255E+00  5.243479E-01
  2.725000E+00  6.220061E+00  5.675857E-01
  2.775000E+00  5.998870E+00  6.108302E-01
  2.825000E+00  5.956376E+00  6.553295E-01
  2.875000E+00  5.879966E+00  7.008267E-01
  2.925000E+00  5.691623E+00  7.464117E-01
  2.975000E+00  5.674291E+00  7.934249E-01
  3.025000E+00  6.108114E+00  8.457477E-01
  3.075000E+00  6.662199E+00  9.047190E-01
  3.125000E+00  6.290611E+00  9.622266E-01
  3.175000E+00  6.241211E+00  1.021123E+00
  3.225000E+00  5.843478E+00  1.078017E+00
  3.275000E+00  5.375713E+00  1.131991E+00
  3.325000E+00  5.109035E+00  1.184867E+00
  3.375000E+00  5.021351E+00  1.238409E+00
  3.425000E+00  5.003073E+00  1.293349E+00
  3.475000E+00  4.596771E+00  1.345312E+00
  3.525000E+00  4.291903E+00  1.395235E+00
  3.575000E+00  4.008448E+00  1.443193E+00
  3.625000E+00  3.290369E+00  1.483668E+00
  3.675000E+00  3.007956E+00  1.521697E+00
  3.725000E+00  2.534375E+00  1.554617E+00
  3.775000E+00  2.200565E+00  1.583973E+00
  3.825000E+00  1.959276E+00  1.610807E+00
  3.875000E+00  1.680009E+00  1.634422E+00
  3.925000E+00  1.488842E+00  1.655893E+00
  3.975000E+00  1.472850E+00  1.677678E+00
  4.025000E+00  1.370913E+00  1.698469E+00
  4.075000E+00  1.336854E+00  1.719250E+00
  4.125000E+00  1.281822E+00  1.739668E+00
  4.175000E+00  1.342930E+00  1.761580E+00
  4.225000E+00  1.399182E+00  1.784961E+00
  4.275000E+00  1.337564E+00  1.807844E+00
  4.325000E+00  1.364194E+00  1.831732E+00
  4.375000E+00  1.337182E+00  1.855691E+00
  4.425000E+00  1.368659E+00  1.880778E+00
  4.475000E+00  1.410606E+00  1.907222E+00
  4.525000E+00  1.443578E+00  1.934892E+00
  4.575000E+00  1.404535E+00  1.962411E+00
  4.625000E+00  1.459736E+00  1.991641E+00
  4.675000E+00  1.545149E+00  2.023254E+00
  4.725000E+00  1.613023E+00  2.056965E+00
  4.775000E+00  1.630451E+00  2.091765E+00
  4.825000E+00  1.608216E+00  2.126813E+00
  4.875000E+00  1.663864E+00  2.163830E+00
  4.925000E+00  1.784833E+00  2.204356E+00
  4.975000E+00  1.778248E+00  2.245557E+00
  5.025000E+00  1.768842E+00  2.287367E+00
  5.075000E+00  1.682839E+00  2.327941E+00
  5.125000E+00  1.791674E+00  2.371994E+00
  5.175000E+00  1.822641E+00  2.417687E+00
  5.225000E+00  1.773612E+00  2.463014E+00
  5.275000E+00  1.771735E+00  2.509164E+00
  5.325000E+00  1.748759E+00  2.555583E+00
  5.375000E+00  1.857498E+00  2.605818E+00
  5.425000E+00  1.828011E+00  2.656180E+00
  5.475000E+00  1.823531E+00  2.707350E+00
  5.525000E+00  1.878097E+00  2.761017E+00
  5.575000E+00  1.799928E+00  2.813385E+00
  5.625000E+00  1.839296E+00  2.867864E+00
  5.675000E+00  1.809145E+00  2.922406E+00
  5.725000E+00  1.845073E+00  2.979015E+00
  5.775000E+00  1.822007E+00  3.035898E+00
  5.825000E+00  1.783386E+00  3.092543E+00
  5.875000E+00  1.772382E+00  3.149809E+00
  5.925000E+00  1.794521E+00  3.208782E+00
  5.975000E+00  1.878927E+00  3.271575E+00
Li      Zr      
  2.500000E-02  0.000000E+00  0.000000E+00
  7.500000E-02  0.000000E+00  0.000000E+00
  1.250000E-01  0.000000E+00  0.000000E+00
  1.750000E-01  0.000000E+00  0.000000E+00
  2.250000E-01  0.000000E+00  0.000000E+00
  2.750000E-01  0.000000E+00  0.000000E+00
  3.250000E-01  0.000000E+00  0.000000E+00
  3.750000E-01  0.000000E+00  0.000000E+00
  4.250000E-01  0.000000E+00  0.000000E+00
  4.750000E-01  0.000000E+00  0.000000E+00
  5.250000E-01  0.000000E+00  0.000000E+00
  5.750000E-01  0.000000E+00  0.000000E+00
  6.250000E-01  0.000000E+00  0.000000E+00
  6.750000E-01  0.000000E+00  0.000000E+00
  7.250000E-01  0.000000E+00  0.000000E+00
  7.750000E-01  0.000000E+00  0.000000E+00
  8.250000E-01  0.000000E+00  0.000000E+00
  8.750000E-01  0.000000E+00  0.000000E+00
  9.250000E-01  0.000000E+00  0.000000E+00
  9.750000E-01  0.000000E+00  0.000000E+00
  1.025000E+00  0.000000E+00  0.000000E+00
  1.075000E+00  0.000000E+00  0.000000E+00
  1.125000E+00  0.000000E+00  0.000000E+00
  1.175000E+00  0.000000E+00  0.000000E+00
  1.225000E+00  0.000000E+00  0.000000E+00
  1.275000E+00  0.000000E+00  0.000000E+00
  1.325000E+00  0.000000E+00  0.000000E+00
  1.375000E+00  0.000000E+00  0.000000E+00
  1.425000E+00  0.000000E+00  0.000000E+00
  1.475000E+00  0.000000E+00  0.000000E+00
  1.525000E+00  0.000000E+00  0.000000E+00
  1.575000E+00  0.000000E+00  0.000000E+00
  1.625000E+00  0.000000E+00  0.000000E+00
  1.675000E+00  0.000000E+00  0.000000E+00
  1.725000E+00  0.000000E+00  0.000000E+00
  1.775000E+00  0.000000E+00  0.000000E+00
  1.825000E+00  0.000000E+00  0.000000E+00
  1.875000E+00  0.000000E+00  0.000000E+00
  1.925000E+00  1.234184E-04  2.854289E-07
  1.975000E+00  1.758732E-03  4.566862E-06
  2.025000E+00  5.693632E-02  1.502783E-04
  2.075000E+00  1.152068E+00  3.246040E-03
  2.125000E+00  3.528376E+00  1.318967E-02
  2.175000E+00  5.941933E+00  3.073241E-02
  2.225000E+00  6.303410E+00  5.020779E-02
  2.275000E+00  5.779582E+00  6.887627E-02
  2.325000E+00  6.607589E+00  9.116769E-02
  2.375000E+00  7.309185E+00  1.168980E-01
  2.425000E+00  7.667877E+00  1.450394E-01
  2.475000E+00  8.444552E+00  1.773224E-01
  2.525000E+00  8.350985E+00  2.105506E-01
  2.575000E+00  9.113032E+00  2.482612E-01
  2.625000E+00  9.243789E+00  2.880127E-01
  2.675000E+00  1.060468E+01  3.353703E-01
  2.725000E+00  9.676666E+00  3.802142E-01
  2.775000E+00  8.540927E+00  4.212606E-01
  2.825000E+00  8.209471E+00  4.621486E-01
  2.875000E+00  7.427261E+00  5.004617E-01
  2.925000E+00  7.034014E+00  5.380193E-01
  2.975000E+00  6.256902E+00  5.725794E-01
  3.025000E+00  5.718353E+00  6.052355E-01
  3.075000E+00  5.185312E+00  6.358345E-01
  3.125000E+00  4.616259E+00  6.639685E-01
  3.175000E+00  4.311879E+00  6.910950E-01
  3.225000E+00  3.820827E+00  7.158954E-01
  3.275000E+00  3.146404E+00  7.369563E-01
  3.325000E+00  2.708403E+00  7.556432E-01
  3.375000E+00  2.115122E+00  7.706789E-01
  3.425000E+00  1.845015E+00  7.841860E-01
  3.475000E+00  1.552501E+00  7.958858E-01
  3.525000E+00  1.387950E+00  8.066488E-01
  3.575000E+00  1.178236E+00  8.160465E-01
  3.625000E+00  1.075182E+00  8.248639E-01
  3.675000E+00  1.227824E+00  8.352126E-01
  3.725000E+00  1.140615E+00  8.450898E-01
  3.775000E+00  1.241224E+00  8.561286E-01
  3.825000E+00  1.158000E+00  8.667019E-01
  3.875000E+00  1.278808E+00  8.786855E-01
  3.925000E+00  1.296503E+00  8.911504E-01
  3.975000E+00  1.471952E+00  9.056650E-01
  4.025000E+00  1.504776E+00  9.208790E-01
  4.075000E+00  1.472717E+00  9.361410E-01
  4.125000E+00  1.501069E+00  9.520809E-01
  4.175000E+00  1.737102E+00  9.709772E-01
  4.225000E+00  1.717663E+00  9.901122E-01
  4.275000E+00  1.827511E+00  1.010956E+00
  4.325000E+00  1.947927E+00  1.033695E+00
  4.375000E+00  1.890635E+00  1.056279E+00
  4.425000E+00  1.831660E+00  1.078662E+00
  4.475000E+00  2.022156E+00  1.103933E+00
  4.525000E+00  1.898519E+00  1.128193E+00
  4.575000E+00  1.952641E+00  1.153699E+00
  4.625000E+00  1.916979E+00  1.179290E+00
  4.675000E+00  1.920391E+00  1.205483E+00
  4.725000E+00  1.877525E+00  1.231642E+00
  4.775000E+00  1.873365E+00  1.258299E+00
  4.825000E+00  2.029085E+00  1.287779E+00
  4.875000E+00  1.955442E+00  1.316781E+00
  4.925000E+00  1.865980E+00  1.345027E+00
  4.975000E+00  1.735196E+00  1.371829E+00
  5.025000E+00  1.875337E+00  1.401381E+00
  5.075000E+00  1.896981E+00  1.431872E+00
  5.125000E+00  1.784244E+00  1.461119E+00
  5.175000E+00  1.717852E+00  1.489830E+00
  5.225000E+00  1.661787E+00  1.518142E+00
  5.275000E+00  1.722676E+00  1.548057E+00
  5.325000E+00  1.716705E+00  1.578436E+00
  5.375000E+00  1.706643E+00  1.609206E+00
  5.425000E+00  1.749146E+00  1.641333E+00
  5.475000E+00  1.781946E+00  1.674667E+00
  5.525000E+00  1.645386E+00  1.706012E+00
  5.575000E+00  1.781164E+00  1.740561E+00
  5.625000E+00  1.673021E+00  1.773596E+00
  5.675000E+00  1.738280E+00  1.808533E+00
  5.725000E+00  1.770984E+00  1.844758E+00
  5.775000E+00  1.827643E+00  1.882797E+00
  5.825000E+00  1.830755E+00  1.921563E+00
  5.875000E+00  1.911445E+00  1.962736E+00
  5.925000E+00  1.770853E+00  2.001533E+00
  5.975000E+00  1.761024E+00  2.040768E+00
Li      O       
  2.500000E-02  0.000000E+00  0.000000E+00
  7.500000E-02  0.000000E+00  0.000000E+00
  1.250000E-01  0.000000E+00  0.000000E+00
  1.750000E-01  0.000000E+00  0.000000E+00
  2.250000E-01  0.000000E+00  0.000000E+00
  2.750000E-01  0.000000E+00  0.000000E+00
  3.250000E-01  3.601323E-04  1.427144E-07
  3.750000E-01  0.000000E+00  1.427144E-07
  4.250000E-01  0.000000E+00  1.427144E-07
  4.750000E-01  1.687705E-04  2.854289E-07
  5.250000E-01  0.000000E+00  2.854289E-07
  5.750000E-01  1.152060E-04  4.281433E-07
  6.250000E-01  9.751982E-05  5.708577E-07
  6.750000E-01  0.000000E+00  5.708577E-07
  7.250000E-01  7.248304E-05  7.135721E-07
  7.750000E-01  6.343522E-05  8.562866E-07
  8.250000E-01  1.679442E-04  1.284430E-06
  8.750000E-01  2.986080E-04  2.140716E-06
  9.250000E-01  3.251009E-03  1.255887E-05
  9.750000E-01  7.736373E-03  4.010275E-05
  1.025000E+00  1.748226E-02  1.088911E-04
  1.075000E+00  2.155598E-01  1.041815E-03
  1.125000E+00  1.463900E+01  7.042772E-02
  1.175000E+00  6.224110E+01  3.922395E-01
  1.225000E+00  1.584713E+02  1.282806E+00
  1.275000E+00  8.760048E+01  1.816099E+00
  1.325000E+00  9.816306E+00  1.880637E+00
  1.375000E+00  1.524573E+00  1.891431E+00
  1.425000E+00  5.328140E-01  1.895483E+00
  1.475000E+00  2.562031E-01  1.897570E+00
  1.525000E+00  1.636594E-01  1.898996E+00
  1.575000E+00  1.161626E-01  1.900075E+00
  1.625000E+00  9.206533E-02  1.900985E+00
  1.675000E+00  8.636607E-02  1.901892E+00
  1.725000E+00  8.284111E-02  1.902815E+00
  1.775000E+00  8.261897E-02  1.903790E+00
  1.825000E+00  8.575220E-02  1.904860E+00
  1.875000E+00  1.337956E-01  1.906621E+00
  1.925000E+00  1.441218E-01  1.908621E+00
  1.975000E+00  1.764692E-01  1.911199E+00
  2.025000E+00  1.436048E-01  1.913404E+00
  2.075000E+00  2.560358E-01  1.917532E+00
  2.125000E+00  2.274517E-01  1.921378E+00
  2.175000E+00  3.035531E-01  1.926755E+00
  2.225000E+00  4.954140E-01  1.935939E+00
  2.275000E+00  7.836891E-01  1.951127E+00
  2.325000E+00  1.073620E+00  1.972859E+00
  2.375000E+00  1.068426E+00  1.995426E+00
  2.425000E+00  1.181632E+00  2.021446E+00
  2.475000E+00  1.493685E+00  2.055707E+00
  2.525000E+00  1.881904E+00  2.100635E+00
  2.575000E+00  2.193918E+00  2.155107E+00
  2.625000E+00  2.596090E+00  2.222092E+00
  2.675000E+00  2.795005E+00  2.296982E+00
  2.725000E+00  2.675266E+00  2.371369E+00
  2.775000E+00  2.999772E+00  2.457867E+00
  2.825000E+00  3.040759E+00  2.548736E+00
  2.875000E+00  3.018084E+00  2.642148E+00
  2.925000E+00  3.247059E+00  2.746172E+00
  2.975000E+00  3.324722E+00  2.856357E+00
  3.025000E+00  3.313213E+00  2.969883E+00
  3.075000E+00  3.419272E+00  3.090947E+00
  3.125000E+00  3.350190E+00  3.213455E+00
  3.175000E+00  3.178101E+00  3.333418E+00
  3.225000E+00  3.050132E+00  3.452205E+00
  3.275000E+00  2.920958E+00  3.569516E+00
  3.325000E+00  2.685667E+00  3.680696E+00
  3.375000E+00  2.609467E+00  3.791995E+00
  3.425000E+00  2.533130E+00  3.903263E+00
  3.475000E+00  2.453422E+00  4.014199E+00
  3.525000E+00  2.503853E+00  4.130697E+00
  3.575000E+00  2.405090E+00  4.245797E+00
  3.625000E+00  2.525197E+00  4.370048E+00
  3.675000E+00  2.486192E+00  4.495778E+00
  3.725000E+00  2.598298E+00  4.630778E+00
  3.775000E+00  2.568525E+00  4.767836E+00
  3.825000E+00  2.564832E+00  4.908348E+00
  3.875000E+00  2.652369E+00  5.057478E+00
  3.925000E+00  2.594373E+00  5.207137E+00
  3.975000E+00  2.650098E+00  5.363929E+00
  4.025000E+00  2.557059E+00  5.519047E+00
  4.075000E+00  2.574109E+00  5.679103E+00
  4.125000E+00  2.588652E+00  5.844037E+00
  4.175000E+00  2.598446E+00  6.013633E+00
  4.225000E+00  2.603417E+00  6.187647E+00
  4.275000E+00  2.540032E+00  6.361467E+00
  4.325000E+00  2.543414E+00  6.539614E+00
  4.375000E+00  2.636089E+00  6.728545E+00
  4.425000E+00  2.625034E+00  6.921009E+00
  4.475000E+00  2.554354E+00  7.112547E+00
  4.525000E+00  2.542542E+00  7.307484E+00
  4.575000E+00  2.551531E+00  7.507456E+00
  4.625000E+00  2.480528E+00  7.706137E+00
  4.675000E+00  2.452617E+00  7.906852E+00
  4.725000E+00  2.409579E+00  8.108286E+00
  4.775000E+00  2.296918E+00  8.304387E+00
  4.825000E+00  2.193431E+00  8.495595E+00
  4.875000E+00  2.093893E+00  8.681928E+00
  4.925000E+00  2.052738E+00  8.868366E+00
  4.975000E+00  2.008431E+00  9.054501E+00
  5.025000E+00  1.977337E+00  9.241458E+00
  5.075000E+00  1.868302E+00  9.421638E+00
  5.125000E+00  1.837296E+00  9.602336E+00
  5.175000E+00  1.824767E+00  9.785320E+00
  5.225000E+00  1.791039E+00  9.968410E+00
  5.275000E+00  1.731734E+00  1.014884E+01
  5.325000E+00  1.705696E+00  1.032995E+01
  5.375000E+00  1.677898E+00  1.051146E+01
  5.425000E+00  1.632047E+00  1.069131E+01
  5.475000E+00  1.625372E+00  1.087375E+01
  5.525000E+00  1.625366E+00  1.105953E+01
  5.575000E+00  1.583295E+00  1.124379E+01
  5.625000E+00  1.579460E+00  1.143092E+01
  5.675000E+00  1.565004E+00  1.161965E+01
  5.725000E+00  1.540086E+00  1.180866E+01
  5.775000E+00  1.511634E+00  1.199743E+01
  5.825000E+00  1.512179E+00  1.218955E+01
  5.875000E+00  1.493589E+00  1.238258E+01
  5.925000E+00  1.467712E+00  1.257552E+01
  5.975000E+00  1.464951E+00  1.277135E+01
Li      O_s     
  2.500000E-02  0.000000E+00  0.000000E+00
  7.500000E-02  0.000000E+00  0.000000E+00
  1.250000E-01  0.000000E+00  0.000000E+00
  1.750000E-01  0.000000E+00  0.000000E+00
  2.250000E-01  0.000000E+00  0.000000E+00
  2.750000E-01  0.000000E+00  0.000000E+00
  3.250000E-01  0.000000E+00  0.000000E+00
  3.750000E-01  2.706319E-04  1.427144E-07
  4.250000E-01  2.107686E-04  2.854289E-07
  4.750000E-01  0.000000E+00  2.854289E-07
  5.250000E-01  1.381776E-04  4.281433E-07
  5.750000E-01  2.304121E-04  7.135721E-07
  6.250000E-01  9.751982E-05  8.562866E-07
  6.750000E-01  2.508417E-04  1.284430E-06
  7.250000E-01  1.449661E-04  1.569859E-06
  7.750000E-01  4.440466E-04  2.568860E-06
  8.250000E-01  8.397209E-04  4.709576E-06
  8.750000E-01  2.488400E-03  1.184530E-05
  9.250000E-01  6.906835E-01  2.225203E-03
  9.750000E-01  2.285397E+01  8.359241E-02
  1.025000E+00  1.081340E+01  1.261404E-01
  1.075000E+00  9.809497E+01  5.506870E-01
  1.125000E+00  1.489954E+02  1.256895E+00
  1.175000E+00  7.467695E+01  1.643005E+00
  1.225000E+00  2.751649E+01  1.797641E+00
  1.275000E+00  9.249640E+00  1.853950E+00
  1.325000E+00  3.484766E+00  1.876861E+00
  1.375000E+00  1.471519E+00  1.887280E+00
  1.425000E+00  6.296363E-01  1.892068E+00
  1.475000E+00  3.444886E-01  1.894874E+00
  1.525000E+00  2.253738E-01  1.896837E+00
  1.575000E+00  1.721467E-01  1.898436E+00
  1.625000E+00  1.116070E-01  1.899540E+00
  1.675000E+00  8.552387E-02  1.900438E+00
  1.725000E+00  8.180367E-02  1.901350E+00
  1.775000E+00  8.738498E-02  1.902381E+00
  1.825000E+00  8.710245E-02  1.903467E+00
  1.875000E+00  1.627077E-01  1.905609E+00
  1.925000E+00  2.292805E-01  1.908791E+00
  1.975000E+00  2.694279E-01  1.912726E+00
  2.025000E+00  4.151816E-01  1.919101E+00
  2.075000E+00  6.710129E-01  1.929920E+00
  2.125000E+00  7.705372E-01  1.942949E+00
  2.175000E+00  9.081296E-01  1.959036E+00
  2.225000E+00  1.098230E+00  1.979395E+00
  2.275000E+00  1.192610E+00  2.002508E+00
  2.325000E+00  1.350212E+00  2.029838E+00
  2.375000E+00  1.924493E+00  2.070487E+00
  2.425000E+00  2.119240E+00  2.117153E+00
  2.475000E+00  2.396027E+00  2.172112E+00
  2.525000E+00  2.526451E+00  2.232428E+00
  2.575000E+00  2.651567E+00  2.298263E+00
  2.625000E+00  2.753058E+00  2.369297E+00
  2.675000E+00  2.905994E+00  2.447162E+00
  2.725000E+00  2.901877E+00  2.527849E+00
  2.775000E+00  3.044825E+00  2.615647E+00
  2.825000E+00  3.085517E+00  2.707853E+00
  2.875000E+00  3.274522E+00  2.809202E+00
  2.925000E+00  3.384452E+00  2.917628E+00
  2.975000E+00  3.403647E+00  3.030429E+00
  3.025000E+00  3.308656E+00  3.143798E+00
  3.075000E+00  3.333853E+00  3.261838E+00
  3.125000E+00  3.029365E+00  3.372614E+00
  3.175000E+00  2.974499E+00  3.484892E+00
  3.225000E+00  2.871956E+00  3.596740E+00
  3.275000E+00  2.658782E+00  3.703522E+00
  3.325000E+00  2.564239E+00  3.809675E+00
  3.375000E+00  2.553250E+00  3.918576E+00
  3.425000E+00  2.538702E+00  4.030089E+00
  3.475000E+00  2.380406E+00  4.137723E+00
  3.525000E+00  2.416238E+00  4.250144E+00
  3.575000E+00  2.548378E+00  4.372101E+00
  3.625000E+00  2.499183E+00  4.495073E+00
  3.675000E+00  2.402569E+00  4.616574E+00
  3.725000E+00  2.550131E+00  4.749071E+00
  3.775000E+00  2.619971E+00  4.888875E+00
  3.825000E+00  2.695157E+00  5.036526E+00
  3.875000E+00  2.594659E+00  5.182412E+00
  3.925000E+00  2.597057E+00  5.332225E+00
  3.975000E+00  2.548990E+00  5.483035E+00
  4.025000E+00  2.595545E+00  5.640488E+00
  4.075000E+00  2.589017E+00  5.801470E+00
  4.125000E+00  2.587653E+00  5.966341E+00
  4.175000E+00  2.565304E+00  6.133774E+00
  4.225000E+00  2.542081E+00  6.303688E+00
  4.275000E+00  2.480290E+00  6.473420E+00
  4.325000E+00  2.510933E+00  6.649292E+00
  4.375000E+00  2.489317E+00  6.827704E+00
  4.425000E+00  2.460670E+00  7.008117E+00
  4.475000E+00  2.505968E+00  7.196027E+00
  4.525000E+00  2.453215E+00  7.384114E+00
  4.575000E+00  2.423173E+00  7.574027E+00
  4.625000E+00  2.402704E+00  7.766474E+00
  4.675000E+00  2.371160E+00  7.960523E+00
  4.725000E+00  2.219984E+00  8.146107E+00
  4.775000E+00  2.180267E+00  8.332249E+00
  4.825000E+00  2.133366E+00  8.518221E+00
  4.875000E+00  2.127636E+00  8.707557E+00
  4.925000E+00  2.034096E+00  8.892302E+00
  4.975000E+00  1.955746E+00  9.073555E+00
  5.025000E+00  1.905676E+00  9.253735E+00
  5.075000E+00  1.913793E+00  9.438302E+00
  5.125000E+00  1.879803E+00  9.623181E+00
  5.175000E+00  1.824385E+00  9.806128E+00
  5.225000E+00  1.750803E+00  9.985104E+00
  5.275000E+00  1.783379E+00  1.017092E+01
  5.325000E+00  1.739453E+00  1.035560E+01
  5.375000E+00  1.684597E+00  1.053784E+01
  5.425000E+00  1.679231E+00  1.072290E+01
  5.475000E+00  1.670285E+00  1.091037E+01
  5.525000E+00  1.643938E+00  1.109828E+01
  5.575000E+00  1.604760E+00  1.128504E+01
  5.625000E+00  1.609120E+00  1.147568E+01
  5.675000E+00  1.568881E+00  1.166487E+01
  5.725000E+00  1.609563E+00  1.186241E+01
  5.775000E+00  1.551920E+00  1.205621E+01
  5.825000E+00  1.524062E+00  1.224985E+01
  5.875000E+00  1.539064E+00  1.244876E+01
  5.925000E+00  1.509575E+00  1.264719E+01
  5.975000E+00  1.462980E+00  1.284276E+01
La      La      
  2.500000E-02  0.000000E+00  0.000000E+00
  7.500000E-02  0.000000E+00  0.000000E+00
  1.250000E-01  0.000000E+00  0.000000E+00
  1.750000E-01  0.000000E+00  0.000000E+00
  2.250000E-01  0.000000E+00  0.000000E+00
  2.750000E-01  0.000000E+00  0.000000E+00
  3.250000E-01  0.000000E+00  0.000000E+00
  3.750000E-01  0.000000E+00  0.000000E+00
  4.250000E-01  0.000000E+00  0.000000E+00
  4.750000E-01  0.000000E+00  0.000000E+00
  5.250000E-01  0.000000E+00  0.000000E+00
  5.750000E-01  0.000000E+00  0.000000E+00
  6.250000E-01  0.000000E+00  0.000000E+00
  6.750000E-01  0.000000E+00  0.000000E+00
  7.250000E-01  0.000000E+00  0.000000E+00
  7.750000E-01  0.000000E+00  0.000000E+00
  8.250000E-01  0.000000E+00  0.000000E+00
  8.750000E-01  0.000000E+00  0.000000E+00
  9.250000E-01  0.000000E+00  0.000000E+00
  9.750000E-01  0.000000E+00  0.000000E+00
  1.025000E+00  0.000000E+00  0.000000E+00
  1.075000E+00  0.000000E+00  0.000000E+00
  1.125000E+00  0.000000E+00  0.000000E+00
  1.175000E+00  0.000000E+00  0.000000E+00
  1.225000E+00  0.000000E+00  0.000000E+00
  1.275000E+00  0.000000E+00  0.000000E+00
  1.325000E+00  0.000000E+00  0.000000E+00
  1.375000E+00  0.000000E+00  0.000000E+00
  1.425000E+00  0.000000E+00  0.000000E+00
  1.475000E+00  0.000000E+00  0.000000E+00
  1.525000E+00  0.000000E+00  0.000000E+00
  1.575000E+00  0.000000E+00  0.000000E+00
  1.625000E+00  0.000000E+00  0.000000E+00
  1.675000E+00  0.000000E+00  0.000000E+00
  1.725000E+00  0.000000E+00  0.000000E+00
  1.775000E+00  0.000000E+00  0.000000E+00
  1.825000E+00  0.000000E+00  0.000000E+00
  1.875000E+00  0.000000E+00  0.000000E+00
  1.925000E+00  0.000000E+00  0.000000E+00
  1.975000E+00  0.000000E+00  0.000000E+00
  2.025000E+00  0.000000E+00  0.000000E+00
  2.075000E+00  0.000000E+00  0.000000E+00
  2.125000E+00  0.000000E+00  0.000000E+00
  2.175000E+00  0.000000E+00  0.000000E+00
  2.225000E+00  0.000000E+00  0.000000E+00
  2.275000E+00  0.000000E+00  0.000000E+00
  2.325000E+00  0.000000E+00  0.000000E+00
  2.375000E+00  0.000000E+00  0.000000E+00
  2.425000E+00  0.000000E+00  0.000000E+00
  2.475000E+00  0.000000E+00  0.000000E+00
  2.525000E+00  0.000000E+00  0.000000E+00
  2.575000E+00  0.000000E+00  0.000000E+00
  2.625000E+00  0.000000E+00  0.000000E+00
  2.675000E+00  0.000000E+00  0.000000E+00
  2.725000E+00  0.000000E+00  0.000000E+00
  2.775000E+00  0.000000E+00  0.000000E+00
  2.825000E+00  0.000000E+00  0.000000E+00
  2.875000E+00  0.000000E+00  0.000000E+00
  2.925000E+00  0.000000E+00  0.000000E+00
  2.975000E+00  8.041034E-05  6.662227E-07
  3.025000E+00  0.000000E+00  6.662227E-07
  3.075000E+00  2.257967E-04  2.664891E-06
  3.125000E+00  1.020269E-03  1.199201E-05
  3.175000E+00  2.682769E-03  3.730847E-05
  3.225000E+00  2.128082E-02  2.445037E-04
  3.275000E+00  1.177778E-01  1.427049E-03
  3.325000E+00  3.326803E-01  4.870088E-03
  3.375000E+00  3.406406E-01  8.502335E-03
  3.425000E+00  6.733658E-01  1.589674E-02
  3.475000E+00  1.115006E+00  2.850101E-02
  3.525000E+00  1.442890E+00  4.528449E-02
  3.575000E+00  1.850463E+00  6.742374E-02
  3.625000E+00  2.316286E+00  9.591675E-02
  3.675000E+00  3.073895E+00  1.347795E-01
  3.725000E+00  3.185243E+00  1.761533E-01
  3.775000E+00  4.247268E+00  2.328129E-01
  3.825000E+00  4.290767E+00  2.915790E-01
  3.875000E+00  4.171180E+00  3.502106E-01
  3.925000E+00  4.150819E+00  4.100714E-01
  3.975000E+00  3.635867E+00  4.638503E-01
  4.025000E+00  3.963693E+00  5.239622E-01
  4.075000E+00  3.679432E+00  5.811581E-01
  4.125000E+00  3.292140E+00  6.335971E-01
  4.175000E+00  3.341271E+00  6.881168E-01
  4.225000E+00  3.197072E+00  7.415406E-01
  4.275000E+00  3.145311E+00  7.953507E-01
  4.325000E+00  3.251448E+00  8.522854E-01
  4.375000E+00  3.459470E+00  9.142715E-01
  4.425000E+00  3.363668E+00  9.759264E-01
  4.475000E+00  3.500203E+00  1.041542E+00
  4.525000E+00  3.491543E+00  1.108466E+00
  4.575000E+00  3.196463E+00  1.171096E+00
  4.625000E+00  3.052632E+00  1.232222E+00
  4.675000E+00  2.958964E+00  1.292760E+00
  4.725000E+00  2.590518E+00  1.346900E+00
  4.775000E+00  2.259685E+00  1.395130E+00
  4.825000E+00  2.175891E+00  1.442550E+00
  4.875000E+00  1.916562E+00  1.485188E+00
  4.925000E+00  1.775884E+00  1.525512E+00
  4.975000E+00  1.536153E+00  1.561103E+00
  5.025000E+00  1.407425E+00  1.594371E+00
  5.075000E+00  1.208674E+00  1.623512E+00
  5.125000E+00  1.340818E+00  1.656480E+00
  5.175000E+00  1.167941E+00  1.685759E+00
  5.225000E+00  1.143271E+00  1.714977E+00
  5.275000E+00  1.069984E+00  1.742848E+00
  5.325000E+00  1.042857E+00  1.770530E+00
  5.375000E+00  1.015613E+00  1.797997E+00
  5.425000E+00  1.069887E+00  1.827472E+00
  5.475000E+00  9.183801E-01  1.853242E+00
  5.525000E+00  9.999412E-01  1.881816E+00
  5.575000E+00  9.514247E-01  1.909498E+00
  5.625000E+00  9.752532E-01  1.938384E+00
  5.675000E+00  9.966836E-01  1.968432E+00
  5.725000E+00  9.698179E-01  1.998187E+00
  5.775000E+00  1.023519E+00  2.030141E+00
  5.825000E+00  1.146807E+00  2.066567E+00
  5.875000E+00  1.059573E+00  2.100802E+00
  5.925000E+00  1.140677E+00  2.138288E+00
  5.975000E+00  1.115108E+00  2.175554E+00
La      Zr      
  2.500000E-02  0.000000E+00  0.000000E+00
  7.500000E-02  0.000000E+00  0.000000E+00
  1.250000E-01  0.000000E+00  0.000000E+00
  1.750000E-01  0.000000E+00  0.000000E+00
  2.250000E-01  0.000000E+00  0.000000E+00
  2.750000E-01  0.000000E+00  0.000000E+00
  3.250000E-01  0.000000E+00  0.000000E+00
  3.750000E-01  0.000000E+00  0.000000E+00
  4.250000E-01  0.000000E+00  0.000000E+00
  4.750000E-01  0.000000E+00  0.000000E+00
  5.250000E-01  0.000000E+00  0.000000E+00
  5.750000E-01  0.000000E+00  0.000000E+00
  6.250000E-01  0.000000E+00  0.000000E+00
  6.750000E-01  0.000000E+00  0.000000E+00
  7.250000E-01  0.000000E+00  0.000000E+00
  7.750000E-01  0.000000E+00  0.000000E+00
  8.250000E-01  0.000000E+00  0.000000E+00
  8.750000E-01  0.000000E+00  0.000000E+00
  9.250000E-01  0.000000E+00  0.000000E+00
  9.750000E-01  0.000000E+00  0.000000E+00
  1.025000E+00  0.000000E+00  0.000000E+00
  1.075000E+00  0.000000E+00  0.000000E+00
  1.125000E+00  0.000000E+00  0.000000E+00
  1.175000E+00  0.000000E+00  0.000000E+00
  1.225000E+00  0.000000E+00  0.000000E+00
  1.275000E+00  0.000000E+00  0.000000E+00
  1.325000E+00  0.000000E+00  0.000000E+00
  1.375000E+00  0.000000E+00  0.000000E+00
  1.425000E+00  0.000000E+00  0.000000E+00
  1.475000E+00  0.000000E+00  0.000000E+00
  1.525000E+00  0.000000E+00  0.000000E+00
  1.575000E+00  0.000000E+00  0.000000E+00
  1.625000E+00  0.000000E+00  0.000000E+00
  1.675000E+00  0.000000E+00  0.000000E+00
  1.725000E+00  0.000000E+00  0.000000E+00
  1.775000E+00  0.000000E+00  0.000000E+00
  1.825000E+00  0.000000E+00  0.000000E+00
  1.875000E+00  0.000000E+00  0.000000E+00
  1.925000E+00  0.000000E+00  0.000000E+00
  1.975000E+00  0.000000E+00  0.000000E+00
  2.025000E+00  0.000000E+00  0.000000E+00
  2.075000E+00  0.000000E+00  0.000000E+00
  2.125000E+00  0.000000E+00  0.000000E+00
  2.175000E+00  0.000000E+00  0.000000E+00
  2.225000E+00  0.000000E+00  0.000000E+00
  2.275000E+00  0.000000E+00  0.000000E+00
  2.325000E+00  0.000000E+00  0.000000E+00
  2.375000E+00  0.000000E+00  0.000000E+00
  2.425000E+00  0.000000E+00  0.000000E+00
  2.475000E+00  0.000000E+00  0.000000E+00
  2.525000E+00  0.000000E+00  0.000000E+00
  2.575000E+00  0.000000E+00  0.000000E+00
  2.625000E+00  0.000000E+00  0.000000E+00
  2.675000E+00  0.000000E+00  0.000000E+00
  2.725000E+00  7.185671E-05  3.330003E-07
  2.775000E+00  6.929068E-05  6.660007E-07
  2.825000E+00  6.685968E-05  9.990010E-07
  2.875000E+00  3.227720E-04  2.664003E-06
  2.925000E+00  7.483960E-04  6.660007E-06
  2.975000E+00  2.170355E-03  1.864802E-05
  3.025000E+00  2.192501E-02  1.438561E-04
  3.075000E+00  9.869668E-02  7.262737E-04
  3.125000E+00  2.974004E-01  2.538795E-03
  3.175000E+00  5.987108E-01  6.305361E-03
  3.225000E+00  9.188402E-01  1.226940E-02
  3.275000E+00  1.609270E+00  2.304129E-02
  3.325000E+00  2.635973E+00  4.122844E-02
  3.375000E+00  4.370201E+00  7.229471E-02
  3.425000E+00  6.589328E+00  1.205341E-01
  3.475000E+00  8.043421E+00  1.811505E-01
  3.525000E+00  9.412946E+00  2.541439E-01
  3.575000E+00  1.004903E+01  3.342960E-01
  3.625000E+00  1.041457E+01  4.197036E-01
  3.675000E+00  9.908074E+00  5.032145E-01
  3.725000E+00  8.885618E+00  5.801592E-01
  3.775000E+00  8.175073E+00  6.528641E-01
  3.825000E+00  7.966539E+00  7.256037E-01
  3.875000E+00  7.286885E+00  7.938884E-01
  3.925000E+00  6.692985E+00  8.582368E-01
  3.975000E+00  6.741764E+00  9.247160E-01
  4.025000E+00  6.671747E+00  9.921702E-01
  4.075000E+00  6.833574E+00  1.062988E+00
  4.125000E+00  7.075735E+00  1.138125E+00
  4.175000E+00  7.566047E+00  1.220429E+00
  4.225000E+00  7.275219E+00  1.301476E+00
  4.275000E+00  6.715878E+00  1.378073E+00
  4.325000E+00  5.873972E+00  1.446644E+00
  4.375000E+00  5.103035E+00  1.507601E+00
  4.425000E+00  4.241144E+00  1.559427E+00
  4.475000E+00  3.485109E+00  1.602982E+00
  4.525000E+00  2.848700E+00  1.639383E+00
  4.575000E+00  2.655101E+00  1.674065E+00
  4.625000E+00  2.084086E+00  1.701886E+00
  4.675000E+00  1.714254E+00  1.725268E+00
  4.725000E+00  1.508664E+00  1.746288E+00
  4.775000E+00  1.247422E+00  1.764038E+00
  4.825000E+00  1.134195E+00  1.780516E+00
  4.875000E+00  1.040526E+00  1.795949E+00
  4.925000E+00  8.980295E-01  1.809542E+00
  4.975000E+00  8.772022E-01  1.823092E+00
  5.025000E+00  8.646082E-01  1.836717E+00
  5.075000E+00  8.729517E-01  1.850748E+00
  5.125000E+00  8.864339E-01  1.865278E+00
  5.175000E+00  7.806039E-01  1.878324E+00
  5.225000E+00  7.781272E-01  1.891582E+00
  5.275000E+00  8.341490E-01  1.906067E+00
  5.325000E+00  8.575861E-01  1.921243E+00
  5.375000E+00  9.227121E-01  1.937879E+00
  5.425000E+00  8.591141E-01  1.953658E+00
  5.475000E+00  8.792028E-01  1.970106E+00
  5.525000E+00  9.596949E-01  1.988388E+00
  5.575000E+00  9.821302E-01  2.007438E+00
  5.625000E+00  9.664173E-01  2.026521E+00
  5.675000E+00  1.000957E+00  2.046639E+00
  5.725000E+00  9.684744E-01  2.066448E+00
  5.775000E+00  1.097244E+00  2.089285E+00
  5.825000E+00  1.042444E+00  2.111359E+00
  5.875000E+00  1.217092E+00  2.137576E+00
  5.925000E+00  1.134775E+00  2.162437E+00
  5.975000E+00  1.167098E+00  2.188440E+00
La      O       
  2.500000E-02  0.000000E+00  0.000000E+00
  7.500000E-02  0.000000E+00  0.000000E+00
  1.250000E-01  5.616800E-03  3.330003E-07
  1.750000E-01  0.000000E+00  3.330003E-07
  2.250000E-01  0.000000E+00  3.330003E-07
  2.750000E-01  0.000000E+00  3.330003E-07
  3.250000E-01  0.000000E+00  3.330003E-07
  3.750000E-01  0.000000E+00  3.330003E-07
  4.250000E-01  0.000000E+00  3.330003E-07
  4.750000E-01  0.000000E+00  3.330003E-07
  5.250000E-01  0.000000E+00  3.330003E-07
  5.750000E-01  0.000000E+00  3.330003E-07
  6.250000E-01  0.000000E+00  3.330003E-07
  6.750000E-01  0.000000E+00  3.330003E-07
  7.250000E-01  0.000000E+00  3.330003E-07
  7.750000E-01  0.000000E+00  3.330003E-07
  8.250000E-01  0.000000E+00  3.330003E-07
  8.750000E-01  0.000000E+00  3.330003E-07
  9.250000E-01  1.039135E-04  6.660007E-07
  9.750000E-01  0.000000E+00  6.660007E-07
  1.025000E+00  8.463060E-05  9.990010E-07
  1.075000E+00  0.000000E+00  9.990010E-07
  1.125000E+00  0.000000E+00  9.990010E-07
  1.175000E+00  6.440506E-05  1.332001E-06
  1.225000E+00  5.925552E-05  1.665002E-06
  1.275000E+00  0.000000E+00  1.665002E-06
  1.325000E+00  1.519495E-04  2.664003E-06
  1.375000E+00  4.703358E-05  2.997003E-06
  1.425000E+00  1.313736E-04  3.996004E-06
  1.475000E+00  1.634917E-04  5.328005E-06
  1.525000E+00  1.911845E-04  6.993007E-06
  1.575000E+00  7.169580E-05  7.659008E-06
  1.625000E+00  1.347039E-04  8.991009E-06
  1.675000E+00  1.584782E-04  1.065601E-05
  1.725000E+00  2.689646E-04  1.365301E-05
  1.775000E+00  2.540261E-04  1.665002E-05
  1.825000E+00  1.334991E-04  1.831502E-05
  1.875000E+00  3.794235E-04  2.331002E-05
  1.925000E+00  3.359723E-04  2.797203E-05
  1.975000E+00  4.331691E-04  3.429903E-05
  2.025000E+00  1.431308E-03  5.627706E-05
  2.075000E+00  4.296031E-03  1.255411E-04
  2.125000E+00  1.297212E-01  2.319014E-03
  2.175000E+00  2.393521E+00  4.471828E-02
  2.225000E+00  8.397333E+00  2.003876E-01
  2.275000E+00  1.770844E+01  5.435851E-01
  2.325000E+00  2.691423E+01  1.088374E+00
  2.375000E+00  2.934231E+01  1.708130E+00
  2.425000E+00  2.844008E+01  2.334388E+00
  2.475000E+00  2.383395E+01  2.881082E+00
  2.525000E+00  1.741775E+01  3.296909E+00
  2.575000E+00  1.169995E+01  3.587402E+00
  2.625000E+00  8.599677E+00  3.809291E+00
  2.675000E+00  5.908194E+00  3.967598E+00
  2.725000E+00  4.356589E+00  4.088734E+00
  2.775000E+00  3.128278E+00  4.178938E+00
  2.825000E+00  2.373808E+00  4.249876E+00
  2.875000E+00  1.811429E+00  4.305941E+00
  2.925000E+00  1.589500E+00  4.356863E+00
  2.975000E+00  1.372097E+00  4.402336E+00
  3.025000E+00  1.142443E+00  4.441481E+00
  3.075000E+00  1.084375E+00  4.479875E+00
  3.125000E+00  1.072246E+00  4.519084E+00
  3.175000E+00  9.832245E-01  4.556198E+00
  3.225000E+00  9.748034E-01  4.594162E+00
  3.275000E+00  9.545278E-01  4.632497E+00
  3.325000E+00  9.459614E-01  4.671658E+00
  3.375000E+00  9.400954E-01  4.711755E+00
  3.425000E+00  8.966247E-01  4.751139E+00
  3.475000E+00  9.068664E-01  4.792145E+00
  3.525000E+00  9.502166E-01  4.836356E+00
  3.575000E+00  1.153649E+00  4.891565E+00
  3.625000E+00  1.107114E+00  4.946041E+00
  3.675000E+00  1.101176E+00  5.001729E+00
  3.725000E+00  1.175943E+00  5.062827E+00
  3.775000E+00  1.153018E+00  5.124353E+00
  3.825000E+00  1.235990E+00  5.192065E+00
  3.875000E+00  1.263478E+00  5.263105E+00
  3.925000E+00  1.305187E+00  5.338396E+00
  3.975000E+00  1.368269E+00  5.419349E+00
  4.025000E+00  1.425687E+00  5.505835E+00
  4.075000E+00  1.464892E+00  5.596920E+00
  4.125000E+00  1.478003E+00  5.691090E+00
  4.175000E+00  1.534467E+00  5.791242E+00
  4.225000E+00  1.662550E+00  5.902368E+00
  4.275000E+00  1.659089E+00  6.015903E+00
  4.325000E+00  1.788872E+00  6.141200E+00
  4.375000E+00  1.866626E+00  6.274983E+00
  4.425000E+00  1.942533E+00  6.417407E+00
  4.475000E+00  2.076270E+00  6.573096E+00
  4.525000E+00  2.217328E+00  6.743099E+00
  4.575000E+00  2.315352E+00  6.924561E+00
  4.625000E+00  2.253064E+00  7.105023E+00
  4.675000E+00  2.211859E+00  7.286035E+00
  4.725000E+00  2.213797E+00  7.471102E+00
  4.775000E+00  2.125440E+00  7.652563E+00
  4.825000E+00  2.167522E+00  7.841512E+00
  4.875000E+00  2.162079E+00  8.033913E+00
  4.925000E+00  2.174278E+00  8.231390E+00
  4.975000E+00  2.134431E+00  8.429203E+00
  5.025000E+00  2.193902E+00  8.636635E+00
  5.075000E+00  2.312689E+00  8.859672E+00
  5.125000E+00  2.309823E+00  9.086843E+00
  5.175000E+00  2.329472E+00  9.320439E+00
  5.225000E+00  2.399861E+00  9.565766E+00
  5.275000E+00  2.497976E+00  9.826033E+00
  5.325000E+00  2.601606E+00  1.010226E+01
  5.375000E+00  2.603362E+00  1.038389E+01
  5.425000E+00  2.654321E+00  1.067640E+01
  5.475000E+00  2.635781E+00  1.097224E+01
  5.525000E+00  2.474046E+00  1.125503E+01
  5.575000E+00  2.501682E+00  1.154617E+01
  5.625000E+00  2.421808E+00  1.183310E+01
  5.675000E+00  2.282170E+00  1.210831E+01
  5.725000E+00  2.213421E+00  1.237996E+01
  5.775000E+00  2.131776E+00  1.264617E+01
  5.825000E+00  2.078365E+00  1.291023E+01
  5.875000E+00  1.965435E+00  1.316425E+01
  5.925000E+00  1.854495E+00  1.340802E+01
  5.975000E+00  1.831681E+00  1.365288E+01
La      O_s     
  2.500000E-02  0.000000E+00  0.000000E+00
  7.500000E-02  0.000000E+00  0.000000E+00
  1.250000E-01  0.000000E+00  0.000000E+00
  1.750000E-01  0.000000E+00  0.000000E+00
  2.250000E-01  0.000000E+00  0.000000E+00
  2.750000E-01  0.000000E+00  0.000000E+00
  3.250000E-01  0.000000E+00  0.000000E+00
  3.750000E-01  0.000000E+00  0.000000E+00
  4.250000E-01  0.000000E+00  0.000000E+00
  4.750000E-01  0.000000E+00  0.000000E+00
  5.250000E-01  0.000000E+00  0.000000E+00
  5.750000E-01  0.000000E+00  0.000000E+00
  6.250000E-01  0.000000E+00  0.000000E+00
  6.750000E-01  0.000000E+00  0.000000E+00
  7.250000E-01  0.000000E+00  0.000000E+00
  7.750000E-01  0.000000E+00  0.000000E+00
  8.250000E-01  0.000000E+00  0.000000E+00
  8.750000E-01  0.000000E+00  0.000000E+00
  9.250000E-01  0.000000E+00  0.000000E+00
  9.750000E-01  0.000000E+00  0.000000E+00
  1.025000E+00  8.463060E-05  3.330003E-07
  1.075000E+00  0.000000E+00  3.330003E-07
  1.125000E+00  0.000000E+00  3.330003E-07
  1.175000E+00  6.440506E-05  6.660007E-07
  1.225000E+00  0.000000E+00  6.660007E-07
  1.275000E+00  0.000000E+00  6.660007E-07
  1.325000E+00  5.064983E-05  9.990010E-07
  1.375000E+00  0.000000E+00  9.990010E-07
  1.425000E+00  4.379122E-05  1.332001E-06
  1.475000E+00  4.087292E-05  1.665002E-06
  1.525000E+00  0.000000E+00  1.665002E-06
  1.575000E+00  0.000000E+00  1.665002E-06
  1.625000E+00  0.000000E+00  1.665002E-06
  1.675000E+00  0.000000E+00  1.665002E-06
  1.725000E+00  8.965488E-05  2.664003E-06
  1.775000E+00  1.693507E-04  4.662005E-06
  1.825000E+00  2.402984E-04  7.659008E-06
  1.875000E+00  3.035388E-04  1.165501E-05
  1.925000E+00  4.319643E-04  1.764902E-05
  1.975000E+00  6.155561E-04  2.664003E-05
  2.025000E+00  2.268406E-02  3.749584E-04
  2.075000E+00  1.403026E-01  2.637030E-03
  2.125000E+00  6.262540E-01  1.322644E-02
  2.175000E+00  3.047259E+00  6.720613E-02
  2.225000E+00  8.620094E+00  2.270050E-01
  2.275000E+00  1.944432E+01  6.038445E-01
  2.325000E+00  2.762008E+01  1.162921E+00
  2.375000E+00  2.884021E+01  1.772072E+00
  2.425000E+00  2.664514E+01  2.358805E+00
  2.475000E+00  2.210281E+01  2.865791E+00
  2.525000E+00  1.714597E+01  3.275129E+00
  2.575000E+00  1.192873E+01  3.571302E+00
  2.625000E+00  8.411741E+00  3.788343E+00
  2.675000E+00  5.828779E+00  3.944521E+00
  2.725000E+00  4.312564E+00  4.064434E+00
  2.775000E+00  3.236833E+00  4.157768E+00
  2.825000E+00  2.486991E+00  4.232088E+00
  2.875000E+00  2.008944E+00  4.294266E+00
  2.925000E+00  1.709513E+00  4.349033E+00
  2.975000E+00  1.414620E+00  4.395915E+00
  3.025000E+00  1.327172E+00  4.441390E+00
  3.075000E+00  1.252932E+00  4.485752E+00
  3.125000E+00  1.147885E+00  4.527727E+00
  3.175000E+00  1.142276E+00  4.570844E+00
  3.225000E+00  1.124250E+00  4.614628E+00
  3.275000E+00  1.095325E+00  4.658618E+00
  3.325000E+00  1.068310E+00  4.702844E+00
  3.375000E+00  1.058737E+00  4.748001E+00
  3.425000E+00  1.173320E+00  4.799539E+00
  3.475000E+00  1.109273E+00  4.849697E+00
  3.525000E+00  1.061760E+00  4.899098E+00
  3.575000E+00  1.128529E+00  4.953106E+00
  3.625000E+00  1.244349E+00  5.014333E+00
  3.675000E+00  1.250268E+00  5.077561E+00
  3.725000E+00  1.281258E+00  5.144131E+00
  3.775000E+00  1.248698E+00  5.210763E+00
  3.825000E+00  1.275257E+00  5.280626E+00
  3.875000E+00  1.332666E+00  5.355556E+00
  3.925000E+00  1.465800E+00  5.440112E+00
  3.975000E+00  1.465651E+00  5.526827E+00
  4.025000E+00  1.527653E+00  5.619498E+00
  4.075000E+00  1.517247E+00  5.713839E+00
  4.125000E+00  1.615694E+00  5.816782E+00
  4.175000E+00  1.685364E+00  5.926783E+00
  4.225000E+00  1.734455E+00  6.042715E+00
  4.275000E+00  1.908571E+00  6.173323E+00
  4.325000E+00  1.989863E+00  6.312697E+00
  4.375000E+00  2.012959E+00  6.456968E+00
  4.425000E+00  2.156475E+00  6.615078E+00
  4.475000E+00  2.165208E+00  6.777436E+00
  4.525000E+00  2.157269E+00  6.942834E+00
  4.575000E+00  2.218571E+00  7.116711E+00
  4.625000E+00  2.261304E+00  7.297833E+00
  4.675000E+00  2.185292E+00  7.476671E+00
  4.725000E+00  2.154002E+00  7.656739E+00
  4.775000E+00  2.122234E+00  7.837926E+00
  4.825000E+00  2.154951E+00  8.025780E+00
  4.875000E+00  2.222651E+00  8.223571E+00
  4.925000E+00  2.225931E+00  8.425739E+00
  4.975000E+00  2.286092E+00  8.637608E+00
  5.025000E+00  2.320809E+00  8.857039E+00
  5.075000E+00  2.392952E+00  9.087816E+00
  5.125000E+00  2.485823E+00  9.332297E+00
  5.175000E+00  2.518791E+00  9.584877E+00
  5.225000E+00  2.497775E+00  9.840214E+00
  5.275000E+00  2.536347E+00  1.010448E+01
  5.325000E+00  2.554841E+00  1.037574E+01
  5.375000E+00  2.541160E+00  1.065064E+01
  5.425000E+00  2.530215E+00  1.092947E+01
  5.475000E+00  2.445543E+00  1.120397E+01
  5.525000E+00  2.345296E+00  1.147204E+01
  5.575000E+00  2.317667E+00  1.174177E+01
  5.625000E+00  2.268479E+00  1.201053E+01
  5.675000E+00  2.149290E+00  1.226971E+01
  5.725000E+00  2.064167E+00  1.252304E+01
  5.775000E+00  2.001228E+00  1.277295E+01
  5.825000E+00  1.886246E+00  1.301260E+01
  5.875000E+00  1.808133E+00  1.324629E+01
  5.925000E+00  1.753081E+00  1.347673E+01
  5.975000E+00  1.768702E+00  1.371317E+01
Zr      Zr      
  2.500000E-02  0.000000E+00  0.000000E+00
  7.500000E-02  0.000000E+00  0.000000E+00
  1.250000E-01  0.000000E+00  0.000000E+00
  1.750000E-01  0.000000E+00  0.000000E+00
  2.250000E-01  0.000000E+00  0.000000E+00
  2.750000E-01  0.000000E+00  0.000000E+00
  3.250000E-01  0.000000E+00  0.000000E+00
  3.750000E-01  0.000000E+00  0.000000E+00
  4.250000E-01  0.000000E+00  0.000000E+00
  4.750000E-01  0.000000E+00  0.000000E+00
  5.250000E-01  0.000000E+00  0.000000E+00
  5.750000E-01  0.000000E+00  0.000000E+00
  6.250000E-01  0.000000E+00  0.000000E+00
  6.750000E-01  0.000000E+00  0.000000E+00
  7.250000E-01  0.000000E+00  0.000000E+00
  7.750000E-01  0.000000E+00  0.000000E+00
  8.250000E-01  0.000000E+00  0.000000E+00
  8.750000E-01  0.000000E+00  0.000000E+00
  9.250000E-01  0.000000E+00  0.000000E+00
  9.750000E-01  0.000000E+00  0.000000E+00
  1.025000E+00  0.000000E+00  0.000000E+00
  1.075000E+00  0.000000E+00  0.000000E+00
  1.125000E+00  0.000000E+00  0.000000E+00
  1.175000E+00  0.000000E+00  0.000000E+00
  1.225000E+00  0.000000E+00  0.000000E+00
  1.275000E+00  0.000000E+00  0.000000E+00
  1.325000E+00  0.000000E+00  0.000000E+00
  1.375000E+00  0.000000E+00  0.000000E+00
  1.425000E+00  0.000000E+00  0.000000E+00
  1.475000E+00  0.000000E+00  0.000000E+00
  1.525000E+00  0.000000E+00  0.000000E+00
  1.575000E+00  0.000000E+00  0.000000E+00
  1.625000E+00  0.000000E+00  0.000000E+00
  1.675000E+00  0.000000E+00  0.000000E+00
  1.725000E+00  0.000000E+00  0.000000E+00
  1.775000E+00  0.000000E+00  0.000000E+00
  1.825000E+00  0.000000E+00  0.000000E+00
  1.875000E+00  0.000000E+00  0.000000E+00
  1.925000E+00  0.000000E+00  0.000000E+00
  1.975000E+00  0.000000E+00  0.000000E+00
  2.025000E+00  0.000000E+00  0.000000E+00
  2.075000E+00  0.000000E+00  0.000000E+00
  2.125000E+00  0.000000E+00  0.000000E+00
  2.175000E+00  0.000000E+00  0.000000E+00
  2.225000E+00  0.000000E+00  0.000000E+00
  2.275000E+00  0.000000E+00  0.000000E+00
  2.325000E+00  0.000000E+00  0.000000E+00
  2.375000E+00  0.000000E+00  0.000000E+00
  2.425000E+00  0.000000E+00  0.000000E+00
  2.475000E+00  0.000000E+00  0.000000E+00
  2.525000E+00  0.000000E+00  0.000000E+00
  2.575000E+00  0.000000E+00  0.000000E+00
  2.625000E+00  0.000000E+00  0.000000E+00
  2.675000E+00  0.000000E+00  0.000000E+00
  2.725000E+00  0.000000E+00  0.000000E+00
  2.775000E+00  2.079760E-04  9.995007E-07
  2.825000E+00  8.027175E-04  4.997504E-06
  2.875000E+00  1.356321E-03  1.199401E-05
  2.925000E+00  1.508772E-01  8.175916E-04
  2.975000E+00  1.809534E-02  9.175417E-04
  3.025000E+00  1.750211E-03  9.275367E-04
  3.075000E+00  4.911896E-03  9.565222E-04
  3.125000E+00  1.131594E-02  1.025488E-03
  3.175000E+00  2.669094E-02  1.193404E-03
  3.225000E+00  7.945707E-02  1.709146E-03
  3.275000E+00  9.843219E-01  8.297855E-03
  3.325000E+00  6.960700E-01  1.310046E-02
  3.375000E+00  1.255587E+00  2.202600E-02
  3.425000E+00  1.723941E+00  3.464669E-02
  3.475000E+00  2.097107E+00  5.045080E-02
  3.525000E+00  1.979650E+00  6.580213E-02
  3.575000E+00  2.404357E+00  8.497955E-02
  3.625000E+00  1.852314E+00  1.001700E-01
  3.675000E+00  2.043456E+00  1.173934E-01
  3.725000E+00  1.397887E+00  1.294983E-01
  3.775000E+00  1.298391E+00  1.410455E-01
  3.825000E+00  1.634666E+00  1.559711E-01
  3.875000E+00  1.688854E+00  1.717972E-01
  3.925000E+00  2.111945E+00  1.921020E-01
  3.975000E+00  1.770574E+00  2.095613E-01
  4.025000E+00  1.771740E+00  2.274744E-01
  4.075000E+00  1.457127E+00  2.425748E-01
  4.125000E+00  1.289209E+00  2.562650E-01
  4.175000E+00  1.272205E+00  2.701041E-01
  4.225000E+00  1.679122E+00  2.888097E-01
  4.275000E+00  1.269382E+00  3.032875E-01
  4.325000E+00  1.289690E+00  3.183430E-01
  4.375000E+00  1.016136E+00  3.304809E-01
  4.425000E+00  8.267706E-01  3.405839E-01
  4.475000E+00  6.493262E-01  3.486988E-01
  4.525000E+00  6.198815E-01  3.566199E-01
  4.575000E+00  7.335030E-01  3.662011E-01
  4.625000E+00  9.172650E-01  3.784460E-01
  4.675000E+00  8.179479E-01  3.896024E-01
  4.725000E+00  1.101522E+00  4.049497E-01
  4.775000E+00  9.099220E-01  4.178973E-01
  4.825000E+00  7.316962E-01  4.285280E-01
  4.875000E+00  7.130577E-01  4.391037E-01
  4.925000E+00  7.897070E-01  4.510577E-01
  4.975000E+00  9.666799E-01  4.659892E-01
  5.025000E+00  9.986606E-01  4.817264E-01
  5.075000E+00  1.054384E+00  4.986739E-01
  5.125000E+00  9.253736E-01  5.138423E-01
  5.175000E+00  9.707311E-01  5.300662E-01
  5.225000E+00  9.682569E-01  5.465630E-01
  5.275000E+00  8.973808E-01  5.621462E-01
  5.325000E+00  9.944752E-01  5.797444E-01
  5.375000E+00  1.003999E+00  5.978464E-01
  5.425000E+00  1.220775E+00  6.202682E-01
  5.475000E+00  1.118703E+00  6.411957E-01
  5.525000E+00  1.190521E+00  6.638754E-01
  5.575000E+00  1.333385E+00  6.897385E-01
  5.625000E+00  1.448428E+00  7.183392E-01
  5.675000E+00  1.897091E+00  7.564681E-01
  5.725000E+00  1.451679E+00  7.861613E-01
  5.775000E+00  1.422569E+00  8.157695E-01
  5.825000E+00  1.432568E+00  8.461044E-01
  5.875000E+00  1.584845E+00  8.802423E-01
  5.925000E+00  1.345020E+00  9.097096E-01
  5.975000E+00  1.396131E+00  9.408151E-01
Zr      O       
  2.500000E-02  0.000000E+00  0.000000E+00
  7.500000E-02  0.000000E+00  0.000000E+00
  1.250000E-01  0.000000E+00  0.000000E+00
  1.750000E-01  0.000000E+00  0.000000E+00
  2.250000E-01  0.000000E+00  0.000000E+00
  2.750000E-01  0.000000E+00  0.000000E+00
  3.250000E-01  0.000000E+00  0.000000E+00
  3.750000E-01  0.000000E+00  0.000000E+00
  4.250000E-01  0.000000E+00  0.000000E+00
  4.750000E-01  0.000000E+00  0.000000E+00
  5.250000E-01  0.000000E+00  0.000000E+00
  5.750000E-01  0.000000E+00  0.000000E+00
  6.250000E-01  0.000000E+00  0.000000E+00
  6.750000E-01  0.000000E+00  0.000000E+00
  7.250000E-01  0.000000E+00  0.000000E+00
  7.750000E-01  0.000000E+00  0.000000E+00
  8.250000E-01  0.000000E+00  0.000000E+00
  8.750000E-01  1.741880E-04  4.995005E-07
  9.250000E-01  0.000000E+00  4.995005E-07
  9.750000E-01  0.000000E+00  4.995005E-07
  1.025000E+00  0.000000E+00  4.995005E-07
  1.075000E+00  1.154137E-04  9.990010E-07
  1.125000E+00  0.000000E+00  9.990010E-07
  1.175000E+00  1.932152E-04  1.998002E-06
  1.225000E+00  0.000000E+00  1.998002E-06
  1.275000E+00  8.204961E-05  2.497502E-06
  1.325000E+00  7.597474E-05  2.997003E-06
  1.375000E+00  0.000000E+00  2.997003E-06
  1.425000E+00  1.313736E-04  3.996004E-06
  1.475000E+00  1.226188E-04  4.995005E-06
  1.525000E+00  5.735535E-05  5.494505E-06
  1.575000E+00  1.613155E-04  6.993007E-06
  1.625000E+00  3.535978E-04  1.048951E-05
  1.675000E+00  5.229779E-04  1.598402E-05
  1.725000E+00  3.586195E-04  1.998002E-05
  1.775000E+00  9.314291E-04  3.096903E-05
  1.825000E+00  4.125123E-03  8.241758E-05
  1.875000E+00  6.146661E-02  8.916084E-04
  1.925000E+00  3.146176E+00  4.454845E-02
  1.975000E+00  3.780821E+01  5.967872E-01
  2.025000E+00  6.730586E+01  1.630282E+00
  2.075000E+00  4.838048E+01  2.410311E+00
  2.125000E+00  3.514171E+01  3.004527E+00
  2.175000E+00  2.114171E+01  3.379035E+00
  2.225000E+00  1.284661E+01  3.617185E+00
  2.275000E+00  7.356305E+00  3.759753E+00
  2.325000E+00  4.811914E+00  3.857154E+00
  2.375000E+00  3.325235E+00  3.927389E+00
  2.425000E+00  2.257481E+00  3.977099E+00
  2.475000E+00  1.539422E+00  4.012410E+00
  2.525000E+00  1.128900E+00  4.039361E+00
  2.575000E+00  1.018231E+00  4.064642E+00
  2.625000E+00  7.903854E-01  4.085035E+00
  2.675000E+00  6.027143E-01  4.101185E+00
  2.725000E+00  6.510937E-01  4.119289E+00
  2.775000E+00  6.127548E-01  4.136958E+00
  2.825000E+00  6.074369E-01  4.155110E+00
  2.875000E+00  6.141383E-01  4.174118E+00
  2.925000E+00  7.059089E-01  4.196733E+00
  2.975000E+00  7.746963E-01  4.222407E+00
  3.025000E+00  7.530161E-01  4.248209E+00
  3.075000E+00  7.668743E-01  4.275361E+00
  3.125000E+00  7.684574E-01  4.303462E+00
  3.175000E+00  9.171878E-01  4.338082E+00
  3.225000E+00  9.220466E-01  4.373992E+00
  3.275000E+00  1.039337E+00  4.415733E+00
  3.325000E+00  1.072903E+00  4.460149E+00
  3.375000E+00  1.239267E+00  4.513006E+00
  3.425000E+00  1.236622E+00  4.567325E+00
  3.475000E+00  1.208539E+00  4.621971E+00
  3.525000E+00  1.329091E+00  4.683810E+00
  3.575000E+00  1.497405E+00  4.755471E+00
  3.625000E+00  1.740787E+00  4.841126E+00
  3.675000E+00  1.714355E+00  4.927823E+00
  3.725000E+00  1.735727E+00  5.018006E+00
  3.775000E+00  1.817864E+00  5.115009E+00
  3.825000E+00  1.742203E+00  5.210454E+00
  3.875000E+00  1.756123E+00  5.309192E+00
  3.925000E+00  1.804326E+00  5.413276E+00
  3.975000E+00  1.804793E+00  5.520056E+00
  4.025000E+00  1.951132E+00  5.638417E+00
  4.075000E+00  1.956886E+00  5.760094E+00
  4.125000E+00  1.864711E+00  5.878903E+00
  4.175000E+00  1.907254E+00  6.003386E+00
  4.225000E+00  1.900985E+00  6.130450E+00
  4.275000E+00  1.921544E+00  6.261945E+00
  4.325000E+00  1.780499E+00  6.386655E+00
  4.375000E+00  1.745653E+00  6.511768E+00
  4.425000E+00  1.796715E+00  6.643501E+00
  4.475000E+00  1.634075E+00  6.766032E+00
  4.525000E+00  1.578539E+00  6.887058E+00
  4.575000E+00  1.556780E+00  7.009069E+00
  4.625000E+00  1.644909E+00  7.140820E+00
  4.675000E+00  1.590503E+00  7.270982E+00
  4.725000E+00  1.651427E+00  7.409036E+00
  4.775000E+00  1.626542E+00  7.547904E+00
  4.825000E+00  1.687322E+00  7.694993E+00
  4.875000E+00  1.633372E+00  7.840345E+00
  4.925000E+00  1.689541E+00  7.993795E+00
  4.975000E+00  1.711605E+00  8.152422E+00
  5.025000E+00  1.735371E+00  8.316500E+00
  5.075000E+00  1.818938E+00  8.491920E+00
  5.125000E+00  1.885627E+00  8.677371E+00
  5.175000E+00  1.941139E+00  8.872025E+00
  5.225000E+00  2.032797E+00  9.079829E+00
  5.275000E+00  2.102689E+00  9.298911E+00
  5.325000E+00  2.150730E+00  9.527267E+00
  5.375000E+00  2.062098E+00  9.750343E+00
  5.425000E+00  2.171296E+00  9.989622E+00
  5.475000E+00  2.153772E+00  1.023137E+01
  5.525000E+00  2.230532E+00  1.048632E+01
  5.575000E+00  2.339124E+00  1.075854E+01
  5.625000E+00  2.230398E+00  1.102279E+01
  5.675000E+00  2.225210E+00  1.129113E+01
  5.725000E+00  2.273586E+00  1.157016E+01
  5.775000E+00  2.270142E+00  1.185366E+01
  5.825000E+00  2.326247E+00  1.214921E+01
  5.875000E+00  2.303992E+00  1.244698E+01
  5.925000E+00  2.262664E+00  1.274441E+01
  5.975000E+00  2.213120E+00  1.304026E+01
Zr      O_s     
  2.500000E-02  0.000000E+00  0.000000E+00
  7.500000E-02  0.000000E+00  0.000000E+00
  1.250000E-01  0.000000E+00  0.000000E+00
  1.750000E-01  0.000000E+00  0.000000E+00
  2.250000E-01  2.624242E-03  4.995005E-07
  2.750000E-01  0.000000E+00  4.995005E-07
  3.250000E-01  0.000000E+00  4.995005E-07
  3.750000E-01  0.000000E+00  4.995005E-07
  4.250000E-01  0.000000E+00  4.995005E-07
  4.750000E-01  0.000000E+00  4.995005E-07
  5.250000E-01  4.836217E-04  9.990010E-07
  5.750000E-01  0.000000E+00  9.990010E-07
  6.250000E-01  0.000000E+00  9.990010E-07
  6.750000E-01  0.000000E+00  9.990010E-07
  7.250000E-01  0.000000E+00  9.990010E-07
  7.750000E-01  0.000000E+00  9.990010E-07
  8.250000E-01  1.959349E-04  1.498501E-06
  8.750000E-01  0.000000E+00  1.498501E-06
  9.250000E-01  0.000000E+00  1.498501E-06
  9.750000E-01  0.000000E+00  1.498501E-06
  1.025000E+00  0.000000E+00  1.498501E-06
  1.075000E+00  1.154137E-04  1.998002E-06
  1.125000E+00  0.000000E+00  1.998002E-06
  1.175000E+00  0.000000E+00  1.998002E-06
  1.225000E+00  0.000000E+00  1.998002E-06
  1.275000E+00  0.000000E+00  1.998002E-06
  1.325000E+00  2.279242E-04  3.496503E-06
  1.375000E+00  0.000000E+00  3.496503E-06
  1.425000E+00  1.313736E-04  4.495504E-06
  1.475000E+00  5.517844E-04  8.991009E-06
  1.525000E+00  7.456196E-04  1.548452E-05
  1.575000E+00  4.624379E-03  5.844156E-05
  1.625000E+00  1.111105E+00  1.104545E-02
  1.675000E+00  1.030604E+01  1.193227E-01
  1.725000E+00  3.800515E+00  1.616708E-01
  1.775000E+00  9.827804E+00  2.776194E-01
  1.825000E+00  2.970897E+01  6.481499E-01
  1.875000E+00  4.350425E+01  1.220871E+00
  1.925000E+00  4.125627E+01  1.793350E+00
  1.975000E+00  3.715425E+01  2.336036E+00
  2.025000E+00  3.024588E+01  2.800468E+00
  2.075000E+00  2.088370E+01  3.137172E+00
  2.125000E+00  1.502005E+01  3.391148E+00
  2.175000E+00  9.814603E+00  3.565005E+00
  2.225000E+00  7.231218E+00  3.699057E+00
  2.275000E+00  5.027701E+00  3.796497E+00
  2.325000E+00  3.788219E+00  3.873176E+00
  2.375000E+00  2.765775E+00  3.931594E+00
  2.425000E+00  1.811905E+00  3.971493E+00
  2.475000E+00  1.542296E+00  4.006869E+00
  2.525000E+00  1.127686E+00  4.033791E+00
  2.575000E+00  9.271171E-01  4.056810E+00
  2.625000E+00  8.949235E-01  4.079901E+00
  2.675000E+00  7.415598E-01  4.099771E+00
  2.725000E+00  7.683997E-01  4.121136E+00
  2.775000E+00  7.766792E-01  4.143532E+00
  2.825000E+00  7.344870E-01  4.165481E+00
  2.875000E+00  7.769445E-01  4.189528E+00
  2.925000E+00  9.151792E-01  4.218847E+00
  2.975000E+00  8.487296E-01  4.246975E+00
  3.025000E+00  8.956744E-01  4.277665E+00
  3.075000E+00  1.085847E+00  4.316111E+00
  3.125000E+00  1.069122E+00  4.355206E+00
  3.175000E+00  1.050589E+00  4.394862E+00
  3.225000E+00  1.242871E+00  4.443266E+00
  3.275000E+00  1.240881E+00  4.493102E+00
  3.325000E+00  1.213495E+00  4.543338E+00
  3.375000E+00  1.259925E+00  4.597076E+00
  3.425000E+00  1.416431E+00  4.659293E+00
  3.475000E+00  1.510889E+00  4.727610E+00
  3.525000E+00  1.625394E+00  4.803236E+00
  3.575000E+00  1.656753E+00  4.882522E+00
  3.625000E+00  1.673422E+00  4.964863E+00
  3.675000E+00  1.694196E+00  5.050540E+00
  3.725000E+00  1.750945E+00  5.141514E+00
  3.775000E+00  1.679952E+00  5.231158E+00
  3.825000E+00  1.777616E+00  5.328542E+00
  3.875000E+00  1.817324E+00  5.430722E+00
  3.925000E+00  1.855250E+00  5.537744E+00
  3.975000E+00  1.759963E+00  5.641872E+00
  4.025000E+00  2.011257E+00  5.763880E+00
  4.075000E+00  1.967498E+00  5.886217E+00
  4.125000E+00  1.862477E+00  6.004883E+00
  4.175000E+00  1.843956E+00  6.125235E+00
  4.225000E+00  1.819709E+00  6.246866E+00
  4.275000E+00  1.807706E+00  6.370571E+00
  4.325000E+00  1.722371E+00  6.491210E+00
  4.375000E+00  1.581134E+00  6.604531E+00
  4.425000E+00  1.504408E+00  6.714833E+00
  4.475000E+00  1.524389E+00  6.829139E+00
  4.525000E+00  1.471916E+00  6.941991E+00
  4.575000E+00  1.492779E+00  7.058985E+00
  4.625000E+00  1.534340E+00  7.181880E+00
  4.675000E+00  1.599750E+00  7.312799E+00
  4.725000E+00  1.659804E+00  7.451553E+00
  4.775000E+00  1.551233E+00  7.583991E+00
  4.825000E+00  1.593402E+00  7.722893E+00
  4.875000E+00  1.666028E+00  7.871151E+00
  4.925000E+00  1.697923E+00  8.025363E+00
  4.975000E+00  1.791033E+00  8.191351E+00
  5.025000E+00  1.871682E+00  8.368317E+00
  5.075000E+00  1.985698E+00  8.559819E+00
  5.125000E+00  1.914018E+00  8.748062E+00
  5.175000E+00  1.818693E+00  8.930438E+00
  5.225000E+00  1.946891E+00  9.129460E+00
  5.275000E+00  2.006702E+00  9.338541E+00
  5.325000E+00  2.000451E+00  9.550941E+00
  5.375000E+00  2.078148E+00  9.775753E+00
  5.425000E+00  2.097877E+00  1.000694E+01
  5.475000E+00  2.141805E+00  1.024734E+01
  5.525000E+00  2.160288E+00  1.049426E+01
  5.575000E+00  2.183290E+00  1.074835E+01
  5.625000E+00  2.229412E+00  1.101249E+01
  5.675000E+00  2.191700E+00  1.127679E+01
  5.725000E+00  2.234998E+00  1.155108E+01
  5.775000E+00  2.325464E+00  1.184148E+01
  5.825000E+00  2.228754E+00  1.212465E+01
  5.875000E+00  2.270913E+00  1.241814E+01
  5.925000E+00  2.283449E+00  1.271831E+01
  5.975000E+00  2.243408E+00  1.301820E+01
O       O       
  2.500000E-02  0.000000E+00  0.000000E+00
  7.500000E-02  0.000000E+00  0.000000E+00
  1.250000E-01  0.000000E+00  0.000000E+00
  1.750000E-01  0.000000E+00  0.000000E+00
  2.250000E-01  0.000000E+00  0.000000E+00
  2.750000E-01  0.000000E+00  0.000000E+00
  3.250000E-01  0.000000E+00  0.000000E+00
  3.750000E-01  0.000000E+00  0.000000E+00
  4.250000E-01  0.000000E+00  0.000000E+00
  4.750000E-01  0.000000E+00  0.000000E+00
  5.250000E-01  0.000000E+00  0.000000E+00
  5.750000E-01  0.000000E+00  0.000000E+00
  6.250000E-01  1.137826E-04  1.665140E-07
  6.750000E-01  0.000000E+00  1.665140E-07
  7.250000E-01  8.457059E-05  3.330281E-07
  7.750000E-01  0.000000E+00  3.330281E-07
  8.250000E-01  6.531707E-05  4.995421E-07
  8.750000E-01  5.806751E-05  6.660562E-07
  9.250000E-01  1.039222E-04  9.990843E-07
  9.750000E-01  9.353908E-05  1.332112E-06
  1.025000E+00  1.269565E-04  1.831654E-06
  1.075000E+00  3.847444E-05  1.998169E-06
  1.125000E+00  1.053931E-04  2.497711E-06
  1.175000E+00  1.288209E-04  3.163767E-06
  1.225000E+00  1.777814E-04  4.162851E-06
  1.275000E+00  1.641129E-04  5.161935E-06
  1.325000E+00  1.013081E-04  5.827991E-06
  1.375000E+00  2.116687E-04  7.326618E-06
  1.425000E+00  2.408718E-04  9.158272E-06
  1.475000E+00  1.430671E-04  1.032387E-05
  1.525000E+00  2.103205E-04  1.215553E-05
  1.575000E+00  2.509562E-04  1.448672E-05
  1.625000E+00  3.873061E-04  1.831654E-05
  1.675000E+00  4.596250E-04  2.314545E-05
  1.725000E+00  6.425802E-04  3.030556E-05
  1.775000E+00  7.903693E-04  3.963034E-05
  1.825000E+00  1.148188E-03  5.395055E-05
  1.875000E+00  1.656954E-03  7.576389E-05
  1.925000E+00  2.544002E-03  1.110649E-04
  1.975000E+00  3.990048E-03  1.693448E-04
  2.025000E+00  1.159239E-02  3.473483E-04
  2.075000E+00  3.745914E-02  9.512947E-04
  2.125000E+00  1.957305E-01  4.260928E-03
  2.175000E+00  8.546989E-01  1.940122E-02
  2.225000E+00  1.241062E+00  4.240796E-02
  2.275000E+00  1.978198E+00  8.074632E-02
  2.325000E+00  5.101510E+00  1.840093E-01
  2.375000E+00  1.171566E+01  4.314627E-01
  2.425000E+00  1.414791E+01  7.430031E-01
  2.475000E+00  8.931127E+00  9.478620E-01
  2.525000E+00  2.678978E+00  1.011819E+00
  2.575000E+00  7.256490E-01  1.029836E+00
  2.625000E+00  7.369194E-01  1.048850E+00
  2.675000E+00  1.053280E+00  1.077072E+00
  2.725000E+00  1.381255E+00  1.115478E+00
  2.775000E+00  2.000710E+00  1.173169E+00
  2.825000E+00  2.531284E+00  1.248813E+00
  2.875000E+00  2.802158E+00  1.335541E+00
  2.925000E+00  2.854230E+00  1.426981E+00
  2.975000E+00  2.831957E+00  1.520835E+00
  3.025000E+00  2.764049E+00  1.615544E+00
  3.075000E+00  2.754115E+00  1.713058E+00
  3.125000E+00  2.982517E+00  1.822120E+00
  3.175000E+00  3.190011E+00  1.942533E+00
  3.225000E+00  3.357980E+00  2.073309E+00
  3.275000E+00  3.489878E+00  2.213470E+00
  3.325000E+00  3.696937E+00  2.366514E+00
  3.375000E+00  3.911351E+00  2.533340E+00
  3.425000E+00  4.058529E+00  2.711612E+00
  3.475000E+00  4.202660E+00  2.901643E+00
  3.525000E+00  4.137207E+00  3.094136E+00
  3.575000E+00  4.070156E+00  3.288920E+00
  3.625000E+00  3.879524E+00  3.479811E+00
  3.675000E+00  3.747192E+00  3.669312E+00
  3.725000E+00  3.426073E+00  3.847320E+00
  3.775000E+00  3.228255E+00  4.019582E+00
  3.825000E+00  3.034887E+00  4.185845E+00
  3.875000E+00  2.885002E+00  4.348056E+00
  3.925000E+00  2.724834E+00  4.505240E+00
  3.975000E+00  2.717902E+00  4.666044E+00
  4.025000E+00  2.682292E+00  4.828759E+00
  4.075000E+00  2.609932E+00  4.991042E+00
  4.125000E+00  2.591602E+00  5.156164E+00
  4.175000E+00  2.646596E+00  5.328902E+00
  4.225000E+00  2.639503E+00  5.505329E+00
  4.275000E+00  2.616174E+00  5.684359E+00
  4.325000E+00  2.581106E+00  5.865146E+00
  4.375000E+00  2.539844E+00  6.047179E+00
  4.425000E+00  2.506513E+00  6.230954E+00
  4.475000E+00  2.379202E+00  6.409358E+00
  4.525000E+00  2.354755E+00  6.589897E+00
  4.575000E+00  2.223379E+00  6.764151E+00
  4.625000E+00  2.112371E+00  6.933344E+00
  4.675000E+00  1.977888E+00  7.095208E+00
  4.725000E+00  1.884692E+00  7.252763E+00
  4.775000E+00  1.814276E+00  7.407658E+00
  4.825000E+00  1.715664E+00  7.557218E+00
  4.875000E+00  1.621880E+00  7.701547E+00
  4.925000E+00  1.569310E+00  7.844078E+00
  4.975000E+00  1.501827E+00  7.983263E+00
  5.025000E+00  1.497758E+00  8.124876E+00
  5.075000E+00  1.450493E+00  8.264762E+00
  5.125000E+00  1.434316E+00  8.405827E+00
  5.175000E+00  1.427279E+00  8.548952E+00
  5.225000E+00  1.419514E+00  8.694063E+00
  5.275000E+00  1.411127E+00  8.841090E+00
  5.325000E+00  1.403794E+00  8.990139E+00
  5.375000E+00  1.431514E+00  9.144999E+00
  5.425000E+00  1.437239E+00  9.303384E+00
  5.475000E+00  1.432164E+00  9.464133E+00
  5.525000E+00  1.466065E+00  9.631706E+00
  5.575000E+00  1.458798E+00  9.801480E+00
  5.625000E+00  1.490930E+00  9.978120E+00
  5.675000E+00  1.541872E+00  1.016406E+01
  5.725000E+00  1.517686E+00  1.035032E+01
  5.775000E+00  1.509009E+00  1.053876E+01
  5.825000E+00  1.529019E+00  1.073302E+01
  5.875000E+00  1.519857E+00  1.092945E+01
  5.925000E+00  1.538176E+00  1.113165E+01
  5.975000E+00  1.511864E+00  1.133375E+01
O       O_s     
  2.500000E-02  6.188833E+03  1.931127E-02
  7.500000E-02  4.458324E+03  1.166917E-01
  1.250000E-01  3.529543E+03  3.259460E-01
  1.750000E-01  2.461983E+03  6.101884E-01
  2.250000E-01  1.312745E+03  8.600574E-01
  2.750000E-01  4.434898E+02  9.859868E-01
  3.250000E-01  3.461483E+01  9.997041E-01
  3.750000E-01  4.655546E-01  9.999496E-01
  4.250000E-01  2.778633E-02  9.999684E-01
  4.750000E-01  1.142013E-02  9.999781E-01
  5.250000E-01  5.400442E-03  9.999837E-01
  5.750000E-01  2.352123E-03  9.999866E-01
  6.250000E-01  1.023958E-03  9.999881E-01
  6.750000E-01  7.316215E-04  9.999893E-01
  7.250000E-01  7.610719E-04  9.999908E-01
  7.750000E-01  5.550582E-04  9.999921E-01
  8.250000E-01  3.265581E-04  9.999929E-01
  8.750000E-01  2.322507E-04  9.999936E-01
  9.250000E-01  2.857622E-04  9.999945E-01
  9.750000E-01  9.353128E-05  9.999948E-01
  1.025000E+00  1.269459E-04  9.999953E-01
  1.075000E+00  5.770684E-05  9.999956E-01
  1.125000E+00  1.405124E-04  9.999963E-01
  1.175000E+00  6.440506E-05  9.999966E-01
  1.225000E+00  1.333249E-04  9.999973E-01
  1.275000E+00  1.093995E-04  9.999980E-01
  1.325000E+00  1.012997E-04  9.999987E-01
  1.375000E+00  8.230876E-05  9.999993E-01
  1.425000E+00  1.751649E-04  1.000001E+00
  1.475000E+00  1.430552E-04  1.000002E+00
  1.525000E+00  1.051515E-04  1.000003E+00
  1.575000E+00  1.792395E-04  1.000004E+00
  1.625000E+00  1.767989E-04  1.000006E+00
  1.675000E+00  2.218694E-04  1.000008E+00
  1.725000E+00  2.689646E-04  1.000011E+00
  1.775000E+00  5.362773E-04  1.000018E+00
  1.825000E+00  7.542700E-04  1.000027E+00
  1.875000E+00  2.124772E-03  1.000055E+00
  1.925000E+00  3.703494E-02  1.000569E+00
  1.975000E+00  2.471059E-01  1.004178E+00
  2.025000E+00  7.003433E-01  1.014932E+00
  2.075000E+00  1.055636E+00  1.031952E+00
  2.125000E+00  9.360134E-01  1.047779E+00
  2.175000E+00  1.846710E+00  1.080492E+00
  2.225000E+00  5.829866E+00  1.188566E+00
  2.275000E+00  1.219172E+01  1.424847E+00
  2.325000E+00  1.530697E+01  1.734685E+00
  2.375000E+00  8.011314E+00  1.903897E+00
  2.425000E+00  3.079727E+00  1.971713E+00
  2.475000E+00  1.356931E+00  2.002838E+00
  2.525000E+00  9.076501E-01  2.024507E+00
  2.575000E+00  1.034457E+00  2.050191E+00
  2.625000E+00  1.521494E+00  2.089449E+00
  2.675000E+00  1.981641E+00  2.142546E+00
  2.725000E+00  2.334547E+00  2.207459E+00
  2.775000E+00  2.611020E+00  2.282748E+00
  2.825000E+00  2.674526E+00  2.362672E+00
  2.875000E+00  2.707412E+00  2.446468E+00
  2.925000E+00  2.806662E+00  2.536384E+00
  2.975000E+00  2.824293E+00  2.629984E+00
  3.025000E+00  2.954910E+00  2.731233E+00
  3.075000E+00  3.211505E+00  2.844941E+00
  3.125000E+00  3.313880E+00  2.966120E+00
  3.175000E+00  3.555374E+00  3.100324E+00
  3.225000E+00  3.761454E+00  3.246814E+00
  3.275000E+00  3.963543E+00  3.405997E+00
  3.325000E+00  4.049095E+00  3.573620E+00
  3.375000E+00  4.222119E+00  3.753702E+00
  3.425000E+00  4.256953E+00  3.940689E+00
  3.475000E+00  4.023500E+00  4.122619E+00
  3.525000E+00  3.903597E+00  4.304243E+00
  3.575000E+00  3.642366E+00  4.478554E+00
  3.625000E+00  3.402744E+00  4.645985E+00
  3.675000E+00  3.172749E+00  4.806436E+00
  3.725000E+00  2.978592E+00  4.961194E+00
  3.775000E+00  2.827441E+00  5.112069E+00
  3.825000E+00  2.739069E+00  5.262125E+00
  3.875000E+00  2.632748E+00  5.410153E+00
  3.925000E+00  2.621559E+00  5.561379E+00
  3.975000E+00  2.563947E+00  5.713075E+00
  4.025000E+00  2.599703E+00  5.870779E+00
  4.075000E+00  2.590725E+00  6.031868E+00
  4.125000E+00  2.587030E+00  6.196699E+00
  4.175000E+00  2.605500E+00  6.366755E+00
  4.225000E+00  2.578262E+00  6.539088E+00
  4.275000E+00  2.621565E+00  6.718488E+00
  4.325000E+00  2.560809E+00  6.897853E+00
  4.375000E+00  2.547611E+00  7.080443E+00
  4.425000E+00  2.528910E+00  7.265859E+00
  4.475000E+00  2.430876E+00  7.448138E+00
  4.525000E+00  2.320137E+00  7.626023E+00
  4.575000E+00  2.170938E+00  7.796167E+00
  4.625000E+00  2.111467E+00  7.965288E+00
  4.675000E+00  2.056249E+00  8.133565E+00
  4.725000E+00  1.939449E+00  8.295697E+00
  4.775000E+00  1.888286E+00  8.456911E+00
  4.825000E+00  1.745076E+00  8.609035E+00
  4.875000E+00  1.662827E+00  8.757008E+00
  4.925000E+00  1.596373E+00  8.901997E+00
  4.975000E+00  1.536900E+00  9.044432E+00
  5.025000E+00  1.521063E+00  9.188248E+00
  5.075000E+00  1.510707E+00  9.333941E+00
  5.125000E+00  1.482498E+00  9.479745E+00
  5.175000E+00  1.442203E+00  9.624367E+00
  5.225000E+00  1.481770E+00  9.775842E+00
  5.275000E+00  1.444454E+00  9.926341E+00
  5.325000E+00  1.414072E+00  1.007648E+01
  5.375000E+00  1.448409E+00  1.023317E+01
  5.425000E+00  1.448313E+00  1.039277E+01
  5.475000E+00  1.450800E+00  1.055562E+01
  5.525000E+00  1.463362E+00  1.072288E+01
  5.575000E+00  1.492273E+00  1.089655E+01
  5.625000E+00  1.524221E+00  1.107713E+01
  5.675000E+00  1.519475E+00  1.126037E+01
  5.725000E+00  1.490627E+00  1.144331E+01
  5.775000E+00  1.498701E+00  1.163046E+01
  5.825000E+00  1.542166E+00  1.182640E+01
  5.875000E+00  1.506888E+00  1.202115E+01
  5.925000E+00  1.529814E+00  1.222225E+01
  5.975000E+00  1.498355E+00  1.242254E+01
O_s     O_s     
  2.500000E-02  0.000000E+00  0.000000E+00
  7.500000E-02  0.000000E+00  0.000000E+00
  1.250000E-01  0.000000E+00  0.000000E+00
  1.750000E-01  0.000000E+00  0.000000E+00
  2.250000E-01  0.000000E+00  0.000000E+00
  2.750000E-01  0.000000E+00  0.000000E+00
  3.250000E-01  0.000000E+00  0.000000E+00
  3.750000E-01  0.000000E+00  0.000000E+00
  4.250000E-01  0.000000E+00  0.000000E+00
  4.750000E-01  1.969153E-04  1.665140E-07
  5.250000E-01  1.612207E-04  3.330281E-07
  5.750000E-01  1.344182E-04  4.995421E-07
  6.250000E-01  1.137826E-04  6.660562E-07
  6.750000E-01  0.000000E+00  6.660562E-07
  7.250000E-01  8.457059E-05  8.325702E-07
  7.750000E-01  7.401393E-05  9.990843E-07
  8.250000E-01  0.000000E+00  9.990843E-07
  8.750000E-01  0.000000E+00  9.990843E-07
  9.250000E-01  0.000000E+00  9.990843E-07
  9.750000E-01  4.676954E-05  1.165598E-06
  1.025000E+00  0.000000E+00  1.165598E-06
  1.075000E+00  3.847444E-05  1.332112E-06
  1.125000E+00  0.000000E+00  1.332112E-06
  1.175000E+00  6.441043E-05  1.665140E-06
  1.225000E+00  0.000000E+00  1.665140E-06
  1.275000E+00  2.735215E-05  1.831654E-06
  1.325000E+00  2.532703E-05  1.998169E-06
  1.375000E+00  4.703750E-05  2.331197E-06
  1.425000E+00  4.379486E-05  2.664225E-06
  1.475000E+00  2.043816E-05  2.830739E-06
  1.525000E+00  9.560022E-05  3.663309E-06
  1.575000E+00  7.170177E-05  4.329365E-06
  1.625000E+00  1.347152E-04  5.661477E-06
  1.675000E+00  1.267931E-04  6.993590E-06
  1.725000E+00  1.793247E-04  8.991758E-06
  1.775000E+00  1.477708E-02  1.833320E-04
  1.825000E+00  2.015337E-01  2.696861E-03
  1.875000E+00  9.397586E-01  1.506852E-02
  1.925000E+00  8.604487E-01  2.700824E-02
  1.975000E+00  8.557855E-01  3.950812E-02
  2.025000E+00  1.111709E+00  5.657864E-02
  2.075000E+00  3.380866E+00  1.110877E-01
  2.125000E+00  8.280230E+00  2.510992E-01
  2.175000E+00  1.293940E+01  4.803101E-01
  2.225000E+00  1.112169E+01  6.864834E-01
  2.275000E+00  7.642176E+00  8.345922E-01
  2.325000E+00  4.081671E+00  9.172120E-01
  2.375000E+00  2.367214E+00  9.672113E-01
  2.425000E+00  1.380372E+00  9.976074E-01
  2.475000E+00  1.263140E+00  1.026581E+00
  2.525000E+00  1.644493E+00  1.065841E+00
  2.575000E+00  2.211882E+00  1.120759E+00
  2.625000E+00  2.485826E+00  1.184898E+00
  2.675000E+00  2.546590E+00  1.253133E+00
  2.725000E+00  2.540987E+00  1.323786E+00
  2.775000E+00  2.703116E+00  1.401730E+00
  2.825000E+00  2.746769E+00  1.483813E+00
  2.875000E+00  2.732622E+00  1.568390E+00
  2.925000E+00  2.834183E+00  1.659187E+00
  2.975000E+00  2.912649E+00  1.755716E+00
  3.025000E+00  3.276084E+00  1.867969E+00
  3.075000E+00  3.645779E+00  1.997054E+00
  3.125000E+00  3.830964E+00  2.137141E+00
  3.175000E+00  4.191069E+00  2.295341E+00
  3.225000E+00  4.271274E+00  2.461685E+00
  3.275000E+00  4.332989E+00  2.635707E+00
  3.325000E+00  4.332230E+00  2.815050E+00
  3.375000E+00  4.094270E+00  2.989679E+00
  3.425000E+00  3.907278E+00  3.161306E+00
  3.475000E+00  3.716396E+00  3.329350E+00
  3.525000E+00  3.269554E+00  3.481474E+00
  3.575000E+00  3.088347E+00  3.629272E+00
  3.625000E+00  2.902521E+00  3.772090E+00
  3.675000E+00  2.790870E+00  3.913228E+00
  3.725000E+00  2.725982E+00  4.054861E+00
  3.775000E+00  2.555795E+00  4.191241E+00
  3.825000E+00  2.536781E+00  4.330215E+00
  3.875000E+00  2.502311E+00  4.470909E+00
  3.925000E+00  2.520707E+00  4.616318E+00
  3.975000E+00  2.507525E+00  4.764675E+00
  4.025000E+00  2.446920E+00  4.913112E+00
  4.075000E+00  2.516417E+00  5.069580E+00
  4.125000E+00  2.521015E+00  5.230205E+00
  4.175000E+00  2.566400E+00  5.397709E+00
  4.225000E+00  2.618014E+00  5.572699E+00
  4.275000E+00  2.545183E+00  5.746872E+00
  4.325000E+00  2.557159E+00  5.925981E+00
  4.375000E+00  2.573297E+00  6.110412E+00
  4.425000E+00  2.493527E+00  6.293234E+00
  4.475000E+00  2.482717E+00  6.479401E+00
  4.525000E+00  2.402796E+00  6.663623E+00
  4.575000E+00  2.265300E+00  6.841163E+00
  4.625000E+00  2.103727E+00  7.009663E+00
  4.675000E+00  2.043033E+00  7.176859E+00
  4.725000E+00  1.975254E+00  7.341984E+00
  4.775000E+00  1.862946E+00  7.501035E+00
  4.825000E+00  1.825619E+00  7.660179E+00
  4.875000E+00  1.730466E+00  7.814172E+00
  4.925000E+00  1.629868E+00  7.962202E+00
  4.975000E+00  1.594322E+00  8.109960E+00
  5.025000E+00  1.554829E+00  8.256968E+00
  5.075000E+00  1.518939E+00  8.403455E+00
  5.125000E+00  1.532963E+00  8.554222E+00
  5.175000E+00  1.499605E+00  8.704600E+00
  5.225000E+00  1.463604E+00  8.854218E+00
  5.275000E+00  1.466564E+00  9.007021E+00
  5.325000E+00  1.457130E+00  9.161733E+00
  5.375000E+00  1.483060E+00  9.322169E+00
  5.425000E+00  1.445400E+00  9.481454E+00
  5.475000E+00  1.462928E+00  9.645656E+00
  5.525000E+00  1.475628E+00  9.814322E+00
  5.575000E+00  1.481662E+00  9.986757E+00
  5.625000E+00  1.513371E+00  1.016606E+01
  5.675000E+00  1.500936E+00  1.034706E+01
  5.725000E+00  1.516618E+00  1.053318E+01
  5.775000E+00  1.460361E+00  1.071555E+01
  5.825000E+00  1.518985E+00  1.090854E+01
  5.875000E+00  1.535144E+00  1.110695E+01
  5.925000E+00  1.551465E+00  1.131089E+01
  5.975000E+00  1.500594E+00  1.151148E+01
