title: # Li56 La24 Zr16 O96                                                    
energy unitS: electron Volts
         0  0.000000E+00        52
 -5.376408E+05  1.000000E+03 -5.407429E+05  6.307024E+04 -6.038132E+05
  0.000000E+00  0.000000E+00  0.000000E+00  0.000000E+00 -5.376406E+05
  0.000000E+00  1.563293E+05 -4.473454E+05  6.036747E+05  0.000000E+00
  0.000000E+00  0.000000E+00  0.000000E+00  2.781571E+05  0.000000E+00
  0.000000E+00  0.000000E+00  9.000000E+01  9.000000E+01  9.000000E+01
  0.000000E+00 -2.844695E+02  0.000000E+00 -2.978421E+02 -4.015485E-02
  4.105647E-03 -4.015485E-02 -2.977910E+02  6.980197E-02  4.105647E-03
  6.980197E-02 -2.577755E+02  0.000000E+00  0.000000E+00  0.000000E+00
  0.000000E+00  0.000000E+00  6.618035E+01  0.000000E+00  0.000000E+00
  0.000000E+00  6.618035E+01  0.000000E+00  0.000000E+00  0.000000E+00
  6.350853E+01 -5.004168E+04
      1000  9.690330E-02        52
 -5.671821E+05  1.000927E+03 -5.702873E+05  1.123606E+05 -6.868594E+05
  0.000000E+00  0.000000E+00  0.000000E+00  0.000000E+00 -5.671822E+05
  0.000000E+00  3.710160E+03 -6.913298E+05  6.866170E+05  0.000000E+00
  0.000000E+00  0.000000E+00  0.000000E+00  2.777067E+05  1.366625E+00
  4.211454E+03  8.422909E+03  9.000000E+01  9.000000E+01  9.000000E+01
  0.000000E+00  4.744612E+00  2.451056E-01 -3.765593E+01 -1.505997E+00
 -8.949008E-01 -1.505997E+00 -3.953160E+01  6.511837E-01 -8.949008E-01
  6.511837E-01  9.142137E+01  1.228987E+00  2.063007E-02  3.981531E-02
  4.645259E-01  5.148325E-01  6.614461E+01  0.000000E+00  0.000000E+00
  0.000000E+00  6.614461E+01  0.000000E+00  0.000000E+00  0.000000E+00
  6.347423E+01  8.332842E+02
      2000  1.938066E-01        52
 -5.697513E+05  9.996840E+02 -5.728527E+05  1.129574E+05 -6.913136E+05
  0.000000E+00  0.000000E+00  0.000000E+00  0.000000E+00 -5.697513E+05
  0.000000E+00  6.431456E+03 -6.956274E+05  6.910518E+05  0.000000E+00
  0.000000E+00  0.000000E+00  0.000000E+00  2.776913E+05  2.640161E+00
  5.503538E+03  1.100708E+04  9.000000E+01  9.000000E+01  9.000000E+01
  0.000000E+00 -4.349550E-01  2.476075E-01 -1.437267E+01 -6.034440E-01
 -2.639901E-01 -6.034440E-01 -1.648600E+01  2.012050E+00 -2.639901E-01
  2.012050E+00  2.955380E+01  1.642741E+00  2.726300E-01  2.502978E-01
  9.027734E-01  9.408821E-01  6.614339E+01  0.000000E+00  0.000000E+00
  0.000000E+00  6.614339E+01  0.000000E+00  0.000000E+00  0.000000E+00
  6.347306E+01 -7.638580E+01
      3000  2.907099E-01        52
 -5.701770E+05  1.000000E+03 -5.732794E+05  1.135865E+05 -6.924119E+05
  0.000000E+00  0.000000E+00  0.000000E+00  0.000000E+00 -5.701771E+05
  0.000000E+00  7.011122E+03 -6.962241E+05  6.921433E+05  0.000000E+00
  0.000000E+00  0.000000E+00  0.000000E+00  2.777042E+05  3.330684E-02
  5.545977E+03  1.109195E+04  9.000000E+01  9.000000E+01  9.000000E+01
  0.000000E+00 -1.531404E+00  2.461962E-01 -1.445419E+01  6.670335E-01
 -5.587422E-01  6.670335E-01 -1.628733E+01  1.977871E-01 -5.587422E-01
  1.977871E-01  2.614731E+01  2.068653E+00  6.887469E-01  6.806465E-01
  1.403780E+00  1.423852E+00  6.614441E+01  0.000000E+00  0.000000E+00
  0.000000E+00  6.614441E+01  0.000000E+00  0.000000E+00  0.000000E+00
  6.347404E+01 -2.689541E+02
      4000  3.876132E-01        52
 -5.703992E+05  1.000699E+03 -5.735101E+05  1.126547E+05 -6.917474E+05
  0.000000E+00  0.000000E+00  0.000000E+00  0.000000E+00 -5.704056E+05
  0.000000E+00  1.315754E+04 -6.894831E+05  6.914753E+05  0.000000E+00
  0.000000E+00  0.000000E+00  0.000000E+00  2.776898E+05  2.167733E+00
  5.582661E+03  1.116532E+04  9.000000E+01  9.000000E+01  9.000000E+01
  0.000000E+00 -1.318960E+01  6.562383E+00 -3.461009E+01 -8.275579E-01
  5.784036E-01 -8.275579E-01 -3.409980E+01  9.146483E-01  5.784036E-01
  9.146483E-01  2.914111E+01  2.485409E+00  1.091211E+00  1.035055E+00
  1.886686E+00  2.142492E+00  6.614327E+01  0.000000E+00  0.000000E+00
  0.000000E+00  6.614327E+01  0.000000E+00  0.000000E+00  0.000000E+00
  6.347295E+01 -2.316314E+03
      5000  4.845165E-01        52
 -4.666298E+05  1.655282E+03 -5.510572E+05  8.089364E+04 -6.547408E+05
  0.000000E+00  0.000000E+00  0.000000E+00  0.000000E+00 -5.459221E+05
  0.000000E+00  1.993806E+05 -5.002274E+05  6.540281E+05  0.000000E+00
  0.000000E+00  0.000000E+00  0.000000E+00  3.559382E+05  1.315126E+03
  2.278992E+04  4.557983E+04  9.000000E+01  9.000000E+01  9.000000E+01
  0.000000E+00 -2.800363E+02  7.929254E+04 -2.642263E+02  2.421383E+00
 -2.075163E+01  2.421383E+00 -2.955465E+02  3.898595E+01 -2.075163E+01
  3.898595E+01 -2.803363E+02  2.532964E+00  1.018045E+00  9.672160E-01
  2.558951E+00  1.648720E+03  7.184952E+01  0.000000E+00  0.000000E+00
  0.000000E+00  7.184952E+01  0.000000E+00  0.000000E+00  0.000000E+00
  6.894882E+01 -6.303692E+04
      6000  5.814198E-01        52
  6.812926E+06  1.000000E+03 -5.490773E+05  7.028727E+04 -6.308498E+05
  0.000000E+00  0.000000E+00  0.000000E+00  0.000000E+00 -5.459749E+05
  0.000000E+00  2.309409E+05 -4.210054E+05  6.289757E+05  0.000000E+00
  0.000000E+00  0.000000E+00  0.000000E+00  4.570279E+05  3.722586E-02
  1.148527E+04  2.297055E+04  9.000000E+01  9.000000E+01  9.000000E+01
  0.000000E+00 -2.591814E+02  7.358901E+06 -2.650092E+02 -2.087764E-01
 -1.604468E+00 -2.087764E-01 -2.614759E+02 -1.079783E+01 -1.604468E+00
 -1.079783E+01 -2.510591E+02  2.763031E+00  1.023999E+00  9.616158E-01
  2.809969E+00  2.736567E+03  7.809321E+01  0.000000E+00  0.000000E+00
  0.000000E+00  7.809321E+01  0.000000E+00  0.000000E+00  0.000000E+00
  7.494044E+01 -7.491221E+04
      7000  6.783231E-01        52
  6.815636E+06  1.002304E+03 -5.580730E+05  9.707008E+04 -6.607444E+05
  0.000000E+00  0.000000E+00  0.000000E+00  0.000000E+00 -5.549634E+05
  0.000000E+00  1.049094E+05 -5.641820E+05  6.578888E+05  0.000000E+00
  0.000000E+00  0.000000E+00  0.000000E+00  5.082366E+05  3.520998E-01
  5.601310E+03  1.120262E+04  9.000000E+01  9.000000E+01  9.000000E+01
  0.000000E+00 -1.023491E+02  7.370600E+06 -1.055646E+02  2.147982E-02
 -4.078594E-01  2.147982E-02 -1.027521E+02  5.800045E-01 -4.078594E-01
  5.800045E-01 -9.873047E+01  3.847966E+00  1.277912E+00  1.105115E+00
  4.191903E+00  3.200769E+03  8.090729E+01  0.000000E+00  0.000000E+00
  0.000000E+00  8.090729E+01  0.000000E+00  0.000000E+00  0.000000E+00
  7.764091E+01 -3.289696E+04
      8000  7.752264E-01        52
  6.810444E+06  1.001870E+03 -5.632637E+05  1.071012E+05 -6.767003E+05
  0.000000E+00  0.000000E+00  0.000000E+00  0.000000E+00 -5.601555E+05
  0.000000E+00  5.820909E+04 -6.283614E+05  6.738998E+05  0.000000E+00
  0.000000E+00  0.000000E+00  0.000000E+00  5.072525E+05  1.051090E+00
  6.335332E+03  1.267066E+04  9.000000E+01  9.000000E+01  9.000000E+01
  0.000000E+00 -5.402506E+01  7.370600E+06 -5.574370E+01  3.119235E-01
 -5.624679E-01  3.119235E-01 -5.263581E+01  8.270203E-01 -5.624679E-01
  8.270203E-01 -5.369566E+01  4.761897E+00  2.193364E+00  1.696286E+00
  5.195616E+00  3.201923E+03  8.085504E+01  0.000000E+00  0.000000E+00
  0.000000E+00  8.085504E+01  0.000000E+00  0.000000E+00  0.000000E+00
  7.759077E+01 -1.733108E+04
      9000  8.721297E-01        52
  6.808274E+06  1.000000E+03 -5.654276E+05  1.105009E+05 -6.826247E+05
  0.000000E+00  0.000000E+00  0.000000E+00  0.000000E+00 -5.623251E+05
  0.000000E+00  4.220001E+04 -6.510336E+05  6.798412E+05  0.000000E+00
  0.000000E+00  0.000000E+00  0.000000E+00  5.066633E+05  3.319458E-02
  6.696209E+03  1.339242E+04  9.000000E+01  9.000000E+01  9.000000E+01
  0.000000E+00 -3.744593E+01  7.370600E+06 -3.843779E+01 -2.368101E-01
 -7.927064E-01 -2.368101E-01 -3.572451E+01  9.097780E-02 -7.927064E-01
  9.097780E-02 -3.817548E+01  5.682761E+00  3.506089E+00  2.553325E+00
  6.244336E+00  3.202658E+03  8.082371E+01  0.000000E+00  0.000000E+00
  0.000000E+00  8.082371E+01  0.000000E+00  0.000000E+00  0.000000E+00
  7.756071E+01 -1.199858E+04
     10000  9.690330E-01        52
  6.807155E+06  1.000031E+03 -5.665472E+05  1.116715E+05 -6.850354E+05
  0.000000E+00  0.000000E+00  0.000000E+00  0.000000E+00 -5.634446E+05
  0.000000E+00  3.607079E+04 -6.598015E+05  6.822388E+05  0.000000E+00
  0.000000E+00  0.000000E+00  0.000000E+00  5.062087E+05  3.623504E-01
  6.816757E+03  1.363351E+04  9.000000E+01  9.000000E+01  9.000000E+01
  0.000000E+00 -3.109747E+01  7.370600E+06 -3.133864E+01  6.199542E-01
 -2.112776E-01  6.199542E-01 -2.953212E+01  2.946941E-01 -2.112776E-01
  2.946941E-01 -3.242165E+01  6.679180E+00  4.904192E+00  3.523623E+00
  7.363166E+00  3.204296E+03  8.079954E+01  0.000000E+00  0.000000E+00
  0.000000E+00  8.079954E+01  0.000000E+00  0.000000E+00  0.000000E+00
  7.753751E+01 -9.955446E+03
     11000  1.065936E+00        52
  6.806474E+06  1.000118E+03 -5.672285E+05  1.117629E+05 -6.858184E+05
  0.000000E+00  0.000000E+00  0.000000E+00  0.000000E+00 -5.641257E+05
  0.000000E+00  3.479464E+04 -6.618907E+05  6.830313E+05  0.000000E+00
  0.000000E+00  0.000000E+00  0.000000E+00  5.058144E+05  1.111197E+00
  6.827044E+03  1.365409E+04  9.000000E+01  9.000000E+01  9.000000E+01
  0.000000E+00 -2.979137E+01  7.370600E+06 -2.983526E+01  1.547950E-01
 -2.623946E-01  1.547950E-01 -2.915691E+01  3.514725E-01 -2.623946E-01
  3.514725E-01 -3.038192E+01  7.686075E+00  6.158198E+00  4.487070E+00
  8.495938E+00  3.205102E+03  8.077855E+01  0.000000E+00  0.000000E+00
  0.000000E+00  8.077855E+01  0.000000E+00  0.000000E+00  0.000000E+00
  7.751738E+01 -9.529884E+03
     12000  1.162840E+00        52
  6.806076E+06  1.000000E+03 -5.676264E+05  1.118088E+05 -6.862742E+05
  0.000000E+00  0.000000E+00  0.000000E+00  0.000000E+00 -5.645239E+05
  0.000000E+00  3.405385E+04 -6.631474E+05  6.835232E+05  0.000000E+00
  0.000000E+00  0.000000E+00  0.000000E+00  5.054236E+05  3.317113E-02
  6.839063E+03  1.367813E+04  9.000000E+01  9.000000E+01  9.000000E+01
  0.000000E+00 -2.904264E+01  7.370600E+06 -2.924152E+01  3.548642E-01
 -1.844397E-01  3.548642E-01 -2.799704E+01  9.668285E-01 -1.844397E-01
  9.668285E-01 -2.988936E+01  8.650817E+00  7.284861E+00  5.413530E+00
  9.559168E+00  3.206275E+03  8.075774E+01  0.000000E+00  0.000000E+00
  0.000000E+00  8.075774E+01  0.000000E+00  0.000000E+00  0.000000E+00
  7.749741E+01 -9.283197E+03
     13000  1.259743E+00        52
  6.805801E+06  9.998673E+02 -5.679008E+05  1.118401E+05 -6.865417E+05
  0.000000E+00  0.000000E+00  0.000000E+00  0.000000E+00 -5.647988E+05
  0.000000E+00  3.337814E+04 -6.640214E+05  6.837980E+05  0.000000E+00
  0.000000E+00  0.000000E+00  0.000000E+00  5.050467E+05  3.635673E-01
  6.800791E+03  1.360158E+04  9.000000E+01  9.000000E+01  9.000000E+01
  0.000000E+00 -2.835999E+01  7.370600E+06 -2.890995E+01  2.971973E-01
 -3.297063E-01  2.971973E-01 -2.694014E+01 -1.602624E-01 -3.297063E-01
 -1.602624E-01 -2.922986E+01  9.565246E+00  8.319110E+00  6.223951E+00
  1.051290E+01  3.207196E+03  8.073766E+01  0.000000E+00  0.000000E+00
  0.000000E+00  8.073766E+01  0.000000E+00  0.000000E+00  0.000000E+00
  7.747814E+01 -9.058234E+03
     14000  1.356646E+00        52
  6.805543E+06  9.999409E+02 -5.681584E+05  1.122293E+05 -6.871902E+05
  0.000000E+00  0.000000E+00  0.000000E+00  0.000000E+00 -5.650562E+05
  0.000000E+00  3.132533E+04 -6.667485E+05  6.844690E+05  0.000000E+00
  0.000000E+00  0.000000E+00  0.000000E+00  5.046900E+05  1.096017E+00
  6.802425E+03  1.360485E+04  9.000000E+01  9.000000E+01  9.000000E+01
  0.000000E+00 -2.623569E+01  7.370600E+06 -2.655682E+01 -9.169442E-01
  2.437485E-01 -9.169442E-01 -2.538861E+01 -1.109107E-02  2.437485E-01
 -1.109107E-02 -2.676166E+01  1.039224E+01  9.234756E+00  6.994417E+00
  1.138967E+01  3.207949E+03  8.071865E+01  0.000000E+00  0.000000E+00
  0.000000E+00  8.071865E+01  0.000000E+00  0.000000E+00  0.000000E+00
  7.745990E+01 -8.373814E+03
     15000  1.453550E+00        52
  6.805378E+06  1.000000E+03 -5.683242E+05  1.121079E+05 -6.872593E+05
  0.000000E+00  0.000000E+00  0.000000E+00  0.000000E+00 -5.652217E+05
  0.000000E+00  3.212694E+04 -6.660661E+05  6.845386E+05  0.000000E+00
  0.000000E+00  0.000000E+00  0.000000E+00  5.043419E+05  3.316605E-02
  6.827219E+03  1.365444E+04  9.000000E+01  9.000000E+01  9.000000E+01
  0.000000E+00 -2.709116E+01  7.370600E+06 -2.705378E+01 -5.440339E-01
 -2.519775E-01 -5.440339E-01 -2.597118E+01  3.469738E-01 -2.519775E-01
  3.469738E-01 -2.824851E+01  1.111012E+01  1.010852E+01  7.696742E+00
  1.213402E+01  3.208794E+03  8.070009E+01  0.000000E+00  0.000000E+00
  0.000000E+00  8.070009E+01  0.000000E+00  0.000000E+00  0.000000E+00
  7.744208E+01 -8.640893E+03
     16000  1.550453E+00        52
  6.805266E+06  9.997962E+02 -5.684352E+05  1.123099E+05 -6.875571E+05
  0.000000E+00  0.000000E+00  0.000000E+00  0.000000E+00 -5.653333E+05
  0.000000E+00  3.066882E+04 -6.677740E+05  6.848186E+05  0.000000E+00
  0.000000E+00  0.000000E+00  0.000000E+00  5.039984E+05  3.609507E-01
  6.812109E+03  1.362422E+04  9.000000E+01  9.000000E+01  9.000000E+01
  0.000000E+00 -2.558606E+01  7.370600E+06 -2.611797E+01 -6.398043E-01
 -6.451662E-01 -6.398043E-01 -2.558174E+01  1.868708E-01 -6.451662E-01
  1.868708E-01 -2.505846E+01  1.186379E+01  1.095169E+01  8.412429E+00
  1.292366E+01  3.209609E+03  8.068177E+01  0.000000E+00  0.000000E+00
  0.000000E+00  8.068177E+01  0.000000E+00  0.000000E+00  0.000000E+00
  7.742450E+01 -8.155274E+03
     17000  1.647356E+00        52
  6.805098E+06  9.999686E+02 -5.686037E+05  1.123387E+05 -6.877168E+05
  0.000000E+00  0.000000E+00  0.000000E+00  0.000000E+00 -5.655014E+05
  0.000000E+00  3.019409E+04 -6.683497E+05  6.849950E+05  0.000000E+00
  0.000000E+00  0.000000E+00  0.000000E+00  5.036563E+05  1.084249E+00
  6.774380E+03  1.354876E+04  9.000000E+01  9.000000E+01  9.000000E+01
  0.000000E+00 -2.510552E+01  7.370600E+06 -2.550096E+01 -7.930979E-01
  3.695534E-01 -7.930979E-01 -2.485395E+01  1.020515E-01  3.695534E-01
  1.020515E-01 -2.496165E+01  1.268063E+01  1.175131E+01  9.126597E+00
  1.381220E+01  3.211025E+03  8.066350E+01  0.000000E+00  0.000000E+00
  0.000000E+00  8.066350E+01  0.000000E+00  0.000000E+00  0.000000E+00
  7.740697E+01 -7.996675E+03
     18000  1.744259E+00        52
  6.804962E+06  1.000000E+03 -5.687399E+05  1.123490E+05 -6.878833E+05
  0.000000E+00  0.000000E+00  0.000000E+00  0.000000E+00 -5.656374E+05
  0.000000E+00  2.994264E+04 -6.688192E+05  6.851730E+05  0.000000E+00
  0.000000E+00  0.000000E+00  0.000000E+00  5.033285E+05  3.320466E-02
  6.794412E+03  1.358882E+04  9.000000E+01  9.000000E+01  9.000000E+01
  0.000000E+00 -2.485835E+01  7.370600E+06 -2.471942E+01 -1.318256E+00
 -2.452251E-01 -1.318256E+00 -2.484987E+01 -5.469301E-01 -2.452251E-01
 -5.469301E-01 -2.500575E+01  1.338719E+01  1.257358E+01  9.830336E+00
  1.460271E+01  3.212114E+03  8.064600E+01  0.000000E+00  0.000000E+00
  0.000000E+00  8.064600E+01  0.000000E+00  0.000000E+00  0.000000E+00
  7.739018E+01 -7.912793E+03
     19000  1.841163E+00        52
  6.804860E+06  9.998822E+02 -5.688416E+05  1.124573E+05 -6.881198E+05
  0.000000E+00  0.000000E+00  0.000000E+00  0.000000E+00 -5.657395E+05
  0.000000E+00  2.949816E+04 -6.695579E+05  6.854143E+05  0.000000E+00
  0.000000E+00  0.000000E+00  0.000000E+00  5.030029E+05  3.592701E-01
  6.820876E+03  1.364175E+04  9.000000E+01  9.000000E+01  9.000000E+01
  0.000000E+00 -2.440945E+01  7.370600E+06 -2.445336E+01 -1.294546E+00
  1.431392E-01 -1.294546E+00 -2.431012E+01 -1.136108E-01  1.431392E-01
 -1.136108E-01 -2.446489E+01  1.412588E+01  1.333360E+01  1.057142E+01
  1.537094E+01  3.212992E+03  8.062861E+01  0.000000E+00  0.000000E+00
  0.000000E+00  8.062861E+01  0.000000E+00  0.000000E+00  0.000000E+00
  7.737348E+01 -7.764877E+03
     20000  1.938066E+00        52
  6.804738E+06  9.998241E+02 -5.689630E+05  1.127659E+05 -6.885217E+05
  0.000000E+00  0.000000E+00  0.000000E+00  0.000000E+00 -5.658611E+05
  0.000000E+00  2.775966E+04 -6.716338E+05  6.858079E+05  0.000000E+00
  0.000000E+00  0.000000E+00  0.000000E+00  5.026973E+05  1.090225E+00
  6.792779E+03  1.358556E+04  9.000000E+01  9.000000E+01  9.000000E+01
  0.000000E+00 -2.260186E+01  7.370600E+06 -2.226513E+01 -9.153758E-01
 -8.249587E-01 -9.153758E-01 -2.268891E+01  5.228656E-01 -8.249587E-01
  5.228656E-01 -2.285154E+01  1.491537E+01  1.415333E+01  1.128638E+01
  1.615329E+01  3.214208E+03  8.061228E+01  0.000000E+00  0.000000E+00
  0.000000E+00  8.061228E+01  0.000000E+00  0.000000E+00  0.000000E+00
  7.735781E+01 -7.185496E+03
     21000  2.034969E+00        52
  6.804594E+06  1.000000E+03 -5.691083E+05  1.127348E+05 -6.886606E+05
  0.000000E+00  0.000000E+00  0.000000E+00  0.000000E+00 -5.660058E+05
  0.000000E+00  2.771769E+04 -6.718949E+05  6.859776E+05  0.000000E+00
  0.000000E+00  0.000000E+00  0.000000E+00  5.023960E+05  3.320972E-02
  6.817504E+03  1.363501E+04  9.000000E+01  9.000000E+01  9.000000E+01
  0.000000E+00 -2.257025E+01  7.370600E+06 -2.247516E+01  1.055313E-01
 -1.960676E-01  1.055313E-01 -2.238476E+01  1.262583E-01 -1.960676E-01
  1.262583E-01 -2.285083E+01  1.565837E+01  1.508201E+01  1.203027E+01
  1.692770E+01  3.214405E+03  8.059617E+01  0.000000E+00  0.000000E+00
  0.000000E+00  8.059617E+01  0.000000E+00  0.000000E+00  0.000000E+00
  7.734235E+01 -7.171145E+03
     22000  2.131873E+00        52
  6.804438E+06  9.998201E+02 -5.692633E+05  1.127697E+05 -6.887827E+05
  0.000000E+00  0.000000E+00  0.000000E+00  0.000000E+00 -5.661614E+05
  0.000000E+00  2.700293E+04 -6.725977E+05  6.861011E+05  0.000000E+00
  0.000000E+00  0.000000E+00  0.000000E+00  5.021106E+05  3.659240E-01
  6.749775E+03  1.349955E+04  9.000000E+01  9.000000E+01  9.000000E+01
  0.000000E+00 -2.183395E+01  7.370600E+06 -2.153316E+01 -7.361641E-02
  3.350609E-01 -7.361641E-02 -2.202151E+01 -6.339216E-01  3.350609E-01
 -6.339216E-01 -2.194717E+01  1.642475E+01  1.599107E+01  1.285056E+01
  1.775327E+01  3.214789E+03  8.058090E+01  0.000000E+00  0.000000E+00
  0.000000E+00  8.058090E+01  0.000000E+00  0.000000E+00  0.000000E+00
  7.732771E+01 -6.933263E+03
     23000  2.228776E+00        52
  6.804358E+06  9.997497E+02 -5.693435E+05  1.125640E+05 -6.886966E+05
  0.000000E+00  0.000000E+00  0.000000E+00  0.000000E+00 -5.662419E+05
  0.000000E+00  2.792679E+04 -6.716783E+05  6.860270E+05  0.000000E+00
  0.000000E+00  0.000000E+00  0.000000E+00  5.018216E+05  1.093728E+00
  6.789041E+03  1.357808E+04  9.000000E+01  9.000000E+01  9.000000E+01
  0.000000E+00 -2.281733E+01  7.370600E+06 -2.236120E+01 -1.018554E+00
  1.297779E-01 -1.018554E+00 -2.342725E+01 -2.397608E-01  1.297779E-01
 -2.397608E-01 -2.266353E+01  1.729857E+01  1.690862E+01  1.374216E+01
  1.866796E+01  3.215382E+03  8.056544E+01  0.000000E+00  0.000000E+00
  0.000000E+00  8.056544E+01  0.000000E+00  0.000000E+00  0.000000E+00
  7.731287E+01 -7.241360E+03
     24000  2.325679E+00        52
  6.804310E+06  1.000000E+03 -5.693916E+05  1.125638E+05 -6.886787E+05
  0.000000E+00  0.000000E+00  0.000000E+00  0.000000E+00 -5.662892E+05
  0.000000E+00  2.754466E+04 -6.718930E+05  6.859909E+05  0.000000E+00
  0.000000E+00  0.000000E+00  0.000000E+00  5.015198E+05  3.318395E-02
  6.723374E+03  1.344675E+04  9.000000E+01  9.000000E+01  9.000000E+01
  0.000000E+00 -2.242782E+01  7.370600E+06 -2.270584E+01 -8.215317E-01
  1.272565E-01 -8.215317E-01 -2.184021E+01 -9.592666E-01  1.272565E-01
 -9.592666E-01 -2.273743E+01  1.827535E+01  1.787428E+01  1.462497E+01
  1.962899E+01  3.216774E+03  8.054928E+01  0.000000E+00  0.000000E+00
  0.000000E+00  8.054928E+01  0.000000E+00  0.000000E+00  0.000000E+00
  7.729736E+01 -7.113466E+03
     25000  2.422582E+00        52
  6.831916E+06  1.113939E+03 -5.421510E+05  1.125085E+05 -6.885556E+05
  0.000000E+00  0.000000E+00  0.000000E+00  0.000000E+00 -5.386951E+05
  0.000000E+00  8.183315E+04 -6.718400E+05  6.858809E+05  0.000000E+00
  0.000000E+00  0.000000E+00  0.000000E+00  5.013252E+05  2.312913E+02
  3.389614E+04  6.779227E+04  9.000000E+01  9.000000E+01  9.000000E+01
  0.000000E+00 -7.877030E+01  7.370612E+06 -8.498399E+01 -7.274135E+01
  3.491257E+01 -7.274135E+01 -1.005612E+02  5.142343E+01  3.491257E+01
  5.142343E+01 -5.076569E+01  1.928360E+01  1.887919E+01  1.559975E+01
  2.066234E+01  3.218156E+03  8.053886E+01  0.000000E+00  0.000000E+00
  0.000000E+00  8.053886E+01  0.000000E+00  0.000000E+00  0.000000E+00
  7.728736E+01 -2.497399E+04
     26000  2.519486E+00        52
  1.506979E+07  3.070615E+03 -4.965466E+05  9.933911E+04 -6.760322E+05
  0.000000E+00  0.000000E+00  0.000000E+00  0.000000E+00 -4.870209E+05
  0.000000E+00  2.324571E+05 -6.004754E+05  6.726396E+05  0.000000E+00
  0.000000E+00  0.000000E+00  0.000000E+00  5.391320E+05  4.090298E+03
  8.014646E+04  1.602929E+05  9.000000E+01  9.000000E+01  9.000000E+01
  0.000000E+00 -2.086338E+02  1.555681E+07 -2.457042E+02  3.521268E+00
 -3.865936E+01  3.521268E+00 -2.194602E+02 -7.634789E+01 -3.865936E+01
 -7.634789E+01 -1.607370E+02  1.914624E+01  1.871843E+01  1.546438E+01
  2.171406E+01  3.432787E+03  8.251458E+01  0.000000E+00  0.000000E+00
  0.000000E+00  8.251458E+01  0.000000E+00  0.000000E+00  0.000000E+00
  7.918332E+01 -7.113541E+04
     27000  2.616389E+00        52
  3.621660E+07  1.000000E+03 -5.683594E+05  1.011428E+05 -6.751382E+05
  0.000000E+00  0.000000E+00  0.000000E+00  0.000000E+00 -5.652569E+05
  0.000000E+00  7.782944E+04 -6.040949E+05  6.706522E+05  0.000000E+00
  0.000000E+00  0.000000E+00  0.000000E+00  5.861941E+05  2.801495E-02
  5.636058E+03  1.127212E+04  9.000000E+01  9.000000E+01  9.000000E+01
  0.000000E+00 -6.440165E+01  3.678185E+07 -6.829810E+01 -2.649802E+00
 -2.144403E+00 -2.649802E+00 -6.286070E+01  5.552082E+00 -2.144403E+00
  5.552082E+00 -6.204614E+01  1.916997E+01  1.875788E+01  1.548683E+01
  2.200536E+01  3.795318E+03  8.484889E+01  0.000000E+00  0.000000E+00
  0.000000E+00  8.484889E+01  0.000000E+00  0.000000E+00  0.000000E+00
  8.142339E+01 -2.387506E+04
     28000  2.713292E+00        52
  3.664866E+07  1.057041E+03 -5.468097E+05  7.487237E+04 -6.409857E+05
  0.000000E+00  0.000000E+00  0.000000E+00  0.000000E+00 -5.435302E+05
  0.000000E+00  2.133540E+05 -4.566817E+05  6.314285E+05  0.000000E+00
  0.000000E+00  0.000000E+00  0.000000E+00  7.516443E+05  1.083411E+02
  1.930362E+04  3.860723E+04  9.000000E+01  9.000000E+01  9.000000E+01
  0.000000E+00 -1.450114E+02  3.719219E+07 -1.445608E+02 -8.812977E+00
  7.896773E+00 -8.812977E+00 -1.513752E+02  7.169564E+00  7.896773E+00
  7.169564E+00 -1.390982E+02  1.922302E+01  1.882423E+01  1.551631E+01
  2.258558E+01  4.938903E+03  9.217995E+01  0.000000E+00  0.000000E+00
  0.000000E+00  9.217995E+01  0.000000E+00  0.000000E+00  0.000000E+00
  8.845848E+01 -6.893195E+04
     29000  2.810196E+00        52
  1.614281E+08  1.012859E+03 -5.637556E+05  1.047285E+05 -6.747288E+05
  0.000000E+00  0.000000E+00  0.000000E+00  0.000000E+00 -5.606131E+05
  0.000000E+00  5.752428E+04 -6.193615E+05  6.643964E+05  0.000000E+00
  0.000000E+00  0.000000E+00  0.000000E+00  7.496824E+05  2.220434E+01
  6.244713E+03  1.248943E+04  9.000000E+01  9.000000E+01  9.000000E+01
  0.000000E+00 -3.602521E+01  1.619887E+08 -3.578449E+01 -4.070738E-01
  9.760326E-02 -4.070738E-01 -3.477170E+01  4.302447E-01  9.760326E-02
  4.302447E-01 -3.751945E+01  1.983945E+01  1.944610E+01  1.596695E+01
  2.398398E+01  4.956299E+03  9.209968E+01  0.000000E+00  0.000000E+00
  0.000000E+00  9.209968E+01  0.000000E+00  0.000000E+00  0.000000E+00
  8.838145E+01 -1.708008E+04
     30000  2.907099E+00        52
  1.804417E+08  1.000000E+03 -5.644298E+05  1.005271E+05 -6.712027E+05
  0.000000E+00  0.000000E+00  0.000000E+00  0.000000E+00 -5.613271E+05
  0.000000E+00  7.543546E+04 -5.956641E+05  6.586078E+05  0.000000E+00
  0.000000E+00  0.000000E+00  0.000000E+00  8.050626E+05  3.315132E-02
  6.245888E+03  1.249178E+04  9.000000E+01  9.000000E+01  9.000000E+01
  0.000000E+00 -4.532574E+01  1.810030E+08 -4.750046E+01 -1.915829E-01
  1.786088E+00 -1.915829E-01 -4.783213E+01 -2.749961E-01  1.786088E+00
 -2.749961E-01 -4.064464E+01  2.025098E+01  2.000104E+01  1.625323E+01
  2.508002E+01  5.267945E+03  9.431386E+01  0.000000E+00  0.000000E+00
  0.000000E+00  9.431386E+01  0.000000E+00  0.000000E+00  0.000000E+00
  9.050624E+01 -2.307707E+04
     31000  3.004002E+00        52
  1.804488E+08  1.037212E+03 -5.574422E+05  1.079120E+05 -6.797538E+05
  0.000000E+00  0.000000E+00  0.000000E+00  0.000000E+00 -5.542241E+05
  0.000000E+00  5.696355E+04 -6.386089E+05  6.667730E+05  0.000000E+00
  0.000000E+00  0.000000E+00  0.000000E+00  8.041400E+05  7.398737E+01
  1.439971E+04  2.879942E+04  9.000000E+01  9.000000E+01  9.000000E+01
  0.000000E+00 -3.311897E+01  1.810030E+08 -3.110868E+01 -6.821654E+00
 -1.376618E+01 -6.821654E+00 -3.279447E+01 -1.527206E+01 -1.376618E+01
 -1.527206E+01 -3.545375E+01  2.077663E+01  2.041301E+01  1.667860E+01
  2.752064E+01  5.306759E+03  9.427782E+01  0.000000E+00  0.000000E+00
  0.000000E+00  9.427782E+01  0.000000E+00  0.000000E+00  0.000000E+00
  9.047166E+01 -1.684281E+04
     32000  3.100906E+00        52
  1.804412E+08  1.028616E+03 -5.651158E+05  1.064629E+05 -6.790795E+05
  0.000000E+00  0.000000E+00  0.000000E+00  0.000000E+00 -5.619244E+05
  0.000000E+00  4.985853E+04 -6.312857E+05  6.661425E+05  0.000000E+00
  0.000000E+00  0.000000E+00  0.000000E+00  8.041644E+05  5.514994E+01
  7.500829E+03  1.500166E+04  9.000000E+01  9.000000E+01  9.000000E+01
  0.000000E+00 -2.849605E+01  1.810031E+08 -2.984811E+01 -6.773187E-01
 -3.800388E-01 -6.773187E-01 -2.193914E+01 -4.062709E+00 -3.800388E-01
 -4.062709E+00 -3.370090E+01  2.094655E+01  2.060073E+01  1.675993E+01
  2.987129E+01  5.318106E+03  9.427878E+01  0.000000E+00  0.000000E+00
  0.000000E+00  9.427878E+01  0.000000E+00  0.000000E+00  0.000000E+00
  9.047258E+01 -1.449224E+04
     33000  3.197809E+00        52
  1.804394E+08  1.000000E+03 -5.667722E+05  1.085269E+05 -6.816694E+05
  0.000000E+00  0.000000E+00  0.000000E+00  0.000000E+00 -5.636696E+05
  0.000000E+00  3.792440E+04 -6.434617E+05  6.686455E+05  0.000000E+00
  0.000000E+00  0.000000E+00  0.000000E+00  8.034117E+05  2.188337E-02
  6.370289E+03  1.274058E+04  9.000000E+01  9.000000E+01  9.000000E+01
  0.000000E+00 -2.080988E+01  1.810031E+08 -2.054813E+01  3.378349E+00
 -2.142169E+00  3.378349E+00 -1.871265E+01 -2.701935E+00 -2.142169E+00
 -2.701935E+00 -2.316887E+01  2.116996E+01  2.081007E+01  1.696978E+01
  3.262606E+01  5.322983E+03  9.424935E+01  0.000000E+00  0.000000E+00
  0.000000E+00  9.424935E+01  0.000000E+00  0.000000E+00  0.000000E+00
  9.044434E+01 -1.057338E+04
     34000  3.294712E+00        52
  1.805495E+08  1.000566E+03 -5.640985E+05  1.047680E+05 -6.742954E+05
  0.000000E+00  0.000000E+00  0.000000E+00  0.000000E+00 -5.609940E+05
  0.000000E+00  4.292819E+04 -6.206105E+05  6.526808E+05  0.000000E+00
  0.000000E+00  0.000000E+00  0.000000E+00  9.697027E+05  2.370160E-01
  5.428945E+03  1.085789E+04  9.000000E+01  9.000000E+01  9.000000E+01
  0.000000E+00 -1.995913E+01  1.811105E+08 -1.849718E+01 -6.782636E-01
  2.181894E+00 -6.782636E-01 -2.026483E+01 -5.330832E-01  2.181894E+00
 -5.330832E-01 -2.111540E+01  2.190653E+01  2.144365E+01  1.765894E+01
  3.435020E+01  6.146380E+03  1.003487E+02  0.000000E+00  0.000000E+00
  0.000000E+00  1.003487E+02  0.000000E+00  0.000000E+00  0.000000E+00
  9.629747E+01 -1.224014E+04
     35000  3.391615E+00        52
  1.805482E+08  1.000776E+03 -5.654719E+05  1.103711E+05 -6.823951E+05
  0.000000E+00  0.000000E+00  0.000000E+00  0.000000E+00 -5.623668E+05
  0.000000E+00  2.156191E+04 -6.519559E+05  6.604137E+05  0.000000E+00
  0.000000E+00  0.000000E+00  0.000000E+00  9.691096E+05  1.269618E+00
  6.552066E+03  1.310413E+04  9.000000E+01  9.000000E+01  9.000000E+01
  0.000000E+00 -8.350036E+00  1.811105E+08 -7.139357E+00  1.605567E-02
  1.227726E+00  1.605567E-02 -8.392885E+00 -4.830489E-01  1.227726E+00
 -4.830489E-01 -9.517866E+00  2.326529E+01  2.296368E+01  1.889214E+01
  3.850569E+01  6.149934E+03  1.003283E+02  0.000000E+00  0.000000E+00
  0.000000E+00  1.003283E+02  0.000000E+00  0.000000E+00  0.000000E+00
  9.627783E+01 -5.117611E+03
     36000  3.488519E+00        52
  6.231246E+08  1.000000E+03 -5.656598E+05  1.097909E+05 -6.816657E+05
  0.000000E+00  0.000000E+00  0.000000E+00  0.000000E+00 -5.625570E+05
  0.000000E+00  2.221075E+04 -6.481081E+05  6.578889E+05  0.000000E+00
  0.000000E+00  0.000000E+00  0.000000E+00  9.996838E+05  4.994241E-02
  6.214960E+03  1.242992E+04  9.000000E+01  9.000000E+01  9.000000E+01
  0.000000E+00 -8.439297E+00  6.236872E+08 -9.115353E+00  2.282174E+00
  4.077023E-01  2.282174E+00 -3.516654E+00  4.079173E-01  4.077023E-01
  4.079173E-01 -1.268588E+01  2.374784E+01  2.328028E+01  1.923817E+01
  3.981082E+01  6.268283E+03  1.013724E+02  0.000000E+00  0.000000E+00
  0.000000E+00  1.013724E+02  0.000000E+00  0.000000E+00  0.000000E+00
  9.727985E+01 -5.335498E+03
     37000  3.585422E+00        52
  6.231236E+08  1.000719E+03 -5.666902E+05  1.097125E+05 -6.828350E+05
  0.000000E+00  0.000000E+00  0.000000E+00  0.000000E+00 -5.635852E+05
  0.000000E+00  2.229086E+04 -6.492569E+05  6.586832E+05  0.000000E+00
  0.000000E+00  0.000000E+00  0.000000E+00  9.994074E+05  8.672799E-01
  6.432291E+03  1.286458E+04  9.000000E+01  9.000000E+01  9.000000E+01
  0.000000E+00 -8.481526E+00  6.236872E+08 -1.058701E+01 -8.337160E-01
 -3.029066E-01 -8.337160E-01 -3.939317E+00  4.229135E+00 -3.029066E-01
  4.229135E+00 -1.091825E+01  2.404858E+01  2.354785E+01  1.952651E+01
  4.268261E+01  6.285201E+03  1.013631E+02  0.000000E+00  0.000000E+00
  0.000000E+00  1.013631E+02  0.000000E+00  0.000000E+00  0.000000E+00
  9.727088E+01 -5.360713E+03
     38000  3.682325E+00        52
  6.231232E+08  9.995089E+02 -5.671215E+05  1.096958E+05 -6.832776E+05
  0.000000E+00  0.000000E+00  0.000000E+00  0.000000E+00 -5.640203E+05
  0.000000E+00  2.224034E+04 -6.496807E+05  6.590004E+05  0.000000E+00
  0.000000E+00  0.000000E+00  0.000000E+00  9.989764E+05  1.063611E+00
  6.460307E+03  1.292061E+04  9.000000E+01  9.000000E+01  9.000000E+01
  0.000000E+00 -8.462492E+00  6.236872E+08 -1.052092E+01  3.939790E-01
  3.950942E-01  3.939790E-01 -4.643937E+00  3.405601E+00  3.950942E-01
  3.405601E+00 -1.022261E+01  2.428525E+01  2.377257E+01  1.971423E+01
  4.359661E+01  6.279340E+03  1.013485E+02  0.000000E+00  0.000000E+00
  0.000000E+00  1.013485E+02  0.000000E+00  0.000000E+00  0.000000E+00
  9.725690E+01 -5.346376E+03
     39000  3.779229E+00        52
  6.231229E+08  1.000000E+03 -5.674217E+05  1.112283E+05 -6.853040E+05
  0.000000E+00  0.000000E+00  0.000000E+00  0.000000E+00 -5.643189E+05
  0.000000E+00  1.546934E+04 -6.585592E+05  6.607204E+05  0.000000E+00
  0.000000E+00  0.000000E+00  0.000000E+00  9.986587E+05  2.548349E-02
  6.654100E+03  1.330820E+04  9.000000E+01  9.000000E+01  9.000000E+01
  0.000000E+00 -4.889957E+00  6.236872E+08 -6.085255E+00  9.030724E-01
  6.089279E-01  9.030724E-01 -1.497797E+00 -3.973988E-01  6.089279E-01
 -3.973988E-01 -7.086818E+00  2.484467E+01  2.433616E+01  2.023599E+01
  4.823811E+01  6.279425E+03  1.013378E+02  0.000000E+00  0.000000E+00
  0.000000E+00  1.013378E+02  0.000000E+00  0.000000E+00  0.000000E+00
  9.724659E+01 -3.088362E+03
     40000  3.876132E+00        52
  6.231376E+08  1.000429E+03 -5.655778E+05  9.851921E+04 -6.698416E+05
  0.000000E+00  0.000000E+00  0.000000E+00  0.000000E+00 -5.624736E+05
  0.000000E+00  5.947695E+04 -5.859653E+05  6.339531E+05  0.000000E+00
  0.000000E+00  0.000000E+00  0.000000E+00  1.192300E+06  4.558292E-01
  5.744598E+03  1.148920E+04  9.000000E+01  9.000000E+01  9.000000E+01
  0.000000E+00 -2.354887E+01  6.237001E+08 -2.273772E+01 -3.407495E-01
 -2.253984E+00 -3.407495E-01 -2.296828E+01 -8.179765E-01 -2.253984E+00
 -8.179765E-01 -2.494061E+01  2.529976E+01  2.465059E+01  2.059640E+01
  4.968451E+01  6.922666E+03  1.075047E+02  0.000000E+00  0.000000E+00
  0.000000E+00  1.075047E+02  0.000000E+00  0.000000E+00  0.000000E+00
  1.031646E+02 -1.775668E+04
     41000  3.973035E+00        52
  6.238210E+08  1.001307E+03 -5.648195E+05  9.947077E+04 -6.696826E+05
  0.000000E+00  0.000000E+00  0.000000E+00  0.000000E+00 -5.617125E+05
  0.000000E+00  4.502050E+04 -5.894750E+05  6.237108E+05  0.000000E+00
  0.000000E+00  0.000000E+00  0.000000E+00  1.341321E+06  2.898941E+00
  5.392366E+03  1.078473E+04  9.000000E+01  9.000000E+01  9.000000E+01
  0.000000E+00 -1.524975E+01  6.243827E+08 -1.478179E+01 -9.367286E-01
  1.899232E+00 -9.367286E-01 -1.368749E+01 -9.680103E-01  1.899232E+00
 -9.680103E-01 -1.727996E+01  2.603113E+01  2.530179E+01  2.127995E+01
  5.151873E+01  7.771152E+03  1.118090E+02  0.000000E+00  0.000000E+00
  0.000000E+00  1.118090E+02  0.000000E+00  0.000000E+00  0.000000E+00
  1.072950E+02 -1.293605E+04
     42000  4.069939E+00        52
  6.238950E+08  1.000000E+03 -5.621107E+05  1.015870E+05 -6.732888E+05
  0.000000E+00  0.000000E+00  0.000000E+00  0.000000E+00 -5.590077E+05
  0.000000E+00  3.992435E+04 -6.012827E+05  6.220247E+05  0.000000E+00
  0.000000E+00  0.000000E+00  0.000000E+00  1.403124E+06  2.379227E-02
  9.591161E+03  1.918232E+04  9.000000E+01  9.000000E+01  9.000000E+01
  0.000000E+00 -1.266676E+01  6.244541E+08 -8.543812E+00 -1.490611E+00
 -3.203108E+00 -1.490611E+00 -1.453159E+01  5.534226E+00 -3.203108E+00
  5.534226E+00 -1.492487E+01  2.680451E+01  2.606447E+01  2.195951E+01
  5.373651E+01  8.263415E+03  1.135005E+02  0.000000E+00  0.000000E+00
  0.000000E+00  1.135005E+02  0.000000E+00  0.000000E+00  0.000000E+00
  1.089183E+02 -1.124003E+04
     43000  4.166842E+00        52
  6.238901E+08  1.000693E+03 -5.670734E+05  1.068865E+05 -6.802788E+05
  0.000000E+00  0.000000E+00  0.000000E+00  0.000000E+00 -5.639682E+05
  0.000000E+00  8.458434E+03 -6.318413E+05  6.276620E+05  0.000000E+00
  0.000000E+00  0.000000E+00  0.000000E+00  1.402519E+06  2.968256E-01
  6.318836E+03  1.263767E+04  9.000000E+01  9.000000E+01  9.000000E+01
  0.000000E+00 -8.455178E-01  6.244541E+08  1.388565E+00 -7.932918E-01
 -6.454703E-01 -7.932918E-01 -8.281242E-01  5.614857E-01 -6.454703E-01
  5.614857E-01 -3.096994E+00  2.753204E+01  2.680957E+01  2.267680E+01
  5.670360E+01  8.272046E+03  1.134842E+02  0.000000E+00  0.000000E+00
  0.000000E+00  1.134842E+02  0.000000E+00  0.000000E+00  0.000000E+00
  1.089026E+02 -7.499588E+02
     44000  4.263745E+00        52
  6.238891E+08  1.000593E+03 -5.681080E+05  1.091444E+05 -6.838766E+05
  0.000000E+00  0.000000E+00  0.000000E+00  0.000000E+00 -5.650032E+05
  0.000000E+00 -1.669502E+03 -6.450483E+05  6.301306E+05  0.000000E+00
  0.000000E+00  0.000000E+00  0.000000E+00  1.402683E+06  2.992265E-01
  6.624142E+03  1.324828E+04  9.000000E+01  9.000000E+01  9.000000E+01
  0.000000E+00  2.960045E+00  6.244541E+08  3.631178E+00  1.749408E+00
  6.248696E-01  1.749408E+00  4.889009E+00  1.132983E+00  6.248696E-01
  1.132983E+00  3.599480E-01  2.834448E+01  2.763281E+01  2.342181E+01
  6.164417E+01  8.280381E+03  1.134886E+02  0.000000E+00  0.000000E+00
  0.000000E+00  1.134886E+02  0.000000E+00  0.000000E+00  0.000000E+00
  1.089068E+02  2.625813E+03
     45000  4.360648E+00        52
  6.238883E+08  1.000000E+03 -5.688712E+05  1.105913E+05 -6.863763E+05
  0.000000E+00  0.000000E+00  0.000000E+00  0.000000E+00 -5.657681E+05
  0.000000E+00 -8.739362E+03 -6.540973E+05  6.315302E+05  0.000000E+00
  0.000000E+00  0.000000E+00  0.000000E+00  1.403096E+06  2.325570E-02
  6.913853E+03  1.382771E+04  9.000000E+01  9.000000E+01  9.000000E+01
  0.000000E+00  5.613598E+00  6.244541E+08  4.153118E+00 -4.939170E-01
  1.690623E-01 -4.939170E-01  8.964659E+00 -2.581910E+00  1.690623E-01
 -2.581910E+00  3.723016E+00  2.941211E+01  2.867883E+01  2.440367E+01
  6.859033E+01  8.288910E+03  1.134997E+02  0.000000E+00  0.000000E+00
  0.000000E+00  1.134997E+02  0.000000E+00  0.000000E+00  0.000000E+00
  1.089175E+02  4.981207E+03
     46000  4.457552E+00        52
  6.238876E+08  1.000045E+03 -5.695844E+05  1.112586E+05 -6.878392E+05
  0.000000E+00  0.000000E+00  0.000000E+00  0.000000E+00 -5.664812E+05
  0.000000E+00 -1.233009E+04 -6.585391E+05  6.322166E+05  0.000000E+00
  0.000000E+00  0.000000E+00  0.000000E+00  1.403742E+06  1.842204E-01
  6.996202E+03  1.399240E+04  9.000000E+01  9.000000E+01  9.000000E+01
  0.000000E+00  6.959358E+00  6.244541E+08  5.777643E+00 -1.154865E-01
 -3.860164E-02 -1.154865E-01  1.006160E+01 -2.157848E+00 -3.860164E-02
 -2.157848E+00  5.038834E+00  3.012287E+01  2.934664E+01  2.501095E+01
  7.172229E+01  8.291711E+03  1.135171E+02  0.000000E+00  0.000000E+00
  0.000000E+00  1.135171E+02  0.000000E+00  0.000000E+00  0.000000E+00
  1.089343E+02  6.178210E+03
     47000  4.554455E+00        52
  6.238872E+08  1.001141E+03 -5.699217E+05  1.117704E+05 -6.888439E+05
  0.000000E+00  0.000000E+00  0.000000E+00  0.000000E+00 -5.668151E+05
  0.000000E+00 -1.549745E+04 -6.622414E+05  6.324401E+05  0.000000E+00
  0.000000E+00  0.000000E+00  0.000000E+00  1.404513E+06  2.182430E+00
  7.151923E+03  1.430385E+04  9.000000E+01  9.000000E+01  9.000000E+01
  0.000000E+00  8.146716E+00  6.244541E+08  7.675348E+00 -7.349984E-01
  4.266669E-02 -7.349984E-01  1.089088E+01 -6.046162E-01  4.266669E-02
 -6.046162E-01  5.873921E+00  3.131852E+01  3.047451E+01  2.605879E+01
  7.909082E+01  8.298531E+03  1.135379E+02  0.000000E+00  0.000000E+00
  0.000000E+00  1.135379E+02  0.000000E+00  0.000000E+00  0.000000E+00
  1.089542E+02  7.236264E+03
     48000  4.651358E+00        52
  6.238869E+08  1.000000E+03 -5.702705E+05  1.124670E+05 -6.899823E+05
  0.000000E+00  0.000000E+00  0.000000E+00  0.000000E+00 -5.671675E+05
  0.000000E+00 -1.889172E+04 -6.667326E+05  6.333512E+05  0.000000E+00
  0.000000E+00  0.000000E+00  0.000000E+00  1.405397E+06  2.962595E-02
  7.244871E+03  1.448974E+04  9.000000E+01  9.000000E+01  9.000000E+01
  0.000000E+00  9.411909E+00  6.244541E+08  1.117070E+01 -8.233865E-02
  1.046537E-01 -8.233865E-02  1.060639E+01  1.656087E-01  1.046537E-01
  1.656087E-01  6.458642E+00  3.296103E+01  3.197799E+01  2.738860E+01
  8.800344E+01  8.306875E+03  1.135617E+02  0.000000E+00  0.000000E+00
  0.000000E+00  1.135617E+02  0.000000E+00  0.000000E+00  0.000000E+00
  1.089770E+02  8.365326E+03
     49000  4.748262E+00        52
  6.238868E+08  1.001947E+03 -5.703541E+05  1.126819E+05 -6.908112E+05
  0.000000E+00  0.000000E+00  0.000000E+00  0.000000E+00 -5.672451E+05
  0.000000E+00 -1.962317E+04 -6.686361E+05  6.334626E+05  0.000000E+00
  0.000000E+00  0.000000E+00  0.000000E+00  1.406725E+06  1.302087E+01
  7.775199E+03  1.555040E+04  9.000000E+01  9.000000E+01  9.000000E+01
  0.000000E+00  9.681615E+00  6.244541E+08  9.260827E+00 -6.710846E-01
 -1.592699E-02 -6.710846E-01  1.200413E+01  1.971227E+00 -1.592699E-02
  1.971227E+00  7.779885E+00  3.341916E+01  3.240643E+01  2.779275E+01
  9.202585E+01  8.314264E+03  1.135975E+02  0.000000E+00  0.000000E+00
  0.000000E+00  1.135975E+02  0.000000E+00  0.000000E+00  0.000000E+00
  1.090113E+02  8.613168E+03
     50000  4.845165E+00        52
  6.238864E+08  1.001876E+03 -5.707442E+05  1.125200E+05 -6.908146E+05
  0.000000E+00  0.000000E+00  0.000000E+00  0.000000E+00 -5.676354E+05
  0.000000E+00 -2.025003E+04 -6.681208E+05  6.327700E+05  0.000000E+00
  0.000000E+00  0.000000E+00  0.000000E+00  1.407758E+06  1.107552E+01
  7.550387E+03  1.510077E+04  9.000000E+01  9.000000E+01  9.000000E+01
  0.000000E+00  9.909047E+00  6.244541E+08  9.535302E+00  3.617002E-01
  2.423058E-01  3.617002E-01  1.140061E+01  1.047145E+00  2.423058E-01
  1.047145E+00  8.791230E+00  3.369515E+01  3.251475E+01  2.791715E+01
  9.679647E+01  8.320889E+03  1.136253E+02  0.000000E+00  0.000000E+00
  0.000000E+00  1.136253E+02  0.000000E+00  0.000000E+00  0.000000E+00
  1.090380E+02  8.821978E+03
     51000  4.942068E+00        52
  6.239244E+08  1.000000E+03 -5.714728E+05  1.119039E+05 -6.904774E+05
  0.000000E+00  0.000000E+00  0.000000E+00  0.000000E+00 -5.683698E+05
  0.000000E+00 -2.227555E+04 -6.655148E+05  6.290378E+05  0.000000E+00
  0.000000E+00  0.000000E+00  0.000000E+00  1.449762E+06  2.941622E-02
  7.100721E+03  1.420144E+04  9.000000E+01  9.000000E+01  9.000000E+01
  0.000000E+00  1.035412E+01  6.244928E+08  9.398477E+00 -1.223559E-01
  7.300505E-02 -1.223559E-01  1.039051E+01 -2.467323E+00  7.300505E-02
 -2.467323E+00  1.127336E+01  3.407188E+01  3.279446E+01  2.823159E+01
  9.948144E+01  8.567740E+03  1.147443E+02  0.000000E+00  0.000000E+00
  0.000000E+00  1.147443E+02  0.000000E+00  0.000000E+00  0.000000E+00
  1.101119E+02  9.493270E+03
     52000  5.038972E+00        52
  6.239241E+08  1.000110E+03 -5.718155E+05  1.118598E+05 -6.907555E+05
  0.000000E+00  0.000000E+00  0.000000E+00  0.000000E+00 -5.687121E+05
  0.000000E+00 -2.266331E+04 -6.656239E+05  6.288002E+05  0.000000E+00
  0.000000E+00  0.000000E+00  0.000000E+00  1.451463E+06  6.764240E-02
  7.080210E+03  1.416042E+04  9.000000E+01  9.000000E+01  9.000000E+01
  0.000000E+00  1.048304E+01  6.244928E+08  9.486823E+00  1.265178E-01
  1.218709E+00  1.265178E-01  9.877024E+00  1.513386E+00  1.218709E+00
  1.513386E+00  1.208529E+01  3.441226E+01  3.307525E+01  2.846215E+01
  1.030883E+02  8.597951E+03  1.147892E+02  0.000000E+00  0.000000E+00
  0.000000E+00  1.147892E+02  0.000000E+00  0.000000E+00  0.000000E+00
  1.101549E+02  9.622753E+03
     53000  5.135875E+00        52
  6.239240E+08  9.996265E+02 -5.719926E+05  1.112089E+05 -6.902107E+05
  0.000000E+00  0.000000E+00  0.000000E+00  0.000000E+00 -5.688907E+05
  0.000000E+00 -2.004779E+04 -6.619941E+05  6.279280E+05  0.000000E+00
  0.000000E+00  0.000000E+00  0.000000E+00  1.452475E+06  7.532375E-01
  7.009175E+03  1.401835E+04  9.000000E+01  9.000000E+01  9.000000E+01
  0.000000E+00  9.525525E+00  6.244928E+08  8.875233E+00  4.832697E-01
  1.517432E+00  4.832697E-01  9.290607E+00  1.615411E+00  1.517432E+00
  1.615411E+00  1.041074E+01  3.482217E+01  3.335998E+01  2.873097E+01
  1.085605E+02  8.613645E+03  1.148159E+02  0.000000E+00  0.000000E+00
  0.000000E+00  1.148159E+02  0.000000E+00  0.000000E+00  0.000000E+00
  1.101805E+02  8.749911E+03
     54000  5.232778E+00        52
  6.239239E+08  1.000000E+03 -5.720569E+05  1.118280E+05 -6.910677E+05
  0.000000E+00  0.000000E+00  0.000000E+00  0.000000E+00 -5.689538E+05
  0.000000E+00 -2.359863E+04 -6.662680E+05  6.283037E+05  0.000000E+00
  0.000000E+00  0.000000E+00  0.000000E+00  1.453628E+06  2.886414E-02
  7.182811E+03  1.436562E+04  9.000000E+01  9.000000E+01  9.000000E+01
  0.000000E+00  1.080632E+01  6.244928E+08  1.033101E+01  2.796930E-01
  4.023581E-01  2.796930E-01  1.192858E+01 -1.038126E+00  4.023581E-01
 -1.038126E+00  1.015936E+01  3.599752E+01  3.415134E+01  2.945458E+01
  1.166940E+02  8.628855E+03  1.148462E+02  0.000000E+00  0.000000E+00
  0.000000E+00  1.148462E+02  0.000000E+00  0.000000E+00  0.000000E+00
  1.102097E+02  9.934297E+03
     55000  5.329681E+00        52
  6.239573E+08  1.001049E+03 -5.717949E+05  9.645507E+04 -6.745507E+05
  0.000000E+00  0.000000E+00  0.000000E+00  0.000000E+00 -5.686884E+05
  0.000000E+00  2.853051E+04 -5.734660E+05  5.893952E+05  0.000000E+00
  0.000000E+00  0.000000E+00  0.000000E+00  1.804712E+06  8.101542E-01
  6.300644E+03  1.260129E+04  9.000000E+01  9.000000E+01  9.000000E+01
  0.000000E+00 -6.518593E+00  6.245260E+08 -5.825391E+00 -4.150998E-01
 -9.921209E-01 -4.150998E-01 -5.941705E+00 -5.228596E-02 -9.921209E-01
 -5.228596E-02 -7.788682E+00  3.711595E+01  3.467766E+01  2.993466E+01
  1.210004E+02  1.035382E+04  1.234341E+02  0.000000E+00  0.000000E+00
  0.000000E+00  1.234341E+02  0.000000E+00  0.000000E+00  0.000000E+00
  1.184508E+02 -7.439913E+03
     56000  5.426585E+00        52
  6.239560E+08  1.001196E+03 -5.731255E+05  1.076539E+05 -6.876197E+05
  0.000000E+00  0.000000E+00  0.000000E+00  0.000000E+00 -5.700186E+05
  0.000000E+00 -2.743495E+04 -6.425797E+05  6.014643E+05  0.000000E+00
  0.000000E+00  0.000000E+00  0.000000E+00  1.805743E+06  1.989256E+00
  6.840261E+03  1.368052E+04  9.000000E+01  9.000000E+01  9.000000E+01
  0.000000E+00  9.821062E+00  6.245260E+08  1.048474E+01 -7.710329E-02
 -6.409700E-01 -7.710329E-02  1.003924E+01 -2.362397E-01 -6.409700E-01
 -2.362397E-01  8.939204E+00  3.840237E+01  3.620762E+01  3.145092E+01
  1.244487E+02  1.043325E+04  1.234575E+02  0.000000E+00  0.000000E+00
  0.000000E+00  1.234575E+02  0.000000E+00  0.000000E+00  0.000000E+00
  1.184733E+02  1.121554E+04
     57000  5.523488E+00        52
  6.239553E+08  1.000000E+03 -5.737694E+05  1.081259E+05 -6.889938E+05
  0.000000E+00  0.000000E+00  0.000000E+00  0.000000E+00 -5.706661E+05
  0.000000E+00 -2.838817E+04 -6.446739E+05  6.020885E+05  0.000000E+00
  0.000000E+00  0.000000E+00  0.000000E+00  1.807335E+06  3.298298E-02
  7.098583E+03  1.419717E+04  9.000000E+01  9.000000E+01  9.000000E+01
  0.000000E+00  1.008823E+01  6.245260E+08  1.080777E+01  1.149201E-01
 -4.642867E-01  1.149201E-01  1.039288E+01 -2.926008E-01 -4.642867E-01
 -2.926008E-01  9.064054E+00  3.977950E+01  3.752789E+01  3.264742E+01
  1.300226E+02  1.050949E+04  1.234938E+02  0.000000E+00  0.000000E+00
  0.000000E+00  1.234938E+02  0.000000E+00  0.000000E+00  0.000000E+00
  1.185081E+02  1.153081E+04
     58000  5.620391E+00        52
  6.239545E+08  1.000372E+03 -5.746698E+05  1.082297E+05 -6.898593E+05
  0.000000E+00  0.000000E+00  0.000000E+00  0.000000E+00 -5.715654E+05
  0.000000E+00 -3.029346E+04 -6.459720E+05  6.017590E+05  0.000000E+00
  0.000000E+00  0.000000E+00  0.000000E+00  1.810160E+06  8.537467E-02
  6.959778E+03  1.391956E+04  9.000000E+01  9.000000E+01  9.000000E+01
  0.000000E+00  1.062794E+01  6.245261E+08  9.572625E+00 -4.191550E-01
  9.046713E-01 -4.191550E-01  9.558875E+00 -5.580045E-01  9.046713E-01
 -5.580045E-01  1.275231E+01  4.047240E+01  3.820531E+01  3.328744E+01
  1.333457E+02  1.054005E+04  1.235581E+02  0.000000E+00  0.000000E+00
  0.000000E+00  1.235581E+02  0.000000E+00  0.000000E+00  0.000000E+00
  1.185699E+02  1.216667E+04
     59000  5.717295E+00        52
  6.239540E+08  9.973986E+02 -5.751600E+05  1.084644E+05 -6.906080E+05
  0.000000E+00  0.000000E+00  0.000000E+00  0.000000E+00 -5.720648E+05
  0.000000E+00 -3.292769E+04 -6.480291E+05  6.011341E+05  0.000000E+00
  0.000000E+00  0.000000E+00  0.000000E+00  1.812016E+06  3.074355E+00
  6.983651E+03  1.396730E+04  9.000000E+01  9.000000E+01  9.000000E+01
  0.000000E+00  1.137792E+01  6.245261E+08  1.157166E+01 -3.930571E-01
  3.601881E-01 -3.930571E-01  1.165525E+01 -1.417168E+00  3.601881E-01
 -1.417168E+00  1.090686E+01  4.050786E+01  3.819237E+01  3.328046E+01
  1.351335E+02  1.054270E+04  1.236003E+02  0.000000E+00  0.000000E+00
  0.000000E+00  1.236003E+02  0.000000E+00  0.000000E+00  0.000000E+00
  1.186104E+02  1.303860E+04
     60000  5.814198E+00        52
  6.239537E+08  1.000000E+03 -5.754944E+05  1.078887E+05 -6.903312E+05
  0.000000E+00  0.000000E+00  0.000000E+00  0.000000E+00 -5.723911E+05
  0.000000E+00 -3.130703E+04 -6.450933E+05  5.998900E+05  0.000000E+00
  0.000000E+00  0.000000E+00  0.000000E+00  1.813903E+06  1.980581E-02
  6.948135E+03  1.389627E+04  9.000000E+01  9.000000E+01  9.000000E+01
  0.000000E+00  1.089985E+01  6.245261E+08  1.237731E+01 -1.207903E+00
  2.073829E+00 -1.207903E+00  1.045113E+01 -7.569773E-01  2.073829E+00
 -7.569773E-01  9.871117E+00  4.072577E+01  3.822922E+01  3.337755E+01
  1.393724E+02  1.054921E+04  1.236432E+02  0.000000E+00  0.000000E+00
  0.000000E+00  1.236432E+02  0.000000E+00  0.000000E+00  0.000000E+00
  1.186515E+02  1.250376E+04
     61000  5.911101E+00        52
  6.239538E+08  9.998704E+02 -5.757458E+05  1.079975E+05 -6.906721E+05
  0.000000E+00  0.000000E+00  0.000000E+00  0.000000E+00 -5.726429E+05
  0.000000E+00 -3.278833E+04 -6.459276E+05  5.992817E+05  0.000000E+00
  0.000000E+00  0.000000E+00  0.000000E+00  1.824175E+06  1.829519E-01
  6.928813E+03  1.385763E+04  9.000000E+01  9.000000E+01  9.000000E+01
  0.000000E+00  1.126625E+01  6.245264E+08  1.021776E+01 -3.754972E-01
 -3.707782E-01 -3.754972E-01  1.040670E+01  8.805124E-01 -3.707782E-01
  8.805124E-01  1.317428E+01  4.089818E+01  3.837700E+01  3.354688E+01
  1.417543E+02  1.056983E+04  1.238762E+02  0.000000E+00  0.000000E+00
  0.000000E+00  1.238762E+02  0.000000E+00  0.000000E+00  0.000000E+00
  1.188751E+02  1.299726E+04
     62000  6.008005E+00        52
  6.239536E+08  9.998413E+02 -5.759446E+05  1.079322E+05 -6.908431E+05
  0.000000E+00  0.000000E+00  0.000000E+00  0.000000E+00 -5.728418E+05
  0.000000E+00 -3.324100E+04 -6.458294E+05  5.986558E+05  0.000000E+00
  0.000000E+00  0.000000E+00  0.000000E+00  1.826134E+06  5.340930E-01
  6.966271E+03  1.393254E+04  9.000000E+01  9.000000E+01  9.000000E+01
  0.000000E+00  1.138477E+01  6.245264E+08  1.098433E+01 -6.535728E-01
  3.634906E-01 -6.535728E-01  1.090480E+01  2.682771E-01  3.634906E-01
  2.682771E-01  1.226518E+01  4.138978E+01  3.878010E+01  3.394464E+01
  1.483050E+02  1.058147E+04  1.239205E+02  0.000000E+00  0.000000E+00
  0.000000E+00  1.239205E+02  0.000000E+00  0.000000E+00  0.000000E+00
  1.189176E+02  1.314809E+04
     63000  6.104908E+00        52
  6.240042E+08  1.000000E+03 -5.765787E+05  1.067749E+05 -6.902193E+05
  0.000000E+00  0.000000E+00  0.000000E+00  0.000000E+00 -5.734753E+05
  0.000000E+00 -3.378905E+04 -6.393483E+05  5.918279E+05  0.000000E+00
  0.000000E+00  0.000000E+00  0.000000E+00  1.924621E+06  3.094820E-02
  6.865665E+03  1.373133E+04  9.000000E+01  9.000000E+01  9.000000E+01
  0.000000E+00  1.095254E+01  6.245777E+08  1.161149E+01 -1.119677E-01
  7.009226E-01 -1.119677E-01  1.200441E+01  1.280421E+00  7.009226E-01
  1.280421E+00  9.241720E+00  4.189896E+01  3.927562E+01  3.446908E+01
  1.536541E+02  1.105714E+04  1.261094E+02  0.000000E+00  0.000000E+00
  0.000000E+00  1.261094E+02  0.000000E+00  0.000000E+00  0.000000E+00
  1.210181E+02  1.333110E+04
     64000  6.201811E+00        52
  4.696958E+09  9.992302E+02 -5.763516E+05  1.060634E+05 -6.892680E+05
  0.000000E+00  0.000000E+00  0.000000E+00  0.000000E+00 -5.732506E+05
  0.000000E+00 -3.164704E+04 -6.355208E+05  5.901678E+05  0.000000E+00
  0.000000E+00  0.000000E+00  0.000000E+00  1.926546E+06  6.910971E-01
  6.852976E+03  1.370595E+04  9.000000E+01  9.000000E+01  9.000000E+01
  0.000000E+00  1.035427E+01  4.697531E+09  1.078002E+01  1.142239E+00
  8.406841E-02  1.142239E+00  1.137504E+01  5.405061E-01  8.406841E-02
  5.405061E-01  8.907748E+00  4.227959E+01  3.950672E+01  3.468927E+01
  1.572227E+02  1.108048E+04  1.261514E+02  0.000000E+00  0.000000E+00
  0.000000E+00  1.261514E+02  0.000000E+00  0.000000E+00  0.000000E+00
  1.210584E+02  1.261551E+04
     65000  6.298715E+00        52
  4.696958E+09  1.000298E+03 -5.767335E+05  1.062014E+05 -6.898109E+05
  0.000000E+00  0.000000E+00  0.000000E+00  0.000000E+00 -5.736292E+05
  0.000000E+00 -3.230478E+04 -6.363105E+05  5.902537E+05  0.000000E+00
  0.000000E+00  0.000000E+00  0.000000E+00  1.928461E+06  6.484406E-01
  6.876055E+03  1.375211E+04  9.000000E+01  9.000000E+01  9.000000E+01
  0.000000E+00  1.052556E+01  4.697531E+09  1.075301E+01  1.058593E+00
 -9.050257E-02  1.058593E+00  1.118542E+01  3.874688E-01 -9.050257E-02
  3.874688E-01  9.638266E+00  4.273032E+01  3.973307E+01  3.492467E+01
  1.615456E+02  1.108654E+04  1.261932E+02  0.000000E+00  0.000000E+00
  0.000000E+00  1.261932E+02  0.000000E+00  0.000000E+00  0.000000E+00
  1.210985E+02  1.283696E+04
     66000  6.395618E+00        52
  4.697034E+09  1.000000E+03 -5.771007E+05  1.051240E+05 -6.888708E+05
  0.000000E+00  0.000000E+00  0.000000E+00  0.000000E+00 -5.739973E+05
  0.000000E+00 -3.119746E+04 -6.299233E+05  5.854335E+05  0.000000E+00
  0.000000E+00  0.000000E+00  0.000000E+00  1.992313E+06  2.314554E-02
  6.646190E+03  1.329238E+04  9.000000E+01  9.000000E+01  9.000000E+01
  0.000000E+00  9.894791E+00  4.697608E+09  9.056220E+00  3.320500E-01
 -4.651411E-01  3.320500E-01  1.027025E+01 -2.064572E+00 -4.651411E-01
 -2.064572E+00  1.035790E+01  4.305260E+01  4.000055E+01  3.519863E+01
  1.634264E+02  1.144692E+04  1.275709E+02  0.000000E+00  0.000000E+00
  0.000000E+00  1.275709E+02  0.000000E+00  0.000000E+00  0.000000E+00
  1.224206E+02  1.246724E+04
     67000  6.492521E+00        52
  4.697139E+09  1.481972E+03 -4.731736E+05  1.051863E+05 -6.892167E+05
  0.000000E+00  0.000000E+00  0.000000E+00  0.000000E+00 -4.685751E+05
  0.000000E+00  1.763264E+05 -6.306982E+05  5.853110E+05  0.000000E+00
  0.000000E+00  0.000000E+00  0.000000E+00  1.994693E+06  9.602890E+02
  1.108568E+05  2.217136E+05  9.000000E+01  9.000000E+01  9.000000E+01
  0.000000E+00 -4.416273E+01  4.697608E+09 -6.501018E+01  3.145829E+01
 -7.222371E+01  3.145829E+01 -3.761718E+00  3.079724E+01 -7.222371E+01
  3.079724E+01 -6.371630E+01  4.343418E+01  4.033837E+01  3.551390E+01
  1.669183E+02  1.143600E+04  1.276216E+02  0.000000E+00  0.000000E+00
  0.000000E+00  1.276216E+02  0.000000E+00  0.000000E+00  0.000000E+00
  1.224693E+02 -5.571062E+04
     68000  6.589424E+00        52
  4.697034E+09  9.999342E+02 -5.775431E+05  1.054306E+05 -6.897103E+05
  0.000000E+00  0.000000E+00  0.000000E+00  0.000000E+00 -5.744399E+05
  0.000000E+00 -3.308196E+04 -6.320759E+05  5.855208E+05  0.000000E+00
  0.000000E+00  0.000000E+00  0.000000E+00  1.996491E+06  2.352702E-01
  6.736552E+03  1.347310E+04  9.000000E+01  9.000000E+01  9.000000E+01
  0.000000E+00  1.037149E+01  4.697608E+09  1.128985E+01 -6.043062E-01
  2.313307E+00 -6.043062E-01  9.454571E+00 -5.448848E-01  2.313307E+00
 -5.448848E-01  1.037004E+01  4.360499E+01  4.048063E+01  3.565786E+01
  1.697259E+02  1.144259E+04  1.276600E+02  0.000000E+00  0.000000E+00
  0.000000E+00  1.276600E+02  0.000000E+00  0.000000E+00  0.000000E+00
  1.225061E+02  1.309527E+04
     69000  6.686328E+00        52
  4.697033E+09  1.000000E+03 -5.777114E+05  1.053939E+05 -6.899069E+05
  0.000000E+00  0.000000E+00  0.000000E+00  0.000000E+00 -5.746080E+05
  0.000000E+00 -3.299899E+04 -6.319079E+05  5.853057E+05  0.000000E+00
  0.000000E+00  0.000000E+00  0.000000E+00  1.998376E+06  1.829737E-02
  6.801590E+03  1.360318E+04  9.000000E+01  9.000000E+01  9.000000E+01
  0.000000E+00  1.033993E+01  4.697608E+09  9.895421E+00 -1.145001E+00
 -7.069191E-01 -1.145001E+00  1.145932E+01  1.936208E+00 -7.069191E-01
  1.936208E+00  9.665051E+00  4.385197E+01  4.067328E+01  3.586531E+01
  1.735961E+02  1.144722E+04  1.277001E+02  0.000000E+00  0.000000E+00
  0.000000E+00  1.277001E+02  0.000000E+00  0.000000E+00  0.000000E+00
  1.225447E+02  1.306775E+04
     70000  6.783231E+00        52
  4.697056E+09  1.106188E+03 -5.559912E+05  1.050226E+05 -6.895444E+05
  0.000000E+00  0.000000E+00  0.000000E+00  0.000000E+00 -5.525584E+05
  0.000000E+00  1.075146E+04 -6.299041E+05  5.835944E+05  0.000000E+00
  0.000000E+00  0.000000E+00  0.000000E+00  2.019498E+06  2.053974E+02
  2.853055E+04  5.706110E+04  9.000000E+01  9.000000E+01  9.000000E+01
  0.000000E+00 -1.014841E+00  4.697609E+09 -9.430238E-01 -2.386620E+00
 -1.775688E+01 -2.386620E+00  8.554034E+00 -4.223260E+00 -1.775688E+01
 -4.223260E+00 -1.065553E+01  4.409212E+01  4.086380E+01  3.606373E+01
  1.760382E+02  1.147760E+04  1.281485E+02  0.000000E+00  0.000000E+00
  0.000000E+00  1.281485E+02  0.000000E+00  0.000000E+00  0.000000E+00
  1.229749E+02 -1.296127E+03
     71000  6.880134E+00        52
  4.697034E+09  1.000019E+03 -5.776830E+05  1.051092E+05 -6.895407E+05
  0.000000E+00  0.000000E+00  0.000000E+00  0.000000E+00 -5.745795E+05
  0.000000E+00 -3.342652E+04 -6.303208E+05  5.833973E+05  0.000000E+00
  0.000000E+00  0.000000E+00  0.000000E+00  2.021488E+06  1.496264E-01
  6.748501E+03  1.349700E+04  9.000000E+01  9.000000E+01  9.000000E+01
  0.000000E+00  1.033321E+01  4.697609E+09  1.094107E+01 -2.044056E+00
  1.121082E+00 -2.044056E+00  1.170185E+01 -1.243805E+00  1.121082E+00
 -1.243805E+00  8.356720E+00  4.433712E+01  4.099378E+01  3.619890E+01
  1.777035E+02  1.148068E+04  1.281906E+02  0.000000E+00  0.000000E+00
  0.000000E+00  1.281906E+02  0.000000E+00  0.000000E+00  0.000000E+00
  1.230153E+02  1.321030E+04
     72000  6.977038E+00        52
  4.697052E+09  1.000000E+03 -5.784618E+05  1.009992E+05 -6.859113E+05
  0.000000E+00  0.000000E+00  0.000000E+00  0.000000E+00 -5.753582E+05
  0.000000E+00 -2.725143E+04 -6.064139E+05  5.662619E+05  0.000000E+00
  0.000000E+00  0.000000E+00  0.000000E+00  2.273398E+06  3.268646E-02
  6.450282E+03  1.290056E+04  9.000000E+01  9.000000E+01  9.000000E+01
  0.000000E+00  7.756526E+00  4.697627E+09  8.219690E+00 -3.170612E-01
  9.594228E-01 -3.170612E-01  7.787747E+00  6.651950E-02  9.594228E-01
  6.651950E-02  7.262141E+00  4.507573E+01  4.161001E+01  3.689868E+01
  1.800352E+02  1.204095E+04  1.333084E+02  0.000000E+00  0.000000E+00
  0.000000E+00  1.333084E+02  0.000000E+00  0.000000E+00  0.000000E+00
  1.279265E+02  1.115190E+04
     73000  7.073941E+00        52
  4.697075E+09  9.997613E+02 -5.794436E+05  9.911727E+04 -6.841335E+05
  0.000000E+00  0.000000E+00  0.000000E+00  0.000000E+00 -5.763406E+05
  0.000000E+00 -2.593094E+04 -5.892307E+05  5.521546E+05  0.000000E+00
  0.000000E+00  0.000000E+00  0.000000E+00  2.539864E+06  4.841639E-01
  5.572561E+03  1.114512E+04  9.000000E+01  9.000000E+01  9.000000E+01
  0.000000E+00  6.668424E+00  4.697651E+09  6.362583E+00 -9.370142E-01
  7.273702E-01 -9.370142E-01  7.872280E+00 -1.076083E+00  7.273702E-01
 -1.076083E+00  5.770409E+00  4.639129E+01  4.243744E+01  3.764025E+01
  1.835216E+02  1.263939E+04  1.383256E+02  0.000000E+00  0.000000E+00
  0.000000E+00  1.383256E+02  0.000000E+00  0.000000E+00  0.000000E+00
  1.327411E+02  1.071124E+04
     74000  7.170844E+00        52
  4.697075E+09  1.000465E+03 -5.800702E+05  9.713668E+04 -6.835183E+05
  0.000000E+00  0.000000E+00  0.000000E+00  0.000000E+00 -5.769650E+05
  0.000000E+00 -1.835374E+04 -5.811143E+05  5.501377E+05  0.000000E+00
  0.000000E+00  0.000000E+00  0.000000E+00  2.549374E+06  2.470692E-01
  6.311445E+03  1.262289E+04  9.000000E+01  9.000000E+01  9.000000E+01
  0.000000E+00  5.077888E+00  4.697652E+09  4.215612E+00 -2.892876E-01
  3.585030E-01 -2.892876E-01  5.990127E+00 -1.571869E+00  3.585030E-01
 -1.571869E+00  5.027924E+00  4.683534E+01  4.291078E+01  3.807123E+01
  1.859770E+02  1.266377E+04  1.384980E+02  0.000000E+00  0.000000E+00
  0.000000E+00  1.384980E+02  0.000000E+00  0.000000E+00  0.000000E+00
  1.329066E+02  8.186960E+03
     75000  7.267748E+00        52
  4.697074E+09  1.000000E+03 -5.808175E+05  9.992903E+04 -6.874266E+05
  0.000000E+00  0.000000E+00  0.000000E+00  0.000000E+00 -5.777138E+05
  0.000000E+00 -3.063828E+04 -5.982172E+05  5.542188E+05  0.000000E+00
  0.000000E+00  0.000000E+00  0.000000E+00  2.551755E+06  2.998102E-02
  6.680090E+03  1.336018E+04  9.000000E+01  9.000000E+01  9.000000E+01
  0.000000E+00  7.609975E+00  4.697652E+09  7.261451E+00 -4.556082E-01
  8.056001E-01 -4.556082E-01  7.870131E+00 -1.031577E+00  8.056001E-01
 -1.031577E+00  7.698344E+00  4.820193E+01  4.409939E+01  3.931679E+01
  1.929528E+02  1.268008E+04  1.385411E+02  0.000000E+00  0.000000E+00
  0.000000E+00  1.385411E+02  0.000000E+00  0.000000E+00  0.000000E+00
  1.329480E+02  1.228085E+04
     76000  7.364651E+00        52
  4.697074E+09  9.999692E+02 -5.811488E+05  1.008967E+05 -6.887686E+05
  0.000000E+00  0.000000E+00  0.000000E+00  0.000000E+00 -5.780452E+05
  0.000000E+00 -3.488288E+04 -6.035163E+05  5.551872E+05  0.000000E+00
  0.000000E+00  0.000000E+00  0.000000E+00  2.557126E+06  3.088094E-01
  6.723090E+03  1.344618E+04  9.000000E+01  9.000000E+01  9.000000E+01
  0.000000E+00  8.468852E+00  4.697652E+09  7.796496E+00  6.024451E-02
  6.428825E-01  6.024451E-02  8.319705E+00  7.920087E-01  6.428825E-01
  7.920087E-01  9.290355E+00  4.906875E+01  4.467093E+01  3.989689E+01
  1.973648E+02  1.269393E+04  1.386382E+02  0.000000E+00  0.000000E+00
  0.000000E+00  1.386382E+02  0.000000E+00  0.000000E+00  0.000000E+00
  1.330412E+02  1.369565E+04
     77000  7.461554E+00        52
  4.697074E+09  1.002624E+03 -5.813711E+05  9.974729E+04 -6.880530E+05
  0.000000E+00  0.000000E+00  0.000000E+00  0.000000E+00 -5.782592E+05
  0.000000E+00 -3.025024E+04 -5.970894E+05  5.529698E+05  0.000000E+00
  0.000000E+00  0.000000E+00  0.000000E+00  2.559814E+06  5.425085E+00
  6.934668E+03  1.386934E+04  9.000000E+01  9.000000E+01  9.000000E+01
  0.000000E+00  7.509471E+00  4.697652E+09  7.106178E+00  3.061608E-01
  8.744533E-01  3.061608E-01  7.556581E+00  6.299461E-01  8.744533E-01
  6.299461E-01  7.865655E+00  4.982255E+01  4.512870E+01  4.029625E+01
  2.035219E+02  1.270537E+04  1.386868E+02  0.000000E+00  0.000000E+00
  0.000000E+00  1.386868E+02  0.000000E+00  0.000000E+00  0.000000E+00
  1.330878E+02  1.215693E+04
     78000  7.558457E+00        52
  4.697073E+09  1.000000E+03 -5.818802E+05  1.002578E+05 -6.889522E+05
  0.000000E+00  0.000000E+00  0.000000E+00  0.000000E+00 -5.787765E+05
  0.000000E+00 -3.333107E+04 -6.002098E+05  5.532502E+05  0.000000E+00
  0.000000E+00  0.000000E+00  0.000000E+00  2.562610E+06  2.249440E-02
  6.814243E+03  1.362849E+04  9.000000E+01  9.000000E+01  9.000000E+01
  0.000000E+00  8.131590E+00  4.697652E+09  7.176518E+00  7.061805E-02
  1.246627E-01  7.061805E-02  9.469232E+00 -1.103681E+00  1.246627E-01
 -1.103681E+00  7.749020E+00  5.061931E+01  4.570434E+01  4.083198E+01
  2.097276E+02  1.271384E+04  1.387373E+02  0.000000E+00  0.000000E+00
  0.000000E+00  1.387373E+02  0.000000E+00  0.000000E+00  0.000000E+00
  1.331362E+02  1.317844E+04
     79000  7.655361E+00        52
  4.697080E+09  1.031515E+03 -5.750609E+05  1.009544E+05 -6.899251E+05
  0.000000E+00  0.000000E+00  0.000000E+00  0.000000E+00 -5.718594E+05
  0.000000E+00 -2.249361E+04 -6.041935E+05  5.538802E+05  0.000000E+00
  0.000000E+00  0.000000E+00  0.000000E+00  2.568385E+06  6.130824E+01
  1.390986E+04  2.781971E+04  9.000000E+01  9.000000E+01  9.000000E+01
  0.000000E+00  5.929407E+00  4.697652E+09  5.880131E+00  2.205948E+00
  4.163440E-01  2.205948E+00  4.519848E+00 -5.463916E-01  4.163440E-01
 -5.463916E-01  7.388241E+00  5.122439E+01  4.615704E+01  4.126172E+01
  2.166358E+02  1.272634E+04  1.388414E+02  0.000000E+00  0.000000E+00
  0.000000E+00  1.388414E+02  0.000000E+00  0.000000E+00  0.000000E+00
  1.332361E+02  9.631132E+03
