title: # Li56 La24 Zr16 O96                                                    
energy unitS: electron Volts
         0  0.000000E+00        52
 -5.377959E+05  9.500000E+02 -5.407429E+05  6.307024E+04 -6.038132E+05
  0.000000E+00  0.000000E+00  0.000000E+00  0.000000E+00 -5.377957E+05
  0.000000E+00  1.563293E+05 -4.473454E+05  6.036747E+05  0.000000E+00
  0.000000E+00  0.000000E+00  0.000000E+00  2.781571E+05  0.000000E+00
  0.000000E+00  0.000000E+00  9.000000E+01  9.000000E+01  9.000000E+01
  0.000000E+00 -2.850573E+02  0.000000E+00 -2.984306E+02 -3.814711E-02
  3.900365E-03 -3.814711E-02 -2.983821E+02  6.631187E-02  3.900365E-03
  6.631187E-02 -2.583592E+02  0.000000E+00  0.000000E+00  0.000000E+00
  0.000000E+00  0.000000E+00  6.618035E+01  0.000000E+00  0.000000E+00
  0.000000E+00  6.618035E+01  0.000000E+00  0.000000E+00  0.000000E+00
  6.350853E+01 -5.014509E+04
      1000  2.000000E-01        52
 -5.700349E+05  9.500000E+02 -5.729824E+05  1.129129E+05 -6.913510E+05
  0.000000E+00  0.000000E+00  0.000000E+00  0.000000E+00 -5.700352E+05
  0.000000E+00  6.393791E+03 -6.956103E+05  6.910928E+05  0.000000E+00
  0.000000E+00  0.000000E+00  0.000000E+00  2.771130E+05  3.165046E-02
  5.455647E+03  1.091129E+04  9.000000E+01  9.000000E+01  9.000000E+01
  0.000000E+00 -9.505269E-01  4.988660E-01 -1.562598E+01 -1.045908E-03
  5.371943E-01 -1.045908E-03 -1.837942E+01  1.319126E+00  5.371943E-01
  1.319126E+00  3.115383E+01  1.594061E+00  2.373444E-01  2.219579E-01
  8.448109E-01  8.842688E-01  6.609744E+01  0.000000E+00  0.000000E+00
  0.000000E+00  6.609744E+01  0.000000E+00  0.000000E+00  0.000000E+00
  6.342896E+01 -1.665817E+02
      2000  4.000000E-01        52
  7.761550E+11  1.657594E+07 -5.304395E+05  5.873609E+04 -6.431992E+05
  0.000000E+00  0.000000E+00  0.000000E+00  0.000000E+00  5.089028E+07
  0.000000E+00  3.990541E+05 -3.510135E+05  6.420203E+05  0.000000E+00
  0.000000E+00  0.000000E+00  0.000000E+00  4.065950E+05  3.276236E+07
  5.402365E+04  1.080473E+05  9.000000E+01  9.000000E+01  9.000000E+01
  0.000000E+00  1.327976E+05  7.761041E+11  3.181692E+05 -7.999428E+04
 -1.390330E+05 -7.999428E+04  1.978372E+04  3.491005E+04 -1.390330E+05
  3.491005E+04  6.043994E+04  2.279391E+00  5.802799E-01  5.641754E-01
  1.537727E+00  1.451341E+03  7.510803E+01  0.000000E+00  0.000000E+00
  0.000000E+00  7.510803E+01  0.000000E+00  0.000000E+00  0.000000E+00
  7.207578E+01  3.414746E+07
      3000  6.000000E-01        52
  1.760816E+14  6.608037-201 -4.905351E+05  1.002371E+05 -6.652844E+05
  0.000000E+00  0.000000E+00  0.000000E+00  0.000000E+00 -4.905347E+05
  0.000000E+00  2.264485E+05 -5.842566E+05  6.616807E+05  0.000000E+00
  0.000000E+00  0.000000E+00  0.000000E+00  5.435133E+05  1.305033-200
  7.451220E+04  1.490244E+05  9.000000E+01  9.000000E+01  9.000000E+01
  0.000000E+00 -2.195998E+02  1.760816E+14 -1.875515E+02 -9.798008E+01
 -1.181493E+02 -9.798008E+01 -2.056609E+02 -1.446124E+02 -1.181493E+02
 -1.446124E+02 -2.655870E+02  3.855935E+00  1.023525E+00  8.966090E-01
  3.916001E+00  2.592985E+03  8.273750E+01  0.000000E+00  0.000000E+00
  0.000000E+00  8.273750E+01  0.000000E+00  0.000000E+00  0.000000E+00
  7.939724E+01 -7.548282E+04
      4000  8.000000E-01        52
  7.762932E+11  9.500000E+02 -5.608838E+05  1.067755E+05 -6.740143E+05
  0.000000E+00  0.000000E+00  0.000000E+00  0.000000E+00 -5.579364E+05
  0.000000E+00  5.852545E+04 -6.227678E+05  6.685832E+05  0.000000E+00
  0.000000E+00  0.000000E+00  0.000000E+00  6.145797E+05  2.903575E-02
  6.355042E+03  1.271008E+04  9.000000E+01  9.000000E+01  9.000000E+01
  0.000000E+00 -4.513771E+01  7.762937E+11 -4.711108E+01  7.641944E-01
  1.896533E+00  7.641944E-01 -4.747382E+01  1.574692E+00  1.896533E+00
  1.574692E+00 -4.082821E+01  4.909563E+00  1.890892E+00  1.537779E+00
  7.186937E+00  3.241982E+03  8.619692E+01  0.000000E+00  0.000000E+00
  0.000000E+00  8.619692E+01  0.000000E+00  0.000000E+00  0.000000E+00
  8.271699E+01 -1.754380E+04
      5000  1.000000E+00        52
  7.763069E+11  9.516230E+02 -5.555331E+05  1.014308E+05 -6.625487E+05
  0.000000E+00  0.000000E+00  0.000000E+00  0.000000E+00 -5.525805E+05
  0.000000E+00  7.507929E+04 -5.843270E+05  6.482366E+05  0.000000E+00
  0.000000E+00  0.000000E+00  0.000000E+00  8.515812E+05  5.461901E-01
  5.584851E+03  1.116970E+04  9.000000E+01  9.000000E+01  9.000000E+01
  0.000000E+00 -4.281509E+01  7.763074E+11 -4.218182E+01 -1.470778E+00
 -9.916781E-01 -1.470778E+00 -3.865072E+01  2.889687E+00 -9.916781E-01
  2.889687E+00 -4.761273E+01  6.171601E+00  2.624207E+00  2.162399E+00
  9.357954E+00  5.036371E+03  9.609653E+01  0.000000E+00  0.000000E+00
  0.000000E+00  9.609653E+01  0.000000E+00  0.000000E+00  0.000000E+00
  9.221694E+01 -2.305839E+04
      6000  1.200000E+00        52
  7.763069E+11  4.936779E+03 -5.555524E+05  1.002789E+05 -6.641754E+05
  0.000000E+00  0.000000E+00  0.000000E+00  0.000000E+00 -5.402373E+05
  0.000000E+00  7.475410E+04 -5.854005E+05  6.434665E+05  0.000000E+00
  0.000000E+00  0.000000E+00  0.000000E+00  9.679086E+05  8.452112E+03
  8.344045E+03  1.668809E+04  9.000000E+01  9.000000E+01  9.000000E+01
  0.000000E+00 -2.402832E+01  7.763074E+11 -3.731737E+01  5.830868E+00
 -5.602738E+00  5.830868E+00 -2.014429E+01 -2.262241E+01 -5.602738E+00
 -2.262241E+01 -1.462332E+01  7.265603E+00  3.715132E+00  3.062835E+00
  1.292463E+01  5.691024E+03  1.002868E+02  0.000000E+00  0.000000E+00
  0.000000E+00  1.002868E+02  0.000000E+00  0.000000E+00  0.000000E+00
  9.623804E+01 -1.470835E+04
      7000  1.400000E+00        52
  7.763069E+11  9.500000E+02 -5.596652E+05  1.100574E+05 -6.770425E+05
  0.000000E+00  0.000000E+00  0.000000E+00  0.000000E+00 -5.567175E+05
  0.000000E+00  2.769028E+04 -6.376554E+05  6.507061E+05  0.000000E+00
  0.000000E+00  0.000000E+00  0.000000E+00  1.054014E+06  2.964854E-02
  7.319833E+03  1.463967E+04  9.000000E+01  9.000000E+01  9.000000E+01
  0.000000E+00 -1.089954E+01  7.763075E+11 -7.040011E+00  1.229160E+00
  3.868524E+00  1.229160E+00 -1.163723E+01  8.189628E-01  3.868524E+00
  8.189628E-01 -1.402137E+01  9.061476E+00  5.524284E+00  4.515247E+00
  1.826961E+01  6.387731E+03  1.031766E+02  0.000000E+00  0.000000E+00
  0.000000E+00  1.031766E+02  0.000000E+00  0.000000E+00  0.000000E+00
  9.901114E+01 -7.265411E+03
      8000  1.600000E+00        52
  7.763069E+11  9.502023E+02 -5.623893E+05  1.144467E+05 -6.845621E+05
  0.000000E+00  0.000000E+00  0.000000E+00  0.000000E+00 -5.594410E+05
  0.000000E+00  8.721987E+03 -6.645355E+05  6.578054E+05  0.000000E+00
  0.000000E+00  0.000000E+00  0.000000E+00  1.052524E+06  3.689050E-01
  7.726038E+03  1.545208E+04  9.000000E+01  9.000000E+01  9.000000E+01
  0.000000E+00 -1.415527E+00  7.763075E+11  3.188024E-01 -9.191918E-01
 -1.947995E+00 -9.191918E-01 -1.246702E+00  1.222024E+00 -1.947995E+00
  1.222024E+00 -3.318681E+00  1.098929E+01  7.729634E+00  6.237180E+00
  2.412287E+01  6.368682E+03  1.031279E+02  0.000000E+00  0.000000E+00
  0.000000E+00  1.031279E+02  0.000000E+00  0.000000E+00  0.000000E+00
  9.896448E+01 -9.422284E+02
      9000  1.800000E+00        52
  7.763069E+11  9.507507E+02 -5.634717E+05  1.134287E+05 -6.844676E+05
  0.000000E+00  0.000000E+00  0.000000E+00  0.000000E+00 -5.605216E+05
  0.000000E+00  5.122598E+03 -6.613233E+05  6.513115E+05  0.000000E+00
  0.000000E+00  0.000000E+00  0.000000E+00  1.145448E+06  6.249834E-01
  7.567218E+03  1.513444E+04  9.000000E+01  9.000000E+01  9.000000E+01
  0.000000E+00  3.571230E-01  7.763075E+11  4.312421E+00 -3.026960E-01
 -1.501482E+00 -3.026960E-01  1.184922E-01  4.038672E-01 -1.501482E+00
  4.038672E-01 -3.359544E+00  1.237044E+01  9.048649E+00  7.515969E+00
  3.128929E+01  7.141199E+03  1.060777E+02  0.000000E+00  0.000000E+00
  0.000000E+00  1.060777E+02  0.000000E+00  0.000000E+00  0.000000E+00
  1.017952E+02  2.587017E+02
     10000  2.000000E+00        52
  7.763069E+11  9.500000E+02 -5.647120E+05  1.136123E+05 -6.859438E+05
  0.000000E+00  0.000000E+00  0.000000E+00  0.000000E+00 -5.617643E+05
  0.000000E+00  3.171721E+03 -6.639365E+05  6.518694E+05  0.000000E+00
  0.000000E+00  0.000000E+00  0.000000E+00  1.147592E+06  2.550877E-02
  7.619404E+03  1.523881E+04  9.000000E+01  9.000000E+01  9.000000E+01
  0.000000E+00  1.250331E+00  7.763075E+11  6.612596E-01  6.055047E-01
  2.003498E-02  6.055047E-01  6.780094E+00 -9.797073E-01  2.003498E-02
 -9.797073E-01 -3.690359E+00  1.355229E+01  1.007566E+01  8.534294E+00
  3.749398E+01  7.209639E+03  1.061439E+02  0.000000E+00  0.000000E+00
  0.000000E+00  1.061439E+02  0.000000E+00  0.000000E+00  0.000000E+00
  1.018586E+02  9.074418E+02
     11000  2.200000E+00        52
  7.763069E+11  9.500364E+02 -5.655963E+05  1.137792E+05 -6.869927E+05
  0.000000E+00  0.000000E+00  0.000000E+00  0.000000E+00 -5.626484E+05
  0.000000E+00  9.170931E+02 -6.660802E+05  6.517629E+05  0.000000E+00
  0.000000E+00  0.000000E+00  0.000000E+00  1.156829E+06  2.528954E-01
  7.617207E+03  1.523441E+04  9.000000E+01  9.000000E+01  9.000000E+01
  0.000000E+00  2.267706E+00  7.763075E+11  4.483566E+00  3.101262E+00
 -1.058751E+00  3.101262E+00  4.492320E+00 -1.379545E+00 -1.058751E+00
 -1.379545E+00 -2.172767E+00  1.464767E+01  1.114600E+01  9.530086E+00
  4.462154E+01  7.241758E+03  1.064279E+02  0.000000E+00  0.000000E+00
  0.000000E+00  1.064279E+02  0.000000E+00  0.000000E+00  0.000000E+00
  1.021312E+02  1.659060E+03
     12000  2.400000E+00        52
  7.763069E+11  9.494499E+02 -5.658594E+05  1.134513E+05 -6.869732E+05
  0.000000E+00  0.000000E+00  0.000000E+00  0.000000E+00 -5.629133E+05
  0.000000E+00  6.412433E+02 -6.651010E+05  6.504172E+05  0.000000E+00
  0.000000E+00  0.000000E+00  0.000000E+00  1.170165E+06  1.171164E+00
  7.662520E+03  1.532504E+04  9.000000E+01  9.000000E+01  9.000000E+01
  0.000000E+00  2.364473E+00  7.763075E+11  7.800701E+00 -4.054470E-01
 -7.247232E-01 -4.054470E-01  1.452693E+00 -1.115158E-01 -7.247232E-01
 -1.115158E-01 -2.159975E+00  1.538697E+01  1.170544E+01  1.012530E+01
  4.966893E+01  7.294512E+03  1.068353E+02  0.000000E+00  0.000000E+00
  0.000000E+00  1.068353E+02  0.000000E+00  0.000000E+00  0.000000E+00
  1.025222E+02  1.749797E+03
     13000  2.600000E+00        52
  7.763069E+11  9.500000E+02 -5.665658E+05  1.141848E+05 -6.884001E+05
  0.000000E+00  0.000000E+00  0.000000E+00  0.000000E+00 -5.636180E+05
  0.000000E+00 -3.511530E+03 -6.700763E+05  6.512656E+05  0.000000E+00
  0.000000E+00  0.000000E+00  0.000000E+00  1.171480E+06  2.233508E-02
  7.649575E+03  1.529915E+04  9.000000E+01  9.000000E+01  9.000000E+01
  0.000000E+00  4.231783E+00  7.763075E+11  3.716279E+00 -4.858138E-01
 -1.269033E+00 -4.858138E-01  4.042293E+00  2.186205E+00 -1.269033E+00
  2.186205E+00  4.936777E+00  1.651441E+01  1.265575E+01  1.107373E+01
  6.401367E+01  7.328592E+03  1.068753E+02  0.000000E+00  0.000000E+00
  0.000000E+00  1.068753E+02  0.000000E+00  0.000000E+00  0.000000E+00
  1.025605E+02  3.135192E+03
     14000  2.800000E+00        52
  7.763069E+11  9.493899E+02 -5.668906E+05  1.143365E+05 -6.889237E+05
  0.000000E+00  0.000000E+00  0.000000E+00  0.000000E+00 -5.639447E+05
  0.000000E+00 -4.824131E+03 -6.715792E+05  6.513617E+05  0.000000E+00
  0.000000E+00  0.000000E+00  0.000000E+00  1.173043E+06  4.278250E-01
  7.696687E+03  1.539337E+04  9.000000E+01  9.000000E+01  9.000000E+01
  0.000000E+00  4.814223E+00  7.763075E+11  5.188580E+00 -1.059844E-01
 -6.369154E-01 -1.059844E-01  8.583166E+00  1.307192E-01 -6.369154E-01
  1.307192E-01  6.709239E-01  1.720667E+01  1.324615E+01  1.162717E+01
  7.873937E+01  7.360063E+03  1.069228E+02  0.000000E+00  0.000000E+00
  0.000000E+00  1.069228E+02  0.000000E+00  0.000000E+00  0.000000E+00
  1.026061E+02  3.571464E+03
     15000  3.000000E+00        52
  7.845540E+11  9.504355E+02 -5.667070E+05  1.144038E+05 -6.888496E+05
  0.000000E+00  0.000000E+00  0.000000E+00  0.000000E+00 -5.637578E+05
  0.000000E+00 -5.453305E+03 -6.721702E+05  6.512392E+05  0.000000E+00
  0.000000E+00  0.000000E+00  0.000000E+00  1.171177E+06  1.038507E+00
  7.738853E+03  1.547771E+04  9.000000E+01  9.000000E+01  9.000000E+01
  0.000000E+00  5.107968E+00  7.845546E+11  6.123756E+00 -1.820768E+00
 -2.129049E-01 -1.820768E+00  8.467228E+00  1.197241E+00 -2.129049E-01
  1.197241E+00  7.329193E-01  1.756906E+01  1.351741E+01  1.191874E+01
  8.787357E+01  7.376055E+03  1.068661E+02  0.000000E+00  0.000000E+00
  0.000000E+00  1.068661E+02  0.000000E+00  0.000000E+00  0.000000E+00
  1.025517E+02  3.783351E+03
     16000  3.200000E+00        52
  7.845822E+11  9.500000E+02 -5.671199E+05  1.142749E+05 -6.891285E+05
  0.000000E+00  0.000000E+00  0.000000E+00  0.000000E+00 -5.641721E+05
  0.000000E+00 -5.381222E+03 -6.720853E+05  6.512367E+05  0.000000E+00
  0.000000E+00  0.000000E+00  0.000000E+00  1.172973E+06  1.979123E-02
  7.733677E+03  1.546735E+04  9.000000E+01  9.000000E+01  9.000000E+01
  0.000000E+00  5.066540E+00  7.845828E+11  6.291093E+00 -3.891439E-01
  3.771640E-01 -3.891439E-01  6.096778E+00  4.784822E-01  3.771640E-01
  4.784822E-01  2.811751E+00  1.815957E+01  1.394986E+01  1.234275E+01
  9.536791E+01  7.391067E+03  1.069207E+02  0.000000E+00  0.000000E+00
  0.000000E+00  1.069207E+02  0.000000E+00  0.000000E+00  0.000000E+00
  1.026041E+02  3.758423E+03
     17000  3.400000E+00        52
  7.845822E+11  9.545737E+02 -5.671255E+05  1.144285E+05 -6.894144E+05
  0.000000E+00  0.000000E+00  0.000000E+00  0.000000E+00 -5.641635E+05
  0.000000E+00 -6.187673E+03 -6.731069E+05  6.511985E+05  0.000000E+00
  0.000000E+00  0.000000E+00  0.000000E+00  1.174704E+06  8.831206E+00
  7.860386E+03  1.572077E+04  9.000000E+01  9.000000E+01  9.000000E+01
  0.000000E+00  5.433652E+00  7.845828E+11  9.469610E+00 -2.174651E+00
  1.576614E+00 -2.174651E+00  5.622789E+00 -4.136373E-01  1.576614E+00
 -4.136373E-01  1.208556E+00  1.882668E+01  1.441694E+01  1.278962E+01
  1.044233E+02  7.402390E+03  1.069732E+02  0.000000E+00  0.000000E+00
  0.000000E+00  1.069732E+02  0.000000E+00  0.000000E+00  0.000000E+00
  1.026545E+02  4.036699E+03
     18000  3.600000E+00        52
  7.845822E+11  9.482035E+02 -5.674236E+05  1.143823E+05 -6.895388E+05
  0.000000E+00  0.000000E+00  0.000000E+00  0.000000E+00 -5.644814E+05
  0.000000E+00 -6.816035E+03 -6.733275E+05  6.510456E+05  0.000000E+00
  0.000000E+00  0.000000E+00  0.000000E+00  1.176658E+06  4.601003E+00
  7.732932E+03  1.546586E+04  9.000000E+01  9.000000E+01  9.000000E+01
  0.000000E+00  5.688397E+00  7.845828E+11  7.083282E+00 -1.485450E+00
 -3.294063E-01 -1.485450E+00  8.870057E+00  1.414201E+00 -3.294063E-01
  1.414201E+00  1.111852E+00  1.918417E+01  1.464164E+01  1.305572E+01
  1.080393E+02  7.410330E+03  1.070325E+02  0.000000E+00  0.000000E+00
  0.000000E+00  1.070325E+02  0.000000E+00  0.000000E+00  0.000000E+00
  1.027114E+02  4.232978E+03
     19000  3.800000E+00        52
  7.845823E+11  9.500000E+02 -5.151742E+05  1.139170E+05 -6.889151E+05
  0.000000E+00  0.000000E+00  0.000000E+00  0.000000E+00 -5.122264E+05
  0.000000E+00  9.722235E+04 -6.711318E+05  6.487063E+05  0.000000E+00
  0.000000E+00  0.000000E+00  0.000000E+00  1.199731E+06  3.619155E-01
  5.982393E+04  1.196479E+05  9.000000E+01  9.000000E+01  9.000000E+01
  0.000000E+00 -4.012309E+01  7.845828E+11  3.024664E+00  1.472710E+01
  7.573380E+00  1.472710E+01 -9.664929E+01 -5.632836E+01  7.573380E+00
 -5.632836E+01 -2.674464E+01  1.961412E+01  1.497471E+01  1.341453E+01
  1.151078E+02  7.520163E+03  1.077276E+02  0.000000E+00  0.000000E+00
  0.000000E+00  1.077276E+02  0.000000E+00  0.000000E+00  0.000000E+00
  1.033784E+02 -3.044277E+04
     20000  4.000000E+00        52
  7.845823E+11  4.198124E+04 -5.586593E+05  1.108269E+05 -6.864275E+05
  0.000000E+00  0.000000E+00  0.000000E+00  0.000000E+00 -4.284273E+05
  0.000000E+00  2.316638E+04 -6.549634E+05  6.442472E+05  0.000000E+00
  0.000000E+00  0.000000E+00  0.000000E+00  1.226302E+06  7.720343E+04
  1.694130E+04  3.388261E+04  9.000000E+01  9.000000E+01  9.000000E+01
  0.000000E+00  1.019920E+02  7.845828E+11  9.450661E+01  3.823329E+01
  1.369323E+02  3.823329E+01  1.414852E+01  5.416194E+01  1.369323E+02
  5.416194E+01  1.973208E+02  2.014711E+01  1.529986E+01  1.375018E+01
  1.254282E+02  7.620596E+03  1.085171E+02  0.000000E+00  0.000000E+00
  0.000000E+00  1.085171E+02  0.000000E+00  0.000000E+00  0.000000E+00
  1.041361E+02  7.909871E+04
     21000  4.200000E+00        52
  7.845823E+11  9.498385E+02 -5.680901E+05  1.124839E+05 -6.879226E+05
  0.000000E+00  0.000000E+00  0.000000E+00  0.000000E+00 -5.651428E+05
  0.000000E+00 -6.481125E+03 -6.638520E+05  6.426736E+05  0.000000E+00
  0.000000E+00  0.000000E+00  0.000000E+00  1.268925E+06  4.204123E-01
  7.348626E+03  1.469725E+04  9.000000E+01  9.000000E+01  9.000000E+01
  0.000000E+00  5.139880E+00  7.845829E+11  5.410892E+00 -1.614444E+00
  1.736756E+00 -1.614444E+00  6.845457E+00 -2.674769E+00  1.736756E+00
 -2.674769E+00  3.163291E+00  2.057527E+01  1.571404E+01  1.419177E+01
  1.313094E+02  8.004672E+03  1.097600E+02  0.000000E+00  0.000000E+00
  0.000000E+00  1.097600E+02  0.000000E+00  0.000000E+00  0.000000E+00
  1.053288E+02  4.124723E+03
     22000  4.400000E+00        52
  7.845823E+11  9.500000E+02 -5.685221E+05  1.120024E+05 -6.877918E+05
  0.000000E+00  0.000000E+00  0.000000E+00  0.000000E+00 -5.655743E+05
  0.000000E+00 -7.319912E+03 -6.623021E+05  6.404475E+05  0.000000E+00
  0.000000E+00  0.000000E+00  0.000000E+00  1.294456E+06  2.711092E-02
  7.267344E+03  1.453469E+04  9.000000E+01  9.000000E+01  9.000000E+01
  0.000000E+00  5.380447E+00  7.845829E+11  1.046674E+01 -1.717212E+00
 -1.988931E-01 -1.717212E+00  4.781918E+00  1.662579E-01 -1.988931E-01
  1.662579E-01  8.926832E-01  2.139338E+01  1.652906E+01  1.490986E+01
  1.443906E+02  8.158187E+03  1.104913E+02  0.000000E+00  0.000000E+00
  0.000000E+00  1.104913E+02  0.000000E+00  0.000000E+00  0.000000E+00
  1.060306E+02  4.404653E+03
     23000  4.600000E+00        52
  7.851618E+11  1.534383E+08 -3.935783E+05  1.122691E+05 -6.882159E+05
  0.000000E+00  0.000000E+00  0.000000E+00  0.000000E+00  4.755920E+08
  0.000000E+00  3.417357E+05 -6.633454E+05  6.403441E+05  0.000000E+00
  0.000000E+00  0.000000E+00  0.000000E+00  1.296558E+06  3.028643E+08
  1.823685E+05  3.647370E+05  9.000000E+01  9.000000E+01  9.000000E+01
  0.000000E+00  3.868553E+05  7.846862E+11  3.113940E+05  4.692696E+05
 -2.106061E+05  4.692696E+05  7.069380E+05 -3.173703E+05 -2.106061E+05
 -3.173703E+05  1.422339E+05  2.178503E+01  1.688704E+01  1.527017E+01
  1.558434E+02  8.356165E+03  1.105511E+02  0.000000E+00  0.000000E+00
  0.000000E+00  1.105511E+02  0.000000E+00  0.000000E+00  0.000000E+00
  1.060879E+02  3.172098E+08
     24000  4.800000E+00        52
  7.845825E+11  9.506332E+02 -5.689009E+05  1.105771E+05 -6.866724E+05
  0.000000E+00  0.000000E+00  0.000000E+00  0.000000E+00 -5.659510E+05
  0.000000E+00 -1.190413E+04 -6.540634E+05  6.277704E+05  0.000000E+00
  0.000000E+00  0.000000E+00  0.000000E+00  1.450075E+06  6.974702E-01
  7.194404E+03  1.438881E+04  9.000000E+01  9.000000E+01  9.000000E+01
  0.000000E+00  6.470736E+00  7.845830E+11  1.050279E+01  7.964155E-01
  3.165725E-01  7.964155E-01  6.157905E+00  2.407695E-01  3.165725E-01
  2.407695E-01  2.751515E+00  2.294222E+01  1.801732E+01  1.635453E+01
  1.606197E+02  8.594507E+03  1.147526E+02  0.000000E+00  0.000000E+00
  0.000000E+00  1.147526E+02  0.000000E+00  0.000000E+00  0.000000E+00
  1.101198E+02  5.934036E+03
     25000  5.000000E+00        52
  7.845825E+11  9.500000E+02 -5.686163E+05  9.593891E+04 -6.712315E+05
  0.000000E+00  0.000000E+00  0.000000E+00  0.000000E+00 -5.656682E+05
  0.000000E+00  3.099680E+04 -5.744081E+05  5.920524E+05  0.000000E+00
  0.000000E+00  0.000000E+00  0.000000E+00  1.756167E+06  3.153883E-02
  6.676262E+03  1.335252E+04  9.000000E+01  9.000000E+01  9.000000E+01
  0.000000E+00 -7.534046E+00  7.845831E+11 -7.288709E+00  2.732632E-01
 -1.617096E+00  2.732632E-01 -7.712498E+00 -4.189680E-01 -1.617096E+00
 -4.189680E-01 -7.600931E+00  2.349395E+01  1.833769E+01  1.680844E+01
  1.643537E+02  1.001393E+04  1.223172E+02  0.000000E+00  0.000000E+00
  0.000000E+00  1.223172E+02  0.000000E+00  0.000000E+00  0.000000E+00
  1.173790E+02 -8.367583E+03
     26000  5.200000E+00        52
  7.854397E+11  9.652924E+02 -5.695951E+05  1.094299E+05 -6.870526E+05
  0.000000E+00  0.000000E+00  0.000000E+00  0.000000E+00 -5.665996E+05
  0.000000E+00 -2.405508E+04 -6.459798E+05  6.058695E+05  0.000000E+00
  0.000000E+00  0.000000E+00  0.000000E+00  1.754667E+06  3.387884E+01
  8.027600E+03  1.605520E+04  9.000000E+01  9.000000E+01  9.000000E+01
  0.000000E+00  9.024764E+00  7.854402E+11  9.636982E+00  3.379854E-01
  9.017249E-03  3.379854E-01  1.046766E+01 -9.892179E-02  9.017249E-03
