# Li56 La24 Zr16 O96                                                    
        15       120
Li      Li      
  2.500000E-02  0.000000E+00  0.000000E+00
  7.500000E-02  0.000000E+00  0.000000E+00
  1.250000E-01  0.000000E+00  0.000000E+00
  1.750000E-01  0.000000E+00  0.000000E+00
  2.250000E-01  0.000000E+00  0.000000E+00
  2.750000E-01  0.000000E+00  0.000000E+00
  3.250000E-01  0.000000E+00  0.000000E+00
  3.750000E-01  0.000000E+00  0.000000E+00
  4.250000E-01  0.000000E+00  0.000000E+00
  4.750000E-01  0.000000E+00  0.000000E+00
  5.250000E-01  0.000000E+00  0.000000E+00
  5.750000E-01  0.000000E+00  0.000000E+00
  6.250000E-01  7.975052E-04  1.530968E-07
  6.750000E-01  3.418921E-04  2.296451E-07
  7.250000E-01  2.963787E-04  3.061935E-07
  7.750000E-01  0.000000E+00  3.061935E-07
  8.250000E-01  2.289045E-04  3.827419E-07
  8.750000E-01  6.104950E-04  6.123871E-07
  9.250000E-01  5.462949E-04  8.420322E-07
  9.750000E-01  8.195222E-04  1.224774E-06
  1.025000E+00  2.372910E-03  2.449548E-06
  1.075000E+00  6.606873E-03  6.200419E-06
  1.125000E+00  8.187291E-02  5.710509E-05
  1.175000E+00  9.814392E+00  6.713599E-03
  1.225000E+00  3.229201E+01  3.051861E-02
  1.275000E+00  1.259058E+01  4.057317E-02
  1.325000E+00  1.147501E+01  5.046957E-02
  1.375000E+00  1.002183E+01  5.977724E-02
  1.425000E+00  1.929669E+01  7.902579E-02
  1.475000E+00  4.448141E+01  1.265643E-01
  1.525000E+00  6.490317E+01  2.007099E-01
  1.575000E+00  8.040921E+01  2.986914E-01
  1.625000E+00  9.078954E+01  4.164568E-01
  1.675000E+00  9.445206E+01  5.466278E-01
  1.725000E+00  9.400286E+01  6.840290E-01
  1.775000E+00  8.393470E+01  8.139286E-01
  1.825000E+00  7.314330E+01  9.335939E-01
  1.875000E+00  6.370486E+01  1.043606E+00
  1.925000E+00  5.629748E+01  1.146081E+00
  1.975000E+00  4.872996E+01  1.239448E+00
  2.025000E+00  4.195813E+01  1.323962E+00
  2.075000E+00  3.386734E+01  1.395590E+00
  2.125000E+00  2.516385E+01  1.451405E+00
  2.175000E+00  1.731564E+01  1.491641E+00
  2.225000E+00  1.265837E+01  1.522423E+00
  2.275000E+00  9.580309E+00  1.546779E+00
  2.325000E+00  7.459582E+00  1.566586E+00
  2.375000E+00  5.814179E+00  1.582695E+00
  2.425000E+00  4.248767E+00  1.594968E+00
  2.475000E+00  3.479226E+00  1.605437E+00
  2.525000E+00  3.644238E+00  1.616849E+00
  2.575000E+00  4.361936E+00  1.631056E+00
  2.625000E+00  4.926280E+00  1.647729E+00
  2.675000E+00  5.698632E+00  1.667759E+00
  2.725000E+00  6.126435E+00  1.690105E+00
  2.775000E+00  5.483661E+00  1.710847E+00
  2.825000E+00  6.013145E+00  1.734418E+00
  2.875000E+00  6.502367E+00  1.760818E+00
  2.925000E+00  6.391005E+00  1.787676E+00
  2.975000E+00  7.082340E+00  1.818465E+00
  3.025000E+00  7.404335E+00  1.851746E+00
  3.075000E+00  8.284679E+00  1.890224E+00
  3.125000E+00  8.487582E+00  1.930937E+00
  3.175000E+00  9.336541E+00  1.977167E+00
  3.225000E+00  9.293510E+00  2.024645E+00
  3.275000E+00  9.757093E+00  2.076048E+00
  3.325000E+00  9.901122E+00  2.129815E+00
  3.375000E+00  9.742551E+00  2.184324E+00
  3.425000E+00  1.039798E+01  2.244237E+00
  3.475000E+00  1.040856E+01  2.305974E+00
  3.525000E+00  1.050458E+01  2.370087E+00
  3.575000E+00  1.044077E+01  2.435631E+00
  3.625000E+00  9.966763E+00  2.499962E+00
  3.675000E+00  1.045321E+01  2.569306E+00
  3.725000E+00  1.054318E+01  2.641164E+00
  3.775000E+00  9.974019E+00  2.710979E+00
  3.825000E+00  1.002174E+01  2.782999E+00
  3.875000E+00  9.516414E+00  2.853187E+00
  3.925000E+00  9.667967E+00  2.926345E+00
  3.975000E+00  9.394689E+00  2.999258E+00
  4.025000E+00  9.382022E+00  3.073916E+00
  4.075000E+00  9.267428E+00  3.149505E+00
  4.125000E+00  9.088942E+00  3.225469E+00
  4.175000E+00  9.409695E+00  3.306032E+00
  4.225000E+00  9.316499E+00  3.387719E+00
  4.275000E+00  9.061822E+00  3.469064E+00
  4.325000E+00  9.043795E+00  3.552158E+00
  4.375000E+00  9.165085E+00  3.638324E+00
  4.425000E+00  9.156992E+00  3.726394E+00
  4.475000E+00  9.188162E+00  3.816771E+00
  4.525000E+00  9.157896E+00  3.908875E+00
  4.575000E+00  9.095032E+00  4.002380E+00
  4.625000E+00  9.092793E+00  4.097915E+00
  4.675000E+00  9.314675E+00  4.197910E+00
  4.725000E+00  9.261126E+00  4.299467E+00
  4.775000E+00  9.792678E+00  4.409139E+00
  4.825000E+00  9.821844E+00  4.521452E+00
  4.875000E+00  1.015124E+01  4.639951E+00
  4.925000E+00  1.010675E+01  4.760362E+00
  4.975000E+00  1.048488E+01  4.887828E+00
  5.025000E+00  1.013507E+01  5.013531E+00
  5.075000E+00  1.024742E+01  5.143168E+00
  5.125000E+00  1.008778E+01  5.273313E+00
  5.175000E+00  9.975032E+00  5.404527E+00
  5.225000E+00  9.861719E+00  5.536769E+00
  5.275000E+00  9.959557E+00  5.672891E+00
  5.325000E+00  9.595472E+00  5.806535E+00
  5.375000E+00  9.614913E+00  5.942977E+00
  5.425000E+00  9.470460E+00  6.079880E+00
  5.475000E+00  9.456996E+00  6.219121E+00
  5.525000E+00  9.238282E+00  6.357637E+00
  5.575000E+00  9.107624E+00  6.496676E+00
  5.625000E+00  9.013472E+00  6.636758E+00
  5.675000E+00  8.690827E+00  6.774237E+00
  5.725000E+00  8.646405E+00  6.913434E+00
  5.775000E+00  8.430113E+00  7.051530E+00
  5.825000E+00  8.365247E+00  7.190946E+00
  5.875000E+00  8.251086E+00  7.330831E+00
  5.925000E+00  8.080892E+00  7.470172E+00
  5.975000E+00  7.977727E+00  7.610066E+00
Li      La      
  2.500000E-02  0.000000E+00  0.000000E+00
  7.500000E-02  0.000000E+00  0.000000E+00
  1.250000E-01  0.000000E+00  0.000000E+00
  1.750000E-01  0.000000E+00  0.000000E+00
  2.250000E-01  0.000000E+00  0.000000E+00
  2.750000E-01  0.000000E+00  0.000000E+00
  3.250000E-01  0.000000E+00  0.000000E+00
  3.750000E-01  0.000000E+00  0.000000E+00
  4.250000E-01  0.000000E+00  0.000000E+00
  4.750000E-01  0.000000E+00  0.000000E+00
  5.250000E-01  0.000000E+00  0.000000E+00
  5.750000E-01  0.000000E+00  0.000000E+00
  6.250000E-01  0.000000E+00  0.000000E+00
  6.750000E-01  0.000000E+00  0.000000E+00
  7.250000E-01  0.000000E+00  0.000000E+00
  7.750000E-01  3.025700E-04  3.826872E-08
  8.250000E-01  0.000000E+00  3.826872E-08
  8.750000E-01  0.000000E+00  3.826872E-08
  9.250000E-01  0.000000E+00  3.826872E-08
  9.750000E-01  0.000000E+00  3.826872E-08
  1.025000E+00  0.000000E+00  3.826872E-08
  1.075000E+00  1.572840E-04  7.653745E-08
  1.125000E+00  0.000000E+00  7.653745E-08
  1.175000E+00  0.000000E+00  7.653745E-08
  1.225000E+00  0.000000E+00  7.653745E-08
  1.275000E+00  0.000000E+00  7.653745E-08
  1.325000E+00  1.035372E-04  1.148062E-07
  1.375000E+00  0.000000E+00  1.148062E-07
  1.425000E+00  0.000000E+00  1.148062E-07
  1.475000E+00  8.355150E-05  1.530749E-07
  1.525000E+00  1.563260E-04  2.296123E-07
  1.575000E+00  7.327946E-05  2.678811E-07
  1.625000E+00  0.000000E+00  2.678811E-07
  1.675000E+00  6.479149E-05  3.061498E-07
  1.725000E+00  2.443606E-04  4.592247E-07
  1.775000E+00  1.730915E-04  5.740308E-07
  1.825000E+00  2.183167E-04  7.271057E-07
  1.875000E+00  5.170727E-04  1.109793E-06
  1.925000E+00  5.396183E-04  1.530749E-06
  1.975000E+00  5.126431E-04  1.951705E-06
  2.025000E+00  7.536274E-04  2.602273E-06
  2.075000E+00  1.731038E-03  4.171291E-06
  2.125000E+00  1.501588E-02  1.844552E-05
  2.175000E+00  6.129187E-02  7.948414E-05
  2.225000E+00  1.812127E-01  2.683403E-04
  2.275000E+00  7.243901E-01  1.057594E-03
  2.325000E+00  2.281139E+00  3.653438E-03
  2.375000E+00  6.958528E+00  1.191619E-02
  2.425000E+00  1.473208E+01  3.015376E-02
  2.475000E+00  2.486309E+01  6.221530E-02
  2.525000E+00  3.572471E+01  1.101632E-01
  2.575000E+00  4.179849E+01  1.685068E-01
  2.625000E+00  4.639867E+01  2.358108E-01
  2.675000E+00  4.901473E+01  3.096439E-01
  2.725000E+00  5.031891E+01  3.883015E-01
  2.775000E+00  4.778395E+01  4.657626E-01
  2.825000E+00  4.880991E+01  5.477638E-01
  2.875000E+00  4.562001E+01  6.271429E-01
  2.925000E+00  4.355363E+01  7.055853E-01
  2.975000E+00  4.068999E+01  7.813970E-01
  3.025000E+00  3.898942E+01  8.565024E-01
  3.075000E+00  3.531129E+01  9.267898E-01
  3.125000E+00  3.211458E+01  9.928098E-01
  3.175000E+00  3.099415E+01  1.058582E+00
  3.225000E+00  2.920166E+01  1.122517E+00
  3.275000E+00  2.719022E+01  1.183908E+00
  3.325000E+00  2.572631E+01  1.243782E+00
  3.375000E+00  2.460251E+01  1.302774E+00
  3.425000E+00  2.334040E+01  1.360411E+00
  3.475000E+00  2.131332E+01  1.414591E+00
  3.525000E+00  1.975315E+01  1.466259E+00
  3.575000E+00  1.854899E+01  1.516164E+00
  3.625000E+00  1.665735E+01  1.562242E+00
  3.675000E+00  1.557444E+01  1.606521E+00
  3.725000E+00  1.441783E+01  1.648635E+00
  3.775000E+00  1.341970E+01  1.688892E+00
  3.825000E+00  1.234052E+01  1.726899E+00
  3.875000E+00  1.125210E+01  1.762466E+00
  3.925000E+00  1.018634E+01  1.795501E+00
  3.975000E+00  9.039122E+00  1.825567E+00
  4.025000E+00  8.558686E+00  1.854755E+00
  4.075000E+00  8.208023E+00  1.883447E+00
  4.125000E+00  7.745995E+00  1.911193E+00
  4.175000E+00  7.358785E+00  1.938194E+00
  4.225000E+00  6.899718E+00  1.964121E+00
  4.275000E+00  6.844309E+00  1.990452E+00
  4.325000E+00  6.899239E+00  2.017620E+00
  4.375000E+00  6.628283E+00  2.044327E+00
  4.425000E+00  6.451820E+00  2.070920E+00
  4.475000E+00  6.256554E+00  2.097295E+00
  4.525000E+00  6.297892E+00  2.124441E+00
  4.575000E+00  6.341722E+00  2.152383E+00
  4.625000E+00  6.072333E+00  2.179726E+00
  4.675000E+00  5.945219E+00  2.207078E+00
  4.725000E+00  6.080532E+00  2.235655E+00
  4.775000E+00  6.084124E+00  2.264857E+00
  4.825000E+00  6.132654E+00  2.294912E+00
  4.875000E+00  6.005207E+00  2.324955E+00
  4.925000E+00  6.030876E+00  2.355749E+00
  4.975000E+00  5.931673E+00  2.386654E+00
  5.025000E+00  6.097440E+00  2.419064E+00
  5.075000E+00  6.021874E+00  2.451714E+00
  5.125000E+00  6.109681E+00  2.485495E+00
  5.175000E+00  6.146521E+00  2.520146E+00
  5.225000E+00  6.156553E+00  2.555527E+00
  5.275000E+00  6.272589E+00  2.592269E+00
  5.325000E+00  6.255432E+00  2.629608E+00
  5.375000E+00  6.369262E+00  2.668344E+00
  5.425000E+00  6.455245E+00  2.708337E+00
  5.475000E+00  6.466876E+00  2.749143E+00
  5.525000E+00  6.462082E+00  2.790668E+00
  5.575000E+00  6.338403E+00  2.832138E+00
  5.625000E+00  6.477831E+00  2.875284E+00
  5.675000E+00  6.563465E+00  2.919781E+00
  5.725000E+00  6.537911E+00  2.964889E+00
  5.775000E+00  6.663829E+00  3.011673E+00
  5.825000E+00  6.711034E+00  3.059608E+00
  5.875000E+00  6.754483E+00  3.108684E+00
  5.925000E+00  6.790799E+00  3.158868E+00
  5.975000E+00  6.621154E+00  3.208628E+00
Li      Zr      
  2.500000E-02  0.000000E+00  0.000000E+00
  7.500000E-02  0.000000E+00  0.000000E+00
  1.250000E-01  0.000000E+00  0.000000E+00
  1.750000E-01  0.000000E+00  0.000000E+00
  2.250000E-01  0.000000E+00  0.000000E+00
  2.750000E-01  0.000000E+00  0.000000E+00
  3.250000E-01  0.000000E+00  0.000000E+00
  3.750000E-01  0.000000E+00  0.000000E+00
  4.250000E-01  0.000000E+00  0.000000E+00
  4.750000E-01  0.000000E+00  0.000000E+00
  5.250000E-01  0.000000E+00  0.000000E+00
  5.750000E-01  0.000000E+00  0.000000E+00
  6.250000E-01  0.000000E+00  0.000000E+00
  6.750000E-01  5.982257E-04  3.826872E-08
  7.250000E-01  0.000000E+00  3.826872E-08
  7.750000E-01  0.000000E+00  3.826872E-08
  8.250000E-01  0.000000E+00  3.826872E-08
  8.750000E-01  0.000000E+00  3.826872E-08
  9.250000E-01  0.000000E+00  3.826872E-08
  9.750000E-01  0.000000E+00  3.826872E-08
  1.025000E+00  0.000000E+00  3.826872E-08
  1.075000E+00  4.718521E-04  1.148062E-07
  1.125000E+00  0.000000E+00  1.148062E-07
  1.175000E+00  0.000000E+00  1.148062E-07
  1.225000E+00  1.816932E-04  1.530749E-07
  1.275000E+00  1.677240E-04  1.913436E-07
  1.325000E+00  0.000000E+00  1.913436E-07
  1.375000E+00  0.000000E+00  1.913436E-07
  1.425000E+00  0.000000E+00  1.913436E-07
  1.475000E+00  0.000000E+00  1.913436E-07
  1.525000E+00  0.000000E+00  1.913436E-07
  1.575000E+00  2.198384E-04  2.678811E-07
  1.625000E+00  2.065191E-04  3.444185E-07
  1.675000E+00  1.943745E-04  4.209560E-07
  1.725000E+00  4.581762E-04  6.122996E-07
  1.775000E+00  3.461830E-04  7.653745E-07
  1.825000E+00  8.186876E-04  1.148062E-06
  1.875000E+00  9.307308E-04  1.607286E-06
  1.925000E+00  2.428282E-03  2.870154E-06
  1.975000E+00  6.850777E-03  6.620489E-06
  2.025000E+00  7.208224E-02  4.810378E-05
  2.075000E+00  5.961947E-01  4.083655E-04
  2.125000E+00  2.633657E+00  2.077418E-03
  2.175000E+00  7.708654E+00  7.195285E-03
  2.225000E+00  1.142869E+01  1.513578E-02
  2.275000E+00  1.344370E+01  2.490077E-02
  2.325000E+00  1.575922E+01  3.685634E-02
  2.375000E+00  2.045331E+01  5.304757E-02
  2.425000E+00  2.344116E+01  7.239356E-02
  2.475000E+00  3.017883E+01  9.833776E-02
  2.525000E+00  3.863856E+01  1.329103E-01
  2.575000E+00  4.830823E+01  1.778636E-01
  2.625000E+00  5.375186E+01  2.298438E-01
  2.675000E+00  5.657964E+01  2.866628E-01
  2.725000E+00  5.734282E+01  3.464209E-01
  2.775000E+00  5.501332E+01  4.058746E-01
  2.825000E+00  5.224091E+01  4.643848E-01
  2.875000E+00  4.500152E+01  5.165867E-01
  2.925000E+00  4.024846E+01  5.649131E-01
  2.975000E+00  3.358272E+01  6.066263E-01
  3.025000E+00  2.857356E+01  6.433205E-01
  3.075000E+00  2.451124E+01  6.758470E-01
  3.125000E+00  2.057918E+01  7.040510E-01
  3.175000E+00  1.701209E+01  7.281183E-01
  3.225000E+00  1.496745E+01  7.499651E-01
  3.275000E+00  1.312955E+01  7.697282E-01
  3.325000E+00  1.098797E+01  7.867765E-01
  3.375000E+00  1.008256E+01  8.028941E-01
  3.425000E+00  9.828390E+00  8.190743E-01
  3.475000E+00  9.246179E+00  8.347437E-01
  3.525000E+00  8.564870E+00  8.496792E-01
  3.575000E+00  8.108557E+00  8.642229E-01
  3.625000E+00  7.740390E+00  8.784973E-01
  3.675000E+00  7.376422E+00  8.924784E-01
  3.725000E+00  6.659947E+00  9.054472E-01
  3.775000E+00  6.857046E+00  9.191608E-01
  3.825000E+00  6.616886E+00  9.327469E-01
  3.875000E+00  6.987463E+00  9.474715E-01
  3.925000E+00  7.063957E+00  9.627438E-01
  3.975000E+00  7.079691E+00  9.784427E-01
  4.025000E+00  7.307159E+00  9.950561E-01
  4.075000E+00  7.293832E+00  1.012054E+00
  4.125000E+00  7.323952E+00  1.029543E+00
  4.175000E+00  7.395820E+00  1.047635E+00
  4.225000E+00  7.734765E+00  1.067011E+00
  4.275000E+00  7.802343E+00  1.087023E+00
  4.325000E+00  7.364142E+00  1.106354E+00
  4.375000E+00  7.776091E+00  1.127242E+00
  4.425000E+00  7.716944E+00  1.148448E+00
  4.475000E+00  7.551155E+00  1.169669E+00
  4.525000E+00  7.633245E+00  1.191604E+00
  4.575000E+00  7.572254E+00  1.213846E+00
  4.625000E+00  7.552997E+00  1.236520E+00
  4.675000E+00  7.265811E+00  1.258805E+00
  4.725000E+00  7.244167E+00  1.281502E+00
  4.775000E+00  6.842649E+00  1.303397E+00
  4.825000E+00  7.029559E+00  1.326364E+00
  4.875000E+00  6.895363E+00  1.349362E+00
  4.925000E+00  6.642374E+00  1.371972E+00
  4.975000E+00  6.703857E+00  1.395258E+00
  5.025000E+00  6.604244E+00  1.418661E+00
  5.075000E+00  6.399476E+00  1.441792E+00
  5.125000E+00  6.365292E+00  1.465255E+00
  5.175000E+00  6.115302E+00  1.488238E+00
  5.225000E+00  6.135934E+00  1.511747E+00
  5.275000E+00  6.325776E+00  1.536449E+00
  5.325000E+00  6.258740E+00  1.561355E+00
  5.375000E+00  6.360799E+00  1.587145E+00
  5.425000E+00  6.207853E+00  1.612785E+00
  5.475000E+00  6.349821E+00  1.639497E+00
  5.525000E+00  6.332758E+00  1.666626E+00
  5.575000E+00  6.470741E+00  1.694850E+00
  5.625000E+00  6.722488E+00  1.724700E+00
  5.675000E+00  6.822463E+00  1.755535E+00
  5.725000E+00  6.757245E+00  1.786617E+00
  5.775000E+00  6.719851E+00  1.818068E+00
  5.825000E+00  6.745675E+00  1.850189E+00
  5.875000E+00  6.901129E+00  1.883617E+00
  5.925000E+00  6.888938E+00  1.917557E+00
  5.975000E+00  7.060849E+00  1.952933E+00
Li      O       
  2.500000E-02  0.000000E+00  0.000000E+00
  7.500000E-02  0.000000E+00  0.000000E+00
  1.250000E-01  0.000000E+00  0.000000E+00
  1.750000E-01  0.000000E+00  0.000000E+00
  2.250000E-01  0.000000E+00  0.000000E+00
  2.750000E-01  1.198643E-03  7.653745E-08
  3.250000E-01  8.588699E-04  1.530749E-07
  3.750000E-01  6.454230E-04  2.296123E-07
  4.250000E-01  0.000000E+00  2.296123E-07
  4.750000E-01  1.006241E-03  4.209560E-07
  5.250000E-01  3.295362E-04  4.974934E-07
  5.750000E-01  9.616314E-04  7.653745E-07
  6.250000E-01  8.140036E-04  1.033256E-06
  6.750000E-01  7.976342E-04  1.339405E-06
  7.250000E-01  9.507459E-04  1.760361E-06
  7.750000E-01  1.815420E-03  2.678811E-06
  8.250000E-01  2.069382E-03  3.865141E-06
  8.750000E-01  3.382676E-03  6.046458E-06
  9.250000E-01  1.088641E-02  1.389155E-05
  9.750000E-01  2.925276E-02  3.731200E-05
  1.025000E+00  1.028052E-01  1.282768E-04
  1.075000E+00  5.441241E-01  6.578393E-04
  1.125000E+00  2.098717E+01  2.302725E-02
  1.175000E+00  3.282507E+02  4.046823E-01
  1.225000E+00  8.888689E+02  1.527978E+00
  1.275000E+00  2.675067E+02  1.894192E+00
  1.325000E+00  3.764914E+01  1.949855E+00
  1.375000E+00  7.794041E+00  1.962264E+00
  1.425000E+00  3.967394E+00  1.969048E+00
  1.475000E+00  1.732482E+00  1.972222E+00
  1.525000E+00  1.070677E+00  1.974319E+00
  1.575000E+00  5.889654E-01  1.975549E+00
  1.625000E+00  4.597803E-01  1.976572E+00
  1.675000E+00  3.746244E-01  1.977457E+00
  1.725000E+00  2.881776E-01  1.978179E+00
  1.775000E+00  2.877213E-01  1.978942E+00
  1.825000E+00  3.156723E-01  1.979828E+00
  1.875000E+00  3.997230E-01  1.981011E+00
  1.925000E+00  4.225211E-01  1.982329E+00
  1.975000E+00  5.408269E-01  1.984106E+00
  2.025000E+00  5.752393E-01  1.986092E+00
  2.075000E+00  8.966564E-01  1.989343E+00
  2.125000E+00  9.353726E-01  1.992900E+00
  2.175000E+00  1.488000E+00  1.998827E+00
  2.225000E+00  2.195575E+00  2.007980E+00
  2.275000E+00  3.605521E+00  2.023693E+00
  2.325000E+00  5.442054E+00  2.048465E+00
  2.375000E+00  4.529043E+00  2.069976E+00
  2.425000E+00  5.793666E+00  2.098665E+00
  2.475000E+00  8.816810E+00  2.144143E+00
  2.525000E+00  1.146267E+01  2.205682E+00
  2.575000E+00  1.257156E+01  2.275873E+00
  2.625000E+00  1.397552E+01  2.356962E+00
  2.675000E+00  1.490597E+01  2.446776E+00
  2.725000E+00  1.582928E+01  2.545752E+00
  2.775000E+00  1.592835E+01  2.649036E+00
  2.825000E+00  1.603527E+01  2.756794E+00
  2.875000E+00  1.579620E+01  2.866736E+00
  2.925000E+00  1.582527E+01  2.980745E+00
  2.975000E+00  1.553298E+01  3.096506E+00
  3.025000E+00  1.504576E+01  3.212437E+00
  3.075000E+00  1.480394E+01  3.330306E+00
  3.125000E+00  1.474203E+01  3.451531E+00
  3.175000E+00  1.420139E+01  3.572076E+00
  3.225000E+00  1.346409E+01  3.689991E+00
  3.275000E+00  1.268644E+01  3.804568E+00
  3.325000E+00  1.150176E+01  3.911641E+00
  3.375000E+00  1.012362E+01  4.008740E+00
  3.425000E+00  9.826414E+00  4.105802E+00
  3.475000E+00  9.643984E+00  4.203863E+00
  3.525000E+00  9.222683E+00  4.300358E+00
  3.575000E+00  9.301357E+00  4.400457E+00
  3.625000E+00  9.484715E+00  4.505405E+00
  3.675000E+00  9.451255E+00  4.612886E+00
  3.725000E+00  9.801627E+00  4.727406E+00
  3.775000E+00  1.001934E+01  4.847634E+00
  3.825000E+00  1.049077E+01  4.976875E+00
  3.875000E+00  1.078705E+01  5.113263E+00
  3.925000E+00  1.100959E+01  5.256080E+00
  3.975000E+00  1.100938E+01  5.402556E+00
  4.025000E+00  1.110174E+01  5.554000E+00
  4.075000E+00  1.130552E+01  5.712080E+00
  4.125000E+00  1.150257E+01  5.876885E+00
  4.175000E+00  1.137585E+01  6.043851E+00
  4.225000E+00  1.135208E+01  6.214482E+00
  4.275000E+00  1.145110E+01  6.390699E+00
  4.325000E+00  1.128824E+01  6.568497E+00
  4.375000E+00  1.129321E+01  6.750510E+00
  4.425000E+00  1.105146E+01  6.932721E+00
  4.475000E+00  1.115045E+01  7.120743E+00
  4.525000E+00  1.114366E+01  7.312872E+00
  4.575000E+00  1.123582E+01  7.510895E+00
  4.625000E+00  1.101028E+01  7.709208E+00
  4.675000E+00  1.096317E+01  7.910964E+00
  4.725000E+00  1.082541E+01  8.114470E+00
  4.775000E+00  1.063273E+01  8.318606E+00
  4.825000E+00  1.047843E+01  8.524014E+00
  4.875000E+00  1.033968E+01  8.730926E+00
  4.925000E+00  1.020566E+01  8.939366E+00
  4.975000E+00  1.007130E+01  9.149259E+00
  5.025000E+00  9.862332E+00  9.358950E+00
  5.075000E+00  9.738888E+00  9.570158E+00
  5.125000E+00  9.539397E+00  9.781135E+00
  5.175000E+00  9.341769E+00  9.991793E+00
  5.225000E+00  9.183839E+00  1.020291E+01
  5.275000E+00  9.076833E+00  1.041558E+01
  5.325000E+00  8.939376E+00  1.062902E+01
  5.375000E+00  8.832079E+00  1.084388E+01
  5.425000E+00  8.642596E+00  1.105805E+01
  5.475000E+00  8.452850E+00  1.127140E+01
  5.525000E+00  8.269975E+00  1.148397E+01
  5.575000E+00  8.208695E+00  1.169880E+01
  5.625000E+00  8.128607E+00  1.191536E+01
  5.675000E+00  7.962198E+00  1.213128E+01
  5.725000E+00  7.938336E+00  1.235037E+01
  5.775000E+00  7.778782E+00  1.256881E+01
  5.825000E+00  7.678020E+00  1.278818E+01
  5.875000E+00  7.612199E+00  1.300941E+01
  5.925000E+00  7.502122E+00  1.323117E+01
  5.975000E+00  7.403640E+00  1.345373E+01
Li      O_s     
  2.500000E-02  0.000000E+00  0.000000E+00
  7.500000E-02  0.000000E+00  0.000000E+00
  1.250000E-01  0.000000E+00  0.000000E+00
  1.750000E-01  0.000000E+00  0.000000E+00
  2.250000E-01  0.000000E+00  0.000000E+00
  2.750000E-01  0.000000E+00  0.000000E+00
  3.250000E-01  0.000000E+00  0.000000E+00
  3.750000E-01  0.000000E+00  0.000000E+00
  4.250000E-01  2.513283E-04  3.826872E-08
  4.750000E-01  0.000000E+00  3.826872E-08
  5.250000E-01  3.295362E-04  1.148062E-07
  5.750000E-01  4.121278E-04  2.296123E-07
  6.250000E-01  2.325725E-04  3.061498E-07
  6.750000E-01  5.982257E-04  5.357621E-07
  7.250000E-01  8.643144E-04  9.184494E-07
  7.750000E-01  1.966705E-03  1.913436E-06
  8.250000E-01  4.939816E-03  4.745322E-06
  8.750000E-01  1.934654E-02  1.722093E-05
  9.250000E-01  1.007582E+01  7.278175E-03
  9.750000E-01  4.752312E+01  4.532632E-02
  1.025000E+00  1.521700E+02  1.799703E-01
  1.075000E+00  1.021368E+03  1.174005E+00
  1.125000E+00  5.474622E+02  1.757524E+00
  1.175000E+00  1.169968E+02  1.893556E+00
  1.225000E+00  3.541424E+01  1.938310E+00
  1.275000E+00  1.417340E+01  1.957713E+00
  1.325000E+00  5.582754E+00  1.965967E+00
  1.375000E+00  2.525801E+00  1.969988E+00
  1.425000E+00  1.244600E+00  1.972117E+00
  1.475000E+00  8.928104E-01  1.973752E+00
  1.525000E+00  5.630082E-01  1.974855E+00
  1.575000E+00  4.291062E-01  1.975751E+00
  1.625000E+00  3.349223E-01  1.976496E+00
  1.675000E+00  3.285577E-01  1.977272E+00
  1.725000E+00  2.965011E-01  1.978015E+00
  1.775000E+00  3.452598E-01  1.978931E+00
  1.825000E+00  5.223636E-01  1.980396E+00
  1.875000E+00  7.008791E-01  1.982471E+00
  1.925000E+00  8.501441E-01  1.985124E+00
  1.975000E+00  1.236274E+00  1.989185E+00
  2.025000E+00  2.488877E+00  1.997779E+00
  2.075000E+00  4.808474E+00  2.015212E+00
  2.125000E+00  3.811407E+00  2.029705E+00
  2.175000E+00  3.468111E+00  2.043520E+00
  2.225000E+00  4.875017E+00  2.063843E+00
  2.275000E+00  6.956809E+00  2.094162E+00
  2.325000E+00  9.416586E+00  2.137024E+00
  2.375000E+00  1.089200E+01  2.188758E+00
  2.425000E+00  1.288037E+01  2.252539E+00
  2.475000E+00  1.388217E+01  2.324145E+00
  2.525000E+00  1.434947E+01  2.401181E+00
  2.575000E+00  1.512718E+01  2.485641E+00
  2.625000E+00  1.565091E+01  2.576451E+00
  2.675000E+00  1.589733E+01  2.672239E+00
  2.725000E+00  1.611190E+01  2.772982E+00
  2.775000E+00  1.559830E+01  2.874126E+00
  2.825000E+00  1.494199E+01  2.974537E+00
  2.875000E+00  1.459950E+01  3.076150E+00
  2.925000E+00  1.460294E+01  3.181352E+00
  2.975000E+00  1.441469E+01  3.288779E+00
  3.025000E+00  1.445758E+01  3.400178E+00
  3.075000E+00  1.389072E+01  3.510776E+00
  3.125000E+00  1.318298E+01  3.619181E+00
  3.175000E+00  1.203705E+01  3.721355E+00
  3.225000E+00  1.095194E+01  3.817269E+00
  3.275000E+00  1.007221E+01  3.908235E+00
  3.325000E+00  9.656339E+00  3.998129E+00
  3.375000E+00  9.344417E+00  4.087754E+00
  3.425000E+00  9.297211E+00  4.179589E+00
  3.475000E+00  8.983631E+00  4.270936E+00
  3.525000E+00  9.135055E+00  4.366514E+00
  3.575000E+00  9.424672E+00  4.467940E+00
  3.625000E+00  9.595116E+00  4.574109E+00
  3.675000E+00  9.654433E+00  4.683901E+00
  3.725000E+00  1.002746E+01  4.801060E+00
  3.775000E+00  1.039183E+01  4.925757E+00
  3.825000E+00  1.059277E+01  5.056255E+00
  3.875000E+00  1.061496E+01  5.190467E+00
  3.925000E+00  1.115638E+01  5.335188E+00
  3.975000E+00  1.125297E+01  5.484905E+00
  4.025000E+00  1.130211E+01  5.639083E+00
  4.075000E+00  1.152154E+01  5.800183E+00
  4.125000E+00  1.168046E+01  5.967537E+00
  4.175000E+00  1.175938E+01  6.140132E+00
  4.225000E+00  1.142058E+01  6.311792E+00
  4.275000E+00  1.148962E+01  6.488602E+00
  4.325000E+00  1.145624E+01  6.669047E+00
  4.375000E+00  1.131350E+01  6.851387E+00
  4.425000E+00  1.123013E+01  7.036544E+00
  4.475000E+00  1.121350E+01  7.225628E+00
  4.525000E+00  1.098616E+01  7.415042E+00
  4.575000E+00  1.108846E+01  7.610468E+00
  4.625000E+00  1.075510E+01  7.804184E+00
  4.675000E+00  1.080139E+01  8.002963E+00
  4.725000E+00  1.060721E+01  8.202367E+00
  4.775000E+00  1.030502E+01  8.400211E+00
  4.825000E+00  1.012710E+01  8.598733E+00
  4.875000E+00  1.004881E+01  8.799823E+00
  4.925000E+00  9.755690E+00  8.999073E+00
  4.975000E+00  9.783849E+00  9.202976E+00
  5.025000E+00  9.602370E+00  9.407140E+00
  5.075000E+00  9.505576E+00  9.613287E+00
  5.125000E+00  9.299804E+00  9.818966E+00
  5.175000E+00  9.335000E+00  1.002947E+01
  5.225000E+00  9.150899E+00  1.023983E+01
  5.275000E+00  9.051796E+00  1.045191E+01
  5.325000E+00  8.937174E+00  1.066530E+01
  5.375000E+00  8.749072E+00  1.087814E+01
  5.425000E+00  8.653120E+00  1.109257E+01
  5.475000E+00  8.521873E+00  1.130767E+01
  5.525000E+00  8.410359E+00  1.152385E+01
  5.575000E+00  8.365744E+00  1.174278E+01
  5.625000E+00  8.289581E+00  1.196364E+01
  5.675000E+00  8.036184E+00  1.218156E+01
  5.725000E+00  7.914850E+00  1.240000E+01
  5.775000E+00  7.913245E+00  1.262222E+01
  5.825000E+00  7.801429E+00  1.284511E+01
  5.875000E+00  7.729981E+00  1.306977E+01
  5.925000E+00  7.577290E+00  1.329375E+01
  5.975000E+00  7.514034E+00  1.351963E+01
La      La      
  2.500000E-02  0.000000E+00  0.000000E+00
  7.500000E-02  0.000000E+00  0.000000E+00
  1.250000E-01  0.000000E+00  0.000000E+00
  1.750000E-01  0.000000E+00  0.000000E+00
  2.250000E-01  0.000000E+00  0.000000E+00
  2.750000E-01  0.000000E+00  0.000000E+00
  3.250000E-01  0.000000E+00  0.000000E+00
  3.750000E-01  0.000000E+00  0.000000E+00
  4.250000E-01  0.000000E+00  0.000000E+00
  4.750000E-01  0.000000E+00  0.000000E+00
  5.250000E-01  0.000000E+00  0.000000E+00
  5.750000E-01  0.000000E+00  0.000000E+00
  6.250000E-01  0.000000E+00  0.000000E+00
  6.750000E-01  0.000000E+00  0.000000E+00
  7.250000E-01  0.000000E+00  0.000000E+00
  7.750000E-01  0.000000E+00  0.000000E+00
  8.250000E-01  0.000000E+00  0.000000E+00
  8.750000E-01  0.000000E+00  0.000000E+00
  9.250000E-01  0.000000E+00  0.000000E+00
  9.750000E-01  0.000000E+00  0.000000E+00
  1.025000E+00  0.000000E+00  0.000000E+00
  1.075000E+00  0.000000E+00  0.000000E+00
  1.125000E+00  0.000000E+00  0.000000E+00
  1.175000E+00  0.000000E+00  0.000000E+00
  1.225000E+00  0.000000E+00  0.000000E+00
  1.275000E+00  0.000000E+00  0.000000E+00
  1.325000E+00  0.000000E+00  0.000000E+00
  1.375000E+00  0.000000E+00  0.000000E+00
  1.425000E+00  0.000000E+00  0.000000E+00
  1.475000E+00  0.000000E+00  0.000000E+00
  1.525000E+00  0.000000E+00  0.000000E+00
  1.575000E+00  0.000000E+00  0.000000E+00
  1.625000E+00  0.000000E+00  0.000000E+00
  1.675000E+00  0.000000E+00  0.000000E+00
  1.725000E+00  0.000000E+00  0.000000E+00
  1.775000E+00  0.000000E+00  0.000000E+00
  1.825000E+00  0.000000E+00  0.000000E+00
  1.875000E+00  0.000000E+00  0.000000E+00
  1.925000E+00  0.000000E+00  0.000000E+00
  1.975000E+00  0.000000E+00  0.000000E+00
  2.025000E+00  0.000000E+00  0.000000E+00
  2.075000E+00  0.000000E+00  0.000000E+00
  2.125000E+00  0.000000E+00  0.000000E+00
  2.175000E+00  0.000000E+00  0.000000E+00
  2.225000E+00  0.000000E+00  0.000000E+00
  2.275000E+00  0.000000E+00  0.000000E+00
  2.325000E+00  0.000000E+00  0.000000E+00
  2.375000E+00  0.000000E+00  0.000000E+00
  2.425000E+00  0.000000E+00  0.000000E+00
  2.475000E+00  0.000000E+00  0.000000E+00
  2.525000E+00  1.331050E-04  1.786469E-07
  2.575000E+00  0.000000E+00  1.786469E-07
  2.625000E+00  0.000000E+00  1.786469E-07
  2.675000E+00  0.000000E+00  1.786469E-07
  2.725000E+00  0.000000E+00  1.786469E-07
  2.775000E+00  2.204061E-04  5.359408E-07
  2.825000E+00  1.063367E-04  7.145877E-07
  2.875000E+00  3.080109E-04  1.250528E-06
  2.925000E+00  4.959514E-04  2.143763E-06
  2.975000E+00  6.711897E-04  3.394292E-06
  3.025000E+00  1.112889E-03  5.538055E-06
  3.075000E+00  4.038724E-03  1.357717E-05
  3.125000E+00  1.086256E-02  3.590803E-05
  3.175000E+00  3.796746E-02  1.164778E-04
  3.225000E+00  9.326303E-02  3.206712E-04
  3.275000E+00  1.555550E-01  6.718911E-04
  3.325000E+00  3.024379E-01  1.375760E-03
  3.375000E+00  6.158449E-01  2.852455E-03
  3.425000E+00  1.120970E+00  5.620589E-03
  3.475000E+00  1.737744E+00  1.003799E-02
  3.525000E+00  2.543405E+00  1.669080E-02
  3.575000E+00  3.240949E+00  2.541038E-02
  3.625000E+00  4.602986E+00  3.814326E-02
  3.675000E+00  5.565341E+00  5.396584E-02
  3.725000E+00  6.579178E+00  7.318325E-02
  3.775000E+00  7.783294E+00  9.653222E-02
  3.825000E+00  8.581315E+00  1.229616E-01
  3.875000E+00  9.831198E+00  1.540372E-01
  3.925000E+00  1.099953E+01  1.897089E-01
  3.975000E+00  1.098360E+01  2.262422E-01
  4.025000E+00  1.124715E+01  2.645991E-01
  4.075000E+00  1.153352E+01  3.049160E-01
  4.125000E+00  1.179167E+01  3.471530E-01
  4.175000E+00  1.185651E+01  3.906579E-01
  4.225000E+00  1.277806E+01  4.386741E-01
  4.275000E+00  1.273153E+01  4.876545E-01
  4.325000E+00  1.369856E+01  5.415951E-01
  4.375000E+00  1.373831E+01  5.969503E-01
  4.425000E+00  1.352456E+01  6.526969E-01
  4.475000E+00  1.338379E+01  7.091170E-01
  4.525000E+00  1.412284E+01  7.699904E-01
  4.575000E+00  1.463830E+01  8.344876E-01
  4.625000E+00  1.463832E+01  9.004025E-01
  4.675000E+00  1.406000E+01  9.650894E-01
  4.725000E+00  1.405523E+01  1.031145E+00
  4.775000E+00  1.347035E+01  1.095799E+00
  4.825000E+00  1.405772E+01  1.164692E+00
  4.875000E+00  1.432769E+01  1.236371E+00
  4.925000E+00  1.369152E+01  1.306280E+00
  4.975000E+00  1.390476E+01  1.378727E+00
  5.025000E+00  1.352894E+01  1.450639E+00
  5.075000E+00  1.345943E+01  1.523613E+00
  5.125000E+00  1.303928E+01  1.595708E+00
  5.175000E+00  1.303666E+01  1.669203E+00
  5.225000E+00  1.350810E+01  1.746834E+00
  5.275000E+00  1.357009E+01  1.826321E+00
  5.325000E+00  1.312105E+01  1.904641E+00
  5.375000E+00  1.210014E+01  1.978230E+00
  5.425000E+00  1.194255E+01  2.052219E+00
  5.475000E+00  1.102434E+01  2.121783E+00
  5.525000E+00  1.061815E+01  2.190014E+00
  5.575000E+00  1.006045E+01  2.255837E+00
  5.625000E+00  1.047928E+01  2.325635E+00
  5.675000E+00  1.021325E+01  2.394875E+00
  5.725000E+00  9.602316E+00  2.461127E+00
  5.775000E+00  8.299873E+00  2.519396E+00
  5.825000E+00  8.663652E+00  2.581278E+00
  5.875000E+00  7.524785E+00  2.635951E+00
  5.925000E+00  7.259247E+00  2.689597E+00
  5.975000E+00  7.351016E+00  2.744841E+00
La      Zr      
  2.500000E-02  0.000000E+00  0.000000E+00
  7.500000E-02  0.000000E+00  0.000000E+00
  1.250000E-01  0.000000E+00  0.000000E+00
  1.750000E-01  0.000000E+00  0.000000E+00
  2.250000E-01  0.000000E+00  0.000000E+00
  2.750000E-01  0.000000E+00  0.000000E+00
  3.250000E-01  0.000000E+00  0.000000E+00
  3.750000E-01  0.000000E+00  0.000000E+00
  4.250000E-01  0.000000E+00  0.000000E+00
  4.750000E-01  0.000000E+00  0.000000E+00
  5.250000E-01  0.000000E+00  0.000000E+00
  5.750000E-01  0.000000E+00  0.000000E+00
  6.250000E-01  0.000000E+00  0.000000E+00
  6.750000E-01  0.000000E+00  0.000000E+00
  7.250000E-01  0.000000E+00  0.000000E+00
  7.750000E-01  0.000000E+00  0.000000E+00
  8.250000E-01  0.000000E+00  0.000000E+00
  8.750000E-01  0.000000E+00  0.000000E+00
  9.250000E-01  0.000000E+00  0.000000E+00
  9.750000E-01  0.000000E+00  0.000000E+00
  1.025000E+00  0.000000E+00  0.000000E+00
  1.075000E+00  0.000000E+00  0.000000E+00
  1.125000E+00  0.000000E+00  0.000000E+00
  1.175000E+00  0.000000E+00  0.000000E+00
  1.225000E+00  0.000000E+00  0.000000E+00
  1.275000E+00  0.000000E+00  0.000000E+00
  1.325000E+00  0.000000E+00  0.000000E+00
  1.375000E+00  0.000000E+00  0.000000E+00
  1.425000E+00  0.000000E+00  0.000000E+00
  1.475000E+00  0.000000E+00  0.000000E+00
  1.525000E+00  0.000000E+00  0.000000E+00
  1.575000E+00  0.000000E+00  0.000000E+00
  1.625000E+00  0.000000E+00  0.000000E+00
  1.675000E+00  0.000000E+00  0.000000E+00
  1.725000E+00  0.000000E+00  0.000000E+00
  1.775000E+00  0.000000E+00  0.000000E+00
  1.825000E+00  0.000000E+00  0.000000E+00
  1.875000E+00  0.000000E+00  0.000000E+00
  1.925000E+00  0.000000E+00  0.000000E+00
  1.975000E+00  0.000000E+00  0.000000E+00
  2.025000E+00  0.000000E+00  0.000000E+00
  2.075000E+00  0.000000E+00  0.000000E+00
  2.125000E+00  0.000000E+00  0.000000E+00
  2.175000E+00  1.344963E-04  8.929369E-08
  2.225000E+00  1.285197E-04  1.785874E-07
  2.275000E+00  0.000000E+00  1.785874E-07
  2.325000E+00  0.000000E+00  1.785874E-07
  2.375000E+00  0.000000E+00  1.785874E-07
  2.425000E+00  0.000000E+00  1.785874E-07
  2.475000E+00  0.000000E+00  1.785874E-07
  2.525000E+00  0.000000E+00  1.785874E-07
  2.575000E+00  0.000000E+00  1.785874E-07
  2.625000E+00  9.233709E-05  2.678811E-07
  2.675000E+00  1.778352E-04  4.464684E-07
  2.725000E+00  4.284229E-04  8.929369E-07
  2.775000E+00  8.262476E-05  9.822306E-07
  2.825000E+00  6.378075E-04  1.696580E-06
  2.875000E+00  1.231633E-03  3.125279E-06
  2.925000E+00  5.875065E-03  1.017948E-05
  2.975000E+00  1.524051E-02  2.910974E-05
  3.025000E+00  4.839456E-02  9.125815E-05
  3.075000E+00  1.432596E-01  2.813644E-04
  3.125000E+00  3.096100E-01  7.056880E-04
  3.175000E+00  6.030901E-01  1.558889E-03
  3.225000E+00  1.160811E+00  3.253237E-03
  3.275000E+00  2.406166E+00  6.875078E-03
  3.325000E+00  3.888120E+00  1.290767E-02
  3.375000E+00  5.794077E+00  2.216984E-02
  3.425000E+00  7.663775E+00  3.478650E-02
  3.475000E+00  9.401428E+00  5.071899E-02
  3.525000E+00  1.215450E+01  7.191410E-02
  3.575000E+00  1.459036E+01  9.808376E-02
  3.625000E+00  1.587528E+01  1.273601E-01
  3.675000E+00  1.673894E+01  1.590866E-01
  3.725000E+00  1.782539E+01  1.937979E-01
  3.775000E+00  1.884014E+01  2.314767E-01
  3.825000E+00  1.864432E+01  2.697582E-01
  3.875000E+00  1.950140E+01  3.108531E-01
  3.925000E+00  1.958098E+01  3.531874E-01
  3.975000E+00  1.941750E+01  3.962447E-01
  4.025000E+00  2.001825E+01  4.417577E-01
  4.075000E+00  1.964141E+01  4.875304E-01
  4.125000E+00  2.091187E+01  5.374670E-01
  4.175000E+00  2.123101E+01  5.894022E-01
  4.225000E+00  2.126418E+01  6.426718E-01
  4.275000E+00  2.006099E+01  6.941239E-01
  4.325000E+00  2.055770E+01  7.480904E-01
  4.375000E+00  1.956747E+01  8.006519E-01
  4.425000E+00  1.990560E+01  8.553509E-01
  4.475000E+00  1.930679E+01  9.096101E-01
  4.525000E+00  1.983191E+01  9.665976E-01
  4.575000E+00  1.797882E+01  1.019408E+00
  4.625000E+00  1.791279E+01  1.073181E+00
  4.675000E+00  1.795346E+01  1.128248E+00
  4.725000E+00  1.707041E+01  1.181732E+00
  4.775000E+00  1.637447E+01  1.234127E+00
  4.825000E+00  1.554688E+01  1.284921E+00
  4.875000E+00  1.476869E+01  1.334178E+00
  4.925000E+00  1.485141E+01  1.384732E+00
  4.975000E+00  1.509109E+01  1.437151E+00
  5.025000E+00  1.397324E+01  1.486667E+00
  5.075000E+00  1.313717E+01  1.534151E+00
  5.125000E+00  1.215896E+01  1.578970E+00
  5.175000E+00  1.167192E+01  1.622837E+00
  5.225000E+00  1.123887E+01  1.665897E+00
  5.275000E+00  1.137227E+01  1.710305E+00
  5.325000E+00  1.119758E+01  1.754865E+00
  5.375000E+00  1.073132E+01  1.798374E+00
  5.425000E+00  1.056235E+01  1.841999E+00
  5.475000E+00  1.014918E+01  1.884694E+00
  5.525000E+00  1.004462E+01  1.927725E+00
  5.575000E+00  9.425814E+00  1.968838E+00
  5.625000E+00  9.795590E+00  2.012334E+00
  5.675000E+00  9.062396E+00  2.053293E+00
  5.725000E+00  9.006460E+00  2.094720E+00
  5.775000E+00  9.356871E+00  2.138514E+00
  5.825000E+00  8.343551E+00  2.178244E+00
  5.875000E+00  7.977349E+00  2.216885E+00
  5.925000E+00  8.062641E+00  2.256607E+00
  5.975000E+00  7.717587E+00  2.295273E+00
La      O       
  2.500000E-02  0.000000E+00  0.000000E+00
  7.500000E-02  0.000000E+00  0.000000E+00
  1.250000E-01  0.000000E+00  0.000000E+00
  1.750000E-01  0.000000E+00  0.000000E+00
  2.250000E-01  0.000000E+00  0.000000E+00
  2.750000E-01  1.398416E-03  8.929369E-08
  3.250000E-01  0.000000E+00  8.929369E-08
  3.750000E-01  0.000000E+00  8.929369E-08
  4.250000E-01  0.000000E+00  8.929369E-08
  4.750000E-01  4.695789E-04  1.785874E-07
  5.250000E-01  0.000000E+00  1.785874E-07
  5.750000E-01  3.205438E-04  2.678811E-07
  6.250000E-01  5.426691E-04  4.464684E-07
  6.750000E-01  0.000000E+00  4.464684E-07
  7.250000E-01  0.000000E+00  4.464684E-07
  7.750000E-01  3.529983E-04  6.250558E-07
  8.250000E-01  4.672799E-04  8.929369E-07
  8.750000E-01  6.923607E-04  1.339405E-06
  9.250000E-01  2.478206E-04  1.517993E-06
  9.750000E-01  4.461206E-04  1.875167E-06
  1.025000E+00  6.054999E-04  2.410930E-06
  1.075000E+00  1.009239E-03  3.393160E-06
  1.125000E+00  3.351044E-04  3.750335E-06
  1.175000E+00  8.447887E-04  4.732565E-06
  1.225000E+00  6.359262E-04  5.536209E-06
  1.275000E+00  4.565819E-04  6.161264E-06
  1.325000E+00  6.039672E-04  7.054201E-06
  1.375000E+00  7.290994E-04  8.215019E-06
  1.425000E+00  6.788373E-04  9.375837E-06
  1.475000E+00  9.747675E-04  1.116171E-05
  1.525000E+00  5.927362E-04  1.232253E-05
  1.575000E+00  6.839417E-04  1.375123E-05
  1.625000E+00  1.124382E-03  1.625145E-05
  1.675000E+00  1.625187E-03  2.009108E-05
  1.725000E+00  1.354165E-03  2.348424E-05
  1.775000E+00  2.120371E-03  2.910974E-05
  1.825000E+00  1.910271E-03  3.446736E-05
  1.875000E+00  2.533656E-03  4.196803E-05
  1.925000E+00  3.949025E-03  5.429056E-05
  1.975000E+00  7.149818E-03  7.777480E-05
  2.025000E+00  2.146360E-02  1.518886E-04
  2.075000E+00  9.262810E-02  4.877221E-04
  2.125000E+00  4.370473E-01  2.149567E-03
  2.175000E+00  1.983551E+00  1.005099E-02
  2.225000E+00  5.831880E+00  3.436244E-02
  2.275000E+00  1.272319E+01  8.981230E-02
  2.325000E+00  2.212150E+01  1.905058E-01
  2.375000E+00  2.975179E+01  3.318182E-01
  2.425000E+00  4.044065E+01  5.320721E-01
  2.475000E+00  5.315777E+01  8.062649E-01
  2.525000E+00  6.536051E+01  1.157159E+00
  2.575000E+00  7.191808E+01  1.558701E+00
  2.625000E+00  7.005622E+01  1.965184E+00
  2.675000E+00  6.442069E+01  2.353343E+00
  2.725000E+00  5.250192E+01  2.681623E+00
  2.775000E+00  4.478992E+01  2.972053E+00
  2.825000E+00  3.627812E+01  3.215844E+00
  2.875000E+00  3.031061E+01  3.426807E+00
  2.925000E+00  2.539300E+01  3.609743E+00
  2.975000E+00  2.179512E+01  3.772174E+00
  3.025000E+00  1.903424E+01  3.918837E+00
  3.075000E+00  1.614914E+01  4.047417E+00
  3.125000E+00  1.471944E+01  4.168455E+00
  3.175000E+00  1.316609E+01  4.280213E+00
  3.225000E+00  1.225804E+01  4.387566E+00
  3.275000E+00  1.146106E+01  4.491075E+00
  3.325000E+00  1.090372E+01  4.592581E+00
  3.375000E+00  1.054033E+01  4.693677E+00
  3.425000E+00  1.014936E+01  4.793929E+00
  3.475000E+00  9.812438E+00  4.893703E+00
  3.525000E+00  9.692024E+00  4.995109E+00
  3.575000E+00  9.492350E+00  5.097263E+00
  3.625000E+00  9.217292E+00  5.199252E+00
  3.675000E+00  9.022943E+00  5.301863E+00
  3.725000E+00  8.783507E+00  5.404487E+00
  3.775000E+00  8.737511E+00  5.509333E+00
  3.825000E+00  8.381421E+00  5.612588E+00
  3.875000E+00  8.365915E+00  5.718364E+00
  3.925000E+00  8.276355E+00  5.825726E+00
  3.975000E+00  8.156391E+00  5.934244E+00
  4.025000E+00  8.116067E+00  6.044959E+00
  4.075000E+00  8.182917E+00  6.159376E+00
  4.125000E+00  8.292754E+00  6.278193E+00
  4.175000E+00  8.231078E+00  6.399002E+00
  4.225000E+00  8.452759E+00  6.526053E+00
  4.275000E+00  8.188361E+00  6.652062E+00
  4.325000E+00  7.909991E+00  6.776650E+00
  4.375000E+00  7.995237E+00  6.905509E+00
  4.425000E+00  7.958181E+00  7.036720E+00
  4.475000E+00  7.926606E+00  7.170380E+00
  4.525000E+00  8.024325E+00  7.308728E+00
  4.575000E+00  8.429592E+00  7.457294E+00
  4.625000E+00  8.151947E+00  7.604123E+00
  4.675000E+00  8.014584E+00  7.751616E+00
  4.725000E+00  7.858141E+00  7.899341E+00
  4.775000E+00  7.774581E+00  8.048604E+00
  4.825000E+00  7.702646E+00  8.199599E+00
  4.875000E+00  7.602494E+00  8.351735E+00
  4.925000E+00  7.896944E+00  8.513022E+00
  4.975000E+00  7.919120E+00  8.678063E+00
  5.025000E+00  7.845185E+00  8.844865E+00
  5.075000E+00  7.862921E+00  9.015389E+00
  5.125000E+00  7.817095E+00  9.188275E+00
  5.175000E+00  7.775035E+00  9.363603E+00
  5.225000E+00  7.814551E+00  9.543243E+00
  5.275000E+00  7.740353E+00  9.724599E+00
  5.325000E+00  7.828827E+00  9.911523E+00
  5.375000E+00  7.807204E+00  1.010145E+01
  5.425000E+00  7.793370E+00  1.029458E+01
  5.475000E+00  7.747012E+00  1.049011E+01
  5.525000E+00  7.597504E+00  1.068540E+01
  5.575000E+00  7.653696E+00  1.088570E+01
  5.625000E+00  7.721673E+00  1.109142E+01
  5.675000E+00  7.747611E+00  1.130152E+01
  5.725000E+00  7.704027E+00  1.151414E+01
  5.775000E+00  7.687371E+00  1.173002E+01
  5.825000E+00  7.552859E+00  1.194581E+01
  5.875000E+00  7.454764E+00  1.216247E+01
  5.925000E+00  7.346601E+00  1.237963E+01
  5.975000E+00  7.356357E+00  1.260077E+01
La      O_s     
  2.500000E-02  0.000000E+00  0.000000E+00
  7.500000E-02  0.000000E+00  0.000000E+00
  1.250000E-01  0.000000E+00  0.000000E+00
  1.750000E-01  0.000000E+00  0.000000E+00
  2.250000E-01  0.000000E+00  0.000000E+00
  2.750000E-01  0.000000E+00  0.000000E+00
  3.250000E-01  0.000000E+00  0.000000E+00
  3.750000E-01  0.000000E+00  0.000000E+00
  4.250000E-01  0.000000E+00  0.000000E+00
  4.750000E-01  0.000000E+00  0.000000E+00
  5.250000E-01  3.844589E-04  8.929369E-08
  5.750000E-01  0.000000E+00  8.929369E-08
  6.250000E-01  0.000000E+00  8.929369E-08
  6.750000E-01  0.000000E+00  8.929369E-08
  7.250000E-01  2.016734E-04  1.785874E-07
  7.750000E-01  0.000000E+00  1.785874E-07
  8.250000E-01  0.000000E+00  1.785874E-07
  8.750000E-01  0.000000E+00  1.785874E-07
  9.250000E-01  0.000000E+00  1.785874E-07
  9.750000E-01  0.000000E+00  1.785874E-07
  1.025000E+00  1.009166E-04  2.678811E-07
  1.075000E+00  0.000000E+00  2.678811E-07
  1.125000E+00  0.000000E+00  2.678811E-07
  1.175000E+00  0.000000E+00  2.678811E-07
  1.225000E+00  7.065846E-05  3.571747E-07
  1.275000E+00  6.522598E-05  4.464684E-07
  1.325000E+00  0.000000E+00  4.464684E-07
  1.375000E+00  5.608457E-05  5.357621E-07
  1.425000E+00  5.221826E-05  6.250558E-07
  1.475000E+00  5.361221E-04  1.607286E-06
  1.525000E+00  2.279754E-04  2.053755E-06
  1.575000E+00  5.129562E-04  3.125279E-06
  1.625000E+00  6.425037E-04  4.553978E-06
  1.675000E+00  6.047206E-04  5.982677E-06
  1.725000E+00  8.196263E-04  8.036432E-06
  1.775000E+00  9.760436E-04  1.062595E-05
  1.825000E+00  1.178001E-03  1.392982E-05
  1.875000E+00  2.081218E-03  2.009108E-05
  1.925000E+00  3.577015E-03  3.125279E-05
  1.975000E+00  5.382753E-03  4.893294E-05
  2.025000E+00  1.779152E-02  1.103670E-04
  2.075000E+00  7.627472E-02  3.869095E-04
  2.125000E+00  3.942138E-01  1.885883E-03
  2.175000E+00  1.710232E+00  8.698545E-03
  2.225000E+00  4.976967E+00  2.944611E-02
  2.275000E+00  1.231555E+01  8.311939E-02
  2.325000E+00  2.080766E+01  1.778325E-01
  2.375000E+00  2.971268E+01  3.189592E-01
  2.425000E+00  4.142132E+01  5.240692E-01
  2.475000E+00  5.278935E+01  7.963616E-01
  2.525000E+00  6.081631E+01  1.122860E+00
  2.575000E+00  6.585888E+01  1.490571E+00
  2.625000E+00  6.719579E+01  1.880457E+00
  2.675000E+00  6.254506E+01  2.257315E+00
  2.725000E+00  5.506747E+01  2.601637E+00
  2.775000E+00  4.527737E+01  2.895228E+00
  2.825000E+00  3.753835E+01  3.147487E+00
  2.875000E+00  3.167403E+01  3.367939E+00
  2.925000E+00  2.657293E+01  3.559376E+00
  2.975000E+00  2.289301E+01  3.729989E+00
  3.025000E+00  2.048208E+01  3.887808E+00
  3.075000E+00  1.777406E+01  4.029325E+00
  3.125000E+00  1.551592E+01  4.156914E+00
  3.175000E+00  1.451580E+01  4.280128E+00
  3.225000E+00  1.352174E+01  4.398548E+00
  3.275000E+00  1.306532E+01  4.516546E+00
  3.325000E+00  1.218109E+01  4.629943E+00
  3.375000E+00  1.144745E+01  4.739740E+00
  3.425000E+00  1.092610E+01  4.847664E+00
  3.475000E+00  1.076006E+01  4.957074E+00
  3.525000E+00  1.038646E+01  5.065745E+00
  3.575000E+00  9.887651E+00  5.172154E+00
  3.625000E+00  9.644333E+00  5.278867E+00
  3.675000E+00  9.511803E+00  5.387038E+00
  3.725000E+00  9.210183E+00  5.494647E+00
  3.775000E+00  8.898737E+00  5.601428E+00
  3.825000E+00  8.999225E+00  5.712294E+00
  3.875000E+00  8.576909E+00  5.820738E+00
  3.925000E+00  8.537110E+00  5.931482E+00
  3.975000E+00  8.631052E+00  6.046315E+00
  4.025000E+00  8.446490E+00  6.161538E+00
  4.075000E+00  8.667125E+00  6.282726E+00
  4.125000E+00  8.556203E+00  6.405317E+00
  4.175000E+00  8.520724E+00  6.530377E+00
  4.225000E+00  8.389259E+00  6.656474E+00
  4.275000E+00  8.088765E+00  6.780950E+00
  4.325000E+00  8.066970E+00  6.908010E+00
  4.375000E+00  8.201310E+00  7.040191E+00
  4.425000E+00  8.303809E+00  7.177100E+00
  4.475000E+00  8.421506E+00  7.319106E+00
  4.525000E+00  8.291226E+00  7.462056E+00
  4.575000E+00  8.158852E+00  7.605849E+00
  4.625000E+00  8.003662E+00  7.750008E+00
  4.675000E+00  7.780257E+00  7.893189E+00
  4.725000E+00  7.870961E+00  8.041154E+00
  4.775000E+00  7.736331E+00  8.189683E+00
  4.825000E+00  7.823844E+00  8.343053E+00
  4.875000E+00  7.800953E+00  8.499161E+00
  4.925000E+00  7.833768E+00  8.659158E+00
  4.975000E+00  7.787606E+00  8.821458E+00
  5.025000E+00  7.649246E+00  8.984094E+00
  5.075000E+00  7.782291E+00  9.152869E+00
  5.125000E+00  7.766986E+00  9.324647E+00
  5.175000E+00  7.648500E+00  9.497122E+00
  5.225000E+00  7.685345E+00  9.673792E+00
  5.275000E+00  7.789516E+00  9.856300E+00
  5.325000E+00  7.960148E+00  1.004636E+01
  5.375000E+00  7.749414E+00  1.023488E+01
  5.425000E+00  7.665722E+00  1.042484E+01
  5.475000E+00  7.748275E+00  1.062041E+01
  5.525000E+00  7.720769E+00  1.081886E+01
  5.575000E+00  7.566470E+00  1.101688E+01
  5.625000E+00  7.612757E+00  1.121971E+01
  5.675000E+00  7.611227E+00  1.142611E+01
  5.725000E+00  7.614650E+00  1.163626E+01
  5.775000E+00  7.595709E+00  1.184956E+01
  5.825000E+00  7.366509E+00  1.206003E+01
  5.875000E+00  7.431398E+00  1.227601E+01
  5.925000E+00  7.381893E+00  1.249421E+01
  5.975000E+00  7.155491E+00  1.270932E+01
Zr      Zr      
  2.500000E-02  0.000000E+00  0.000000E+00
  7.500000E-02  0.000000E+00  0.000000E+00
  1.250000E-01  0.000000E+00  0.000000E+00
  1.750000E-01  0.000000E+00  0.000000E+00
  2.250000E-01  0.000000E+00  0.000000E+00
  2.750000E-01  0.000000E+00  0.000000E+00
  3.250000E-01  0.000000E+00  0.000000E+00
  3.750000E-01  0.000000E+00  0.000000E+00
  4.250000E-01  0.000000E+00  0.000000E+00
  4.750000E-01  0.000000E+00  0.000000E+00
  5.250000E-01  0.000000E+00  0.000000E+00
  5.750000E-01  0.000000E+00  0.000000E+00
  6.250000E-01  0.000000E+00  0.000000E+00
  6.750000E-01  0.000000E+00  0.000000E+00
  7.250000E-01  0.000000E+00  0.000000E+00
  7.750000E-01  0.000000E+00  0.000000E+00
  8.250000E-01  0.000000E+00  0.000000E+00
  8.750000E-01  0.000000E+00  0.000000E+00
  9.250000E-01  0.000000E+00  0.000000E+00
  9.750000E-01  0.000000E+00  0.000000E+00
  1.025000E+00  0.000000E+00  0.000000E+00
  1.075000E+00  0.000000E+00  0.000000E+00
  1.125000E+00  0.000000E+00  0.000000E+00
  1.175000E+00  0.000000E+00  0.000000E+00
  1.225000E+00  0.000000E+00  0.000000E+00
  1.275000E+00  0.000000E+00  0.000000E+00
  1.325000E+00  0.000000E+00  0.000000E+00
  1.375000E+00  0.000000E+00  0.000000E+00
  1.425000E+00  0.000000E+00  0.000000E+00
  1.475000E+00  0.000000E+00  0.000000E+00
  1.525000E+00  0.000000E+00  0.000000E+00
  1.575000E+00  0.000000E+00  0.000000E+00
  1.625000E+00  0.000000E+00  0.000000E+00
  1.675000E+00  0.000000E+00  0.000000E+00
  1.725000E+00  0.000000E+00  0.000000E+00
  1.775000E+00  0.000000E+00  0.000000E+00
  1.825000E+00  0.000000E+00  0.000000E+00
  1.875000E+00  0.000000E+00  0.000000E+00
  1.925000E+00  0.000000E+00  0.000000E+00
  1.975000E+00  0.000000E+00  0.000000E+00
  2.025000E+00  0.000000E+00  0.000000E+00
  2.075000E+00  0.000000E+00  0.000000E+00
  2.125000E+00  0.000000E+00  0.000000E+00
  2.175000E+00  0.000000E+00  0.000000E+00
  2.225000E+00  0.000000E+00  0.000000E+00
  2.275000E+00  0.000000E+00  0.000000E+00
  2.325000E+00  0.000000E+00  0.000000E+00
  2.375000E+00  0.000000E+00  0.000000E+00
  2.425000E+00  0.000000E+00  0.000000E+00
  2.475000E+00  0.000000E+00  0.000000E+00
  2.525000E+00  2.995363E-04  2.680151E-07
  2.575000E+00  0.000000E+00  2.680151E-07
  2.625000E+00  0.000000E+00  2.680151E-07
  2.675000E+00  0.000000E+00  2.680151E-07
  2.725000E+00  2.571824E-04  5.360301E-07
  2.775000E+00  7.439948E-04  1.340075E-06
  2.825000E+00  7.178924E-04  2.144121E-06
  2.875000E+00  2.310467E-03  4.824271E-06
  2.925000E+00  5.104935E-01  6.177747E-04
  2.975000E+00  1.204027E-01  7.673271E-04
  3.025000E+00  1.389952E-01  9.458252E-04
  3.075000E+00  3.873782E-01  1.459878E-03
  3.125000E+00  1.206206E+00  3.112995E-03
  3.175000E+00  1.890501E+00  5.787517E-03
  3.225000E+00  2.494100E+00  9.427966E-03
  3.275000E+00  3.569122E+00  1.480033E-02
  3.325000E+00  5.139557E+00  2.277458E-02
  3.375000E+00  5.375197E+00  3.136714E-02
  3.425000E+00  7.544857E+00  4.378803E-02
  3.475000E+00  6.930292E+00  5.553272E-02
  3.525000E+00  7.616990E+00  6.881528E-02
  3.575000E+00  9.524436E+00  8.589856E-02
  3.625000E+00  9.881173E+00  1.041209E-01
  3.675000E+00  9.436950E+00  1.220074E-01
  3.725000E+00  1.059882E+01  1.426465E-01
  3.775000E+00  1.268243E+01  1.680103E-01
  3.825000E+00  1.227746E+01  1.932190E-01
  3.875000E+00  1.198950E+01  2.184843E-01
  3.925000E+00  1.103777E+01  2.423481E-01
  3.975000E+00  1.195854E+01  2.688655E-01
  4.025000E+00  1.150308E+01  2.950187E-01
  4.075000E+00  1.154467E+01  3.219225E-01
  4.125000E+00  9.948060E+00  3.456781E-01
  4.175000E+00  9.763365E+00  3.695612E-01
  4.225000E+00  9.814702E+00  3.941483E-01
  4.275000E+00  9.091247E+00  4.174654E-01
  4.325000E+00  7.296607E+00  4.366199E-01
  4.375000E+00  6.970342E+00  4.553434E-01
  4.425000E+00  7.377848E+00  4.756171E-01
  4.475000E+00  7.413314E+00  4.964513E-01
  4.525000E+00  6.943250E+00  5.164029E-01
  4.575000E+00  7.418608E+00  5.381941E-01
  4.625000E+00  7.087387E+00  5.594699E-01
  4.675000E+00  6.618267E+00  5.797694E-01
  4.725000E+00  6.732743E+00  6.008641E-01
  4.775000E+00  7.073767E+00  6.234987E-01
  4.825000E+00  6.994368E+00  6.463505E-01
  4.875000E+00  7.332096E+00  6.708047E-01
  4.925000E+00  8.310918E+00  6.990951E-01
  4.975000E+00  8.025800E+00  7.269724E-01
  5.025000E+00  7.705251E+00  7.542770E-01
  5.075000E+00  8.938478E+00  7.865851E-01
  5.125000E+00  8.474153E+00  8.178214E-01
  5.175000E+00  8.632953E+00  8.502671E-01
  5.225000E+00  8.291468E+00  8.820344E-01
  5.275000E+00  8.142923E+00  9.138325E-01
  5.325000E+00  7.631136E+00  9.441997E-01
  5.375000E+00  7.462257E+00  9.744551E-01
  5.425000E+00  7.057210E+00  1.003603E+00
  5.475000E+00  6.615251E+00  1.031432E+00
  5.525000E+00  6.972729E+00  1.061302E+00
  5.575000E+00  7.066783E+00  1.092126E+00
  5.625000E+00  7.412265E+00  1.125039E+00
  5.675000E+00  7.940395E+00  1.160927E+00
  5.725000E+00  6.716708E+00  1.191822E+00
  5.775000E+00  6.173718E+00  1.220717E+00
  5.825000E+00  6.826401E+00  1.253223E+00
  5.875000E+00  6.794749E+00  1.286136E+00
  5.925000E+00  6.448915E+00  1.317907E+00
  5.975000E+00  5.790176E+00  1.346917E+00
Zr      O       
  2.500000E-02  0.000000E+00  0.000000E+00
  7.500000E-02  0.000000E+00  0.000000E+00
  1.250000E-01  0.000000E+00  0.000000E+00
  1.750000E-01  0.000000E+00  0.000000E+00
  2.250000E-01  0.000000E+00  0.000000E+00
  2.750000E-01  0.000000E+00  0.000000E+00
  3.250000E-01  0.000000E+00  0.000000E+00
  3.750000E-01  0.000000E+00  0.000000E+00
  4.250000E-01  0.000000E+00  0.000000E+00
  4.750000E-01  7.043684E-04  1.339405E-07
  5.250000E-01  5.766883E-04  2.678811E-07
  5.750000E-01  0.000000E+00  2.678811E-07
  6.250000E-01  4.070018E-04  4.018216E-07
  6.750000E-01  6.979299E-04  6.697027E-07
  7.250000E-01  6.050201E-04  9.375837E-07
  7.750000E-01  2.647487E-04  1.071524E-06
  8.250000E-01  4.672799E-04  1.339405E-06
  8.750000E-01  6.231246E-04  1.741227E-06
  9.250000E-01  9.293274E-04  2.410930E-06
  9.750000E-01  1.003771E-03  3.214573E-06
  1.025000E+00  9.082498E-04  4.018216E-06
  1.075000E+00  6.881177E-04  4.687919E-06
  1.125000E+00  6.283207E-04  5.357621E-06
  1.175000E+00  5.759923E-04  6.027324E-06
  1.225000E+00  1.589815E-03  8.036432E-06
  1.275000E+00  9.783898E-04  9.375837E-06
  1.325000E+00  1.358926E-03  1.138495E-05
  1.375000E+00  1.850791E-03  1.433164E-05
  1.425000E+00  1.331566E-03  1.660863E-05
  1.475000E+00  2.631872E-03  2.143048E-05
  1.525000E+00  2.188564E-03  2.571658E-05
  1.575000E+00  2.821259E-03  3.160997E-05
  1.625000E+00  3.071971E-03  3.844093E-05
  1.675000E+00  5.102330E-03  5.049558E-05
  1.725000E+00  6.681736E-03  6.723815E-05
  1.775000E+00  1.686199E-02  1.119743E-04
  1.825000E+00  6.165400E-02  2.848915E-04
  1.875000E+00  5.560018E-01  1.930887E-03
  1.925000E+00  6.041750E+00  2.078355E-02
  1.975000E+00  3.021360E+01  1.200229E-01
  2.025000E+00  6.102158E+01  3.307302E-01
  2.075000E+00  1.396517E+02  8.370532E-01
  2.125000E+00  1.847263E+02  1.539463E+00
  2.175000E+00  1.621865E+02  2.185529E+00
  2.225000E+00  1.149948E+02  2.664909E+00
  2.275000E+00  7.372791E+01  2.986228E+00
  2.325000E+00  4.827419E+01  3.205965E+00
  2.375000E+00  3.057931E+01  3.351208E+00
  2.425000E+00  2.107374E+01  3.455561E+00
  2.475000E+00  1.582718E+01  3.537199E+00
  2.525000E+00  1.181454E+01  3.600626E+00
  2.575000E+00  8.985047E+00  3.650793E+00
  2.625000E+00  7.665386E+00  3.695269E+00
  2.675000E+00  6.449415E+00  3.734129E+00
  2.725000E+00  5.620995E+00  3.769276E+00
  2.775000E+00  5.114720E+00  3.802441E+00
  2.825000E+00  5.047589E+00  3.836361E+00
  2.875000E+00  4.820457E+00  3.869911E+00
  2.925000E+00  4.599674E+00  3.903048E+00
  2.975000E+00  4.714333E+00  3.938183E+00
  3.025000E+00  4.603115E+00  3.973651E+00
  3.075000E+00  5.064739E+00  4.013976E+00
  3.125000E+00  5.514163E+00  4.059319E+00
  3.175000E+00  5.787519E+00  4.108446E+00
  3.225000E+00  6.138764E+00  4.162207E+00
  3.275000E+00  6.654121E+00  4.222303E+00
  3.325000E+00  7.003885E+00  4.287504E+00
  3.375000E+00  8.044045E+00  4.364658E+00
  3.425000E+00  8.820306E+00  4.451781E+00
  3.475000E+00  9.308693E+00  4.546433E+00
  3.525000E+00  9.765620E+00  4.648610E+00
  3.575000E+00  1.057744E+01  4.762441E+00
  3.625000E+00  1.106747E+01  4.884902E+00
  3.675000E+00  1.102805E+01  5.010315E+00
  3.725000E+00  1.149967E+01  5.144675E+00
  3.775000E+00  1.177626E+01  5.285984E+00
  3.825000E+00  1.232495E+01  5.437822E+00
  3.875000E+00  1.220389E+01  5.592124E+00
  3.925000E+00  1.221294E+01  5.750551E+00
  3.975000E+00  1.157654E+01  5.904573E+00
  4.025000E+00  1.115782E+01  6.056782E+00
  4.075000E+00  1.063710E+01  6.205515E+00
  4.125000E+00  9.672816E+00  6.344105E+00
  4.175000E+00  9.042886E+00  6.476829E+00
  4.225000E+00  8.577823E+00  6.605761E+00
  4.275000E+00  8.043537E+00  6.729540E+00
  4.325000E+00  7.705450E+00  6.850907E+00
  4.375000E+00  7.419596E+00  6.970488E+00
  4.425000E+00  7.402178E+00  7.092532E+00
  4.475000E+00  7.314598E+00  7.215872E+00
  4.525000E+00  7.303888E+00  7.341799E+00
  4.575000E+00  7.069337E+00  7.466391E+00
  4.625000E+00  7.002349E+00  7.592515E+00
  4.675000E+00  6.910633E+00  7.719692E+00
  4.725000E+00  7.014758E+00  7.851561E+00
  4.775000E+00  7.133144E+00  7.988509E+00
  4.825000E+00  7.119092E+00  8.128065E+00
  4.875000E+00  7.035769E+00  8.268860E+00
  4.925000E+00  7.055357E+00  8.412959E+00
  4.975000E+00  7.126129E+00  8.561473E+00
  5.025000E+00  7.288013E+00  8.716429E+00
  5.075000E+00  7.289487E+00  8.874516E+00
  5.125000E+00  7.242673E+00  9.034698E+00
  5.175000E+00  7.278414E+00  9.198827E+00
  5.225000E+00  7.373380E+00  9.368326E+00
  5.275000E+00  7.381541E+00  9.541276E+00
  5.325000E+00  7.390369E+00  9.717730E+00
  5.375000E+00  7.524933E+00  9.900787E+00
  5.425000E+00  7.467505E+00  1.008584E+01
  5.475000E+00  7.573001E+00  1.027699E+01
  5.525000E+00  7.565094E+00  1.047144E+01
  5.575000E+00  7.544505E+00  1.066888E+01
  5.625000E+00  7.396076E+00  1.086593E+01
  5.675000E+00  7.496919E+00  1.106923E+01
  5.725000E+00  7.401397E+00  1.127350E+01
  5.775000E+00  7.266049E+00  1.147754E+01
  5.825000E+00  7.401513E+00  1.168901E+01
  5.875000E+00  7.312060E+00  1.190152E+01
  5.925000E+00  7.218080E+00  1.211489E+01
  5.975000E+00  7.163208E+00  1.233022E+01
Zr      O_s     
  2.500000E-02  0.000000E+00  0.000000E+00
  7.500000E-02  0.000000E+00  0.000000E+00
  1.250000E-01  0.000000E+00  0.000000E+00
  1.750000E-01  0.000000E+00  0.000000E+00
  2.250000E-01  0.000000E+00  0.000000E+00
  2.750000E-01  0.000000E+00  0.000000E+00
  3.250000E-01  0.000000E+00  0.000000E+00
  3.750000E-01  0.000000E+00  0.000000E+00
  4.250000E-01  0.000000E+00  0.000000E+00
  4.750000E-01  0.000000E+00  0.000000E+00
  5.250000E-01  0.000000E+00  0.000000E+00
  5.750000E-01  0.000000E+00  0.000000E+00
  6.250000E-01  8.140036E-04  2.678811E-07
  6.750000E-01  0.000000E+00  2.678811E-07
  7.250000E-01  0.000000E+00  2.678811E-07
  7.750000E-01  0.000000E+00  2.678811E-07
  8.250000E-01  0.000000E+00  2.678811E-07
  8.750000E-01  0.000000E+00  2.678811E-07
  9.250000E-01  0.000000E+00  2.678811E-07
  9.750000E-01  0.000000E+00  2.678811E-07
  1.025000E+00  1.513750E-04  4.018216E-07
  1.075000E+00  1.376235E-04  5.357621E-07
  1.125000E+00  1.256641E-04  6.697027E-07
  1.175000E+00  5.759923E-04  1.339405E-06
  1.225000E+00  2.119754E-04  1.607286E-06
  1.275000E+00  9.783898E-04  2.946692E-06
  1.325000E+00  6.341656E-04  3.884275E-06
  1.375000E+00  1.177776E-03  5.759443E-06
  1.425000E+00  1.644875E-03  8.572194E-06
  1.475000E+00  2.704980E-03  1.352799E-05
  1.525000E+00  4.445521E-03  2.223413E-05
  1.575000E+00  1.000265E-02  4.312885E-05
  1.625000E+00  3.158709E-01  7.455130E-04
  1.675000E+00  1.315154E+00  3.852665E-03
  1.725000E+00  3.761497E+00  1.327793E-02
  1.775000E+00  1.719196E+01  5.888950E-02
  1.825000E+00  2.945710E+01  1.415060E-01
  1.875000E+00  5.510535E+01  3.046406E-01
  1.925000E+00  9.529572E+01  6.020012E-01
  1.975000E+00  1.195264E+02  9.945967E-01
  2.025000E+00  1.325124E+02  1.452162E+00
  2.075000E+00  1.256323E+02  1.907656E+00
  2.125000E+00  1.093373E+02  2.323404E+00
  2.175000E+00  8.321621E+01  2.654893E+00
  2.225000E+00  6.131603E+01  2.910502E+00
  2.275000E+00  4.428112E+01  3.103487E+00
  2.325000E+00  3.194890E+01  3.248913E+00
  2.375000E+00  2.359363E+01  3.360976E+00
  2.425000E+00  1.758328E+01  3.448045E+00
  2.475000E+00  1.339718E+01  3.517149E+00
  2.525000E+00  1.079019E+01  3.575077E+00
  2.575000E+00  8.805246E+00  3.624240E+00
  2.625000E+00  7.574157E+00  3.668187E+00
  2.675000E+00  7.100937E+00  3.710973E+00
  2.725000E+00  6.258595E+00  3.750106E+00
  2.775000E+00  5.485809E+00  3.785677E+00
  2.825000E+00  5.334363E+00  3.821525E+00
  2.875000E+00  5.583761E+00  3.860388E+00
  2.925000E+00  5.749606E+00  3.901809E+00
  2.975000E+00  5.938175E+00  3.946064E+00
  3.025000E+00  6.271076E+00  3.994384E+00
  3.075000E+00  6.511852E+00  4.046231E+00
  3.125000E+00  6.884458E+00  4.102843E+00
  3.175000E+00  7.680830E+00  4.168040E+00
  3.225000E+00  8.840318E+00  4.245461E+00
  3.275000E+00  9.203698E+00  4.328583E+00
  3.325000E+00  9.489259E+00  4.416922E+00
  3.375000E+00  1.045976E+01  4.517245E+00
  3.425000E+00  9.780678E+00  4.613855E+00
  3.475000E+00  1.031917E+01  4.718781E+00
  3.525000E+00  1.062632E+01  4.829963E+00
  3.575000E+00  1.151140E+01  4.953846E+00
  3.625000E+00  1.202848E+01  5.086940E+00
  3.675000E+00  1.214265E+01  5.225029E+00
  3.725000E+00  1.242325E+01  5.370179E+00
  3.775000E+00  1.240223E+01  5.519000E+00
  3.825000E+00  1.229704E+01  5.670493E+00
  3.875000E+00  1.147564E+01  5.815588E+00
  3.925000E+00  1.089119E+01  5.956869E+00
  3.975000E+00  1.017245E+01  6.092210E+00
  4.025000E+00  9.709489E+00  6.224662E+00
  4.075000E+00  8.800495E+00  6.347715E+00
  4.125000E+00  8.364711E+00  6.467562E+00
  4.175000E+00  7.975398E+00  6.584618E+00
  4.225000E+00  7.482565E+00  6.697087E+00
  4.275000E+00  7.484829E+00  6.812269E+00
  4.325000E+00  7.036664E+00  6.923102E+00
  4.375000E+00  6.910096E+00  7.034472E+00
  4.425000E+00  7.013797E+00  7.150112E+00
  4.475000E+00  7.004073E+00  7.268216E+00
  4.525000E+00  6.671037E+00  7.383232E+00
  4.575000E+00  6.746452E+00  7.502134E+00
  4.625000E+00  6.938433E+00  7.627106E+00
  4.675000E+00  6.926834E+00  7.754581E+00
  4.725000E+00  7.065630E+00  7.887407E+00
  4.775000E+00  7.111879E+00  8.023947E+00
  4.825000E+00  7.068380E+00  8.162508E+00
  4.875000E+00  7.127981E+00  8.305149E+00
  4.925000E+00  7.188583E+00  8.451968E+00
  4.975000E+00  7.348022E+00  8.605107E+00
  5.025000E+00  7.388359E+00  8.762197E+00
  5.075000E+00  7.234397E+00  8.919089E+00
  5.125000E+00  7.325479E+00  9.081103E+00
  5.175000E+00  7.414884E+00  9.248309E+00
  5.225000E+00  7.561857E+00  9.422140E+00
  5.275000E+00  7.507421E+00  9.598039E+00
  5.325000E+00  7.697600E+00  9.781829E+00
  5.375000E+00  7.472203E+00  9.963604E+00
  5.425000E+00  7.342220E+00  1.014555E+01
  5.475000E+00  7.465325E+00  1.033398E+01
  5.525000E+00  7.389666E+00  1.052392E+01
  5.575000E+00  7.446543E+00  1.071880E+01
  5.625000E+00  7.396740E+00  1.091587E+01
  5.675000E+00  7.321574E+00  1.111442E+01
  5.725000E+00  7.217725E+00  1.131361E+01
  5.775000E+00  7.352474E+00  1.152009E+01
  5.825000E+00  7.354492E+00  1.173021E+01
  5.875000E+00  7.215371E+00  1.193991E+01
  5.925000E+00  7.223399E+00  1.215343E+01
  5.975000E+00  7.169985E+00  1.236897E+01
O       O       
  2.500000E-02  0.000000E+00  0.000000E+00
  7.500000E-02  0.000000E+00  0.000000E+00
  1.250000E-01  0.000000E+00  0.000000E+00
  1.750000E-01  1.719818E-03  4.465056E-08
  2.250000E-01  0.000000E+00  4.465056E-08
  2.750000E-01  6.992665E-04  8.930113E-08
  3.250000E-01  0.000000E+00  8.930113E-08
  3.750000E-01  3.765281E-04  1.339517E-07
  4.250000E-01  2.932408E-04  1.786023E-07
  4.750000E-01  1.878472E-03  5.358068E-07
  5.250000E-01  3.844909E-04  6.251079E-07
  5.750000E-01  1.442567E-03  1.026963E-06
  6.250000E-01  9.497500E-04  1.339517E-06
  6.750000E-01  9.306508E-04  1.696721E-06
  7.250000E-01  1.109296E-03  2.187878E-06
  7.750000E-01  1.059083E-03  2.723684E-06
  8.250000E-01  1.479843E-03  3.572045E-06
  8.750000E-01  6.231765E-04  3.973900E-06
  9.250000E-01  1.487048E-03  5.045514E-06
  9.750000E-01  1.450013E-03  6.206428E-06
  1.025000E+00  9.587881E-04  7.054789E-06
  1.075000E+00  1.605742E-03  8.617559E-06
  1.125000E+00  1.298638E-03  1.000173E-05
  1.175000E+00  1.190483E-03  1.138589E-05
  1.225000E+00  1.766609E-03  1.361842E-05
  1.275000E+00  1.956943E-03  1.629746E-05
  1.325000E+00  2.083861E-03  1.937834E-05
  1.375000E+00  2.131391E-03  2.277179E-05
  1.425000E+00  1.827791E-03  2.589733E-05
  1.475000E+00  2.193410E-03  2.991588E-05
  1.525000E+00  2.234346E-03  3.429163E-05
  1.575000E+00  2.650495E-03  3.982830E-05
  1.625000E+00  2.570229E-03  4.554358E-05
  1.675000E+00  4.327893E-03  5.576855E-05
  1.725000E+00  8.018752E-03  7.586131E-05
  1.775000E+00  1.538238E-02  1.166719E-04
  1.825000E+00  2.571121E-02  1.887826E-04
  1.875000E+00  1.814430E-02  2.424972E-04
  1.925000E+00  3.910719E-02  3.645272E-04
  1.975000E+00  1.398545E-01  8.238922E-04
  2.025000E+00  2.583994E-01  1.716144E-03
  2.075000E+00  7.087589E-01  4.285829E-03
  2.125000E+00  1.739962E+00  1.090193E-02
  2.175000E+00  2.933687E+00  2.258818E-02
  2.225000E+00  5.644712E+00  4.611939E-02
  2.275000E+00  9.019703E+00  8.542881E-02
  2.325000E+00  2.046466E+01  1.785806E-01
  2.375000E+00  5.497293E+01  4.396863E-01
  2.425000E+00  8.196465E+01  8.455587E-01
  2.475000E+00  4.538527E+01  1.079660E+00
  2.525000E+00  9.627109E+00  1.131344E+00
  2.575000E+00  2.860697E+00  1.147316E+00
  2.625000E+00  2.660130E+00  1.162751E+00
  2.675000E+00  3.207984E+00  1.182080E+00
  2.725000E+00  4.381911E+00  1.209479E+00
  2.775000E+00  5.534116E+00  1.245364E+00
  2.825000E+00  6.989777E+00  1.292336E+00
  2.875000E+00  8.473583E+00  1.351312E+00
  2.925000E+00  9.943527E+00  1.422947E+00
  2.975000E+00  1.134140E+01  1.507470E+00
  3.025000E+00  1.265773E+01  1.605001E+00
  3.075000E+00  1.407012E+01  1.717028E+00
  3.125000E+00  1.470350E+01  1.837935E+00
  3.175000E+00  1.523803E+01  1.967280E+00
  3.225000E+00  1.539017E+01  2.102063E+00
  3.275000E+00  1.587202E+01  2.245410E+00
  3.325000E+00  1.524407E+01  2.387321E+00
  3.375000E+00  1.463583E+01  2.527698E+00
  3.425000E+00  1.472282E+01  2.673125E+00
  3.475000E+00  1.451677E+01  2.820733E+00
  3.525000E+00  1.416800E+01  2.968971E+00
  3.575000E+00  1.374694E+01  3.116912E+00
  3.625000E+00  1.351459E+01  3.266450E+00
  3.675000E+00  1.343638E+01  3.419251E+00
  3.725000E+00  1.325230E+01  3.574088E+00
  3.775000E+00  1.277489E+01  3.727381E+00
  3.825000E+00  1.284152E+01  3.885582E+00
  3.875000E+00  1.280543E+01  4.047490E+00
  3.925000E+00  1.256972E+01  4.210545E+00
  3.975000E+00  1.288125E+01  4.381926E+00
  4.025000E+00  1.253476E+01  4.552918E+00
  4.075000E+00  1.213698E+01  4.722624E+00
  4.125000E+00  1.184380E+01  4.892319E+00
  4.175000E+00  1.135089E+01  5.058918E+00
  4.225000E+00  1.078376E+01  5.221006E+00
  4.275000E+00  1.031155E+01  5.379687E+00
  4.325000E+00  1.006914E+01  5.538284E+00
  4.375000E+00  9.505315E+00  5.691481E+00
  4.425000E+00  9.343588E+00  5.845534E+00
  4.475000E+00  9.030006E+00  5.997800E+00
  4.525000E+00  8.824280E+00  6.149940E+00
  4.575000E+00  8.567290E+00  6.300932E+00
  4.625000E+00  8.475310E+00  6.453586E+00
  4.675000E+00  8.494972E+00  6.609920E+00
  4.725000E+00  8.641239E+00  6.772366E+00
  4.775000E+00  8.683268E+00  6.939074E+00
  4.825000E+00  8.686457E+00  7.109355E+00
  4.875000E+00  8.800575E+00  7.285466E+00
  4.925000E+00  8.903332E+00  7.467308E+00
  4.975000E+00  8.925529E+00  7.653323E+00
  5.025000E+00  9.026307E+00  7.845238E+00
  5.075000E+00  9.108192E+00  8.042768E+00
  5.125000E+00  9.012920E+00  8.242101E+00
  5.175000E+00  8.926852E+00  8.443403E+00
  5.225000E+00  8.953733E+00  8.649231E+00
  5.275000E+00  8.869476E+00  8.857042E+00
  5.325000E+00  8.724622E+00  9.065354E+00
  5.375000E+00  8.663453E+00  9.276108E+00
  5.425000E+00  8.516991E+00  9.487171E+00
  5.475000E+00  8.404376E+00  9.699300E+00
  5.525000E+00  8.340021E+00  9.913668E+00
  5.575000E+00  8.184556E+00  1.012786E+01
  5.625000E+00  8.081905E+00  1.034318E+01
  5.675000E+00  7.963825E+00  1.055915E+01
  5.725000E+00  7.865075E+00  1.077621E+01
  5.775000E+00  7.705303E+00  1.099259E+01
  5.825000E+00  7.647252E+00  1.121108E+01
  5.875000E+00  7.613778E+00  1.143236E+01
  5.925000E+00  7.474529E+00  1.165330E+01
  5.975000E+00  7.375441E+00  1.187502E+01
O       O_s     
  2.500000E-02  3.454549E+04  2.424009E-02
  7.500000E-02  1.302379E+04  8.821038E-02
  1.250000E-01  1.405640E+04  2.756108E-01
  1.750000E-01  1.373855E+04  6.322964E-01
  2.250000E-01  6.262910E+03  9.003668E-01
  2.750000E-01  1.423803E+03  9.912814E-01
  3.250000E-01  9.366961E+01  9.996287E-01
  3.750000E-01  2.602157E+00  9.999373E-01
  4.250000E-01  1.518861E-01  9.999604E-01
  4.750000E-01  5.012755E-02  9.999700E-01
  5.250000E-01  2.393257E-02  9.999755E-01
  5.750000E-01  1.530597E-02  9.999798E-01
  6.250000E-01  9.089707E-03  9.999828E-01
  6.750000E-01  5.001831E-03  9.999847E-01
  7.250000E-01  3.730957E-03  9.999863E-01
  7.750000E-01  3.088735E-03  9.999879E-01
  8.250000E-01  2.024880E-03  9.999891E-01
  8.750000E-01  1.869374E-03  9.999903E-01
  9.250000E-01  1.301058E-03  9.999912E-01
  9.750000E-01  1.449892E-03  9.999924E-01
  1.025000E+00  2.043562E-03  9.999942E-01
  1.075000E+00  1.238612E-03  9.999954E-01
  1.125000E+00  1.193809E-03  9.999967E-01
  1.175000E+00  1.305582E-03  9.999982E-01
  1.225000E+00  1.430834E-03  1.000000E+00
  1.275000E+00  1.157761E-03  1.000002E+00
  1.325000E+00  1.419323E-03  1.000004E+00
  1.375000E+00  1.332009E-03  1.000006E+00
  1.425000E+00  1.501275E-03  1.000008E+00
  1.475000E+00  1.486520E-03  1.000011E+00
  1.525000E+00  1.732613E-03  1.000014E+00
  1.575000E+00  1.731227E-03  1.000018E+00
  1.625000E+00  1.857237E-03  1.000022E+00
  1.675000E+00  2.305497E-03  1.000028E+00
  1.725000E+00  3.100326E-03  1.000035E+00
  1.775000E+00  1.718173E-02  1.000081E+00
  1.825000E+00  5.230959E-02  1.000228E+00
  1.875000E+00  9.766641E-02  1.000517E+00
  1.925000E+00  3.503686E-01  1.001610E+00
  1.975000E+00  1.345090E+00  1.006028E+00
  2.025000E+00  3.562144E+00  1.018328E+00
  2.075000E+00  4.749105E+00  1.035547E+00
  2.125000E+00  3.720080E+00  1.049692E+00
  2.175000E+00  7.251798E+00  1.078579E+00
  2.225000E+00  3.317560E+01  1.216879E+00
  2.275000E+00  1.032868E+02  1.667021E+00
  2.325000E+00  8.162518E+01  2.038565E+00
  2.375000E+00  1.392032E+01  2.104683E+00
  2.425000E+00  3.684204E+00  2.122926E+00
  2.475000E+00  1.820481E+00  2.132316E+00
  2.525000E+00  1.697239E+00  2.141428E+00
  2.575000E+00  2.145358E+00  2.153406E+00
  2.625000E+00  3.044854E+00  2.171073E+00
  2.675000E+00  4.161710E+00  2.196149E+00
  2.725000E+00  5.548898E+00  2.230845E+00
  2.775000E+00  6.943943E+00  2.275871E+00
  2.825000E+00  8.466065E+00  2.332764E+00
  2.875000E+00  1.022898E+01  2.403958E+00
  2.925000E+00  1.169844E+01  2.488236E+00
  2.975000E+00  1.273241E+01  2.583125E+00
  3.025000E+00  1.393911E+01  2.690529E+00
  3.075000E+00  1.468376E+01  2.807442E+00
  3.125000E+00  1.503692E+01  2.931091E+00
  3.175000E+00  1.555875E+01  3.063158E+00
  3.225000E+00  1.542286E+01  3.198228E+00
  3.275000E+00  1.566245E+01  3.339682E+00
  3.325000E+00  1.526553E+01  3.481793E+00
  3.375000E+00  1.495608E+01  3.625242E+00
  3.425000E+00  1.474909E+01  3.770928E+00
  3.475000E+00  1.433035E+01  3.916641E+00
  3.525000E+00  1.403788E+01  4.063517E+00
  3.575000E+00  1.386183E+01  4.212695E+00
  3.625000E+00  1.377525E+01  4.365116E+00
  3.675000E+00  1.363252E+01  4.520148E+00
  3.725000E+00  1.329338E+01  4.675465E+00
  3.775000E+00  1.311648E+01  4.832857E+00
  3.825000E+00  1.318062E+01  4.995235E+00
  3.875000E+00  1.320483E+01  5.162193E+00
  3.925000E+00  1.302861E+01  5.331201E+00
  3.975000E+00  1.239598E+01  5.496125E+00
  4.025000E+00  1.197975E+01  5.659547E+00
  4.075000E+00  1.167039E+01  5.822728E+00
  4.125000E+00  1.103345E+01  5.980813E+00
  4.175000E+00  1.066039E+01  6.137277E+00
  4.225000E+00  1.032091E+01  6.292409E+00
  4.275000E+00  9.901965E+00  6.444787E+00
  4.325000E+00  9.541475E+00  6.595072E+00
  4.375000E+00  9.163138E+00  6.742755E+00
  4.425000E+00  8.836004E+00  6.888438E+00
  4.475000E+00  8.634521E+00  7.034036E+00
  4.525000E+00  8.665803E+00  7.183444E+00
  4.575000E+00  8.564962E+00  7.334395E+00
  4.625000E+00  8.565089E+00  7.488666E+00
  4.675000E+00  8.660826E+00  7.648052E+00
  4.725000E+00  8.814366E+00  7.813752E+00
  4.775000E+00  8.841867E+00  7.983506E+00
  4.825000E+00  8.899150E+00  8.157956E+00
  4.875000E+00  9.045349E+00  8.338966E+00
  4.925000E+00  9.082198E+00  8.524460E+00
  4.975000E+00  9.107592E+00  8.714269E+00
  5.025000E+00  9.148343E+00  8.908780E+00
  5.075000E+00  9.302863E+00  9.110531E+00
  5.125000E+00  9.136963E+00  9.312608E+00
  5.175000E+00  9.092905E+00  9.517654E+00
  5.225000E+00  9.099201E+00  9.726826E+00
  5.275000E+00  8.995431E+00  9.937589E+00
  5.325000E+00  8.952416E+00  1.015134E+01
  5.375000E+00  8.875144E+00  1.036724E+01
  5.425000E+00  8.699579E+00  1.058283E+01
  5.475000E+00  8.471464E+00  1.079665E+01
  5.525000E+00  8.368023E+00  1.101174E+01
  5.575000E+00  8.176721E+00  1.122573E+01
  5.625000E+00  8.095177E+00  1.144141E+01
  5.675000E+00  7.956612E+00  1.165717E+01
  5.725000E+00  7.841347E+00  1.187358E+01
  5.775000E+00  7.689752E+00  1.208952E+01
  5.825000E+00  7.600349E+00  1.230667E+01
  5.875000E+00  7.564039E+00  1.252651E+01
  5.925000E+00  7.419355E+00  1.274582E+01
  5.975000E+00  7.330359E+00  1.296618E+01
O_s     O_s     
  2.500000E-02  0.000000E+00  0.000000E+00
  7.500000E-02  0.000000E+00  0.000000E+00
  1.250000E-01  0.000000E+00  0.000000E+00
  1.750000E-01  0.000000E+00  0.000000E+00
  2.250000E-01  0.000000E+00  0.000000E+00
  2.750000E-01  0.000000E+00  0.000000E+00
  3.250000E-01  0.000000E+00  0.000000E+00
  3.750000E-01  0.000000E+00  0.000000E+00
  4.250000E-01  0.000000E+00  0.000000E+00
  4.750000E-01  2.348090E-04  4.465056E-08
  5.250000E-01  0.000000E+00  4.465056E-08
  5.750000E-01  3.205705E-04  1.339517E-07
  6.250000E-01  1.356786E-04  1.786023E-07
  6.750000E-01  0.000000E+00  1.786023E-07
  7.250000E-01  1.008451E-04  2.232528E-07
  7.750000E-01  8.825693E-05  2.679034E-07
  8.250000E-01  0.000000E+00  2.679034E-07
  8.750000E-01  1.384837E-04  3.572045E-07
  9.250000E-01  6.196032E-05  4.018551E-07
  9.750000E-01  5.576972E-05  4.465056E-07
  1.025000E+00  2.018501E-04  6.251079E-07
  1.075000E+00  3.211483E-04  9.376619E-07
  1.125000E+00  2.513492E-04  1.205565E-06
  1.175000E+00  2.688188E-04  1.518119E-06
  1.225000E+00  6.006470E-04  2.277179E-06
  1.275000E+00  4.240042E-04  2.857636E-06
  1.325000E+00  3.322097E-04  3.348792E-06
  1.375000E+00  8.413387E-04  4.688309E-06
  1.425000E+00  8.616731E-04  6.161778E-06
  1.475000E+00  8.773638E-04  7.769198E-06
  1.525000E+00  8.435794E-04  9.421269E-06
  1.575000E+00  1.090123E-03  1.169845E-05
  1.625000E+00  1.305194E-03  1.460073E-05
  1.675000E+00  3.023855E-03  2.174482E-05
  1.725000E+00  1.947666E-02  7.054789E-05
  1.775000E+00  2.566199E-01  7.513797E-04
  1.825000E+00  4.110275E+00  1.227922E-02
  1.875000E+00  3.371537E+00  2.226036E-02
  1.925000E+00  3.860250E+00  3.430588E-02
  1.975000E+00  2.118480E+00  4.126422E-02
  2.025000E+00  3.198783E+00  5.230961E-02
  2.075000E+00  1.641388E+01  1.118200E-01
  2.125000E+00  9.077709E+01  4.569941E-01
  2.175000E+00  1.143318E+02  9.124314E-01
  2.225000E+00  3.223794E+01  1.046822E+00
  2.275000E+00  1.102918E+01  1.094889E+00
  2.325000E+00  4.090764E+00  1.113510E+00
  2.375000E+00  1.982765E+00  1.122927E+00
  2.425000E+00  1.496567E+00  1.130338E+00
  2.475000E+00  1.658637E+00  1.138893E+00
  2.525000E+00  2.229659E+00  1.150864E+00
  2.575000E+00  3.326755E+00  1.169438E+00
  2.625000E+00  4.738957E+00  1.196935E+00
  2.675000E+00  5.977776E+00  1.232953E+00
  2.725000E+00  7.438720E+00  1.279465E+00
  2.775000E+00  8.812059E+00  1.336605E+00
  2.825000E+00  1.033509E+01  1.406057E+00
  2.875000E+00  1.168742E+01  1.487402E+00
  2.925000E+00  1.238066E+01  1.576595E+00
  2.975000E+00  1.373148E+01  1.678930E+00
  3.025000E+00  1.422443E+01  1.788533E+00
  3.075000E+00  1.526930E+01  1.910107E+00
  3.125000E+00  1.526504E+01  2.035633E+00
  3.175000E+00  1.540806E+01  2.166421E+00
  3.225000E+00  1.554846E+01  2.302590E+00
  3.275000E+00  1.578543E+01  2.445155E+00
  3.325000E+00  1.521680E+01  2.586812E+00
  3.375000E+00  1.494971E+01  2.730200E+00
  3.425000E+00  1.456301E+01  2.874048E+00
  3.475000E+00  1.431419E+01  3.019597E+00
  3.525000E+00  1.429707E+01  3.169184E+00
  3.575000E+00  1.382521E+01  3.317968E+00
  3.625000E+00  1.378437E+01  3.470491E+00
  3.675000E+00  1.367422E+01  3.625997E+00
  3.725000E+00  1.385767E+01  3.787907E+00
  3.775000E+00  1.360144E+01  3.951118E+00
  3.825000E+00  1.334581E+01  4.115532E+00
  3.875000E+00  1.274210E+01  4.276639E+00
  3.925000E+00  1.234121E+01  4.436730E+00
  3.975000E+00  1.191544E+01  4.595261E+00
  4.025000E+00  1.143311E+01  4.751225E+00
  4.075000E+00  1.099496E+01  4.904962E+00
  4.125000E+00  1.055841E+01  5.056240E+00
  4.175000E+00  1.004678E+01  5.203699E+00
  4.225000E+00  9.910695E+00  5.352664E+00
  4.275000E+00  9.435258E+00  5.497861E+00
  4.325000E+00  8.972847E+00  5.639190E+00
  4.375000E+00  8.742919E+00  5.780099E+00
  4.425000E+00  8.614540E+00  5.922132E+00
  4.475000E+00  8.616878E+00  6.067431E+00
  4.525000E+00  8.612230E+00  6.215916E+00
  4.575000E+00  8.689978E+00  6.369070E+00
  4.625000E+00  8.798350E+00  6.527543E+00
  4.675000E+00  8.828708E+00  6.690018E+00
  4.725000E+00  8.999612E+00  6.859201E+00
  4.775000E+00  9.053464E+00  7.033017E+00
  4.825000E+00  9.248125E+00  7.214308E+00
  4.875000E+00  9.200974E+00  7.398432E+00
  4.925000E+00  9.271481E+00  7.587793E+00
  4.975000E+00  9.368875E+00  7.783047E+00
  5.025000E+00  9.319393E+00  7.981194E+00
  5.075000E+00  9.344008E+00  8.183838E+00
  5.125000E+00  9.295407E+00  8.389419E+00
  5.175000E+00  9.226966E+00  8.597488E+00
  5.225000E+00  9.286043E+00  8.810955E+00
  5.275000E+00  9.127650E+00  9.024816E+00
  5.325000E+00  9.067045E+00  9.241303E+00
  5.375000E+00  8.900462E+00  9.457822E+00
  5.425000E+00  8.622562E+00  9.671502E+00
  5.475000E+00  8.530956E+00  9.886826E+00
  5.525000E+00  8.412117E+00  1.010305E+01
  5.575000E+00  8.241851E+00  1.031874E+01
  5.625000E+00  8.006589E+00  1.053206E+01
  5.675000E+00  7.948624E+00  1.074761E+01
  5.725000E+00  7.796524E+00  1.096278E+01
  5.775000E+00  7.612929E+00  1.117656E+01
  5.825000E+00  7.672963E+00  1.139578E+01
  5.875000E+00  7.532570E+00  1.161470E+01
  5.925000E+00  7.343007E+00  1.183176E+01
  5.975000E+00  7.227637E+00  1.204903E+01
