title: # Li56 La24 Zr16 O96                                                    
energy unitS: electron Volts
         0  0.000000E+00        52
 -5.364000E+05  1.400000E+03 -5.407429E+05  6.307024E+04 -6.038132E+05
  0.000000E+00  0.000000E+00  0.000000E+00  0.000000E+00 -5.363998E+05
  0.000000E+00  1.563293E+05 -4.473454E+05  6.036747E+05  0.000000E+00
  0.000000E+00  0.000000E+00  0.000000E+00  2.781571E+05  0.000000E+00
  0.000000E+00  0.000000E+00  9.000000E+01  9.000000E+01  9.000000E+01
  0.000000E+00 -2.797670E+02  0.000000E+00 -2.931335E+02 -5.621680E-02
  5.747906E-03 -5.621680E-02 -2.930619E+02  9.772275E-02  5.747906E-03
  9.772275E-02 -2.531055E+02  0.000000E+00  0.000000E+00  0.000000E+00
  0.000000E+00  0.000000E+00  6.618035E+01  0.000000E+00  0.000000E+00
  0.000000E+00  6.618035E+01  0.000000E+00  0.000000E+00  0.000000E+00
  6.350853E+01 -4.921445E+04
      1000  2.000000E-01        52
 -5.673141E+05  1.400000E+03 -5.716576E+05  1.137558E+05 -6.911421E+05
  0.000000E+00  0.000000E+00  0.000000E+00  0.000000E+00 -5.673144E+05
  0.000000E+00  4.817691E+03 -6.975195E+05  6.908796E+05  0.000000E+00
  0.000000E+00  0.000000E+00  0.000000E+00  2.776266E+05  4.663377E-02
  5.728812E+03  1.145762E+04  9.000000E+01  9.000000E+01  9.000000E+01
  0.000000E+00  7.343932E+00  4.682750E-01 -3.086733E+00 -1.470769E+00
  6.677170E-01 -1.470769E+00 -4.599332E+00  8.736936E-01  6.677170E-01
  8.736936E-01  2.971786E+01  1.784704E+00  3.424324E-01  3.350836E-01
  1.069305E+00  1.089488E+00  6.613825E+01  0.000000E+00  0.000000E+00
  0.000000E+00  6.613825E+01  0.000000E+00  0.000000E+00  0.000000E+00
  6.346813E+01  1.289424E+03
      2000  4.000000E-01        52
  3.804478E+14  1.724708E+03 -5.432284E+05  6.961944E+04 -6.354676E+05
  0.000000E+00  0.000000E+00  0.000000E+00  0.000000E+00 -5.378779E+05
  0.000000E+00  2.506901E+05 -4.288342E+05  6.342849E+05  0.000000E+00
  0.000000E+00  0.000000E+00  0.000000E+00  4.056084E+05  6.314815E+02
  2.261969E+04  4.523938E+04  9.000000E+01  9.000000E+01  9.000000E+01
  0.000000E+00 -3.118589E+02  3.804478E+14 -2.886040E+02  9.435986E+00
  5.799823E+00  9.435986E+00 -3.564794E+02 -4.212225E+01  5.799823E+00
 -4.212225E+01 -2.904933E+02  2.563343E+00  9.772962E-01  9.462720E-01
  2.015589E+00  2.507495E+03  7.504722E+01  0.000000E+00  0.000000E+00
  0.000000E+00  7.504722E+01  0.000000E+00  0.000000E+00  0.000000E+00
  7.201743E+01 -7.999651E+04
      3000  6.000000E-01        52
  3.804478E+14  1.412538E+03 -5.589762E+05  8.997843E+04 -6.543977E+05
  0.000000E+00  0.000000E+00  0.000000E+00  0.000000E+00 -5.545940E+05
  0.000000E+00  1.315465E+05 -5.308409E+05  6.515013E+05  0.000000E+00
  0.000000E+00  0.000000E+00  0.000000E+00  5.101740E+05  6.457128E+00
  5.443046E+03  1.088609E+04  9.000000E+01  9.000000E+01  9.000000E+01
  0.000000E+00 -1.268504E+02  3.804478E+14 -1.239137E+02 -1.989565E+00
  7.177337E+00 -1.989565E+00 -1.367173E+02 -2.475108E+00  7.177337E+00
 -2.475108E+00 -1.199202E+02  3.615350E+00  1.191928E+00  1.023726E+00
  4.827643E+00  4.778283E+03  8.100996E+01  0.000000E+00  0.000000E+00
  0.000000E+00  8.100996E+01  0.000000E+00  0.000000E+00  0.000000E+00
  7.773944E+01 -4.092759E+04
      4000  8.000000E-01        52
  3.804478E+14  1.400000E+03 -5.639710E+05  1.048926E+05 -6.747588E+05
  0.000000E+00  0.000000E+00  0.000000E+00  0.000000E+00 -5.596277E+05
  0.000000E+00  6.506906E+04 -6.183226E+05  6.716011E+05  0.000000E+00
  0.000000E+00  0.000000E+00  0.000000E+00  5.231575E+05  4.467813E-02
  5.895261E+03  1.179052E+04  9.000000E+01  9.000000E+01  9.000000E+01
  0.000000E+00 -5.680535E+01  3.804478E+14 -6.292655E+01  2.696214E+00
  8.147974E-01  2.696214E+00 -5.515067E+01  4.699212E+00  8.147974E-01
  4.699212E+00 -5.233883E+01  4.621410E+00  2.054095E+00  1.621297E+00
  1.117343E+01  5.091139E+03  8.169143E+01  0.000000E+00  0.000000E+00
  0.000000E+00  8.169143E+01  0.000000E+00  0.000000E+00  0.000000E+00
  7.839340E+01 -1.879437E+04
      5000  1.000000E+00        52
  3.804478E+14  1.400363E+03 -5.618690E+05  1.079434E+05 -6.761317E+05
  0.000000E+00  0.000000E+00  0.000000E+00  0.000000E+00 -5.575245E+05
  0.000000E+00  4.841779E+04 -6.337346E+05  6.695138E+05  0.000000E+00
  0.000000E+00  0.000000E+00  0.000000E+00  6.487176E+05  7.175284E-01
  6.319291E+03  1.263858E+04  9.000000E+01  9.000000E+01  9.000000E+01
  0.000000E+00 -3.227981E+01  3.804478E+14 -3.178989E+01  1.040578E+00
 -2.466533E+00  1.040578E+00 -3.109781E+01 -1.428362E+00 -2.466533E+00
 -1.428362E+00 -3.395174E+01  6.327049E+00  3.608458E+00  2.797157E+00
  1.692467E+01  7.263291E+03  8.776423E+01  0.000000E+00  0.000000E+00
  0.000000E+00  8.776423E+01  0.000000E+00  0.000000E+00  0.000000E+00
  8.422103E+01 -1.324319E+04
      6000  1.200000E+00        52
  3.804479E+14  1.426730E+03 -5.642779E+05  1.105226E+05 -6.817447E+05
  0.000000E+00  0.000000E+00  0.000000E+00  0.000000E+00 -5.598516E+05
  0.000000E+00  3.706124E+04 -6.510738E+05  6.742466E+05  0.000000E+00
  0.000000E+00  0.000000E+00  0.000000E+00  6.762415E+05  6.626198E+01
  6.944219E+03  1.388844E+04  9.000000E+01  9.000000E+01  9.000000E+01
  0.000000E+00 -2.198697E+01  3.804479E+14 -2.365366E+01 -3.311967E+00
 -3.023941E+00 -3.311967E+00 -1.877405E+01  4.465225E+00 -3.023941E+00
  4.465225E+00 -2.353319E+01  8.351768E+00  6.328782E+00  4.729489E+00
  2.518509E+01  7.595010E+03  8.898831E+01  0.000000E+00  0.000000E+00
  0.000000E+00  8.898831E+01  0.000000E+00  0.000000E+00  0.000000E+00
  8.539569E+01 -9.403146E+03
      7000  1.400000E+00        52
  3.804479E+14  1.400000E+03 -5.631053E+05  1.026520E+05 -6.715108E+05
  0.000000E+00  0.000000E+00  0.000000E+00  0.000000E+00 -5.587618E+05
  0.000000E+00  6.519966E+04 -6.060436E+05  6.597363E+05  0.000000E+00
  0.000000E+00  0.000000E+00  0.000000E+00  7.859319E+05  3.350448E-02
  5.753492E+03  1.150698E+04  9.000000E+01  9.000000E+01  9.000000E+01
  0.000000E+00 -3.790020E+01  3.804479E+14 -2.787917E+01  8.510069E-01
  2.643826E+00  8.510069E-01 -4.226546E+01 -3.371261E-01  2.643826E+00
 -3.371261E-01 -4.355597E+01  8.680436E+00  6.467911E+00  4.885393E+00
  2.786078E+01  8.199249E+03  9.356081E+01  0.000000E+00  0.000000E+00
  0.000000E+00  9.356081E+01  0.000000E+00  0.000000E+00  0.000000E+00
  8.978359E+01 -1.883790E+04
      8000  1.600000E+00        52
  3.804603E+14  1.401840E+03 -5.618203E+05  1.024309E+05 -6.698539E+05
  0.000000E+00  0.000000E+00  0.000000E+00  0.000000E+00 -5.574711E+05
  0.000000E+00  6.502663E+04 -6.012277E+05  6.550490E+05  0.000000E+00
  0.000000E+00  0.000000E+00  0.000000E+00  8.523083E+05  6.019663E+00
  5.602694E+03  1.120539E+04  9.000000E+01  9.000000E+01  9.000000E+01
  0.000000E+00 -3.483453E+01  3.804603E+14 -3.623657E+01 -5.439566E+00
  2.972130E+00 -5.439566E+00 -3.140350E+01 -4.644168E+00  2.972130E+00
 -4.644168E+00 -3.686353E+01  9.260084E+00  6.876631E+00  5.216581E+00
  3.136191E+01  8.596120E+03  9.612387E+01  0.000000E+00  0.000000E+00
  0.000000E+00  9.612387E+01  0.000000E+00  0.000000E+00  0.000000E+00
  9.224317E+01 -1.877642E+04
      9000  1.800000E+00        52
  3.804603E+14  1.431495E+03 -5.616050E+05  1.033360E+05 -6.709305E+05
  0.000000E+00  0.000000E+00  0.000000E+00  0.000000E+00 -5.571637E+05
  0.000000E+00  5.577229E+04 -6.080144E+05  6.518075E+05  0.000000E+00
  0.000000E+00  0.000000E+00  0.000000E+00  9.306647E+05  5.340110E+01
  5.989611E+03  1.197922E+04  9.000000E+01  9.000000E+01  9.000000E+01
  0.000000E+00 -2.655634E+01  3.804603E+14 -2.404859E+01  2.542344E-01
  5.287978E+00  2.542344E-01 -2.943945E+01  1.738318E+00  5.287978E+00
  1.738318E+00 -2.618099E+01  9.972269E+00  7.524589E+00  5.797080E+00
  3.507986E+01  9.155773E+03  9.898364E+01  0.000000E+00  0.000000E+00
  0.000000E+00  9.898364E+01  0.000000E+00  0.000000E+00  0.000000E+00
  9.498749E+01 -1.563031E+04
     10000  2.000000E+00        52
  3.804603E+14  1.400000E+03 -5.600588E+05  1.063000E+05 -6.743782E+05
  0.000000E+00  0.000000E+00  0.000000E+00  0.000000E+00 -5.557152E+05
  0.000000E+00  4.597919E+04 -6.236890E+05  6.536294E+05  0.000000E+00
  0.000000E+00  0.000000E+00  0.000000E+00  9.554163E+05  4.919728E-02
  8.019411E+03  1.603882E+04  9.000000E+01  9.000000E+01  9.000000E+01
  0.000000E+00 -2.057358E+01  3.804603E+14 -2.297095E+01 -1.580977E-01
  4.414448E-01 -1.580977E-01 -1.962738E+01  8.198810E-01  4.414448E-01
  8.198810E-01 -1.912242E+01  1.094688E+01  8.095412E+00  6.275859E+00
  3.799707E+01  9.310700E+03  9.985348E+01  0.000000E+00  0.000000E+00
  0.000000E+00  9.985348E+01  0.000000E+00  0.000000E+00  0.000000E+00
  9.582222E+01 -1.243107E+04
     11000  2.200000E+00        52
  3.804603E+14  1.400243E+03 -5.629722E+05  1.093097E+05 -6.780367E+05
  0.000000E+00  0.000000E+00  0.000000E+00  0.000000E+00 -5.586277E+05
  0.000000E+00  1.973962E+04 -6.402191E+05  6.484489E+05  0.000000E+00
  0.000000E+00  0.000000E+00  0.000000E+00  1.097478E+06  6.552928E-01
  5.754876E+03  1.150975E+04  9.000000E+01  9.000000E+01  9.000000E+01
  0.000000E+00 -5.307913E+00  3.804603E+14 -5.500767E-01 -1.480967E+00
  3.316444E+00 -1.480967E+00 -7.528833E+00 -8.894674E-01  3.316444E+00
 -8.894674E-01 -7.844829E+00  1.307724E+01  9.994969E+00  7.921143E+00
  4.777955E+01  1.037834E+04  1.045757E+02  0.000000E+00  0.000000E+00
  0.000000E+00  1.045757E+02  0.000000E+00  0.000000E+00  0.000000E+00
  1.003538E+02 -3.684051E+03
     12000  2.400000E+00        52
  3.804603E+14  1.400493E+03 -5.649409E+05  1.109425E+05 -6.827681E+05
  0.000000E+00  0.000000E+00  0.000000E+00  0.000000E+00 -5.605957E+05
  0.000000E+00  1.305200E+04 -6.521093E+05  6.513918E+05  0.000000E+00
  0.000000E+00  0.000000E+00  0.000000E+00  1.110019E+06  1.105705E+00
  6.884743E+03  1.376949E+04  9.000000E+01  9.000000E+01  9.000000E+01
  0.000000E+00 -2.071692E+00  3.804603E+14  6.003686E-01 -2.668314E+00
 -4.853385E+00 -2.668314E+00 -3.580713E+00  1.927389E+00 -4.853385E+00
  1.927389E+00 -3.234732E+00  1.482459E+01  1.178842E+01  9.465628E+00
  6.091452E+01  1.054234E+04  1.049726E+02  0.000000E+00  0.000000E+00
  0.000000E+00  1.049726E+02  0.000000E+00  0.000000E+00  0.000000E+00
  1.007346E+02 -1.454326E+03
     13000  2.600000E+00        52
  3.804603E+14  1.400000E+03 -5.646343E+05  1.022601E+05 -6.741506E+05
  0.000000E+00  0.000000E+00  0.000000E+00  0.000000E+00 -5.602905E+05
  0.000000E+00  4.744568E+04 -6.032989E+05  6.362321E+05  0.000000E+00
  0.000000E+00  0.000000E+00  0.000000E+00  1.210790E+06  4.579408E-02
  7.256239E+03  1.451248E+04  9.000000E+01  9.000000E+01  9.000000E+01
  0.000000E+00 -1.687269E+01  3.804603E+14 -1.982822E+01 -5.695021E-01
 -8.083627E-01 -5.695021E-01 -1.579201E+01  4.264607E+00 -8.083627E-01
  4.264607E+00 -1.499784E+01  1.559390E+01  1.233787E+01  9.940667E+00
  6.876258E+01  1.096373E+04  1.080576E+02  0.000000E+00  0.000000E+00
  0.000000E+00  1.080576E+02  0.000000E+00  0.000000E+00  0.000000E+00
  1.036951E+02 -1.291990E+04
     14000  2.800000E+00        52
  3.804603E+14  1.454474E+03 -5.634012E+05  1.104564E+05 -6.834146E+05
  0.000000E+00  0.000000E+00  0.000000E+00  0.000000E+00 -5.588885E+05
  0.000000E+00  1.212904E+04 -6.505316E+05  6.435465E+05  0.000000E+00
  0.000000E+00  0.000000E+00  0.000000E+00  1.217512E+06  1.046861E+02
  9.557059E+03  1.911412E+04  9.000000E+01  9.000000E+01  9.000000E+01
  0.000000E+00 -1.344238E+00  3.804603E+14 -2.926173E+00  2.697205E-01
 -5.648979E-01  2.697205E-01  2.428897E+00  2.379877E+00 -5.648979E-01
  2.379877E+00 -3.535439E+00  1.747916E+01  1.400506E+01  1.147419E+01
  8.102627E+01  1.109125E+04  1.082572E+02  0.000000E+00  0.000000E+00
  0.000000E+00  1.082572E+02  0.000000E+00  0.000000E+00  0.000000E+00
  1.038867E+02 -1.035037E+03
     15000  3.000000E+00        52
  3.804603E+14  2.899951E+03 -5.497010E+05  1.106106E+05 -6.841604E+05
  0.000000E+00  0.000000E+00  0.000000E+00  0.000000E+00 -5.407042E+05
  0.000000E+00  3.929518E+04 -6.520857E+05  6.436834E+05  0.000000E+00
  0.000000E+00  0.000000E+00  0.000000E+00  1.217950E+06  3.000464E+03
  2.384874E+04  4.769748E+04  9.000000E+01  9.000000E+01  9.000000E+01
  0.000000E+00 -9.219060E+00  3.804603E+14 -1.626859E+01  1.722929E+00
 -1.215731E+01  1.722929E+00  1.962885E-01  1.183948E+00 -1.215731E+01
  1.183948E+00 -1.158488E+01  1.825180E+01  1.462138E+01  1.203805E+01
  9.933984E+01  1.115210E+04  1.082702E+02  0.000000E+00  0.000000E+00
  0.000000E+00  1.082702E+02  0.000000E+00  0.000000E+00  0.000000E+00
  1.038991E+02 -7.101045E+03
     16000  3.200000E+00        52
  3.804603E+14  1.400000E+03 -5.667317E+05  1.112766E+05 -6.849998E+05
  0.000000E+00  0.000000E+00  0.000000E+00  0.000000E+00 -5.623880E+05
  0.000000E+00  7.966131E+02 -6.560648E+05  6.428784E+05  0.000000E+00
  0.000000E+00  0.000000E+00  0.000000E+00  1.236404E+06  2.851673E-02
  6.991462E+03  1.398292E+04  9.000000E+01  9.000000E+01  9.000000E+01
  0.000000E+00  3.363207E+00  3.804603E+14  4.503116E+00  1.684545E+00
 -2.197476E+00  1.684545E+00  4.924986E+00 -2.589311E+00 -2.197476E+00
 -2.589311E+00  6.615183E-01  1.889109E+01  1.516078E+01  1.249900E+01
  1.050408E+02  1.122404E+04  1.088143E+02  0.000000E+00  0.000000E+00
  0.000000E+00  1.088143E+02  0.000000E+00  0.000000E+00  0.000000E+00
  1.044212E+02  2.629783E+03
     17000  3.400000E+00        52
  3.804603E+14  1.400244E+03 -5.674462E+05  1.121473E+05 -6.867249E+05
  0.000000E+00  0.000000E+00  0.000000E+00  0.000000E+00 -5.631016E+05
  0.000000E+00 -3.538082E+03 -6.617968E+05  6.439957E+05  0.000000E+00
  0.000000E+00  0.000000E+00  0.000000E+00  1.237436E+06  4.116149E-01
  7.131533E+03  1.426307E+04  9.000000E+01  9.000000E+01  9.000000E+01
  0.000000E+00  5.207373E+00  3.804603E+14  7.002467E+00 -6.720579E-01
 -4.519348E+00 -6.720579E-01  3.175925E+00  8.128968E-01 -4.519348E+00
  8.128968E-01  5.443725E+00  1.991443E+01  1.647652E+01  1.334414E+01
  1.189296E+02  1.123743E+04  1.088445E+02  0.000000E+00  0.000000E+00
  0.000000E+00  1.088445E+02  0.000000E+00  0.000000E+00  0.000000E+00
  1.044503E+02  4.075187E+03
     18000  3.600000E+00        52
  3.804603E+14  1.400235E+03 -5.675194E+05  1.085957E+05 -6.830620E+05
  0.000000E+00  0.000000E+00  0.000000E+00  0.000000E+00 -5.631748E+05
  0.000000E+00  6.129991E+03 -6.428384E+05  6.350745E+05  0.000000E+00
  0.000000E+00  0.000000E+00  0.000000E+00  1.310022E+06  9.750595E-01
  6.946953E+03  1.389391E+04  9.000000E+01  9.000000E+01  9.000000E+01
  0.000000E+00  1.028960E+00  3.804603E+14  1.532173E+00 -3.010332E+00
  8.695679E-01 -3.010332E+00  4.567881E+00 -1.031007E+00  8.695679E-01
 -1.031007E+00 -3.013176E+00  2.040360E+01  1.687381E+01  1.373728E+01
  1.255105E+02  1.145414E+04  1.109324E+02  0.000000E+00  0.000000E+00
  0.000000E+00  1.109324E+02  0.000000E+00  0.000000E+00  0.000000E+00
  1.064539E+02  8.524772E+02
     19000  3.800000E+00        52
  3.804603E+14  1.400000E+03 -5.681977E+05  1.111432E+05 -6.863191E+05
  0.000000E+00  0.000000E+00  0.000000E+00  0.000000E+00 -5.638539E+05
  0.000000E+00 -5.857471E+03 -6.573370E+05  6.375230E+05  0.000000E+00
  0.000000E+00  0.000000E+00  0.000000E+00  1.311654E+06  3.361872E-02
  6.978259E+03  1.395652E+04  9.000000E+01  9.000000E+01  9.000000E+01
  0.000000E+00  5.844139E+00  3.804603E+14  3.506588E+00 -6.716061E-01
  6.843565E-01 -6.716061E-01  8.189792E+00 -4.318074E+00  6.843565E-01
 -4.318074E+00  5.836037E+00  2.142373E+01  1.773897E+01  1.455158E+01
  1.403646E+02  1.148545E+04  1.109785E+02  0.000000E+00  0.000000E+00
  0.000000E+00  1.109785E+02  0.000000E+00  0.000000E+00  0.000000E+00
  1.064981E+02  4.847811E+03
     20000  4.000000E+00        52
  3.804603E+14  1.400039E+03 -5.684514E+05  1.119111E+05 -6.876513E+05
  0.000000E+00  0.000000E+00  0.000000E+00  0.000000E+00 -5.641075E+05
  0.000000E+00 -8.746933E+03 -6.618744E+05  6.385499E+05  0.000000E+00
  0.000000E+00  0.000000E+00  0.000000E+00  1.313385E+06  3.024419E-01
  7.288813E+03  1.457763E+04  9.000000E+01  9.000000E+01  9.000000E+01
  0.000000E+00  6.996104E+00  3.804603E+14  6.052501E+00 -1.350798E+00
  1.269642E+00 -1.350798E+00  8.746795E+00 -3.011639E+00  1.269642E+00
 -3.011639E+00  6.189017E+00  2.395955E+01  1.993499E+01  1.661892E+01
  1.806775E+02  1.154035E+04  1.110273E+02  0.000000E+00  0.000000E+00
  0.000000E+00  1.110273E+02  0.000000E+00  0.000000E+00  0.000000E+00
  1.065449E+02  5.811047E+03
     21000  4.200000E+00        52
  3.804603E+14  1.400656E+03 -5.691979E+05  1.126157E+05 -6.891105E+05
  0.000000E+00  0.000000E+00  0.000000E+00  0.000000E+00 -5.648521E+05
  0.000000E+00 -1.278415E+04 -6.668242E+05  6.394462E+05  0.000000E+00
  0.000000E+00  0.000000E+00  0.000000E+00  1.315461E+06  1.110978E+00
  7.296914E+03  1.459383E+04  9.000000E+01  9.000000E+01  9.000000E+01
  0.000000E+00  8.604218E+00  3.804603E+14  7.773442E+00 -1.367402E+00
 -3.028098E+00 -1.367402E+00  8.595626E+00  1.488055E+00 -3.028098E+00
  1.488055E+00  9.443585E+00  2.624908E+01  2.171851E+01  1.832718E+01
  2.179692E+02  1.158490E+04  1.110857E+02  0.000000E+00  0.000000E+00
  0.000000E+00  1.110857E+02  0.000000E+00  0.000000E+00  0.000000E+00
  1.066010E+02  7.158061E+03
     22000  4.400000E+00        52
  3.804603E+14  1.400000E+03 -5.699192E+05  1.121827E+05 -6.892652E+05
  0.000000E+00  0.000000E+00  0.000000E+00  0.000000E+00 -5.655754E+05
  0.000000E+00 -1.389873E+04 -6.654532E+05  6.372279E+05  0.000000E+00
  0.000000E+00  0.000000E+00  0.000000E+00  1.337037E+06  3.192595E-02
  7.163255E+03  1.432651E+04  9.000000E+01  9.000000E+01  9.000000E+01
  0.000000E+00  8.903143E+00  3.804603E+14  7.831507E+00 -2.145153E+00
 -2.976699E+00 -2.145153E+00  9.708082E+00  3.730321E+00 -2.976699E+00
  3.730321E+00  9.169840E+00  2.641682E+01  2.181657E+01  1.849042E+01
  2.224022E+02  1.163254E+04  1.116898E+02  0.000000E+00  0.000000E+00
  0.000000E+00  1.116898E+02  0.000000E+00  0.000000E+00  0.000000E+00
  1.071807E+02  7.528231E+03
     23000  4.600000E+00        52
  3.804603E+14  2.285174E+03 -5.251838E+05  1.113724E+05 -6.887238E+05
  0.000000E+00  0.000000E+00  0.000000E+00  0.000000E+00 -5.180940E+05
  0.000000E+00  7.822222E+04 -6.615276E+05  6.354146E+05  0.000000E+00
  0.000000E+00  0.000000E+00  0.000000E+00  1.344538E+06  1.763122E+03
  5.216763E+04  1.043353E+05  9.000000E+01  9.000000E+01  9.000000E+01
  0.000000E+00 -2.510619E+01  3.804603E+14 -3.361170E+01  3.805803E-01
 -1.139057E+01  3.805803E-01 -2.455520E+00  1.789417E+01 -1.139057E+01
  1.789417E+01 -3.925136E+01  2.690400E+01  2.215240E+01  1.892048E+01
  2.375386E+02  1.168281E+04  1.118983E+02  0.000000E+00  0.000000E+00
  0.000000E+00  1.118983E+02  0.000000E+00  0.000000E+00  0.000000E+00
  1.073807E+02 -2.134814E+04
     24000  4.800000E+00        52
  3.804603E+14  1.399268E+03 -5.704901E+05  1.098126E+05 -6.872504E+05
  0.000000E+00  0.000000E+00  0.000000E+00  0.000000E+00 -5.661485E+05
  0.000000E+00 -1.392401E+04 -6.532980E+05  6.254786E+05  0.000000E+00
  0.000000E+00  0.000000E+00  0.000000E+00  1.458733E+06  1.181574E+00
  6.947653E+03  1.389531E+04  9.000000E+01  9.000000E+01  9.000000E+01
  0.000000E+00  8.167888E+00  3.804603E+14  5.987219E+00 -6.320720E-01
 -3.283111E-01 -6.320720E-01  1.353394E+01  2.716836E+00 -3.283111E-01
  2.716836E+00  4.982506E+00  2.750178E+01  2.276265E+01  1.949311E+01
  2.413973E+02  1.208606E+04  1.149805E+02  0.000000E+00  0.000000E+00
  0.000000E+00  1.149805E+02  0.000000E+00  0.000000E+00  0.000000E+00
  1.103385E+02  7.535144E+03
     25000  5.000000E+00        52
  3.804836E+14  1.400000E+03 -5.681618E+05  1.118023E+05 -6.885762E+05
  0.000000E+00  0.000000E+00  0.000000E+00  0.000000E+00 -5.638179E+05
  0.000000E+00 -1.977588E+04 -6.630498E+05  6.260497E+05  0.000000E+00
  0.000000E+00  0.000000E+00  0.000000E+00  1.464935E+06  8.418758E-02
  8.612083E+03  1.722417E+04  9.000000E+01  9.000000E+01  9.000000E+01
  0.000000E+00  1.024041E+01  3.804836E+14  1.147728E+01 -1.084290E+00
 -1.053674E+00 -1.084290E+00  1.084409E+01  1.394654E+00 -1.053674E+00
  1.394654E+00  8.399860E+00  2.804216E+01  2.319869E+01  1.996023E+01
  2.587297E+02  1.226144E+04  1.151432E+02  0.000000E+00  0.000000E+00
  0.000000E+00  1.151432E+02  0.000000E+00  0.000000E+00  0.000000E+00
  1.104947E+02  9.487280E+03
     26000  5.200000E+00        52
  3.804836E+14  1.484043E+03 -5.661001E+05  1.099686E+05 -6.873410E+05
  0.000000E+00  0.000000E+00  0.000000E+00  0.000000E+00 -5.614955E+05
  0.000000E+00 -7.150702E+03 -6.536520E+05  6.239565E+05  0.000000E+00
  0.000000E+00  0.000000E+00  0.000000E+00  1.471520E+06  1.707932E+02
  1.127239E+04  2.254478E+04  9.000000E+01  9.000000E+01  9.000000E+01
  0.000000E+00  5.859210E+00  3.804836E+14  4.741951E+00  2.448139E+00
  3.412912E-02  2.448139E+00  6.913318E+00 -2.062743E+00  3.412912E-02
 -2.062743E+00  5.922361E+00  2.959266E+01  2.343870E+01  2.018786E+01
  2.628636E+02  1.227734E+04  1.153155E+02  0.000000E+00  0.000000E+00
  0.000000E+00  1.153155E+02  0.000000E+00  0.000000E+00  0.000000E+00
  1.106600E+02  5.452697E+03
     27000  5.400000E+00        52
  3.804836E+14  1.488515E+03 -5.693700E+05  1.101578E+05 -6.876787E+05
  0.000000E+00  0.000000E+00  0.000000E+00  0.000000E+00 -5.647515E+05
  0.000000E+00 -1.448608E+04 -6.546139E+05  6.238260E+05  0.000000E+00
  0.000000E+00  0.000000E+00  0.000000E+00  1.474832E+06  1.881695E+02
  8.150913E+03  1.630183E+04  9.000000E+01  9.000000E+01  9.000000E+01
  0.000000E+00  8.477487E+00  3.804836E+14  8.418282E+00 -5.399092E-01
 -1.961883E+00 -5.399092E-01  7.890325E+00  1.482531E+00 -1.961883E+00
  1.482531E+00  9.123855E+00  3.022717E+01  2.365105E+01  2.044108E+01
  2.709143E+02  1.230034E+04  1.154020E+02  0.000000E+00  0.000000E+00
  0.000000E+00  1.154020E+02  0.000000E+00  0.000000E+00  0.000000E+00
  1.107430E+02  7.907072E+03
     28000  5.600000E+00        52
  3.804836E+14  1.400000E+03 -5.710137E+05  1.075283E+05 -6.856180E+05
  0.000000E+00  0.000000E+00  0.000000E+00  0.000000E+00 -5.666697E+05
  0.000000E+00 -1.332811E+04 -6.401935E+05  6.127135E+05  0.000000E+00
  0.000000E+00  0.000000E+00  0.000000E+00  1.599708E+06  4.433164E-02
  7.075953E+03  1.415191E+04  9.000000E+01  9.000000E+01  9.000000E+01
  0.000000E+00  7.253246E+00  3.804836E+14  1.062951E+01 -1.204535E+00
 -7.233951E-01 -1.204535E+00  6.234369E+00  5.937524E-01 -7.233951E-01
  5.937524E-01  4.895855E+00  3.114710E+01  2.451531E+01  2.125179E+01
  2.843923E+02  1.307166E+04  1.185712E+02  0.000000E+00  0.000000E+00
  0.000000E+00  1.185712E+02  0.000000E+00  0.000000E+00  0.000000E+00
  1.137843E+02  7.338026E+03
     29000  5.800000E+00        52
  3.804836E+14  1.404213E+03 -5.717221E+05  1.069562E+05 -6.858554E+05
  0.000000E+00  0.000000E+00  0.000000E+00  0.000000E+00 -5.673650E+05
  0.000000E+00 -1.459411E+04 -6.363040E+05  6.073555E+05  0.000000E+00
  0.000000E+00  0.000000E+00  0.000000E+00  1.673269E+06  9.339639E+00
  7.177187E+03  1.435437E+04  9.000000E+01  9.000000E+01  9.000000E+01
  0.000000E+00  7.341394E+00  3.804836E+14  6.442503E+00  3.126966E-01
 -1.954971E-01  3.126966E-01  1.094872E+01 -1.444315E+00 -1.954971E-01
 -1.444315E+00  4.632956E+00  3.192771E+01  2.529046E+01  2.200318E+01
  2.986886E+02  1.341052E+04  1.203615E+02  0.000000E+00  0.000000E+00
  0.000000E+00  1.203615E+02  0.000000E+00  0.000000E+00  0.000000E+00
  1.155023E+02  7.768737E+03
     30000  6.000000E+00        52
  3.804836E+14  1.400272E+03 -5.725722E+05  1.079801E+05 -6.875448E+05
  0.000000E+00  0.000000E+00  0.000000E+00  0.000000E+00 -5.682273E+05
  0.000000E+00 -2.164159E+04 -6.432744E+05  6.076478E+05  0.000000E+00
  0.000000E+00  0.000000E+00  0.000000E+00  1.684277E+06  4.010362E-01
  6.992494E+03  1.398499E+04  9.000000E+01  9.000000E+01  9.000000E+01
  0.000000E+00  9.491189E+00  3.804836E+14  9.230988E+00  2.004759E+00
  2.060072E+00  2.004759E+00  1.052967E+01  2.727460E+00  2.060072E+00
  2.727460E+00  8.712913E+00  3.241931E+01  2.577071E+01  2.251815E+01
  3.113306E+02  1.348131E+04  1.206249E+02  0.000000E+00  0.000000E+00
  0.000000E+00  1.206249E+02  0.000000E+00  0.000000E+00  0.000000E+00
  1.157550E+02  1.010975E+04
     31000  6.200000E+00        52
  3.804836E+14  1.400000E+03 -5.731764E+05  1.074559E+05 -6.879235E+05
  0.000000E+00  0.000000E+00  0.000000E+00  0.000000E+00 -5.688324E+05
  0.000000E+00 -2.064562E+04 -6.406126E+05  6.053846E+05  0.000000E+00
  0.000000E+00  0.000000E+00  0.000000E+00  1.711144E+06  3.605618E-02
  7.291178E+03  1.458236E+04  9.000000E+01  9.000000E+01  9.000000E+01
  0.000000E+00  9.034866E+00  3.804836E+14  7.524968E+00 -2.056909E+00
 -6.792670E-01 -2.056909E+00  1.364989E+01  2.196802E+00 -6.792670E-01
  2.196802E+00  5.929738E+00  3.407620E+01  2.732105E+01  2.415316E+01
  3.489343E+02  1.362399E+04  1.212629E+02  0.000000E+00  0.000000E+00
  0.000000E+00  1.212629E+02  0.000000E+00  0.000000E+00  0.000000E+00
  1.163673E+02  9.777194E+03
     32000  6.400000E+00        52
  3.804836E+14  1.399060E+03 -5.737262E+05  1.088742E+05 -6.897666E+05
  0.000000E+00  0.000000E+00  0.000000E+00  0.000000E+00 -5.693850E+05
  0.000000E+00 -2.869650E+04 -6.491428E+05  6.061139E+05  0.000000E+00
  0.000000E+00  0.000000E+00  0.000000E+00  1.716267E+06  6.447337E-01
  7.166210E+03  1.433242E+04  9.000000E+01  9.000000E+01  9.000000E+01
  0.000000E+00  1.147858E+01  3.804836E+14  1.029113E+01 -1.265529E+00
 -7.177685E-01 -1.265529E+00  1.471142E+01  4.582773E-01 -7.177685E-01
  4.582773E-01  9.433179E+00  3.453323E+01  2.765320E+01  2.450706E+01
  3.809346E+02  1.371019E+04  1.213838E+02  0.000000E+00  0.000000E+00
  0.000000E+00  1.213838E+02  0.000000E+00  0.000000E+00  0.000000E+00
  1.164833E+02  1.245888E+04
     33000  6.600000E+00        52
  3.804836E+14  1.399867E+03 -5.741766E+05  1.089774E+05 -6.903307E+05
  0.000000E+00  0.000000E+00  0.000000E+00  0.000000E+00 -5.698329E+05
  0.000000E+00 -3.024109E+04 -6.500210E+05  6.054265E+05  0.000000E+00
  0.000000E+00  0.000000E+00  0.000000E+00  1.722339E+06  1.136635E+00
  7.176670E+03  1.435334E+04  9.000000E+01  9.000000E+01  9.000000E+01
  0.000000E+00  1.191232E+01  3.804836E+14  1.382245E+01 -3.358260E+00
 -1.521484E+00 -3.358260E+00  1.304176E+01  1.419735E+00 -1.521484E+00
  1.419735E+00  8.872759E+00  3.528834E+01  2.827007E+01  2.513652E+01
  4.046389E+02  1.375752E+04  1.215267E+02  0.000000E+00  0.000000E+00
  0.000000E+00  1.215267E+02  0.000000E+00  0.000000E+00  0.000000E+00
  1.166205E+02  1.297541E+04
     34000  6.800000E+00        52
  3.804836E+14  1.400000E+03 -5.743278E+05  1.088466E+05 -6.903215E+05
  0.000000E+00  0.000000E+00  0.000000E+00  0.000000E+00 -5.699837E+05
  0.000000E+00 -3.087252E+04 -6.495901E+05  6.044234E+05  0.000000E+00
  0.000000E+00  0.000000E+00  0.000000E+00  1.730005E+06  2.351433E-02
  7.147079E+03  1.429416E+04  9.000000E+01  9.000000E+01  9.000000E+01
  0.000000E+00  1.205216E+01  3.804836E+14  1.015874E+01 -2.043316E-01
  5.414639E-01 -2.043316E-01  1.205787E+01 -2.759046E+00  5.414639E-01
 -2.759046E+00  1.393988E+01  3.564234E+01  2.850055E+01  2.540071E+01
  4.155074E+02  1.379612E+04  1.217068E+02  0.000000E+00  0.000000E+00
  0.000000E+00  1.217068E+02  0.000000E+00  0.000000E+00  0.000000E+00
  1.167933E+02  1.318616E+04
     35000  7.000000E+00        52
  3.804836E+14  1.474800E+03 -5.706520E+05  1.087310E+05 -6.903160E+05
  0.000000E+00  0.000000E+00  0.000000E+00  0.000000E+00 -5.660759E+05
  0.000000E+00 -2.379021E+04 -6.492432E+05  6.035870E+05  0.000000E+00
  0.000000E+00  0.000000E+00  0.000000E+00  1.736126E+06  1.483171E+02
  1.093302E+04  2.186605E+04  9.000000E+01  9.000000E+01  9.000000E+01
  0.000000E+00  1.000043E+01  3.804836E+14  1.586953E+01 -1.530515E+00
  7.885815E-01 -1.530515E+00  6.779445E+00  2.090611E+00  7.885815E-01
  2.090611E+00  7.352302E+00  3.624724E+01  2.890243E+01  2.578519E+01
  4.373099E+02  1.383166E+04  1.218501E+02  0.000000E+00  0.000000E+00
  0.000000E+00  1.218501E+02  0.000000E+00  0.000000E+00  0.000000E+00
  1.169308E+02  1.098008E+04
     36000  7.200000E+00        52
  3.804836E+14  1.392283E+03 -5.747198E+05  1.088089E+05 -6.907182E+05
  0.000000E+00  0.000000E+00  0.000000E+00  0.000000E+00 -5.703997E+05
  0.000000E+00 -3.245590E+04 -6.499688E+05  6.031340E+05  0.000000E+00
  0.000000E+00  0.000000E+00  0.000000E+00  1.741958E+06  1.027539E+01
  7.189478E+03  1.437896E+04  9.000000E+01  9.000000E+01  9.000000E+01
  0.000000E+00  1.243407E+01  3.804836E+14  1.549151E+01 -2.341443E+00
  1.991636E+00 -2.341443E+00  1.183728E+01 -9.225797E-01  1.991636E+00
 -9.225797E-01  9.973407E+00  3.691979E+01  2.936581E+01  2.625955E+01
  4.579043E+02  1.385983E+04  1.219864E+02  0.000000E+00  0.000000E+00
  0.000000E+00  1.219864E+02  0.000000E+00  0.000000E+00  0.000000E+00
  1.170616E+02  1.369799E+04
     37000  7.400000E+00        52
  3.804836E+14  1.400000E+03 -5.738040E+05  1.083269E+05 -6.902226E+05
  0.000000E+00  0.000000E+00  0.000000E+00  0.000000E+00 -5.694599E+05
  0.000000E+00 -3.021411E+04 -6.473910E+05  6.009936E+05  0.000000E+00
  0.000000E+00  0.000000E+00  0.000000E+00  1.762009E+06  3.335702E-02
  8.091653E+03  1.618331E+04  9.000000E+01  9.000000E+01  9.000000E+01
  0.000000E+00  1.163630E+01  3.804836E+14  1.356850E+01  7.082166E-01
  1.510334E+00  7.082166E-01  1.154391E+01  7.549300E-01  1.510334E+00
  7.549300E-01  9.796504E+00  3.727120E+01  2.964780E+01  2.653344E+01
  4.724285E+02  1.393373E+04  1.224527E+02  0.000000E+00  0.000000E+00
  0.000000E+00  1.224527E+02  0.000000E+00  0.000000E+00  0.000000E+00
  1.175091E+02  1.296669E+04
     38000  7.600000E+00        52
  3.804836E+14  1.401180E+03 -5.750924E+05  1.081545E+05 -6.903713E+05
  0.000000E+00  0.000000E+00  0.000000E+00  0.000000E+00 -5.707447E+05
  0.000000E+00 -3.248954E+04 -6.464103E+05  5.996722E+05  0.000000E+00
  0.000000E+00  0.000000E+00  0.000000E+00  1.781160E+06  2.577381E+00
  7.124307E+03  1.424861E+04  9.000000E+01  9.000000E+01  9.000000E+01
  0.000000E+00  1.218669E+01  3.804836E+14  1.136696E+01 -2.500353E+00
  1.872617E-02 -2.500353E+00  1.633897E+01 -2.158943E-01  1.872617E-02
 -2.158943E-01  8.854140E+00  3.758914E+01  2.989175E+01  2.679653E+01
  4.828722E+02  1.400598E+04  1.228948E+02  0.000000E+00  0.000000E+00
  0.000000E+00  1.228948E+02  0.000000E+00  0.000000E+00  0.000000E+00
  1.179333E+02  1.372761E+04
     39000  7.800000E+00        52
  3.804836E+14  1.471148E+03 -5.742894E+05  1.071626E+05 -6.894001E+05
  0.000000E+00  0.000000E+00  0.000000E+00  0.000000E+00 -5.697246E+05
  0.000000E+00 -2.822712E+04 -6.405571E+05  5.964338E+05  0.000000E+00
  0.000000E+00  0.000000E+00  0.000000E+00  1.814579E+06  1.575421E+02
  7.948108E+03  1.589622E+04  9.000000E+01  9.000000E+01  9.000000E+01
  0.000000E+00  1.085025E+01  3.804836E+14  1.127343E+01 -2.135835E+00
 -2.051288E+00 -2.135835E+00  1.138228E+01  2.189743E+00 -2.051288E+00
  2.189743E+00  9.895045E+00  3.783426E+01  3.007827E+01  2.697828E+01
  4.896311E+02  1.409547E+04  1.236586E+02  0.000000E+00  0.000000E+00
  0.000000E+00  1.236586E+02  0.000000E+00  0.000000E+00  0.000000E+00
  1.186663E+02  1.245150E+04
     40000  8.000000E+00        52
  3.804836E+14  1.400000E+03 -5.755892E+05  1.045796E+05 -6.872280E+05
  0.000000E+00  0.000000E+00  0.000000E+00  0.000000E+00 -5.712450E+05
  0.000000E+00 -2.214514E+04 -6.256571E+05  5.893935E+05  0.000000E+00
  0.000000E+00  0.000000E+00  0.000000E+00  1.887294E+06  3.602441E-02
  7.059236E+03  1.411847E+04  9.000000E+01  9.000000E+01  9.000000E+01
  0.000000E+00  8.610378E+00  3.804836E+14  1.346483E+01 -6.743183E-01
 -1.383498E+00 -6.743183E-01  6.628492E+00  1.390717E-01 -1.383498E+00
  1.390717E-01  5.737815E+00  3.819971E+01  3.040077E+01  2.737518E+01
  4.954606E+02  1.430007E+04  1.252888E+02  0.000000E+00  0.000000E+00
  0.000000E+00  1.252888E+02  0.000000E+00  0.000000E+00  0.000000E+00
  1.202307E+02  1.027704E+04
     41000  8.200000E+00        52
  3.804836E+14  8.356602E-01 -5.761774E+05  9.258699E+04 -6.751992E+05
  0.000000E+00  0.000000E+00  0.000000E+00  0.000000E+00 -5.761734E+05
  0.000000E+00  1.421516E+04 -5.554461E+05  5.567917E+05  0.000000E+00
  0.000000E+00  0.000000E+00  0.000000E+00  2.228750E+06  7.790556E-04
  6.434801E+03  1.286960E+04  9.000000E+01  9.000000E+01  9.000000E+01
  0.000000E+00 -3.360506E+00  3.804836E+14 -3.139045E+00 -1.323872E-01
 -1.983056E-01 -1.323872E-01 -3.245763E+00 -1.364114E-01 -1.983056E-01
 -1.364114E-01 -3.696710E+00  2.143612E-02  2.002497E-03  3.450757E-03
  1.356948E-01  9.228094E+02  1.324299E+02  0.000000E+00  0.000000E+00
  0.000000E+00  1.324299E+02  0.000000E+00  0.000000E+00  0.000000E+00
  1.270835E+02 -4.736658E+03
     42000  8.400000E+00        52
  3.804836E+14  3.772091E-01 -5.765215E+05  9.520970E+04 -6.780219E+05
  0.000000E+00  0.000000E+00  0.000000E+00  0.000000E+00 -5.765190E+05
  0.000000E+00  2.466268E+03 -5.707183E+05  5.606032E+05  0.000000E+00
  0.000000E+00  0.000000E+00  0.000000E+00  2.219537E+06  1.745172E-04
  6.290648E+03  1.258130E+04  9.000000E+01  9.000000E+01  9.000000E+01
  0.000000E+00 -5.851110E-01  3.804836E+14 -3.444177E-01 -1.310922E-01
 -1.825459E-01 -1.310922E-01 -4.655168E-01 -1.025449E-01 -1.825459E-01
 -1.025449E-01 -9.453984E-01  3.230328E-02  5.393185E-03  8.484922E-03
  1.470198E-01  9.222706E+02  1.322472E+02  0.000000E+00  0.000000E+00
  0.000000E+00  1.322472E+02  0.000000E+00  0.000000E+00  0.000000E+00
  1.269081E+02 -8.213091E+02
     43000  8.600000E+00        52
  3.804836E+14  2.819685E-01 -5.767188E+05  9.637905E+04 -6.794102E+05
  0.000000E+00  0.000000E+00  0.000000E+00  0.000000E+00 -5.767165E+05
  0.000000E+00 -2.748641E+03 -5.775202E+05  5.621469E+05  0.000000E+00
  0.000000E+00  0.000000E+00  0.000000E+00  2.220018E+06  1.153463E-04
  6.312371E+03  1.262474E+04  9.000000E+01  9.000000E+01  9.000000E+01
  0.000000E+00  6.529962E-01  3.804836E+14  8.988798E-01 -1.296093E-01
 -1.741283E-01 -1.296093E-01  7.831803E-01 -8.531868E-02 -1.741283E-01
 -8.531868E-02  2.769286E-01  4.263804E-02  9.344414E-03  1.338367E-02
  1.558153E-01  9.215026E+02  1.322567E+02  0.000000E+00  0.000000E+00
  0.000000E+00  1.322567E+02  0.000000E+00  0.000000E+00  0.000000E+00
  1.269173E+02  9.167969E+02
     44000  8.800000E+00        52
  3.804836E+14  2.378306E-01 -5.768643E+05  9.700593E+04 -6.802145E+05
  0.000000E+00  0.000000E+00  0.000000E+00  0.000000E+00 -5.768622E+05
  0.000000E+00 -5.697802E+03 -5.811133E+05  5.627271E+05  0.000000E+00
  0.000000E+00  0.000000E+00  0.000000E+00  2.225837E+06  9.343555E-05
  6.344212E+03  1.268842E+04  9.000000E+01  9.000000E+01  9.000000E+01
  0.000000E+00  1.349582E+00  3.804836E+14  1.591002E+00 -1.220727E-01
 -1.652301E-01 -1.220727E-01  1.490251E+00 -7.236068E-02 -1.652301E-01
 -7.236068E-02  9.674918E-01  5.330363E-02  1.367123E-02  1.822132E-02
  1.662734E-01  9.213607E+02  1.323722E+02  0.000000E+00  0.000000E+00
  0.000000E+00  1.323722E+02  0.000000E+00  0.000000E+00  0.000000E+00
  1.270281E+02  1.899759E+03
     45000  9.000000E+00        52
  3.804836E+14  2.196544E-01 -5.770007E+05  9.735397E+04 -6.807250E+05
  0.000000E+00  0.000000E+00  0.000000E+00  0.000000E+00 -5.769986E+05
  0.000000E+00 -7.526675E+03 -5.830642E+05  5.627967E+05  0.000000E+00
  0.000000E+00  0.000000E+00  0.000000E+00  2.235236E+06  7.854529E-05
  6.370399E+03  1.274080E+04  9.000000E+01  9.000000E+01  9.000000E+01
  0.000000E+00  1.775134E+00  3.804836E+14  2.014219E+00 -1.165173E-01
 -1.589689E-01 -1.165173E-01  1.917072E+00 -5.877291E-02 -1.589689E-01
 -5.877291E-02  1.394110E+00  6.512349E-02  1.841910E-02  2.331931E-02
  1.774919E-01  9.212401E+02  1.325583E+02  0.000000E+00  0.000000E+00
  0.000000E+00  1.325583E+02  0.000000E+00  0.000000E+00  0.000000E+00
  1.272066E+02  2.509346E+03
     46000  9.200000E+00        52
  3.804836E+14  2.226477E-01 -5.771315E+05  9.753242E+04 -6.810534E+05
  0.000000E+00  0.000000E+00  0.000000E+00  0.000000E+00 -5.771294E+05
  0.000000E+00 -8.726371E+03 -5.840362E+05  5.625307E+05  0.000000E+00
  0.000000E+00  0.000000E+00  0.000000E+00  2.247339E+06  1.167897E-04
  6.389546E+03  1.277909E+04  9.000000E+01  9.000000E+01  9.000000E+01
  0.000000E+00  2.046947E+00  3.804836E+14  2.273691E+00 -1.077400E-01
 -1.552391E-01 -1.077400E-01  2.191427E+00 -4.026225E-02 -1.552391E-01
 -4.026225E-02  1.675722E+00  7.848342E-02  2.370091E-02  2.879729E-02
  1.899458E-01  9.211053E+02  1.327971E+02  0.000000E+00  0.000000E+00
  0.000000E+00  1.327971E+02  0.000000E+00  0.000000E+00  0.000000E+00
  1.274358E+02  2.909251E+03
     47000  9.400000E+00        52
  3.804836E+14  2.249011E-01 -5.772649E+05  9.761330E+04 -6.812819E+05
  0.000000E+00  0.000000E+00  0.000000E+00  0.000000E+00 -5.772627E+05
  0.000000E+00 -9.584270E+03 -5.844320E+05  5.620402E+05  0.000000E+00
  0.000000E+00  0.000000E+00  0.000000E+00  2.261713E+06  9.140662E-05
  6.403736E+03  1.280747E+04  9.000000E+01  9.000000E+01  9.000000E+01
  0.000000E+00  2.233868E+00  3.804836E+14  2.455602E+00 -1.068658E-01
 -1.485532E-01 -1.068658E-01  2.378984E+00 -3.803162E-02 -1.485532E-01
 -3.803162E-02  1.867017E+00  9.313728E-02  2.965101E-02  3.480616E-02
  2.035924E-01  9.209762E+02  1.330796E+02  0.000000E+00  0.000000E+00
  0.000000E+00  1.330796E+02  0.000000E+00  0.000000E+00  0.000000E+00
  1.277069E+02  3.195222E+03
     48000  9.600000E+00        52
  3.804836E+14  2.050522E-01 -5.773858E+05  9.761602E+04 -6.814134E+05
  0.000000E+00  0.000000E+00  0.000000E+00  0.000000E+00 -5.773837E+05
  0.000000E+00 -1.019898E+04 -5.843658E+05  5.613437E+05  0.000000E+00
  0.000000E+00  0.000000E+00  0.000000E+00  2.278188E+06  5.718652E-05
  6.411565E+03  1.282313E+04  9.000000E+01  9.000000E+01  9.000000E+01
  0.000000E+00  2.359903E+00  3.804836E+14  2.571685E+00 -1.016139E-01
 -1.371129E-01 -1.016139E-01  2.507152E+00 -2.958930E-02 -1.371129E-01
 -2.958930E-02  2.000873E+00  1.091649E-01  3.631423E-02  4.153722E-02
  2.171309E-01  9.208353E+02  1.334020E+02  0.000000E+00  0.000000E+00
  0.000000E+00  1.334020E+02  0.000000E+00  0.000000E+00  0.000000E+00
  1.280163E+02  3.400085E+03
     49000  9.800000E+00        52
  3.804836E+14  2.137710E-01 -5.775092E+05  9.756203E+04 -6.814885E+05
  0.000000E+00  0.000000E+00  0.000000E+00  0.000000E+00 -5.775071E+05
  0.000000E+00 -1.063560E+04 -5.839667E+05  5.604965E+05  0.000000E+00
  0.000000E+00  0.000000E+00  0.000000E+00  2.296627E+06  6.193934E-05
  6.417276E+03  1.283455E+04  9.000000E+01  9.000000E+01  9.000000E+01
  0.000000E+00  2.441173E+00  3.804836E+14  2.639496E+00 -9.502388E-02
 -1.344442E-01 -9.502388E-02  2.591524E+00 -2.004290E-02 -1.344442E-01
 -2.004290E-02  2.092497E+00  1.270219E-01  4.386463E-02  4.918869E-02
  2.321327E-01  9.207434E+02  1.337609E+02  0.000000E+00  0.000000E+00
  0.000000E+00  1.337609E+02  0.000000E+00  0.000000E+00  0.000000E+00
  1.283607E+02  3.545643E+03
     50000  1.000000E+01        52
  3.804836E+14  2.328988E-01 -5.776330E+05  9.746500E+04 -6.815174E+05
  0.000000E+00  0.000000E+00  0.000000E+00  0.000000E+00 -5.776308E+05
  0.000000E+00 -1.095904E+04 -5.833019E+05  5.595040E+05  0.000000E+00
  0.000000E+00  0.000000E+00  0.000000E+00  2.317044E+06  5.911131E-05
  6.419448E+03  1.283890E+04  9.000000E+01  9.000000E+01  9.000000E+01
  0.000000E+00  2.493265E+00  3.804836E+14  2.679939E+00 -8.731151E-02
 -1.354632E-01 -8.731151E-02  2.646629E+00 -1.802972E-02 -1.354632E-01
 -1.802972E-02  2.153226E+00  1.464742E-01  5.249948E-02  5.796504E-02
  2.488886E-01  9.207079E+02  1.341561E+02  0.000000E+00  0.000000E+00
  0.000000E+00  1.341561E+02  0.000000E+00  0.000000E+00  0.000000E+00
  1.287400E+02  3.653496E+03
     51000  1.020000E+01        52
  3.804836E+14  2.715821E-01 -5.777667E+05  9.734138E+04 -6.815288E+05
  0.000000E+00  0.000000E+00  0.000000E+00  0.000000E+00 -5.777644E+05
  0.000000E+00 -1.123750E+04 -5.824736E+05  5.583946E+05  0.000000E+00
  0.000000E+00  0.000000E+00  0.000000E+00  2.339556E+06  7.545657E-05
  6.420730E+03  1.284146E+04  9.000000E+01  9.000000E+01  9.000000E+01
  0.000000E+00  2.532061E+00  3.804836E+14  2.707351E+00 -8.236796E-02
 -1.384551E-01 -8.236796E-02  2.692080E+00 -1.941452E-02 -1.384551E-01
 -1.941452E-02  2.196754E+00  1.680532E-01  6.245106E-02  6.815995E-02
  2.680289E-01  9.206754E+02  1.345892E+02  0.000000E+00  0.000000E+00
  0.000000E+00  1.345892E+02  0.000000E+00  0.000000E+00  0.000000E+00
  1.291556E+02  3.746396E+03
     52000  1.040000E+01        52
  3.804836E+14  3.222880E-01 -5.779136E+05  9.718899E+04 -6.815228E+05
  0.000000E+00  0.000000E+00  0.000000E+00  0.000000E+00 -5.779111E+05
  0.000000E+00 -1.147620E+04 -5.814753E+05  5.571588E+05  0.000000E+00
  0.000000E+00  0.000000E+00  0.000000E+00  2.364395E+06  9.856764E-05
  6.420152E+03  1.284030E+04  9.000000E+01  9.000000E+01  9.000000E+01
  0.000000E+00  2.558740E+00  3.804836E+14  2.726920E+00 -8.075054E-02
 -1.397502E-01 -8.075054E-02  2.723177E+00 -2.746447E-02 -1.397502E-01
 -2.746447E-02  2.226125E+00  1.926922E-01  7.401536E-02  8.010424E-02
  2.901728E-01  9.206431E+02  1.350638E+02  0.000000E+00  0.000000E+00
  0.000000E+00  1.350638E+02  0.000000E+00  0.000000E+00  0.000000E+00
  1.296111E+02  3.826065E+03
     53000  1.060000E+01        52
  3.804836E+14  3.722424E-01 -5.780785E+05  9.702030E+04 -6.815182E+05
  0.000000E+00  0.000000E+00  0.000000E+00  0.000000E+00 -5.780758E+05
  0.000000E+00 -1.172253E+04 -5.803760E+05  5.558147E+05  0.000000E+00
  0.000000E+00  0.000000E+00  0.000000E+00  2.391874E+06  1.172002E-04
  6.419399E+03  1.283880E+04  9.000000E+01  9.000000E+01  9.000000E+01
  0.000000E+00  2.583695E+00  3.804836E+14  2.737913E+00 -7.736479E-02
 -1.424983E-01 -7.736479E-02  2.753400E+00 -3.705679E-02 -1.424983E-01
 -3.705679E-02  2.259770E+00  2.220203E-01  8.752633E-02  9.411933E-02
  3.161866E-01  9.206100E+02  1.355850E+02  0.000000E+00  0.000000E+00
  0.000000E+00  1.355850E+02  0.000000E+00  0.000000E+00  0.000000E+00
  1.301112E+02  3.908279E+03
     54000  1.080000E+01        52
  3.804836E+14  4.339622E-01 -5.782575E+05  9.681993E+04 -6.814936E+05
  0.000000E+00  0.000000E+00  0.000000E+00  0.000000E+00 -5.782546E+05
  0.000000E+00 -1.192518E+04 -5.790632E+05  5.543057E+05  0.000000E+00
  0.000000E+00  0.000000E+00  0.000000E+00  2.422452E+06  1.054264E-04
  6.416116E+03  1.283223E+04  9.000000E+01  9.000000E+01  9.000000E+01
  0.000000E+00  2.595259E+00  3.804836E+14  2.741606E+00 -7.059898E-02
 -1.460787E-01 -7.059898E-02  2.761215E+00 -4.861438E-02 -1.460787E-01
 -4.861438E-02  2.282956E+00  2.554545E-01  1.034428E-01  1.107366E-01
  3.469098E-01  9.205602E+02  1.361604E+02  0.000000E+00  0.000000E+00
  0.000000E+00  1.361604E+02  0.000000E+00  0.000000E+00  0.000000E+00
  1.306633E+02  3.975959E+03
     55000  1.100000E+01        52
  3.804836E+14  5.185163E-01 -5.784520E+05  9.658519E+04 -6.814494E+05
  0.000000E+00  0.000000E+00  0.000000E+00  0.000000E+00 -5.784489E+05
  0.000000E+00 -1.208404E+04 -5.775407E+05  5.526324E+05  0.000000E+00
  0.000000E+00  0.000000E+00  0.000000E+00  2.456567E+06  1.200537E-04
  6.412151E+03  1.282430E+04  9.000000E+01  9.000000E+01  9.000000E+01
  0.000000E+00  2.593415E+00  3.804836E+14  2.735745E+00 -6.737757E-02
 -1.437679E-01 -6.737757E-02  2.749127E+00 -5.928341E-02 -1.437679E-01
 -5.928341E-02  2.295372E+00  2.941823E-01  1.223095E-01  1.305602E-01
  3.830464E-01  9.204908E+02  1.367966E+02  0.000000E+00  0.000000E+00
  0.000000E+00  1.367966E+02  0.000000E+00  0.000000E+00  0.000000E+00
  1.312738E+02  4.029086E+03
     56000  1.120000E+01        52
  3.804836E+14  6.345210E-01 -5.786698E+05  9.631985E+04 -6.813953E+05
  0.000000E+00  0.000000E+00  0.000000E+00  0.000000E+00 -5.786662E+05
  0.000000E+00 -1.223734E+04 -5.758271E+05  5.507783E+05  0.000000E+00
  0.000000E+00  0.000000E+00  0.000000E+00  2.494841E+06  1.619601E-04
  6.405707E+03  1.281141E+04  9.000000E+01  9.000000E+01  9.000000E+01
  0.000000E+00  2.586167E+00  3.804836E+14  2.728404E+00 -6.585420E-02
 -1.394507E-01 -6.585420E-02  2.731605E+00 -7.001127E-02 -1.394507E-01
 -7.001127E-02  2.298493E+00  3.400221E-01  1.447776E-01  1.543540E-01
  4.252913E-01  9.204170E+02  1.375034E+02  0.000000E+00  0.000000E+00
  0.000000E+00  1.375034E+02  0.000000E+00  0.000000E+00  0.000000E+00
  1.319521E+02  4.080427E+03
     57000  1.140000E+01        52
  3.804836E+14  7.630827E-01 -5.789122E+05  9.601359E+04 -6.813248E+05
  0.000000E+00  0.000000E+00  0.000000E+00  0.000000E+00 -5.789082E+05
  0.000000E+00 -1.233116E+04 -5.738425E+05  5.487134E+05  0.000000E+00
  0.000000E+00  0.000000E+00  0.000000E+00  2.538154E+06  1.666990E-04
  6.398977E+03  1.279795E+04  9.000000E+01  9.000000E+01  9.000000E+01
  0.000000E+00  2.561682E+00  3.804836E+14  2.703661E+00 -6.606234E-02
 -1.327406E-01 -6.606234E-02  2.692182E+00 -7.224745E-02 -1.327406E-01
 -7.224745E-02  2.289203E+00  3.942985E-01  1.717640E-01  1.826509E-01
  4.749537E-01  9.203938E+02  1.382945E+02  0.000000E+00  0.000000E+00
  0.000000E+00  1.382945E+02  0.000000E+00  0.000000E+00  0.000000E+00
  1.327113E+02  4.111963E+03
     58000  1.160000E+01        52
  3.804836E+14  9.848961E-01 -5.791828E+05  9.565732E+04 -6.812294E+05
  0.000000E+00  0.000000E+00  0.000000E+00  0.000000E+00 -5.791781E+05
  0.000000E+00 -1.237222E+04 -5.715558E+05  5.464050E+05  0.000000E+00
  0.000000E+00  0.000000E+00  0.000000E+00  2.587495E+06  2.329767E-04
  6.389270E+03  1.277854E+04  9.000000E+01  9.000000E+01  9.000000E+01
  0.000000E+00  2.521478E+00  3.804836E+14  2.657003E+00 -6.475831E-02
 -1.206616E-01 -6.475831E-02  2.631265E+00 -7.206137E-02 -1.206616E-01
 -7.206137E-02  2.276166E+00  4.577354E-01  2.045089E-01  2.164444E-01
  5.349671E-01  9.204033E+02  1.391849E+02  0.000000E+00  0.000000E+00
  0.000000E+00  1.391849E+02  0.000000E+00  0.000000E+00  0.000000E+00
  1.335658E+02  4.126110E+03
     59000  1.180000E+01        52
  3.804836E+14  1.426701E+00 -5.794986E+05  9.525798E+04 -6.811350E+05
  0.000000E+00  0.000000E+00  0.000000E+00  0.000000E+00 -5.794925E+05
  0.000000E+00 -1.239711E+04 -5.689861E+05  5.438322E+05  0.000000E+00
  0.000000E+00  0.000000E+00  0.000000E+00  2.644382E+06  3.546331E-04
  6.378405E+03  1.275681E+04  9.000000E+01  9.000000E+01  9.000000E+01
  0.000000E+00  2.472743E+00  3.804836E+14  2.591783E+00 -5.780763E-02
 -1.075548E-01 -5.780763E-02  2.566647E+00 -6.516870E-02 -1.075548E-01
 -6.516870E-02  2.259801E+00  5.357501E-01  2.448976E-01  2.577497E-01
  6.096526E-01  9.204150E+02  1.401975E+02  0.000000E+00  0.000000E+00
  0.000000E+00  1.401975E+02  0.000000E+00  0.000000E+00  0.000000E+00
  1.345375E+02  4.135322E+03
     60000  1.200000E+01        52
  3.804836E+14  1.785576E+00 -5.798726E+05  9.481277E+04 -6.810551E+05
  0.000000E+00  0.000000E+00  0.000000E+00  0.000000E+00 -5.798654E+05
  0.000000E+00 -1.243166E+04 -5.660816E+05  5.409106E+05  0.000000E+00
  0.000000E+00  0.000000E+00  0.000000E+00  2.711240E+06  4.776610E-04
  6.369676E+03  1.273935E+04  9.000000E+01  9.000000E+01  9.000000E+01
  0.000000E+00  2.418915E+00  3.804836E+14  2.515314E+00 -5.361924E-02
 -1.043772E-01 -5.361924E-02  2.498911E+00 -6.092396E-02 -1.043772E-01
 -6.092396E-02  2.242521E+00  6.324643E-01  2.958069E-01  3.093616E-01
  7.033920E-01  9.204258E+02  1.413693E+02  0.000000E+00  0.000000E+00
  0.000000E+00  1.413693E+02  0.000000E+00  0.000000E+00  0.000000E+00
  1.356619E+02  4.147579E+03
     61000  1.220000E+01        52
  3.804836E+14  2.524843E+00 -5.803124E+05  9.428694E+04 -6.809612E+05
  0.000000E+00  0.000000E+00  0.000000E+00  0.000000E+00 -5.803028E+05
  0.000000E+00 -1.245617E+04 -5.626432E+05  5.374631E+05  0.000000E+00
  0.000000E+00  0.000000E+00  0.000000E+00  2.791737E+06  6.265637E-04
  6.361926E+03  1.272385E+04  9.000000E+01  9.000000E+01  9.000000E+01
  0.000000E+00  2.354661E+00  3.804836E+14  2.432528E+00 -5.212116E-02
 -1.088522E-01 -5.212116E-02  2.416847E+00 -6.757715E-02 -1.088522E-01
 -6.757715E-02  2.214609E+00  7.552616E-01  3.617179E-01  3.753272E-01
  8.212181E-01  9.204829E+02  1.427547E+02  0.000000E+00  0.000000E+00
  0.000000E+00  1.427547E+02  0.000000E+00  0.000000E+00  0.000000E+00
  1.369915E+02  4.157277E+03
     62000  1.240000E+01        52
  3.804836E+14  3.991736E+00 -5.808513E+05  9.367197E+04 -6.808833E+05
  0.000000E+00  0.000000E+00  0.000000E+00  0.000000E+00 -5.808371E+05
  0.000000E+00 -1.252229E+04 -5.585886E+05  5.333463E+05  0.000000E+00
  0.000000E+00  0.000000E+00  0.000000E+00  2.892103E+06  1.311343E-03
  6.359997E+03  1.271999E+04  9.000000E+01  9.000000E+01  9.000000E+01
  0.000000E+00  2.286655E+00  3.804836E+14  2.360055E+00 -5.799454E-02
 -1.200430E-01 -5.799454E-02  2.328463E+00 -5.755245E-02 -1.200430E-01
 -5.755245E-02  2.171448E+00  9.169690E-01  4.502250E-01  4.628238E-01
  9.723310E-01  9.206151E+02  1.444454E+02  0.000000E+00  0.000000E+00
  0.000000E+00  1.444454E+02  0.000000E+00  0.000000E+00  0.000000E+00
  1.386138E+02  4.182351E+03
     63000  1.260000E+01        52
  3.804836E+14  6.678798E+00 -5.815418E+05  9.288405E+04 -6.807824E+05
  0.000000E+00  0.000000E+00  0.000000E+00  0.000000E+00 -5.815192E+05
  0.000000E+00 -1.247557E+04 -5.534389E+05  5.282502E+05  0.000000E+00
  0.000000E+00  0.000000E+00  0.000000E+00  3.023358E+06  2.409123E-03
  6.356558E+03  1.271312E+04  9.000000E+01  9.000000E+01  9.000000E+01
  0.000000E+00  2.182145E+00  3.804836E+14  2.243376E+00 -7.408809E-02
 -1.325385E-01 -7.408809E-02  2.214525E+00 -3.250509E-02 -1.325385E-01
 -3.250509E-02  2.088534E+00  1.139546E+00  5.753760E-01  5.840546E-01
  1.179524E+00  9.208041E+02  1.465983E+02  0.000000E+00  0.000000E+00
  0.000000E+00  1.465983E+02  0.000000E+00  0.000000E+00  0.000000E+00
  1.406798E+02  4.172336E+03
     64000  1.280000E+01        52
  3.804836E+14  1.264585E+01 -5.824525E+05  9.189695E+04 -6.807098E+05
  0.000000E+00  0.000000E+00  0.000000E+00  0.000000E+00 -5.824112E+05
  0.000000E+00 -1.246758E+04 -5.468236E+05  5.216353E+05  0.000000E+00
  0.000000E+00  0.000000E+00  0.000000E+00  3.207941E+06  3.649948E-03
  6.360376E+03  1.272075E+04  9.000000E+01  9.000000E+01  9.000000E+01
  0.000000E+00  2.061357E+00  3.804836E+14  2.146808E+00 -8.947380E-02
 -1.394761E-01 -8.947380E-02  2.045673E+00  6.639630E-03 -1.394761E-01
  6.639630E-03  1.991589E+00  1.458349E+00  7.623925E-01  7.630116E-01
  1.476008E+00  9.210799E+02  1.495229E+02  0.000000E+00  0.000000E+00
  0.000000E+00  1.495229E+02  0.000000E+00  0.000000E+00  0.000000E+00
  1.434864E+02  4.182014E+03
     65000  1.300000E+01        52
  3.804836E+14  3.081479E+01 -5.837590E+05  9.049590E+04 -6.806354E+05
  0.000000E+00  0.000000E+00  0.000000E+00  0.000000E+00 -5.836612E+05
  0.000000E+00 -1.220885E+04 -5.371293E+05  5.121595E+05  0.000000E+00
  0.000000E+00  0.000000E+00  0.000000E+00  3.504185E+06  8.693865E-03
  6.380474E+03  1.276095E+04  9.000000E+01  9.000000E+01  9.000000E+01
  0.000000E+00  1.865127E+00  3.804836E+14  1.936671E+00 -9.357076E-02
 -1.266092E-01 -9.357076E-02  1.833628E+00  8.899513E-03 -1.266092E-01
  8.899513E-03  1.825082E+00  1.977481E+00  1.072591E+00  1.063692E+00
  1.960073E+00  9.215515E+02  1.539908E+02  0.000000E+00  0.000000E+00
  0.000000E+00  1.539908E+02  0.000000E+00  0.000000E+00  0.000000E+00
  1.477739E+02  4.133344E+03
     66000  1.320000E+01        52
  3.804836E+14  1.199796E+02 -5.859241E+05  8.792546E+04 -6.802432E+05
  0.000000E+00  0.000000E+00  0.000000E+00  0.000000E+00 -5.855493E+05
  0.000000E+00 -1.060854E+04 -5.194751E+05  4.960793E+05  0.000000E+00
  0.000000E+00  0.000000E+00  0.000000E+00  4.108208E+06  3.728301E-02
  6.393640E+03  1.278728E+04  9.000000E+01  9.000000E+01  9.000000E+01
  0.000000E+00  1.456558E+00  3.804836E+14  1.464466E+00 -7.681414E-02
 -1.089772E-01 -7.681414E-02  1.449178E+00 -1.336235E-02 -1.089772E-01
 -1.336235E-02  1.456030E+00  3.053035E+00  1.725017E+00  1.710489E+00
  2.971858E+00  9.225485E+02  1.623740E+02  0.000000E+00  0.000000E+00
  0.000000E+00  1.623740E+02  0.000000E+00  0.000000E+00  0.000000E+00
  1.558187E+02  3.784307E+03
     67000  1.340000E+01        52
  3.804836E+14  9.459869E+02 -5.898463E+05  8.176983E+04 -6.781015E+05
  0.000000E+00  0.000000E+00  0.000000E+00  0.000000E+00 -5.869078E+05
  0.000000E+00 -2.802092E+03 -4.758700E+05  4.600972E+05  0.000000E+00
  0.000000E+00  0.000000E+00  0.000000E+00  6.289233E+06  3.018214E-01
  6.485354E+03  1.297071E+04  9.000000E+01  9.000000E+01  9.000000E+01
  0.000000E+00  7.267018E-01  3.804836E+14  7.494642E-01 -3.348589E-02
 -3.783501E-02 -3.348589E-02  7.270888E-01 -5.998928E-02 -3.783501E-02
 -5.998928E-02  7.035524E-01  6.767753E+00  3.982960E+00  4.003880E+00
  6.409826E+00  9.257044E+02  1.871393E+02  0.000000E+00  0.000000E+00
  0.000000E+00  1.871393E+02  0.000000E+00  0.000000E+00  0.000000E+00
  1.795841E+02  2.890413E+03
     68000  1.360000E+01        52
  3.804836E+14  8.471337E+02 -5.940039E+05  7.650197E+04 -6.770628E+05
  0.000000E+00  0.000000E+00  0.000000E+00  0.000000E+00 -5.913663E+05
  0.000000E+00  2.706887E+03 -4.307145E+05  4.203076E+05  0.000000E+00
  0.000000E+00  0.000000E+00  0.000000E+00  1.524636E+07  5.928964E-01
  6.556911E+03  1.311382E+04  9.000000E+01  9.000000E+01  9.000000E+01
  0.000000E+00  8.811867E-02  3.804836E+14  1.105891E-01 -2.232026E-02
 -2.777968E-02 -2.232026E-02  8.038288E-02 -2.509021E-02 -2.777968E-02
 -2.509021E-02  7.338402E-02  1.659846E+01  1.024492E+01  1.077302E+01
  1.544033E+01  9.336161E+02  2.513937E+02  0.000000E+00  0.000000E+00
  0.000000E+00  2.513937E+02  0.000000E+00  0.000000E+00  0.000000E+00
  2.412445E+02  8.496500E+02
     69000  1.380000E+01        52
  3.804836E+14  7.363311E+02 -5.965725E+05  7.744786E+04 -6.810147E+05
  0.000000E+00  0.000000E+00  0.000000E+00  0.000000E+00 -5.942719E+05
  0.000000E+00  1.228706E+03 -4.295168E+05  4.167570E+05  0.000000E+00
  0.000000E+00  0.000000E+00  0.000000E+00  2.597987E+07  6.707859E-01
  6.994262E+03  1.398852E+04  9.000000E+01  9.000000E+01  9.000000E+01
  0.000000E+00  6.775494E-02  3.804836E+14  6.734800E-02 -2.284268E-03
 -8.803528E-03 -2.284268E-03  6.914490E-02 -2.245967E-03 -8.803528E-03
 -2.245967E-03  6.677192E-02  2.407751E+01  1.527619E+01  1.661048E+01
  2.264848E+01  9.402092E+02  3.002696E+02  0.000000E+00  0.000000E+00
  0.000000E+00  3.002696E+02  0.000000E+00  0.000000E+00  0.000000E+00
  2.881472E+02  1.113228E+03
     70000  1.400000E+01        52
  3.804836E+14  1.143872E+03 -5.975480E+05  7.617476E+04 -6.808923E+05
  0.000000E+00  0.000000E+00  0.000000E+00  0.000000E+00 -5.939665E+05
  0.000000E+00  4.494787E+03 -4.174655E+05  4.076211E+05  0.000000E+00
  0.000000E+00  0.000000E+00  0.000000E+00  5.231429E+07  1.250835E+00
  7.169583E+03  1.433917E+04  9.000000E+01  9.000000E+01  9.000000E+01
  0.000000E+00  2.621654E-02  3.804836E+14  2.664617E-02  1.959404E-03
  2.954333E-04  1.959404E-03  2.343295E-02 -2.217772E-03  2.954333E-04
 -2.217772E-03  2.857051E-02  3.491734E+01  2.304962E+01  2.621616E+01
  3.370102E+01  9.507561E+02  3.791745E+02  0.000000E+00  0.000000E+00
  0.000000E+00  3.791745E+02  0.000000E+00  0.000000E+00  0.000000E+00
  3.638665E+02  8.673649E+02
