title: # Li56 La24 Zr16 O96                                                    
energy unitS: electron Volts
         0  0.000000E+00        52
 -5.376408E+05  1.000000E+03 -5.407429E+05  6.307024E+04 -6.038132E+05
  0.000000E+00  0.000000E+00  0.000000E+00  0.000000E+00 -5.376406E+05
  0.000000E+00  1.563293E+05 -4.473454E+05  6.036747E+05  0.000000E+00
  0.000000E+00  0.000000E+00  0.000000E+00  2.781571E+05  0.000000E+00
  0.000000E+00  0.000000E+00  9.000000E+01  9.000000E+01  9.000000E+01
  0.000000E+00 -2.844695E+02  0.000000E+00 -2.978421E+02 -4.015485E-02
  4.105647E-03 -4.015485E-02 -2.977910E+02  6.980197E-02  4.105647E-03
  6.980197E-02 -2.577755E+02  0.000000E+00  0.000000E+00  0.000000E+00
  0.000000E+00  0.000000E+00  6.618035E+01  0.000000E+00  0.000000E+00
  0.000000E+00  6.618035E+01  0.000000E+00  0.000000E+00  0.000000E+00
  6.350853E+01 -5.004168E+04
      1000  2.009390E-01        52
 -5.697457E+05  9.995377E+02 -5.728469E+05  1.131833E+05 -6.915058E+05
  0.000000E+00  0.000000E+00  0.000000E+00  0.000000E+00 -5.697460E+05
  0.000000E+00  5.578860E+03 -6.966193E+05  6.912469E+05  0.000000E+00
  0.000000E+00  0.000000E+00  0.000000E+00  2.771939E+05  4.415453E+00
  5.475612E+03  1.095122E+04  9.000000E+01  9.000000E+01  9.000000E+01
  0.000000E+00  1.183722E+00  4.958700E-01 -1.255091E+01 -6.773116E-01
  1.870250E-01 -6.773116E-01 -1.579959E+01  1.859737E+00  1.870250E-01
  1.859737E+00  3.190167E+01  1.622410E+00  2.536772E-01  2.365277E-01
  8.763567E-01  9.137226E-01  6.610387E+01  0.000000E+00  0.000000E+00
  0.000000E+00  6.610387E+01  0.000000E+00  0.000000E+00  0.000000E+00
  6.343513E+01  2.075102E+02
      2000  4.018780E-01        52
 -3.206833E+05  1.000000E+03 -5.583271E+05  9.264812E+04 -6.568216E+05
  0.000000E+00  0.000000E+00  0.000000E+00  0.000000E+00 -5.552247E+05
  0.000000E+00  1.223495E+05 -5.438113E+05  6.544681E+05  0.000000E+00
  0.000000E+00  0.000000E+00  0.000000E+00  4.840444E+05  3.370026E-02
  5.846380E+03  1.169276E+04  9.000000E+01  9.000000E+01  9.000000E+01
  0.000000E+00 -1.264704E+02  2.345416E+05 -1.331180E+02 -7.039125E-02
  1.260724E+00 -7.039125E-02 -1.334708E+02 -6.684735E-02  1.260724E+00
 -6.684735E-02 -1.128224E+02  3.236271E+00  7.010525E-01  6.327626E-01
  2.208524E+00  3.271181E+03  7.960263E+01  0.000000E+00  0.000000E+00
  0.000000E+00  7.960263E+01  0.000000E+00  0.000000E+00  0.000000E+00
  7.638892E+01 -3.871508E+04
      3000  6.028170E-01        52
 -3.285475E+05  1.000651E+03 -5.661918E+05  1.105005E+05 -6.835086E+05
  0.000000E+00  0.000000E+00  0.000000E+00  0.000000E+00 -5.630873E+05
  0.000000E+00  4.217851E+04 -6.526742E+05  6.812199E+05  0.000000E+00
  0.000000E+00  0.000000E+00  0.000000E+00  4.806421E+05  4.882201E-01
  6.816406E+03  1.363281E+04  9.000000E+01  9.000000E+01  9.000000E+01
  0.000000E+00 -3.944517E+01  2.345401E+05 -4.046416E+01  3.859936E-01
 -2.380003E-01  3.859936E-01 -3.987011E+01  3.922507E-01 -2.380003E-01
  3.922507E-01 -3.800125E+01  4.934339E+00  2.568064E+00  1.853713E+00
  4.067698E+00  3.273269E+03  7.941568E+01  0.000000E+00  0.000000E+00
  0.000000E+00  7.941568E+01  0.000000E+00  0.000000E+00  0.000000E+00
  7.620953E+01 -1.199007E+04
      4000  8.037560E-01        52
 -3.300031E+05  1.000132E+03 -5.676459E+05  1.121419E+05 -6.867468E+05
  0.000000E+00  0.000000E+00  0.000000E+00  0.000000E+00 -5.645430E+05
  0.000000E+00  3.371222E+04 -6.646879E+05  6.844821E+05  0.000000E+00
  0.000000E+00  0.000000E+00  0.000000E+00  4.789427E+05  1.666332E+00
  6.959022E+03  1.391804E+04  9.000000E+01  9.000000E+01  9.000000E+01
  0.000000E+00 -3.027155E+01  2.345402E+05 -2.970476E+01  4.295194E-01
  1.585883E-02  4.295194E-01 -2.995439E+01  7.637662E-01  1.585883E-02
  7.637662E-01 -3.115549E+01  6.805844E+00  4.999458E+00  3.468333E+00
  6.162219E+00  3.274983E+03  7.932197E+01  0.000000E+00  0.000000E+00
  0.000000E+00  7.932197E+01  0.000000E+00  0.000000E+00  0.000000E+00
  7.611960E+01 -9.169046E+03
      5000  1.004695E+00        52
 -3.306255E+05  1.000000E+03 -5.682678E+05  1.124094E+05 -6.876392E+05
  0.000000E+00  0.000000E+00  0.000000E+00  0.000000E+00 -5.651654E+05
  0.000000E+00  3.173365E+04 -6.675962E+05  6.854058E+05  0.000000E+00
  0.000000E+00  0.000000E+00  0.000000E+00  4.774484E+05  3.322682E-02
  6.962035E+03  1.392407E+04  9.000000E+01  9.000000E+01  9.000000E+01
  0.000000E+00 -2.818296E+01  2.345402E+05 -2.781205E+01  8.469479E-02
 -3.475080E-01  8.469479E-02 -2.809410E+01  6.277621E-01 -3.475080E-01
  6.277621E-01 -2.864274E+01  8.321431E+00  6.734775E+00  4.797205E+00
  7.797919E+00  3.275041E+03  7.923940E+01  0.000000E+00  0.000000E+00
  0.000000E+00  7.923940E+01  0.000000E+00  0.000000E+00  0.000000E+00
  7.604036E+01 -8.509795E+03
      6000  1.205634E+00        52
 -3.310720E+05  9.997746E+02 -5.687136E+05  1.125235E+05 -6.881768E+05
  0.000000E+00  0.000000E+00  0.000000E+00  0.000000E+00 -5.656119E+05
  0.000000E+00  3.094859E+04 -6.688935E+05  6.859627E+05  0.000000E+00
  0.000000E+00  0.000000E+00  0.000000E+00  4.760707E+05  5.368831E-01
  6.939696E+03  1.387939E+04  9.000000E+01  9.000000E+01  9.000000E+01
  0.000000E+00 -2.739691E+01  2.345401E+05 -2.654208E+01  1.736750E-01
  1.566702E-02  1.736750E-01 -2.752875E+01 -2.971044E-02  1.566702E-02
 -2.971044E-02 -2.811989E+01  9.507997E+00  8.015164E+00  5.883862E+00
  9.073218E+00  3.275459E+03  7.916310E+01  0.000000E+00  0.000000E+00
  0.000000E+00  7.916310E+01  0.000000E+00  0.000000E+00  0.000000E+00
  7.596715E+01 -8.248577E+03
      7000  1.406573E+00        52
 -3.313425E+05  9.998233E+02 -5.689842E+05  1.125502E+05 -6.884377E+05
  0.000000E+00  0.000000E+00  0.000000E+00  0.000000E+00 -5.658823E+05
  0.000000E+00  3.028942E+04 -6.697660E+05  6.862488E+05  0.000000E+00
  0.000000E+00  0.000000E+00  0.000000E+00  4.747415E+05  1.784771E+00
  6.903307E+03  1.380661E+04  9.000000E+01  9.000000E+01  9.000000E+01
  0.000000E+00 -2.674144E+01  2.345401E+05 -2.699131E+01  3.014708E-01
  2.932832E-01  3.014708E-01 -2.604416E+01 -3.345128E-03  2.932832E-01
 -3.345128E-03 -2.718884E+01  1.046243E+01  9.021918E+00  6.748897E+00
  1.008279E+01  3.276616E+03  7.908936E+01  0.000000E+00  0.000000E+00
  0.000000E+00  7.908936E+01  0.000000E+00  0.000000E+00  0.000000E+00
  7.589638E+01 -8.028751E+03
      8000  1.607512E+00        52
 -3.316110E+05  1.000000E+03 -5.692533E+05  1.124773E+05 -6.886210E+05
  0.000000E+00  0.000000E+00  0.000000E+00  0.000000E+00 -5.661509E+05
  0.000000E+00  3.060802E+04 -6.696265E+05  6.864537E+05  0.000000E+00
  0.000000E+00  0.000000E+00  0.000000E+00  4.734236E+05  3.322065E-02
  6.890406E+03  1.378081E+04  9.000000E+01  9.000000E+01  9.000000E+01
  0.000000E+00 -2.716938E+01  2.345402E+05 -2.665937E+01 -3.407073E-01
 -1.841696E-01 -3.407073E-01 -2.738049E+01  2.394440E-01 -1.841696E-01
  2.394440E-01 -2.746827E+01  1.128426E+01  9.841113E+00  7.452208E+00
  1.094658E+01  3.277805E+03  7.901611E+01  0.000000E+00  0.000000E+00
  0.000000E+00  7.901611E+01  0.000000E+00  0.000000E+00  0.000000E+00
  7.582608E+01 -8.134588E+03
      9000  1.808451E+00        52
 -3.318225E+05  9.997606E+02 -5.694640E+05  1.127815E+05 -6.891322E+05
  0.000000E+00  0.000000E+00  0.000000E+00  0.000000E+00 -5.663623E+05
  0.000000E+00  2.902145E+04 -6.717397E+05  6.869879E+05  0.000000E+00
  0.000000E+00  0.000000E+00  0.000000E+00  4.721235E+05  5.337240E-01
  6.886622E+03  1.377324E+04  9.000000E+01  9.000000E+01  9.000000E+01
  0.000000E+00 -2.547461E+01  2.345401E+05 -2.422471E+01  1.642303E-01
  1.545660E-01  1.642303E-01 -2.589197E+01 -2.661300E-01  1.545660E-01
 -2.661300E-01 -2.630715E+01  1.208110E+01  1.072790E+01  8.245459E+00
  1.186680E+01  3.279702E+03  7.894371E+01  0.000000E+00  0.000000E+00
  0.000000E+00  7.894371E+01  0.000000E+00  0.000000E+00  0.000000E+00
  7.575661E+01 -7.606225E+03
     10000  2.009390E+00        52
 -3.319266E+05  9.998476E+02 -5.695684E+05  1.128709E+05 -6.893464E+05
  0.000000E+00  0.000000E+00  0.000000E+00  0.000000E+00 -5.664664E+05
  0.000000E+00  2.864232E+04 -6.723907E+05  6.872187E+05  0.000000E+00
  0.000000E+00  0.000000E+00  0.000000E+00  4.708661E+05  1.800078E+00
  6.907152E+03  1.381430E+04  9.000000E+01  9.000000E+01  9.000000E+01
  0.000000E+00 -2.511764E+01  2.345401E+05 -2.518497E+01 -1.246542E+00
 -4.176045E-01 -1.246542E+00 -2.414084E+01  2.742264E-01 -4.176045E-01
  2.742264E-01 -2.602710E+01  1.304172E+01  1.180007E+01  9.179725E+00
  1.288512E+01  3.281074E+03  7.887357E+01  0.000000E+00  0.000000E+00
  0.000000E+00  7.887357E+01  0.000000E+00  0.000000E+00  0.000000E+00
  7.568930E+01 -7.479667E+03
     11000  2.210329E+00        52
 -3.321149E+05  1.000000E+03 -5.697572E+05  1.128230E+05 -6.894304E+05
  0.000000E+00  0.000000E+00  0.000000E+00  0.000000E+00 -5.666548E+05
  0.000000E+00  2.801824E+04 -6.730240E+05  6.873420E+05  0.000000E+00
  0.000000E+00  0.000000E+00  0.000000E+00  4.696572E+05  3.325301E-02
  6.850138E+03  1.370028E+04  9.000000E+01  9.000000E+01  9.000000E+01
  0.000000E+00 -2.448086E+01  2.345401E+05 -2.495623E+01 -6.219914E-01
  5.274666E-02 -6.219914E-01 -2.343100E+01 -3.869621E-01  5.274666E-02
 -3.869621E-01 -2.505534E+01  1.427159E+01  1.306560E+01  1.031271E+01
  1.416656E+01  3.283036E+03  7.880601E+01  0.000000E+00  0.000000E+00
  0.000000E+00  7.880601E+01  0.000000E+00  0.000000E+00  0.000000E+00
  7.562447E+01 -7.271326E+03
     12000  2.411268E+00        52
 -3.322476E+05  9.997367E+02 -5.698890E+05  1.129240E+05 -6.896484E+05
  0.000000E+00  0.000000E+00  0.000000E+00  0.000000E+00 -5.667874E+05
  0.000000E+00  2.718647E+04 -6.740684E+05  6.875841E+05  0.000000E+00
  0.000000E+00  0.000000E+00  0.000000E+00  4.684761E+05  5.299013E-01
  6.835413E+03  1.367083E+04  9.000000E+01  9.000000E+01  9.000000E+01
  0.000000E+00 -2.360861E+01  2.345401E+05 -2.311250E+01 -8.572119E-01
 -2.416508E-01 -8.572119E-01 -2.364249E+01 -4.387570E-01 -2.416508E-01
 -4.387570E-01 -2.407083E+01  1.557030E+01  1.445984E+01  1.160159E+01
  1.553177E+01  3.284520E+03  7.873989E+01  0.000000E+00  0.000000E+00
  0.000000E+00  7.873989E+01  0.000000E+00  0.000000E+00  0.000000E+00
  7.556102E+01 -6.994615E+03
     13000  2.612207E+00        52
 -3.324211E+05  9.994894E+02 -5.700617E+05  1.132428E+05 -6.901477E+05
  0.000000E+00  0.000000E+00  0.000000E+00  0.000000E+00 -5.669609E+05
  0.000000E+00  2.557994E+04 -6.761944E+05  6.880879E+05  0.000000E+00
  0.000000E+00  0.000000E+00  0.000000E+00  4.673575E+05  1.790064E+00
  6.843238E+03  1.368648E+04  9.000000E+01  9.000000E+01  9.000000E+01
  0.000000E+00 -2.185503E+01  2.345401E+05 -2.126480E+01 -1.299166E+00
  3.958852E-01 -1.299166E+00 -2.178758E+01 -1.220721E-01  3.958852E-01
 -1.220721E-01 -2.251271E+01  1.723563E+01  1.609851E+01  1.321488E+01
  1.723835E+01  3.286116E+03  7.867717E+01  0.000000E+00  0.000000E+00
  0.000000E+00  7.867717E+01  0.000000E+00  0.000000E+00  0.000000E+00
  7.550083E+01 -6.459616E+03
     14000  2.813146E+00        52
 -3.325177E+05  1.000000E+03 -5.701600E+05  1.132106E+05 -6.901975E+05
  0.000000E+00  0.000000E+00  0.000000E+00  0.000000E+00 -5.670575E+05
  0.000000E+00  2.584007E+04 -6.759801E+05  6.881664E+05  0.000000E+00
  0.000000E+00  0.000000E+00  0.000000E+00  4.662490E+05  3.323528E-02
  6.826870E+03  1.365374E+04  9.000000E+01  9.000000E+01  9.000000E+01
  0.000000E+00 -2.219748E+01  2.345401E+05 -2.114671E+01  2.749890E-01
 -5.933523E-01  2.749890E-01 -2.238015E+01 -9.594639E-01 -5.933523E-01
 -9.594639E-01 -2.306560E+01  1.907617E+01  1.812977E+01  1.507800E+01
  1.914819E+01  3.287271E+03  7.861492E+01  0.000000E+00  0.000000E+00
  0.000000E+00  7.861492E+01  0.000000E+00  0.000000E+00  0.000000E+00
  7.544109E+01 -6.545272E+03
     15000  3.014085E+00        52
 -3.326835E+05  9.996614E+02 -5.703247E+05  1.129822E+05 -6.900820E+05
  0.000000E+00  0.000000E+00  0.000000E+00  0.000000E+00 -5.672233E+05
  0.000000E+00  2.646372E+04 -6.751478E+05  6.880611E+05  0.000000E+00
  0.000000E+00  0.000000E+00  0.000000E+00  4.651522E+05  5.171003E-01
  6.775174E+03  1.355035E+04  9.000000E+01  9.000000E+01  9.000000E+01
  0.000000E+00 -2.295887E+01  2.345401E+05 -2.241219E+01  3.530519E-01
 -3.356285E-01  3.530519E-01 -2.226602E+01 -3.550045E-01 -3.356285E-01
 -3.550045E-01 -2.419838E+01  2.127465E+01  2.065762E+01  1.731752E+01
  2.144512E+01  3.289436E+03  7.855323E+01  0.000000E+00  0.000000E+00
  0.000000E+00  7.855323E+01  0.000000E+00  0.000000E+00  0.000000E+00
  7.538189E+01 -6.753853E+03
     16000  3.215024E+00        52
 -3.302324E+05  1.151299E+03 -5.683944E+05  1.129830E+05 -6.899958E+05
  0.000000E+00  0.000000E+00  0.000000E+00  0.000000E+00 -5.648226E+05
  0.000000E+00  2.999237E+04 -6.752319E+05  6.879874E+05  0.000000E+00
  0.000000E+00  0.000000E+00  0.000000E+00  4.643448E+05  2.557658E+02
  8.618427E+03  1.723685E+04  9.000000E+01  9.000000E+01  9.000000E+01
  0.000000E+00 -2.593625E+01  2.345905E+05 -1.162907E+01 -2.195322E-01
 -7.714496E+00 -2.195322E-01 -2.916133E+01  2.728298E+00 -7.714496E+00
  2.728298E+00 -3.701836E+01  2.400772E+01  2.347913E+01  1.995415E+01
  2.423060E+01  3.293143E+03  7.850775E+01  0.000000E+00  0.000000E+00
  0.000000E+00  7.850775E+01  0.000000E+00  0.000000E+00  0.000000E+00
  7.533825E+01 -7.616472E+03
     17000  3.415963E+00        52
  2.085586E+10  1.000000E+03 -5.605882E+05  9.973262E+04 -6.658010E+05
  0.000000E+00  0.000000E+00  0.000000E+00  0.000000E+00 -5.574856E+05
  0.000000E+00  8.378393E+04 -5.829213E+05  6.557448E+05  0.000000E+00
  0.000000E+00  0.000000E+00  0.000000E+00  7.503465E+05  3.348610E-02
  5.480204E+03  1.096041E+04  9.000000E+01  9.000000E+01  9.000000E+01
  0.000000E+00 -5.449527E+01  2.085642E+10 -5.463913E+01 -4.457651E-01
 -2.120779E-02 -4.457651E-01 -5.436229E+01 -2.886061E-01 -2.120779E-02
 -2.886061E-01 -5.448437E+01  2.450657E+01  2.388094E+01  2.039399E+01
  2.545427E+01  5.612935E+03  9.212687E+01  0.000000E+00  0.000000E+00
  0.000000E+00  9.212687E+01  0.000000E+00  0.000000E+00  0.000000E+00
  8.840754E+01 -2.585989E+04
     18000  3.616902E+00        52
  2.085585E+10  1.000340E+03 -5.657133E+05  1.117538E+05 -6.844357E+05
  0.000000E+00  0.000000E+00  0.000000E+00  0.000000E+00 -5.626096E+05
  0.000000E+00  2.895094E+04 -6.591955E+05  6.742092E+05  0.000000E+00
  0.000000E+00  0.000000E+00  0.000000E+00  7.468775E+05  4.672014E-01
  6.968609E+03  1.393722E+04  9.000000E+01  9.000000E+01  9.000000E+01
  0.000000E+00 -1.605096E+01  2.085642E+10 -1.542839E+01 -5.622291E-01
 -1.325591E-02 -5.622291E-01 -1.521103E+01  1.759704E-01 -1.325591E-02
  1.759704E-01 -1.751347E+01  2.640192E+01  2.622094E+01  2.240655E+01
  2.751419E+01  5.615421E+03  9.198467E+01  0.000000E+00  0.000000E+00
  0.000000E+00  9.198467E+01  0.000000E+00  0.000000E+00  0.000000E+00
  8.827109E+01 -7.581524E+03
     19000  3.817841E+00        52
  2.085585E+10  1.000243E+03 -5.670193E+05  1.131711E+05 -6.873875E+05
  0.000000E+00  0.000000E+00  0.000000E+00  0.000000E+00 -5.639159E+05
  0.000000E+00  2.161257E+04 -6.700457E+05  6.772640E+05  0.000000E+00
  0.000000E+00  0.000000E+00  0.000000E+00  7.452762E+05  1.532528E+00
  7.197140E+03  1.439428E+04  9.000000E+01  9.000000E+01  9.000000E+01
  0.000000E+00 -1.089602E+01  2.085642E+10 -1.021177E+01 -4.220293E-01
 -9.762007E-02 -4.220293E-01 -9.994463E+00 -1.190305E-02 -9.762007E-02
 -1.190305E-02 -1.248183E+01  2.883205E+01  2.876679E+01  2.475989E+01
  3.005946E+01  5.619202E+03  9.191889E+01  0.000000E+00  0.000000E+00
  0.000000E+00  9.191889E+01  0.000000E+00  0.000000E+00  0.000000E+00
  8.820796E+01 -5.135601E+03
     20000  4.018780E+00        52
  2.085585E+10  1.000000E+03 -5.676812E+05  1.134181E+05 -6.883660E+05
  0.000000E+00  0.000000E+00  0.000000E+00  0.000000E+00 -5.645786E+05
  0.000000E+00  1.961168E+04 -6.731619E+05  6.782403E+05  0.000000E+00
  0.000000E+00  0.000000E+00  0.000000E+00  7.440415E+05  3.319154E-02
  7.266645E+03  1.453329E+04  9.000000E+01  9.000000E+01  9.000000E+01
  0.000000E+00 -9.497751E+00  2.085642E+10 -8.505581E+00 -2.003110E-01
  2.640345E-01 -2.003110E-01 -8.134562E+00 -1.597007E-01  2.640345E-01
 -1.597007E-01 -1.185311E+01  3.139526E+01  3.120272E+01  2.739584E+01
  3.274899E+01  5.622101E+03  9.186809E+01  0.000000E+00  0.000000E+00
  0.000000E+00  9.186809E+01  0.000000E+00  0.000000E+00  0.000000E+00
  8.815921E+01 -4.469140E+03
     21000  4.219719E+00        52
  2.085585E+10  9.997651E+02 -5.681097E+05  1.136830E+05 -6.890444E+05
  0.000000E+00  0.000000E+00  0.000000E+00  0.000000E+00 -5.650078E+05
  0.000000E+00  1.779110E+04 -6.756868E+05  6.789743E+05  0.000000E+00
  0.000000E+00  0.000000E+00  0.000000E+00  7.429768E+05  4.727331E-01
  7.251799E+03  1.450360E+04  9.000000E+01  9.000000E+01  9.000000E+01
  0.000000E+00 -8.220859E+00  2.085642E+10 -8.253370E+00 -4.942422E-01
  4.670073E-01 -4.942422E-01 -6.416718E+00 -3.914896E-01  4.670073E-01
 -3.914896E-01 -9.992488E+00  3.400111E+01  3.372934E+01  2.996066E+01
  3.536151E+01  5.623960E+03  9.182426E+01  0.000000E+00  0.000000E+00
  0.000000E+00  9.182426E+01  0.000000E+00  0.000000E+00  0.000000E+00
  8.811715E+01 -3.862767E+03
     22000  4.420658E+00        52
  2.085585E+10  9.998132E+02 -5.684651E+05  1.137311E+05 -6.893962E+05
  0.000000E+00  0.000000E+00  0.000000E+00  0.000000E+00 -5.653630E+05
  0.000000E+00  1.657280E+04 -6.772144E+05  6.793871E+05  0.000000E+00
  0.000000E+00  0.000000E+00  0.000000E+00  7.420521E+05  1.610541E+00
  7.200048E+03  1.440010E+04  9.000000E+01  9.000000E+01  9.000000E+01
  0.000000E+00 -7.365541E+00  2.085642E+10 -7.695749E+00 -2.001058E-02
  4.010238E-01 -2.001058E-02 -6.258240E+00  1.950105E-01  4.010238E-01
  1.950105E-01 -8.142635E+00  3.670360E+01  3.648324E+01  3.268543E+01
  3.811384E+01  5.627041E+03  9.178615E+01  0.000000E+00  0.000000E+00
  0.000000E+00  9.178615E+01  0.000000E+00  0.000000E+00  0.000000E+00
  8.808057E+01 -3.456568E+03
     23000  4.621597E+00        52
  2.085590E+10  1.000000E+03 -5.670575E+05  1.060183E+05 -6.780868E+05
  0.000000E+00  0.000000E+00  0.000000E+00  0.000000E+00 -5.639548E+05
  0.000000E+00  4.104700E+04 -6.297257E+05  6.607508E+05  0.000000E+00
  0.000000E+00  0.000000E+00  0.000000E+00  9.077243E+05  3.343891E-02
  5.010964E+03  1.002193E+04  9.000000E+01  9.000000E+01  9.000000E+01
  0.000000E+00 -2.023164E+01  2.085647E+10 -2.040995E+01  2.230465E-03
  1.206156E-01  2.230465E-03 -1.900543E+01 -2.763167E-01  1.206156E-01
 -2.763167E-01 -2.127953E+01  3.858047E+01  3.829530E+01  3.462479E+01
  4.044906E+01  6.786972E+03  9.816356E+01  0.000000E+00  0.000000E+00
  0.000000E+00  9.816356E+01  0.000000E+00  0.000000E+00  0.000000E+00
  9.420052E+01 -1.161425E+04
     24000  4.822536E+00        52
  2.085590E+10  1.028364E+03 -5.694487E+05  1.107483E+05 -6.867342E+05
  0.000000E+00  0.000000E+00  0.000000E+00  0.000000E+00 -5.662580E+05
  0.000000E+00  2.143367E+04 -6.597726E+05  6.681318E+05  0.000000E+00
  0.000000E+00  0.000000E+00  0.000000E+00  9.094334E+05  5.343770E+01
  6.537244E+03  1.307449E+04  9.000000E+01  9.000000E+01  9.000000E+01
  0.000000E+00 -8.724434E+00  2.085647E+10 -5.995103E+00  1.760233E+00
  1.093340E+00  1.760233E+00 -7.644762E+00  4.849147E-01  1.093340E+00
  4.849147E-01 -1.253344E+01  3.913329E+01  3.874033E+01  3.516139E+01
  4.325408E+01  6.811647E+03  9.822513E+01  0.000000E+00  0.000000E+00
  0.000000E+00  9.822513E+01  0.000000E+00  0.000000E+00  0.000000E+00
  9.425961E+01 -5.017810E+03
     25000  5.023475E+00        52
  2.085600E+10  1.000274E+03 -5.696180E+05  1.095510E+05 -6.854136E+05
  0.000000E+00  0.000000E+00  0.000000E+00  0.000000E+00 -5.665144E+05
  0.000000E+00  2.422923E+04 -6.536737E+05  6.654139E+05  0.000000E+00
  0.000000E+00  0.000000E+00  0.000000E+00  9.310790E+05  6.406206E-01
  6.244551E+03  1.248910E+04  9.000000E+01  9.000000E+01  9.000000E+01
  0.000000E+00 -1.020281E+01  2.085657E+10 -1.250133E+01 -1.894948E+00
  6.800334E-01 -1.894948E+00 -4.686330E+00  1.151876E+00  6.800334E-01
  1.151876E+00 -1.342076E+01  3.991046E+01  3.886081E+01  3.527670E+01
  4.585691E+01  7.012314E+03  9.899833E+01  0.000000E+00  0.000000E+00
  0.000000E+00  9.899833E+01  0.000000E+00  0.000000E+00  0.000000E+00
  9.500159E+01 -6.007756E+03
     26000  5.224414E+00        52
  2.085601E+10  1.000000E+03 -5.689438E+05  9.685023E+04 -6.742727E+05
  0.000000E+00  0.000000E+00  0.000000E+00  0.000000E+00 -5.658410E+05
  0.000000E+00  8.622212E+04 -5.795988E+05  6.488635E+05  0.000000E+00
  0.000000E+00  0.000000E+00  0.000000E+00  1.026501E+06  3.269774E-02
  8.478707E+03  1.695741E+04  9.000000E+01  9.000000E+01  9.000000E+01
  0.000000E+00 -4.108659E+01  2.085658E+10 -5.243752E+01  7.078648E+00
 -1.244603E+00  7.078648E+00 -3.657439E+01  1.165300E+00 -1.244603E+00
  1.165300E+00 -3.424785E+01  4.055167E+01  3.913407E+01  3.549788E+01
  4.976167E+01  7.295433E+03  1.022709E+02  0.000000E+00  0.000000E+00
  0.000000E+00  1.022709E+02  0.000000E+00  0.000000E+00  0.000000E+00
  9.814207E+01 -2.667262E+04
     27000  5.425353E+00        52
  2.085607E+10  1.163380E+03 -5.606904E+05  1.070193E+05 -6.820851E+05
  0.000000E+00  0.000000E+00  0.000000E+00  0.000000E+00 -5.570808E+05
  0.000000E+00  4.555307E+04 -6.387554E+05  6.555578E+05  0.000000E+00
  0.000000E+00  0.000000E+00  0.000000E+00  1.033224E+06  3.384179E+02
  1.437538E+04  2.875076E+04  9.000000E+01  9.000000E+01  9.000000E+01
  0.000000E+00 -1.955579E+01  2.085663E+10 -1.804514E+01 -8.335054E+00
  3.998635E+00 -8.335054E+00 -2.317539E+01  4.400795E+00  3.998635E+00
  4.400795E+00 -1.744683E+01  4.115475E+01  3.966962E+01  3.604654E+01
  5.333646E+01  7.409935E+03  1.024937E+02  0.000000E+00  0.000000E+00
  0.000000E+00  1.024937E+02  0.000000E+00  0.000000E+00  0.000000E+00
  9.835586E+01 -1.277839E+04
     28000  5.626292E+00        52
  2.085607E+10  1.002126E+03 -5.690381E+05  1.043543E+05 -6.796704E+05
  0.000000E+00  0.000000E+00  0.000000E+00  0.000000E+00 -5.659286E+05
  0.000000E+00  3.555539E+04 -6.244582E+05  6.474577E+05  0.000000E+00
  0.000000E+00  0.000000E+00  0.000000E+00  1.114045E+06  1.654857E+00
  6.277962E+03  1.255592E+04  9.000000E+01  9.000000E+01  9.000000E+01
  0.000000E+00 -1.388032E+01  2.085663E+10 -1.390690E+01 -1.068391E+00
 -2.355654E+00 -1.068391E+00 -1.368832E+01  8.784965E-01 -2.355654E+00
  8.784965E-01 -1.404574E+01  4.198859E+01  4.037607E+01  3.678124E+01
  5.823467E+01  7.709118E+03  1.050993E+02  0.000000E+00  0.000000E+00
  0.000000E+00  1.050993E+02  0.000000E+00  0.000000E+00  0.000000E+00
  1.008563E+02 -9.779314E+03
     29000  5.827231E+00        52
  2.085608E+10  1.000000E+03 -5.567291E+05  1.048911E+05 -6.804605E+05
  0.000000E+00  0.000000E+00  0.000000E+00  0.000000E+00 -5.536263E+05
  0.000000E+00  5.532402E+04 -6.280702E+05  6.457136E+05  0.000000E+00
  0.000000E+00  0.000000E+00  0.000000E+00  1.143470E+06  7.833941E-02
  1.884033E+04  3.768066E+04  9.000000E+01  9.000000E+01  9.000000E+01
  0.000000E+00 -2.264144E+01  2.085664E+10 -2.666233E+01  1.603141E+01
  3.324751E+00  1.603141E+01 -3.236941E+01 -4.115048E+00  3.324751E+00
 -4.115048E+00 -8.892583E+00  4.260138E+01  4.088985E+01  3.734112E+01
  6.325808E+01  7.823410E+03  1.060166E+02  0.000000E+00  0.000000E+00
  0.000000E+00  1.060166E+02  0.000000E+00  0.000000E+00  0.000000E+00
  1.017365E+02 -1.637325E+04
     30000  6.028170E+00        52
  2.085636E+10  1.024749E+03 -5.685825E+05  1.097326E+05 -6.858556E+05
  0.000000E+00  0.000000E+00  0.000000E+00  0.000000E+00 -5.654029E+05
  0.000000E+00  1.040118E+04 -6.548547E+05  6.501748E+05  0.000000E+00
  0.000000E+00  0.000000E+00  0.000000E+00  1.143263E+06  5.240590E+01
  7.540508E+03  1.508102E+04  9.000000E+01  9.000000E+01  9.000000E+01
  0.000000E+00 -1.864107E+00  2.085692E+10 -4.492694E+00  1.088943E+00
 -9.210724E-02  1.088943E+00  5.547557E-01 -4.186932E+00 -9.210724E-02
 -4.186932E+00 -1.654381E+00  4.389365E+01  4.183417E+01  3.831029E+01
  7.142569E+01  7.878467E+03  1.060102E+02  0.000000E+00  0.000000E+00
  0.000000E+00  1.060102E+02  0.000000E+00  0.000000E+00  0.000000E+00
  1.017304E+02 -1.347792E+03
     31000  6.229109E+00        52
  2.085636E+10  1.005416E+03 -5.690912E+05  9.777792E+04 -6.737271E+05
  0.000000E+00  0.000000E+00  0.000000E+00  0.000000E+00 -5.659714E+05
  0.000000E+00  5.663780E+04 -5.875384E+05  6.304601E+05  0.000000E+00
  0.000000E+00  0.000000E+00  0.000000E+00  1.259191E+06  1.710526E+00
  6.858063E+03  1.371613E+04  9.000000E+01  9.000000E+01  9.000000E+01
  0.000000E+00 -2.109653E+01  2.085693E+10 -2.259224E+01 -6.138757E-02
  1.505012E-01 -6.138757E-02 -2.002737E+01  5.827559E-01  1.505012E-01
  5.827559E-01 -2.066998E+01  4.427156E+01  4.211840E+01  3.863749E+01
  7.652978E+01  8.158741E+03  1.094787E+02  0.000000E+00  0.000000E+00
  0.000000E+00  1.094787E+02  0.000000E+00  0.000000E+00  0.000000E+00
  1.050588E+02 -1.679998E+04
     32000  6.430048E+00        52
  2.085636E+10  1.000000E+03 -5.703485E+05  1.105753E+05 -6.875832E+05
  0.000000E+00  0.000000E+00  0.000000E+00  0.000000E+00 -5.672456E+05
  0.000000E+00 -3.712962E+03 -6.597619E+05  6.427301E+05  0.000000E+00
  0.000000E+00  0.000000E+00  0.000000E+00  1.259046E+06  3.233918E-02
  6.659459E+03  1.331892E+04  9.000000E+01  9.000000E+01  9.000000E+01
  0.000000E+00  4.151655E+00  2.085693E+10  4.164292E+00 -5.461907E-01
 -3.440533E-01 -5.461907E-01  5.345047E+00  5.566902E-01 -3.440533E-01
  5.566902E-01  2.945626E+00  4.716838E+01  4.436084E+01  4.090800E+01
  8.619067E+01  8.188832E+03  1.094745E+02  0.000000E+00  0.000000E+00
  0.000000E+00  1.094745E+02  0.000000E+00  0.000000E+00  0.000000E+00
  1.050548E+02  3.305740E+03
     33000  6.630987E+00        52
  2.085636E+10  1.002178E+03 -5.712265E+05  1.110773E+05 -6.889908E+05
  0.000000E+00  0.000000E+00  0.000000E+00  0.000000E+00 -5.681168E+05
  0.000000E+00 -7.230682E+03 -6.632506E+05  6.426458E+05  0.000000E+00
  0.000000E+00  0.000000E+00  0.000000E+00  1.271274E+06  5.699311E+00
  6.687012E+03  1.337402E+04  9.000000E+01  9.000000E+01  9.000000E+01
  0.000000E+00  5.575782E+00  2.085693E+10  6.176676E+00 -1.166553E+00
 -1.403696E+00 -1.166553E+00  6.141930E+00  7.210129E-01 -1.403696E+00
  7.210129E-01  4.408740E+00  4.911728E+01  4.558998E+01  4.205579E+01
  9.674140E+01  8.241012E+03  1.098278E+02  0.000000E+00  0.000000E+00
  0.000000E+00  1.098278E+02  0.000000E+00  0.000000E+00  0.000000E+00
  1.053938E+02  4.482818E+03
     34000  6.831926E+00        52
  2.085636E+10  1.002659E+03 -5.715469E+05  1.103630E+05 -6.884512E+05
  0.000000E+00  0.000000E+00  0.000000E+00  0.000000E+00 -5.684357E+05
  0.000000E+00 -8.099679E+03 -6.597747E+05  6.385924E+05  0.000000E+00
  0.000000E+00  0.000000E+00  0.000000E+00  1.308799E+06  4.783632E+00
  6.541311E+03  1.308262E+04  9.000000E+01  9.000000E+01  9.000000E+01
  0.000000E+00  5.767079E+00  2.085693E+10  7.746060E+00 -4.797067E-01
  1.472927E+00 -4.797067E-01  6.366824E+00 -9.577251E-01  1.472927E+00
 -9.577251E-01  3.188354E+00  4.969399E+01  4.602479E+01  4.253684E+01
  1.015776E+02  8.315398E+03  1.108979E+02  0.000000E+00  0.000000E+00
  0.000000E+00  1.108979E+02  0.000000E+00  0.000000E+00  0.000000E+00
  1.064208E+02  4.773478E+03
     35000  7.032865E+00        52
  2.086419E+10  1.000000E+03 -5.107179E+05  1.078754E+05 -6.852467E+05
  0.000000E+00  0.000000E+00  0.000000E+00  0.000000E+00 -5.076149E+05
  0.000000E+00  1.170428E+05 -6.441333E+05  6.278694E+05  0.000000E+00
  0.000000E+00  0.000000E+00  0.000000E+00  1.411116E+06  2.275787E-01
  6.665335E+04  1.333067E+05  9.000000E+01  9.000000E+01  9.000000E+01
  0.000000E+00 -4.140004E+01  2.086469E+10 -8.560301E+01 -5.538888E+01
 -2.616038E+01 -5.538888E+01 -3.186964E+01 -1.686973E+01 -2.616038E+01
 -1.686973E+01 -6.727467E+00  5.083882E+01  4.662632E+01  4.318940E+01
  1.058527E+02  8.566389E+03  1.137156E+02  0.000000E+00  0.000000E+00
  0.000000E+00  1.137156E+02  0.000000E+00  0.000000E+00  0.000000E+00
  1.091247E+02 -3.694618E+04
     36000  7.233804E+00        52
  2.086421E+10  1.000171E+03 -5.723145E+05  1.062394E+05 -6.847761E+05
  0.000000E+00  0.000000E+00  0.000000E+00  0.000000E+00 -5.692109E+05
  0.000000E+00 -6.312486E+03 -6.366568E+05  6.178999E+05  0.000000E+00
  0.000000E+00  0.000000E+00  0.000000E+00  1.532881E+06  3.074695E-01
  6.222248E+03  1.244450E+04  9.000000E+01  9.000000E+01  9.000000E+01
  0.000000E+00  4.304200E+00  2.086478E+10  3.078802E+00  3.524322E-01
  2.000594E-01  3.524322E-01  5.051177E+00  2.021196E+00  2.000594E-01
  2.021196E+00  4.782621E+00  5.207033E+01  4.764543E+01  4.424282E+01
  1.110366E+02  8.891054E+03  1.168966E+02  0.000000E+00  0.000000E+00
  0.000000E+00  1.168966E+02  0.000000E+00  0.000000E+00  0.000000E+00
  1.121773E+02  4.172602E+03
     37000  7.434743E+00        52
  2.086421E+10  9.922397E+02 -5.733490E+05  1.086522E+05 -6.885912E+05
  0.000000E+00  0.000000E+00  0.000000E+00  0.000000E+00 -5.702700E+05
  0.000000E+00 -1.774985E+04 -6.506614E+05  6.197316E+05  0.000000E+00
  0.000000E+00  0.000000E+00  0.000000E+00  1.536355E+06  6.015019E+00
  6.589983E+03  1.317997E+04  9.000000E+01  9.000000E+01  9.000000E+01
  0.000000E+00  8.201388E+00  2.086478E+10  8.391529E+00 -6.137582E-01
  1.510067E-01 -6.137582E-01  8.132091E+00 -5.852529E-01  1.510067E-01
 -5.852529E-01  8.080545E+00  5.413147E+01  4.944631E+01  4.591509E+01
  1.289818E+02  8.914263E+03  1.169848E+02  0.000000E+00  0.000000E+00
  0.000000E+00  1.169848E+02  0.000000E+00  0.000000E+00  0.000000E+00
  1.122619E+02  7.968653E+03
     38000  7.635682E+00        52
  2.086421E+10  1.000000E+03 -5.740822E+05  1.055588E+05 -6.858231E+05
  0.000000E+00  0.000000E+00  0.000000E+00  0.000000E+00 -5.709790E+05
  0.000000E+00 -1.691143E+04 -6.338095E+05  6.045339E+05  0.000000E+00
  0.000000E+00  0.000000E+00  0.000000E+00  1.711440E+06  2.923241E-02
  6.182081E+03  1.236416E+04  9.000000E+01  9.000000E+01  9.000000E+01
  0.000000E+00  7.118980E+00  2.086479E+10  8.345949E+00  1.068334E+00
  2.844256E-01  1.068334E+00  6.416630E+00  4.633050E-01  2.844256E-01
  4.633050E-01  6.594362E+00  5.505528E+01  5.019100E+01  4.679280E+01
  1.351680E+02  9.434548E+03  1.212699E+02  0.000000E+00  0.000000E+00
  0.000000E+00  1.212699E+02  0.000000E+00  0.000000E+00  0.000000E+00
  1.163740E+02  7.705229E+03
     39000  7.836621E+00        52
  2.086422E+10  9.995383E+02 -5.752661E+05  1.061316E+05 -6.878590E+05
  0.000000E+00  0.000000E+00  0.000000E+00  0.000000E+00 -5.721642E+05
  0.000000E+00 -2.355916E+04 -6.368016E+05  6.003198E+05  0.000000E+00
  0.000000E+00  0.000000E+00  0.000000E+00  1.783710E+06  6.951549E-01
  6.461328E+03  1.292266E+04  9.000000E+01  9.000000E+01  9.000000E+01
  0.000000E+00  8.794061E+00  2.086479E+10  7.770952E+00  6.299031E-02
 -1.655822E-01  6.299031E-02  8.004927E+00  1.279477E+00 -1.655822E-01
  1.279477E+00  1.060630E+01  5.683618E+01  5.177831E+01  4.846434E+01
  1.445141E+02  9.602468E+03  1.229534E+02  0.000000E+00  0.000000E+00
  0.000000E+00  1.229534E+02  0.000000E+00  0.000000E+00  0.000000E+00
  1.179895E+02  9.920185E+03
     40000  8.037560E+00        52
  2.086421E+10  1.000333E+03 -5.762479E+05  1.062082E+05 -6.889468E+05
  0.000000E+00  0.000000E+00  0.000000E+00  0.000000E+00 -5.731436E+05
  0.000000E+00 -2.567532E+04 -6.380189E+05  5.993621E+05  0.000000E+00
  0.000000E+00  0.000000E+00  0.000000E+00  1.789564E+06  1.358494E+00
  6.490752E+03  1.298150E+04  9.000000E+01  9.000000E+01  9.000000E+01
  0.000000E+00  9.390013E+00  2.086479E+10  9.171125E+00  7.428983E-01
  1.044166E+00  7.428983E-01  9.632881E+00  1.660903E+00  1.044166E+00
  1.660903E+00  9.366034E+00  5.794210E+01  5.266254E+01  4.941970E+01
  1.588870E+02  9.653182E+03  1.230877E+02  0.000000E+00  0.000000E+00
  0.000000E+00  1.230877E+02  0.000000E+00  0.000000E+00  0.000000E+00
  1.181185E+02  1.062722E+04
     41000  8.238499E+00        52
  2.086427E+10  1.000000E+03 -5.771687E+05  1.040550E+05 -6.873114E+05
  0.000000E+00  0.000000E+00  0.000000E+00  0.000000E+00 -5.740653E+05
  0.000000E+00 -2.535455E+04 -6.256516E+05  5.881214E+05  0.000000E+00
  0.000000E+00  0.000000E+00  0.000000E+00  1.932271E+06  2.980327E-02
  6.087799E+03  1.217560E+04  9.000000E+01  9.000000E+01  9.000000E+01
  0.000000E+00  8.608456E+00  2.086485E+10  7.361111E+00  3.655593E-01
  5.755777E-01  3.655593E-01  8.100911E+00  1.646000E+00  5.755777E-01
  1.646000E+00  1.036335E+01  5.914341E+01  5.374764E+01  5.051971E+01
  1.659192E+02  1.031773E+04  1.262763E+02  0.000000E+00  0.000000E+00
  0.000000E+00  1.262763E+02  0.000000E+00  0.000000E+00  0.000000E+00
  1.211783E+02  1.051960E+04
     42000  8.439438E+00        52
  2.086427E+10  9.992517E+02 -5.778303E+05  1.048773E+05 -6.892131E+05
  0.000000E+00  0.000000E+00  0.000000E+00  0.000000E+00 -5.747293E+05
  0.000000E+00 -2.982620E+04 -6.310545E+05  5.882173E+05  0.000000E+00
  0.000000E+00  0.000000E+00  0.000000E+00  1.939287E+06  7.420735E-01
  6.505482E+03  1.301096E+04  9.000000E+01  9.000000E+01  9.000000E+01
  0.000000E+00  9.791390E+00  2.086485E+10  9.395003E+00  8.449365E-01
  6.851824E-01  8.449365E-01  1.027131E+01  1.689126E+00  6.851824E-01
  1.689126E+00  9.707861E+00  6.070494E+01  5.514600E+01  5.194288E+01
  1.797718E+02  1.036244E+04  1.264289E+02  0.000000E+00  0.000000E+00
  0.000000E+00  1.264289E+02  0.000000E+00  0.000000E+00  0.000000E+00
  1.213247E+02  1.200860E+04
     43000  8.640377E+00        52
  2.086427E+10  1.009385E+03 -5.785265E+05  1.055848E+05 -6.909063E+05
  0.000000E+00  0.000000E+00  0.000000E+00  0.000000E+00 -5.753940E+05
  0.000000E+00 -3.369396E+04 -6.354266E+05  5.881426E+05  0.000000E+00
  0.000000E+00  0.000000E+00  0.000000E+00  1.948139E+06  1.923834E+01
  6.794994E+03  1.358999E+04  9.000000E+01  9.000000E+01  9.000000E+01
  0.000000E+00  1.081035E+01  2.086485E+10  1.009725E+01 -6.783533E-02
  1.057766E-01 -6.783533E-02  1.134213E+01 -1.528973E+00  1.057766E-01
 -1.528973E+00  1.099166E+01  6.277083E+01  5.699265E+01  5.367996E+01
  1.991476E+02  1.040047E+04  1.266210E+02  0.000000E+00  0.000000E+00
  0.000000E+00  1.266210E+02  0.000000E+00  0.000000E+00  0.000000E+00
  1.215091E+02  1.331881E+04
     44000  8.841316E+00        52
  2.086427E+10  1.000000E+03 -5.793372E+05  1.048633E+05 -6.908260E+05
  0.000000E+00  0.000000E+00  0.000000E+00  0.000000E+00 -5.762339E+05
  0.000000E+00 -3.420715E+04 -6.316828E+05  5.842248E+05  0.000000E+00
  0.000000E+00  0.000000E+00  0.000000E+00  1.995997E+06  2.947853E-02
  6.625402E+03  1.325080E+04  9.000000E+01  9.000000E+01  9.000000E+01
  0.000000E+00  1.067129E+01  2.086485E+10  1.020863E+01 -6.664256E-01
  6.191978E-01 -6.664256E-01  1.173391E+01 -1.433998E+00  6.191978E-01
 -1.433998E+00  1.007133E+01  6.350152E+01  5.762960E+01  5.436439E+01
  2.106518E+02  1.052856E+04  1.276495E+02  0.000000E+00  0.000000E+00
  0.000000E+00  1.276495E+02  0.000000E+00  0.000000E+00  0.000000E+00
  1.224960E+02  1.347047E+04
     45000  9.042255E+00        52
  2.086427E+10  1.000110E+03 -5.798610E+05  1.049405E+05 -6.914165E+05
  0.000000E+00  0.000000E+00  0.000000E+00  0.000000E+00 -5.767572E+05
  0.000000E+00 -3.591219E+04 -6.325186E+05  5.833764E+05  0.000000E+00
  0.000000E+00  0.000000E+00  0.000000E+00  2.007256E+06  6.960922E-02
  6.615023E+03  1.323005E+04  9.000000E+01  9.000000E+01  9.000000E+01
  0.000000E+00  1.105933E+01  2.086485E+10  1.237852E+01  7.897013E-01
 -1.878851E+00  7.897013E-01  1.012758E+01 -6.256441E-01 -1.878851E+00
 -6.256441E-01  1.067188E+01  6.447580E+01  5.842941E+01  5.532803E+01
  2.256606E+02  1.057136E+04  1.278890E+02  0.000000E+00  0.000000E+00
  0.000000E+00  1.278890E+02  0.000000E+00  0.000000E+00  0.000000E+00
  1.227259E+02  1.403904E+04
     46000  9.243194E+00        52
  2.086427E+10  1.004958E+03 -5.801795E+05  1.046272E+05 -6.915106E+05
  0.000000E+00  0.000000E+00  0.000000E+00  0.000000E+00 -5.770607E+05
  0.000000E+00 -3.534995E+04 -6.310482E+05  5.822904E+05  0.000000E+00
  0.000000E+00  0.000000E+00  0.000000E+00  2.017214E+06  2.830871E+00
  6.703923E+03  1.340785E+04  9.000000E+01  9.000000E+01  9.000000E+01
  0.000000E+00  1.086568E+01  2.086485E+10  1.234309E+01  7.750756E-01
 -1.687318E+00  7.750756E-01  1.004852E+01 -4.688852E-01 -1.687318E+00
 -4.688852E-01  1.020545E+01  6.578622E+01  5.947141E+01  5.645363E+01
  2.488532E+02  1.060579E+04  1.281002E+02  0.000000E+00  0.000000E+00
  0.000000E+00  1.281002E+02  0.000000E+00  0.000000E+00  0.000000E+00
  1.229285E+02  1.386166E+04
     47000  9.444133E+00        52
  2.086427E+10  1.000000E+03 -5.805852E+05  1.049956E+05 -6.922248E+05
  0.000000E+00  0.000000E+00  0.000000E+00  0.000000E+00 -5.774818E+05
  0.000000E+00 -3.856748E+04 -6.334659E+05  5.816103E+05  0.000000E+00
  0.000000E+00  0.000000E+00  0.000000E+00  2.031065E+06  2.510648E-02
  6.644074E+03  1.328815E+04  9.000000E+01  9.000000E+01  9.000000E+01
  0.000000E+00  1.161857E+01  2.086485E+10  1.365566E+01  4.115295E-01
  1.739664E+00  4.115295E-01  1.065843E+01  2.192564E-01  1.739664E+00
  2.192564E-01  1.054164E+01  6.725068E+01  6.067781E+01  5.753743E+01
  2.808123E+02  1.065362E+04  1.283927E+02  0.000000E+00  0.000000E+00
  0.000000E+00  1.283927E+02  0.000000E+00  0.000000E+00  0.000000E+00
  1.232092E+02  1.492391E+04
     48000  9.645072E+00        52
  2.086427E+10  1.000031E+03 -5.807073E+05  1.048063E+05 -6.922207E+05
  0.000000E+00  0.000000E+00  0.000000E+00  0.000000E+00 -5.776038E+05
  0.000000E+00 -3.851248E+04 -6.323740E+05  5.804471E+05  0.000000E+00
  0.000000E+00  0.000000E+00  0.000000E+00  2.041612E+06  1.400997E-01
  6.707198E+03  1.341440E+04  9.000000E+01  9.000000E+01  9.000000E+01
  0.000000E+00  1.154441E+01  2.086485E+10  1.276907E+01  5.910104E-01
 -4.968233E-01  5.910104E-01  1.163660E+01 -3.945463E-01 -4.968233E-01
 -3.945463E-01  1.022755E+01  6.796431E+01  6.064690E+01  5.765169E+01
  2.934910E+02  1.067700E+04  1.286145E+02  0.000000E+00  0.000000E+00
  0.000000E+00  1.286145E+02  0.000000E+00  0.000000E+00  0.000000E+00
  1.234221E+02  1.490565E+04
     49000  9.846011E+00        52
  2.086427E+10  1.001984E+03 -5.809084E+05  1.041530E+05 -6.918184E+05
  0.000000E+00  0.000000E+00  0.000000E+00  0.000000E+00 -5.777988E+05
  0.000000E+00 -3.694222E+04 -6.287236E+05  5.782675E+05  0.000000E+00
  0.000000E+00  0.000000E+00  0.000000E+00  2.061412E+06  6.626772E+00
  6.756970E+03  1.351394E+04  9.000000E+01  9.000000E+01  9.000000E+01
  0.000000E+00  1.103512E+01  2.086485E+10  1.127477E+01  8.543687E-01
  1.129761E+00  8.543687E-01  1.073974E+01  1.357727E+00  1.129761E+00
  1.357727E+00  1.109086E+01  6.969670E+01  6.117610E+01  5.814375E+01
  3.081237E+02  1.071647E+04  1.290290E+02  0.000000E+00  0.000000E+00
  0.000000E+00  1.290290E+02  0.000000E+00  0.000000E+00  0.000000E+00
  1.238198E+02  1.438626E+04
     50000  1.004695E+01        52
  2.086427E+10  1.000000E+03 -5.812226E+05  1.041859E+05 -6.920896E+05
  0.000000E+00  0.000000E+00  0.000000E+00  0.000000E+00 -5.781192E+05
  0.000000E+00 -3.825338E+04 -6.291273E+05  5.775119E+05  0.000000E+00
  0.000000E+00  0.000000E+00  0.000000E+00  2.072940E+06  1.793284E-02
  6.681010E+03  1.336202E+04  9.000000E+01  9.000000E+01  9.000000E+01
  0.000000E+00  1.130400E+01  2.086485E+10  1.170495E+01  2.933220E-01
  8.500866E-02  2.933220E-01  1.024690E+01 -1.588218E-01  8.500866E-02
 -1.588218E-01  1.196016E+01  7.004549E+01  6.139767E+01  5.835290E+01
  3.157669E+02  1.074025E+04  1.292691E+02  0.000000E+00  0.000000E+00
  0.000000E+00  1.292691E+02  0.000000E+00  0.000000E+00  0.000000E+00
  1.240502E+02  1.481921E+04
     51000  1.024789E+01        52
  2.086427E+10  1.000194E+03 -5.812822E+05  1.040338E+05 -6.919586E+05
  0.000000E+00  0.000000E+00  0.000000E+00  0.000000E+00 -5.781782E+05
  0.000000E+00 -3.858713E+04 -6.283163E+05  5.764440E+05  0.000000E+00
  0.000000E+00  0.000000E+00  0.000000E+00  2.083743E+06  1.002022E-01
  6.642619E+03  1.328524E+04  9.000000E+01  9.000000E+01  9.000000E+01
  0.000000E+00  1.133013E+01  2.086485E+10  1.193024E+01 -1.093807E+00
 -1.536852E-01 -1.093807E+00  1.216210E+01  4.550443E-01 -1.536852E-01
  4.550443E-01  9.898033E+00  7.057289E+01  6.168587E+01  5.871365E+01
  3.245926E+02  1.075034E+04  1.294932E+02  0.000000E+00  0.000000E+00
  0.000000E+00  1.294932E+02  0.000000E+00  0.000000E+00  0.000000E+00
  1.242654E+02  1.493086E+04
     52000  1.044883E+01        52
  2.086456E+10  1.000586E+03 -5.826100E+05  9.620742E+04 -6.851165E+05
  0.000000E+00  0.000000E+00  0.000000E+00  0.000000E+00 -5.795046E+05
  0.000000E+00 -1.798762E+04 -5.821573E+05  5.515716E+05  0.000000E+00
  0.000000E+00  0.000000E+00  0.000000E+00  2.411501E+06  3.269753E-01
  6.299000E+03  1.259800E+04  9.000000E+01  9.000000E+01  9.000000E+01
  0.000000E+00  5.288351E+00  2.086514E+10  6.138150E+00  1.619192E+00
  4.170663E-01  1.619192E+00  5.585727E+00  4.255562E-02  4.170663E-01
  4.255562E-02  4.141177E+00  7.148911E+01  6.236602E+01  5.944668E+01
  3.330387E+02  1.140989E+04  1.359549E+02  0.000000E+00  0.000000E+00
  0.000000E+00  1.359549E+02  0.000000E+00  0.000000E+00  0.000000E+00
  1.304661E+02  8.065174E+03
     53000  1.064977E+01        52
  2.086458E+10  1.000000E+03 -5.843107E+05  9.593963E+04 -6.865615E+05
  0.000000E+00  0.000000E+00  0.000000E+00  0.000000E+00 -5.812068E+05
  0.000000E+00 -2.544131E+04 -5.768466E+05  5.387831E+05  0.000000E+00
  0.000000E+00  0.000000E+00  0.000000E+00  2.784984E+06  3.144358E-02
  6.311122E+03  1.262224E+04  9.000000E+01  9.000000E+01  9.000000E+01
  0.000000E+00  5.989117E+00  2.086516E+10  5.289475E+00 -1.734290E-01
  2.995473E-01 -1.734290E-01  6.678254E+00 -1.310738E+00  2.995473E-01
 -1.310738E+00  5.999622E+00  7.373537E+01  6.430025E+01  6.127664E+01
  3.421982E+02  1.211967E+04  1.426395E+02  0.000000E+00  0.000000E+00
  0.000000E+00  1.426395E+02  0.000000E+00  0.000000E+00  0.000000E+00
  1.368809E+02  1.054852E+04
     54000  1.085071E+01        52
  2.086458E+10  1.000069E+03 -5.851901E+05  9.565499E+04 -6.871769E+05
  0.000000E+00  0.000000E+00  0.000000E+00  0.000000E+00 -5.820860E+05
  0.000000E+00 -2.534591E+04 -5.752791E+05  5.372696E+05  0.000000E+00
  0.000000E+00  0.000000E+00  0.000000E+00  2.798424E+06  9.645636E-02
  6.331793E+03  1.266359E+04  9.000000E+01  9.000000E+01  9.000000E+01
  0.000000E+00  5.942468E+00  2.086516E+10  6.368060E+00  1.903698E-01
  9.548754E-01  1.903698E-01  5.310580E+00 -2.431486E-01  9.548754E-01
 -2.431486E-01  6.148765E+00  7.492828E+01  6.529087E+01  6.233538E+01
  3.550172E+02  1.221247E+04  1.428686E+02  0.000000E+00  0.000000E+00
  0.000000E+00  1.428686E+02  0.000000E+00  0.000000E+00  0.000000E+00
  1.371007E+02  1.051687E+04
     55000  1.105165E+01        52
  2.086458E+10  1.000395E+03 -5.859309E+05  9.752316E+04 -6.899550E+05
  0.000000E+00  0.000000E+00  0.000000E+00  0.000000E+00 -5.828257E+05
  0.000000E+00 -3.352152E+04 -5.862286E+05  5.397052E+05  0.000000E+00
  0.000000E+00  0.000000E+00  0.000000E+00  2.810279E+06  1.728303E-01
  6.500915E+03  1.300183E+04  9.000000E+01  9.000000E+01  9.000000E+01
  0.000000E+00  7.451136E+00  2.086516E+10  7.440807E+00  1.037898E+00
  6.912892E-01  1.037898E+00  7.962348E+00  5.210534E-01  6.912892E-01
  5.210534E-01  6.950254E+00  7.684339E+01  6.694901E+01  6.399281E+01
  3.771952E+02  1.227470E+04  1.430701E+02  0.000000E+00  0.000000E+00
  0.000000E+00  1.430701E+02  0.000000E+00  0.000000E+00  0.000000E+00
  1.372941E+02  1.324274E+04
     56000  1.125258E+01        52
  2.086458E+10  1.000000E+03 -5.864972E+05  9.736816E+04 -6.903850E+05
  0.000000E+00  0.000000E+00  0.000000E+00  0.000000E+00 -5.833933E+05
  0.000000E+00 -3.351591E+04 -5.849225E+05  5.383674E+05  0.000000E+00
  0.000000E+00  0.000000E+00  0.000000E+00  2.832200E+06  2.404959E-02
  6.519585E+03  1.303917E+04  9.000000E+01  9.000000E+01  9.000000E+01
  0.000000E+00  7.391965E+00  2.086516E+10  9.164933E+00 -3.829782E-01
 -9.920736E-01 -3.829782E-01  6.599469E+00  1.779068E-01 -9.920736E-01
  1.779068E-01  6.411495E+00  7.797222E+01  6.776056E+01  6.480733E+01
  4.002176E+02  1.230606E+04  1.434411E+02  0.000000E+00  0.000000E+00
  0.000000E+00  1.434411E+02  0.000000E+00  0.000000E+00  0.000000E+00
  1.376501E+02  1.324006E+04
     57000  1.145352E+01        52
  2.086458E+10  9.997377E+02 -5.868148E+05  9.723991E+04 -6.906075E+05
  0.000000E+00  0.000000E+00  0.000000E+00  0.000000E+00 -5.837117E+05
  0.000000E+00 -3.368115E+04 -5.844346E+05  5.376479E+05  0.000000E+00
  0.000000E+00  0.000000E+00  0.000000E+00  2.845016E+06  1.219926E-01
  6.552779E+03  1.310556E+04  9.000000E+01  9.000000E+01  9.000000E+01
  0.000000E+00  7.388978E+00  2.086516E+10  6.954096E+00 -5.929321E-01
 -6.236268E-01 -5.929321E-01  7.261861E+00  8.219025E-01 -6.236268E-01
  8.219025E-01  7.950978E+00  7.834526E+01  6.798275E+01  6.509707E+01
  3.978781E+02  1.229681E+04  1.436571E+02  0.000000E+00  0.000000E+00
  0.000000E+00  1.436571E+02  0.000000E+00  0.000000E+00  0.000000E+00
  1.378574E+02  1.329459E+04
     58000  1.165446E+01        52
  2.086458E+10  9.988279E+02 -5.870754E+05  9.733967E+04 -6.910247E+05
  0.000000E+00  0.000000E+00  0.000000E+00  0.000000E+00 -5.839751E+05
  0.000000E+00 -3.467918E+04 -5.850742E+05  5.371758E+05  0.000000E+00
  0.000000E+00  0.000000E+00  0.000000E+00  2.858430E+06  2.389266E+00
  6.609625E+03  1.321925E+04  9.000000E+01  9.000000E+01  9.000000E+01
  0.000000E+00  7.537292E+00  2.086516E+10  8.235597E+00 -4.986881E-01
 -1.013563E+00 -4.986881E-01  7.084654E+00  4.870075E-01 -1.013563E+00
  4.870075E-01  7.291625E+00  7.935240E+01  6.875480E+01  6.591030E+01
  4.105034E+02  1.228293E+04  1.438826E+02  0.000000E+00  0.000000E+00
  0.000000E+00  1.438826E+02  0.000000E+00  0.000000E+00  0.000000E+00
  1.380738E+02  1.362539E+04
     59000  1.185540E+01        52
  2.088496E+10  1.000000E+03 -5.873513E+05  8.185505E+04 -6.763254E+05
  0.000000E+00  0.000000E+00  0.000000E+00  0.000000E+00 -5.842471E+05
  0.000000E+00  1.818224E+04 -4.936586E+05  4.976028E+05  0.000000E+00
  0.000000E+00  0.000000E+00  0.000000E+00  3.360560E+06  3.330462E-02
  7.119054E+03  1.423811E+04  9.000000E+01  9.000000E+01  9.000000E+01
  0.000000E+00 -1.878646E+00  2.088555E+10 -1.418918E+00 -7.804744E-01
 -8.360105E-01 -7.804744E-01 -2.034015E+00  5.148407E-01 -8.360105E-01
  5.148407E-01 -2.183003E+00  8.063999E+01  6.943896E+01  6.656134E+01
  4.238871E+02  1.296485E+04  1.518575E+02  0.000000E+00  0.000000E+00
  0.000000E+00  1.518575E+02  0.000000E+00  0.000000E+00  0.000000E+00
  1.457267E+02 -3.992661E+03
     60000  1.205634E+01        52
  2.088496E+10  9.996688E+02 -5.888738E+05  9.149578E+04 -6.864773E+05
  0.000000E+00  0.000000E+00  0.000000E+00  0.000000E+00 -5.857705E+05
  0.000000E+00 -2.059477E+04 -5.465175E+05  5.137073E+05  0.000000E+00
  0.000000E+00  0.000000E+00  0.000000E+00  3.383014E+06  1.627413E-01
  6.107744E+03  1.221549E+04  9.000000E+01  9.000000E+01  9.000000E+01
  0.000000E+00  4.174983E+00  2.088555E+10  3.471609E+00  1.261416E-01
  4.585389E-03  1.261416E-01  5.723232E+00 -3.177113E-01  4.585389E-03
 -3.177113E-01  3.330108E+00  8.207098E+01  7.058479E+01  6.772471E+01
  4.310795E+02  1.304071E+04  1.521950E+02  0.000000E+00  0.000000E+00
  0.000000E+00  1.521950E+02  0.000000E+00  0.000000E+00  0.000000E+00
  1.460506E+02  8.932326E+03
     61000  1.225728E+01        52
  2.088496E+10  1.001768E+03 -5.893558E+05  9.373502E+04 -6.896622E+05
  0.000000E+00  0.000000E+00  0.000000E+00  0.000000E+00 -5.862461E+05
  0.000000E+00 -2.920735E+04 -5.609813E+05  5.186312E+05  0.000000E+00
  0.000000E+00  0.000000E+00  0.000000E+00  3.403423E+06  3.110841E+00
  6.571337E+03  1.314267E+04  9.000000E+01  9.000000E+01  9.000000E+01
  0.000000E+00  5.485761E+00  2.088555E+10  4.949017E+00 -5.131232E-01
  1.912914E-01 -5.131232E-01  6.829498E+00 -4.807385E-01  1.912914E-01
 -4.807385E-01  4.678767E+00  8.336499E+01  7.176235E+01  6.874794E+01
  4.467527E+02  1.310019E+04  1.525004E+02  0.000000E+00  0.000000E+00
  0.000000E+00  1.525004E+02  0.000000E+00  0.000000E+00  0.000000E+00
  1.463437E+02  1.180752E+04
     62000  1.245822E+01        52
  2.088496E+10  1.000000E+03 -5.899332E+05  9.366056E+04 -6.901713E+05
  0.000000E+00  0.000000E+00  0.000000E+00  0.000000E+00 -5.868289E+05
  0.000000E+00 -2.898518E+04 -5.600755E+05  5.179351E+05  0.000000E+00
  0.000000E+00  0.000000E+00  0.000000E+00  3.416711E+06  2.604901E-02
  6.577613E+03  1.315523E+04  9.000000E+01  9.000000E+01  9.000000E+01
  0.000000E+00  5.428461E+00  2.088555E+10  5.166579E+00  8.138942E-01
  1.644942E-01  8.138942E-01  6.604335E+00  1.508723E-01  1.644942E-01
  1.508723E-01  4.514470E+00  8.521877E+01  7.317602E+01  7.011269E+01
  4.753051E+02  1.314665E+04  1.526986E+02  0.000000E+00  0.000000E+00
  0.000000E+00  1.526986E+02  0.000000E+00  0.000000E+00  0.000000E+00
  1.465339E+02  1.172981E+04
     63000  1.265916E+01        52
  2.088496E+10  1.000169E+03 -5.903028E+05  9.334052E+04 -6.902336E+05
  0.000000E+00  0.000000E+00  0.000000E+00  0.000000E+00 -5.871980E+05
  0.000000E+00 -2.813614E+04 -5.581678E+05  5.168512E+05  0.000000E+00
  0.000000E+00  0.000000E+00  0.000000E+00  3.430468E+06  5.541906E-02
  6.590226E+03  1.318045E+04  9.000000E+01  9.000000E+01  9.000000E+01
  0.000000E+00  5.276403E+00  2.088555E+10  5.517661E+00  2.387357E-01
  1.189821E+00  2.387357E-01  4.573636E+00  2.107538E-01  1.189821E+00
  2.107538E-01  5.737913E+00  8.611237E+01  7.376490E+01  7.068537E+01
  4.961531E+02  1.316922E+04  1.529033E+02  0.000000E+00  0.000000E+00
  0.000000E+00  1.529033E+02  0.000000E+00  0.000000E+00  0.000000E+00
  1.467303E+02  1.144715E+04
     64000  1.286010E+01        52
  2.088496E+10  1.000155E+03 -5.905341E+05  9.389091E+04 -6.911217E+05
  0.000000E+00  0.000000E+00  0.000000E+00  0.000000E+00 -5.874293E+05
  0.000000E+00 -3.048907E+04 -5.612801E+05  5.173977E+05  0.000000E+00
  0.000000E+00  0.000000E+00  0.000000E+00  3.444930E+06  2.400890E-01
  6.696663E+03  1.339333E+04  9.000000E+01  9.000000E+01  9.000000E+01
  0.000000E+00  5.614239E+00  2.088555E+10  5.805456E+00  5.241728E-01
  9.795112E-01  5.241728E-01  5.188607E+00  5.294704E-01  9.795112E-01
  5.294704E-01  5.848653E+00  8.804726E+01  7.504332E+01  7.189899E+01
  5.260831E+02  1.319573E+04  1.531178E+02  0.000000E+00  0.000000E+00
  0.000000E+00  1.531178E+02  0.000000E+00  0.000000E+00  0.000000E+00
  1.469362E+02  1.223143E+04
     65000  1.306104E+01        52
  2.088496E+10  1.000000E+03 -5.906815E+05  9.413335E+04 -6.915648E+05
  0.000000E+00  0.000000E+00  0.000000E+00  0.000000E+00 -5.875772E+05
  0.000000E+00 -3.152726E+04 -5.626126E+05  5.175855E+05  0.000000E+00
  0.000000E+00  0.000000E+00  0.000000E+00  3.459751E+06  2.843767E-02
  6.749882E+03  1.349976E+04  9.000000E+01  9.000000E+01  9.000000E+01
  0.000000E+00  5.748203E+00  2.088555E+10  5.806896E+00  3.292588E-01
  7.946811E-01  3.292588E-01  5.231392E+00  4.107238E-01  7.946811E-01
  4.107238E-01  6.206323E+00  9.113155E+01  7.692948E+01  7.377490E+01
  5.708866E+02  1.323924E+04  1.533371E+02  0.000000E+00  0.000000E+00
  0.000000E+00  1.533371E+02  0.000000E+00  0.000000E+00  0.000000E+00
  1.471466E+02  1.257717E+04
     66000  1.326197E+01        52
  2.088525E+10  1.000016E+03 -5.911843E+05  9.388828E+04 -6.917995E+05
  0.000000E+00  0.000000E+00  0.000000E+00  0.000000E+00 -5.880799E+05
  0.000000E+00 -3.094072E+04 -5.611674E+05  5.167730E+05  0.000000E+00
  0.000000E+00  0.000000E+00  0.000000E+00  3.475035E+06  7.016276E-02
  6.726854E+03  1.345371E+04  9.000000E+01  9.000000E+01  9.000000E+01
  0.000000E+00  5.633975E+00  2.088584E+10  5.346227E+00  8.502614E-01
 -2.189062E-01  8.502614E-01  6.818589E+00 -5.172854E-01 -2.189062E-01
 -5.172854E-01  4.737110E+00  9.199169E+01  7.714180E+01  7.403593E+01
  5.883773E+02  1.326017E+04  1.535626E+02  0.000000E+00  0.000000E+00
  0.000000E+00  1.535626E+02  0.000000E+00  0.000000E+00  0.000000E+00
  1.473630E+02  1.238170E+04
     67000  1.346291E+01        52
  2.088526E+10  9.996681E+02 -5.918085E+05  9.255112E+04 -6.909732E+05
  0.000000E+00  0.000000E+00  0.000000E+00  0.000000E+00 -5.887051E+05
  0.000000E+00 -2.837134E+04 -5.524255E+05  5.108268E+05  0.000000E+00
  0.000000E+00  0.000000E+00  0.000000E+00  3.671414E+06  6.671190E-01
  6.613653E+03  1.322731E+04  9.000000E+01  9.000000E+01  9.000000E+01
  0.000000E+00  4.963445E+00  2.088585E+10  6.494475E+00  7.760245E-02
  4.107554E-01  7.760245E-02  4.281730E+00  1.509201E-02  4.107554E-01
  1.509201E-02  4.114129E+00  9.286455E+01  7.772425E+01  7.452152E+01
  6.013915E+02  1.352088E+04  1.564024E+02  0.000000E+00  0.000000E+00
  0.000000E+00  1.564024E+02  0.000000E+00  0.000000E+00  0.000000E+00
  1.500882E+02  1.152451E+04
     68000  1.366385E+01        52
  2.088526E+10  1.000000E+03 -5.916717E+05  9.132356E+04 -6.899358E+05
  0.000000E+00  0.000000E+00  0.000000E+00  0.000000E+00 -5.885672E+05
  0.000000E+00 -2.319897E+04 -5.450540E+05  5.079740E+05  0.000000E+00
  0.000000E+00  0.000000E+00  0.000000E+00  3.690384E+06  2.071878E-02
  6.940558E+03  1.388112E+04  9.000000E+01  9.000000E+01  9.000000E+01
  0.000000E+00  4.199486E+00  2.088585E+10  3.907793E+00 -6.322417E-01
  1.482495E-01 -6.322417E-01  5.031200E+00 -3.449446E-02  1.482495E-01
 -3.449446E-02  3.659466E+00  9.345715E+01  7.791061E+01  7.474067E+01
  6.156191E+02  1.357917E+04  1.566713E+02  0.000000E+00  0.000000E+00
  0.000000E+00  1.566713E+02  0.000000E+00  0.000000E+00  0.000000E+00
  1.503462E+02  9.801076E+03
     69000  1.386479E+01        52
  2.088526E+10  1.000137E+03 -5.923656E+05  9.090752E+04 -6.897663E+05
  0.000000E+00  0.000000E+00  0.000000E+00  0.000000E+00 -5.892606E+05
  0.000000E+00 -2.377079E+04 -5.408249E+05  5.040678E+05  0.000000E+00
  0.000000E+00  0.000000E+00  0.000000E+00  3.850185E+06  6.534526E-02
  6.493130E+03  1.298626E+04  9.000000E+01  9.000000E+01  9.000000E+01
  0.000000E+00  4.103584E+00  2.088585E+10  3.985521E+00  3.204697E-01
 -9.457512E-01  3.204697E-01  3.523159E+00 -5.231503E-01 -9.457512E-01
 -5.231503E-01  4.802074E+00  9.409790E+01  7.839412E+01  7.514081E+01
  6.206828E+02  1.348308E+04  1.589008E+02  0.000000E+00  0.000000E+00
  0.000000E+00  1.589008E+02  0.000000E+00  0.000000E+00  0.000000E+00
  1.524857E+02  9.991967E+03
     70000  1.406573E+01        52
  2.088526E+10  1.016410E+03 -5.923213E+05  9.147909E+04 -6.906174E+05
  0.000000E+00  0.000000E+00  0.000000E+00  0.000000E+00 -5.891658E+05
  0.000000E+00 -2.570666E+04 -5.446135E+05  5.052729E+05  0.000000E+00
  0.000000E+00  0.000000E+00  0.000000E+00  3.864688E+06  3.781435E+01
  6.817001E+03  1.363400E+04  9.000000E+01  9.000000E+01  9.000000E+01
  0.000000E+00  4.365973E+00  2.088585E+10  3.762474E+00  1.868469E-01
  5.045083E-01  1.868469E-01  3.759818E+00  5.413458E-01  5.045083E-01
  5.413458E-01  5.575627E+00  9.471189E+01  7.891177E+01  7.558697E+01
  6.339578E+02  1.349762E+04  1.591001E+02  0.000000E+00  0.000000E+00
  0.000000E+00  1.591001E+02  0.000000E+00  0.000000E+00  0.000000E+00
  1.526769E+02  1.067091E+04
     71000  1.426667E+01        52
  2.088535E+10  1.000000E+03 -5.930507E+05  8.959411E+04 -6.891042E+05
  0.000000E+00  0.000000E+00  0.000000E+00  0.000000E+00 -5.899459E+05
  0.000000E+00 -2.246340E+04 -5.319088E+05  4.965265E+05  0.000000E+00
  0.000000E+00  0.000000E+00  0.000000E+00  4.217810E+06  3.034218E-02
  6.459463E+03  1.291893E+04  9.000000E+01  9.000000E+01  9.000000E+01
  0.000000E+00  3.582432E+00  2.088594E+10  3.125154E+00  4.973224E-02
  2.401883E-02  4.973224E-02  3.982203E+00  1.271885E-01  2.401883E-02
  1.271885E-01  3.639938E+00  9.589852E+01  7.982342E+01  7.643351E+01
  6.439456E+02  1.400111E+04  1.638053E+02  0.000000E+00  0.000000E+00
  0.000000E+00  1.638053E+02  0.000000E+00  0.000000E+00  0.000000E+00
  1.571922E+02  9.555886E+03
     72000  1.446761E+01        52
  2.088535E+10  1.000147E+03 -5.932883E+05  8.992726E+04 -6.898743E+05
  0.000000E+00  0.000000E+00  0.000000E+00  0.000000E+00 -5.901830E+05
  0.000000E+00 -2.287371E+04 -5.334331E+05  4.972419E+05  0.000000E+00
  0.000000E+00  0.000000E+00  0.000000E+00  4.231495E+06  8.753957E-02
  6.658731E+03  1.331746E+04  9.000000E+01  9.000000E+01  9.000000E+01
  0.000000E+00  3.622067E+00  2.088594E+10  3.133634E+00  8.046700E-02
 -3.152987E-02  8.046700E-02  4.100147E+00  3.492800E-01 -3.152987E-02
  3.492800E-01  3.632420E+00  9.898844E+01  8.126190E+01  7.790960E+01
  6.679784E+02  1.410219E+04  1.639823E+02  0.000000E+00  0.000000E+00
  0.000000E+00  1.639823E+02  0.000000E+00  0.000000E+00  0.000000E+00
  1.573620E+02  9.692959E+03
     73000  1.466855E+01        52
  2.088535E+10  1.000305E+03 -5.934424E+05  9.018723E+04 -6.903559E+05
  0.000000E+00  0.000000E+00  0.000000E+00  0.000000E+00 -5.903367E+05
  0.000000E+00 -2.371370E+04 -5.346255E+05  4.974593E+05  0.000000E+00
  0.000000E+00  0.000000E+00  0.000000E+00  4.246036E+06  6.048329E-01
  6.726251E+03  1.345250E+04  9.000000E+01  9.000000E+01  9.000000E+01
  0.000000E+00  3.714055E+00  2.088594E+10  3.626002E+00  3.747192E-02
 -2.013446E-01  3.747192E-02  3.783428E+00 -8.976886E-02 -2.013446E-01
 -8.976886E-02  3.732736E+00  1.026098E+02  8.278602E+01  7.926141E+01
  7.030794E+02  1.419923E+04  1.641699E+02  0.000000E+00  0.000000E+00
  0.000000E+00  1.641699E+02  0.000000E+00  0.000000E+00  0.000000E+00
  1.575421E+02  9.973282E+03
     74000  1.486949E+01        52
  2.088536E+10  1.000000E+03 -5.902788E+05  8.980450E+04 -6.904591E+05
  0.000000E+00  0.000000E+00  0.000000E+00  0.000000E+00 -5.871740E+05
  0.000000E+00 -1.598499E+04 -5.320451E+05  4.953086E+05  0.000000E+00
  0.000000E+00  0.000000E+00  0.000000E+00  4.367820E+06  2.979529E-02
  1.037578E+04  2.075156E+04  9.000000E+01  9.000000E+01  9.000000E+01
  0.000000E+00  2.677630E+00  2.088594E+10  2.998046E+00 -1.414979E-01
 -2.059086E-01 -1.414979E-01  1.559885E+00  7.568380E-01 -2.059086E-01
  7.568380E-01  3.474958E+00  1.034902E+02  8.344166E+01  7.992776E+01
  7.228555E+02  1.435773E+04  1.657247E+02  0.000000E+00  0.000000E+00
  0.000000E+00  1.657247E+02  0.000000E+00  0.000000E+00  0.000000E+00
  1.590341E+02  7.396415E+03
     75000  1.507043E+01        52
  2.088535E+10  1.003642E+03 -5.941813E+05  8.969185E+04 -6.906284E+05
  0.000000E+00  0.000000E+00  0.000000E+00  0.000000E+00 -5.910651E+05
  0.000000E+00 -2.255758E+04 -5.310198E+05  4.949517E+05  0.000000E+00
  0.000000E+00  0.000000E+00  0.000000E+00  4.382407E+06  1.553354E+01
  6.755235E+03  1.351047E+04  9.000000E+01  9.000000E+01  9.000000E+01
  0.000000E+00  3.461925E+00  2.088594E+10  3.092376E+00  3.161180E-01
 -3.127501E-01  3.161180E-01  3.931317E+00 -2.471443E-01 -3.127501E-01
 -2.471443E-01  3.362083E+00  1.039109E+02  8.378403E+01  8.032449E+01
  7.457786E+02  1.442148E+04  1.659090E+02  0.000000E+00  0.000000E+00
  0.000000E+00  1.659090E+02  0.000000E+00  0.000000E+00  0.000000E+00
  1.592109E+02  9.594811E+03
     76000  1.527136E+01        52
  2.088545E+10  8.065007E+03 -5.159293E+05  8.977166E+04 -6.908051E+05
  0.000000E+00  0.000000E+00  0.000000E+00  0.000000E+00 -4.909078E+05
  0.000000E+00  1.337894E+05 -5.312669E+05  4.948479E+05  0.000000E+00
  0.000000E+00  0.000000E+00  0.000000E+00  4.397612E+06  1.412516E+04
  8.510418E+04  1.702084E+05  9.000000E+01  9.000000E+01  9.000000E+01
  0.000000E+00 -1.003808E+01  2.088594E+10 -2.198524E+01  1.747362E+01
 -6.391591E+00  1.747362E+01 -9.253395E+00  4.469246E+00 -6.391591E+00
  4.469246E+00  1.124387E+00  1.050956E+02  8.477786E+01  8.126480E+01
  7.869122E+02  1.449733E+04  1.661006E+02  0.000000E+00  0.000000E+00
  0.000000E+00  1.661006E+02  0.000000E+00  0.000000E+00  0.000000E+00
  1.593949E+02 -2.791732E+04
     77000  1.547230E+01        52
  2.088535E+10  1.000000E+03 -5.946565E+05  8.969536E+04 -6.910809E+05
  0.000000E+00  0.000000E+00  0.000000E+00  0.000000E+00 -5.915516E+05
  0.000000E+00 -2.283605E+04 -5.308373E+05  4.945432E+05  0.000000E+00
  0.000000E+00  0.000000E+00  0.000000E+00  4.421856E+06  1.763354E-02
  6.729014E+03  1.345803E+04  9.000000E+01  9.000000E+01  9.000000E+01
  0.000000E+00  3.461540E+00  2.088594E+10  4.198732E+00 -7.084284E-01
 -4.431669E-01 -7.084284E-01  3.261833E+00  8.682363E-02 -4.431669E-01
  8.682363E-02  2.924056E+00  1.056040E+02  8.511027E+01  8.158801E+01
  8.177087E+02  1.459872E+04  1.664053E+02  0.000000E+00  0.000000E+00
  0.000000E+00  1.664053E+02  0.000000E+00  0.000000E+00  0.000000E+00
  1.596872E+02  9.680104E+03
     78000  1.567324E+01        52
  2.088535E+10  9.973302E+02 -5.947748E+05  8.979592E+04 -6.912914E+05
  0.000000E+00  0.000000E+00  0.000000E+00  0.000000E+00 -5.916781E+05
  0.000000E+00 -2.324516E+04 -5.312707E+05  4.945842E+05  0.000000E+00
  0.000000E+00  0.000000E+00  0.000000E+00  4.436941E+06  1.520991E+00
  6.720660E+03  1.344132E+04  9.000000E+01  9.000000E+01  9.000000E+01
  0.000000E+00  3.496402E+00  2.088594E+10  4.691035E+00 -4.324205E-01
 -2.038242E-01 -4.324205E-01  3.016185E+00  2.998660E-02 -2.038242E-01
  2.998660E-02  2.781987E+00  1.059634E+02  8.541705E+01  8.191246E+01
  8.589645E+02  1.467810E+04  1.665943E+02  0.000000E+00  0.000000E+00
  0.000000E+00  1.665943E+02  0.000000E+00  0.000000E+00  0.000000E+00
  1.598686E+02  9.810952E+03
     79000  1.587418E+01        52
  2.088535E+10  9.999545E+02 -5.949474E+05  8.956553E+04 -6.912458E+05
  0.000000E+00  0.000000E+00  0.000000E+00  0.000000E+00 -5.918426E+05
  0.000000E+00 -2.261266E+04 -5.299473E+05  4.938689E+05  0.000000E+00
  0.000000E+00  0.000000E+00  0.000000E+00  4.465198E+06  3.977030E-01
  6.732870E+03  1.346574E+04  9.000000E+01  9.000000E+01  9.000000E+01
  0.000000E+00  3.401538E+00  2.088594E+10  4.016177E+00 -8.918507E-01
 -5.130819E-01 -8.918507E-01  3.366021E+00  3.611418E-01 -5.130819E-01
  3.611418E-01  2.822415E+00  1.063773E+02  8.576025E+01  8.227557E+01
  8.814740E+02  1.474960E+04  1.669472E+02  0.000000E+00  0.000000E+00
  0.000000E+00  1.669472E+02  0.000000E+00  0.000000E+00  0.000000E+00
  1.602073E+02  9.605546E+03
