#Li56 La24 Zr16 O96                                                     
        15       120
Li      Li      
  2.500000E-02  0.000000E+00  0.000000E+00
  7.500000E-02  0.000000E+00  0.000000E+00
  1.250000E-01  0.000000E+00  0.000000E+00
  1.750000E-01  0.000000E+00  0.000000E+00
  2.250000E-01  0.000000E+00  0.000000E+00
  2.750000E-01  0.000000E+00  0.000000E+00
  3.250000E-01  0.000000E+00  0.000000E+00
  3.750000E-01  0.000000E+00  0.000000E+00
  4.250000E-01  0.000000E+00  0.000000E+00
  4.750000E-01  0.000000E+00  0.000000E+00
  5.250000E-01  0.000000E+00  0.000000E+00
  5.750000E-01  0.000000E+00  0.000000E+00
  6.250000E-01  0.000000E+00  0.000000E+00
  6.750000E-01  0.000000E+00  0.000000E+00
  7.250000E-01  0.000000E+00  0.000000E+00
  7.750000E-01  0.000000E+00  0.000000E+00
  8.250000E-01  0.000000E+00  0.000000E+00
  8.750000E-01  0.000000E+00  0.000000E+00
  9.250000E-01  0.000000E+00  0.000000E+00
  9.750000E-01  1.182647E-04  1.322304E-06
  1.025000E+00  1.070104E-04  2.644609E-06
  1.075000E+00  9.728916E-05  3.966913E-06
  1.125000E+00  2.398540E-03  3.966913E-05
  1.175000E+00  5.309651E-02  9.018116E-04
  1.225000E+00  2.046204E-01  4.513025E-03
  1.275000E+00  4.039211E-01  1.223528E-02
  1.325000E+00  9.023116E-01  3.086523E-02
  1.375000E+00  1.652525E+00  6.760810E-02
  1.425000E+00  2.683851E+00  1.317002E-01
  1.475000E+00  3.845508E+00  2.300902E-01
  1.525000E+00  4.885739E+00  3.637131E-01
  1.575000E+00  5.553665E+00  5.257258E-01
  1.625000E+00  5.612979E+00  7.000293E-01
  1.675000E+00  5.264907E+00  8.737391E-01
  1.725000E+00  4.608783E+00  1.035014E+00
  1.775000E+00  3.839207E+00  1.177260E+00
  1.825000E+00  3.077221E+00  1.297786E+00
  1.875000E+00  2.419454E+00  1.397813E+00
  1.925000E+00  1.871046E+00  1.479348E+00
  1.975000E+00  1.448624E+00  1.545796E+00
  2.025000E+00  1.105735E+00  1.599117E+00
  2.075000E+00  8.843053E-01  1.643892E+00
  2.125000E+00  7.456690E-01  1.683488E+00
  2.175000E+00  6.492668E-01  1.719607E+00
  2.225000E+00  6.030624E-01  1.754715E+00
  2.275000E+00  5.739570E-01  1.789648E+00
  2.325000E+00  5.491418E-01  1.824555E+00
  2.375000E+00  5.281581E-01  1.859588E+00
  2.425000E+00  5.168145E-01  1.895328E+00
  2.475000E+00  5.180443E-01  1.932644E+00
  2.525000E+00  5.339224E-01  1.972675E+00
  2.575000E+00  5.663684E-01  2.016836E+00
  2.625000E+00  5.933348E-01  2.064913E+00
  2.675000E+00  6.308727E-01  2.117998E+00
  2.725000E+00  6.535303E-01  2.175065E+00
  2.775000E+00  6.821767E-01  2.236839E+00
  2.825000E+00  7.049939E-01  2.303001E+00
  2.875000E+00  7.402726E-01  2.374954E+00
  2.925000E+00  7.710786E-01  2.452531E+00
  2.975000E+00  7.968591E-01  2.535466E+00
  3.025000E+00  8.130689E-01  2.622956E+00
  3.075000E+00  8.302138E-01  2.715269E+00
  3.125000E+00  8.534075E-01  2.813271E+00
  3.175000E+00  8.741377E-01  2.916893E+00
  3.225000E+00  8.962092E-01  3.026502E+00
  3.275000E+00  9.098154E-01  3.141253E+00
  3.325000E+00  9.253672E-01  3.261556E+00
  3.375000E+00  9.335633E-01  3.386603E+00
  3.425000E+00  9.445421E-01  3.516896E+00
  3.475000E+00  9.574589E-01  3.652855E+00
  3.525000E+00  9.652862E-01  3.793899E+00
  3.575000E+00  9.857743E-01  3.942051E+00
  3.625000E+00  9.944267E-01  4.095714E+00
  3.675000E+00  1.014886E+00  4.256893E+00
  3.725000E+00  1.029883E+00  4.424936E+00
  3.775000E+00  1.045377E+00  4.600116E+00
  3.825000E+00  1.071527E+00  4.784466E+00
  3.875000E+00  1.078936E+00  4.974976E+00
  3.925000E+00  1.101732E+00  5.174563E+00
  3.975000E+00  1.124235E+00  5.383449E+00
  4.025000E+00  1.137415E+00  5.600134E+00
  4.075000E+00  1.152628E+00  5.825206E+00
  4.125000E+00  1.155750E+00  6.056460E+00
  4.175000E+00  1.166580E+00  6.295573E+00
  4.225000E+00  1.176406E+00  6.542511E+00
  4.275000E+00  1.179776E+00  6.796052E+00
  4.325000E+00  1.184367E+00  7.056569E+00
  4.375000E+00  1.193223E+00  7.325137E+00
  4.425000E+00  1.201654E+00  7.601820E+00
  4.475000E+00  1.205398E+00  7.885672E+00
  4.525000E+00  1.220924E+00  8.179642E+00
  4.575000E+00  1.226731E+00  8.481573E+00
  4.625000E+00  1.239116E+00  8.793254E+00
  4.675000E+00  1.244071E+00  9.112985E+00
  4.725000E+00  1.250937E+00  9.441394E+00
  4.775000E+00  1.258610E+00  9.778847E+00
  4.825000E+00  1.263520E+00  1.012475E+01
  4.875000E+00  1.266593E+00  1.047872E+01
  4.925000E+00  1.275327E+00  1.084247E+01
  4.975000E+00  1.269680E+00  1.121201E+01
  5.025000E+00  1.271089E+00  1.158942E+01
  5.075000E+00  1.269983E+00  1.197406E+01
  5.125000E+00  1.273529E+00  1.236740E+01
  5.175000E+00  1.258797E+00  1.276382E+01
  5.225000E+00  1.251881E+00  1.316571E+01
  5.275000E+00  1.243670E+00  1.357264E+01
  5.325000E+00  1.242704E+00  1.398701E+01
  5.375000E+00  1.227309E+00  1.440396E+01
  5.425000E+00  1.213536E+00  1.482394E+01
  5.475000E+00  1.205337E+00  1.524880E+01
  5.525000E+00  1.196756E+00  1.567839E+01
  5.575000E+00  1.181888E+00  1.611034E+01
  5.625000E+00  1.174411E+00  1.654730E+01
  5.675000E+00  1.165924E+00  1.698885E+01
  5.725000E+00  1.152773E+00  1.743314E+01
  5.775000E+00  1.142643E+00  1.788125E+01
  5.825000E+00  1.134975E+00  1.833410E+01
  5.875000E+00  1.126966E+00  1.879151E+01
  5.925000E+00  1.118141E+00  1.925309E+01
  5.975000E+00  1.114723E+00  1.972106E+01
Li      La      
  2.500000E-02  0.000000E+00  0.000000E+00
  7.500000E-02  0.000000E+00  0.000000E+00
  1.250000E-01  0.000000E+00  0.000000E+00
  1.750000E-01  0.000000E+00  0.000000E+00
  2.250000E-01  0.000000E+00  0.000000E+00
  2.750000E-01  0.000000E+00  0.000000E+00
  3.250000E-01  0.000000E+00  0.000000E+00
  3.750000E-01  0.000000E+00  0.000000E+00
  4.250000E-01  0.000000E+00  0.000000E+00
  4.750000E-01  0.000000E+00  0.000000E+00
  5.250000E-01  0.000000E+00  0.000000E+00
  5.750000E-01  0.000000E+00  0.000000E+00
  6.250000E-01  0.000000E+00  0.000000E+00
  6.750000E-01  0.000000E+00  0.000000E+00
  7.250000E-01  0.000000E+00  0.000000E+00
  7.750000E-01  0.000000E+00  0.000000E+00
  8.250000E-01  0.000000E+00  0.000000E+00
  8.750000E-01  0.000000E+00  0.000000E+00
  9.250000E-01  0.000000E+00  0.000000E+00
  9.750000E-01  0.000000E+00  0.000000E+00
  1.025000E+00  0.000000E+00  0.000000E+00
  1.075000E+00  1.134290E-04  6.607149E-07
  1.125000E+00  0.000000E+00  6.607149E-07
  1.175000E+00  0.000000E+00  6.607149E-07
  1.225000E+00  0.000000E+00  6.607149E-07
  1.275000E+00  0.000000E+00  6.607149E-07
  1.325000E+00  0.000000E+00  6.607149E-07
  1.375000E+00  0.000000E+00  6.607149E-07
  1.425000E+00  0.000000E+00  6.607149E-07
  1.475000E+00  0.000000E+00  6.607149E-07
  1.525000E+00  0.000000E+00  6.607149E-07
  1.575000E+00  0.000000E+00  6.607149E-07
  1.625000E+00  0.000000E+00  6.607149E-07
  1.675000E+00  0.000000E+00  6.607149E-07
  1.725000E+00  0.000000E+00  6.607149E-07
  1.775000E+00  0.000000E+00  6.607149E-07
  1.825000E+00  3.936101E-05  1.321430E-06
  1.875000E+00  7.457974E-05  2.642860E-06
  1.925000E+00  0.000000E+00  2.642860E-06
  1.975000E+00  6.721895E-05  3.964290E-06
  2.025000E+00  3.197032E-05  4.625005E-06
  2.075000E+00  3.044822E-05  5.285720E-06
  2.125000E+00  3.483874E-04  1.321430E-05
  2.175000E+00  3.685812E-03  1.010894E-04
  2.225000E+00  2.309177E-02  6.772328E-04
  2.275000E+00  1.012195E-01  3.317450E-03
  2.325000E+00  3.300280E-01  1.230846E-02
  2.375000E+00  7.698490E-01  3.419332E-02
  2.425000E+00  1.399726E+00  7.567697E-02
  2.475000E+00  2.065912E+00  1.394551E-01
  2.525000E+00  2.556058E+00  2.215853E-01
  2.575000E+00  2.917480E+00  3.190777E-01
  2.625000E+00  3.120720E+00  4.274509E-01
  2.675000E+00  3.276363E+00  5.456045E-01
  2.725000E+00  3.395052E+00  6.726580E-01
  2.775000E+00  3.468849E+00  8.072807E-01
  2.825000E+00  3.506987E+00  9.483321E-01
  2.875000E+00  3.469117E+00  1.092843E+00
  2.925000E+00  3.370502E+00  1.238172E+00
  2.975000E+00  3.215265E+00  1.381587E+00
  3.025000E+00  3.004480E+00  1.520143E+00
  3.075000E+00  2.776380E+00  1.652447E+00
  3.125000E+00  2.538212E+00  1.777367E+00
  3.175000E+00  2.290714E+00  1.893743E+00
  3.225000E+00  2.057112E+00  2.001569E+00
  3.275000E+00  1.849323E+00  2.101531E+00
  3.325000E+00  1.670641E+00  2.194614E+00
  3.375000E+00  1.528245E+00  2.282343E+00
  3.425000E+00  1.402858E+00  2.365278E+00
  3.475000E+00  1.313684E+00  2.445225E+00
  3.525000E+00  1.230120E+00  2.522257E+00
  3.575000E+00  1.150140E+00  2.596338E+00
  3.625000E+00  1.091085E+00  2.668594E+00
  3.675000E+00  1.020439E+00  2.738049E+00
  3.725000E+00  9.598102E-01  2.805167E+00
  3.775000E+00  9.061997E-01  2.870249E+00
  3.825000E+00  8.479311E-01  2.932770E+00
  3.875000E+00  8.130065E-01  2.994293E+00
  3.925000E+00  7.834300E-01  3.055118E+00
  3.975000E+00  7.660109E-01  3.116115E+00
  4.025000E+00  7.684783E-01  3.178858E+00
  4.075000E+00  7.689921E-01  3.243212E+00
  4.125000E+00  7.659499E-01  3.308894E+00
  4.175000E+00  7.724820E-01  3.376752E+00
  4.225000E+00  7.852490E-01  3.447394E+00
  4.275000E+00  7.958551E-01  3.520694E+00
  4.325000E+00  8.091279E-01  3.596970E+00
  4.375000E+00  8.201238E-01  3.676081E+00
  4.425000E+00  8.305595E-01  3.758040E+00
  4.475000E+00  8.477834E-01  3.843600E+00
  4.525000E+00  8.593413E-01  3.932275E+00
  4.575000E+00  8.683275E-01  4.023869E+00
  4.625000E+00  8.809555E-01  4.118837E+00
  4.675000E+00  9.010176E-01  4.218079E+00
  4.725000E+00  9.158155E-01  4.321120E+00
  4.775000E+00  9.320647E-01  4.428221E+00
  4.825000E+00  9.470812E-01  4.539338E+00
  4.875000E+00  9.752179E-01  4.656139E+00
  4.925000E+00  9.972770E-01  4.778046E+00
  4.975000E+00  1.015349E+00  4.904695E+00
  5.025000E+00  1.042943E+00  5.037413E+00
  5.075000E+00  1.070908E+00  5.176416E+00
  5.125000E+00  1.095636E+00  5.321444E+00
  5.175000E+00  1.121524E+00  5.472810E+00
  5.225000E+00  1.148204E+00  5.630785E+00
  5.275000E+00  1.175306E+00  5.795599E+00
  5.325000E+00  1.190387E+00  5.965708E+00
  5.375000E+00  1.206272E+00  6.141338E+00
  5.425000E+00  1.227055E+00  6.323334E+00
  5.475000E+00  1.241839E+00  6.510934E+00
  5.525000E+00  1.266343E+00  6.705745E+00
  5.575000E+00  1.270478E+00  6.904745E+00
  5.625000E+00  1.294926E+00  7.111230E+00
  5.675000E+00  1.302251E+00  7.322591E+00
  5.725000E+00  1.316704E+00  7.540080E+00
  5.775000E+00  1.320314E+00  7.761991E+00
  5.825000E+00  1.330882E+00  7.989568E+00
  5.875000E+00  1.330887E+00  8.221070E+00
  5.925000E+00  1.329620E+00  8.456305E+00
  5.975000E+00  1.328852E+00  8.695389E+00
Li      Zr      
  2.500000E-02  0.000000E+00  0.000000E+00
  7.500000E-02  0.000000E+00  0.000000E+00
  1.250000E-01  0.000000E+00  0.000000E+00
  1.750000E-01  0.000000E+00  0.000000E+00
  2.250000E-01  0.000000E+00  0.000000E+00
  2.750000E-01  0.000000E+00  0.000000E+00
  3.250000E-01  0.000000E+00  0.000000E+00
  3.750000E-01  0.000000E+00  0.000000E+00
  4.250000E-01  0.000000E+00  0.000000E+00
  4.750000E-01  0.000000E+00  0.000000E+00
  5.250000E-01  0.000000E+00  0.000000E+00
  5.750000E-01  0.000000E+00  0.000000E+00
  6.250000E-01  0.000000E+00  0.000000E+00
  6.750000E-01  0.000000E+00  0.000000E+00
  7.250000E-01  0.000000E+00  0.000000E+00
  7.750000E-01  0.000000E+00  0.000000E+00
  8.250000E-01  0.000000E+00  0.000000E+00
  8.750000E-01  0.000000E+00  0.000000E+00
  9.250000E-01  0.000000E+00  0.000000E+00
  9.750000E-01  0.000000E+00  0.000000E+00
  1.025000E+00  0.000000E+00  0.000000E+00
  1.075000E+00  0.000000E+00  0.000000E+00
  1.125000E+00  0.000000E+00  0.000000E+00
  1.175000E+00  0.000000E+00  0.000000E+00
  1.225000E+00  0.000000E+00  0.000000E+00
  1.275000E+00  0.000000E+00  0.000000E+00
  1.325000E+00  0.000000E+00  0.000000E+00
  1.375000E+00  0.000000E+00  0.000000E+00
  1.425000E+00  0.000000E+00  0.000000E+00
  1.475000E+00  0.000000E+00  0.000000E+00
  1.525000E+00  0.000000E+00  0.000000E+00
  1.575000E+00  0.000000E+00  0.000000E+00
  1.625000E+00  0.000000E+00  0.000000E+00
  1.675000E+00  0.000000E+00  0.000000E+00
  1.725000E+00  6.608483E-05  6.607149E-07
  1.775000E+00  0.000000E+00  6.607149E-07
  1.825000E+00  5.904151E-05  1.321430E-06
  1.875000E+00  0.000000E+00  1.321430E-06
  1.925000E+00  2.122680E-04  3.964290E-06
  1.975000E+00  1.109113E-03  1.850002E-05
  2.025000E+00  9.303364E-03  1.466787E-04
  2.075000E+00  6.197735E-02  1.043269E-03
  2.125000E+00  2.152163E-01  4.308522E-03
  2.175000E+00  4.392213E-01  1.128964E-02
  2.225000E+00  7.062190E-01  2.303649E-02
  2.275000E+00  9.947175E-01  4.033400E-02
  2.325000E+00  1.385921E+00  6.550526E-02
  2.375000E+00  1.939300E+00  1.022582E-01
  2.425000E+00  2.651824E+00  1.546529E-01
  2.475000E+00  3.446768E+00  2.255912E-01
  2.525000E+00  4.144874E+00  3.143787E-01
  2.575000E+00  4.619890E+00  4.172996E-01
  2.625000E+00  4.724716E+00  5.266830E-01
  2.675000E+00  4.524106E+00  6.354499E-01
  2.725000E+00  4.086758E+00  7.374094E-01
  2.775000E+00  3.539936E+00  8.289971E-01
  2.825000E+00  2.985727E+00  9.090546E-01
  2.875000E+00  2.433762E+00  9.766424E-01
  2.925000E+00  2.027110E+00  1.034912E+00
  2.975000E+00  1.642368E+00  1.083750E+00
  3.025000E+00  1.387480E+00  1.126407E+00
  3.075000E+00  1.153594E+00  1.163056E+00
  3.125000E+00  1.017779E+00  1.196450E+00
  3.175000E+00  9.205266E-01  1.227627E+00
  3.225000E+00  8.223404E-01  1.256363E+00
  3.275000E+00  7.718090E-01  1.284175E+00
  3.325000E+00  7.271597E-01  1.311186E+00
  3.375000E+00  6.958989E-01  1.337818E+00
  3.425000E+00  6.834744E-01  1.364755E+00
  3.475000E+00  6.738819E-01  1.392095E+00
  3.525000E+00  6.708537E-01  1.420102E+00
  3.575000E+00  6.735155E-01  1.449023E+00
  3.625000E+00  6.889608E-01  1.479440E+00
  3.675000E+00  7.169655E-01  1.511973E+00
  3.725000E+00  7.272274E-01  1.545875E+00
  3.775000E+00  7.688098E-01  1.582685E+00
  3.825000E+00  7.975665E-01  1.621890E+00
  3.875000E+00  8.425744E-01  1.664397E+00
  3.925000E+00  8.788153E-01  1.709884E+00
  3.975000E+00  9.131145E-01  1.758358E+00
  4.025000E+00  9.435309E-01  1.809715E+00
  4.075000E+00  9.817102E-01  1.864485E+00
  4.125000E+00  9.994771E-01  1.921624E+00
  4.175000E+00  1.039628E+00  1.982508E+00
  4.225000E+00  1.046114E+00  2.045247E+00
  4.275000E+00  1.056468E+00  2.110116E+00
  4.325000E+00  1.066602E+00  2.177148E+00
  4.375000E+00  1.066168E+00  2.245711E+00
  4.425000E+00  1.072802E+00  2.316287E+00
  4.475000E+00  1.068201E+00  2.388157E+00
  4.525000E+00  1.072981E+00  2.461971E+00
  4.575000E+00  1.083527E+00  2.538166E+00
  4.625000E+00  1.091678E+00  2.616622E+00
  4.675000E+00  1.093582E+00  2.696923E+00
  4.725000E+00  1.100659E+00  2.779482E+00
  4.775000E+00  1.118293E+00  2.865149E+00
  4.825000E+00  1.135876E+00  2.953994E+00
  4.875000E+00  1.140391E+00  3.045050E+00
  4.925000E+00  1.174626E+00  3.140774E+00
  4.975000E+00  1.191799E+00  3.239879E+00
  5.025000E+00  1.212764E+00  3.342765E+00
  5.075000E+00  1.222451E+00  3.448547E+00
  5.125000E+00  1.238614E+00  3.557850E+00
  5.175000E+00  1.251071E+00  3.670416E+00
  5.225000E+00  1.259455E+00  3.785938E+00
  5.275000E+00  1.272811E+00  3.904929E+00
  5.325000E+00  1.268551E+00  4.025781E+00
  5.375000E+00  1.273969E+00  4.149439E+00
  5.425000E+00  1.277937E+00  4.275801E+00
  5.475000E+00  1.279317E+00  4.404642E+00
  5.525000E+00  1.283698E+00  4.536296E+00
  5.575000E+00  1.291254E+00  4.671132E+00
  5.625000E+00  1.291696E+00  4.808446E+00
  5.675000E+00  1.290090E+00  4.948037E+00
  5.725000E+00  1.293652E+00  5.090491E+00
  5.775000E+00  1.297158E+00  5.235837E+00
  5.825000E+00  1.284635E+00  5.382283E+00
  5.875000E+00  1.278901E+00  5.530589E+00
  5.925000E+00  1.289943E+00  5.682733E+00
  5.975000E+00  1.282375E+00  5.836547E+00
Li      O       
  2.500000E-02  0.000000E+00  0.000000E+00
  7.500000E-02  0.000000E+00  0.000000E+00
  1.250000E-01  0.000000E+00  0.000000E+00
  1.750000E-01  0.000000E+00  0.000000E+00
  2.250000E-01  0.000000E+00  0.000000E+00
  2.750000E-01  0.000000E+00  0.000000E+00
  3.250000E-01  0.000000E+00  0.000000E+00
  3.750000E-01  0.000000E+00  0.000000E+00
  4.250000E-01  0.000000E+00  0.000000E+00
  4.750000E-01  0.000000E+00  0.000000E+00
  5.250000E-01  1.188263E-04  6.607149E-07
  5.750000E-01  0.000000E+00  6.607149E-07
  6.250000E-01  8.386245E-05  1.321430E-06
  6.750000E-01  1.438080E-04  2.642860E-06
  7.250000E-01  0.000000E+00  2.642860E-06
  7.750000E-01  5.455130E-05  3.303575E-06
  8.250000E-01  1.444241E-04  5.285720E-06
  8.750000E-01  1.283944E-04  7.267864E-06
  9.250000E-01  8.042466E-04  2.114288E-05
  9.750000E-01  3.309223E-03  8.457151E-05
  1.025000E+00  7.713463E-02  1.718520E-03
  1.075000E+00  1.087585E+00  2.705892E-02
  1.125000E+00  6.327398E+00  1.885158E-01
  1.175000E+00  1.714160E+01  6.656578E-01
  1.225000E+00  2.173249E+01  1.323160E+00
  1.275000E+00  1.346901E+01  1.764595E+00
  1.325000E+00  5.237771E+00  1.949984E+00
  1.375000E+00  1.674457E+00  2.013808E+00
  1.425000E+00  5.831293E-01  2.037680E+00
  1.475000E+00  2.588256E-01  2.049032E+00
  1.525000E+00  1.429941E-01  2.055737E+00
  1.575000E+00  9.702736E-02  2.060589E+00
  1.625000E+00  7.469135E-02  2.064565E+00
  1.675000E+00  6.427141E-02  2.068200E+00
  1.725000E+00  6.109543E-02  2.071865E+00
  1.775000E+00  6.013630E-02  2.075685E+00
  1.825000E+00  6.474886E-02  2.080032E+00
  1.875000E+00  8.179533E-02  2.085830E+00
  1.925000E+00  9.297338E-02  2.092775E+00
  1.975000E+00  1.095249E-01  2.101387E+00
  2.025000E+00  1.249720E-01  2.111718E+00
  2.075000E+00  1.715301E-01  2.126607E+00
  2.125000E+00  2.034800E-01  2.145130E+00
  2.175000E+00  2.559214E-01  2.169536E+00
  2.225000E+00  3.347248E-01  2.202942E+00
  2.275000E+00  4.206462E-01  2.246831E+00
  2.325000E+00  5.233022E-01  2.303856E+00
  2.375000E+00  6.499893E-01  2.377766E+00
  2.425000E+00  7.807443E-01  2.470322E+00
  2.475000E+00  9.324415E-01  2.585466E+00
  2.525000E+00  1.064752E+00  2.722315E+00
  2.575000E+00  1.164310E+00  2.877944E+00
  2.625000E+00  1.244761E+00  3.050851E+00
  2.675000E+00  1.289772E+00  3.236901E+00
  2.725000E+00  1.317722E+00  3.434154E+00
  2.775000E+00  1.316092E+00  3.638459E+00
  2.825000E+00  1.311167E+00  3.849400E+00
  2.875000E+00  1.290853E+00  4.064489E+00
  2.925000E+00  1.272575E+00  4.283972E+00
  2.975000E+00  1.256701E+00  4.508190E+00
  3.025000E+00  1.237848E+00  4.736531E+00
  3.075000E+00  1.227956E+00  4.970596E+00
  3.125000E+00  1.216145E+00  5.210010E+00
  3.175000E+00  1.211119E+00  5.456125E+00
  3.225000E+00  1.214266E+00  5.710713E+00
  3.275000E+00  1.216428E+00  5.973723E+00
  3.325000E+00  1.232667E+00  6.248444E+00
  3.375000E+00  1.245792E+00  6.534503E+00
  3.425000E+00  1.271916E+00  6.835278E+00
  3.475000E+00  1.295963E+00  7.150753E+00
  3.525000E+00  1.316662E+00  7.480556E+00
  3.575000E+00  1.337676E+00  7.825196E+00
  3.625000E+00  1.357122E+00  8.184694E+00
  3.675000E+00  1.372375E+00  8.558331E+00
  3.725000E+00  1.383280E+00  8.945253E+00
  3.775000E+00  1.390883E+00  9.344817E+00
  3.825000E+00  1.387436E+00  9.754018E+00
  3.875000E+00  1.382002E+00  1.017234E+01
  3.925000E+00  1.366737E+00  1.059679E+01
  3.975000E+00  1.343060E+00  1.102458E+01
  4.025000E+00  1.321593E+00  1.145619E+01
  4.075000E+00  1.296627E+00  1.189023E+01
  4.125000E+00  1.272981E+00  1.232688E+01
  4.175000E+00  1.247145E+00  1.276509E+01
  4.225000E+00  1.226591E+00  1.320648E+01
  4.275000E+00  1.212424E+00  1.365315E+01
  4.325000E+00  1.197724E+00  1.410478E+01
  4.375000E+00  1.189101E+00  1.456359E+01
  4.425000E+00  1.186438E+00  1.503190E+01
  4.475000E+00  1.185352E+00  1.551041E+01
  4.525000E+00  1.183445E+00  1.599889E+01
  4.575000E+00  1.185151E+00  1.649894E+01
  4.625000E+00  1.193239E+00  1.701347E+01
  4.675000E+00  1.196981E+00  1.754083E+01
  4.725000E+00  1.198855E+00  1.808038E+01
  4.775000E+00  1.198573E+00  1.863128E+01
  4.825000E+00  1.201278E+00  1.919504E+01
  4.875000E+00  1.198668E+00  1.976930E+01
  4.925000E+00  1.195967E+00  2.035408E+01
  4.975000E+00  1.193192E+00  2.094940E+01
  5.025000E+00  1.183173E+00  2.155166E+01
  5.075000E+00  1.179858E+00  2.216423E+01
  5.125000E+00  1.171470E+00  2.278450E+01
  5.175000E+00  1.167186E+00  2.341461E+01
  5.225000E+00  1.160707E+00  2.405340E+01
  5.275000E+00  1.155760E+00  2.470169E+01
  5.325000E+00  1.148596E+00  2.535823E+01
  5.375000E+00  1.139076E+00  2.602162E+01
  5.425000E+00  1.134218E+00  2.669453E+01
  5.475000E+00  1.130292E+00  2.737752E+01
  5.525000E+00  1.122013E+00  2.806795E+01
  5.575000E+00  1.118183E+00  2.876854E+01
  5.625000E+00  1.117801E+00  2.948150E+01
  5.675000E+00  1.116382E+00  3.020627E+01
  5.725000E+00  1.111289E+00  3.094051E+01
  5.775000E+00  1.111886E+00  3.168803E+01
  5.825000E+00  1.111147E+00  3.244804E+01
  5.875000E+00  1.112578E+00  3.322215E+01
  5.925000E+00  1.115340E+00  3.401145E+01
  5.975000E+00  1.118009E+00  3.481605E+01
Li      O_s     
  2.500000E-02  0.000000E+00  0.000000E+00
  7.500000E-02  0.000000E+00  0.000000E+00
  1.250000E-01  0.000000E+00  0.000000E+00
  1.750000E-01  0.000000E+00  0.000000E+00
  2.250000E-01  0.000000E+00  0.000000E+00
  2.750000E-01  0.000000E+00  0.000000E+00
  3.250000E-01  0.000000E+00  0.000000E+00
  3.750000E-01  0.000000E+00  0.000000E+00
  4.250000E-01  0.000000E+00  0.000000E+00
  4.750000E-01  0.000000E+00  0.000000E+00
  5.250000E-01  0.000000E+00  0.000000E+00
  5.750000E-01  9.907176E-05  6.607149E-07
  6.250000E-01  0.000000E+00  6.607149E-07
  6.750000E-01  0.000000E+00  6.607149E-07
  7.250000E-01  6.233200E-05  1.321430E-06
  7.750000E-01  1.636539E-04  3.303575E-06
  8.250000E-01  2.888481E-04  7.267864E-06
  8.750000E-01  1.241146E-03  2.642860E-05
  9.250000E-01  1.459133E-02  2.781610E-04
  9.750000E-01  1.076876E-01  2.342234E-03
  1.025000E+00  5.892394E+00  1.271612E-01
  1.075000E+00  3.149023E+01  8.608739E-01
  1.125000E+00  2.862664E+01  1.591343E+00
  1.175000E+00  1.008260E+01  1.871996E+00
  1.225000E+00  3.000899E+00  1.962786E+00
  1.275000E+00  1.192524E+00  2.001870E+00
  1.325000E+00  5.972712E-01  2.023010E+00
  1.375000E+00  3.450909E-01  2.036164E+00
  1.425000E+00  2.116509E-01  2.044828E+00
  1.475000E+00  1.379238E-01  2.050878E+00
  1.525000E+00  1.008160E-01  2.055604E+00
  1.575000E+00  7.615274E-02  2.059413E+00
  1.625000E+00  6.481194E-02  2.062863E+00
  1.675000E+00  5.836059E-02  2.066164E+00
  1.725000E+00  5.699817E-02  2.069583E+00
  1.775000E+00  6.141579E-02  2.073484E+00
  1.825000E+00  6.766158E-02  2.078027E+00
  1.875000E+00  8.796680E-02  2.084262E+00
  1.925000E+00  1.063109E-01  2.092203E+00
  1.975000E+00  1.367990E-01  2.102961E+00
  2.025000E+00  1.673247E-01  2.116793E+00
  2.075000E+00  2.351135E-01  2.137200E+00
  2.125000E+00  2.926237E-01  2.163838E+00
  2.175000E+00  3.799157E-01  2.200069E+00
  2.225000E+00  4.962679E-01  2.249597E+00
  2.275000E+00  6.238895E-01  2.314691E+00
  2.325000E+00  7.704897E-01  2.398654E+00
  2.375000E+00  9.233806E-01  2.503651E+00
  2.425000E+00  1.048295E+00  2.627924E+00
  2.475000E+00  1.144658E+00  2.769274E+00
  2.525000E+00  1.206111E+00  2.924291E+00
  2.575000E+00  1.242350E+00  3.090352E+00
  2.625000E+00  1.253280E+00  3.264443E+00
  2.675000E+00  1.249639E+00  3.444703E+00
  2.725000E+00  1.226546E+00  3.628308E+00
  2.775000E+00  1.208465E+00  3.815905E+00
  2.825000E+00  1.192877E+00  4.007816E+00
  2.875000E+00  1.177899E+00  4.204084E+00
  2.925000E+00  1.167054E+00  4.405367E+00
  2.975000E+00  1.157885E+00  4.611955E+00
  3.025000E+00  1.142311E+00  4.822672E+00
  3.075000E+00  1.139587E+00  5.039893E+00
  3.125000E+00  1.147520E+00  5.265798E+00
  3.175000E+00  1.156021E+00  5.500716E+00
  3.225000E+00  1.168212E+00  5.745648E+00
  3.275000E+00  1.180974E+00  6.000992E+00
  3.325000E+00  1.201770E+00  6.268828E+00
  3.375000E+00  1.225526E+00  6.550233E+00
  3.425000E+00  1.247250E+00  6.845176E+00
  3.475000E+00  1.274803E+00  7.155500E+00
  3.525000E+00  1.300769E+00  7.481322E+00
  3.575000E+00  1.326507E+00  7.823084E+00
  3.625000E+00  1.350827E+00  8.180915E+00
  3.675000E+00  1.365759E+00  8.552750E+00
  3.725000E+00  1.379264E+00  8.938550E+00
  3.775000E+00  1.383801E+00  9.336079E+00
  3.825000E+00  1.390265E+00  9.746114E+00
  3.875000E+00  1.382845E+00  1.016469E+01
  3.925000E+00  1.368032E+00  1.058954E+01
  3.975000E+00  1.349511E+00  1.101939E+01
  4.025000E+00  1.325031E+00  1.145212E+01
  4.075000E+00  1.302285E+00  1.188806E+01
  4.125000E+00  1.277024E+00  1.232609E+01
  4.175000E+00  1.250413E+00  1.276546E+01
  4.225000E+00  1.228152E+00  1.320740E+01
  4.275000E+00  1.215209E+00  1.365509E+01
  4.325000E+00  1.196126E+00  1.410613E+01
  4.375000E+00  1.191544E+00  1.456588E+01
  4.425000E+00  1.186525E+00  1.503422E+01
  4.475000E+00  1.181909E+00  1.551135E+01
  4.525000E+00  1.173002E+00  1.599551E+01
  4.575000E+00  1.177763E+00  1.649245E+01
  4.625000E+00  1.173345E+00  1.699840E+01
  4.675000E+00  1.178336E+00  1.751755E+01
  4.725000E+00  1.180069E+00  1.804864E+01
  4.775000E+00  1.181039E+00  1.859148E+01
  4.825000E+00  1.186667E+00  1.914838E+01
  4.875000E+00  1.182340E+00  1.971482E+01
  4.925000E+00  1.190922E+00  2.029713E+01
  4.975000E+00  1.189677E+00  2.089070E+01
  5.025000E+00  1.187303E+00  2.149506E+01
  5.075000E+00  1.185001E+00  2.211030E+01
  5.125000E+00  1.183173E+00  2.273677E+01
  5.175000E+00  1.184143E+00  2.337603E+01
  5.225000E+00  1.177193E+00  2.402389E+01
  5.275000E+00  1.169518E+00  2.467990E+01
  5.325000E+00  1.168759E+00  2.534797E+01
  5.375000E+00  1.158007E+00  2.602238E+01
  5.425000E+00  1.151627E+00  2.670562E+01
  5.475000E+00  1.151037E+00  2.740115E+01
  5.525000E+00  1.142246E+00  2.810403E+01
  5.575000E+00  1.137028E+00  2.881642E+01
  5.625000E+00  1.133749E+00  2.953956E+01
  5.675000E+00  1.128770E+00  3.027237E+01
  5.725000E+00  1.123141E+00  3.101444E+01
  5.775000E+00  1.120679E+00  3.176787E+01
  5.825000E+00  1.119551E+00  3.253363E+01
  5.875000E+00  1.115400E+00  3.330971E+01
  5.925000E+00  1.117122E+00  3.410027E+01
  5.975000E+00  1.116510E+00  3.490378E+01
La      La      
  2.500000E-02  0.000000E+00  0.000000E+00
  7.500000E-02  0.000000E+00  0.000000E+00
  1.250000E-01  0.000000E+00  0.000000E+00
  1.750000E-01  0.000000E+00  0.000000E+00
  2.250000E-01  0.000000E+00  0.000000E+00
  2.750000E-01  0.000000E+00  0.000000E+00
  3.250000E-01  0.000000E+00  0.000000E+00
  3.750000E-01  0.000000E+00  0.000000E+00
  4.250000E-01  0.000000E+00  0.000000E+00
  4.750000E-01  0.000000E+00  0.000000E+00
  5.250000E-01  0.000000E+00  0.000000E+00
  5.750000E-01  0.000000E+00  0.000000E+00
  6.250000E-01  0.000000E+00  0.000000E+00
  6.750000E-01  0.000000E+00  0.000000E+00
  7.250000E-01  0.000000E+00  0.000000E+00
  7.750000E-01  0.000000E+00  0.000000E+00
  8.250000E-01  0.000000E+00  0.000000E+00
  8.750000E-01  0.000000E+00  0.000000E+00
  9.250000E-01  0.000000E+00  0.000000E+00
  9.750000E-01  0.000000E+00  0.000000E+00
  1.025000E+00  0.000000E+00  0.000000E+00
  1.075000E+00  0.000000E+00  0.000000E+00
  1.125000E+00  0.000000E+00  0.000000E+00
  1.175000E+00  0.000000E+00  0.000000E+00
  1.225000E+00  0.000000E+00  0.000000E+00
  1.275000E+00  0.000000E+00  0.000000E+00
  1.325000E+00  0.000000E+00  0.000000E+00
  1.375000E+00  0.000000E+00  0.000000E+00
  1.425000E+00  0.000000E+00  0.000000E+00
  1.475000E+00  0.000000E+00  0.000000E+00
  1.525000E+00  0.000000E+00  0.000000E+00
  1.575000E+00  0.000000E+00  0.000000E+00
  1.625000E+00  0.000000E+00  0.000000E+00
  1.675000E+00  0.000000E+00  0.000000E+00
  1.725000E+00  0.000000E+00  0.000000E+00
  1.775000E+00  0.000000E+00  0.000000E+00
  1.825000E+00  0.000000E+00  0.000000E+00
  1.875000E+00  0.000000E+00  0.000000E+00
  1.925000E+00  0.000000E+00  0.000000E+00
  1.975000E+00  0.000000E+00  0.000000E+00
  2.025000E+00  0.000000E+00  0.000000E+00
  2.075000E+00  0.000000E+00  0.000000E+00
  2.125000E+00  0.000000E+00  0.000000E+00
  2.175000E+00  0.000000E+00  0.000000E+00
  2.225000E+00  0.000000E+00  0.000000E+00
  2.275000E+00  0.000000E+00  0.000000E+00
  2.325000E+00  0.000000E+00  0.000000E+00
  2.375000E+00  0.000000E+00  0.000000E+00
  2.425000E+00  0.000000E+00  0.000000E+00
  2.475000E+00  0.000000E+00  0.000000E+00
  2.525000E+00  0.000000E+00  0.000000E+00
  2.575000E+00  0.000000E+00  0.000000E+00
  2.625000E+00  0.000000E+00  0.000000E+00
  2.675000E+00  0.000000E+00  0.000000E+00
  2.725000E+00  0.000000E+00  0.000000E+00
  2.775000E+00  0.000000E+00  0.000000E+00
  2.825000E+00  0.000000E+00  0.000000E+00
  2.875000E+00  0.000000E+00  0.000000E+00
  2.925000E+00  1.432400E-04  6.176204E-06
  2.975000E+00  0.000000E+00  6.176204E-06
  3.025000E+00  0.000000E+00  6.176204E-06
  3.075000E+00  3.240163E-04  2.161671E-05
  3.125000E+00  3.764771E-04  4.014533E-05
  3.175000E+00  1.398067E-03  1.111717E-04
  3.225000E+00  4.713228E-03  3.582198E-04
  3.275000E+00  1.388263E-02  1.108629E-03
  3.325000E+00  4.090360E-02  3.387648E-03
  3.375000E+00  9.220447E-02  8.680655E-03
  3.425000E+00  1.871084E-01  1.974224E-02
  3.475000E+00  3.224235E-01  3.936404E-02
  3.525000E+00  5.261321E-01  7.231100E-02
  3.575000E+00  7.759794E-01  1.222919E-01
  3.625000E+00  1.085427E+00  1.941737E-01
  3.675000E+00  1.441381E+00  2.922796E-01
  3.725000E+00  1.810242E+00  4.188671E-01
  3.775000E+00  2.158540E+00  5.738898E-01
  3.825000E+00  2.452108E+00  7.546920E-01
  3.875000E+00  2.643880E+00  9.547639E-01
  3.925000E+00  2.804344E+00  1.172491E+00
  3.975000E+00  2.793574E+00  1.394942E+00
  4.025000E+00  2.782773E+00  1.622143E+00
  4.075000E+00  2.668630E+00  1.845471E+00
  4.125000E+00  2.562339E+00  2.065199E+00
  4.175000E+00  2.436861E+00  2.279263E+00
  4.225000E+00  2.301535E+00  2.486311E+00
  4.275000E+00  2.160603E+00  2.685309E+00
  4.325000E+00  2.014758E+00  2.875239E+00
  4.375000E+00  1.899116E+00  3.058432E+00
  4.425000E+00  1.769819E+00  3.233076E+00
  4.475000E+00  1.673730E+00  3.401992E+00
  4.525000E+00  1.579368E+00  3.564967E+00
  4.575000E+00  1.479545E+00  3.721033E+00
  4.625000E+00  1.405045E+00  3.872498E+00
  4.675000E+00  1.327377E+00  4.018702E+00
  4.725000E+00  1.241082E+00  4.158339E+00
  4.775000E+00  1.156935E+00  4.291279E+00
  4.825000E+00  1.094732E+00  4.419719E+00
  4.875000E+00  1.060763E+00  4.546767E+00
  4.925000E+00  9.966656E-01  4.668599E+00
  4.975000E+00  9.544760E-01  4.787654E+00
  5.025000E+00  9.348481E-01  4.906617E+00
  5.075000E+00  9.002925E-01  5.023474E+00
  5.125000E+00  8.784957E-01  5.139760E+00
  5.175000E+00  8.512599E-01  5.254650E+00
  5.225000E+00  8.562565E-01  5.372458E+00
  5.275000E+00  8.369521E-01  5.489824E+00
  5.325000E+00  8.334102E-01  5.608920E+00
  5.375000E+00  8.233644E-01  5.728800E+00
  5.425000E+00  8.290154E-01  5.851759E+00
  5.475000E+00  8.250020E-01  5.976388E+00
  5.525000E+00  8.386423E-01  6.105403E+00
  5.575000E+00  8.360679E-01  6.236360E+00
  5.625000E+00  8.530315E-01  6.372382E+00
  5.675000E+00  8.647798E-01  6.512739E+00
  5.725000E+00  8.706611E-01  6.656552E+00
  5.775000E+00  8.926909E-01  6.806591E+00
  5.825000E+00  9.006198E-01  6.960594E+00
  5.875000E+00  9.165657E-01  7.120027E+00
  5.925000E+00  9.373456E-01  7.285861E+00
  5.975000E+00  9.594843E-01  7.458489E+00
La      Zr      
  2.500000E-02  0.000000E+00  0.000000E+00
  7.500000E-02  0.000000E+00  0.000000E+00
  1.250000E-01  0.000000E+00  0.000000E+00
  1.750000E-01  0.000000E+00  0.000000E+00
  2.250000E-01  0.000000E+00  0.000000E+00
  2.750000E-01  0.000000E+00  0.000000E+00
  3.250000E-01  0.000000E+00  0.000000E+00
  3.750000E-01  0.000000E+00  0.000000E+00
  4.250000E-01  0.000000E+00  0.000000E+00
  4.750000E-01  0.000000E+00  0.000000E+00
  5.250000E-01  0.000000E+00  0.000000E+00
  5.750000E-01  0.000000E+00  0.000000E+00
  6.250000E-01  0.000000E+00  0.000000E+00
  6.750000E-01  0.000000E+00  0.000000E+00
  7.250000E-01  0.000000E+00  0.000000E+00
  7.750000E-01  0.000000E+00  0.000000E+00
  8.250000E-01  0.000000E+00  0.000000E+00
  8.750000E-01  0.000000E+00  0.000000E+00
  9.250000E-01  0.000000E+00  0.000000E+00
  9.750000E-01  0.000000E+00  0.000000E+00
  1.025000E+00  0.000000E+00  0.000000E+00
  1.075000E+00  0.000000E+00  0.000000E+00
  1.125000E+00  0.000000E+00  0.000000E+00
  1.175000E+00  0.000000E+00  0.000000E+00
  1.225000E+00  0.000000E+00  0.000000E+00
  1.275000E+00  0.000000E+00  0.000000E+00
  1.325000E+00  0.000000E+00  0.000000E+00
  1.375000E+00  0.000000E+00  0.000000E+00
  1.425000E+00  0.000000E+00  0.000000E+00
  1.475000E+00  0.000000E+00  0.000000E+00
  1.525000E+00  0.000000E+00  0.000000E+00
  1.575000E+00  0.000000E+00  0.000000E+00
  1.625000E+00  0.000000E+00  0.000000E+00
  1.675000E+00  0.000000E+00  0.000000E+00
  1.725000E+00  0.000000E+00  0.000000E+00
  1.775000E+00  0.000000E+00  0.000000E+00
  1.825000E+00  0.000000E+00  0.000000E+00
  1.875000E+00  0.000000E+00  0.000000E+00
  1.925000E+00  0.000000E+00  0.000000E+00
  1.975000E+00  0.000000E+00  0.000000E+00
  2.025000E+00  0.000000E+00  0.000000E+00
  2.075000E+00  0.000000E+00  0.000000E+00
  2.125000E+00  0.000000E+00  0.000000E+00
  2.175000E+00  0.000000E+00  0.000000E+00
  2.225000E+00  0.000000E+00  0.000000E+00
  2.275000E+00  0.000000E+00  0.000000E+00
  2.325000E+00  0.000000E+00  0.000000E+00
  2.375000E+00  0.000000E+00  0.000000E+00
  2.425000E+00  0.000000E+00  0.000000E+00
  2.475000E+00  0.000000E+00  0.000000E+00
  2.525000E+00  0.000000E+00  0.000000E+00
  2.575000E+00  0.000000E+00  0.000000E+00
  2.625000E+00  0.000000E+00  0.000000E+00
  2.675000E+00  0.000000E+00  0.000000E+00
  2.725000E+00  0.000000E+00  0.000000E+00
  2.775000E+00  5.958672E-05  1.541668E-06
  2.825000E+00  0.000000E+00  1.541668E-06
  2.875000E+00  0.000000E+00  1.541668E-06
  2.925000E+00  0.000000E+00  1.541668E-06
  2.975000E+00  7.776681E-04  2.466669E-05
  3.025000E+00  3.108982E-03  1.202501E-04
  3.075000E+00  1.247155E-02  5.164588E-04
  3.125000E+00  3.852935E-02  1.780627E-03
  3.175000E+00  1.002324E-01  5.175380E-03
  3.225000E+00  2.511215E-01  1.395056E-02
  3.275000E+00  5.442236E-01  3.356212E-02
  3.325000E+00  1.031928E+00  7.189261E-02
  3.375000E+00  1.729107E+00  1.380656E-01
  3.425000E+00  2.529263E+00  2.377499E-01
  3.475000E+00  3.324706E+00  3.726382E-01
  3.525000E+00  3.976313E+00  5.386388E-01
  3.575000E+00  4.404552E+00  7.277707E-01
  3.625000E+00  4.504053E+00  9.266228E-01
  3.675000E+00  4.530836E+00  1.132213E+00
  3.725000E+00  4.287829E+00  1.332108E+00
  3.775000E+00  4.113240E+00  1.529045E+00
  3.825000E+00  3.935497E+00  1.722497E+00
  3.875000E+00  3.723999E+00  1.910369E+00
  3.925000E+00  3.463375E+00  2.089631E+00
  3.975000E+00  3.240914E+00  2.261680E+00
  4.025000E+00  2.987696E+00  2.424301E+00
  4.075000E+00  2.732756E+00  2.576764E+00
  4.125000E+00  2.469295E+00  2.717930E+00
  4.175000E+00  2.226282E+00  2.848308E+00
  4.225000E+00  1.978050E+00  2.966939E+00
  4.275000E+00  1.737591E+00  3.073630E+00
  4.325000E+00  1.524510E+00  3.169440E+00
  4.375000E+00  1.335069E+00  3.255296E+00
  4.425000E+00  1.170484E+00  3.332297E+00
  4.475000E+00  1.031120E+00  3.401672E+00
  4.525000E+00  9.181904E-01  3.464838E+00
  4.575000E+00  8.366268E-01  3.523671E+00
  4.625000E+00  7.609951E-01  3.578361E+00
  4.675000E+00  7.159360E-01  3.630932E+00
  4.725000E+00  6.907931E-01  3.682748E+00
  4.775000E+00  6.586921E-01  3.733207E+00
  4.825000E+00  6.460180E-01  3.783736E+00
  4.875000E+00  6.364836E-01  3.834557E+00
  4.925000E+00  6.361683E-01  3.886401E+00
  4.975000E+00  6.393151E-01  3.939564E+00
  5.025000E+00  6.413210E-01  3.993971E+00
  5.075000E+00  6.520855E-01  4.050397E+00
  5.125000E+00  6.673413E-01  4.109287E+00
  5.175000E+00  6.767483E-01  4.170179E+00
  5.225000E+00  6.880784E-01  4.233291E+00
  5.275000E+00  7.076158E-01  4.299444E+00
  5.325000E+00  7.253306E-01  4.368545E+00
  5.375000E+00  7.352625E-01  4.439913E+00
  5.425000E+00  7.455175E-01  4.513630E+00
  5.475000E+00  7.570527E-01  4.589873E+00
  5.525000E+00  7.745891E-01  4.669314E+00
  5.575000E+00  7.838479E-01  4.751166E+00
  5.625000E+00  7.953830E-01  4.835718E+00
  5.675000E+00  8.055226E-01  4.922878E+00
  5.725000E+00  8.184082E-01  5.012999E+00
  5.775000E+00  8.486977E-01  5.108096E+00
  5.825000E+00  8.499183E-01  5.204985E+00
  5.875000E+00  8.755560E-01  5.306518E+00
  5.925000E+00  8.794412E-01  5.410244E+00
  5.975000E+00  9.037805E-01  5.518648E+00
La      O       
  2.500000E-02  0.000000E+00  0.000000E+00
  7.500000E-02  0.000000E+00  0.000000E+00
  1.250000E-01  0.000000E+00  0.000000E+00
  1.750000E-01  0.000000E+00  0.000000E+00
  2.250000E-01  0.000000E+00  0.000000E+00
  2.750000E-01  0.000000E+00  0.000000E+00
  3.250000E-01  0.000000E+00  0.000000E+00
  3.750000E-01  0.000000E+00  0.000000E+00
  4.250000E-01  0.000000E+00  0.000000E+00
  4.750000E-01  0.000000E+00  0.000000E+00
  5.250000E-01  0.000000E+00  0.000000E+00
  5.750000E-01  0.000000E+00  0.000000E+00
  6.250000E-01  0.000000E+00  0.000000E+00
  6.750000E-01  0.000000E+00  0.000000E+00
  7.250000E-01  0.000000E+00  0.000000E+00
  7.750000E-01  1.272864E-04  1.541668E-06
  8.250000E-01  0.000000E+00  1.541668E-06
  8.750000E-01  0.000000E+00  1.541668E-06
  9.250000E-01  0.000000E+00  1.541668E-06
  9.750000E-01  0.000000E+00  1.541668E-06
  1.025000E+00  0.000000E+00  1.541668E-06
  1.075000E+00  0.000000E+00  1.541668E-06
  1.125000E+00  0.000000E+00  1.541668E-06
  1.175000E+00  0.000000E+00  1.541668E-06
  1.225000E+00  0.000000E+00  1.541668E-06
  1.275000E+00  0.000000E+00  1.541668E-06
  1.325000E+00  4.355647E-05  3.083336E-06
  1.375000E+00  4.044666E-05  4.625005E-06
  1.425000E+00  0.000000E+00  4.625005E-06
  1.475000E+00  3.514878E-05  6.166673E-06
  1.525000E+00  3.288193E-05  7.708341E-06
  1.575000E+00  0.000000E+00  7.708341E-06
  1.625000E+00  0.000000E+00  7.708341E-06
  1.675000E+00  2.725675E-05  9.250009E-06
  1.725000E+00  2.569966E-05  1.079168E-05
  1.775000E+00  2.427228E-05  1.233335E-05
  1.825000E+00  6.888177E-05  1.695835E-05
  1.875000E+00  1.087621E-04  2.466669E-05
  1.925000E+00  1.444602E-04  3.545837E-05
  1.975000E+00  3.136884E-04  6.012506E-05
  2.025000E+00  7.459742E-04  1.217918E-04
  2.075000E+00  9.324768E-03  9.311676E-04
  2.125000E+00  7.924120E-02  8.144633E-03
  2.175000E+00  4.006219E-01  4.635025E-02
  2.225000E+00  1.353230E+00  1.814035E-01
  2.275000E+00  3.066484E+00  5.013490E-01
  2.325000E+00  5.105771E+00  1.057739E+00
  2.375000E+00  6.653923E+00  1.814355E+00
  2.425000E+00  7.134273E+00  2.660108E+00
  2.475000E+00  6.607416E+00  3.476036E+00
  2.525000E+00  5.508724E+00  4.184052E+00
  2.575000E+00  4.293342E+00  4.757929E+00
  2.625000E+00  3.250983E+00  5.209516E+00
  2.675000E+00  2.410232E+00  5.557191E+00
  2.725000E+00  1.819486E+00  5.829555E+00
  2.775000E+00  1.398024E+00  6.046578E+00
  2.825000E+00  1.115426E+00  6.226029E+00
  2.875000E+00  9.149128E-01  6.378476E+00
  2.925000E+00  7.796231E-01  6.512939E+00
  2.975000E+00  6.765540E-01  6.633649E+00
  3.025000E+00  6.175508E-01  6.747566E+00
  3.075000E+00  5.759883E-01  6.857357E+00
  3.125000E+00  5.468975E-01  6.965021E+00
  3.175000E+00  5.358776E-01  7.073918E+00
  3.225000E+00  5.338171E-01  7.185840E+00
  3.275000E+00  5.482736E-01  7.304385E+00
  3.325000E+00  5.597303E-01  7.429131E+00
  3.375000E+00  5.802764E-01  7.562374E+00
  3.425000E+00  6.137420E-01  7.707509E+00
  3.475000E+00  6.461129E-01  7.864791E+00
  3.525000E+00  6.801922E-01  8.035169E+00
  3.575000E+00  7.168886E-01  8.219868E+00
  3.625000E+00  7.502623E-01  8.418611E+00
  3.675000E+00  7.933958E-01  8.634617E+00
  3.725000E+00  8.368191E-01  8.868687E+00
  3.775000E+00  8.707935E-01  9.118843E+00
  3.825000E+00  8.988699E-01  9.383949E+00
  3.875000E+00  9.277886E-01  9.664786E+00
  3.925000E+00  9.571308E-01  9.962029E+00
  3.975000E+00  9.791946E-01  1.027392E+01
  4.025000E+00  9.905219E-01  1.059741E+01
  4.075000E+00  1.004447E+00  1.093364E+01
  4.125000E+00  1.016322E+00  1.128225E+01
  4.175000E+00  1.027510E+00  1.164329E+01
  4.225000E+00  1.038821E+00  1.201711E+01
  4.275000E+00  1.043153E+00  1.240142E+01
  4.325000E+00  1.054072E+00  1.279888E+01
  4.375000E+00  1.067471E+00  1.321077E+01
  4.425000E+00  1.084003E+00  1.363864E+01
  4.475000E+00  1.103814E+00  1.408424E+01
  4.525000E+00  1.123905E+00  1.454814E+01
  4.575000E+00  1.156221E+00  1.503598E+01
  4.625000E+00  1.178786E+00  1.554428E+01
  4.675000E+00  1.213365E+00  1.607886E+01
  4.725000E+00  1.241252E+00  1.663749E+01
  4.775000E+00  1.273310E+00  1.722274E+01
  4.825000E+00  1.305324E+00  1.783533E+01
  4.875000E+00  1.343901E+00  1.847917E+01
  4.925000E+00  1.373465E+00  1.915073E+01
  4.975000E+00  1.398142E+00  1.984832E+01
  5.025000E+00  1.417532E+00  2.056986E+01
  5.075000E+00  1.438056E+00  2.131649E+01
  5.125000E+00  1.438540E+00  2.207817E+01
  5.175000E+00  1.447095E+00  2.285939E+01
  5.225000E+00  1.441441E+00  2.365267E+01
  5.275000E+00  1.429381E+00  2.445445E+01
  5.325000E+00  1.420376E+00  2.526634E+01
  5.375000E+00  1.397454E+00  2.608021E+01
  5.425000E+00  1.371826E+00  2.689408E+01
  5.475000E+00  1.348818E+00  2.770912E+01
  5.525000E+00  1.312781E+00  2.851694E+01
  5.575000E+00  1.284917E+00  2.932199E+01
  5.625000E+00  1.255423E+00  3.012273E+01
  5.675000E+00  1.237585E+00  3.092619E+01
  5.725000E+00  1.216078E+00  3.172967E+01
  5.775000E+00  1.191445E+00  3.253067E+01
  5.825000E+00  1.180097E+00  3.333785E+01
  5.875000E+00  1.165183E+00  3.414856E+01
  5.925000E+00  1.157193E+00  3.496748E+01
  5.975000E+00  1.151737E+00  3.579635E+01
La      O_s     
  2.500000E-02  0.000000E+00  0.000000E+00
  7.500000E-02  0.000000E+00  0.000000E+00
  1.250000E-01  0.000000E+00  0.000000E+00
  1.750000E-01  0.000000E+00  0.000000E+00
  2.250000E-01  0.000000E+00  0.000000E+00
  2.750000E-01  0.000000E+00  0.000000E+00
  3.250000E-01  0.000000E+00  0.000000E+00
  3.750000E-01  0.000000E+00  0.000000E+00
  4.250000E-01  0.000000E+00  0.000000E+00
  4.750000E-01  0.000000E+00  0.000000E+00
  5.250000E-01  0.000000E+00  0.000000E+00
  5.750000E-01  0.000000E+00  0.000000E+00
  6.250000E-01  0.000000E+00  0.000000E+00
  6.750000E-01  0.000000E+00  0.000000E+00
  7.250000E-01  0.000000E+00  0.000000E+00
  7.750000E-01  0.000000E+00  0.000000E+00
  8.250000E-01  0.000000E+00  0.000000E+00
  8.750000E-01  0.000000E+00  0.000000E+00
  9.250000E-01  0.000000E+00  0.000000E+00
  9.750000E-01  0.000000E+00  0.000000E+00
  1.025000E+00  0.000000E+00  0.000000E+00
  1.075000E+00  0.000000E+00  0.000000E+00
  1.125000E+00  0.000000E+00  0.000000E+00
  1.175000E+00  0.000000E+00  0.000000E+00
  1.225000E+00  0.000000E+00  0.000000E+00
  1.275000E+00  0.000000E+00  0.000000E+00
  1.325000E+00  0.000000E+00  0.000000E+00
  1.375000E+00  0.000000E+00  0.000000E+00
  1.425000E+00  0.000000E+00  0.000000E+00
  1.475000E+00  0.000000E+00  0.000000E+00
  1.525000E+00  0.000000E+00  0.000000E+00
  1.575000E+00  3.082750E-05  1.541668E-06
  1.625000E+00  0.000000E+00  1.541668E-06
  1.675000E+00  2.725675E-05  3.083336E-06
  1.725000E+00  2.569966E-05  4.625005E-06
  1.775000E+00  9.708910E-05  1.079168E-05
  1.825000E+00  6.888177E-05  1.541668E-05
  1.875000E+00  6.525727E-05  2.004169E-05
  1.925000E+00  1.238230E-04  2.929170E-05
  1.975000E+00  1.960553E-04  4.470838E-05
  2.025000E+00  3.729871E-04  7.554174E-05
  2.075000E+00  1.243302E-03  1.834585E-04
  2.125000E+00  8.450815E-03  9.527510E-04
  2.175000E+00  7.281094E-02  7.896425E-03
  2.225000E+00  4.226430E-01  5.007647E-02
  2.275000E+00  1.489742E+00  2.055105E-01
  2.325000E+00  3.410006E+00  5.771081E-01
  2.375000E+00  5.505487E+00  1.203136E+00
  2.425000E+00  6.838899E+00  2.013873E+00
  2.475000E+00  6.944172E+00  2.871386E+00
  2.525000E+00  6.132282E+00  3.659546E+00
  2.575000E+00  4.959920E+00  4.322522E+00
  2.625000E+00  3.852200E+00  4.857622E+00
  2.675000E+00  2.913474E+00  5.277890E+00
  2.725000E+00  2.204108E+00  5.607829E+00
  2.775000E+00  1.683494E+00  5.869168E+00
  2.825000E+00  1.330049E+00  6.083147E+00
  2.875000E+00  1.075801E+00  6.262403E+00
  2.925000E+00  9.023245E-01  6.418028E+00
  2.975000E+00  7.837253E-01  6.557859E+00
  3.025000E+00  7.140546E-01  6.689577E+00
  3.075000E+00  6.646884E-01  6.816276E+00
  3.125000E+00  6.332362E-01  6.940937E+00
  3.175000E+00  6.221585E-01  7.067368E+00
  3.225000E+00  6.267597E-01  7.198777E+00
  3.275000E+00  6.399615E-01  7.337146E+00
  3.325000E+00  6.561731E-01  7.483385E+00
  3.375000E+00  6.802409E-01  7.639583E+00
  3.425000E+00  7.146101E-01  7.808570E+00
  3.475000E+00  7.413442E-01  7.989034E+00
  3.525000E+00  7.754246E-01  8.183266E+00
  3.575000E+00  8.045213E-01  8.390543E+00
  3.625000E+00  8.363963E-01  8.612102E+00
  3.675000E+00  8.662166E-01  8.847934E+00
  3.725000E+00  8.935278E-01  9.097867E+00
  3.775000E+00  9.177938E-01  9.361524E+00
  3.825000E+00  9.426370E-01  9.639539E+00
  3.875000E+00  9.538248E-01  9.928257E+00
  3.925000E+00  9.653614E-01  1.022806E+01
  3.975000E+00  9.778974E-01  1.053953E+01
  4.025000E+00  9.783758E-01  1.085905E+01
  4.075000E+00  9.792226E-01  1.118685E+01
  4.125000E+00  9.883705E-01  1.152587E+01
  4.175000E+00  9.937395E-01  1.187504E+01
  4.225000E+00  1.010511E+00  1.223867E+01
  4.275000E+00  1.018635E+00  1.261395E+01
  4.325000E+00  1.038021E+00  1.300536E+01
  4.375000E+00  1.059872E+00  1.341431E+01
  4.425000E+00  1.086108E+00  1.384302E+01
  4.475000E+00  1.105475E+00  1.428928E+01
  4.525000E+00  1.129358E+00  1.475544E+01
  4.575000E+00  1.162948E+00  1.524612E+01
  4.625000E+00  1.180481E+00  1.575515E+01
  4.675000E+00  1.211639E+00  1.628897E+01
  4.725000E+00  1.232832E+00  1.684381E+01
  4.775000E+00  1.265244E+00  1.742535E+01
  4.825000E+00  1.301181E+00  1.803600E+01
  4.875000E+00  1.342440E+00  1.867913E+01
  4.925000E+00  1.374080E+00  1.935100E+01
  4.975000E+00  1.400793E+00  2.004991E+01
  5.025000E+00  1.417554E+00  2.077146E+01
  5.075000E+00  1.430258E+00  2.151404E+01
  5.125000E+00  1.433368E+00  2.227298E+01
  5.175000E+00  1.429761E+00  2.304485E+01
  5.225000E+00  1.422392E+00  2.382764E+01
  5.275000E+00  1.411659E+00  2.461948E+01
  5.325000E+00  1.395449E+00  2.541712E+01
  5.375000E+00  1.369659E+00  2.621480E+01
  5.425000E+00  1.346352E+00  2.701356E+01
  5.475000E+00  1.316067E+00  2.780881E+01
  5.525000E+00  1.279124E+00  2.859592E+01
  5.575000E+00  1.256677E+00  2.938328E+01
  5.625000E+00  1.229451E+00  3.016746E+01
  5.675000E+00  1.203413E+00  3.094873E+01
  5.725000E+00  1.185586E+00  3.173206E+01
  5.775000E+00  1.170140E+00  3.251874E+01
  5.825000E+00  1.153994E+00  3.330806E+01
  5.875000E+00  1.146079E+00  3.410548E+01
  5.925000E+00  1.135957E+00  3.490937E+01
  5.975000E+00  1.134875E+00  3.572611E+01
Zr      Zr      
  2.500000E-02  0.000000E+00  0.000000E+00
  7.500000E-02  0.000000E+00  0.000000E+00
  1.250000E-01  0.000000E+00  0.000000E+00
  1.750000E-01  0.000000E+00  0.000000E+00
  2.250000E-01  0.000000E+00  0.000000E+00
  2.750000E-01  0.000000E+00  0.000000E+00
  3.250000E-01  0.000000E+00  0.000000E+00
  3.750000E-01  0.000000E+00  0.000000E+00
  4.250000E-01  0.000000E+00  0.000000E+00
  4.750000E-01  0.000000E+00  0.000000E+00
  5.250000E-01  0.000000E+00  0.000000E+00
  5.750000E-01  0.000000E+00  0.000000E+00
  6.250000E-01  0.000000E+00  0.000000E+00
  6.750000E-01  0.000000E+00  0.000000E+00
  7.250000E-01  0.000000E+00  0.000000E+00
  7.750000E-01  0.000000E+00  0.000000E+00
  8.250000E-01  0.000000E+00  0.000000E+00
  8.750000E-01  0.000000E+00  0.000000E+00
  9.250000E-01  0.000000E+00  0.000000E+00
  9.750000E-01  0.000000E+00  0.000000E+00
  1.025000E+00  0.000000E+00  0.000000E+00
  1.075000E+00  0.000000E+00  0.000000E+00
  1.125000E+00  0.000000E+00  0.000000E+00
  1.175000E+00  0.000000E+00  0.000000E+00
  1.225000E+00  0.000000E+00  0.000000E+00
  1.275000E+00  0.000000E+00  0.000000E+00
  1.325000E+00  0.000000E+00  0.000000E+00
  1.375000E+00  0.000000E+00  0.000000E+00
  1.425000E+00  0.000000E+00  0.000000E+00
  1.475000E+00  0.000000E+00  0.000000E+00
  1.525000E+00  0.000000E+00  0.000000E+00
  1.575000E+00  0.000000E+00  0.000000E+00
  1.625000E+00  0.000000E+00  0.000000E+00
  1.675000E+00  0.000000E+00  0.000000E+00
  1.725000E+00  0.000000E+00  0.000000E+00
  1.775000E+00  0.000000E+00  0.000000E+00
  1.825000E+00  0.000000E+00  0.000000E+00
  1.875000E+00  0.000000E+00  0.000000E+00
  1.925000E+00  0.000000E+00  0.000000E+00
  1.975000E+00  0.000000E+00  0.000000E+00
  2.025000E+00  0.000000E+00  0.000000E+00
  2.075000E+00  0.000000E+00  0.000000E+00
  2.125000E+00  0.000000E+00  0.000000E+00
  2.175000E+00  0.000000E+00  0.000000E+00
  2.225000E+00  0.000000E+00  0.000000E+00
  2.275000E+00  0.000000E+00  0.000000E+00
  2.325000E+00  0.000000E+00  0.000000E+00
  2.375000E+00  0.000000E+00  0.000000E+00
  2.425000E+00  0.000000E+00  0.000000E+00
  2.475000E+00  0.000000E+00  0.000000E+00
  2.525000E+00  0.000000E+00  0.000000E+00
  2.575000E+00  0.000000E+00  0.000000E+00
  2.625000E+00  0.000000E+00  0.000000E+00
  2.675000E+00  0.000000E+00  0.000000E+00
  2.725000E+00  0.000000E+00  0.000000E+00
  2.775000E+00  0.000000E+00  0.000000E+00
  2.825000E+00  1.728887E-04  4.635735E-06
  2.875000E+00  2.170059E-03  6.490030E-05
  2.925000E+00  8.063482E-03  2.966871E-04
  2.975000E+00  2.681385E-02  1.094034E-03
  3.025000E+00  8.745452E-02  3.782760E-03
  3.075000E+00  2.171291E-01  1.068073E-02
  3.125000E+00  4.194844E-01  2.444423E-02
  3.175000E+00  7.235118E-01  4.894873E-02
  3.225000E+00  1.031713E+00  8.500085E-02
  3.275000E+00  1.340968E+00  1.333238E-01
  3.325000E+00  1.600343E+00  1.927678E-01
  3.375000E+00  1.776887E+00  2.607694E-01
  3.425000E+00  1.936282E+00  3.370829E-01
  3.475000E+00  2.073950E+00  4.212261E-01
  3.525000E+00  2.150339E+00  5.109971E-01
  3.575000E+00  2.164239E+00  6.039297E-01
  3.625000E+00  2.138863E+00  6.983596E-01
  3.675000E+00  2.041421E+00  7.909909E-01
  3.725000E+00  1.917777E+00  8.803957E-01
  3.775000E+00  1.729146E+00  9.631853E-01
  3.825000E+00  1.554658E+00  1.039605E+00
  3.875000E+00  1.358861E+00  1.108159E+00
  3.925000E+00  1.243585E+00  1.172526E+00
  3.975000E+00  1.093824E+00  1.230593E+00
  4.025000E+00  9.604420E-01  1.282870E+00
  4.075000E+00  8.491074E-01  1.330243E+00
  4.125000E+00  7.452886E-01  1.372850E+00
  4.175000E+00  6.593891E-01  1.411466E+00
  4.225000E+00  6.073138E-01  1.447889E+00
  4.275000E+00  5.717493E-01  1.482995E+00
  4.325000E+00  5.330106E-01  1.516493E+00
  4.375000E+00  5.268083E-01  1.550371E+00
  4.425000E+00  5.222285E-01  1.584726E+00
  4.475000E+00  5.203389E-01  1.619735E+00
  4.525000E+00  5.231219E-01  1.655722E+00
  4.575000E+00  5.388440E-01  1.693615E+00
  4.625000E+00  5.487362E-01  1.733051E+00
  4.675000E+00  5.797385E-01  1.775621E+00
  4.725000E+00  6.132061E-01  1.821617E+00
  4.775000E+00  6.463019E-01  1.871127E+00
  4.825000E+00  6.898141E-01  1.925082E+00
  4.875000E+00  7.273503E-01  1.983158E+00
  4.925000E+00  7.574823E-01  2.044888E+00
  4.975000E+00  8.082267E-01  2.112097E+00
  5.025000E+00  8.397626E-01  2.183339E+00
  5.075000E+00  8.951911E-01  2.260802E+00
  5.125000E+00  9.368027E-01  2.343471E+00
  5.175000E+00  9.561926E-01  2.429506E+00
  5.225000E+00  9.978704E-01  2.521033E+00
  5.275000E+00  1.040134E+00  2.618273E+00
  5.325000E+00  1.059524E+00  2.719211E+00
  5.375000E+00  1.086564E+00  2.824679E+00
  5.425000E+00  1.090819E+00  2.932538E+00
  5.475000E+00  1.087511E+00  3.042062E+00
  5.525000E+00  1.084325E+00  3.153269E+00
  5.575000E+00  1.124939E+00  3.270739E+00
  5.625000E+00  1.132938E+00  3.391175E+00
  5.675000E+00  1.225997E+00  3.523831E+00
  5.725000E+00  1.151127E+00  3.650591E+00
  5.775000E+00  1.162558E+00  3.780855E+00
  5.825000E+00  1.156593E+00  3.912704E+00
  5.875000E+00  1.189158E+00  4.050604E+00
  5.925000E+00  1.210796E+00  4.193412E+00
  5.975000E+00  1.254464E+00  4.343879E+00
Zr      O       
  2.500000E-02  0.000000E+00  0.000000E+00
  7.500000E-02  0.000000E+00  0.000000E+00
  1.250000E-01  0.000000E+00  0.000000E+00
  1.750000E-01  0.000000E+00  0.000000E+00
  2.250000E-01  0.000000E+00  0.000000E+00
  2.750000E-01  0.000000E+00  0.000000E+00
  3.250000E-01  0.000000E+00  0.000000E+00
  3.750000E-01  0.000000E+00  0.000000E+00
  4.250000E-01  0.000000E+00  0.000000E+00
  4.750000E-01  0.000000E+00  0.000000E+00
  5.250000E-01  0.000000E+00  0.000000E+00
  5.750000E-01  0.000000E+00  0.000000E+00
  6.250000E-01  0.000000E+00  0.000000E+00
  6.750000E-01  0.000000E+00  0.000000E+00
  7.250000E-01  2.181620E-04  2.312502E-06
  7.750000E-01  0.000000E+00  2.312502E-06
  8.250000E-01  0.000000E+00  2.312502E-06
  8.750000E-01  0.000000E+00  2.312502E-06
  9.250000E-01  0.000000E+00  2.312502E-06
  9.750000E-01  0.000000E+00  2.312502E-06
  1.025000E+00  1.091675E-04  4.625005E-06
  1.075000E+00  0.000000E+00  4.625005E-06
  1.125000E+00  0.000000E+00  4.625005E-06
  1.175000E+00  8.307798E-05  6.937507E-06
  1.225000E+00  0.000000E+00  6.937507E-06
  1.275000E+00  0.000000E+00  6.937507E-06
  1.325000E+00  0.000000E+00  6.937507E-06
  1.375000E+00  1.820100E-04  1.387501E-05
  1.425000E+00  0.000000E+00  1.387501E-05
  1.475000E+00  0.000000E+00  1.387501E-05
  1.525000E+00  0.000000E+00  1.387501E-05
  1.575000E+00  0.000000E+00  1.387501E-05
  1.625000E+00  4.343964E-05  1.618752E-05
  1.675000E+00  0.000000E+00  1.618752E-05
  1.725000E+00  2.312969E-04  3.006253E-05
  1.775000E+00  1.092252E-03  9.943760E-05
  1.825000E+00  2.383309E-02  1.699689E-03
  1.875000E+00  3.200217E-01  2.438071E-02
  1.925000E+00  2.040077E+00  1.767816E-01
  1.975000E+00  6.316607E+00  6.734839E-01
  2.025000E+00  1.047325E+01  1.539266E+00
  2.075000E+00  1.174073E+01  2.558344E+00
  2.125000E+00  9.966686E+00  3.465629E+00
  2.175000E+00  6.908229E+00  4.124438E+00
  2.225000E+00  4.354104E+00  4.558980E+00
  2.275000E+00  2.634007E+00  4.833803E+00
  2.325000E+00  1.604345E+00  5.008633E+00
  2.375000E+00  1.021826E+00  5.124824E+00
  2.425000E+00  6.943482E-01  5.207138E+00
  2.475000E+00  4.986742E-01  5.268717E+00
  2.525000E+00  3.867476E-01  5.318425E+00
  2.575000E+00  3.160631E-01  5.360672E+00
  2.625000E+00  2.758365E-01  5.398988E+00
  2.675000E+00  2.461596E-01  5.434496E+00
  2.725000E+00  2.319878E-01  5.469223E+00
  2.775000E+00  2.298260E-01  5.504900E+00
  2.825000E+00  2.336213E-01  5.542485E+00
  2.875000E+00  2.382928E-01  5.582191E+00
  2.925000E+00  2.540955E-01  5.626015E+00
  2.975000E+00  2.745298E-01  5.674996E+00
  3.025000E+00  3.035018E-01  5.730982E+00
  3.075000E+00  3.435136E-01  5.796460E+00
  3.125000E+00  3.918130E-01  5.873594E+00
  3.175000E+00  4.504312E-01  5.965127E+00
  3.225000E+00  5.203757E-01  6.074231E+00
  3.275000E+00  6.023423E-01  6.204467E+00
  3.325000E+00  6.854476E-01  6.357231E+00
  3.375000E+00  7.722930E-01  6.534565E+00
  3.425000E+00  8.697325E-01  6.740234E+00
  3.475000E+00  9.575322E-01  6.973325E+00
  3.525000E+00  1.038531E+00  7.233461E+00
  3.575000E+00  1.112232E+00  7.520017E+00
  3.625000E+00  1.166729E+00  7.829081E+00
  3.675000E+00  1.206521E+00  8.157562E+00
  3.725000E+00  1.221605E+00  8.499262E+00
  3.775000E+00  1.211758E+00  8.847368E+00
  3.825000E+00  1.189718E+00  9.198255E+00
  3.875000E+00  1.161055E+00  9.549700E+00
  3.925000E+00  1.127969E+00  9.899998E+00
  3.975000E+00  1.101028E+00  1.025070E+01
  4.025000E+00  1.087509E+00  1.060586E+01
  4.075000E+00  1.064827E+00  1.096230E+01
  4.125000E+00  1.052856E+00  1.132345E+01
  4.175000E+00  1.049691E+00  1.169228E+01
  4.225000E+00  1.057595E+00  1.207285E+01
  4.275000E+00  1.084604E+00  1.247243E+01
  4.325000E+00  1.109420E+00  1.289077E+01
  4.375000E+00  1.136546E+00  1.332930E+01
  4.425000E+00  1.174725E+00  1.379299E+01
  4.475000E+00  1.215077E+00  1.428350E+01
  4.525000E+00  1.251301E+00  1.479998E+01
  4.575000E+00  1.282421E+00  1.534108E+01
  4.625000E+00  1.319267E+00  1.590995E+01
  4.675000E+00  1.331678E+00  1.649666E+01
  4.725000E+00  1.348568E+00  1.710358E+01
  4.775000E+00  1.343079E+00  1.772090E+01
  4.825000E+00  1.338650E+00  1.834913E+01
  4.875000E+00  1.335896E+00  1.898913E+01
  4.925000E+00  1.323405E+00  1.963622E+01
  4.975000E+00  1.316571E+00  2.029311E+01
  5.025000E+00  1.309560E+00  2.095969E+01
  5.075000E+00  1.303743E+00  2.163659E+01
  5.125000E+00  1.282399E+00  2.231559E+01
  5.175000E+00  1.270829E+00  2.300166E+01
  5.225000E+00  1.255271E+00  2.369248E+01
  5.275000E+00  1.241894E+00  2.438909E+01
  5.325000E+00  1.234577E+00  2.509478E+01
  5.375000E+00  1.229619E+00  2.581090E+01
  5.425000E+00  1.222762E+00  2.653634E+01
  5.475000E+00  1.226872E+00  2.727769E+01
  5.525000E+00  1.230287E+00  2.803475E+01
  5.575000E+00  1.239396E+00  2.881128E+01
  5.625000E+00  1.241621E+00  2.960322E+01
  5.675000E+00  1.244285E+00  3.041103E+01
  5.725000E+00  1.245718E+00  3.123408E+01
  5.775000E+00  1.236816E+00  3.206559E+01
  5.825000E+00  1.236102E+00  3.291107E+01
  5.875000E+00  1.229493E+00  3.376653E+01
  5.925000E+00  1.223652E+00  3.463248E+01
  5.975000E+00  1.213827E+00  3.550603E+01
Zr      O_s     
  2.500000E-02  0.000000E+00  0.000000E+00
  7.500000E-02  0.000000E+00  0.000000E+00
  1.250000E-01  0.000000E+00  0.000000E+00
  1.750000E-01  0.000000E+00  0.000000E+00
  2.250000E-01  0.000000E+00  0.000000E+00
  2.750000E-01  0.000000E+00  0.000000E+00
  3.250000E-01  0.000000E+00  0.000000E+00
  3.750000E-01  0.000000E+00  0.000000E+00
  4.250000E-01  0.000000E+00  0.000000E+00
  4.750000E-01  0.000000E+00  0.000000E+00
  5.250000E-01  0.000000E+00  0.000000E+00
  5.750000E-01  0.000000E+00  0.000000E+00
  6.250000E-01  0.000000E+00  0.000000E+00
  6.750000E-01  0.000000E+00  0.000000E+00
  7.250000E-01  0.000000E+00  0.000000E+00
  7.750000E-01  0.000000E+00  0.000000E+00
  8.250000E-01  0.000000E+00  0.000000E+00
  8.750000E-01  0.000000E+00  0.000000E+00
  9.250000E-01  0.000000E+00  0.000000E+00
  9.750000E-01  0.000000E+00  0.000000E+00
  1.025000E+00  0.000000E+00  0.000000E+00
  1.075000E+00  0.000000E+00  0.000000E+00
  1.125000E+00  9.062555E-05  2.312502E-06
  1.175000E+00  0.000000E+00  2.312502E-06
  1.225000E+00  0.000000E+00  2.312502E-06
  1.275000E+00  7.055880E-05  4.625005E-06
  1.325000E+00  0.000000E+00  4.625005E-06
  1.375000E+00  1.213400E-04  9.250009E-06
  1.425000E+00  1.129751E-04  1.387501E-05
  1.475000E+00  5.272318E-05  1.618752E-05
  1.525000E+00  2.466145E-04  2.775003E-05
  1.575000E+00  6.011363E-04  5.781256E-05
  1.625000E+00  4.213645E-03  2.821253E-04
  1.675000E+00  1.443245E-02  1.098439E-03
  1.725000E+00  1.832643E-01  1.209207E-02
  1.775000E+00  1.160191E+00  8.578227E-02
  1.825000E+00  3.158918E+00  2.978850E-01
  1.875000E+00  6.317981E+00  7.456617E-01
  1.925000E+00  9.046322E+00  1.421454E+00
  1.975000E+00  9.921064E+00  2.201590E+00
  2.025000E+00  9.042102E+00  2.949065E+00
  2.075000E+00  7.272786E+00  3.580332E+00
  2.125000E+00  5.425804E+00  4.074252E+00
  2.175000E+00  3.736540E+00  4.430590E+00
  2.225000E+00  2.561926E+00  4.686272E+00
  2.275000E+00  1.747360E+00  4.868585E+00
  2.325000E+00  1.200553E+00  4.999413E+00
  2.375000E+00  8.490233E-01  5.095955E+00
  2.425000E+00  6.304436E-01  5.170693E+00
  2.475000E+00  4.820074E-01  5.230214E+00
  2.525000E+00  3.787950E-01  5.278899E+00
  2.575000E+00  3.230006E-01  5.322074E+00
  2.625000E+00  2.760196E-01  5.360415E+00
  2.675000E+00  2.549287E-01  5.397188E+00
  2.725000E+00  2.462312E-01  5.434047E+00
  2.775000E+00  2.413411E-01  5.471512E+00
  2.825000E+00  2.525088E-01  5.512136E+00
  2.875000E+00  2.666464E-01  5.556566E+00
  2.925000E+00  2.955263E-01  5.607536E+00
  2.975000E+00  3.325827E-01  5.666875E+00
  3.025000E+00  3.819786E-01  5.737337E+00
  3.075000E+00  4.359948E-01  5.820443E+00
  3.125000E+00  5.072366E-01  5.920300E+00
  3.175000E+00  5.881142E-01  6.039812E+00
  3.225000E+00  6.709736E-01  6.180491E+00
  3.275000E+00  7.521739E-01  6.343122E+00
  3.325000E+00  8.401662E-01  6.530368E+00
  3.375000E+00  9.279299E-01  6.743439E+00
  3.425000E+00  1.014991E+00  6.983459E+00
  3.475000E+00  1.094565E+00  7.249907E+00
  3.525000E+00  1.152058E+00  7.538480E+00
  3.575000E+00  1.175017E+00  7.841212E+00
  3.625000E+00  1.182635E+00  8.154489E+00
  3.675000E+00  1.164943E+00  8.471651E+00
  3.725000E+00  1.134872E+00  8.789091E+00
  3.775000E+00  1.095196E+00  9.103711E+00
  3.825000E+00  1.046326E+00  9.412308E+00
  3.875000E+00  1.009666E+00  9.717928E+00
  3.925000E+00  9.844116E-01  1.002364E+01
  3.975000E+00  9.681228E-01  1.033201E+01
  4.025000E+00  9.732091E-01  1.064984E+01
  4.075000E+00  9.694175E-01  1.097435E+01
  4.125000E+00  9.733296E-01  1.130821E+01
  4.175000E+00  9.882946E-01  1.165548E+01
  4.225000E+00  1.010939E+00  1.201926E+01
  4.275000E+00  1.029053E+00  1.239837E+01
  4.325000E+00  1.061548E+00  1.279866E+01
  4.375000E+00  1.094605E+00  1.322101E+01
  4.425000E+00  1.129550E+00  1.366686E+01
  4.475000E+00  1.186361E+00  1.414578E+01
  4.525000E+00  1.225154E+00  1.465147E+01
  4.575000E+00  1.272923E+00  1.518856E+01
  4.625000E+00  1.316146E+00  1.575609E+01
  4.675000E+00  1.340044E+00  1.634648E+01
  4.725000E+00  1.359183E+00  1.695818E+01
  4.775000E+00  1.355421E+00  1.758117E+01
  4.825000E+00  1.344214E+00  1.821201E+01
  4.875000E+00  1.341558E+00  1.885473E+01
  4.925000E+00  1.330665E+00  1.950537E+01
  4.975000E+00  1.323551E+00  2.016573E+01
  5.025000E+00  1.311463E+00  2.083329E+01
  5.075000E+00  1.308580E+00  2.151270E+01
  5.125000E+00  1.282783E+00  2.219190E+01
  5.175000E+00  1.267959E+00  2.287642E+01
  5.225000E+00  1.251233E+00  2.356502E+01
  5.275000E+00  1.241836E+00  2.426159E+01
  5.325000E+00  1.231203E+00  2.496536E+01
  5.375000E+00  1.227141E+00  2.568004E+01
  5.425000E+00  1.226683E+00  2.640780E+01
  5.475000E+00  1.232413E+00  2.715250E+01
  5.525000E+00  1.227626E+00  2.790792E+01
  5.575000E+00  1.231453E+00  2.867947E+01
  5.625000E+00  1.233047E+00  2.946594E+01
  5.675000E+00  1.238240E+00  3.026983E+01
  5.725000E+00  1.228676E+00  3.108162E+01
  5.775000E+00  1.233480E+00  3.191089E+01
  5.825000E+00  1.233289E+00  3.275445E+01
  5.875000E+00  1.227997E+00  3.360887E+01
  5.925000E+00  1.219574E+00  3.447193E+01
  5.975000E+00  1.215896E+00  3.534697E+01
O       O       
  2.500000E-02  0.000000E+00  0.000000E+00
  7.500000E-02  0.000000E+00  0.000000E+00
  1.250000E-01  0.000000E+00  0.000000E+00
  1.750000E-01  0.000000E+00  0.000000E+00
  2.250000E-01  7.525319E-04  7.711316E-07
  2.750000E-01  0.000000E+00  7.711316E-07
  3.250000E-01  0.000000E+00  7.711316E-07
  3.750000E-01  0.000000E+00  7.711316E-07
  4.250000E-01  0.000000E+00  7.711316E-07
  4.750000E-01  1.693891E-04  1.542263E-06
  5.250000E-01  0.000000E+00  1.542263E-06
  5.750000E-01  1.156283E-04  2.313395E-06
  6.250000E-01  0.000000E+00  2.313395E-06
  6.750000E-01  0.000000E+00  2.313395E-06
  7.250000E-01  0.000000E+00  2.313395E-06
  7.750000E-01  6.366775E-05  3.084526E-06
  8.250000E-01  0.000000E+00  3.084526E-06
  8.750000E-01  4.995043E-05  3.855658E-06
  9.250000E-01  1.340928E-04  6.169053E-06
  9.750000E-01  4.023177E-05  6.940184E-06
  1.025000E+00  0.000000E+00  6.940184E-06
  1.075000E+00  3.309621E-05  7.711316E-06
  1.125000E+00  3.022018E-05  8.482448E-06
  1.175000E+00  1.108134E-04  1.156697E-05
  1.225000E+00  1.274416E-04  1.542263E-05
  1.275000E+00  9.411471E-05  1.850716E-05
  1.325000E+00  8.714655E-05  2.159169E-05
  1.375000E+00  1.011557E-04  2.544734E-05
  1.425000E+00  1.130187E-04  3.007413E-05
  1.475000E+00  1.582306E-04  3.701432E-05
  1.525000E+00  1.809204E-04  4.549676E-05
  1.575000E+00  2.467152E-04  5.783487E-05
  1.625000E+00  4.635350E-04  8.251108E-05
  1.675000E+00  9.270871E-04  1.349480E-04
  1.725000E+00  1.941073E-03  2.513889E-04
  1.775000E+00  4.018612E-03  5.066335E-04
  1.825000E+00  8.716907E-03  1.091922E-03
  1.875000E+00  1.593980E-02  2.221630E-03
  1.925000E+00  2.864512E-02  4.361520E-03
  1.975000E+00  5.201393E-02  8.451602E-03
  2.025000E+00  8.946750E-02  1.584753E-02
  2.075000E+00  1.451227E-01  2.844396E-02
  2.125000E+00  2.397213E-01  5.026621E-02
  2.175000E+00  3.995231E-01  8.836706E-02
  2.225000E+00  7.083317E-01  1.590590E-01
  2.275000E+00  1.236183E+00  2.880377E-01
  2.325000E+00  1.890277E+00  4.940262E-01
  2.375000E+00  2.368104E+00  7.633031E-01
  2.425000E+00  2.325158E+00  1.038946E+00
  2.475000E+00  1.793027E+00  1.260361E+00
  2.525000E+00  1.247208E+00  1.420660E+00
  2.575000E+00  9.842313E-01  1.552219E+00
  2.625000E+00  9.896686E-01  1.689691E+00
  2.675000E+00  1.131184E+00  1.852864E+00
  2.725000E+00  1.315620E+00  2.049803E+00
  2.775000E+00  1.490268E+00  2.281146E+00
  2.825000E+00  1.643319E+00  2.545524E+00
  2.875000E+00  1.752338E+00  2.837508E+00
  2.925000E+00  1.819344E+00  3.151293E+00
  2.975000E+00  1.846343E+00  3.480715E+00
  3.025000E+00  1.839125E+00  3.819970E+00
  3.075000E+00  1.833415E+00  4.169445E+00
  3.125000E+00  1.774754E+00  4.518828E+00
  3.175000E+00  1.737106E+00  4.871831E+00
  3.225000E+00  1.675305E+00  5.223081E+00
  3.275000E+00  1.618111E+00  5.572941E+00
  3.325000E+00  1.547382E+00  5.917802E+00
  3.375000E+00  1.477973E+00  6.257175E+00
  3.425000E+00  1.412870E+00  6.591282E+00
  3.475000E+00  1.349773E+00  6.919856E+00
  3.525000E+00  1.287550E+00  7.242367E+00
  3.575000E+00  1.232413E+00  7.559887E+00
  3.625000E+00  1.184378E+00  7.873625E+00
  3.675000E+00  1.143833E+00  8.185040E+00
  3.725000E+00  1.113054E+00  8.496377E+00
  3.775000E+00  1.089587E+00  8.809386E+00
  3.825000E+00  1.068758E+00  9.124598E+00
  3.875000E+00  1.061641E+00  9.445951E+00
  3.925000E+00  1.062574E+00  9.775940E+00
  3.975000E+00  1.077109E+00  1.011902E+01
  4.025000E+00  1.094623E+00  1.047650E+01
  4.075000E+00  1.118500E+00  1.085092E+01
  4.125000E+00  1.129431E+00  1.123832E+01
  4.175000E+00  1.136726E+00  1.163774E+01
  4.225000E+00  1.119757E+00  1.204068E+01
  4.275000E+00  1.105456E+00  1.244794E+01
  4.325000E+00  1.087792E+00  1.285813E+01
  4.375000E+00  1.087479E+00  1.327773E+01
  4.425000E+00  1.088395E+00  1.370734E+01
  4.475000E+00  1.105223E+00  1.415350E+01
  4.525000E+00  1.127423E+00  1.461885E+01
  4.575000E+00  1.146253E+00  1.510249E+01
  4.625000E+00  1.173165E+00  1.560837E+01
  4.675000E+00  1.191359E+00  1.613325E+01
  4.725000E+00  1.204494E+00  1.667534E+01
  4.775000E+00  1.212449E+00  1.723261E+01
  4.825000E+00  1.212504E+00  1.780164E+01
  4.875000E+00  1.204506E+00  1.837870E+01
  4.925000E+00  1.192390E+00  1.896173E+01
  4.975000E+00  1.178511E+00  1.954973E+01
  5.025000E+00  1.162224E+00  2.014132E+01
  5.075000E+00  1.149851E+00  2.073832E+01
  5.125000E+00  1.138743E+00  2.134125E+01
  5.175000E+00  1.131590E+00  2.195215E+01
  5.225000E+00  1.130850E+00  2.257450E+01
  5.275000E+00  1.126594E+00  2.320643E+01
  5.325000E+00  1.127026E+00  2.385065E+01
  5.375000E+00  1.134358E+00  2.451129E+01
  5.425000E+00  1.135059E+00  2.518470E+01
  5.475000E+00  1.140670E+00  2.587396E+01
  5.525000E+00  1.146823E+00  2.657966E+01
  5.575000E+00  1.152811E+00  2.730194E+01
  5.625000E+00  1.164195E+00  2.804449E+01
  5.675000E+00  1.168310E+00  2.880298E+01
  5.725000E+00  1.170060E+00  2.957605E+01
  5.775000E+00  1.170548E+00  3.036300E+01
  5.825000E+00  1.178939E+00  3.116939E+01
  5.875000E+00  1.175916E+00  3.198757E+01
  5.925000E+00  1.179615E+00  3.282235E+01
  5.975000E+00  1.178447E+00  3.367044E+01
O       O_s     
  2.500000E-02  5.573174E+02  9.362166E-03
  7.500000E-02  6.958134E+02  9.118312E-02
  1.250000E-01  8.016655E+02  3.470538E-01
  1.750000E-01  5.289377E+02  6.758145E-01
  2.250000E-01  2.150986E+02  8.962295E-01
  2.750000E-01  5.562960E+01  9.812691E-01
  3.250000E-01  7.979234E+00  9.982922E-01
  3.750000E-01  5.472469E-01  9.998458E-01
  4.250000E-01  2.008866E-02  9.999191E-01
  4.750000E-01  3.725123E-03  9.999360E-01
  5.250000E-01  3.257820E-03  9.999541E-01
  5.750000E-01  1.733756E-03  9.999657E-01
  6.250000E-01  1.027315E-03  9.999738E-01
  6.750000E-01  4.194400E-04  9.999776E-01
  7.250000E-01  2.181620E-04  9.999800E-01
  7.750000E-01  3.182159E-04  9.999838E-01
  8.250000E-01  2.246597E-04  9.999869E-01
  8.750000E-01  2.246902E-04  9.999904E-01
  9.250000E-01  1.117009E-04  9.999923E-01
  9.750000E-01  8.043249E-05  9.999938E-01
  1.025000E+00  1.091675E-04  9.999961E-01
  1.075000E+00  4.962517E-05  9.999973E-01
  1.125000E+00  1.510426E-05  9.999977E-01
  1.175000E+00  5.538532E-05  9.999992E-01
  1.225000E+00  1.273924E-05  9.999996E-01
  1.275000E+00  3.527940E-05  1.000001E+00
  1.325000E+00  3.266735E-05  1.000002E+00
  1.375000E+00  4.044666E-05  1.000003E+00
  1.425000E+00  5.648757E-05  1.000006E+00
  1.475000E+00  1.405951E-04  1.000012E+00
  1.525000E+00  9.042532E-05  1.000016E+00
  1.575000E+00  1.233100E-04  1.000022E+00
  1.625000E+00  2.461579E-04  1.000035E+00
  1.675000E+00  5.110640E-04  1.000064E+00
  1.725000E+00  1.400631E-03  1.000148E+00
  1.775000E+00  3.816815E-03  1.000391E+00
  1.825000E+00  9.029252E-03  1.000997E+00
  1.875000E+00  2.138263E-02  1.002513E+00
  1.925000E+00  4.530374E-02  1.005897E+00
  1.975000E+00  8.819547E-02  1.012832E+00
  2.025000E+00  1.597037E-01  1.026034E+00
  2.075000E+00  2.855155E-01  1.050816E+00
  2.125000E+00  5.748544E-01  1.103146E+00
  2.175000E+00  1.235288E+00  1.220951E+00
  2.225000E+00  2.243449E+00  1.444848E+00
  2.275000E+00  2.924232E+00  1.749952E+00
  2.325000E+00  2.572653E+00  2.030301E+00
  2.375000E+00  1.535033E+00  2.204849E+00
  2.425000E+00  7.591306E-01  2.294843E+00
  2.475000E+00  5.078815E-01  2.357559E+00
  2.525000E+00  5.616942E-01  2.429752E+00
  2.575000E+00  7.301251E-01  2.527345E+00
  2.625000E+00  9.456724E-01  2.658706E+00
  2.675000E+00  1.185328E+00  2.829690E+00
  2.725000E+00  1.407597E+00  3.040396E+00
  2.775000E+00  1.596338E+00  3.288206E+00
  2.825000E+00  1.728040E+00  3.566213E+00
  2.875000E+00  1.816842E+00  3.868946E+00
  2.925000E+00  1.845396E+00  4.187224E+00
  2.975000E+00  1.864546E+00  4.519893E+00
  3.025000E+00  1.850617E+00  4.861268E+00
  3.075000E+00  1.840395E+00  5.212073E+00
  3.125000E+00  1.784604E+00  5.563396E+00
  3.175000E+00  1.744424E+00  5.917886E+00
  3.225000E+00  1.670542E+00  6.268138E+00
  3.275000E+00  1.606615E+00  6.615512E+00
  3.325000E+00  1.531577E+00  6.956851E+00
  3.375000E+00  1.460636E+00  7.292242E+00
  3.425000E+00  1.390689E+00  7.621105E+00
  3.475000E+00  1.323519E+00  7.943287E+00
  3.525000E+00  1.267505E+00  8.260777E+00
  3.575000E+00  1.212909E+00  8.573272E+00
  3.625000E+00  1.170128E+00  8.883236E+00
  3.675000E+00  1.133524E+00  9.191844E+00
  3.725000E+00  1.112105E+00  9.502915E+00
  3.775000E+00  1.093508E+00  9.817051E+00
  3.825000E+00  1.086750E+00  1.013757E+01
  3.875000E+00  1.087885E+00  1.046687E+01
  3.925000E+00  1.094139E+00  1.080666E+01
  3.975000E+00  1.107280E+00  1.115935E+01
  4.025000E+00  1.112923E+00  1.152281E+01
  4.075000E+00  1.111218E+00  1.189478E+01
  4.125000E+00  1.103078E+00  1.227315E+01
  4.175000E+00  1.094761E+00  1.265783E+01
  4.225000E+00  1.071008E+00  1.304322E+01
  4.275000E+00  1.064414E+00  1.343536E+01
  4.325000E+00  1.056800E+00  1.383386E+01
  4.375000E+00  1.062827E+00  1.424395E+01
  4.425000E+00  1.071191E+00  1.466677E+01
  4.475000E+00  1.096812E+00  1.510954E+01
  4.525000E+00  1.123338E+00  1.557320E+01
  4.575000E+00  1.150977E+00  1.605884E+01
  4.625000E+00  1.181372E+00  1.656825E+01
  4.675000E+00  1.210529E+00  1.710158E+01
  4.725000E+00  1.231571E+00  1.765585E+01
  4.775000E+00  1.241510E+00  1.822648E+01
  4.825000E+00  1.244014E+00  1.881030E+01
  4.875000E+00  1.235892E+00  1.940239E+01
  4.925000E+00  1.221915E+00  1.999986E+01
  4.975000E+00  1.204907E+00  2.060103E+01
  5.025000E+00  1.183632E+00  2.120352E+01
  5.075000E+00  1.165708E+00  2.180875E+01
  5.125000E+00  1.149356E+00  2.241730E+01
  5.175000E+00  1.140134E+00  2.303281E+01
  5.225000E+00  1.136542E+00  2.365830E+01
  5.275000E+00  1.128480E+00  2.429129E+01
  5.325000E+00  1.126851E+00  2.493540E+01
  5.375000E+00  1.132469E+00  2.559494E+01
  5.425000E+00  1.134028E+00  2.626774E+01
  5.475000E+00  1.137489E+00  2.695508E+01
  5.525000E+00  1.141347E+00  2.765741E+01
  5.575000E+00  1.146514E+00  2.837574E+01
  5.625000E+00  1.154540E+00  2.911214E+01
  5.675000E+00  1.161675E+00  2.986632E+01
  5.725000E+00  1.160844E+00  3.063329E+01
  5.775000E+00  1.160939E+00  3.141379E+01
  5.825000E+00  1.168798E+00  3.221324E+01
  5.875000E+00  1.169655E+00  3.302706E+01
  5.925000E+00  1.173993E+00  3.385787E+01
  5.975000E+00  1.172993E+00  3.470204E+01
O_s     O_s     
  2.500000E-02  0.000000E+00  0.000000E+00
  7.500000E-02  0.000000E+00  0.000000E+00
  1.250000E-01  0.000000E+00  0.000000E+00
  1.750000E-01  0.000000E+00  0.000000E+00
  2.250000E-01  0.000000E+00  0.000000E+00
  2.750000E-01  0.000000E+00  0.000000E+00
  3.250000E-01  0.000000E+00  0.000000E+00
  3.750000E-01  0.000000E+00  0.000000E+00
  4.250000E-01  0.000000E+00  0.000000E+00
  4.750000E-01  0.000000E+00  0.000000E+00
  5.250000E-01  0.000000E+00  0.000000E+00
  5.750000E-01  0.000000E+00  0.000000E+00
  6.250000E-01  0.000000E+00  0.000000E+00
  6.750000E-01  1.678408E-04  1.542263E-06
  7.250000E-01  0.000000E+00  1.542263E-06
  7.750000E-01  0.000000E+00  1.542263E-06
  8.250000E-01  0.000000E+00  1.542263E-06
  8.750000E-01  0.000000E+00  1.542263E-06
  9.250000E-01  0.000000E+00  1.542263E-06
  9.750000E-01  0.000000E+00  1.542263E-06
  1.025000E+00  7.280642E-05  3.084526E-06
  1.075000E+00  6.619243E-05  4.626790E-06
  1.125000E+00  0.000000E+00  4.626790E-06
  1.175000E+00  2.770335E-05  5.397921E-06
  1.225000E+00  5.097662E-05  6.940184E-06
  1.275000E+00  4.705735E-05  8.482448E-06
  1.325000E+00  4.357328E-05  1.002471E-05
  1.375000E+00  6.069341E-05  1.233811E-05
  1.425000E+00  1.883646E-05  1.310924E-05
  1.475000E+00  3.516235E-05  1.465150E-05
  1.525000E+00  4.934194E-05  1.696490E-05
  1.575000E+00  1.541970E-05  1.773603E-05
  1.625000E+00  4.345640E-05  2.004942E-05
  1.675000E+00  1.227027E-04  2.698961E-05
  1.725000E+00  2.956601E-04  4.472563E-05
  1.775000E+00  5.499792E-03  3.940483E-04
  1.825000E+00  1.976521E-02  1.721166E-03
  1.875000E+00  4.870071E-02  5.172751E-03
  1.925000E+00  1.091405E-01  1.332593E-02
  1.975000E+00  2.015932E-01  2.917808E-02
  2.025000E+00  3.636442E-01  5.923910E-02
  2.075000E+00  1.077231E+00  1.527411E-01
  2.125000E+00  3.061045E+00  4.313934E-01
  2.175000E+00  4.216304E+00  8.334845E-01
  2.225000E+00  2.656895E+00  1.098644E+00
  2.275000E+00  1.001620E+00  1.203150E+00
  2.325000E+00  3.768878E-01  1.244220E+00
  2.375000E+00  2.379110E-01  1.271273E+00
  2.425000E+00  2.596200E-01  1.302050E+00
  2.475000E+00  3.616716E-01  1.346712E+00
  2.525000E+00  5.284141E-01  1.414627E+00
  2.575000E+00  7.711913E-01  1.517710E+00
  2.625000E+00  1.065284E+00  1.665686E+00
  2.675000E+00  1.347336E+00  1.860039E+00
  2.725000E+00  1.555610E+00  2.092902E+00
  2.775000E+00  1.693194E+00  2.355747E+00
  2.825000E+00  1.758116E+00  2.638593E+00
  2.875000E+00  1.811099E+00  2.940369E+00
  2.925000E+00  1.821531E+00  3.254531E+00
  2.975000E+00  1.846283E+00  3.583941E+00
  3.025000E+00  1.838703E+00  3.923119E+00
  3.075000E+00  1.836413E+00  4.273165E+00
  3.125000E+00  1.781566E+00  4.623889E+00
  3.175000E+00  1.729524E+00  4.975351E+00
  3.225000E+00  1.650559E+00  5.321413E+00
  3.275000E+00  1.588153E+00  5.664796E+00
  3.325000E+00  1.504429E+00  6.000084E+00
  3.375000E+00  1.429808E+00  6.328397E+00
  3.425000E+00  1.354431E+00  6.648685E+00
  3.475000E+00  1.294419E+00  6.963784E+00
  3.525000E+00  1.236459E+00  7.273498E+00
  3.575000E+00  1.195225E+00  7.581436E+00
  3.625000E+00  1.161701E+00  7.889168E+00
  3.675000E+00  1.134599E+00  8.198068E+00
  3.725000E+00  1.122747E+00  8.512116E+00
  3.775000E+00  1.112653E+00  8.831752E+00
  3.825000E+00  1.113734E+00  9.160229E+00
  3.875000E+00  1.119160E+00  9.498993E+00
  3.925000E+00  1.115992E+00  9.845571E+00
  3.975000E+00  1.110253E+00  1.019921E+01
  4.025000E+00  1.101263E+00  1.055886E+01
  4.075000E+00  1.082670E+00  1.092128E+01
  4.125000E+00  1.068700E+00  1.128786E+01
  4.175000E+00  1.059698E+00  1.166021E+01
  4.225000E+00  1.038779E+00  1.203401E+01
  4.275000E+00  1.036866E+00  1.241600E+01
  4.325000E+00  1.040606E+00  1.280839E+01
  4.375000E+00  1.053456E+00  1.321486E+01
  4.425000E+00  1.069974E+00  1.363720E+01
  4.475000E+00  1.098467E+00  1.408064E+01
  4.525000E+00  1.126171E+00  1.454547E+01
  4.575000E+00  1.159628E+00  1.503476E+01
  4.625000E+00  1.195536E+00  1.555028E+01
  4.675000E+00  1.228106E+00  1.609135E+01
  4.725000E+00  1.250376E+00  1.665409E+01
  4.775000E+00  1.264437E+00  1.723526E+01
  4.825000E+00  1.267634E+00  1.783016E+01
  4.875000E+00  1.259886E+00  1.843375E+01
  4.925000E+00  1.247550E+00  1.904375E+01
  4.975000E+00  1.224878E+00  1.965488E+01
  5.025000E+00  1.203605E+00  2.026754E+01
  5.075000E+00  1.182724E+00  2.088160E+01
  5.125000E+00  1.161328E+00  2.149650E+01
  5.175000E+00  1.150752E+00  2.211774E+01
  5.225000E+00  1.139898E+00  2.274507E+01
  5.275000E+00  1.129299E+00  2.337852E+01
  5.325000E+00  1.127587E+00  2.402306E+01
  5.375000E+00  1.127308E+00  2.467959E+01
  5.425000E+00  1.130038E+00  2.535002E+01
  5.475000E+00  1.133057E+00  2.603468E+01
  5.525000E+00  1.136454E+00  2.673400E+01
  5.575000E+00  1.141476E+00  2.744918E+01
  5.625000E+00  1.149234E+00  2.818219E+01
  5.675000E+00  1.155499E+00  2.893236E+01
  5.725000E+00  1.157032E+00  2.969682E+01
  5.775000E+00  1.156894E+00  3.047459E+01
  5.825000E+00  1.166727E+00  3.127262E+01
  5.875000E+00  1.166364E+00  3.208416E+01
  5.925000E+00  1.173862E+00  3.291487E+01
  5.975000E+00  1.171578E+00  3.375802E+01
