title: # Li56 La24 Zr16 O96                                                    
energy unitS: electron Volts
         0  0.000000E+00        52
 -5.376408E+05  1.000000E+03 -5.407429E+05  6.307024E+04 -6.038132E+05
  0.000000E+00  0.000000E+00  0.000000E+00  0.000000E+00 -5.376406E+05
  0.000000E+00  1.563293E+05 -4.473454E+05  6.036747E+05  0.000000E+00
  0.000000E+00  0.000000E+00  0.000000E+00  2.781571E+05  0.000000E+00
  0.000000E+00  0.000000E+00  9.000000E+01  9.000000E+01  9.000000E+01
  0.000000E+00 -2.844695E+02  0.000000E+00 -2.978421E+02 -4.015485E-02
  4.105647E-03 -4.015485E-02 -2.977910E+02  6.980197E-02  4.105647E-03
  6.980197E-02 -2.577755E+02  0.000000E+00  0.000000E+00  0.000000E+00
  0.000000E+00  0.000000E+00  6.618035E+01  0.000000E+00  0.000000E+00
  0.000000E+00  6.618035E+01  0.000000E+00  0.000000E+00  0.000000E+00
  6.350853E+01 -5.004168E+04
      1000  5.000000E-01        52
 -2.266016E+04  1.000000E+03 -5.391756E+05  5.292658E+04 -6.013213E+05
  0.000000E+00  0.000000E+00  0.000000E+00  0.000000E+00 -5.360731E+05
  0.000000E+00  2.941126E+05 -3.230125E+05  5.986867E+05  0.000000E+00
  0.000000E+00  0.000000E+00  0.000000E+00  5.037281E+05  4.397505E-02
  9.219181E+03  1.843836E+04  9.000000E+01  9.000000E+01  9.000000E+01
  0.000000E+00 -3.012526E+02  5.134133E+05 -3.158080E+02 -6.063308E-01
  7.928495E-01 -6.063308E-01 -3.153309E+02  4.540764E-01  7.928495E-01
  4.540764E-01 -2.726188E+02  2.558746E+00  1.030436E+00  9.742329E-01
  1.907224E+00  3.299252E+03  8.066734E+01  0.000000E+00  0.000000E+00
  0.000000E+00  8.066734E+01  0.000000E+00  0.000000E+00  0.000000E+00
  7.741065E+01 -9.596945E+04
      2000  1.000000E+00        52
 -5.113819E+04  1.000160E+03 -5.675954E+05  1.117508E+05 -6.862562E+05
  0.000000E+00  0.000000E+00  0.000000E+00  0.000000E+00 -5.644925E+05
  0.000000E+00  3.561308E+04 -6.621688E+05  6.839619E+05  0.000000E+00
  0.000000E+00  0.000000E+00  0.000000E+00  4.802173E+05  7.657489E-01
  6.909994E+03  1.381999E+04  9.000000E+01  9.000000E+01  9.000000E+01
  0.000000E+00 -3.227735E+01  5.133546E+05 -3.209835E+01  1.032551E+00
 -3.479141E-01  1.032551E+00 -3.290341E+01  5.447928E-01 -3.479141E-01
  5.447928E-01 -3.183029E+01  7.295773E+00  5.326167E+00  3.767501E+00
  6.685846E+00  3.307471E+03  7.939228E+01  0.000000E+00  0.000000E+00
  0.000000E+00  7.939228E+01  0.000000E+00  0.000000E+00  0.000000E+00
  7.618707E+01 -9.802609E+03
      3000  1.500000E+00        52
 -5.241650E+04  9.998054E+02 -5.688728E+05  1.123233E+05 -6.880770E+05
  0.000000E+00  0.000000E+00  0.000000E+00  0.000000E+00 -5.657709E+05
  0.000000E+00  3.160821E+04 -6.680891E+05  6.859353E+05  0.000000E+00
  0.000000E+00  0.000000E+00  0.000000E+00  4.707870E+05  3.200706E+00
  6.880971E+03  1.376194E+04  9.000000E+01  9.000000E+01  9.000000E+01
  0.000000E+00 -2.844265E+01  5.133547E+05 -2.843572E+01  8.585614E-01
 -6.767006E-01  8.585614E-01 -2.834281E+01  6.528030E-01 -6.767006E-01
  6.528030E-01 -2.854942E+01  9.835509E+00  8.174831E+00  6.069264E+00
  9.431659E+00  3.310579E+03  7.886915E+01  0.000000E+00  0.000000E+00
  0.000000E+00  7.886915E+01  0.000000E+00  0.000000E+00  0.000000E+00
  7.568506E+01 -8.468384E+03
      4000  2.000000E+00        52
 -5.311869E+04  1.000000E+03 -5.695756E+05  1.130432E+05 -6.895630E+05
  0.000000E+00  0.000000E+00  0.000000E+00  0.000000E+00 -5.664732E+05
  0.000000E+00  2.800390E+04 -6.734404E+05  6.875560E+05  0.000000E+00
  0.000000E+00  0.000000E+00  0.000000E+00  4.626655E+05  3.328281E-02
  6.944187E+03  1.388837E+04  9.000000E+01  9.000000E+01  9.000000E+01
  0.000000E+00 -2.483447E+01  5.133548E+05 -2.463910E+01  1.196068E+00
 -5.567473E-01  1.196068E+00 -2.424539E+01  5.579457E-01 -5.567473E-01
  5.579457E-01 -2.561893E+01  1.115836E+01  9.705174E+00  7.248296E+00
  1.093247E+01  3.311674E+03  7.841300E+01  0.000000E+00  0.000000E+00
  0.000000E+00  7.841300E+01  0.000000E+00  0.000000E+00  0.000000E+00
  7.524732E+01 -7.266548E+03
      5000  2.500000E+00        52
 -5.353332E+04  9.997677E+02 -5.699892E+05  1.133787E+05 -6.902542E+05
  0.000000E+00  0.000000E+00  0.000000E+00  0.000000E+00 -5.668875E+05
  0.000000E+00  2.598647E+04 -6.761682E+05  6.883820E+05  0.000000E+00
  0.000000E+00  0.000000E+00  0.000000E+00  4.555468E+05  6.434988E-01
  6.886331E+03  1.377266E+04  9.000000E+01  9.000000E+01  9.000000E+01
  0.000000E+00 -2.289002E+01  5.133544E+05 -2.328636E+01  5.896955E-01
 -4.322668E-01  5.896955E-01 -2.291744E+01 -1.228680E-01 -4.322668E-01
 -1.228680E-01 -2.246628E+01  1.245134E+01  1.100617E+01  8.254283E+00
  1.219293E+01  3.312919E+03  7.800875E+01  0.000000E+00  0.000000E+00
  0.000000E+00  7.800875E+01  0.000000E+00  0.000000E+00  0.000000E+00
  7.485940E+01 -6.594552E+03
      6000  3.000000E+00        52
 -5.383987E+04  9.994219E+02 -5.702947E+05  1.134846E+05 -6.907329E+05
  0.000000E+00  0.000000E+00  0.000000E+00  0.000000E+00 -5.671940E+05
  0.000000E+00  2.543532E+04 -6.774224E+05  6.889505E+05  0.000000E+00
  0.000000E+00  0.000000E+00  0.000000E+00  4.490009E+05  3.516663E+00
  6.953593E+03  1.390719E+04  9.000000E+01  9.000000E+01  9.000000E+01
  0.000000E+00 -2.257927E+01  5.133545E+05 -2.323451E+01  8.659704E-01
 -3.390976E-01  8.659704E-01 -2.227760E+01 -4.985077E-01 -3.390976E-01
 -4.985077E-01 -2.222569E+01  1.351779E+01  1.216905E+01  9.171379E+00
  1.337726E+01  3.314415E+03  7.763330E+01  0.000000E+00  0.000000E+00
  0.000000E+00  7.763330E+01  0.000000E+00  0.000000E+00  0.000000E+00
  7.449911E+01 -6.411551E+03
      7000  3.500000E+00        52
 -5.415501E+04  1.000000E+03 -5.706117E+05  1.136584E+05 -6.912136E+05
  0.000000E+00  0.000000E+00  0.000000E+00  0.000000E+00 -5.675092E+05
  0.000000E+00  2.463650E+04 -6.787800E+05  6.895295E+05  0.000000E+00
  0.000000E+00  0.000000E+00  0.000000E+00  4.428893E+05  3.327577E-02
  6.943486E+03  1.388697E+04  9.000000E+01  9.000000E+01  9.000000E+01
  0.000000E+00 -2.193591E+01  5.133545E+05 -2.127710E+01  1.176663E+00
 -2.724480E-01  1.176663E+00 -2.122671E+01 -1.788167E-01 -2.724480E-01
 -1.788167E-01 -2.330393E+01  1.467104E+01  1.329061E+01  1.015114E+01
  1.453464E+01  3.316174E+03  7.727945E+01  0.000000E+00  0.000000E+00
  0.000000E+00  7.727945E+01  0.000000E+00  0.000000E+00  0.000000E+00
  7.415954E+01 -6.144080E+03
      8000  4.000000E+00        52
  8.310856E+12  2.816020E+04 -4.648780E+05  8.244749E+04 -6.560339E+05
  0.000000E+00  0.000000E+00  0.000000E+00  0.000000E+00 -3.775211E+05
  0.000000E+00  3.626089E+05 -5.076051E+05  6.527972E+05  0.000000E+00
  0.000000E+00  0.000000E+00  0.000000E+00  5.369516E+05  5.408152E+04
  1.087084E+05  2.174168E+05  9.000000E+01  9.000000E+01  9.000000E+01
  0.000000E+00 -1.844397E+02  8.310856E+12 -8.723637E+01 -7.365873E+01
  2.346582E+01 -7.365873E+01 -2.497154E+02  3.230847E+00  2.346582E+01
  3.230847E+00 -2.163674E+02  1.536569E+01  1.389229E+01  1.085031E+01
  1.569117E+01  4.247454E+03  8.240319E+01  0.000000E+00  0.000000E+00
  0.000000E+00  8.240319E+01  0.000000E+00  0.000000E+00  0.000000E+00
  7.907643E+01 -6.263190E+04
      9000  4.500000E+00        52
  8.310856E+12  3.595237E+03 -5.546236E+05  1.004973E+05 -6.647715E+05
  0.000000E+00  0.000000E+00  0.000000E+00  0.000000E+00 -5.434701E+05
  0.000000E+00  7.040737E+04 -5.871137E+05  6.382200E+05  0.000000E+00
  0.000000E+00  0.000000E+00  0.000000E+00  1.066728E+06  5.144937E+03
  9.650545E+03  1.930109E+04  9.000000E+01  9.000000E+01  9.000000E+01
  0.000000E+00 -2.376723E+01  8.310857E+12 -2.583352E+01 -3.389091E+00
  6.477925E-01 -3.389091E+00 -2.482687E+01 -3.162930E+00  6.477925E-01
 -3.162930E+00 -2.064131E+01  1.787971E+01  1.621846E+01  1.284710E+01
  2.231861E+01  8.376939E+03  1.035898E+02  0.000000E+00  0.000000E+00
  0.000000E+00  1.035898E+02  0.000000E+00  0.000000E+00  0.000000E+00
  9.940766E+01 -1.603386E+04
     10000  5.000000E+00        52
  8.310857E+12  1.000000E+03 -5.650549E+05  1.103763E+05 -6.819824E+05
  0.000000E+00  0.000000E+00  0.000000E+00  0.000000E+00 -5.619521E+05
  0.000000E+00  9.246708E+03 -6.487181E+05  6.448627E+05  0.000000E+00
  0.000000E+00  0.000000E+00  0.000000E+00  1.189359E+06  3.119790E-02
  6.551091E+03  1.310218E+04  9.000000E+01  9.000000E+01  9.000000E+01
  0.000000E+00 -1.348289E+00  8.310857E+12 -2.796499E+00 -7.398720E-01
  7.098779E-01 -7.398720E-01 -1.191268E-01 -3.881662E+00  7.098779E-01
 -3.881662E+00 -1.129241E+00  2.139927E+01  1.979074E+01  1.581710E+01
  4.077011E+01  8.859328E+03  1.074163E+02  0.000000E+00  0.000000E+00
  0.000000E+00  1.074163E+02  0.000000E+00  0.000000E+00  0.000000E+00
  1.030797E+02 -1.014150E+03
     11000  5.500000E+00        52
  8.310857E+12  1.037046E+03 -5.672157E+05  1.080665E+05 -6.818314E+05
  0.000000E+00  0.000000E+00  0.000000E+00  0.000000E+00 -5.639978E+05
  0.000000E+00  2.831683E+03 -6.396032E+05  6.293364E+05  0.000000E+00
  0.000000E+00  0.000000E+00  0.000000E+00  1.387219E+06  7.264959E+01
  6.549263E+03  1.309853E+04  9.000000E+01  9.000000E+01  9.000000E+01
  0.000000E+00  1.368742E+00  8.310857E+12  7.417312E-01 -1.406479E-01
 -1.911305E+00 -1.406479E-01  1.969644E-01  9.791153E-01 -1.911305E+00
  9.791153E-01  3.167531E+00  2.442873E+01  2.260540E+01  1.848136E+01
  6.061570E+01  9.823329E+03  1.130700E+02  0.000000E+00  0.000000E+00
  0.000000E+00  1.130700E+02  0.000000E+00  0.000000E+00  0.000000E+00
  1.085052E+02  1.200806E+03
     12000  6.000000E+00        52
  8.310857E+12  1.013175E+03 -5.697580E+05  1.087010E+05 -6.853575E+05
  0.000000E+00  0.000000E+00  0.000000E+00  0.000000E+00 -5.666140E+05
  0.000000E+00 -1.288818E+04 -6.446344E+05  6.179493E+05  0.000000E+00
  0.000000E+00  0.000000E+00  0.000000E+00  1.559166E+06  2.488704E+01
  6.898451E+03  1.379690E+04  9.000000E+01  9.000000E+01  9.000000E+01
  0.000000E+00  6.481824E+00  8.310857E+12  7.994986E+00 -1.925255E+00
  8.676782E-01 -1.925255E+00  7.080467E+00 -6.005376E-01  8.676782E-01
 -6.005376E-01  4.370018E+00  2.807567E+01  2.596395E+01  2.165120E+01
  8.867355E+01  1.056845E+04  1.175610E+02  0.000000E+00  0.000000E+00
  0.000000E+00  1.175610E+02  0.000000E+00  0.000000E+00  0.000000E+00
  1.128148E+02  6.391394E+03
     13000  6.500000E+00        52
  8.310860E+12  1.000000E+03 -5.743702E+05  1.069464E+05 -6.884605E+05
  0.000000E+00  0.000000E+00  0.000000E+00  0.000000E+00 -5.712668E+05
  0.000000E+00 -3.294609E+04 -6.340994E+05  5.868654E+05  0.000000E+00
  0.000000E+00  0.000000E+00  0.000000E+00  2.028524E+06  3.298937E-02
  7.143950E+03  1.428790E+04  9.000000E+01  9.000000E+01  9.000000E+01
  0.000000E+00  1.017251E+01  8.310860E+12  9.860513E+00 -1.348269E-01
  7.840213E-01 -1.348269E-01  9.753231E+00 -8.057539E-01  7.840213E-01
 -8.057539E-01  1.090379E+01  3.360532E+01  3.087016E+01  2.610786E+01
  1.030676E+02  1.169505E+04  1.283391E+02  0.000000E+00  0.000000E+00
  0.000000E+00  1.283391E+02  0.000000E+00  0.000000E+00  0.000000E+00
  1.231578E+02  1.305012E+04
     14000  7.000000E+00        52
  8.310860E+12  1.005454E+03 -5.790100E+05  1.000766E+05 -6.859840E+05
  0.000000E+00  0.000000E+00  0.000000E+00  0.000000E+00 -5.758892E+05
  0.000000E+00 -3.135588E+04 -5.943639E+05  5.492131E+05  0.000000E+00
  0.000000E+00  0.000000E+00  0.000000E+00  2.728860E+06  8.213011E+00
  6.897437E+03  1.379487E+04  9.000000E+01  9.000000E+01  9.000000E+01
  0.000000E+00  7.261222E+00  8.310860E+12  7.783006E+00  9.259676E-01
 -4.343709E-01  9.259676E-01  7.602869E+00 -7.032869E-01 -4.343709E-01
 -7.032869E-01  6.397792E+00  3.801527E+01  3.438616E+01  2.961628E+01
  1.217052E+02  1.294155E+04  1.416748E+02  0.000000E+00  0.000000E+00
  0.000000E+00  1.416748E+02  0.000000E+00  0.000000E+00  0.000000E+00
  1.359552E+02  1.253133E+04
     15000  7.500000E+00        52
  8.310860E+12  1.007653E+03 -5.842780E+05  9.485165E+04 -6.859012E+05
  0.000000E+00  0.000000E+00  0.000000E+00  0.000000E+00 -5.811498E+05
  0.000000E+00 -2.958362E+04 -5.613193E+05  5.181924E+05  0.000000E+00
  0.000000E+00  0.000000E+00  0.000000E+00  3.563336E+06  1.208537E+01
  6.771606E+03  1.354321E+04  9.000000E+01  9.000000E+01  9.000000E+01
  0.000000E+00  5.300633E+00  8.310861E+12  4.978058E+00 -1.705315E-01
 -2.104954E-01 -1.705315E-01  5.135606E+00  7.198921E-02 -2.104954E-01
  7.198921E-02  5.788235E+00  4.424790E+01  3.936905E+01  3.423025E+01
  1.475388E+02  1.461733E+04  1.548524E+02  0.000000E+00  0.000000E+00
  0.000000E+00  1.548524E+02  0.000000E+00  0.000000E+00  0.000000E+00
  1.486007E+02  1.194512E+04
     16000  8.000000E+00        52
  8.310861E+12  1.000000E+03 -5.878873E+05  9.144559E+04 -6.861779E+05
  0.000000E+00  0.000000E+00  0.000000E+00  0.000000E+00 -5.847825E+05
  0.000000E+00 -2.390855E+04 -5.373429E+05  4.997443E+05  0.000000E+00
  0.000000E+00  0.000000E+00  0.000000E+00  4.267453E+06  3.003156E-02
  6.845048E+03  1.369010E+04  9.000000E+01  9.000000E+01  9.000000E+01
  0.000000E+00  3.719249E+00  8.310861E+12  4.415891E+00 -4.754877E-01
  8.221971E-01 -4.754877E-01  3.266306E+00 -4.478617E-01  8.221971E-01
 -4.478617E-01  3.475549E+00  4.891105E+01  4.274454E+01  3.755983E+01
  1.721649E+02  1.544462E+04  1.644455E+02  0.000000E+00  0.000000E+00
  0.000000E+00  1.644455E+02  0.000000E+00  0.000000E+00  0.000000E+00
  1.578065E+02  1.003760E+04
     17000  8.500000E+00        52
  8.310862E+12  1.001013E+03 -5.900278E+05  9.034514E+04 -6.874669E+05
  0.000000E+00  0.000000E+00  0.000000E+00  0.000000E+00 -5.869196E+05
  0.000000E+00 -2.305993E+04 -5.296139E+05  4.923661E+05  0.000000E+00
  0.000000E+00  0.000000E+00  0.000000E+00  4.683727E+06  1.501520E+00
  7.093960E+03  1.418792E+04  9.000000E+01  9.000000E+01  9.000000E+01
  0.000000E+00  3.293904E+00  8.310863E+12  3.713705E+00 -5.041112E-02
 -6.813100E-01 -5.041112E-02  2.814613E+00 -2.806690E-02 -6.813100E-01
 -2.806690E-02  3.353393E+00  5.421934E+01  4.688020E+01  4.159965E+01
  2.125081E+02  1.595408E+04  1.696275E+02  0.000000E+00  0.000000E+00
  0.000000E+00  1.696275E+02  0.000000E+00  0.000000E+00  0.000000E+00
  1.627793E+02  9.756825E+03
     18000  9.000000E+00        52
  8.310862E+12  1.001035E+03 -5.915495E+05  9.122076E+04 -6.900921E+05
  0.000000E+00  0.000000E+00  0.000000E+00  0.000000E+00 -5.884411E+05
  0.000000E+00 -2.603056E+04 -5.337536E+05  4.930793E+05  0.000000E+00
  0.000000E+00  0.000000E+00  0.000000E+00  4.791992E+06  2.611265E+00
  7.321859E+03  1.464372E+04  9.000000E+01  9.000000E+01  9.000000E+01
  0.000000E+00  3.546242E+00  8.310863E+12  3.588421E+00  1.036273E-01
  5.414193E-01  1.036273E-01  3.200694E+00  1.448603E-02  5.414193E-01
  1.448603E-02  3.849609E+00  6.513507E+01  5.463638E+01  4.937159E+01
  3.171114E+02  1.623772E+04  1.709245E+02  0.000000E+00  0.000000E+00
  0.000000E+00  1.709245E+02  0.000000E+00  0.000000E+00  0.000000E+00
  1.640240E+02  1.074708E+04
     19000  9.500000E+00        52
  8.310875E+12  1.000000E+03 -5.932809E+05  8.507724E+04 -6.856462E+05
  0.000000E+00  0.000000E+00  0.000000E+00  0.000000E+00 -5.901748E+05
  0.000000E+00 -1.349829E+04 -4.921847E+05  4.641104E+05  0.000000E+00
  0.000000E+00  0.000000E+00  0.000000E+00  6.363906E+06  4.105196E-02
  7.287995E+03  1.457599E+04  9.000000E+01  9.000000E+01  9.000000E+01
  0.000000E+00  1.631817E+00  8.310875E+12  1.584721E+00  1.466747E-01
  4.360985E-01  1.466747E-01  1.398127E+00  1.341846E-01  4.360985E-01
  1.341846E-01  1.912603E+00  6.944119E+01  5.772103E+01  5.269882E+01
  3.839447E+02  1.759111E+04  1.878770E+02  0.000000E+00  0.000000E+00
  0.000000E+00  1.878770E+02  0.000000E+00  0.000000E+00  0.000000E+00
  1.802921E+02  6.567517E+03
     20000  1.000000E+01        52
  8.310906E+12  1.001234E+03 -5.943283E+05  8.647134E+04 -6.879002E+05
  0.000000E+00  0.000000E+00  0.000000E+00  0.000000E+00 -5.912183E+05
  0.000000E+00 -1.611494E+04 -5.002386E+05  4.699226E+05  0.000000E+00
  0.000000E+00  0.000000E+00  0.000000E+00  6.457823E+06  1.858007E+00
  7.100547E+03  1.420109E+04  9.000000E+01  9.000000E+01  9.000000E+01
  0.000000E+00  1.822276E+00  8.310907E+12  1.947883E+00 -7.361137E-02
  2.415377E-01 -7.361137E-02  1.761955E+00 -9.648785E-02  2.415377E-01
 -9.648785E-02  1.756990E+00  7.628472E+01  6.038352E+01  5.524596E+01
  4.194720E+02  1.764252E+04  1.887967E+02  0.000000E+00  0.000000E+00
  0.000000E+00  1.887967E+02  0.000000E+00  0.000000E+00  0.000000E+00
  1.811746E+02  7.442285E+03
     21000  1.050000E+01        52
  8.310906E+12  1.004191E+03 -5.952056E+05  8.672308E+04 -6.890263E+05
  0.000000E+00  0.000000E+00  0.000000E+00  0.000000E+00 -5.920863E+05
  0.000000E+00 -1.637212E+04 -5.007898E+05  4.702225E+05  0.000000E+00
  0.000000E+00  0.000000E+00  0.000000E+00  6.581846E+06  6.156773E+00
  7.097591E+03  1.419518E+04  9.000000E+01  9.000000E+01  9.000000E+01
  0.000000E+00  1.810002E+00  8.310907E+12  2.016308E+00 -6.285086E-01
  2.283928E-01 -6.285086E-01  2.040812E+00 -2.053790E-01  2.283928E-01
 -2.053790E-01  1.372888E+00  9.866886E+01  6.463424E+01  5.948535E+01
  4.962155E+02  1.775622E+04  1.899977E+02  0.000000E+00  0.000000E+00
  0.000000E+00  1.899977E+02  0.000000E+00  0.000000E+00  0.000000E+00
  1.823271E+02  7.534126E+03
     22000  1.100000E+01        52
  8.310906E+12  1.000000E+03 -5.956469E+05  8.650734E+04 -6.893164E+05
  0.000000E+00  0.000000E+00  0.000000E+00  0.000000E+00 -5.925406E+05
  0.000000E+00 -1.553919E+04 -4.993234E+05  4.694600E+05  0.000000E+00
  0.000000E+00  0.000000E+00  0.000000E+00  6.712346E+06  1.934182E-02
  7.162089E+03  1.432418E+04  9.000000E+01  9.000000E+01  9.000000E+01
  0.000000E+00  1.707367E+00  8.310907E+12  1.557224E+00 -4.567446E-03
 -7.146375E-02 -4.567446E-03  1.701419E+00 -3.144065E-01 -7.146375E-02
 -3.144065E-01  1.863458E+00  1.013973E+02  6.580557E+01  6.078889E+01
  5.831629E+02  1.791750E+04  1.912452E+02  0.000000E+00  0.000000E+00
  0.000000E+00  1.912452E+02  0.000000E+00  0.000000E+00  0.000000E+00
  1.835242E+02  7.247818E+03
     23000  1.150000E+01        52
  8.310906E+12  1.000909E+03 -5.963774E+05  8.607247E+04 -6.896232E+05
  0.000000E+00  0.000000E+00  0.000000E+00  0.000000E+00 -5.932680E+05
  0.000000E+00 -1.418301E+04 -4.959054E+05  4.673756E+05  0.000000E+00
  0.000000E+00  0.000000E+00  0.000000E+00  7.069523E+06  1.170902E+00
  7.173393E+03  1.434679E+04  9.000000E+01  9.000000E+01  9.000000E+01
  0.000000E+00  1.520414E+00  8.310907E+12  1.534985E+00 -4.981280E-01
  1.422785E-01 -4.981280E-01  1.885790E+00 -1.862348E-01  1.422785E-01
 -1.862348E-01  1.140465E+00  1.050188E+02  6.818775E+01  6.338472E+01
  6.603463E+02  1.833569E+04  1.945789E+02  0.000000E+00  0.000000E+00
  0.000000E+00  1.945789E+02  0.000000E+00  0.000000E+00  0.000000E+00
  1.867234E+02  6.797635E+03
     24000  1.200000E+01        52
  8.310906E+12  2.563961E+03 -5.960893E+05  8.609108E+04 -6.899964E+05
  0.000000E+00  0.000000E+00  0.000000E+00  0.000000E+00 -5.881311E+05
  0.000000E+00 -1.296348E+04 -4.957660E+05  4.671706E+05  0.000000E+00
  0.000000E+00  0.000000E+00  0.000000E+00  7.176496E+06  3.131061E+03
  7.815962E+03  1.563192E+04  9.000000E+01  9.000000E+01  9.000000E+01
  0.000000E+00  2.120418E+00  8.310907E+12  2.154199E+00 -5.599171E-01
 -8.572819E-01 -5.599171E-01  1.901903E+00  1.385931E-01 -8.572819E-01
  1.385931E-01  2.305152E+00  1.081224E+02  7.049657E+01  6.584883E+01
  7.746781E+02  1.859255E+04  1.955554E+02  0.000000E+00  0.000000E+00
  0.000000E+00  1.955554E+02  0.000000E+00  0.000000E+00  0.000000E+00
  1.876605E+02  9.623653E+03
     25000  1.250000E+01        52
  8.310906E+12  1.000000E+03 -5.969793E+05  8.609771E+04 -6.903123E+05
  0.000000E+00  0.000000E+00  0.000000E+00  0.000000E+00 -5.938726E+05
  0.000000E+00 -1.408802E+04 -4.954492E+05  4.668907E+05  0.000000E+00
  0.000000E+00  0.000000E+00  0.000000E+00  7.283554E+06  2.304842E-02
  7.235255E+03  1.447051E+04  9.000000E+01  9.000000E+01  9.000000E+01
  0.000000E+00  1.468453E+00  8.310907E+12  1.241083E+00 -7.058246E-02
 -4.644122E-02 -7.058246E-02  1.558848E+00 -1.828027E-01 -4.644122E-02
 -1.828027E-01  1.605429E+00  1.139059E+02  7.249139E+01  6.830565E+01
  8.736989E+02  1.871944E+04  1.965230E+02  0.000000E+00  0.000000E+00
  0.000000E+00  1.965230E+02  0.000000E+00  0.000000E+00  0.000000E+00
  1.885890E+02  6.764091E+03
     26000  1.300000E+01        52
  8.310906E+12  1.002150E+03 -5.976804E+05  8.500065E+04 -6.894757E+05
  0.000000E+00  0.000000E+00  0.000000E+00  0.000000E+00 -5.945663E+05
  0.000000E+00 -1.300518E+04 -4.874795E+05  4.608851E+05  0.000000E+00
  0.000000E+00  0.000000E+00  0.000000E+00  8.350602E+06  4.953930E+00
  6.794610E+03  1.358922E+04  9.000000E+01  9.000000E+01  9.000000E+01
  0.000000E+00  1.213308E+00  8.310907E+12  9.341507E-01  2.335399E-01
 -3.308862E-02  2.335399E-01  1.845231E+00 -1.484137E-01 -3.308862E-02
 -1.484137E-01  8.605436E-01  1.155499E+02  7.391103E+01  6.966198E+01
  9.167316E+02  1.962030E+04  2.056861E+02  0.000000E+00  0.000000E+00
  0.000000E+00  2.056861E+02  0.000000E+00  0.000000E+00  0.000000E+00
  1.973822E+02  6.407595E+03
     27000  1.350000E+01        52
  8.310906E+12  1.000035E+03 -5.981628E+05  8.370157E+04 -6.890823E+05
  0.000000E+00  0.000000E+00  0.000000E+00  0.000000E+00 -5.950548E+05
  0.000000E+00 -8.047393E+03 -4.788548E+05  4.563716E+05  0.000000E+00
  0.000000E+00  0.000000E+00  0.000000E+00  9.172192E+06  3.333785E+00
  7.217916E+03  1.443583E+04  9.000000E+01  9.000000E+01  9.000000E+01
  0.000000E+00  8.189766E-01  8.310907E+12  5.435772E-01 -5.405357E-02
 -1.475557E-01 -5.405357E-02  9.045811E-01  3.313959E-01 -1.475557E-01
  3.313959E-01  1.008771E+00  1.179343E+02  7.590277E+01  7.177306E+01
  9.684586E+02  2.001810E+04  2.122218E+02  0.000000E+00  0.000000E+00
  0.000000E+00  2.122218E+02  0.000000E+00  0.000000E+00  0.000000E+00
  2.036540E+02  4.750624E+03
     28000  1.400000E+01        52
  8.310906E+12  1.000000E+03 -5.983771E+05  8.440675E+04 -6.899360E+05
  0.000000E+00  0.000000E+00  0.000000E+00  0.000000E+00 -5.952691E+05
  0.000000E+00 -9.891932E+03 -4.820460E+05  4.578498E+05  0.000000E+00
  0.000000E+00  0.000000E+00  0.000000E+00  9.275116E+06  3.120172E-02
  7.152103E+03  1.430421E+04  9.000000E+01  9.000000E+01  9.000000E+01
  0.000000E+00  9.146954E-01  8.310907E+12  6.924106E-01 -4.064559E-02
 -1.125601E-01 -4.064559E-02  9.273078E-01  1.925145E-01 -1.125601E-01
  1.925145E-01  1.124368E+00  1.230790E+02  7.975751E+01  7.600444E+01
  1.073091E+03  2.023341E+04  2.130127E+02  0.000000E+00  0.000000E+00
  0.000000E+00  2.130127E+02  0.000000E+00  0.000000E+00  0.000000E+00
  2.044130E+02  5.365397E+03
     29000  1.450000E+01        52
  8.310906E+12  1.001617E+03 -5.987213E+05  8.480712E+04 -6.907436E+05
  0.000000E+00  0.000000E+00  0.000000E+00  0.000000E+00 -5.956083E+05
  0.000000E+00 -1.062904E+04 -4.840381E+05  4.589788E+05  0.000000E+00
  0.000000E+00  0.000000E+00  0.000000E+00  9.385198E+06  3.266359E+00
  7.215134E+03  1.443027E+04  9.000000E+01  9.000000E+01  9.000000E+01
  0.000000E+00  9.459259E-01  8.310907E+12  9.318810E-01 -3.190997E-01
  7.585236E-02 -3.190997E-01  1.129712E+00 -5.250693E-02  7.585236E-02
 -5.250693E-02  7.761842E-01  1.323835E+02  8.638374E+01  8.324846E+01
  1.250104E+03  2.046436E+04  2.138521E+02  0.000000E+00  0.000000E+00
  0.000000E+00  2.138521E+02  0.000000E+00  0.000000E+00  0.000000E+00
  2.052185E+02  5.614442E+03
     30000  1.500000E+01        52
  8.310906E+12  1.001097E+03 -5.992113E+05  8.472571E+04 -6.911438E+05
  0.000000E+00  0.000000E+00  0.000000E+00  0.000000E+00 -5.960998E+05
  0.000000E+00 -1.008641E+04 -4.834911E+05  4.589913E+05  0.000000E+00
  0.000000E+00  0.000000E+00  0.000000E+00  9.549431E+06  1.774335E+00
  7.206722E+03  1.441344E+04  9.000000E+01  9.000000E+01  9.000000E+01
  0.000000E+00  8.995300E-01  8.310907E+12  1.309202E+00 -6.265586E-02
  3.479406E-01 -6.265586E-02  6.168407E-01 -2.530973E-02  3.479406E-01
 -2.530973E-02  7.725477E-01  1.358224E+02  8.822896E+01  8.531694E+01
  1.329121E+03  2.059038E+04  2.150923E+02  0.000000E+00  0.000000E+00
  0.000000E+00  2.150923E+02  0.000000E+00  0.000000E+00  0.000000E+00
  2.064086E+02  5.432493E+03
     31000  1.550000E+01        52
  8.310906E+12  1.000000E+03 -5.994098E+05  8.467747E+04 -6.912846E+05
  0.000000E+00  0.000000E+00  0.000000E+00  0.000000E+00 -5.963015E+05
  0.000000E+00 -9.898728E+03 -4.830950E+05  4.588015E+05  0.000000E+00
  0.000000E+00  0.000000E+00  0.000000E+00  9.662102E+06  2.591652E-02
  7.197355E+03  1.439471E+04  9.000000E+01  9.000000E+01  9.000000E+01
  0.000000E+00  8.784308E-01  8.310907E+12  1.151523E+00 -6.791476E-02
  3.687786E-01 -6.791476E-02  6.477071E-01 -6.063986E-02  3.687786E-01
 -6.063986E-02  8.360622E-01  1.380031E+02  9.000835E+01  8.752600E+01
  1.452805E+03  2.077844E+04  2.159349E+02  0.000000E+00  0.000000E+00
  0.000000E+00  2.159349E+02  0.000000E+00  0.000000E+00  0.000000E+00
  2.072172E+02  5.367662E+03
     32000  1.600000E+01        52
  8.310906E+12  1.013095E+03 -5.996886E+05  8.359080E+04 -6.903632E+05
  0.000000E+00  0.000000E+00  0.000000E+00  0.000000E+00 -5.965391E+05
  0.000000E+00 -7.024401E+03 -4.762096E+05  4.550175E+05  0.000000E+00
  0.000000E+00  0.000000E+00  0.000000E+00  1.066736E+07  2.381040E+01
  7.083816E+03  1.416763E+04  9.000000E+01  9.000000E+01  9.000000E+01
  0.000000E+00  6.576434E-01  8.310907E+12  5.142215E-01 -1.931662E-02
  7.511382E-02 -1.931662E-02  5.784169E-01  2.708887E-01  7.511382E-02
  2.708887E-01  8.802919E-01  1.403303E+02  9.171023E+01  8.943563E+01
  1.528654E+03  2.140002E+04  2.231780E+02  0.000000E+00  0.000000E+00
  0.000000E+00  2.231780E+02  0.000000E+00  0.000000E+00  0.000000E+00
  2.141679E+02  4.436634E+03
     33000  1.650000E+01        52
  8.310906E+12  1.000852E+03 -5.999650E+05  8.397078E+04 -6.910479E+05
  0.000000E+00  0.000000E+00  0.000000E+00  0.000000E+00 -5.968534E+05
  0.000000E+00 -7.783733E+03 -4.779764E+05  4.559683E+05  0.000000E+00
  0.000000E+00  0.000000E+00  0.000000E+00  1.077546E+07  1.594496E+00
  7.112178E+03  1.422436E+04  9.000000E+01  9.000000E+01  9.000000E+01
  0.000000E+00  6.844729E-01  8.310907E+12  5.358085E-01 -1.517435E-02
  6.048790E-02 -1.517435E-02  6.216437E-01  2.720838E-01  6.048790E-02
  2.720838E-01  8.959665E-01  1.448630E+02  9.400435E+01  9.203777E+01
  1.636951E+03  2.157090E+04  2.239293E+02  0.000000E+00  0.000000E+00
  0.000000E+00  2.239293E+02  0.000000E+00  0.000000E+00  0.000000E+00
  2.148889E+02  4.664425E+03
     34000  1.700000E+01        52
  8.310906E+12  1.000000E+03 -6.002045E+05  8.407977E+04 -6.914123E+05
  0.000000E+00  0.000000E+00  0.000000E+00  0.000000E+00 -5.970955E+05
  0.000000E+00 -7.897694E+03 -4.785235E+05  4.563697E+05  0.000000E+00
  0.000000E+00  0.000000E+00  0.000000E+00  1.089121E+07  2.297391E-02
  7.128061E+03  1.425612E+04  9.000000E+01  9.000000E+01  9.000000E+01
  0.000000E+00  6.824577E-01  8.310907E+12  4.630739E-01 -8.332949E-02
  1.562217E-01 -8.332949E-02  6.077713E-01 -3.620061E-01  1.562217E-01
 -3.620061E-01  9.765278E-01  1.481230E+02  9.593165E+01  9.434618E+01
  1.787394E+03  2.192605E+04  2.247283E+02  0.000000E+00  0.000000E+00
  0.000000E+00  2.247283E+02  0.000000E+00  0.000000E+00  0.000000E+00
  2.156556E+02  4.700651E+03
     35000  1.750000E+01        52
  8.310906E+12  1.000569E+03 -6.003621E+05  8.400280E+04 -6.914826E+05
  0.000000E+00  0.000000E+00  0.000000E+00  0.000000E+00 -5.972512E+05
  0.000000E+00 -7.589891E+03 -4.779491E+05  4.561239E+05  0.000000E+00
  0.000000E+00  0.000000E+00  0.000000E+00  1.100069E+07  1.352657E+00
  7.117674E+03  1.423535E+04  9.000000E+01  9.000000E+01  9.000000E+01
  0.000000E+00  6.610872E-01  8.310907E+12  4.184247E-01 -3.190863E-02
  9.648186E-03 -3.190863E-02  4.516545E-01 -1.440847E-01  9.648186E-03
 -1.440847E-01  1.113182E+00  1.497827E+02  9.716696E+01  9.570144E+01
  1.973290E+03  2.228886E+04  2.254788E+02  0.000000E+00  0.000000E+00
  0.000000E+00  2.254788E+02  0.000000E+00  0.000000E+00  0.000000E+00
  2.163758E+02  4.599227E+03
     36000  1.800000E+01        52
  8.310906E+12  1.000416E+03 -6.004564E+05  8.408350E+04 -6.916842E+05
  0.000000E+00  0.000000E+00  0.000000E+00  0.000000E+00 -5.973460E+05
  0.000000E+00 -7.680193E+03 -4.784804E+05  4.565116E+05  0.000000E+00
  0.000000E+00  0.000000E+00  0.000000E+00  1.111121E+07  6.594471E-01
  7.144301E+03  1.428860E+04  9.000000E+01  9.000000E+01  9.000000E+01
  0.000000E+00  6.587506E-01  8.310907E+12  4.676518E-01 -2.064839E-02
  5.563108E-03 -2.064839E-02  4.527560E-01 -1.729222E-01  5.563108E-03
 -1.729222E-01  1.055844E+00  1.532196E+02  1.003956E+02  9.920451E+01
  2.279388E+03  2.274187E+04  2.262313E+02  0.000000E+00  0.000000E+00
  0.000000E+00  2.262313E+02  0.000000E+00  0.000000E+00  0.000000E+00
  2.170980E+02  4.629012E+03
     37000  1.850000E+01        52
  8.310906E+12  1.000000E+03 -6.006147E+05  8.419764E+04 -6.919331E+05
  0.000000E+00  0.000000E+00  0.000000E+00  0.000000E+00 -5.975055E+05
  0.000000E+00 -7.957749E+03 -4.792403E+05  4.570410E+05  0.000000E+00
  0.000000E+00  0.000000E+00  0.000000E+00  1.122291E+07  2.180558E-02
  7.120777E+03  1.424155E+04  9.000000E+01  9.000000E+01  9.000000E+01
  0.000000E+00  6.651077E-01  8.310907E+12  6.353681E-01 -1.152009E-01
 -2.212821E-01 -1.152009E-01  4.674836E-01  5.386435E-02 -2.212821E-01
  5.386435E-02  8.924713E-01  1.575404E+02  1.044583E+02  1.035423E+02
  2.689632E+03  2.328581E+04  2.269869E+02  0.000000E+00  0.000000E+00
  0.000000E+00  2.269869E+02  0.000000E+00  0.000000E+00  0.000000E+00
  2.178231E+02  4.720669E+03
     38000  1.900000E+01        52
  8.315390E+12  1.001184E+03 -5.996954E+05  8.316189E+04 -6.892022E+05
  0.000000E+00  0.000000E+00  0.000000E+00  0.000000E+00 -5.965802E+05
  0.000000E+00 -8.688845E+03 -4.661732E+05  4.447946E+05  0.000000E+00
  0.000000E+00  0.000000E+00  0.000000E+00  1.483035E+07  1.595566E+00
  6.344897E+03  1.268979E+04  9.000000E+01  9.000000E+01  9.000000E+01
  0.000000E+00  5.295667E-01  8.315391E+12  4.999742E-01 -1.717631E-01
 -1.315483E-01 -1.717631E-01  5.842241E-01  1.457164E-01 -1.315483E-01
  1.457164E-01  5.045017E-01  1.610557E+02  1.067743E+02  1.062419E+02
  2.870718E+03  2.497861E+04  2.490861E+02  0.000000E+00  0.000000E+00
  0.000000E+00  2.490861E+02  0.000000E+00  0.000000E+00  0.000000E+00
  2.390301E+02  4.966818E+03
     39000  1.950000E+01        52
  8.315394E+12  1.000816E+03 -6.003647E+05  8.283145E+04 -6.899325E+05
  0.000000E+00  0.000000E+00  0.000000E+00  0.000000E+00 -5.972498E+05
  0.000000E+00 -5.929695E+03 -4.658946E+05  4.464922E+05  0.000000E+00
  0.000000E+00  0.000000E+00  0.000000E+00  1.609144E+07  1.458044E+00
  6.736358E+03  1.347272E+04  9.000000E+01  9.000000E+01  9.000000E+01
  0.000000E+00  3.976136E-01  8.315394E+12  2.457398E-01 -7.911679E-03
  3.506466E-02 -7.911679E-03  2.556301E-01 -7.868812E-02  3.506466E-02
 -7.868812E-02  6.914709E-01  1.637299E+02  1.086042E+02  1.084119E+02
  2.897858E+03  2.553639E+04  2.559552E+02  0.000000E+00  0.000000E+00
  0.000000E+00  2.559552E+02  0.000000E+00  0.000000E+00  0.000000E+00
  2.456218E+02  4.046338E+03
     40000  2.000000E+01        52
  8.315394E+12  1.000000E+03 -6.009170E+05  8.223086E+04 -6.902321E+05
  0.000000E+00  0.000000E+00  0.000000E+00  0.000000E+00 -5.978046E+05
  0.000000E+00 -2.593810E+03 -4.639278E+05  4.471656E+05  0.000000E+00
  0.000000E+00  0.000000E+00  0.000000E+00  1.629242E+07  2.933200E-02
  7.084240E+03  1.416848E+04  9.000000E+01  9.000000E+01  9.000000E+01
  0.000000E+00  2.846260E-01  8.315394E+12  2.252044E-01  1.326764E-01
  1.980662E-01  1.326764E-01  2.251223E-01  1.804633E-01  1.980662E-01
  1.804633E-01  4.035513E-01  1.708621E+02  1.126001E+02  1.130885E+02
  2.992768E+03  2.565796E+04  2.570164E+02  0.000000E+00  0.000000E+00
  0.000000E+00  2.570164E+02  0.000000E+00  0.000000E+00  0.000000E+00
  2.466402E+02  2.932690E+03
     41000  2.050000E+01        52
  2.240390E+14  0.000000E+00 -6.010656E+05  8.214425E+04 -6.902178E+05
  0.000000E+00  0.000000E+00  0.000000E+00  0.000000E+00 -6.010552E+05
  0.000000E+00 -2.190432E+03 -4.632450E+05  4.470386E+05  0.000000E+00
  0.000000E+00  0.000000E+00  0.000000E+00  1.648833E+07  0.000000E+00
  7.007974E+03  1.401595E+04  9.000000E+01  9.000000E+01  9.000000E+01
  0.000000E+00  7.002059E-02  2.240390E+14  7.403381E-02 -4.850705E-04
  3.701609E-03 -4.850705E-04  6.682140E-02 -7.938947E-03  3.701609E-03
 -7.938947E-03  6.920657E-02  1.137058E-02  1.202787E-03  2.382762E-03
  3.947818E-01  9.307871E-01  2.580425E+02  0.000000E+00  0.000000E+00
  0.000000E+00  2.580425E+02  0.000000E+00  0.000000E+00  0.000000E+00
  2.476249E+02  7.301441E+02
     42000  2.100000E+01        52
  2.240390E+14  0.000000E+00 -6.011091E+05  8.221299E+04 -6.903106E+05
  0.000000E+00  0.000000E+00  0.000000E+00  0.000000E+00 -6.010987E+05
  0.000000E+00 -2.398535E+03 -4.636049E+05  4.472292E+05  0.000000E+00
  0.000000E+00  0.000000E+00  0.000000E+00  1.648833E+07  0.000000E+00
  6.988573E+03  1.397715E+04  9.000000E+01  9.000000E+01  9.000000E+01
  0.000000E+00  7.667293E-02  2.240390E+14  8.003555E-02 -1.932387E-04
  3.495967E-03 -1.932387E-04  7.323413E-02 -7.934163E-03  3.495967E-03
 -7.934163E-03  7.674912E-02  1.137058E-02  1.202787E-03  2.382762E-03
  3.947818E-01  9.307871E-01  2.580425E+02  0.000000E+00  0.000000E+00
  0.000000E+00  2.580425E+02  0.000000E+00  0.000000E+00  0.000000E+00
  2.476249E+02  7.995118E+02
     43000  2.150000E+01        52
  2.240390E+14  0.000000E+00 -6.011299E+05  8.224986E+04 -6.903634E+05
  0.000000E+00  0.000000E+00  0.000000E+00  0.000000E+00 -6.011195E+05
  0.000000E+00 -2.496038E+03 -4.638332E+05  4.473698E+05  0.000000E+00
  0.000000E+00  0.000000E+00  0.000000E+00  1.648833E+07  0.000000E+00
  6.983689E+03  1.396738E+04  9.000000E+01  9.000000E+01  9.000000E+01
  0.000000E+00  7.978976E-02  2.240390E+14  8.305824E-02 -6.320579E-04
  3.334603E-03 -6.320579E-04  7.640229E-02 -7.808473E-03  3.334603E-03
 -7.808473E-03  7.990875E-02  1.137058E-02  1.202787E-03  2.382762E-03
  3.947818E-01  9.307871E-01  2.580425E+02  0.000000E+00  0.000000E+00
  0.000000E+00  2.580425E+02  0.000000E+00  0.000000E+00  0.000000E+00
  2.476249E+02  8.320127E+02
     44000  2.200000E+01        52
  2.240390E+14  0.000000E+00 -6.011453E+05  8.228036E+04 -6.904090E+05
  0.000000E+00  0.000000E+00  0.000000E+00  0.000000E+00 -6.011349E+05
  0.000000E+00 -2.567638E+03 -4.640283E+05  4.474940E+05  0.000000E+00
  0.000000E+00  0.000000E+00  0.000000E+00  1.648833E+07  0.000000E+00
  6.983338E+03  1.396668E+04  9.000000E+01  9.000000E+01  9.000000E+01
  0.000000E+00  8.207857E-02  2.240390E+14  8.489180E-02 -5.136522E-04
  3.111835E-03 -5.136522E-04  7.907744E-02 -7.708812E-03  3.111835E-03
 -7.708812E-03  8.226646E-02  1.137058E-02  1.202787E-03  2.382762E-03
  3.947818E-01  9.307871E-01  2.580425E+02  0.000000E+00  0.000000E+00
  0.000000E+00  2.580425E+02  0.000000E+00  0.000000E+00  0.000000E+00
  2.476249E+02  8.558794E+02
     45000  2.250000E+01        52
  2.240390E+14  0.000000E+00 -6.011568E+05  8.230898E+04 -6.904482E+05
  0.000000E+00  0.000000E+00  0.000000E+00  0.000000E+00 -6.011463E+05
  0.000000E+00 -2.641113E+03 -4.642124E+05  4.476063E+05  0.000000E+00
  0.000000E+00  0.000000E+00  0.000000E+00  1.648833E+07  0.000000E+00
  6.982498E+03  1.396500E+04  9.000000E+01  9.000000E+01  9.000000E+01
  0.000000E+00  8.442731E-02  2.240390E+14  8.782492E-02 -6.803946E-04
  2.716465E-03 -6.803946E-04  8.124157E-02 -7.416858E-03  2.716465E-03
 -7.416858E-03  8.421543E-02  1.137058E-02  1.202787E-03  2.382762E-03
  3.947818E-01  9.307871E-01  2.580425E+02  0.000000E+00  0.000000E+00
  0.000000E+00  2.580425E+02  0.000000E+00  0.000000E+00  0.000000E+00
  2.476249E+02  8.803710E+02
     46000  2.300000E+01        52
  2.240390E+14  0.000000E+00 -6.011674E+05  8.233501E+04 -6.904851E+05
  0.000000E+00  0.000000E+00  0.000000E+00  0.000000E+00 -6.011570E+05
  0.000000E+00 -2.711595E+03 -4.643848E+05  4.477079E+05  0.000000E+00
  0.000000E+00  0.000000E+00  0.000000E+00  1.648833E+07  0.000000E+00
  6.982663E+03  1.396533E+04  9.000000E+01  9.000000E+01  9.000000E+01
  0.000000E+00  8.668037E-02  2.240390E+14  8.992419E-02 -9.286451E-04
  2.712406E-03 -9.286451E-04  8.346091E-02 -7.644765E-03  2.712406E-03
 -7.644765E-03  8.665602E-02  1.137058E-02  1.202787E-03  2.382762E-03
  3.947818E-01  9.307871E-01  2.580425E+02  0.000000E+00  0.000000E+00
  0.000000E+00  2.580425E+02  0.000000E+00  0.000000E+00  0.000000E+00
  2.476249E+02  9.038650E+02
     47000  2.350000E+01        52
  2.240390E+14  0.000000E+00 -6.011754E+05  8.236073E+04 -6.905187E+05
  0.000000E+00  0.000000E+00  0.000000E+00  0.000000E+00 -6.011650E+05
  0.000000E+00 -2.784855E+03 -4.645491E+05  4.477991E+05  0.000000E+00
  0.000000E+00  0.000000E+00  0.000000E+00  1.648833E+07  0.000000E+00
  6.982542E+03  1.396508E+04  9.000000E+01  9.000000E+01  9.000000E+01
  0.000000E+00  8.902223E-02  2.240390E+14  9.220064E-02 -9.253505E-04
  2.504205E-03 -9.253505E-04  8.601128E-02 -7.767547E-03  2.504205E-03
 -7.767547E-03  8.885478E-02  1.137058E-02  1.202787E-03  2.382762E-03
  3.947818E-01  9.307871E-01  2.580425E+02  0.000000E+00  0.000000E+00
  0.000000E+00  2.580425E+02  0.000000E+00  0.000000E+00  0.000000E+00
  2.476249E+02  9.282849E+02
     48000  2.400000E+01        52
  2.240390E+14  0.000000E+00 -6.011812E+05  8.238321E+04 -6.905468E+05
  0.000000E+00  0.000000E+00  0.000000E+00  0.000000E+00 -6.011708E+05
  0.000000E+00 -2.847545E+03 -4.646921E+05  4.478798E+05  0.000000E+00
  0.000000E+00  0.000000E+00  0.000000E+00  1.648833E+07  0.000000E+00
  6.982360E+03  1.396472E+04  9.000000E+01  9.000000E+01  9.000000E+01
  0.000000E+00  9.102622E-02  2.240390E+14  9.426944E-02 -9.725173E-04
  2.350103E-03 -9.725173E-04  8.812521E-02 -7.767180E-03  2.350103E-03
 -7.767180E-03  9.068401E-02  1.137058E-02  1.202787E-03  2.382762E-03
  3.947818E-01  9.307871E-01  2.580425E+02  0.000000E+00  0.000000E+00
  0.000000E+00  2.580425E+02  0.000000E+00  0.000000E+00  0.000000E+00
  2.476249E+02  9.491816E+02
     49000  2.450000E+01        52
  2.240390E+14  0.000000E+00 -6.011864E+05  8.240356E+04 -6.905723E+05
  0.000000E+00  0.000000E+00  0.000000E+00  0.000000E+00 -6.011760E+05
  0.000000E+00 -2.902181E+03 -4.648212E+05  4.479543E+05  0.000000E+00
  0.000000E+00  0.000000E+00  0.000000E+00  1.648833E+07  0.000000E+00
  6.982393E+03  1.396479E+04  9.000000E+01  9.000000E+01  9.000000E+01
  0.000000E+00  9.277276E-02  2.240390E+14  9.605699E-02 -1.166810E-03
  2.299427E-03 -1.166810E-03  8.979352E-02 -7.777450E-03  2.299427E-03
 -7.777450E-03  9.246776E-02  1.137058E-02  1.202787E-03  2.382762E-03
  3.947818E-01  9.307871E-01  2.580425E+02  0.000000E+00  0.000000E+00
  0.000000E+00  2.580425E+02  0.000000E+00  0.000000E+00  0.000000E+00
  2.476249E+02  9.673937E+02
     50000  2.500000E+01        52
  2.240390E+14  0.000000E+00 -6.011912E+05  8.242130E+04 -6.905953E+05
  0.000000E+00  0.000000E+00  0.000000E+00  0.000000E+00 -6.011808E+05
  0.000000E+00 -2.947860E+03 -4.649356E+05  4.480222E+05  0.000000E+00
  0.000000E+00  0.000000E+00  0.000000E+00  1.648833E+07  0.000000E+00
  6.982766E+03  1.396553E+04  9.000000E+01  9.000000E+01  9.000000E+01
  0.000000E+00  9.423295E-02  2.240390E+14  9.756810E-02 -1.381881E-03
  2.238448E-03 -1.381881E-03  9.111939E-02 -7.778455E-03  2.238448E-03
 -7.778455E-03  9.401138E-02  1.137058E-02  1.202787E-03  2.382762E-03
  3.947818E-01  9.307871E-01  2.580425E+02  0.000000E+00  0.000000E+00
  0.000000E+00  2.580425E+02  0.000000E+00  0.000000E+00  0.000000E+00
  2.476249E+02  9.826200E+02
     51000  2.550000E+01        52
  2.240390E+14  0.000000E+00 -6.011962E+05  8.243623E+04 -6.906160E+05
  0.000000E+00  0.000000E+00  0.000000E+00  0.000000E+00 -6.011858E+05
  0.000000E+00 -2.985619E+03 -4.650360E+05  4.480833E+05  0.000000E+00
  0.000000E+00  0.000000E+00  0.000000E+00  1.648833E+07  0.000000E+00
  6.983505E+03  1.396701E+04  9.000000E+01  9.000000E+01  9.000000E+01
  0.000000E+00  9.543997E-02  2.240390E+14  9.885900E-02 -1.669268E-03
  2.185128E-03 -1.669268E-03  9.208662E-02 -7.785123E-03  2.185128E-03
 -7.785123E-03  9.537430E-02  1.137058E-02  1.202787E-03  2.382762E-03
  3.947818E-01  9.307871E-01  2.580425E+02  0.000000E+00  0.000000E+00
  0.000000E+00  2.580425E+02  0.000000E+00  0.000000E+00  0.000000E+00
  2.476249E+02  9.952063E+02
     52000  2.600000E+01        52
  2.240390E+14  0.000000E+00 -6.012018E+05  8.245123E+04 -6.906375E+05
  0.000000E+00  0.000000E+00  0.000000E+00  0.000000E+00 -6.011913E+05
  0.000000E+00 -3.024763E+03 -4.651366E+05  4.481430E+05  0.000000E+00
  0.000000E+00  0.000000E+00  0.000000E+00  1.648833E+07  0.000000E+00
  6.984463E+03  1.396893E+04  9.000000E+01  9.000000E+01  9.000000E+01
  0.000000E+00  9.669128E-02  2.240390E+14  1.001314E-01 -1.844189E-03
  2.196664E-03 -1.844189E-03  9.330360E-02 -7.831776E-03  2.196664E-03
 -7.831776E-03  9.663883E-02  1.137058E-02  1.202787E-03  2.382762E-03
  3.947818E-01  9.307871E-01  2.580425E+02  0.000000E+00  0.000000E+00
  0.000000E+00  2.580425E+02  0.000000E+00  0.000000E+00  0.000000E+00
  2.476249E+02  1.008254E+03
     53000  2.650000E+01        52
  2.240390E+14  0.000000E+00 -6.012063E+05  8.246669E+04 -6.906577E+05
  0.000000E+00  0.000000E+00  0.000000E+00  0.000000E+00 -6.011959E+05
  0.000000E+00 -3.065956E+03 -4.652354E+05  4.482000E+05  0.000000E+00
  0.000000E+00  0.000000E+00  0.000000E+00  1.648833E+07  0.000000E+00
  6.984681E+03  1.396936E+04  9.000000E+01  9.000000E+01  9.000000E+01
  0.000000E+00  9.800809E-02  2.240390E+14  1.013617E-01 -1.735875E-03
  2.288065E-03 -1.735875E-03  9.483547E-02 -7.754956E-03  2.288065E-03
 -7.754956E-03  9.782712E-02  1.137058E-02  1.202787E-03  2.382762E-03
  3.947818E-01  9.307871E-01  2.580425E+02  0.000000E+00  0.000000E+00
  0.000000E+00  2.580425E+02  0.000000E+00  0.000000E+00  0.000000E+00
  2.476249E+02  1.021985E+03
     54000  2.700000E+01        52
  2.240390E+14  0.000000E+00 -6.012099E+05  8.247951E+04 -6.906745E+05
  0.000000E+00  0.000000E+00  0.000000E+00  0.000000E+00 -6.011995E+05
  0.000000E+00 -3.097768E+03 -4.653193E+05  4.482516E+05  0.000000E+00
  0.000000E+00  0.000000E+00  0.000000E+00  1.648833E+07  0.000000E+00
  6.984998E+03  1.397000E+04  9.000000E+01  9.000000E+01  9.000000E+01
  0.000000E+00  9.902499E-02  2.240390E+14  1.023275E-01 -1.687364E-03
  2.325461E-03 -1.687364E-03  9.591994E-02 -7.684985E-03  2.325461E-03
 -7.684985E-03  9.882754E-02  1.137058E-02  1.202787E-03  2.382762E-03
  3.947818E-01  9.307871E-01  2.580425E+02  0.000000E+00  0.000000E+00
  0.000000E+00  2.580425E+02  0.000000E+00  0.000000E+00  0.000000E+00
  2.476249E+02  1.032589E+03
     55000  2.750000E+01        52
  2.240390E+14  0.000000E+00 -6.012135E+05  8.249095E+04 -6.906899E+05
  0.000000E+00  0.000000E+00  0.000000E+00  0.000000E+00 -6.012030E+05
  0.000000E+00 -3.124969E+03 -4.653957E+05  4.482998E+05  0.000000E+00
  0.000000E+00  0.000000E+00  0.000000E+00  1.648833E+07  0.000000E+00
  6.985482E+03  1.397096E+04  9.000000E+01  9.000000E+01  9.000000E+01
  0.000000E+00  9.989453E-02  2.240390E+14  1.032180E-01 -1.714025E-03
  2.402071E-03 -1.714025E-03  9.674903E-02 -7.588346E-03  2.402071E-03
 -7.588346E-03  9.971655E-02  1.137058E-02  1.202787E-03  2.382762E-03
  3.947818E-01  9.307871E-01  2.580425E+02  0.000000E+00  0.000000E+00
  0.000000E+00  2.580425E+02  0.000000E+00  0.000000E+00  0.000000E+00
  2.476249E+02  1.041656E+03
     56000  2.800000E+01        52
  2.240390E+14  0.000000E+00 -6.012178E+05  8.250036E+04 -6.907047E+05
  0.000000E+00  0.000000E+00  0.000000E+00  0.000000E+00 -6.012074E+05
  0.000000E+00 -3.144376E+03 -4.654625E+05  4.483450E+05  0.000000E+00
  0.000000E+00  0.000000E+00  0.000000E+00  1.648833E+07  0.000000E+00
  6.986568E+03  1.397314E+04  9.000000E+01  9.000000E+01  9.000000E+01
  0.000000E+00  1.005149E-01  2.240390E+14  1.040055E-01 -1.869609E-03
  2.560897E-03 -1.869609E-03  9.716864E-02 -7.276568E-03  2.560897E-03
 -7.276568E-03  1.003705E-01  1.137058E-02  1.202787E-03  2.382762E-03
  3.947818E-01  9.307871E-01  2.580425E+02  0.000000E+00  0.000000E+00
  0.000000E+00  2.580425E+02  0.000000E+00  0.000000E+00  0.000000E+00
  2.476249E+02  1.048125E+03
     57000  2.850000E+01        52
  2.240390E+14  0.000000E+00 -6.012233E+05  8.251152E+04 -6.907217E+05
  0.000000E+00  0.000000E+00  0.000000E+00  0.000000E+00 -6.012129E+05
  0.000000E+00 -3.172277E+03 -4.655352E+05  4.483893E+05  0.000000E+00
  0.000000E+00  0.000000E+00  0.000000E+00  1.648833E+07  0.000000E+00
  6.986839E+03  1.397368E+04  9.000000E+01  9.000000E+01  9.000000E+01
  0.000000E+00  1.014068E-01  2.240390E+14  1.048321E-01 -1.674408E-03
  2.506153E-03 -1.674408E-03  9.830984E-02 -7.369495E-03  2.506153E-03
 -7.369495E-03  1.010785E-01  1.137058E-02  1.202787E-03  2.382762E-03
  3.947818E-01  9.307871E-01  2.580425E+02  0.000000E+00  0.000000E+00
  0.000000E+00  2.580425E+02  0.000000E+00  0.000000E+00  0.000000E+00
  2.476249E+02  1.057426E+03
     58000  2.900000E+01        52
  2.240390E+14  0.000000E+00 -6.012273E+05  8.251994E+04 -6.907345E+05
  0.000000E+00  0.000000E+00  0.000000E+00  0.000000E+00 -6.012169E+05
  0.000000E+00 -3.193725E+03 -4.655944E+05  4.484262E+05  0.000000E+00
  0.000000E+00  0.000000E+00  0.000000E+00  1.648833E+07  0.000000E+00
  6.987209E+03  1.397442E+04  9.000000E+01  9.000000E+01  9.000000E+01
  0.000000E+00  1.020924E-01  2.240390E+14  1.055163E-01 -1.570999E-03
  2.489579E-03 -1.570999E-03  9.924584E-02 -7.350596E-03  2.489579E-03
 -7.350596E-03  1.015151E-01  1.137058E-02  1.202787E-03  2.382762E-03
  3.947818E-01  9.307871E-01  2.580425E+02  0.000000E+00  0.000000E+00
  0.000000E+00  2.580425E+02  0.000000E+00  0.000000E+00  0.000000E+00
  2.476249E+02  1.064575E+03
     59000  2.950000E+01        52
  2.240390E+14  0.000000E+00 -6.012310E+05  8.252969E+04 -6.907481E+05
  0.000000E+00  0.000000E+00  0.000000E+00  0.000000E+00 -6.012205E+05
  0.000000E+00 -3.219295E+03 -4.656578E+05  4.484636E+05  0.000000E+00
  0.000000E+00  0.000000E+00  0.000000E+00  1.648833E+07  0.000000E+00
  6.987424E+03  1.397485E+04  9.000000E+01  9.000000E+01  9.000000E+01
  0.000000E+00  1.029098E-01  2.240390E+14  1.060861E-01 -1.463580E-03
  2.367546E-03 -1.463580E-03  1.000448E-01 -7.432695E-03  2.367546E-03
 -7.432695E-03  1.025986E-01  1.137058E-02  1.202787E-03  2.382762E-03
  3.947818E-01  9.307871E-01  2.580425E+02  0.000000E+00  0.000000E+00
  0.000000E+00  2.580425E+02  0.000000E+00  0.000000E+00  0.000000E+00
  2.476249E+02  1.073098E+03
     60000  3.000000E+01        52
  2.240390E+14  0.000000E+00 -6.012344E+05  8.253877E+04 -6.907612E+05
  0.000000E+00  0.000000E+00  0.000000E+00  0.000000E+00 -6.012240E+05
  0.000000E+00 -3.239960E+03 -4.657171E+05  4.485012E+05  0.000000E+00
  0.000000E+00  0.000000E+00  0.000000E+00  1.648833E+07  0.000000E+00
  6.987965E+03  1.397593E+04  9.000000E+01  9.000000E+01  9.000000E+01
  0.000000E+00  1.035704E-01  2.240390E+14  1.063846E-01 -1.269531E-03
  2.328445E-03 -1.269531E-03  1.007552E-01 -7.643115E-03  2.328445E-03
 -7.643115E-03  1.035714E-01  1.137058E-02  1.202787E-03  2.382762E-03
  3.947818E-01  9.307871E-01  2.580425E+02  0.000000E+00  0.000000E+00
  0.000000E+00  2.580425E+02  0.000000E+00  0.000000E+00  0.000000E+00
  2.476249E+02  1.079987E+03
     61000  3.050000E+01        52
  2.240390E+14  0.000000E+00 -6.012383E+05  8.254892E+04 -6.907756E+05
  0.000000E+00  0.000000E+00  0.000000E+00  0.000000E+00 -6.012279E+05
  0.000000E+00 -3.265937E+03 -4.657808E+05  4.485381E+05  0.000000E+00
  0.000000E+00  0.000000E+00  0.000000E+00  1.648833E+07  0.000000E+00
  6.988389E+03  1.397678E+04  9.000000E+01  9.000000E+01  9.000000E+01
  0.000000E+00  1.044008E-01  2.240390E+14  1.071622E-01 -1.327867E-03
  2.173157E-03 -1.327867E-03  1.016456E-01 -7.759797E-03  2.173157E-03
 -7.759797E-03  1.043946E-01  1.137058E-02  1.202787E-03  2.382762E-03
  3.947818E-01  9.307871E-01  2.580425E+02  0.000000E+00  0.000000E+00
  0.000000E+00  2.580425E+02  0.000000E+00  0.000000E+00  0.000000E+00
  2.476249E+02  1.088646E+03
     62000  3.100000E+01        52
  2.240390E+14  0.000000E+00 -6.012408E+05  8.255846E+04 -6.907878E+05
  0.000000E+00  0.000000E+00  0.000000E+00  0.000000E+00 -6.012303E+05
  0.000000E+00 -3.290347E+03 -4.658383E+05  4.485708E+05  0.000000E+00
  0.000000E+00  0.000000E+00  0.000000E+00  1.648833E+07  0.000000E+00
  6.988543E+03  1.397709E+04  9.000000E+01  9.000000E+01  9.000000E+01
  0.000000E+00  1.051811E-01  2.240390E+14  1.080152E-01 -1.436645E-03
  2.028021E-03 -1.436645E-03  1.024523E-01 -7.775070E-03  2.028021E-03
 -7.775070E-03  1.050757E-01  1.137058E-02  1.202787E-03  2.382762E-03
  3.947818E-01  9.307871E-01  2.580425E+02  0.000000E+00  0.000000E+00
  0.000000E+00  2.580425E+02  0.000000E+00  0.000000E+00  0.000000E+00
  2.476249E+02  1.096782E+03
     63000  3.150000E+01        52
  2.240390E+14  0.000000E+00 -6.012429E+05  8.256641E+04 -6.907983E+05
  0.000000E+00  0.000000E+00  0.000000E+00  0.000000E+00 -6.012325E+05
  0.000000E+00 -3.309232E+03 -4.658879E+05  4.486007E+05  0.000000E+00
  0.000000E+00  0.000000E+00  0.000000E+00  1.648833E+07  0.000000E+00
  6.988955E+03  1.397791E+04  9.000000E+01  9.000000E+01  9.000000E+01
  0.000000E+00  1.057848E-01  2.240390E+14  1.086147E-01 -1.448599E-03
  1.955118E-03 -1.448599E-03  1.030858E-01 -7.792813E-03  1.955118E-03
 -7.792813E-03  1.056538E-01  1.137058E-02  1.202787E-03  2.382762E-03
  3.947818E-01  9.307871E-01  2.580425E+02  0.000000E+00  0.000000E+00
  0.000000E+00  2.580425E+02  0.000000E+00  0.000000E+00  0.000000E+00
  2.476249E+02  1.103077E+03
     64000  3.200000E+01        52
  2.240390E+14  0.000000E+00 -6.012450E+05  8.257350E+04 -6.908079E+05
  0.000000E+00  0.000000E+00  0.000000E+00  0.000000E+00 -6.012346E+05
  0.000000E+00 -3.325622E+03 -4.659331E+05  4.486286E+05  0.000000E+00
  0.000000E+00  0.000000E+00  0.000000E+00  1.648833E+07  0.000000E+00
  6.989419E+03  1.397884E+04  9.000000E+01  9.000000E+01  9.000000E+01
  0.000000E+00  1.063087E-01  2.240390E+14  1.091152E-01 -1.442976E-03
  1.904516E-03 -1.442976E-03  1.036497E-01 -7.804649E-03  1.904516E-03
 -7.804649E-03  1.061613E-01  1.137058E-02  1.202787E-03  2.382762E-03
  3.947818E-01  9.307871E-01  2.580425E+02  0.000000E+00  0.000000E+00
  0.000000E+00  2.580425E+02  0.000000E+00  0.000000E+00  0.000000E+00
  2.476249E+02  1.108541E+03
     65000  3.250000E+01        52
  2.240390E+14  0.000000E+00 -6.012471E+05  8.257986E+04 -6.908168E+05
  0.000000E+00  0.000000E+00  0.000000E+00  0.000000E+00 -6.012366E+05
  0.000000E+00 -3.340137E+03 -4.659745E+05  4.486546E+05  0.000000E+00
  0.000000E+00  0.000000E+00  0.000000E+00  1.648833E+07  0.000000E+00
  6.989869E+03  1.397974E+04  9.000000E+01  9.000000E+01  9.000000E+01
  0.000000E+00  1.067727E-01  2.240390E+14  1.095552E-01 -1.441088E-03
  1.861313E-03 -1.441088E-03  1.041704E-01 -7.812691E-03  1.861313E-03
 -7.812691E-03  1.065925E-01  1.137058E-02  1.202787E-03  2.382762E-03
  3.947818E-01  9.307871E-01  2.580425E+02  0.000000E+00  0.000000E+00
  0.000000E+00  2.580425E+02  0.000000E+00  0.000000E+00  0.000000E+00
  2.476249E+02  1.113379E+03
     66000  3.300000E+01        52
  2.240390E+14  0.000000E+00 -6.012493E+05  8.258547E+04 -6.908251E+05
  0.000000E+00  0.000000E+00  0.000000E+00  0.000000E+00 -6.012389E+05
  0.000000E+00 -3.353177E+03 -4.660121E+05  4.486784E+05  0.000000E+00
  0.000000E+00  0.000000E+00  0.000000E+00  1.648833E+07  0.000000E+00
  6.990294E+03  1.398059E+04  9.000000E+01  9.000000E+01  9.000000E+01
  0.000000E+00  1.071896E-01  2.240390E+14  1.099441E-01 -1.450540E-03
  1.822232E-03 -1.450540E-03  1.046747E-01 -7.826071E-03  1.822232E-03
 -7.826071E-03  1.069498E-01  1.137058E-02  1.202787E-03  2.382762E-03
  3.947818E-01  9.307871E-01  2.580425E+02  0.000000E+00  0.000000E+00
  0.000000E+00  2.580425E+02  0.000000E+00  0.000000E+00  0.000000E+00
  2.476249E+02  1.117726E+03
     67000  3.350000E+01        52
  2.240390E+14  0.000000E+00 -6.012517E+05  8.259208E+04 -6.908345E+05
  0.000000E+00  0.000000E+00  0.000000E+00  0.000000E+00 -6.012413E+05
  0.000000E+00 -3.369412E+03 -4.660541E+05  4.487033E+05  0.000000E+00
  0.000000E+00  0.000000E+00  0.000000E+00  1.648833E+07  0.000000E+00
  6.990701E+03  1.398140E+04  9.000000E+01  9.000000E+01  9.000000E+01
  0.000000E+00  1.077085E-01  2.240390E+14  1.103062E-01 -1.462494E-03
  1.848336E-03 -1.462494E-03  1.052075E-01 -7.793868E-03  1.848336E-03
 -7.793868E-03  1.076119E-01  1.137058E-02  1.202787E-03  2.382762E-03
  3.947818E-01  9.307871E-01  2.580425E+02  0.000000E+00  0.000000E+00
  0.000000E+00  2.580425E+02  0.000000E+00  0.000000E+00  0.000000E+00
  2.476249E+02  1.123137E+03
     68000  3.400000E+01        52
  2.240390E+14  0.000000E+00 -6.012539E+05  8.259871E+04 -6.908437E+05
  0.000000E+00  0.000000E+00  0.000000E+00  0.000000E+00 -6.012435E+05
  0.000000E+00 -3.385203E+03 -4.660954E+05  4.487281E+05  0.000000E+00
  0.000000E+00  0.000000E+00  0.000000E+00  1.648833E+07  0.000000E+00
  6.991065E+03  1.398213E+04  9.000000E+01  9.000000E+01  9.000000E+01
  0.000000E+00  1.082133E-01  2.240390E+14  1.107073E-01 -1.472788E-03
  1.808483E-03 -1.472788E-03  1.057411E-01 -7.755566E-03  1.808483E-03
 -7.755566E-03  1.081916E-01  1.137058E-02  1.202787E-03  2.382762E-03
  3.947818E-01  9.307871E-01  2.580425E+02  0.000000E+00  0.000000E+00
  0.000000E+00  2.580425E+02  0.000000E+00  0.000000E+00  0.000000E+00
  2.476249E+02  1.128401E+03
     69000  3.450000E+01        52
  2.240390E+14  0.000000E+00 -6.012559E+05  8.260499E+04 -6.908523E+05
  0.000000E+00  0.000000E+00  0.000000E+00  0.000000E+00 -6.012454E+05
  0.000000E+00 -3.399177E+03 -4.661337E+05  4.487517E+05  0.000000E+00
  0.000000E+00  0.000000E+00  0.000000E+00  1.648833E+07  0.000000E+00
  6.991426E+03  1.398285E+04  9.000000E+01  9.000000E+01  9.000000E+01
  0.000000E+00  1.086600E-01  2.240390E+14  1.111398E-01 -1.437731E-03
  1.737909E-03 -1.437731E-03  1.061852E-01 -7.726067E-03  1.737909E-03
 -7.726067E-03  1.086551E-01  1.137058E-02  1.202787E-03  2.382762E-03
  3.947818E-01  9.307871E-01  2.580425E+02  0.000000E+00  0.000000E+00
  0.000000E+00  2.580425E+02  0.000000E+00  0.000000E+00  0.000000E+00
  2.476249E+02  1.133059E+03
     70000  3.500000E+01        52
  2.240390E+14  0.000000E+00 -6.012577E+05  8.261060E+04 -6.908602E+05
  0.000000E+00  0.000000E+00  0.000000E+00  0.000000E+00 -6.012473E+05
  0.000000E+00 -3.410605E+03 -4.661684E+05  4.487740E+05  0.000000E+00
  0.000000E+00  0.000000E+00  0.000000E+00  1.648833E+07  0.000000E+00
  6.991881E+03  1.398376E+04  9.000000E+01  9.000000E+01  9.000000E+01
  0.000000E+00  1.090253E-01  2.240390E+14  1.114471E-01 -1.388071E-03
  1.673404E-03 -1.388071E-03  1.065622E-01 -7.699168E-03  1.673404E-03
 -7.699168E-03  1.090666E-01  1.137058E-02  1.202787E-03  2.382762E-03
  3.947818E-01  9.307871E-01  2.580425E+02  0.000000E+00  0.000000E+00
  0.000000E+00  2.580425E+02  0.000000E+00  0.000000E+00  0.000000E+00
  2.476249E+02  1.136868E+03
     71000  3.550000E+01        52
  2.240390E+14  0.000000E+00 -6.012597E+05  8.261550E+04 -6.908676E+05
  0.000000E+00  0.000000E+00  0.000000E+00  0.000000E+00 -6.012493E+05
  0.000000E+00 -3.419704E+03 -4.661994E+05  4.487950E+05  0.000000E+00
  0.000000E+00  0.000000E+00  0.000000E+00  1.648833E+07  0.000000E+00
  6.992328E+03  1.398466E+04  9.000000E+01  9.000000E+01  9.000000E+01
  0.000000E+00  1.093162E-01  2.240390E+14  1.116239E-01 -1.297734E-03
  1.580238E-03 -1.297734E-03  1.068877E-01 -7.655254E-03  1.580238E-03
 -7.655254E-03  1.094369E-01  1.137058E-02  1.202787E-03  2.382762E-03
  3.947818E-01  9.307871E-01  2.580425E+02  0.000000E+00  0.000000E+00
  0.000000E+00  2.580425E+02  0.000000E+00  0.000000E+00  0.000000E+00
  2.476249E+02  1.139901E+03
     72000  3.600000E+01        52
  2.240390E+14  0.000000E+00 -6.012661E+05  8.262285E+04 -6.908825E+05
  0.000000E+00  0.000000E+00  0.000000E+00  0.000000E+00 -6.012556E+05
  0.000000E+00 -3.429955E+03 -4.662403E+05  4.488231E+05  0.000000E+00
  0.000000E+00  0.000000E+00  0.000000E+00  1.648833E+07  0.000000E+00
  6.993597E+03  1.398719E+04  9.000000E+01  9.000000E+01  9.000000E+01
  0.000000E+00  1.096439E-01  2.240390E+14  1.118637E-01 -1.216553E-03
  1.471042E-03 -1.216553E-03  1.072550E-01 -7.600377E-03  1.471042E-03
 -7.600377E-03  1.098129E-01  1.137058E-02  1.202787E-03  2.382762E-03
  3.947818E-01  9.307871E-01  2.580425E+02  0.000000E+00  0.000000E+00
  0.000000E+00  2.580425E+02  0.000000E+00  0.000000E+00  0.000000E+00
  2.476249E+02  1.143318E+03
     73000  3.650000E+01        52
  2.240390E+14  0.000000E+00 -6.012681E+05  8.262952E+04 -6.908912E+05
  0.000000E+00  0.000000E+00  0.000000E+00  0.000000E+00 -6.012577E+05
  0.000000E+00 -3.444822E+03 -4.662786E+05  4.488467E+05  0.000000E+00
  0.000000E+00  0.000000E+00  0.000000E+00  1.648833E+07  0.000000E+00
  6.993565E+03  1.398713E+04  9.000000E+01  9.000000E+01  9.000000E+01
  0.000000E+00  1.101191E-01  2.240390E+14  1.124991E-01 -1.332618E-03
  1.566620E-03 -1.332618E-03  1.076404E-01 -7.658581E-03  1.566620E-03
 -7.658581E-03  1.102180E-01  1.137058E-02  1.202787E-03  2.382762E-03
  3.947818E-01  9.307871E-01  2.580425E+02  0.000000E+00  0.000000E+00
  0.000000E+00  2.580425E+02  0.000000E+00  0.000000E+00  0.000000E+00
  2.476249E+02  1.148274E+03
     74000  3.700000E+01        52
  2.240390E+14  0.000000E+00 -6.012698E+05  8.263445E+04 -6.908982E+05
  0.000000E+00  0.000000E+00  0.000000E+00  0.000000E+00 -6.012593E+05
  0.000000E+00 -3.454912E+03 -4.663095E+05  4.488667E+05  0.000000E+00
  0.000000E+00  0.000000E+00  0.000000E+00  1.648833E+07  0.000000E+00
  6.993956E+03  1.398791E+04  9.000000E+01  9.000000E+01  9.000000E+01
  0.000000E+00  1.104416E-01  2.240390E+14  1.128198E-01 -1.355714E-03
  1.556011E-03 -1.355714E-03  1.079488E-01 -7.657707E-03  1.556011E-03
 -7.657707E-03  1.105564E-01  1.137058E-02  1.202787E-03  2.382762E-03
  3.947818E-01  9.307871E-01  2.580425E+02  0.000000E+00  0.000000E+00
  0.000000E+00  2.580425E+02  0.000000E+00  0.000000E+00  0.000000E+00
  2.476249E+02  1.151637E+03
     75000  3.750000E+01        52
  2.240390E+14  0.000000E+00 -6.012713E+05  8.263913E+04 -6.909048E+05
  0.000000E+00  0.000000E+00  0.000000E+00  0.000000E+00 -6.012609E+05
  0.000000E+00 -3.464521E+03 -4.663388E+05  4.488856E+05  0.000000E+00
  0.000000E+00  0.000000E+00  0.000000E+00  1.648833E+07  0.000000E+00
  6.994351E+03  1.398870E+04  9.000000E+01  9.000000E+01  9.000000E+01
  0.000000E+00  1.107488E-01  2.240390E+14  1.131237E-01 -1.386239E-03
  1.549459E-03 -1.386239E-03  1.082425E-01 -7.655628E-03  1.549459E-03
 -7.655628E-03  1.108802E-01  1.137058E-02  1.202787E-03  2.382762E-03
  3.947818E-01  9.307871E-01  2.580425E+02  0.000000E+00  0.000000E+00
  0.000000E+00  2.580425E+02  0.000000E+00  0.000000E+00  0.000000E+00
  2.476249E+02  1.154840E+03
     76000  3.800000E+01        52
  2.240390E+14  0.000000E+00 -6.012728E+05  8.264357E+04 -6.909111E+05
  0.000000E+00  0.000000E+00  0.000000E+00  0.000000E+00 -6.012624E+05
  0.000000E+00 -3.473590E+03 -4.663667E+05  4.489036E+05  0.000000E+00
  0.000000E+00  0.000000E+00  0.000000E+00  1.648833E+07  0.000000E+00
  6.994746E+03  1.398949E+04  9.000000E+01  9.000000E+01  9.000000E+01
  0.000000E+00  1.110387E-01  2.240390E+14  1.134033E-01 -1.414026E-03
  1.539522E-03 -1.414026E-03  1.085230E-01 -7.650831E-03  1.539522E-03
 -7.650831E-03  1.111899E-01  1.137058E-02  1.202787E-03  2.382762E-03
  3.947818E-01  9.307871E-01  2.580425E+02  0.000000E+00  0.000000E+00
  0.000000E+00  2.580425E+02  0.000000E+00  0.000000E+00  0.000000E+00
  2.476249E+02  1.157863E+03
     77000  3.850000E+01        52
  2.240390E+14  0.000000E+00 -6.012743E+05  8.264776E+04 -6.909172E+05
  0.000000E+00  0.000000E+00  0.000000E+00  0.000000E+00 -6.012638E+05
  0.000000E+00 -3.482087E+03 -4.663930E+05  4.489207E+05  0.000000E+00
  0.000000E+00  0.000000E+00  0.000000E+00  1.648833E+07  0.000000E+00
  6.995139E+03  1.399028E+04  9.000000E+01  9.000000E+01  9.000000E+01
  0.000000E+00  1.113103E-01  2.240390E+14  1.136572E-01 -1.435245E-03
  1.524714E-03 -1.435245E-03  1.087872E-01 -7.642417E-03  1.524714E-03
 -7.642417E-03  1.114866E-01  1.137058E-02  1.202787E-03  2.382762E-03
  3.947818E-01  9.307871E-01  2.580425E+02  0.000000E+00  0.000000E+00
  0.000000E+00  2.580425E+02  0.000000E+00  0.000000E+00  0.000000E+00
  2.476249E+02  1.160696E+03
     78000  3.900000E+01        52
  2.240390E+14  0.000000E+00 -6.012757E+05  8.265172E+04 -6.909230E+05
  0.000000E+00  0.000000E+00  0.000000E+00  0.000000E+00 -6.012653E+05
  0.000000E+00 -3.490013E+03 -4.664180E+05  4.489370E+05  0.000000E+00
  0.000000E+00  0.000000E+00  0.000000E+00  1.648833E+07  0.000000E+00
  6.995530E+03  1.399106E+04  9.000000E+01  9.000000E+01  9.000000E+01
  0.000000E+00  1.115637E-01  2.240390E+14  1.138865E-01 -1.449639E-03
  1.505782E-03 -1.449639E-03  1.090326E-01 -7.630721E-03  1.505782E-03
 -7.630721E-03  1.117720E-01  1.137058E-02  1.202787E-03  2.382762E-03
  3.947818E-01  9.307871E-01  2.580425E+02  0.000000E+00  0.000000E+00
  0.000000E+00  2.580425E+02  0.000000E+00  0.000000E+00  0.000000E+00
  2.476249E+02  1.163338E+03
     79000  3.950000E+01        52
  2.240390E+14  0.000000E+00 -6.012771E+05  8.265545E+04 -6.909285E+05
  0.000000E+00  0.000000E+00  0.000000E+00  0.000000E+00 -6.012667E+05
  0.000000E+00 -3.497429E+03 -4.664418E+05  4.489525E+05  0.000000E+00
  0.000000E+00  0.000000E+00  0.000000E+00  1.648833E+07  0.000000E+00
  6.995918E+03  1.399184E+04  9.000000E+01  9.000000E+01  9.000000E+01
  0.000000E+00  1.118008E-01  2.240390E+14  1.140979E-01 -1.457153E-03
  1.484260E-03 -1.457153E-03  1.092553E-01 -7.616307E-03  1.484260E-03
 -7.616307E-03  1.120491E-01  1.137058E-02  1.202787E-03  2.382762E-03
  3.947818E-01  9.307871E-01  2.580425E+02  0.000000E+00  0.000000E+00
  0.000000E+00  2.580425E+02  0.000000E+00  0.000000E+00  0.000000E+00
  2.476249E+02  1.165810E+03
     80000  4.000000E+01        52
  2.240390E+14  0.000000E+00 -6.012786E+05  8.265893E+04 -6.909338E+05
  0.000000E+00  0.000000E+00  0.000000E+00  0.000000E+00 -6.012681E+05
  0.000000E+00 -3.504302E+03 -4.664642E+05  4.489673E+05  0.000000E+00
  0.000000E+00  0.000000E+00  0.000000E+00  1.648833E+07  0.000000E+00
  6.996299E+03  1.399260E+04  9.000000E+01  9.000000E+01  9.000000E+01
  0.000000E+00  1.120205E-01  2.240390E+14  1.142923E-01 -1.457337E-03
  1.463649E-03 -1.457337E-03  1.094455E-01 -7.598075E-03  1.463649E-03
 -7.598075E-03  1.123236E-01  1.137058E-02  1.202787E-03  2.382762E-03
  3.947818E-01  9.307871E-01  2.580425E+02  0.000000E+00  0.000000E+00
  0.000000E+00  2.580425E+02  0.000000E+00  0.000000E+00  0.000000E+00
  2.476249E+02  1.168101E+03
     81000  4.050000E+01        52
  2.240390E+14  0.000000E+00 -6.012802E+05  8.266218E+04 -6.909390E+05
  0.000000E+00  0.000000E+00  0.000000E+00  0.000000E+00 -6.012697E+05
  0.000000E+00 -3.510962E+03 -4.664855E+05  4.489812E+05  0.000000E+00
  0.000000E+00  0.000000E+00  0.000000E+00  1.648833E+07  0.000000E+00
  6.996690E+03  1.399338E+04  9.000000E+01  9.000000E+01  9.000000E+01
  0.000000E+00  1.122334E-01  2.240390E+14  1.144804E-01 -1.444799E-03
  1.448558E-03 -1.444799E-03  1.096099E-01 -7.574119E-03  1.448558E-03
 -7.574119E-03  1.126098E-01  1.137058E-02  1.202787E-03  2.382762E-03
  3.947818E-01  9.307871E-01  2.580425E+02  0.000000E+00  0.000000E+00
  0.000000E+00  2.580425E+02  0.000000E+00  0.000000E+00  0.000000E+00
  2.476249E+02  1.170321E+03
     82000  4.100000E+01        52
  2.240390E+14  0.000000E+00 -6.012818E+05  8.266620E+04 -6.909451E+05
  0.000000E+00  0.000000E+00  0.000000E+00  0.000000E+00 -6.012714E+05
  0.000000E+00 -3.520086E+03 -4.665100E+05  4.489959E+05  0.000000E+00
  0.000000E+00  0.000000E+00  0.000000E+00  1.648833E+07  0.000000E+00
  6.997027E+03  1.399405E+04  9.000000E+01  9.000000E+01  9.000000E+01
  0.000000E+00  1.125251E-01  2.240390E+14  1.146858E-01 -1.415464E-03
  1.431012E-03 -1.415464E-03  1.100339E-01 -7.531496E-03  1.431012E-03
 -7.531496E-03  1.128555E-01  1.137058E-02  1.202787E-03  2.382762E-03
  3.947818E-01  9.307871E-01  2.580425E+02  0.000000E+00  0.000000E+00
  0.000000E+00  2.580425E+02  0.000000E+00  0.000000E+00  0.000000E+00
  2.476249E+02  1.173362E+03
     83000  4.150000E+01        52
  2.240390E+14  0.000000E+00 -6.012833E+05  8.266986E+04 -6.909505E+05
  0.000000E+00  0.000000E+00  0.000000E+00  0.000000E+00 -6.012728E+05
  0.000000E+00 -3.527482E+03 -4.665324E+05  4.490102E+05  0.000000E+00
  0.000000E+00  0.000000E+00  0.000000E+00  1.648833E+07  0.000000E+00
  6.997391E+03  1.399478E+04  9.000000E+01  9.000000E+01  9.000000E+01
  0.000000E+00  1.127615E-01  2.240390E+14  1.148294E-01 -1.407938E-03
  1.406656E-03 -1.407938E-03  1.104189E-01 -7.499005E-03  1.406656E-03
 -7.499005E-03  1.130361E-01  1.137058E-02  1.202787E-03  2.382762E-03
  3.947818E-01  9.307871E-01  2.580425E+02  0.000000E+00  0.000000E+00
  0.000000E+00  2.580425E+02  0.000000E+00  0.000000E+00  0.000000E+00
  2.476249E+02  1.175827E+03
     84000  4.200000E+01        52
  2.240390E+14  0.000000E+00 -6.012846E+05  8.267304E+04 -6.909554E+05
  0.000000E+00  0.000000E+00  0.000000E+00  0.000000E+00 -6.012742E+05
  0.000000E+00 -3.533329E+03 -4.665524E+05  4.490235E+05  0.000000E+00
  0.000000E+00  0.000000E+00  0.000000E+00  1.648833E+07  0.000000E+00
  6.997776E+03  1.399555E+04  9.000000E+01  9.000000E+01  9.000000E+01
  0.000000E+00  1.129484E-01  2.240390E+14  1.149322E-01 -1.392603E-03
  1.391957E-03 -1.392603E-03  1.106986E-01 -7.488610E-03  1.391957E-03
 -7.488610E-03  1.132144E-01  1.137058E-02  1.202787E-03  2.382762E-03
  3.947818E-01  9.307871E-01  2.580425E+02  0.000000E+00  0.000000E+00
  0.000000E+00  2.580425E+02  0.000000E+00  0.000000E+00  0.000000E+00
  2.476249E+02  1.177776E+03
     85000  4.250000E+01        52
  2.240390E+14  0.000000E+00 -6.012860E+05  8.267582E+04 -6.909600E+05
  0.000000E+00  0.000000E+00  0.000000E+00  0.000000E+00 -6.012756E+05
  0.000000E+00 -3.538108E+03 -4.665705E+05  4.490361E+05  0.000000E+00
  0.000000E+00  0.000000E+00  0.000000E+00  1.648833E+07  0.000000E+00
  6.998151E+03  1.399630E+04  9.000000E+01  9.000000E+01  9.000000E+01
  0.000000E+00  1.131011E-01  2.240390E+14  1.149766E-01 -1.337810E-03
  1.394747E-03 -1.337810E-03  1.109341E-01 -7.497444E-03  1.394747E-03
 -7.497444E-03  1.133928E-01  1.137058E-02  1.202787E-03  2.382762E-03
  3.947818E-01  9.307871E-01  2.580425E+02  0.000000E+00  0.000000E+00
  0.000000E+00  2.580425E+02  0.000000E+00  0.000000E+00  0.000000E+00
  2.476249E+02  1.179369E+03
     86000  4.300000E+01        52
  2.240390E+14  0.000000E+00 -6.012877E+05  8.267898E+04 -6.909651E+05
  0.000000E+00  0.000000E+00  0.000000E+00  0.000000E+00 -6.012772E+05
  0.000000E+00 -3.544323E+03 -4.665901E+05  4.490488E+05  0.000000E+00
  0.000000E+00  0.000000E+00  0.000000E+00  1.648833E+07  0.000000E+00
  6.998449E+03  1.399690E+04  9.000000E+01  9.000000E+01  9.000000E+01
  0.000000E+00  1.132998E-01  2.240390E+14  1.151077E-01 -1.313050E-03
  1.367639E-03 -1.313050E-03  1.111934E-01 -7.492419E-03  1.367639E-03
 -7.492419E-03  1.135983E-01  1.137058E-02  1.202787E-03  2.382762E-03
  3.947818E-01  9.307871E-01  2.580425E+02  0.000000E+00  0.000000E+00
  0.000000E+00  2.580425E+02  0.000000E+00  0.000000E+00  0.000000E+00
  2.476249E+02  1.181441E+03
     87000  4.350000E+01        52
  2.240390E+14  0.000000E+00 -6.012891E+05  8.268273E+04 -6.909705E+05
  0.000000E+00  0.000000E+00  0.000000E+00  0.000000E+00 -6.012786E+05
  0.000000E+00 -3.552021E+03 -4.666116E+05  4.490622E+05  0.000000E+00
  0.000000E+00  0.000000E+00  0.000000E+00  1.648833E+07  0.000000E+00
  6.998690E+03  1.399738E+04  9.000000E+01  9.000000E+01  9.000000E+01
  0.000000E+00  1.135459E-01  2.240390E+14  1.153540E-01 -1.363503E-03
  1.302261E-03 -1.363503E-03  1.114683E-01 -7.462686E-03  1.302261E-03
 -7.462686E-03  1.138153E-01  1.137058E-02  1.202787E-03  2.382762E-03
  3.947818E-01  9.307871E-01  2.580425E+02  0.000000E+00  0.000000E+00
  0.000000E+00  2.580425E+02  0.000000E+00  0.000000E+00  0.000000E+00
  2.476249E+02  1.184007E+03
     88000  4.400000E+01        52
  2.240390E+14  0.000000E+00 -6.012904E+05  8.268626E+04 -6.909757E+05
  0.000000E+00  0.000000E+00  0.000000E+00  0.000000E+00 -6.012800E+05
  0.000000E+00 -3.558663E+03 -4.666320E+05  4.490753E+05  0.000000E+00
  0.000000E+00  0.000000E+00  0.000000E+00  1.648833E+07  0.000000E+00
  6.999019E+03  1.399804E+04  9.000000E+01  9.000000E+01  9.000000E+01
  0.000000E+00  1.137582E-01  2.240390E+14  1.155583E-01 -1.401590E-03
  1.269024E-03 -1.401590E-03  1.117123E-01 -7.450471E-03  1.269024E-03
 -7.450471E-03  1.140041E-01  1.137058E-02  1.202787E-03  2.382762E-03
  3.947818E-01  9.307871E-01  2.580425E+02  0.000000E+00  0.000000E+00
  0.000000E+00  2.580425E+02  0.000000E+00  0.000000E+00  0.000000E+00
  2.476249E+02  1.186221E+03
     89000  4.450000E+01        52
  2.240390E+14  0.000000E+00 -6.012917E+05  8.268949E+04 -6.909806E+05
  0.000000E+00  0.000000E+00  0.000000E+00  0.000000E+00 -6.012813E+05
  0.000000E+00 -3.564423E+03 -4.666511E+05  4.490879E+05  0.000000E+00
  0.000000E+00  0.000000E+00  0.000000E+00  1.648833E+07  0.000000E+00
  6.999394E+03  1.399879E+04  9.000000E+01  9.000000E+01  9.000000E+01
  0.000000E+00  1.139424E-01  2.240390E+14  1.157372E-01 -1.435844E-03
  1.252776E-03 -1.435844E-03  1.119198E-01 -7.434989E-03  1.252776E-03
 -7.434989E-03  1.141701E-01  1.137058E-02  1.202787E-03  2.382762E-03
  3.947818E-01  9.307871E-01  2.580425E+02  0.000000E+00  0.000000E+00
  0.000000E+00  2.580425E+02  0.000000E+00  0.000000E+00  0.000000E+00
  2.476249E+02  1.188141E+03
     90000  4.500000E+01        52
  2.240390E+14  0.000000E+00 -6.012930E+05  8.269239E+04 -6.909851E+05
  0.000000E+00  0.000000E+00  0.000000E+00  0.000000E+00 -6.012825E+05
  0.000000E+00 -3.569476E+03 -4.666687E+05  4.490997E+05  0.000000E+00
  0.000000E+00  0.000000E+00  0.000000E+00  1.648833E+07  0.000000E+00
  6.999758E+03  1.399952E+04  9.000000E+01  9.000000E+01  9.000000E+01
  0.000000E+00  1.141039E-01  2.240390E+14  1.159043E-01 -1.469974E-03
  1.241321E-03 -1.469974E-03  1.120900E-01 -7.409400E-03  1.241321E-03
 -7.409400E-03  1.143173E-01  1.137058E-02  1.202787E-03  2.382762E-03
  3.947818E-01  9.307871E-01  2.580425E+02  0.000000E+00  0.000000E+00
  0.000000E+00  2.580425E+02  0.000000E+00  0.000000E+00  0.000000E+00
  2.476249E+02  1.189825E+03
     91000  4.550000E+01        52
  2.240390E+14  0.000000E+00 -6.012941E+05  8.269504E+04 -6.909892E+05
  0.000000E+00  0.000000E+00  0.000000E+00  0.000000E+00 -6.012837E+05
  0.000000E+00 -3.574145E+03 -4.666852E+05  4.491109E+05  0.000000E+00
  0.000000E+00  0.000000E+00  0.000000E+00  1.648833E+07  0.000000E+00
  7.000077E+03  1.400015E+04  9.000000E+01  9.000000E+01  9.000000E+01
  0.000000E+00  1.142531E-01  2.240390E+14  1.160666E-01 -1.497906E-03
  1.227744E-03 -1.497906E-03  1.122361E-01 -7.383208E-03  1.227744E-03
 -7.383208E-03  1.144567E-01  1.137058E-02  1.202787E-03  2.382762E-03
  3.947818E-01  9.307871E-01  2.580425E+02  0.000000E+00  0.000000E+00
  0.000000E+00  2.580425E+02  0.000000E+00  0.000000E+00  0.000000E+00
  2.476249E+02  1.191382E+03
     92000  4.600000E+01        52
  2.240390E+14  0.000000E+00 -6.012953E+05  8.269755E+04 -6.909932E+05
  0.000000E+00  0.000000E+00  0.000000E+00  0.000000E+00 -6.012848E+05
  0.000000E+00 -3.578600E+03 -4.667009E+05  4.491216E+05  0.000000E+00
  0.000000E+00  0.000000E+00  0.000000E+00  1.648833E+07  0.000000E+00
  7.000359E+03  1.400072E+04  9.000000E+01  9.000000E+01  9.000000E+01
  0.000000E+00  1.143956E-01  2.240390E+14  1.162236E-01 -1.515901E-03
  1.211975E-03 -1.515901E-03  1.123696E-01 -7.362796E-03  1.211975E-03
 -7.362796E-03  1.145934E-01  1.137058E-02  1.202787E-03  2.382762E-03
  3.947818E-01  9.307871E-01  2.580425E+02  0.000000E+00  0.000000E+00
  0.000000E+00  2.580425E+02  0.000000E+00  0.000000E+00  0.000000E+00
  2.476249E+02  1.192867E+03
     93000  4.650000E+01        52
  2.240390E+14  0.000000E+00 -6.012964E+05  8.269995E+04 -6.909970E+05
  0.000000E+00  0.000000E+00  0.000000E+00  0.000000E+00 -6.012860E+05
  0.000000E+00 -3.582862E+03 -4.667161E+05  4.491320E+05  0.000000E+00
  0.000000E+00  0.000000E+00  0.000000E+00  1.648833E+07  0.000000E+00
  7.000617E+03  1.400123E+04  9.000000E+01  9.000000E+01  9.000000E+01
  0.000000E+00  1.145318E-01  2.240390E+14  1.163725E-01 -1.525680E-03
  1.196301E-03 -1.525680E-03  1.124963E-01 -7.348278E-03  1.196301E-03
 -7.348278E-03  1.147265E-01  1.137058E-02  1.202787E-03  2.382762E-03
  3.947818E-01  9.307871E-01  2.580425E+02  0.000000E+00  0.000000E+00
  0.000000E+00  2.580425E+02  0.000000E+00  0.000000E+00  0.000000E+00
  2.476249E+02  1.194287E+03
     94000  4.700000E+01        52
  2.240390E+14  0.000000E+00 -6.012975E+05  8.270228E+04 -6.910006E+05
  0.000000E+00  0.000000E+00  0.000000E+00  0.000000E+00 -6.012871E+05
  0.000000E+00 -3.586943E+03 -4.667309E+05  4.491422E+05  0.000000E+00
  0.000000E+00  0.000000E+00  0.000000E+00  1.648833E+07  0.000000E+00
  7.000861E+03  1.400172E+04  9.000000E+01  9.000000E+01  9.000000E+01
  0.000000E+00  1.146622E-01  2.240390E+14  1.165141E-01 -1.529894E-03
  1.181573E-03 -1.529894E-03  1.126180E-01 -7.337174E-03  1.181573E-03
 -7.337174E-03  1.148546E-01  1.137058E-02  1.202787E-03  2.382762E-03
  3.947818E-01  9.307871E-01  2.580425E+02  0.000000E+00  0.000000E+00
  0.000000E+00  2.580425E+02  0.000000E+00  0.000000E+00  0.000000E+00
  2.476249E+02  1.195648E+03
     95000  4.750000E+01        52
  2.240390E+14  0.000000E+00 -6.012986E+05  8.270453E+04 -6.910042E+05
  0.000000E+00  0.000000E+00  0.000000E+00  0.000000E+00 -6.012881E+05
  0.000000E+00 -3.590843E+03 -4.667452E+05  4.491521E+05  0.000000E+00
  0.000000E+00  0.000000E+00  0.000000E+00  1.648833E+07  0.000000E+00
  7.001096E+03  1.400219E+04  9.000000E+01  9.000000E+01  9.000000E+01
  0.000000E+00  1.147869E-01  2.240390E+14  1.166484E-01 -1.530274E-03
  1.167723E-03 -1.530274E-03  1.127347E-01 -7.328993E-03  1.167723E-03
 -7.328993E-03  1.149776E-01  1.137058E-02  1.202787E-03  2.382762E-03
  3.947818E-01  9.307871E-01  2.580425E+02  0.000000E+00  0.000000E+00
  0.000000E+00  2.580425E+02  0.000000E+00  0.000000E+00  0.000000E+00
  2.476249E+02  1.196948E+03
