title: # Li56 La24 Zr16 O96                                                    
energy unitS: electron Volts
         0  0.000000E+00        52
 -5.385715E+05  7.000000E+02 -5.407429E+05  6.307024E+04 -6.038132E+05
  0.000000E+00  0.000000E+00  0.000000E+00  0.000000E+00 -5.385713E+05
  0.000000E+00  1.563293E+05 -4.473454E+05  6.036747E+05  0.000000E+00
  0.000000E+00  0.000000E+00  0.000000E+00  2.781571E+05  0.000000E+00
  0.000000E+00  0.000000E+00  9.000000E+01  9.000000E+01  9.000000E+01
  0.000000E+00 -2.879964E+02  0.000000E+00 -3.013735E+02 -2.810840E-02
  2.873953E-03 -2.810840E-02 -3.013378E+02  4.886138E-02  2.873953E-03
  4.886138E-02 -2.612779E+02  0.000000E+00  0.000000E+00  0.000000E+00
  0.000000E+00  0.000000E+00  6.618035E+01  0.000000E+00  0.000000E+00
  0.000000E+00  6.618035E+01  0.000000E+00  0.000000E+00  0.000000E+00
  6.350853E+01 -5.066211E+04
      1000  5.000000E-01        52
  5.267471E+10  7.000000E+02 -5.597933E+05  9.024242E+04 -6.561352E+05
  0.000000E+00  0.000000E+00  0.000000E+00  0.000000E+00 -5.576215E+05
  0.000000E+00  1.316903E+05 -5.346984E+05  6.541896E+05  0.000000E+00
  0.000000E+00  0.000000E+00  0.000000E+00  4.595003E+05  8.207601E-02
  6.099549E+03  1.219910E+04  9.000000E+01  9.000000E+01  9.000000E+01
  0.000000E+00 -1.460752E+02  5.267527E+10 -1.538456E+02 -5.664315E+00
  2.071951E+00 -5.664315E+00 -1.522548E+02 -7.851797E-01  2.071951E+00
 -7.851797E-01 -1.321253E+02  2.986011E+00  6.090548E-01  5.927208E-01
  2.113761E+00  1.593390E+03  7.823377E+01  0.000000E+00  0.000000E+00
  0.000000E+00  7.823377E+01  0.000000E+00  0.000000E+00  0.000000E+00
  7.507533E+01 -4.244909E+04
      2000  1.000000E+00        52
  5.268117E+10  7.617872E+02 -5.619300E+05  9.519035E+04 -6.646423E+05
  0.000000E+00  0.000000E+00  0.000000E+00  0.000000E+00 -5.595664E+05
  0.000000E+00  1.039083E+05 -5.689221E+05  6.577864E+05  0.000000E+00
  0.000000E+00  0.000000E+00  0.000000E+00  6.629275E+05  1.031907E+02
  7.521937E+03  1.504387E+04  9.000000E+01  9.000000E+01  9.000000E+01
  0.000000E+00 -7.885683E+01  5.268173E+10 -7.899084E+01  3.705234E-01
  5.065451E+00  3.705234E-01 -8.327634E+01  6.114172E-02  5.065451E+00
  6.114172E-02 -7.430330E+01  5.670566E+00  2.884218E+00  2.303156E+00
  8.879867E+00  3.079326E+03  8.840042E+01  0.000000E+00  0.000000E+00
  0.000000E+00  8.840042E+01  0.000000E+00  0.000000E+00  0.000000E+00
  8.483154E+01 -3.306065E+04
      3000  1.500000E+00        52
  5.268377E+10  8.450313E+02 -5.624257E+05  1.053428E+05 -6.736503E+05
  0.000000E+00  0.000000E+00  0.000000E+00  0.000000E+00 -5.598038E+05
  0.000000E+00  5.388344E+04 -6.184797E+05  6.605996E+05  0.000000E+00
  0.000000E+00  0.000000E+00  0.000000E+00  8.153484E+05  2.839142E+02
  5.881807E+03  1.176361E+04  9.000000E+01  9.000000E+01  9.000000E+01
  0.000000E+00 -3.144335E+01  5.268433E+10 -2.994334E+01  1.591797E+00
 -1.584282E+00  1.591797E+00 -2.995285E+01 -1.239483E+00 -1.584282E+00
 -1.239483E+00 -3.443387E+01  7.854620E+00  4.892044E+00  4.026436E+00
  1.611744E+01  3.835167E+03  9.471383E+01  0.000000E+00  0.000000E+00
  0.000000E+00  9.471383E+01  0.000000E+00  0.000000E+00  0.000000E+00
  9.089006E+01 -1.621355E+04
      4000  2.000000E+00        52
  5.269023E+10  7.000000E+02 -5.634733E+05  1.141007E+05 -6.853887E+05
  0.000000E+00  0.000000E+00  0.000000E+00  0.000000E+00 -5.613010E+05
  0.000000E+00  1.733328E+03 -6.653159E+05  6.514198E+05  0.000000E+00
  0.000000E+00  0.000000E+00  0.000000E+00  1.158589E+06  2.337113E-02
  7.814692E+03  1.562938E+04  9.000000E+01  9.000000E+01  9.000000E+01
  0.000000E+00  1.187206E+00  5.269079E+10  2.156641E+00 -2.857119E-01
  7.025925E-02 -2.857119E-01  2.783441E+00 -1.427284E-01  7.025925E-02
 -1.427284E-01 -1.378463E+00  1.348108E+01  1.031949E+01  8.730397E+00
  2.613875E+01  5.055836E+03  1.064818E+02  0.000000E+00  0.000000E+00
  0.000000E+00  1.064818E+02  0.000000E+00  0.000000E+00  0.000000E+00
  1.021830E+02  8.698846E+02
      5000  2.500000E+00        52
  5.269050E+10  7.046936E+02 -5.672608E+05  1.125706E+05 -6.873486E+05
  0.000000E+00  0.000000E+00  0.000000E+00  0.000000E+00 -5.650738E+05
  0.000000E+00 -1.503683E+04 -6.609108E+05  6.308395E+05  0.000000E+00
  0.000000E+00  0.000000E+00  0.000000E+00  1.435951E+06  9.354698E+00
  7.517244E+03  1.503449E+04  9.000000E+01  9.000000E+01  9.000000E+01
  0.000000E+00  7.124176E+00  5.269106E+10  8.421617E+00  5.967802E-01
 -2.488366E-01  5.967802E-01  9.053757E+00 -4.186611E-01 -2.488366E-01
 -4.186611E-01  3.897155E+00  1.749723E+01  1.394167E+01  1.220523E+01
  3.833057E+01  6.082874E+03  1.143788E+02  0.000000E+00  0.000000E+00
  0.000000E+00  1.143788E+02  0.000000E+00  0.000000E+00  0.000000E+00
  1.097611E+02  6.469642E+03
      6000  3.000000E+00        52
  5.269052E+10  7.865195E+02 -5.705012E+05  1.042757E+05 -6.812841E+05
  0.000000E+00  0.000000E+00  0.000000E+00  0.000000E+00 -5.680601E+05
  0.000000E+00 -1.496665E+04 -6.195943E+05  5.916134E+05  0.000000E+00
  0.000000E+00  0.000000E+00  0.000000E+00  1.899263E+06  1.647761E+02
  6.507131E+03  1.301426E+04  9.000000E+01  9.000000E+01  9.000000E+01
  0.000000E+00  5.507694E+00  5.269109E+10  6.300553E+00  5.261164E-01
  3.268976E-01  5.261164E-01  7.043029E+00  4.080102E-01  3.268976E-01
  4.080102E-01  3.179500E+00  2.123463E+01  1.733356E+01  1.552310E+01
  5.298043E+01  7.141152E+03  1.255531E+02  0.000000E+00  0.000000E+00
  0.000000E+00  1.255531E+02  0.000000E+00  0.000000E+00  0.000000E+00
  1.204843E+02  6.615473E+03
      7000  3.500000E+00        52
  5.269070E+10  7.000000E+02 -5.744070E+05  1.054419E+05 -6.871029E+05
  0.000000E+00  0.000000E+00  0.000000E+00  0.000000E+00 -5.722341E+05
  0.000000E+00 -3.248067E+04 -6.222252E+05  5.752366E+05  0.000000E+00
  0.000000E+00  0.000000E+00  0.000000E+00  2.223001E+06  2.068618E-02
  7.253989E+03  1.450798E+04  9.000000E+01  9.000000E+01  9.000000E+01
  0.000000E+00  8.730918E+00  5.269127E+10  9.597973E+00 -4.792262E-01
  4.135217E-01 -4.792262E-01  9.224055E+00 -9.242186E-02  4.135217E-01
 -9.242186E-02  7.370725E+00  2.538132E+01  2.064204E+01  1.877027E+01
  6.537834E+01  7.728750E+03  1.323160E+02  0.000000E+00  0.000000E+00
  0.000000E+00  1.323160E+02  0.000000E+00  0.000000E+00  0.000000E+00
  1.269741E+02  1.227455E+04
      8000  4.000000E+00        52
  5.269070E+10  7.093153E+02 -5.778789E+05  1.044742E+05 -6.897638E+05
  0.000000E+00  0.000000E+00  0.000000E+00  0.000000E+00 -5.756770E+05
  0.000000E+00 -3.854597E+04 -6.183052E+05  5.649379E+05  0.000000E+00
  0.000000E+00  0.000000E+00  0.000000E+00  2.397701E+06  1.692545E+01
  7.410683E+03  1.482137E+04  9.000000E+01  9.000000E+01  9.000000E+01
  0.000000E+00  9.440780E+00  5.269127E+10  9.116373E+00  5.495716E-01
  2.504252E-01  5.495716E-01  1.117576E+01  6.918986E-01  2.504252E-01
  6.918986E-01  8.030211E+00  3.149382E+01  2.509977E+01  2.304111E+01
  8.979510E+01  7.882734E+03  1.356951E+02  0.000000E+00  0.000000E+00
  0.000000E+00  1.356951E+02  0.000000E+00  0.000000E+00  0.000000E+00
  1.302168E+02  1.431558E+04
      9000  4.500000E+00        52
  5.269089E+10  7.076877E+02 -5.811295E+05  9.633465E+04 -6.839906E+05
  0.000000E+00  0.000000E+00  0.000000E+00  0.000000E+00 -5.789322E+05
  0.000000E+00 -2.910933E+04 -5.713284E+05  5.291661E+05  0.000000E+00
  0.000000E+00  0.000000E+00  0.000000E+00  3.097489E+06  4.271195E+00
  6.526447E+03  1.305289E+04  9.000000E+01  9.000000E+01  9.000000E+01
  0.000000E+00  5.700432E+00  5.269147E+10  6.446356E+00 -5.514797E-01
 -5.199144E-01 -5.514797E-01  5.739779E+00  3.866712E-01 -5.199144E-01
  3.866712E-01  4.915161E+00  3.390191E+01  2.704489E+01  2.492050E+01
  1.009674E+02  8.903651E+03  1.477868E+02  0.000000E+00  0.000000E+00
  0.000000E+00  1.477868E+02  0.000000E+00  0.000000E+00  0.000000E+00
  1.418204E+02  1.116667E+04
     10000  5.000000E+00        52
  5.270085E+10  7.000000E+02 -5.836200E+05  9.788693E+04 -6.888237E+05
  0.000000E+00  0.000000E+00  0.000000E+00  0.000000E+00 -5.814464E+05
  0.000000E+00 -3.403008E+04 -5.782230E+05  5.295592E+05  0.000000E+00
  0.000000E+00  0.000000E+00  0.000000E+00  3.206392E+06  2.256841E-02
  7.316849E+03  1.463370E+04  9.000000E+01  9.000000E+01  9.000000E+01
  0.000000E+00  6.307867E+00  5.270144E+10  5.957772E+00  3.351946E-02
  1.733941E-01  3.351946E-02  7.088401E+00  5.005489E-01  1.733941E-01
  5.005489E-01  5.877429E+00  4.524756E+01  3.103017E+01  2.890478E+01
  1.227521E+02  8.982778E+03  1.494989E+02  0.000000E+00  0.000000E+00
  0.000000E+00  1.494989E+02  0.000000E+00  0.000000E+00  0.000000E+00
  1.434633E+02  1.279102E+04
     11000  5.500000E+00        52
  5.272994E+10  1.777024E-01 -5.869627E+05  7.708275E+04 -6.701132E+05
  0.000000E+00  0.000000E+00  0.000000E+00  0.000000E+00 -5.869585E+05
  0.000000E+00  1.335768E+04 -4.479979E+05  4.492202E+05  0.000000E+00
  0.000000E+00  0.000000E+00  0.000000E+00  5.744955E+06  1.182538E-04
  6.067726E+03  1.213545E+04  9.000000E+01  9.000000E+01  9.000000E+01
  0.000000E+00 -1.225410E+00  5.273053E+10 -1.170117E+00 -1.236125E-01
 -1.096883E-01 -1.236125E-01 -1.126526E+00  1.040924E-01 -1.096883E-01
  1.040924E-01 -1.379587E+00  6.483507E-01  2.440332E-01  2.635595E-01
  2.208504E+00  5.922655E+02  1.815772E+02  0.000000E+00  0.000000E+00
  0.000000E+00  1.815772E+02  0.000000E+00  0.000000E+00  0.000000E+00
  1.742466E+02 -4.452194E+03
     12000  6.000000E+00        52
  5.272994E+10  1.026414E-01 -5.874562E+05  7.987928E+04 -6.734082E+05
  0.000000E+00  0.000000E+00  0.000000E+00  0.000000E+00 -5.874523E+05
  0.000000E+00  4.317153E+03 -4.640097E+05  4.561812E+05  0.000000E+00
  0.000000E+00  0.000000E+00  0.000000E+00  5.687587E+06  4.186780E-05
  6.072792E+03  1.214558E+04  9.000000E+01  9.000000E+01  9.000000E+01
  0.000000E+00 -4.000166E-01  5.273053E+10 -3.411306E-01 -1.058857E-01
 -8.986760E-02 -1.058857E-01 -3.206662E-01  9.684462E-02 -8.986760E-02
  9.684462E-02 -5.382531E-01  6.829889E-01  2.600143E-01  2.810112E-01
  2.238783E+00  5.921946E+02  1.809707E+02  0.000000E+00  0.000000E+00
  0.000000E+00  1.809707E+02  0.000000E+00  0.000000E+00  0.000000E+00
  1.736646E+02 -1.438839E+03
     13000  6.500000E+00        52
  5.272994E+10  8.015132E-02 -5.877646E+05  8.113319E+04 -6.750683E+05
  0.000000E+00  0.000000E+00  0.000000E+00  0.000000E+00 -5.877608E+05
  0.000000E+00  5.847505E+02 -4.712057E+05  4.594495E+05  0.000000E+00
  0.000000E+00  0.000000E+00  0.000000E+00  5.670684E+06  2.979839E-05
  6.170445E+03  1.234089E+04  9.000000E+01  9.000000E+01  9.000000E+01
  0.000000E+00 -5.430482E-02  5.273053E+10  1.176609E-03 -9.891096E-02
 -7.317896E-02 -9.891096E-02  1.440145E-02  9.251429E-02 -7.317896E-02
  9.251429E-02 -1.784925E-01  7.147817E-01  2.756952E-01  2.972011E-01
  2.264353E+00  5.921379E+02  1.807913E+02  0.000000E+00  0.000000E+00
  0.000000E+00  1.807913E+02  0.000000E+00  0.000000E+00  0.000000E+00
  1.734924E+02 -1.947511E+02
     14000  7.000000E+00        52
  5.272994E+10  7.175211E-02 -5.880066E+05  8.187281E+04 -6.761371E+05
  0.000000E+00  0.000000E+00  0.000000E+00  0.000000E+00 -5.880028E+05
  0.000000E+00 -1.537965E+03 -4.753858E+05  4.613323E+05  0.000000E+00
  0.000000E+00  0.000000E+00  0.000000E+00  5.675050E+06  2.292074E-05
  6.257768E+03  1.251554E+04  9.000000E+01  9.000000E+01  9.000000E+01
  0.000000E+00  1.428813E-01  5.273053E+10  1.941939E-01 -9.380722E-02
 -6.065465E-02 -9.380722E-02  2.079896E-01  8.809507E-02 -6.065465E-02
  8.809507E-02  2.646036E-02  7.489737E-01  2.915302E-01  3.131258E-01
  2.294507E+00  5.920875E+02  1.808377E+02  0.000000E+00  0.000000E+00
  0.000000E+00  1.808377E+02  0.000000E+00  0.000000E+00  0.000000E+00
  1.735369E+02  5.128035E+02
     15000  7.500000E+00        52
  5.272994E+10  6.420888E-02 -5.882258E+05  8.236435E+04 -6.769186E+05
  0.000000E+00  0.000000E+00  0.000000E+00  0.000000E+00 -5.882220E+05
  0.000000E+00 -2.928162E+03 -4.780824E+05  4.624973E+05  0.000000E+00
  0.000000E+00  0.000000E+00  0.000000E+00  5.693897E+06  1.591596E-05
  6.328450E+03  1.265690E+04  9.000000E+01  9.000000E+01  9.000000E+01
  0.000000E+00  2.710923E-01  5.273053E+10  3.219254E-01 -9.165104E-02
 -5.125918E-02 -9.165104E-02  3.324548E-01  8.283445E-02 -5.125918E-02
  8.283445E-02  1.588968E-01  7.859642E-01  3.079112E-01  3.295278E-01
  2.335579E+00  5.920295E+02  1.810376E+02  0.000000E+00  0.000000E+00
  0.000000E+00  1.810376E+02  0.000000E+00  0.000000E+00  0.000000E+00
  1.737288E+02  9.761867E+02
     16000  8.000000E+00        52
  5.272994E+10  6.009676E-02 -5.884072E+05  8.269437E+04 -6.774852E+05
  0.000000E+00  0.000000E+00  0.000000E+00  0.000000E+00 -5.884034E+05
  0.000000E+00 -3.898698E+03 -4.798361E+05  4.631702E+05  0.000000E+00
  0.000000E+00  0.000000E+00  0.000000E+00  5.724144E+06  1.610422E-05
  6.383593E+03  1.276719E+04  9.000000E+01  9.000000E+01  9.000000E+01
  0.000000E+00  3.590238E-01  5.273053E+10  4.078173E-01 -8.857446E-02
 -4.270789E-02 -8.857446E-02  4.174315E-01  7.989654E-02 -4.270789E-02
  7.989654E-02  2.518226E-01  8.239842E-01  3.251946E-01  3.468426E-01
  2.375537E+00  5.919746E+02  1.813576E+02  0.000000E+00  0.000000E+00
  0.000000E+00  1.813576E+02  0.000000E+00  0.000000E+00  0.000000E+00
  1.740359E+02  1.299690E+03
     17000  8.500000E+00        52
  5.272994E+10  5.945310E-02 -5.885780E+05  8.292003E+04 -6.779266E+05
  0.000000E+00  0.000000E+00  0.000000E+00  0.000000E+00 -5.885741E+05
  0.000000E+00 -4.607813E+03 -4.809684E+05  4.635034E+05  0.000000E+00
  0.000000E+00  0.000000E+00  0.000000E+00  5.764134E+06  1.356462E-05
  6.428592E+03  1.285718E+04  9.000000E+01  9.000000E+01  9.000000E+01
  0.000000E+00  4.213745E-01  5.273053E+10  4.684006E-01 -8.792847E-02
 -3.598282E-02 -8.792847E-02  4.758121E-01  7.558217E-02 -3.598282E-02
  7.558217E-02  3.199109E-01  8.662303E-01  3.436550E-01  3.655231E-01
  2.410270E+00  5.919701E+02  1.817790E+02  0.000000E+00  0.000000E+00
  0.000000E+00  1.817790E+02  0.000000E+00  0.000000E+00  0.000000E+00
  1.744402E+02  1.536061E+03
     18000  9.000000E+00        52
  5.272994E+10  6.081987E-02 -5.887447E+05  8.307932E+04 -6.782908E+05
  0.000000E+00  0.000000E+00  0.000000E+00  0.000000E+00 -5.887409E+05
  0.000000E+00 -5.153554E+03 -4.816906E+05  4.636037E+05  0.000000E+00
  0.000000E+00  0.000000E+00  0.000000E+00  5.813247E+06  1.551148E-05
  6.466693E+03  1.293339E+04  9.000000E+01  9.000000E+01  9.000000E+01
  0.000000E+00  4.672966E-01  5.273053E+10  5.134974E-01 -8.748752E-02
 -3.122716E-02 -8.748752E-02  5.170446E-01  6.967533E-02 -3.122716E-02
  6.967533E-02  3.713477E-01  9.123493E-01  3.636048E-01  3.858938E-01
  2.449506E+00  5.920034E+02  1.822938E+02  0.000000E+00  0.000000E+00
  0.000000E+00  1.822938E+02  0.000000E+00  0.000000E+00  0.000000E+00
  1.749343E+02  1.717977E+03
     19000  9.500000E+00        52
  5.272994E+10  6.793503E-02 -5.889122E+05  8.317030E+04 -6.785800E+05
  0.000000E+00  0.000000E+00  0.000000E+00  0.000000E+00 -5.889083E+05
  0.000000E+00 -5.534212E+03 -4.820173E+05  4.634882E+05  0.000000E+00
  0.000000E+00  0.000000E+00  0.000000E+00  5.871116E+06  3.309490E-05
  6.497468E+03  1.299494E+04  9.000000E+01  9.000000E+01  9.000000E+01
  0.000000E+00  4.968678E-01  5.273053E+10  5.409686E-01 -8.627088E-02
 -2.695642E-02 -8.627088E-02  5.444839E-01  6.518287E-02 -2.695642E-02
  6.518287E-02  4.051510E-01  9.639408E-01  3.853550E-01  4.082499E-01
  2.493493E+00  5.920441E+02  1.828967E+02  0.000000E+00  0.000000E+00
  0.000000E+00  1.828967E+02  0.000000E+00  0.000000E+00  0.000000E+00
  1.755128E+02  1.844878E+03
     20000  1.000000E+01        52
  5.272994E+10  7.157427E-02 -5.890906E+05  8.323498E+04 -6.788498E+05
  0.000000E+00  0.000000E+00  0.000000E+00  0.000000E+00 -5.890866E+05
  0.000000E+00 -5.873220E+03 -4.821547E+05  4.632330E+05  0.000000E+00
  0.000000E+00  0.000000E+00  0.000000E+00  5.937950E+06  2.466570E-05
  6.524207E+03  1.304841E+04  9.000000E+01  9.000000E+01  9.000000E+01
  0.000000E+00  5.213691E-01  5.273053E+10  5.625803E-01 -8.598124E-02
 -2.539531E-02 -8.598124E-02  5.656209E-01  6.060192E-02 -2.539531E-02
  6.060192E-02  4.359061E-01  1.022124E+00  4.092299E-01  4.329381E-01
  2.542937E+00  5.920879E+02  1.835881E+02  0.000000E+00  0.000000E+00
  0.000000E+00  1.835881E+02  0.000000E+00  0.000000E+00  0.000000E+00
  1.761763E+02  1.957888E+03
     21000  1.050000E+01        52
  5.272994E+10  7.981345E-02 -5.892647E+05  8.325253E+04 -6.790667E+05
  0.000000E+00  0.000000E+00  0.000000E+00  0.000000E+00 -5.892606E+05
  0.000000E+00 -6.085951E+03 -4.819849E+05  4.627999E+05  0.000000E+00
  0.000000E+00  0.000000E+00  0.000000E+00  6.014453E+06  4.670755E-05
  6.549512E+03  1.309902E+04  9.000000E+01  9.000000E+01  9.000000E+01
  0.000000E+00  5.333845E-01  5.273053E+10  5.711113E-01 -8.526289E-02
 -2.055891E-02 -8.526289E-02  5.744107E-01  5.730172E-02 -2.055891E-02
  5.730172E-02  4.546315E-01  1.084419E+00  4.357223E-01  4.604564E-01
  2.597951E+00  5.921332E+02  1.843732E+02  0.000000E+00  0.000000E+00
  0.000000E+00  1.843732E+02  0.000000E+00  0.000000E+00  0.000000E+00
  1.769297E+02  2.028815E+03
     22000  1.100000E+01        52
  5.272994E+10  8.369539E-02 -5.894443E+05  8.323789E+04 -6.792529E+05
  0.000000E+00  0.000000E+00  0.000000E+00  0.000000E+00 -5.894402E+05
  0.000000E+00 -6.240984E+03 -4.816125E+05  4.622303E+05  0.000000E+00
  0.000000E+00  0.000000E+00  0.000000E+00  6.101018E+06  1.948620E-05
  6.570626E+03  1.314125E+04  9.000000E+01  9.000000E+01  9.000000E+01
  0.000000E+00  5.392121E-01  5.273053E+10  5.725822E-01 -8.536612E-02
 -1.726081E-02 -8.536612E-02  5.800044E-01  5.316613E-02 -1.726081E-02
  5.316613E-02  4.650498E-01  1.153522E+00  4.653721E-01  4.912649E-01
  2.659725E+00  5.921811E+02  1.852535E+02  0.000000E+00  0.000000E+00
  0.000000E+00  1.852535E+02  0.000000E+00  0.000000E+00  0.000000E+00
  1.777745E+02  2.080501E+03
     23000  1.150000E+01        52
  5.272994E+10  9.725840E-02 -5.896308E+05  8.320052E+04 -6.794216E+05
  0.000000E+00  0.000000E+00  0.000000E+00  0.000000E+00 -5.896266E+05
  0.000000E+00 -6.347613E+03 -4.810596E+05  4.615314E+05  0.000000E+00
  0.000000E+00  0.000000E+00  0.000000E+00  6.199061E+06  2.520747E-05
  6.590278E+03  1.318056E+04  9.000000E+01  9.000000E+01  9.000000E+01
  0.000000E+00  5.397573E-01  5.273053E+10  5.706978E-01 -8.394271E-02
 -1.378712E-02 -8.394271E-02  5.781349E-01  5.135971E-02 -1.378712E-02
  5.135971E-02  4.704393E-01  1.230687E+00  4.987176E-01  5.259108E-01
  2.729129E+00  5.922329E+02  1.862406E+02  0.000000E+00  0.000000E+00
  0.000000E+00  1.862406E+02  0.000000E+00  0.000000E+00  0.000000E+00
  1.787217E+02  2.116072E+03
     24000  1.200000E+01        52
  5.272994E+10  1.127530E-01 -5.898326E+05  8.314101E+04 -6.795829E+05
  0.000000E+00  0.000000E+00  0.000000E+00  0.000000E+00 -5.898282E+05
  0.000000E+00 -6.420032E+03 -4.803418E+05  4.607032E+05  0.000000E+00
  0.000000E+00  0.000000E+00  0.000000E+00  6.310292E+06  2.711101E-05
  6.609261E+03  1.321852E+04  9.000000E+01  9.000000E+01  9.000000E+01
  0.000000E+00  5.363000E-01  5.273053E+10  5.664910E-01 -8.292341E-02
 -1.087212E-02 -8.292341E-02  5.718475E-01  4.954427E-02 -1.087212E-02
  4.954427E-02  4.705615E-01  1.318414E+00  5.365390E-01  5.652189E-01
  2.807776E+00  5.922911E+02  1.873479E+02  0.000000E+00  0.000000E+00
  0.000000E+00  1.873479E+02  0.000000E+00  0.000000E+00  0.000000E+00
  1.797843E+02  2.140244E+03
     25000  1.250000E+01        52
  5.272994E+10  1.307833E-01 -5.900428E+05  8.304530E+04 -6.797153E+05
  0.000000E+00  0.000000E+00  0.000000E+00  0.000000E+00 -5.900384E+05
  0.000000E+00 -6.419890E+03 -4.793998E+05  4.597256E+05  0.000000E+00
  0.000000E+00  0.000000E+00  0.000000E+00  6.437215E+06  2.457027E-05
  6.627144E+03  1.325429E+04  9.000000E+01  9.000000E+01  9.000000E+01
  0.000000E+00  5.257232E-01  5.273053E+10  5.557497E-01 -8.105721E-02
 -9.511365E-03 -8.105721E-02  5.594836E-01  4.722794E-02 -9.511365E-03
  4.722794E-02  4.619363E-01  1.415527E+00  5.799154E-01  6.105700E-01
  2.897829E+00  5.923584E+02  1.885957E+02  0.000000E+00  0.000000E+00
  0.000000E+00  1.885957E+02  0.000000E+00  0.000000E+00  0.000000E+00
  1.809817E+02  2.140234E+03
     26000  1.300000E+01        52
  5.272994E+10  1.765481E-01 -5.902741E+05  8.293004E+04 -6.798481E+05
  0.000000E+00  0.000000E+00  0.000000E+00  0.000000E+00 -5.902694E+05
  0.000000E+00 -6.390836E+03 -4.783061E+05  4.586275E+05  0.000000E+00
  0.000000E+00  0.000000E+00  0.000000E+00  6.582895E+06  6.857188E-05
  6.643907E+03  1.328781E+04  9.000000E+01  9.000000E+01  9.000000E+01
  0.000000E+00  5.117855E-01  5.273053E+10  5.418576E-01 -7.881335E-02
 -1.154567E-02 -7.881335E-02  5.440385E-01  4.418435E-02 -1.154567E-02
  4.418435E-02  4.494602E-01  1.527814E+00  6.302297E-01  6.634272E-01
  3.003398E+00  5.924392E+02  1.900077E+02  0.000000E+00  0.000000E+00
  0.000000E+00  1.900077E+02  0.000000E+00  0.000000E+00  0.000000E+00
  1.823368E+02  2.130644E+03
     27000  1.350000E+01        52
  5.272994E+10  2.027508E-01 -5.905384E+05  8.280040E+04 -6.799988E+05
  0.000000E+00  0.000000E+00  0.000000E+00  0.000000E+00 -5.905335E+05
  0.000000E+00 -6.345687E+03 -4.770748E+05  4.574091E+05  0.000000E+00
  0.000000E+00  0.000000E+00  0.000000E+00  6.752611E+06  4.027850E-05
  6.660009E+03  1.332002E+04  9.000000E+01  9.000000E+01  9.000000E+01
  0.000000E+00  4.954110E-01  5.273053E+10  5.247165E-01 -7.554300E-02
 -1.197078E-02 -7.554300E-02  5.260795E-01  4.374094E-02 -1.197078E-02
  4.374094E-02  4.354371E-01  1.658064E+00  6.899699E-01  7.260262E-01
  3.128768E+00  5.925372E+02  1.916268E+02  0.000000E+00  0.000000E+00
  0.000000E+00  1.916268E+02  0.000000E+00  0.000000E+00  0.000000E+00
  1.838905E+02  2.115648E+03
     28000  1.400000E+01        52
  5.272994E+10  2.692358E-01 -5.908140E+05  8.263596E+04 -6.801227E+05
  0.000000E+00  0.000000E+00  0.000000E+00  0.000000E+00 -5.908087E+05
  0.000000E+00 -6.246847E+03 -4.755674E+05  4.559750E+05  0.000000E+00
  0.000000E+00  0.000000E+00  0.000000E+00  6.954459E+06  6.239900E-05
  6.672776E+03  1.334555E+04  9.000000E+01  9.000000E+01  9.000000E+01
  0.000000E+00  4.735724E-01  5.273053E+10  5.000573E-01 -7.466230E-02
 -9.266850E-03 -7.466230E-02  5.043882E-01  4.223190E-02 -9.266850E-03
  4.223190E-02  4.162716E-01  1.810542E+00  7.624683E-01  8.017422E-01
  3.265771E+00  5.926446E+02  1.935174E+02  0.000000E+00  0.000000E+00
  0.000000E+00  1.935174E+02  0.000000E+00  0.000000E+00  0.000000E+00
  1.857048E+02  2.082839E+03
     29000  1.450000E+01        52
  5.272994E+10  3.837426E-01 -5.911314E+05  8.243435E+04 -6.802500E+05
  0.000000E+00  0.000000E+00  0.000000E+00  0.000000E+00 -5.911256E+05
  0.000000E+00 -6.095981E+03 -4.737730E+05  4.543084E+05  0.000000E+00
  0.000000E+00  0.000000E+00  0.000000E+00  7.200487E+06  7.188087E-05
  6.684318E+03  1.336864E+04  9.000000E+01  9.000000E+01  9.000000E+01
  0.000000E+00  4.463998E-01  5.273053E+10  4.719070E-01 -7.218865E-02
 -9.086075E-03 -7.218865E-02  4.738897E-01  4.174005E-02 -9.086075E-03
  4.174005E-02  3.934028E-01  1.995793E+00  8.528083E-01  8.960858E-01
  3.435162E+00  5.927800E+02  1.957731E+02  0.000000E+00  0.000000E+00
  0.000000E+00  1.957731E+02  0.000000E+00  0.000000E+00  0.000000E+00
  1.878694E+02  2.032787E+03
     30000  1.500000E+01        52
  5.272994E+10  5.750030E-01 -5.915036E+05  8.219797E+04 -6.803975E+05
  0.000000E+00  0.000000E+00  0.000000E+00  0.000000E+00 -5.914970E+05
  0.000000E+00 -5.900783E+03 -4.716336E+05  4.523410E+05  0.000000E+00
  0.000000E+00  0.000000E+00  0.000000E+00  7.512788E+06  8.673403E-05
  6.695935E+03  1.339187E+04  9.000000E+01  9.000000E+01  9.000000E+01
  0.000000E+00  4.142320E-01  5.273053E+10  4.418877E-01 -6.890722E-02
 -7.832867E-03 -6.890722E-02  4.364885E-01  3.579638E-02 -7.832867E-03
  3.579638E-02  3.643198E-01  2.228151E+00  9.704196E-01  1.019095E+00
  3.653377E+00  5.929584E+02  1.985635E+02  0.000000E+00  0.000000E+00
  0.000000E+00  1.985635E+02  0.000000E+00  0.000000E+00  0.000000E+00
  1.905471E+02  1.968117E+03
     31000  1.550000E+01        52
  5.272994E+10  1.110144E+00 -5.919656E+05  8.189262E+04 -6.805657E+05
  0.000000E+00  0.000000E+00  0.000000E+00  0.000000E+00 -5.919571E+05
  0.000000E+00 -5.595332E+03 -4.689128E+05  4.499024E+05  0.000000E+00
  0.000000E+00  0.000000E+00  0.000000E+00  7.936400E+06  2.811233E-04
  6.707532E+03  1.341506E+04  9.000000E+01  9.000000E+01  9.000000E+01
  0.000000E+00  3.720569E-01  5.273053E+10  3.987224E-01 -6.211161E-02
 -4.969121E-03 -6.211161E-02  3.893266E-01  3.043388E-02 -4.969121E-03
  3.043388E-02  3.281216E-01  2.541656E+00  1.134739E+00  1.190280E+00
  3.949891E+00  5.932050E+02  2.022275E+02  0.000000E+00  0.000000E+00
  0.000000E+00  2.022275E+02  0.000000E+00  0.000000E+00  0.000000E+00
  1.940632E+02  1.867407E+03
     32000  1.600000E+01        52
  5.272994E+10  2.722425E+00 -5.925845E+05  8.148123E+04 -6.807882E+05
  0.000000E+00  0.000000E+00  0.000000E+00  0.000000E+00 -5.925706E+05
  0.000000E+00 -5.146082E+03 -4.652422E+05  4.466510E+05  0.000000E+00
  0.000000E+00  0.000000E+00  0.000000E+00  8.585233E+06  1.331736E-03
  6.722529E+03  1.344506E+04  9.000000E+01  9.000000E+01  9.000000E+01
  0.000000E+00  3.169717E-01  5.273053E+10  3.371266E-01 -4.765444E-02
 -5.179797E-03 -4.765444E-02  3.327558E-01  2.230102E-02 -5.179797E-03
  2.230102E-02  2.810326E-01  3.016094E+00  1.396895E+00  1.461678E+00
  4.402235E+00  5.935830E+02  2.075947E+02  0.000000E+00  0.000000E+00
  0.000000E+00  2.075947E+02  0.000000E+00  0.000000E+00  0.000000E+00
  1.992138E+02  1.720991E+03
     33000  1.650000E+01        52
  5.272994E+10  1.689662E+01 -5.936762E+05  8.083070E+04 -6.812710E+05
  0.000000E+00  0.000000E+00  0.000000E+00  0.000000E+00 -5.936175E+05
  0.000000E+00 -4.238728E+03 -4.591512E+05  4.413842E+05  0.000000E+00
  0.000000E+00  0.000000E+00  0.000000E+00  9.972898E+06  4.432464E-03
  6.764139E+03  1.352828E+04  9.000000E+01  9.000000E+01  9.000000E+01
  0.000000E+00  2.295604E-01  5.273053E+10  2.400060E-01 -2.569602E-02
 -6.597975E-03 -2.569602E-02  2.436170E-01  1.661888E-02 -6.597975E-03
  1.661888E-02  2.050583E-01  4.013624E+00  1.987407E+00  2.082102E+00
  5.365266E+00  5.943961E+02  2.182258E+02  0.000000E+00  0.000000E+00
  0.000000E+00  2.182258E+02  0.000000E+00  0.000000E+00  0.000000E+00
  2.094156E+02  1.447853E+03
     34000  1.700000E+01        52
  5.272994E+10  6.125190E+02 -5.969400E+05  7.689456E+04 -6.806255E+05
  0.000000E+00  0.000000E+00  0.000000E+00  0.000000E+00 -5.950210E+05
  0.000000E+00  3.979995E+03 -4.247042E+05  4.151023E+05  0.000000E+00
  0.000000E+00  0.000000E+00  0.000000E+00  2.984295E+07  3.794890E-01
  6.790964E+03  1.358193E+04  9.000000E+01  9.000000E+01  9.000000E+01
  0.000000E+00 -3.174998E-03  5.273053E+10 -7.337722E-04  3.610458E-04
 -1.171829E-02  3.610458E-04  4.267280E-04  4.207566E-03 -1.171829E-02
  4.207566E-03 -9.217951E-03  1.405480E+01  8.788759E+00  9.822121E+00
  1.540636E+01  6.038812E+02  3.144703E+02  0.000000E+00  0.000000E+00
  0.000000E+00  3.144703E+02  0.000000E+00  0.000000E+00  0.000000E+00
  3.017745E+02 -5.992268E+01
