# Li56 La24 Zr16 O96                                                    
        15       120
Li      Li      
  2.500000E-02  0.000000E+00  0.000000E+00
  7.500000E-02  0.000000E+00  0.000000E+00
  1.250000E-01  0.000000E+00  0.000000E+00
  1.750000E-01  0.000000E+00  0.000000E+00
  2.250000E-01  0.000000E+00  0.000000E+00
  2.750000E-01  0.000000E+00  0.000000E+00
  3.250000E-01  0.000000E+00  0.000000E+00
  3.750000E-01  0.000000E+00  0.000000E+00
  4.250000E-01  0.000000E+00  0.000000E+00
  4.750000E-01  0.000000E+00  0.000000E+00
  5.250000E-01  0.000000E+00  0.000000E+00
  5.750000E-01  0.000000E+00  0.000000E+00
  6.250000E-01  0.000000E+00  0.000000E+00
  6.750000E-01  1.704245E-03  1.903765E-07
  7.250000E-01  0.000000E+00  1.903765E-07
  7.750000E-01  3.878870E-03  7.615060E-07
  8.250000E-01  4.564122E-03  1.523012E-06
  8.750000E-01  1.318703E-02  3.997906E-06
  9.250000E-01  1.906199E-02  7.995812E-06
  9.750000E-01  4.493620E-02  1.846652E-05
  1.025000E+00  7.614500E-02  3.807530E-05
  1.075000E+00  2.029784E-01  9.556900E-05
  1.125000E+00  6.891936E-01  3.093618E-04
  1.175000E+00  2.417757E+01  8.490791E-03
  1.225000E+00  3.858291E+01  2.268145E-02
  1.275000E+00  1.313329E+01  2.791414E-02
  1.325000E+00  1.498634E+01  3.436258E-02
  1.375000E+00  2.126937E+01  4.421818E-02
  1.425000E+00  5.156484E+01  6.988093E-02
  1.475000E+00  1.062037E+02  1.265101E-01
  1.525000E+00  1.096331E+02  1.889980E-01
  1.575000E+00  1.641994E+02  2.888242E-01
  1.625000E+00  2.632849E+02  4.592134E-01
  1.675000E+00  3.336435E+02  6.886274E-01
  1.725000E+00  3.025273E+02  9.092491E-01
  1.775000E+00  2.251384E+02  1.083089E+00
  1.825000E+00  1.459075E+02  1.202188E+00
  1.875000E+00  9.563372E+01  1.284585E+00
  1.925000E+00  6.818720E+01  1.346510E+00
  1.975000E+00  4.016639E+01  1.384907E+00
  2.025000E+00  2.800663E+01  1.413052E+00
  2.075000E+00  1.656908E+01  1.430536E+00
  2.125000E+00  1.428954E+01  1.446350E+00
  2.175000E+00  1.148388E+01  1.459663E+00
  2.225000E+00  1.077571E+01  1.472737E+00
  2.275000E+00  1.688025E+01  1.494148E+00
  2.325000E+00  1.579834E+01  1.515077E+00
  2.375000E+00  1.081950E+01  1.530033E+00
  2.425000E+00  7.445622E+00  1.540764E+00
  2.475000E+00  6.020193E+00  1.549801E+00
  2.525000E+00  8.382564E+00  1.562899E+00
  2.575000E+00  9.917730E+00  1.579015E+00
  2.625000E+00  9.923332E+00  1.595772E+00
  2.675000E+00  1.617943E+01  1.624145E+00
  2.725000E+00  1.642116E+01  1.654028E+00
  2.775000E+00  1.717826E+01  1.686446E+00
  2.825000E+00  1.739372E+01  1.720465E+00
  2.875000E+00  1.432599E+01  1.749484E+00
  2.925000E+00  1.419416E+01  1.779245E+00
  2.975000E+00  1.532948E+01  1.812495E+00
  3.025000E+00  1.573138E+01  1.847772E+00
  3.075000E+00  1.717459E+01  1.887570E+00
  3.125000E+00  1.817192E+01  1.931060E+00
  3.175000E+00  2.105625E+01  1.983078E+00
  3.225000E+00  1.968377E+01  2.033249E+00
  3.275000E+00  2.022996E+01  2.086423E+00
  3.325000E+00  2.093090E+01  2.143132E+00
  3.375000E+00  2.085799E+01  2.201357E+00
  3.425000E+00  2.029240E+01  2.259693E+00
  3.475000E+00  1.742137E+01  2.311248E+00
  3.525000E+00  1.589785E+01  2.359659E+00
  3.575000E+00  1.508611E+01  2.406910E+00
  3.625000E+00  1.389855E+01  2.451667E+00
  3.675000E+00  1.258721E+01  2.493328E+00
  3.725000E+00  1.276871E+01  2.536747E+00
  3.775000E+00  1.180522E+01  2.577975E+00
  3.825000E+00  1.176967E+01  2.620175E+00
  3.875000E+00  1.123778E+01  2.661527E+00
  3.925000E+00  1.154983E+01  2.705132E+00
  3.975000E+00  1.210964E+01  2.752023E+00
  4.025000E+00  1.167461E+01  2.798374E+00
  4.075000E+00  1.153748E+01  2.845325E+00
  4.125000E+00  1.255826E+01  2.897692E+00
  4.175000E+00  1.201259E+01  2.949005E+00
  4.225000E+00  1.240502E+01  3.003272E+00
  4.275000E+00  1.317025E+01  3.062257E+00
  4.325000E+00  1.234207E+01  3.118834E+00
  4.375000E+00  1.328310E+01  3.181141E+00
  4.425000E+00  1.380626E+01  3.247391E+00
  4.475000E+00  1.415231E+01  3.316844E+00
  4.525000E+00  1.395438E+01  3.386865E+00
  4.575000E+00  1.299514E+01  3.453521E+00
  4.625000E+00  1.490734E+01  3.531667E+00
  4.675000E+00  1.425460E+01  3.608015E+00
  4.725000E+00  1.493684E+01  3.689737E+00
  4.775000E+00  1.507858E+01  3.773991E+00
  4.825000E+00  1.440601E+01  3.856180E+00
  4.875000E+00  1.401886E+01  3.937827E+00
  4.925000E+00  1.445714E+01  4.023763E+00
  4.975000E+00  1.516495E+01  4.115746E+00
  5.025000E+00  1.405590E+01  4.202724E+00
  5.075000E+00  1.514309E+01  4.298304E+00
  5.125000E+00  1.546807E+01  4.397868E+00
  5.175000E+00  1.506027E+01  4.496707E+00
  5.225000E+00  1.464064E+01  4.594659E+00
  5.275000E+00  1.442773E+01  4.693042E+00
  5.325000E+00  1.429274E+01  4.792362E+00
  5.375000E+00  1.460987E+01  4.895800E+00
  5.425000E+00  1.458259E+01  5.000975E+00
  5.475000E+00  1.426382E+01  5.105756E+00
  5.525000E+00  1.425357E+01  5.212383E+00
  5.575000E+00  1.365950E+01  5.316423E+00
  5.625000E+00  1.340517E+01  5.420366E+00
  5.675000E+00  1.393610E+01  5.530356E+00
  5.725000E+00  1.320149E+01  5.636392E+00
  5.775000E+00  1.241380E+01  5.737850E+00
  5.825000E+00  1.324512E+01  5.847985E+00
  5.875000E+00  1.294528E+01  5.957482E+00
  5.925000E+00  1.253079E+01  6.065286E+00
  5.975000E+00  1.266191E+01  6.176064E+00
Li      La      
  2.500000E-02  0.000000E+00  0.000000E+00
  7.500000E-02  0.000000E+00  0.000000E+00
  1.250000E-01  0.000000E+00  0.000000E+00
  1.750000E-01  0.000000E+00  0.000000E+00
  2.250000E-01  0.000000E+00  0.000000E+00
  2.750000E-01  0.000000E+00  0.000000E+00
  3.250000E-01  0.000000E+00  0.000000E+00
  3.750000E-01  0.000000E+00  0.000000E+00
  4.250000E-01  0.000000E+00  0.000000E+00
  4.750000E-01  0.000000E+00  0.000000E+00
  5.250000E-01  0.000000E+00  0.000000E+00
  5.750000E-01  0.000000E+00  0.000000E+00
  6.250000E-01  0.000000E+00  0.000000E+00
  6.750000E-01  0.000000E+00  0.000000E+00
  7.250000E-01  0.000000E+00  0.000000E+00
  7.750000E-01  0.000000E+00  0.000000E+00
  8.250000E-01  0.000000E+00  0.000000E+00
  8.750000E-01  0.000000E+00  0.000000E+00
  9.250000E-01  0.000000E+00  0.000000E+00
  9.750000E-01  0.000000E+00  0.000000E+00
  1.025000E+00  0.000000E+00  0.000000E+00
  1.075000E+00  0.000000E+00  0.000000E+00
  1.125000E+00  0.000000E+00  0.000000E+00
  1.175000E+00  0.000000E+00  0.000000E+00
  1.225000E+00  0.000000E+00  0.000000E+00
  1.275000E+00  0.000000E+00  0.000000E+00
  1.325000E+00  0.000000E+00  0.000000E+00
  1.375000E+00  0.000000E+00  0.000000E+00
  1.425000E+00  0.000000E+00  0.000000E+00
  1.475000E+00  0.000000E+00  0.000000E+00
  1.525000E+00  7.792453E-04  1.903493E-07
  1.575000E+00  0.000000E+00  1.903493E-07
  1.625000E+00  3.431482E-04  2.855239E-07
  1.675000E+00  3.229690E-04  3.806986E-07
  1.725000E+00  1.218075E-03  7.613972E-07
  1.775000E+00  2.876056E-04  8.565718E-07
  1.825000E+00  2.720632E-04  9.517465E-07
  1.875000E+00  7.732426E-04  1.237270E-06
  1.925000E+00  4.890653E-04  1.427620E-06
  1.975000E+00  9.292346E-04  1.808318E-06
  2.025000E+00  8.839153E-04  2.189017E-06
  2.075000E+00  5.471909E-03  4.663558E-06
  2.125000E+00  1.023423E-02  9.517465E-06
  2.175000E+00  5.171885E-02  3.521462E-05
  2.225000E+00  2.330091E-01  1.563719E-04
  2.275000E+00  1.020905E+00  7.113353E-04
  2.325000E+00  3.263987E+00  2.564481E-03
  2.375000E+00  7.550529E+00  7.037689E-03
  2.425000E+00  1.314817E+01  1.515856E-02
  2.475000E+00  1.988023E+01  2.794899E-02
  2.525000E+00  2.506392E+01  4.473256E-02
  2.575000E+00  3.409375E+01  6.847587E-02
  2.625000E+00  4.253694E+01  9.926068E-02
  2.675000E+00  5.409083E+01  1.399127E-01
  2.725000E+00  5.901227E+01  1.859369E-01
  2.775000E+00  6.878199E+01  2.415671E-01
  2.825000E+00  7.422968E+01  3.037863E-01
  2.875000E+00  7.756826E+01  3.711257E-01
  2.925000E+00  8.335070E+01  4.460237E-01
  2.975000E+00  8.137172E+01  5.216645E-01
  3.025000E+00  8.399427E+01  6.023896E-01
  3.075000E+00  8.009360E+01  6.819316E-01
  3.125000E+00  8.133311E+01  7.653525E-01
  3.175000E+00  7.585521E+01  8.456645E-01
  3.225000E+00  7.011462E+01  9.222551E-01
  3.275000E+00  6.846737E+01  9.993833E-01
  3.325000E+00  6.415762E+01  1.073880E+00
  3.375000E+00  5.720034E+01  1.142311E+00
  3.425000E+00  5.089323E+01  1.205014E+00
  3.475000E+00  4.553532E+01  1.262766E+00
  3.525000E+00  4.101980E+01  1.316298E+00
  3.575000E+00  3.644243E+01  1.365216E+00
  3.625000E+00  3.433332E+01  1.412600E+00
  3.675000E+00  3.110323E+01  1.456719E+00
  3.725000E+00  2.945301E+01  1.499642E+00
  3.775000E+00  2.475402E+01  1.536692E+00
  3.825000E+00  2.263735E+01  1.571477E+00
  3.875000E+00  2.275790E+01  1.607367E+00
  3.925000E+00  2.147286E+01  1.642111E+00
  3.975000E+00  1.994091E+01  1.675203E+00
  4.025000E+00  1.747321E+01  1.704934E+00
  4.075000E+00  1.738349E+01  1.735251E+00
  4.125000E+00  1.697624E+01  1.765590E+00
  4.175000E+00  1.704739E+01  1.796799E+00
  4.225000E+00  1.590569E+01  1.826619E+00
  4.275000E+00  1.359988E+01  1.852723E+00
  4.325000E+00  1.432852E+01  1.880873E+00
  4.375000E+00  1.301198E+01  1.907031E+00
  4.425000E+00  1.337264E+01  1.934532E+00
  4.475000E+00  1.329622E+01  1.962497E+00
  4.525000E+00  1.224080E+01  1.988821E+00
  4.575000E+00  1.233566E+01  2.015938E+00
  4.625000E+00  1.241878E+01  2.043838E+00
  4.675000E+00  1.284935E+01  2.073333E+00
  4.725000E+00  1.273090E+01  2.103184E+00
  4.775000E+00  1.184225E+01  2.131543E+00
  4.825000E+00  1.174153E+01  2.160252E+00
  4.875000E+00  1.131641E+01  2.188498E+00
  4.925000E+00  1.144336E+01  2.217650E+00
  4.975000E+00  9.784844E+00  2.243086E+00
  5.025000E+00  1.027411E+01  2.270333E+00
  5.075000E+00  9.569352E+00  2.296218E+00
  5.125000E+00  9.532555E+00  2.322515E+00
  5.175000E+00  9.989753E+00  2.350613E+00
  5.225000E+00  9.689012E+00  2.378394E+00
  5.275000E+00  9.569906E+00  2.406362E+00
  5.325000E+00  9.638486E+00  2.435067E+00
  5.375000E+00  1.011976E+01  2.465773E+00
  5.425000E+00  9.049400E+00  2.493745E+00
  5.475000E+00  8.854579E+00  2.521621E+00
  5.525000E+00  9.472524E+00  2.551990E+00
  5.575000E+00  9.525896E+00  2.583086E+00
  5.625000E+00  9.068436E+00  2.613221E+00
  5.675000E+00  9.430427E+00  2.645119E+00
  5.725000E+00  9.047255E+00  2.676263E+00
  5.775000E+00  9.498314E+00  2.709533E+00
  5.825000E+00  9.024948E+00  2.741694E+00
  5.875000E+00  9.069998E+00  2.774574E+00
  5.925000E+00  9.100323E+00  2.808127E+00
  5.975000E+00  9.218147E+00  2.842691E+00
Li      Zr      
  2.500000E-02  0.000000E+00  0.000000E+00
  7.500000E-02  0.000000E+00  0.000000E+00
  1.250000E-01  0.000000E+00  0.000000E+00
  1.750000E-01  0.000000E+00  0.000000E+00
  2.250000E-01  0.000000E+00  0.000000E+00
  2.750000E-01  0.000000E+00  0.000000E+00
  3.250000E-01  0.000000E+00  0.000000E+00
  3.750000E-01  0.000000E+00  0.000000E+00
  4.250000E-01  0.000000E+00  0.000000E+00
  4.750000E-01  0.000000E+00  0.000000E+00
  5.250000E-01  0.000000E+00  0.000000E+00
  5.750000E-01  0.000000E+00  0.000000E+00
  6.250000E-01  0.000000E+00  0.000000E+00
  6.750000E-01  0.000000E+00  0.000000E+00
  7.250000E-01  0.000000E+00  0.000000E+00
  7.750000E-01  0.000000E+00  0.000000E+00
  8.250000E-01  0.000000E+00  0.000000E+00
  8.750000E-01  0.000000E+00  0.000000E+00
  9.250000E-01  0.000000E+00  0.000000E+00
  9.750000E-01  1.429584E-03  9.517465E-08
  1.025000E+00  0.000000E+00  9.517465E-08
  1.075000E+00  0.000000E+00  9.517465E-08
  1.125000E+00  0.000000E+00  9.517465E-08
  1.175000E+00  0.000000E+00  9.517465E-08
  1.225000E+00  0.000000E+00  9.517465E-08
  1.275000E+00  0.000000E+00  9.517465E-08
  1.325000E+00  7.741600E-04  1.903493E-07
  1.375000E+00  0.000000E+00  1.903493E-07
  1.425000E+00  0.000000E+00  1.903493E-07
  1.475000E+00  0.000000E+00  1.903493E-07
  1.525000E+00  5.844340E-04  2.855239E-07
  1.575000E+00  0.000000E+00  2.855239E-07
  1.625000E+00  0.000000E+00  2.855239E-07
  1.675000E+00  1.453361E-03  5.710479E-07
  1.725000E+00  4.567783E-04  6.662225E-07
  1.775000E+00  2.157042E-03  1.142096E-06
  1.825000E+00  2.856664E-03  1.808318E-06
  1.875000E+00  1.159864E-03  2.093842E-06
  1.925000E+00  7.335980E-03  3.997335E-06
  1.975000E+00  3.624015E-02  1.389550E-05
  2.025000E+00  1.852907E-01  6.709813E-05
  2.075000E+00  1.010514E+00  3.717522E-04
  2.125000E+00  2.893878E+00  1.286761E-03
  2.175000E+00  5.101203E+00  2.976492E-03
  2.225000E+00  1.126159E+01  6.880270E-03
  2.275000E+00  1.248933E+01  1.140640E-02
  2.325000E+00  1.377643E+01  1.662082E-02
  2.375000E+00  1.629131E+01  2.305520E-02
  2.425000E+00  2.178610E+01  3.202589E-02
  2.475000E+00  3.217110E+01  4.582459E-02
  2.525000E+00  4.363846E+01  6.530570E-02
  2.575000E+00  6.840233E+01  9.706320E-02
  2.625000E+00  9.341968E+01  1.421363E-01
  2.675000E+00  1.128905E+02  1.986983E-01
  2.725000E+00  1.365711E+02  2.697070E-01
  2.775000E+00  1.359050E+02  3.429861E-01
  2.825000E+00  1.288429E+02  4.149833E-01
  2.875000E+00  1.073448E+02  4.771095E-01
  2.925000E+00  8.548162E+01  5.283181E-01
  2.975000E+00  6.969844E+01  5.715112E-01
  3.025000E+00  5.189230E+01  6.047596E-01
  3.075000E+00  4.031485E+01  6.314510E-01
  3.125000E+00  3.070619E+01  6.524473E-01
  3.175000E+00  2.504822E+01  6.701272E-01
  3.225000E+00  2.030913E+01  6.849172E-01
  3.275000E+00  1.964635E+01  6.996716E-01
  3.325000E+00  1.651995E+01  7.124597E-01
  3.375000E+00  1.520260E+01  7.245847E-01
  3.425000E+00  1.711548E+01  7.386427E-01
  3.475000E+00  1.516903E+01  7.514684E-01
  3.525000E+00  1.448590E+01  7.640716E-01
  3.575000E+00  1.584625E+01  7.782521E-01
  3.625000E+00  1.475374E+01  7.918269E-01
  3.675000E+00  1.367696E+01  8.047604E-01
  3.725000E+00  1.448585E+01  8.188342E-01
  3.775000E+00  1.330000E+01  8.321051E-01
  3.825000E+00  1.437743E+01  8.468335E-01
  3.875000E+00  1.565190E+01  8.632895E-01
  3.925000E+00  1.568131E+01  8.802046E-01
  3.975000E+00  1.610380E+01  8.980208E-01
  4.025000E+00  1.474693E+01  9.147489E-01
  4.075000E+00  1.605174E+01  9.334123E-01
  4.125000E+00  1.594049E+01  9.524039E-01
  4.175000E+00  1.609531E+01  9.720477E-01
  4.225000E+00  1.678686E+01  9.930291E-01
  4.275000E+00  1.754658E+01  1.015482E+00
  4.325000E+00  1.637266E+01  1.036926E+00
  4.375000E+00  1.677351E+01  1.059406E+00
  4.425000E+00  1.736368E+01  1.083212E+00
  4.475000E+00  1.654634E+01  1.106412E+00
  4.525000E+00  1.571076E+01  1.128936E+00
  4.575000E+00  1.576123E+01  1.152035E+00
  4.625000E+00  1.355576E+01  1.172338E+00
  4.675000E+00  1.236691E+01  1.191263E+00
  4.725000E+00  1.132822E+01  1.208971E+00
  4.775000E+00  1.015011E+01  1.225175E+00
  4.825000E+00  1.079235E+01  1.242767E+00
  4.875000E+00  9.837892E+00  1.259138E+00
  4.925000E+00  1.015074E+01  1.276377E+00
  4.975000E+00  9.502779E+00  1.292846E+00
  5.025000E+00  9.941697E+00  1.310423E+00
  5.075000E+00  9.468849E+00  1.327498E+00
  5.125000E+00  9.060858E+00  1.344162E+00
  5.175000E+00  9.775409E+00  1.362492E+00
  5.225000E+00  9.511844E+00  1.380674E+00
  5.275000E+00  8.831031E+00  1.397880E+00
  5.325000E+00  1.049717E+01  1.418721E+00
  5.375000E+00  1.018629E+01  1.439326E+00
  5.425000E+00  9.000381E+00  1.457873E+00
  5.475000E+00  9.847332E+00  1.478541E+00
  5.525000E+00  1.043826E+01  1.500851E+00
  5.575000E+00  1.059461E+01  1.523907E+00
  5.625000E+00  1.037377E+01  1.546890E+00
  5.675000E+00  9.846949E+00  1.569094E+00
  5.725000E+00  1.077277E+01  1.593817E+00
  5.775000E+00  1.033561E+01  1.617952E+00
  5.825000E+00  9.150806E+00  1.639692E+00
  5.875000E+00  9.922680E+00  1.663672E+00
  5.925000E+00  1.031011E+01  1.689015E+00
  5.975000E+00  9.355393E+00  1.712400E+00
Li      O       
  2.500000E-02  0.000000E+00  0.000000E+00
  7.500000E-02  0.000000E+00  0.000000E+00
  1.250000E-01  0.000000E+00  0.000000E+00
  1.750000E-01  0.000000E+00  0.000000E+00
  2.250000E-01  0.000000E+00  0.000000E+00
  2.750000E-01  2.987464E-03  9.517465E-08
  3.250000E-01  0.000000E+00  9.517465E-08
  3.750000E-01  0.000000E+00  9.517465E-08
  4.250000E-01  0.000000E+00  9.517465E-08
  4.750000E-01  0.000000E+00  9.517465E-08
  5.250000E-01  0.000000E+00  9.517465E-08
  5.750000E-01  6.847839E-04  1.903493E-07
  6.250000E-01  2.318629E-03  5.710479E-07
  6.750000E-01  2.982002E-03  1.142096E-06
  7.250000E-01  4.739225E-03  2.189017E-06
  7.750000E-01  4.524702E-03  3.331113E-06
  8.250000E-01  4.658542E-03  4.663558E-06
  8.750000E-01  1.922834E-02  1.084991E-05
  9.250000E-01  3.494198E-02  2.341296E-05
  9.750000E-01  8.410718E-02  5.700961E-05
  1.025000E+00  2.977300E-01  1.884458E-04
  1.075000E+00  2.289537E+00  1.300181E-03
  1.125000E+00  3.526331E+01  2.005263E-02
  1.175000E+00  5.493452E+02  3.387255E-01
  1.225000E+00  1.838086E+03  1.497655E+00
  1.275000E+00  5.509772E+02  1.873984E+00
  1.325000E+00  7.332199E+01  1.928069E+00
  1.375000E+00  2.051405E+01  1.944364E+00
  1.425000E+00  5.969858E+00  1.949457E+00
  1.475000E+00  3.159023E+00  1.952345E+00
  1.525000E+00  9.917844E-01  1.953314E+00
  1.575000E+00  5.293812E-01  1.953866E+00
  1.625000E+00  4.291069E-01  1.954342E+00
  1.675000E+00  4.385920E-01  1.954859E+00
  1.725000E+00  4.162011E-01  1.955379E+00
  1.775000E+00  2.873899E-01  1.955760E+00
  1.825000E+00  3.633405E-01  1.956268E+00
  1.875000E+00  6.461730E-01  1.957222E+00
  1.925000E+00  7.242446E-01  1.958350E+00
  1.975000E+00  9.435216E-01  1.959896E+00
  2.025000E+00  1.085448E+00  1.961766E+00
  2.075000E+00  1.473733E+00  1.964432E+00
  2.125000E+00  1.828917E+00  1.967902E+00
  2.175000E+00  2.852007E+00  1.973570E+00
  2.225000E+00  4.569028E+00  1.983073E+00
  2.275000E+00  7.021286E+00  1.998340E+00
  2.325000E+00  1.156036E+01  2.024594E+00
  2.375000E+00  5.991947E+00  2.038793E+00
  2.425000E+00  8.934718E+00  2.060867E+00
  2.475000E+00  1.749736E+01  2.105896E+00
  2.525000E+00  2.491301E+01  2.172627E+00
  2.575000E+00  3.218687E+01  2.262288E+00
  2.625000E+00  3.771827E+01  2.371478E+00
  2.675000E+00  4.439574E+01  2.504940E+00
  2.725000E+00  4.487773E+01  2.644943E+00
  2.775000E+00  4.125326E+01  2.778404E+00
  2.825000E+00  4.107586E+01  2.916122E+00
  2.875000E+00  3.592003E+01  3.040856E+00
  2.925000E+00  2.904392E+01  3.145250E+00
  2.975000E+00  2.439174E+01  3.235945E+00
  3.025000E+00  2.195561E+01  3.320349E+00
  3.075000E+00  1.826874E+01  3.392921E+00
  3.125000E+00  1.822162E+01  3.467679E+00
  3.175000E+00  1.626294E+01  3.536552E+00
  3.225000E+00  1.624516E+01  3.607535E+00
  3.275000E+00  1.580625E+01  3.678757E+00
  3.325000E+00  1.544075E+01  3.750474E+00
  3.375000E+00  1.579683E+01  3.826067E+00
  3.425000E+00  1.556471E+01  3.902773E+00
  3.475000E+00  1.524766E+01  3.980126E+00
  3.525000E+00  1.548968E+01  4.060985E+00
  3.575000E+00  1.518265E+01  4.142505E+00
  3.625000E+00  1.584460E+01  4.229976E+00
  3.675000E+00  1.570183E+01  4.319066E+00
  3.725000E+00  1.604002E+01  4.412568E+00
  3.775000E+00  1.635417E+01  4.510479E+00
  3.825000E+00  1.789554E+01  4.620473E+00
  3.875000E+00  1.787220E+01  4.733215E+00
  3.925000E+00  1.786681E+01  4.848851E+00
  3.975000E+00  1.848597E+01  4.971561E+00
  4.025000E+00  1.851027E+01  5.097543E+00
  4.075000E+00  1.902102E+01  5.230238E+00
  4.125000E+00  1.920124E+01  5.367497E+00
  4.175000E+00  1.874011E+01  5.504727E+00
  4.225000E+00  1.921551E+01  5.648828E+00
  4.275000E+00  1.904876E+01  5.795080E+00
  4.325000E+00  1.889297E+01  5.943549E+00
  4.375000E+00  1.861492E+01  6.093235E+00
  4.425000E+00  1.830324E+01  6.243798E+00
  4.475000E+00  1.791730E+01  6.394536E+00
  4.525000E+00  1.675946E+01  6.538701E+00
  4.575000E+00  1.714122E+01  6.689426E+00
  4.625000E+00  1.759890E+01  6.847577E+00
  4.675000E+00  1.704832E+01  7.004111E+00
  4.725000E+00  1.649723E+01  7.158842E+00
  4.775000E+00  1.564597E+01  7.308711E+00
  4.825000E+00  1.509799E+01  7.456375E+00
  4.875000E+00  1.484357E+01  7.604576E+00
  4.925000E+00  1.413765E+01  7.748639E+00
  4.975000E+00  1.405318E+01  7.894763E+00
  5.025000E+00  1.356804E+01  8.038693E+00
  5.075000E+00  1.325779E+01  8.182145E+00
  5.125000E+00  1.294479E+01  8.324983E+00
  5.175000E+00  1.278686E+01  8.468845E+00
  5.225000E+00  1.332889E+01  8.621717E+00
  5.275000E+00  1.343488E+01  8.778768E+00
  5.325000E+00  1.305201E+01  8.934249E+00
  5.375000E+00  1.315702E+01  9.093939E+00
  5.425000E+00  1.336522E+01  9.259187E+00
  5.475000E+00  1.322151E+01  9.425686E+00
  5.525000E+00  1.265540E+01  9.587980E+00
  5.575000E+00  1.278310E+01  9.754892E+00
  5.625000E+00  1.302430E+01  9.928017E+00
  5.675000E+00  1.270164E+01  1.009987E+01
  5.725000E+00  1.269748E+01  1.027470E+01
  5.775000E+00  1.278014E+01  1.045376E+01
  5.825000E+00  1.247444E+01  1.063158E+01
  5.875000E+00  1.278186E+01  1.081692E+01
  5.925000E+00  1.240981E+01  1.099994E+01
  5.975000E+00  1.253952E+01  1.118801E+01
Li      O_s     
  2.500000E-02  0.000000E+00  0.000000E+00
  7.500000E-02  0.000000E+00  0.000000E+00
  1.250000E-01  0.000000E+00  0.000000E+00
  1.750000E-01  0.000000E+00  0.000000E+00
  2.250000E-01  0.000000E+00  0.000000E+00
  2.750000E-01  0.000000E+00  0.000000E+00
  3.250000E-01  0.000000E+00  0.000000E+00
  3.750000E-01  1.608634E-03  9.517465E-08
  4.250000E-01  0.000000E+00  9.517465E-08
  4.750000E-01  1.003170E-03  1.903493E-07
  5.250000E-01  8.213269E-04  2.855239E-07
  5.750000E-01  0.000000E+00  2.855239E-07
  6.250000E-01  5.796571E-04  3.806986E-07
  6.750000E-01  9.940007E-04  5.710479E-07
  7.250000E-01  2.154193E-03  1.046921E-06
  7.750000E-01  5.655878E-03  2.474541E-06
  8.250000E-01  1.197911E-02  5.900828E-06
  8.750000E-01  5.827667E-02  2.465023E-05
  9.250000E-01  6.937333E+01  2.496716E-02
  9.750000E-01  1.119378E+02  6.968078E-02
  1.025000E+00  4.248053E+02  2.572158E-01
  1.075000E+00  2.445978E+03  1.444915E+00
  1.125000E+00  6.985480E+02  1.816391E+00
  1.175000E+00  1.234451E+02  1.888001E+00
  1.225000E+00  5.657630E+01  1.923673E+00
  1.275000E+00  2.466533E+01  1.940520E+00
  1.325000E+00  1.014743E+01  1.948005E+00
  1.375000E+00  3.510446E+00  1.950793E+00
  1.425000E+00  1.557641E+00  1.952122E+00
  1.475000E+00  8.099551E-01  1.952863E+00
  1.525000E+00  5.691413E-01  1.953419E+00
  1.575000E+00  4.715757E-01  1.953910E+00
  1.625000E+00  3.611635E-01  1.954311E+00
  1.675000E+00  3.557504E-01  1.954730E+00
  1.725000E+00  3.170041E-01  1.955127E+00
  1.775000E+00  4.332778E-01  1.955700E+00
  1.825000E+00  6.373081E-01  1.956592E+00
  1.875000E+00  1.068363E+00  1.958170E+00
  1.925000E+00  1.410098E+00  1.960365E+00
  1.975000E+00  2.731079E+00  1.964841E+00
  2.025000E+00  6.422142E+00  1.975905E+00
  2.075000E+00  1.363184E+01  2.000563E+00
  2.125000E+00  5.859095E+00  2.011679E+00
  2.175000E+00  3.919954E+00  2.019470E+00
  2.225000E+00  7.073647E+00  2.034182E+00
  2.275000E+00  1.266415E+01  2.061719E+00
  2.325000E+00  2.096752E+01  2.109336E+00
  2.375000E+00  2.752184E+01  2.174556E+00
  2.425000E+00  3.278633E+01  2.255557E+00
  2.475000E+00  3.812737E+01  2.353678E+00
  2.525000E+00  4.504484E+01  2.474331E+00
  2.575000E+00  4.676344E+01  2.604598E+00
  2.625000E+00  4.582322E+01  2.737251E+00
  2.675000E+00  4.164176E+01  2.862434E+00
  2.725000E+00  3.714348E+01  2.978308E+00
  2.775000E+00  2.946970E+01  3.073648E+00
  2.825000E+00  2.504210E+01  3.157609E+00
  2.875000E+00  2.126819E+01  3.231463E+00
  2.925000E+00  1.937013E+01  3.301086E+00
  2.975000E+00  1.759995E+01  3.366528E+00
  3.025000E+00  1.628514E+01  3.429133E+00
  3.075000E+00  1.621102E+01  3.493530E+00
  3.125000E+00  1.526390E+01  3.556153E+00
  3.175000E+00  1.524439E+01  3.620714E+00
  3.225000E+00  1.535448E+01  3.687804E+00
  3.275000E+00  1.507415E+01  3.755728E+00
  3.325000E+00  1.550649E+01  3.827750E+00
  3.375000E+00  1.541487E+01  3.901515E+00
  3.425000E+00  1.510784E+01  3.975970E+00
  3.475000E+00  1.505251E+01  4.052333E+00
  3.525000E+00  1.545840E+01  4.133028E+00
  3.575000E+00  1.537037E+01  4.215556E+00
  3.625000E+00  1.591774E+01  4.303431E+00
  3.675000E+00  1.643741E+01  4.396695E+00
  3.725000E+00  1.661546E+01  4.493551E+00
  3.775000E+00  1.815193E+01  4.602224E+00
  3.825000E+00  1.819389E+01  4.714053E+00
  3.875000E+00  1.833437E+01  4.829711E+00
  3.925000E+00  1.870608E+01  4.950778E+00
  3.975000E+00  1.920303E+01  5.078248E+00
  4.025000E+00  1.904786E+01  5.207889E+00
  4.075000E+00  1.928573E+01  5.342430E+00
  4.125000E+00  1.960218E+01  5.482555E+00
  4.175000E+00  1.954858E+01  5.625705E+00
  4.225000E+00  1.912713E+01  5.769144E+00
  4.275000E+00  1.909395E+01  5.915743E+00
  4.325000E+00  1.834802E+01  6.059930E+00
  4.375000E+00  1.769956E+01  6.202255E+00
  4.425000E+00  1.811250E+01  6.351249E+00
  4.475000E+00  1.747325E+01  6.498250E+00
  4.525000E+00  1.721578E+01  6.646341E+00
  4.575000E+00  1.688583E+01  6.794821E+00
  4.625000E+00  1.683054E+01  6.946067E+00
  4.675000E+00  1.583457E+01  7.091456E+00
  4.725000E+00  1.521374E+01  7.234149E+00
  4.775000E+00  1.472976E+01  7.375242E+00
  4.825000E+00  1.459155E+01  7.517953E+00
  4.875000E+00  1.410273E+01  7.658757E+00
  4.925000E+00  1.326034E+01  7.793880E+00
  4.975000E+00  1.289731E+01  7.927986E+00
  5.025000E+00  1.330086E+01  8.069081E+00
  5.075000E+00  1.311501E+01  8.210988E+00
  5.125000E+00  1.318759E+01  8.356505E+00
  5.175000E+00  1.337254E+01  8.506957E+00
  5.225000E+00  1.327105E+01  8.659166E+00
  5.275000E+00  1.329174E+01  8.814543E+00
  5.325000E+00  1.320661E+01  8.971866E+00
  5.375000E+00  1.315204E+01  9.131495E+00
  5.425000E+00  1.323008E+01  9.295073E+00
  5.475000E+00  1.328275E+01  9.462343E+00
  5.525000E+00  1.343960E+01  9.634693E+00
  5.575000E+00  1.317405E+01  9.806710E+00
  5.625000E+00  1.289066E+01  9.978059E+00
  5.675000E+00  1.303971E+01  1.015448E+01
  5.725000E+00  1.309902E+01  1.033485E+01
  5.775000E+00  1.294669E+01  1.051624E+01
  5.825000E+00  1.279682E+01  1.069866E+01
  5.875000E+00  1.260127E+01  1.088138E+01
  5.925000E+00  1.274639E+01  1.106936E+01
  5.975000E+00  1.248804E+01  1.125666E+01
La      La      
  2.500000E-02  0.000000E+00  0.000000E+00
  7.500000E-02  0.000000E+00  0.000000E+00
  1.250000E-01  0.000000E+00  0.000000E+00
  1.750000E-01  0.000000E+00  0.000000E+00
  2.250000E-01  0.000000E+00  0.000000E+00
  2.750000E-01  0.000000E+00  0.000000E+00
  3.250000E-01  0.000000E+00  0.000000E+00
  3.750000E-01  0.000000E+00  0.000000E+00
  4.250000E-01  0.000000E+00  0.000000E+00
  4.750000E-01  0.000000E+00  0.000000E+00
  5.250000E-01  0.000000E+00  0.000000E+00
  5.750000E-01  0.000000E+00  0.000000E+00
  6.250000E-01  0.000000E+00  0.000000E+00
  6.750000E-01  0.000000E+00  0.000000E+00
  7.250000E-01  0.000000E+00  0.000000E+00
  7.750000E-01  0.000000E+00  0.000000E+00
  8.250000E-01  0.000000E+00  0.000000E+00
  8.750000E-01  0.000000E+00  0.000000E+00
  9.250000E-01  0.000000E+00  0.000000E+00
  9.750000E-01  0.000000E+00  0.000000E+00
  1.025000E+00  0.000000E+00  0.000000E+00
  1.075000E+00  0.000000E+00  0.000000E+00
  1.125000E+00  0.000000E+00  0.000000E+00
  1.175000E+00  0.000000E+00  0.000000E+00
  1.225000E+00  0.000000E+00  0.000000E+00
  1.275000E+00  0.000000E+00  0.000000E+00
  1.325000E+00  0.000000E+00  0.000000E+00
  1.375000E+00  0.000000E+00  0.000000E+00
  1.425000E+00  0.000000E+00  0.000000E+00
  1.475000E+00  0.000000E+00  0.000000E+00
  1.525000E+00  0.000000E+00  0.000000E+00
  1.575000E+00  0.000000E+00  0.000000E+00
  1.625000E+00  0.000000E+00  0.000000E+00
  1.675000E+00  0.000000E+00  0.000000E+00
  1.725000E+00  0.000000E+00  0.000000E+00
  1.775000E+00  1.342607E-03  4.442964E-07
  1.825000E+00  0.000000E+00  4.442964E-07
  1.875000E+00  0.000000E+00  4.442964E-07
  1.925000E+00  0.000000E+00  4.442964E-07
  1.975000E+00  0.000000E+00  4.442964E-07
  2.025000E+00  0.000000E+00  4.442964E-07
  2.075000E+00  0.000000E+00  4.442964E-07
  2.125000E+00  0.000000E+00  4.442964E-07
  2.175000E+00  0.000000E+00  4.442964E-07
  2.225000E+00  0.000000E+00  4.442964E-07
  2.275000E+00  0.000000E+00  4.442964E-07
  2.325000E+00  0.000000E+00  4.442964E-07
  2.375000E+00  0.000000E+00  4.442964E-07
  2.425000E+00  0.000000E+00  4.442964E-07
  2.475000E+00  0.000000E+00  4.442964E-07
  2.525000E+00  0.000000E+00  4.442964E-07
  2.575000E+00  0.000000E+00  4.442964E-07
  2.625000E+00  6.139070E-04  8.885929E-07
  2.675000E+00  0.000000E+00  8.885929E-07
  2.725000E+00  1.139355E-03  1.777186E-06
  2.775000E+00  0.000000E+00  1.777186E-06
  2.825000E+00  1.060123E-03  2.665779E-06
  2.875000E+00  0.000000E+00  2.665779E-06
  2.925000E+00  1.483315E-03  3.998668E-06
  2.975000E+00  4.779585E-04  4.442964E-06
  3.025000E+00  1.849157E-03  6.220150E-06
  3.075000E+00  4.473779E-03  1.066311E-05
  3.125000E+00  1.776024E-02  2.887927E-05
  3.175000E+00  3.818733E-02  6.931025E-05
  3.225000E+00  9.639501E-02  1.746085E-04
  3.275000E+00  1.987805E-01  3.985339E-04
  3.325000E+00  3.302126E-01  7.819617E-04
  3.375000E+00  6.090637E-01  1.510608E-03
  3.425000E+00  9.476999E-01  2.678219E-03
  3.475000E+00  1.493738E+00  4.572699E-03
  3.525000E+00  2.451214E+00  7.771633E-03
  3.575000E+00  3.716358E+00  1.276019E-02
  3.625000E+00  5.442745E+00  2.027191E-02
  3.675000E+00  7.181879E+00  3.045919E-02
  3.725000E+00  8.254976E+00  4.248940E-02
  3.775000E+00  7.495708E+00  5.370833E-02
  3.825000E+00  9.137052E+00  6.774854E-02
  3.875000E+00  1.171552E+01  8.622461E-02
  3.925000E+00  1.503094E+01  1.105450E-01
  3.975000E+00  1.328977E+01  1.325994E-01
  4.025000E+00  1.511012E+01  1.583095E-01
  4.075000E+00  1.699486E+01  1.879494E-01
  4.125000E+00  1.611549E+01  2.167496E-01
  4.175000E+00  1.820921E+01  2.500851E-01
  4.225000E+00  1.588255E+01  2.798619E-01
  4.275000E+00  1.447622E+01  3.076482E-01
  4.325000E+00  1.831117E+01  3.436224E-01
  4.375000E+00  1.659659E+01  3.769864E-01
  4.425000E+00  1.837739E+01  4.147796E-01
  4.475000E+00  1.624084E+01  4.489380E-01
  4.525000E+00  1.513787E+01  4.814921E-01
  4.575000E+00  1.638081E+01  5.175018E-01
  4.625000E+00  1.804258E+01  5.580363E-01
  4.675000E+00  1.753309E+01  5.982825E-01
  4.725000E+00  1.809623E+01  6.407146E-01
  4.775000E+00  1.916121E+01  6.865997E-01
  4.825000E+00  1.766845E+01  7.298009E-01
  4.875000E+00  1.881875E+01  7.767732E-01
  4.925000E+00  1.881844E+01  8.247133E-01
  4.975000E+00  1.797719E+01  8.714448E-01
  5.025000E+00  2.062088E+01  9.261315E-01
  5.075000E+00  1.902561E+01  9.775966E-01
  5.125000E+00  1.752379E+01  1.025938E+00
  5.175000E+00  1.789068E+01  1.076259E+00
  5.225000E+00  1.624258E+01  1.122831E+00
  5.275000E+00  1.676088E+01  1.171814E+00
  5.325000E+00  1.852056E+01  1.226970E+00
  5.375000E+00  1.698351E+01  1.278503E+00
  5.425000E+00  1.525463E+01  1.325656E+00
  5.475000E+00  1.421055E+01  1.370394E+00
  5.525000E+00  1.689134E+01  1.424548E+00
  5.575000E+00  1.797597E+01  1.483227E+00
  5.625000E+00  1.680042E+01  1.539057E+00
  5.675000E+00  1.555679E+01  1.591677E+00
  5.725000E+00  1.335189E+01  1.637639E+00
  5.775000E+00  1.567327E+01  1.692538E+00
  5.825000E+00  1.500091E+01  1.745996E+00
  5.875000E+00  1.395822E+01  1.796595E+00
  5.925000E+00  1.550839E+01  1.853775E+00
  5.975000E+00  1.372858E+01  1.905251E+00
La      Zr      
  2.500000E-02  0.000000E+00  0.000000E+00
  7.500000E-02  0.000000E+00  0.000000E+00
  1.250000E-01  0.000000E+00  0.000000E+00
  1.750000E-01  0.000000E+00  0.000000E+00
  2.250000E-01  0.000000E+00  0.000000E+00
  2.750000E-01  0.000000E+00  0.000000E+00
  3.250000E-01  0.000000E+00  0.000000E+00
  3.750000E-01  0.000000E+00  0.000000E+00
  4.250000E-01  0.000000E+00  0.000000E+00
  4.750000E-01  0.000000E+00  0.000000E+00
  5.250000E-01  0.000000E+00  0.000000E+00
  5.750000E-01  0.000000E+00  0.000000E+00
  6.250000E-01  0.000000E+00  0.000000E+00
  6.750000E-01  0.000000E+00  0.000000E+00
  7.250000E-01  0.000000E+00  0.000000E+00
  7.750000E-01  0.000000E+00  0.000000E+00
  8.250000E-01  0.000000E+00  0.000000E+00
  8.750000E-01  0.000000E+00  0.000000E+00
  9.250000E-01  0.000000E+00  0.000000E+00
  9.750000E-01  0.000000E+00  0.000000E+00
  1.025000E+00  0.000000E+00  0.000000E+00
  1.075000E+00  0.000000E+00  0.000000E+00
  1.125000E+00  0.000000E+00  0.000000E+00
  1.175000E+00  0.000000E+00  0.000000E+00
  1.225000E+00  0.000000E+00  0.000000E+00
  1.275000E+00  0.000000E+00  0.000000E+00
  1.325000E+00  0.000000E+00  0.000000E+00
  1.375000E+00  0.000000E+00  0.000000E+00
  1.425000E+00  0.000000E+00  0.000000E+00
  1.475000E+00  0.000000E+00  0.000000E+00
  1.525000E+00  0.000000E+00  0.000000E+00
  1.575000E+00  0.000000E+00  0.000000E+00
  1.625000E+00  0.000000E+00  0.000000E+00
  1.675000E+00  0.000000E+00  0.000000E+00
  1.725000E+00  0.000000E+00  0.000000E+00
  1.775000E+00  0.000000E+00  0.000000E+00
  1.825000E+00  0.000000E+00  0.000000E+00
  1.875000E+00  0.000000E+00  0.000000E+00
  1.925000E+00  0.000000E+00  0.000000E+00
  1.975000E+00  0.000000E+00  0.000000E+00
  2.025000E+00  0.000000E+00  0.000000E+00
  2.075000E+00  0.000000E+00  0.000000E+00
  2.125000E+00  0.000000E+00  0.000000E+00
  2.175000E+00  0.000000E+00  0.000000E+00
  2.225000E+00  0.000000E+00  0.000000E+00
  2.275000E+00  0.000000E+00  0.000000E+00
  2.325000E+00  0.000000E+00  0.000000E+00
  2.375000E+00  0.000000E+00  0.000000E+00
  2.425000E+00  0.000000E+00  0.000000E+00
  2.475000E+00  1.035513E-03  4.441483E-07
  2.525000E+00  4.974551E-04  6.662225E-07
  2.575000E+00  0.000000E+00  6.662225E-07
  2.625000E+00  0.000000E+00  6.662225E-07
  2.675000E+00  0.000000E+00  6.662225E-07
  2.725000E+00  0.000000E+00  6.662225E-07
  2.775000E+00  0.000000E+00  6.662225E-07
  2.825000E+00  7.948269E-04  1.110371E-06
  2.875000E+00  2.685977E-03  2.664890E-06
  2.925000E+00  5.931281E-03  6.218077E-06
  2.975000E+00  3.619329E-02  2.864757E-05
  3.025000E+00  8.318431E-02  8.194537E-05
  3.075000E+00  1.945445E-01  2.107484E-04
  3.125000E+00  4.322744E-01  5.063291E-04
  3.175000E+00  1.502653E+00  1.566955E-03
  3.225000E+00  1.561323E+00  2.703975E-03
  3.275000E+00  4.865247E+00  6.357761E-03
  3.325000E+00  6.141514E+00  1.111193E-02
  3.375000E+00  8.773997E+00  1.810970E-02
  3.425000E+00  1.567212E+01  3.098223E-02
  3.475000E+00  2.023071E+01  4.808772E-02
  3.525000E+00  2.670448E+01  7.132134E-02
  3.575000E+00  3.051325E+01  9.862714E-02
  3.625000E+00  3.707915E+01  1.327433E-01
  3.675000E+00  4.294704E+01  1.733560E-01
  3.725000E+00  3.850235E+01  2.107630E-01
  3.775000E+00  4.253445E+01  2.532043E-01
  3.825000E+00  4.164563E+01  2.958668E-01
  3.875000E+00  3.994081E+01  3.378594E-01
  3.925000E+00  3.557969E+01  3.762385E-01
  3.975000E+00  3.829353E+01  4.186040E-01
  4.025000E+00  3.631516E+01  4.597979E-01
  4.075000E+00  3.850436E+01  5.045670E-01
  4.125000E+00  3.418045E+01  5.452898E-01
  4.175000E+00  3.514458E+01  5.881825E-01
  4.225000E+00  3.579632E+01  6.329234E-01
  4.275000E+00  3.540330E+01  6.782265E-01
  4.325000E+00  3.234421E+01  7.205889E-01
  4.375000E+00  3.034980E+01  7.612636E-01
  4.425000E+00  2.735766E+01  7.987710E-01
  4.475000E+00  2.363615E+01  8.319127E-01
  4.525000E+00  2.318717E+01  8.651555E-01
  4.575000E+00  2.337214E+01  8.994080E-01
  4.625000E+00  2.005249E+01  9.294413E-01
  4.675000E+00  1.825724E+01  9.573802E-01
  4.725000E+00  1.743562E+01  9.846356E-01
  4.775000E+00  1.685761E+01  1.011548E+00
  4.825000E+00  1.514769E+01  1.036240E+00
  4.875000E+00  1.460568E+01  1.060544E+00
  4.925000E+00  1.341283E+01  1.083324E+00
  4.975000E+00  1.246682E+01  1.104928E+00
  5.025000E+00  1.330986E+01  1.128460E+00
  5.075000E+00  1.330774E+01  1.152459E+00
  5.125000E+00  1.352934E+01  1.177340E+00
  5.175000E+00  1.183544E+01  1.199533E+00
  5.225000E+00  1.207239E+01  1.222610E+00
  5.275000E+00  1.346409E+01  1.248842E+00
  5.325000E+00  1.338044E+01  1.275408E+00
  5.375000E+00  1.441491E+01  1.304567E+00
  5.425000E+00  1.564527E+01  1.336807E+00
  5.475000E+00  1.407705E+01  1.366353E+00
  5.525000E+00  1.467427E+01  1.397717E+00
  5.575000E+00  1.314420E+01  1.426321E+00
  5.625000E+00  1.316498E+01  1.455487E+00
  5.675000E+00  1.417065E+01  1.487441E+00
  5.725000E+00  1.433993E+01  1.520350E+00
  5.775000E+00  1.591959E+01  1.557525E+00
  5.825000E+00  1.513316E+01  1.593477E+00
  5.875000E+00  1.515318E+01  1.630098E+00
  5.925000E+00  1.493031E+01  1.666797E+00
  5.975000E+00  1.486893E+01  1.703965E+00
La      O       
  2.500000E-02  0.000000E+00  0.000000E+00
  7.500000E-02  0.000000E+00  0.000000E+00
  1.250000E-01  0.000000E+00  0.000000E+00
  1.750000E-01  0.000000E+00  0.000000E+00
  2.250000E-01  0.000000E+00  0.000000E+00
  2.750000E-01  6.970749E-03  2.220742E-07
  3.250000E-01  0.000000E+00  2.220742E-07
  3.750000E-01  0.000000E+00  2.220742E-07
  4.250000E-01  0.000000E+00  2.220742E-07
  4.750000E-01  0.000000E+00  2.220742E-07
  5.250000E-01  0.000000E+00  2.220742E-07
  5.750000E-01  0.000000E+00  2.220742E-07
  6.250000E-01  0.000000E+00  2.220742E-07
  6.750000E-01  1.159667E-03  4.441483E-07
  7.250000E-01  0.000000E+00  4.441483E-07
  7.750000E-01  0.000000E+00  4.441483E-07
  8.250000E-01  0.000000E+00  4.441483E-07
  8.750000E-01  6.902482E-04  6.662225E-07
  9.250000E-01  6.176613E-04  8.882967E-07
  9.750000E-01  0.000000E+00  8.882967E-07
  1.025000E+00  0.000000E+00  8.882967E-07
  1.075000E+00  4.573454E-04  1.110371E-06
  1.125000E+00  0.000000E+00  1.110371E-06
  1.175000E+00  3.828232E-04  1.332445E-06
  1.225000E+00  3.522144E-04  1.554519E-06
  1.275000E+00  0.000000E+00  1.554519E-06
  1.325000E+00  0.000000E+00  1.554519E-06
  1.375000E+00  5.591345E-04  1.998668E-06
  1.425000E+00  0.000000E+00  1.998668E-06
  1.475000E+00  7.288450E-04  2.664890E-06
  1.525000E+00  6.818396E-04  3.331113E-06
  1.575000E+00  6.392390E-04  3.997335E-06
  1.625000E+00  1.401189E-03  5.551854E-06
  1.675000E+00  1.883986E-03  7.772596E-06
  1.725000E+00  1.953996E-03  1.021541E-05
  1.775000E+00  2.684319E-03  1.376860E-05
  1.825000E+00  3.808885E-03  1.909838E-05
  1.875000E+00  4.209876E-03  2.531646E-05
  1.925000E+00  8.273355E-03  3.819676E-05
  1.975000E+00  1.978495E-02  7.061959E-05
  2.025000E+00  6.032722E-02  1.745503E-04
  2.075000E+00  2.623535E-01  6.491228E-04
  2.125000E+00  1.133825E+00  2.800133E-03
  2.175000E+00  4.137109E+00  1.102243E-02
  2.225000E+00  1.027476E+01  3.239263E-02
  2.275000E+00  1.796798E+01  7.146214E-02
  2.325000E+00  2.589404E+01  1.302680E-01
  2.375000E+00  3.468702E+01  2.124675E-01
  2.425000E+00  4.373706E+01  3.205230E-01
  2.475000E+00  6.730620E+01  4.937353E-01
  2.525000E+00  1.070638E+02  7.805081E-01
  2.575000E+00  1.384027E+02  1.166050E+00
  2.625000E+00  1.436383E+02  1.581865E+00
  2.675000E+00  1.369010E+02  1.993417E+00
  2.725000E+00  1.158632E+02  2.354868E+00
  2.775000E+00  9.180186E+01  2.651862E+00
  2.825000E+00  6.658504E+01  2.875108E+00
  2.875000E+00  5.190375E+01  3.055345E+00
  2.925000E+00  4.064447E+01  3.201436E+00
  2.975000E+00  3.240392E+01  3.321923E+00
  3.025000E+00  2.562302E+01  3.420426E+00
  3.075000E+00  2.128345E+01  3.504973E+00
  3.125000E+00  1.969523E+01  3.585776E+00
  3.175000E+00  1.787174E+01  3.661463E+00
  3.225000E+00  1.620635E+01  3.732276E+00
  3.275000E+00  1.506162E+01  3.800144E+00
  3.325000E+00  1.515632E+01  3.870539E+00
  3.375000E+00  1.453051E+01  3.940073E+00
  3.425000E+00  1.486952E+01  4.013352E+00
  3.475000E+00  1.625094E+01  4.095795E+00
  3.525000E+00  1.649334E+01  4.181893E+00
  3.575000E+00  1.614483E+01  4.268580E+00
  3.625000E+00  1.665402E+01  4.360519E+00
  3.675000E+00  1.689887E+01  4.456401E+00
  3.725000E+00  1.713978E+01  4.556314E+00
  3.775000E+00  1.888292E+01  4.669364E+00
  3.825000E+00  1.858137E+01  4.783574E+00
  3.875000E+00  1.962650E+01  4.907382E+00
  3.925000E+00  1.933244E+01  5.032503E+00
  3.975000E+00  1.791482E+01  5.151422E+00
  4.025000E+00  1.929516E+01  5.282746E+00
  4.075000E+00  1.812354E+01  5.409180E+00
  4.125000E+00  1.804992E+01  5.538209E+00
  4.175000E+00  1.656991E+01  5.659547E+00
  4.225000E+00  1.690814E+01  5.786345E+00
  4.275000E+00  1.651752E+01  5.913163E+00
  4.325000E+00  1.642189E+01  6.042213E+00
  4.375000E+00  1.665888E+01  6.176170E+00
  4.425000E+00  1.513913E+01  6.300705E+00
  4.475000E+00  1.561779E+01  6.432097E+00
  4.525000E+00  1.500558E+01  6.561175E+00
  4.575000E+00  1.501748E+01  6.693226E+00
  4.625000E+00  1.444074E+01  6.822996E+00
  4.675000E+00  1.308207E+01  6.943113E+00
  4.725000E+00  1.373017E+01  7.071891E+00
  4.775000E+00  1.387814E+01  7.204826E+00
  4.825000E+00  1.371682E+01  7.338982E+00
  4.875000E+00  1.349370E+01  7.473706E+00
  4.925000E+00  1.325439E+01  7.608768E+00
  4.975000E+00  1.288692E+01  7.742766E+00
  5.025000E+00  1.325610E+01  7.883387E+00
  5.075000E+00  1.279659E+01  8.021848E+00
  5.125000E+00  1.230949E+01  8.157676E+00
  5.175000E+00  1.248190E+01  8.298107E+00
  5.225000E+00  1.281446E+01  8.445079E+00
  5.275000E+00  1.299972E+01  8.597043E+00
  5.325000E+00  1.289498E+01  8.750654E+00
  5.375000E+00  1.275836E+01  8.905505E+00
  5.425000E+00  1.267640E+01  9.062236E+00
  5.475000E+00  1.248761E+01  9.219493E+00
  5.525000E+00  1.188171E+01  9.371865E+00
  5.575000E+00  1.273207E+01  9.538111E+00
  5.625000E+00  1.253822E+01  9.704775E+00
  5.675000E+00  1.215329E+01  9.869207E+00
  5.725000E+00  1.191172E+01  1.003322E+01
  5.775000E+00  1.180381E+01  1.019860E+01
  5.825000E+00  1.169205E+01  1.036527E+01
  5.875000E+00  1.098595E+01  1.052457E+01
  5.925000E+00  1.098933E+01  1.068664E+01
  5.975000E+00  1.106752E+01  1.085263E+01
La      O_s     
  2.500000E-02  0.000000E+00  0.000000E+00
  7.500000E-02  0.000000E+00  0.000000E+00
  1.250000E-01  0.000000E+00  0.000000E+00
  1.750000E-01  0.000000E+00  0.000000E+00
  2.250000E-01  0.000000E+00  0.000000E+00
  2.750000E-01  0.000000E+00  0.000000E+00
  3.250000E-01  0.000000E+00  0.000000E+00
  3.750000E-01  0.000000E+00  0.000000E+00
  4.250000E-01  0.000000E+00  0.000000E+00
  4.750000E-01  0.000000E+00  0.000000E+00
  5.250000E-01  0.000000E+00  0.000000E+00
  5.750000E-01  0.000000E+00  0.000000E+00
  6.250000E-01  0.000000E+00  0.000000E+00
  6.750000E-01  0.000000E+00  0.000000E+00
  7.250000E-01  0.000000E+00  0.000000E+00
  7.750000E-01  0.000000E+00  0.000000E+00
  8.250000E-01  0.000000E+00  0.000000E+00
  8.750000E-01  0.000000E+00  0.000000E+00
  9.250000E-01  0.000000E+00  0.000000E+00
  9.750000E-01  0.000000E+00  0.000000E+00
  1.025000E+00  0.000000E+00  0.000000E+00
  1.075000E+00  0.000000E+00  0.000000E+00
  1.125000E+00  0.000000E+00  0.000000E+00
  1.175000E+00  0.000000E+00  0.000000E+00
  1.225000E+00  1.408858E-03  8.882967E-07
  1.275000E+00  3.251349E-04  1.110371E-06
  1.325000E+00  0.000000E+00  1.110371E-06
  1.375000E+00  2.795673E-04  1.332445E-06
  1.425000E+00  2.602947E-04  1.554519E-06
  1.475000E+00  2.429483E-04  1.776593E-06
  1.525000E+00  2.272799E-04  1.998668E-06
  1.575000E+00  2.130797E-04  2.220742E-06
  1.625000E+00  4.003396E-04  2.664890E-06
  1.675000E+00  7.535944E-04  3.553187E-06
  1.725000E+00  8.881800E-04  4.663558E-06
  1.775000E+00  5.033098E-04  5.329780E-06
  1.825000E+00  1.110925E-03  6.884299E-06
  1.875000E+00  1.804233E-03  9.549189E-06
  1.925000E+00  4.421966E-03  1.643349E-05
  1.975000E+00  7.859776E-03  2.931379E-05
  2.025000E+00  4.150719E-02  1.008217E-04
  2.075000E+00  1.363944E-01  3.475461E-04
  2.125000E+00  6.743720E-01  1.626915E-03
  2.175000E+00  2.870779E+00  7.332445E-03
  2.225000E+00  8.212549E+00  2.441350E-02
  2.275000E+00  1.920785E+01  6.617899E-02
  2.325000E+00  2.688275E+01  1.272303E-01
  2.375000E+00  3.312259E+01  2.057224E-01
  2.425000E+00  4.358821E+01  3.134102E-01
  2.475000E+00  5.998547E+01  4.677826E-01
  2.525000E+00  9.230768E+01  7.150309E-01
  2.575000E+00  1.169804E+02  1.040897E+00
  2.625000E+00  1.329313E+02  1.425717E+00
  2.675000E+00  1.281408E+02  1.810935E+00
  2.725000E+00  1.142429E+02  2.167331E+00
  2.775000E+00  9.407898E+01  2.471692E+00
  2.825000E+00  7.744575E+01  2.731351E+00
  2.875000E+00  6.046235E+01  2.941308E+00
  2.925000E+00  4.582464E+01  3.106018E+00
  2.975000E+00  3.737094E+01  3.244974E+00
  3.025000E+00  3.208586E+01  3.368322E+00
  3.075000E+00  2.617680E+01  3.472308E+00
  3.125000E+00  2.346277E+01  3.568569E+00
  3.175000E+00  2.105990E+01  3.657757E+00
  3.225000E+00  1.886588E+01  3.740191E+00
  3.275000E+00  1.912590E+01  3.826372E+00
  3.325000E+00  1.843023E+01  3.911973E+00
  3.375000E+00  1.834118E+01  3.999742E+00
  3.425000E+00  1.918971E+01  4.094313E+00
  3.475000E+00  1.874867E+01  4.189427E+00
  3.525000E+00  1.866646E+01  4.286869E+00
  3.575000E+00  1.911001E+01  4.389477E+00
  3.625000E+00  1.956335E+01  4.497477E+00
  3.675000E+00  1.886388E+01  4.604508E+00
  3.725000E+00  1.876252E+01  4.713881E+00
  3.775000E+00  1.925571E+01  4.829162E+00
  3.825000E+00  1.991779E+01  4.951586E+00
  3.875000E+00  1.939630E+01  5.073943E+00
  3.925000E+00  1.952754E+01  5.200327E+00
  3.975000E+00  1.815881E+01  5.320865E+00
  4.025000E+00  1.795189E+01  5.443047E+00
  4.075000E+00  1.718217E+01  5.562913E+00
  4.125000E+00  1.757094E+01  5.688518E+00
  4.175000E+00  1.667123E+01  5.810598E+00
  4.225000E+00  1.734772E+01  5.940693E+00
  4.275000E+00  1.673691E+01  6.069195E+00
  4.325000E+00  1.726735E+01  6.204889E+00
  4.375000E+00  1.567052E+01  6.330899E+00
  4.425000E+00  1.496983E+01  6.454041E+00
  4.475000E+00  1.425792E+01  6.573992E+00
  4.525000E+00  1.490799E+01  6.702231E+00
  4.575000E+00  1.423262E+01  6.827380E+00
  4.625000E+00  1.348902E+01  6.948598E+00
  4.675000E+00  1.425559E+01  7.079490E+00
  4.725000E+00  1.424080E+01  7.213057E+00
  4.775000E+00  1.439944E+01  7.350986E+00
  4.825000E+00  1.322076E+01  7.480290E+00
  4.875000E+00  1.379471E+01  7.618019E+00
  4.925000E+00  1.269007E+01  7.747331E+00
  4.975000E+00  1.273734E+01  7.879773E+00
  5.025000E+00  1.318995E+01  8.019692E+00
  5.075000E+00  1.259383E+01  8.155960E+00
  5.125000E+00  1.315617E+01  8.301131E+00
  5.175000E+00  1.269943E+01  8.444009E+00
  5.225000E+00  1.311628E+01  8.594443E+00
  5.275000E+00  1.281684E+01  8.744269E+00
  5.325000E+00  1.248783E+01  8.893030E+00
  5.375000E+00  1.243578E+01  9.043965E+00
  5.425000E+00  1.351492E+01  9.211064E+00
  5.475000E+00  1.254771E+01  9.369078E+00
  5.525000E+00  1.219314E+01  9.525444E+00
  5.575000E+00  1.215139E+01  9.684107E+00
  5.625000E+00  1.201620E+01  9.843833E+00
  5.675000E+00  1.155880E+01  1.000022E+01
  5.725000E+00  1.155456E+01  1.015932E+01
  5.775000E+00  1.166752E+01  1.032279E+01
  5.825000E+00  1.105966E+01  1.048044E+01
  5.875000E+00  1.132970E+01  1.064473E+01
  5.925000E+00  1.094353E+01  1.080612E+01
  5.975000E+00  1.070065E+01  1.096661E+01
Zr      Zr      
  2.500000E-02  0.000000E+00  0.000000E+00
  7.500000E-02  0.000000E+00  0.000000E+00
  1.250000E-01  0.000000E+00  0.000000E+00
  1.750000E-01  0.000000E+00  0.000000E+00
  2.250000E-01  0.000000E+00  0.000000E+00
  2.750000E-01  0.000000E+00  0.000000E+00
  3.250000E-01  0.000000E+00  0.000000E+00
  3.750000E-01  0.000000E+00  0.000000E+00
  4.250000E-01  0.000000E+00  0.000000E+00
  4.750000E-01  0.000000E+00  0.000000E+00
  5.250000E-01  0.000000E+00  0.000000E+00
  5.750000E-01  0.000000E+00  0.000000E+00
  6.250000E-01  0.000000E+00  0.000000E+00
  6.750000E-01  0.000000E+00  0.000000E+00
  7.250000E-01  0.000000E+00  0.000000E+00
  7.750000E-01  0.000000E+00  0.000000E+00
  8.250000E-01  0.000000E+00  0.000000E+00
  8.750000E-01  0.000000E+00  0.000000E+00
  9.250000E-01  0.000000E+00  0.000000E+00
  9.750000E-01  0.000000E+00  0.000000E+00
  1.025000E+00  0.000000E+00  0.000000E+00
  1.075000E+00  0.000000E+00  0.000000E+00
  1.125000E+00  0.000000E+00  0.000000E+00
  1.175000E+00  0.000000E+00  0.000000E+00
  1.225000E+00  0.000000E+00  0.000000E+00
  1.275000E+00  0.000000E+00  0.000000E+00
  1.325000E+00  0.000000E+00  0.000000E+00
  1.375000E+00  0.000000E+00  0.000000E+00
  1.425000E+00  0.000000E+00  0.000000E+00
  1.475000E+00  0.000000E+00  0.000000E+00
  1.525000E+00  0.000000E+00  0.000000E+00
  1.575000E+00  0.000000E+00  0.000000E+00
  1.625000E+00  0.000000E+00  0.000000E+00
  1.675000E+00  0.000000E+00  0.000000E+00
  1.725000E+00  0.000000E+00  0.000000E+00
  1.775000E+00  0.000000E+00  0.000000E+00
  1.825000E+00  0.000000E+00  0.000000E+00
  1.875000E+00  0.000000E+00  0.000000E+00
  1.925000E+00  0.000000E+00  0.000000E+00
  1.975000E+00  0.000000E+00  0.000000E+00
  2.025000E+00  0.000000E+00  0.000000E+00
  2.075000E+00  0.000000E+00  0.000000E+00
  2.125000E+00  0.000000E+00  0.000000E+00
  2.175000E+00  0.000000E+00  0.000000E+00
  2.225000E+00  0.000000E+00  0.000000E+00
  2.275000E+00  0.000000E+00  0.000000E+00
  2.325000E+00  0.000000E+00  0.000000E+00
  2.375000E+00  0.000000E+00  0.000000E+00
  2.425000E+00  0.000000E+00  0.000000E+00
  2.475000E+00  0.000000E+00  0.000000E+00
  2.525000E+00  0.000000E+00  0.000000E+00
  2.575000E+00  0.000000E+00  0.000000E+00
  2.625000E+00  0.000000E+00  0.000000E+00
  2.675000E+00  0.000000E+00  0.000000E+00
  2.725000E+00  0.000000E+00  0.000000E+00
  2.775000E+00  0.000000E+00  0.000000E+00
  2.825000E+00  1.192837E-03  6.665558E-07
  2.875000E+00  2.303417E-03  1.999667E-06
  2.925000E+00  1.001404E-02  7.998670E-06
  2.975000E+00  6.238398E-02  4.665891E-05
  3.025000E+00  1.294163E+00  8.758543E-04
  3.075000E+00  4.359306E-01  1.164473E-03
  3.125000E+00  6.021401E+00  5.281788E-03
  3.175000E+00  1.291870E+01  1.440027E-02
  3.225000E+00  1.489368E+01  2.524647E-02
  3.275000E+00  1.586338E+01  3.715982E-02
  3.325000E+00  1.709996E+01  5.039695E-02
  3.375000E+00  1.765428E+01  6.447728E-02
  3.425000E+00  1.328218E+01  7.538679E-02
  3.475000E+00  2.010970E+01  9.238997E-02
  3.525000E+00  2.582938E+01  1.148622E-01
  3.575000E+00  2.241409E+01  1.349202E-01
  3.625000E+00  2.821792E+01  1.608832E-01
  3.675000E+00  3.445607E+01  1.934665E-01
  3.725000E+00  2.627316E+01  2.189922E-01
  3.775000E+00  2.421503E+01  2.431542E-01
  3.825000E+00  1.977904E+01  2.634162E-01
  3.875000E+00  1.747646E+01  2.817905E-01
  3.925000E+00  1.872472E+01  3.019884E-01
  3.975000E+00  1.353191E+01  3.169593E-01
  4.025000E+00  1.295394E+01  3.316535E-01
  4.075000E+00  1.295045E+01  3.467110E-01
  4.125000E+00  5.768685E+00  3.535839E-01
  4.175000E+00  5.330414E+00  3.600894E-01
  4.225000E+00  5.861489E+00  3.674156E-01
  4.275000E+00  7.015444E+00  3.763927E-01
  4.325000E+00  7.681686E+00  3.864537E-01
  4.375000E+00  5.387373E+00  3.936739E-01
  4.425000E+00  4.925015E+00  4.004261E-01
  4.475000E+00  4.416258E+00  4.066184E-01
  4.525000E+00  7.218505E+00  4.169673E-01
  4.575000E+00  5.155423E+00  4.245227E-01
  4.625000E+00  5.603086E+00  4.329147E-01
  4.675000E+00  5.627615E+00  4.415266E-01
  4.725000E+00  5.427701E+00  4.500111E-01
  4.775000E+00  5.999780E+00  4.595896E-01
  4.825000E+00  7.109359E+00  4.711783E-01
  4.875000E+00  8.381484E+00  4.851253E-01
  4.925000E+00  7.742766E+00  4.982751E-01
  4.975000E+00  8.776797E+00  5.134853E-01
  5.025000E+00  8.156247E+00  5.279055E-01
  5.075000E+00  9.538374E+00  5.451067E-01
  5.125000E+00  8.870397E+00  5.614200E-01
  5.175000E+00  8.637254E+00  5.776159E-01
  5.225000E+00  1.108416E+01  5.988037E-01
  5.275000E+00  9.585234E+00  6.174786E-01
  5.325000E+00  1.125056E+01  6.398156E-01
  5.375000E+00  1.239783E+01  6.648947E-01
  5.425000E+00  1.097289E+01  6.875063E-01
  5.475000E+00  1.327277E+01  7.153637E-01
  5.525000E+00  1.002978E+01  7.368008E-01
  5.575000E+00  1.124615E+01  7.612747E-01
  5.625000E+00  1.387771E+01  7.920196E-01
  5.675000E+00  1.637085E+01  8.289355E-01
  5.725000E+00  1.211333E+01  8.567342E-01
  5.775000E+00  1.028830E+01  8.807588E-01
  5.825000E+00  1.196473E+01  9.091841E-01
  5.875000E+00  1.108483E+01  9.359730E-01
  5.925000E+00  1.090938E+01  9.627885E-01
  5.975000E+00  1.028064E+01  9.884869E-01
Zr      O       
  2.500000E-02  0.000000E+00  0.000000E+00
  7.500000E-02  0.000000E+00  0.000000E+00
  1.250000E-01  5.007933E-02  3.331113E-07
  1.750000E-01  0.000000E+00  3.331113E-07
  2.250000E-01  0.000000E+00  3.331113E-07
  2.750000E-01  0.000000E+00  3.331113E-07
  3.250000E-01  0.000000E+00  3.331113E-07
  3.750000E-01  0.000000E+00  3.331113E-07
  4.250000E-01  0.000000E+00  3.331113E-07
  4.750000E-01  0.000000E+00  3.331113E-07
  5.250000E-01  2.874644E-03  6.662225E-07
  5.750000E-01  0.000000E+00  6.662225E-07
  6.250000E-01  0.000000E+00  6.662225E-07
  6.750000E-01  0.000000E+00  6.662225E-07
  7.250000E-01  0.000000E+00  6.662225E-07
  7.750000E-01  0.000000E+00  6.662225E-07
  8.250000E-01  0.000000E+00  6.662225E-07
  8.750000E-01  0.000000E+00  6.662225E-07
  9.250000E-01  9.264919E-04  9.993338E-07
  9.750000E-01  8.339239E-04  1.332445E-06
  1.025000E+00  0.000000E+00  1.332445E-06
  1.075000E+00  1.372036E-03  1.998668E-06
  1.125000E+00  1.879211E-03  2.998001E-06
  1.175000E+00  5.742349E-04  3.331113E-06
  1.225000E+00  1.056643E-03  3.997335E-06
  1.275000E+00  9.754046E-04  4.663558E-06
  1.325000E+00  9.031867E-04  5.329780E-06
  1.375000E+00  2.096754E-03  6.995336E-06
  1.425000E+00  3.123536E-03  9.660227E-06
  1.475000E+00  2.186535E-03  1.165889E-05
  1.525000E+00  5.113797E-03  1.665556E-05
  1.575000E+00  5.433531E-03  2.231845E-05
  1.625000E+00  4.503821E-03  2.731512E-05
  1.675000E+00  9.325731E-03  3.830779E-05
  1.725000E+00  1.625369E-02  5.862758E-05
  1.775000E+00  4.554954E-02  1.189207E-04
  1.825000E+00  2.425784E-01  4.583611E-04
  1.875000E+00  1.937971E+00  3.320786E-03
  1.925000E+00  1.348051E+01  2.430779E-02
  1.975000E+00  4.493488E+01  9.794537E-02
  2.025000E+00  1.181538E+02  3.014987E-01
  2.075000E+00  3.237511E+02  8.871336E-01
  2.125000E+00  4.611238E+02  1.761944E+00
  2.175000E+00  3.054970E+02  2.369104E+00
  2.225000E+00  1.940165E+02  2.772634E+00
  2.275000E+00  1.202927E+02  3.034198E+00
  2.325000E+00  6.951342E+01  3.192064E+00
  2.375000E+00  4.266221E+01  3.293163E+00
  2.425000E+00  2.835456E+01  3.363215E+00
  2.475000E+00  1.979254E+01  3.414151E+00
  2.525000E+00  1.291182E+01  3.448735E+00
  2.575000E+00  8.682428E+00  3.472921E+00
  2.625000E+00  6.705542E+00  3.492333E+00
  2.675000E+00  5.275230E+00  3.508192E+00
  2.725000E+00  4.960309E+00  3.523666E+00
  2.775000E+00  4.435665E+00  3.538016E+00
  2.825000E+00  3.852526E+00  3.550933E+00
  2.875000E+00  3.685543E+00  3.563731E+00
  2.925000E+00  4.404439E+00  3.579562E+00
  2.975000E+00  3.662689E+00  3.593181E+00
  3.025000E+00  4.039291E+00  3.608709E+00
  3.075000E+00  4.624290E+00  3.627079E+00
  3.125000E+00  5.538861E+00  3.649803E+00
  3.175000E+00  5.206586E+00  3.671853E+00
  3.225000E+00  6.096401E+00  3.698491E+00
  3.275000E+00  7.285229E+00  3.731318E+00
  3.325000E+00  9.405986E+00  3.775005E+00
  3.375000E+00  9.903012E+00  3.822395E+00
  3.425000E+00  1.438339E+01  3.893279E+00
  3.475000E+00  1.696429E+01  3.979341E+00
  3.525000E+00  1.947358E+01  4.080996E+00
  3.575000E+00  2.002787E+01  4.188532E+00
  3.625000E+00  2.104503E+01  4.304712E+00
  3.675000E+00  2.409878E+01  4.441445E+00
  3.725000E+00  2.691135E+01  4.598320E+00
  3.775000E+00  2.961963E+01  4.775648E+00
  3.825000E+00  2.803735E+01  4.947980E+00
  3.875000E+00  2.965033E+01  5.135021E+00
  3.925000E+00  2.610548E+01  5.303978E+00
  3.975000E+00  2.454603E+01  5.466915E+00
  4.025000E+00  2.186362E+01  5.615720E+00
  4.075000E+00  1.928646E+01  5.750266E+00
  4.125000E+00  1.680858E+01  5.870421E+00
  4.175000E+00  1.569398E+01  5.985345E+00
  4.225000E+00  1.384725E+01  6.089189E+00
  4.275000E+00  1.269825E+01  6.186683E+00
  4.325000E+00  1.263113E+01  6.285944E+00
  4.375000E+00  1.203450E+01  6.382716E+00
  4.425000E+00  1.120946E+01  6.474925E+00
  4.475000E+00  1.130722E+01  6.570052E+00
  4.525000E+00  1.142351E+01  6.668317E+00
  4.575000E+00  1.179692E+01  6.772049E+00
  4.625000E+00  1.165651E+01  6.876799E+00
  4.675000E+00  1.074118E+01  6.975422E+00
  4.725000E+00  1.098532E+01  7.078456E+00
  4.775000E+00  1.190843E+01  7.192524E+00
  4.825000E+00  1.173620E+01  7.307309E+00
  4.875000E+00  1.212971E+01  7.428414E+00
  4.925000E+00  1.253062E+01  7.556101E+00
  4.975000E+00  1.187752E+01  7.679603E+00
  5.025000E+00  1.162864E+01  7.802960E+00
  5.075000E+00  1.216410E+01  7.934577E+00
  5.125000E+00  1.251075E+01  8.072626E+00
  5.175000E+00  1.223571E+01  8.210287E+00
  5.225000E+00  1.248080E+01  8.353433E+00
  5.275000E+00  1.287260E+01  8.503911E+00
  5.325000E+00  1.262277E+01  8.654279E+00
  5.375000E+00  1.306586E+01  8.812862E+00
  5.425000E+00  1.244239E+01  8.966700E+00
  5.475000E+00  1.174810E+01  9.114644E+00
  5.525000E+00  1.165096E+01  9.264057E+00
  5.575000E+00  1.151682E+01  9.414435E+00
  5.625000E+00  1.149490E+01  9.567231E+00
  5.675000E+00  1.105021E+01  9.716738E+00
  5.725000E+00  1.128556E+01  9.872133E+00
  5.775000E+00  1.118673E+01  1.002887E+01
  5.825000E+00  1.101918E+01  1.018594E+01
  5.875000E+00  9.856814E+00  1.032887E+01
  5.925000E+00  9.590963E+00  1.047032E+01
  5.975000E+00  9.728734E+00  1.061623E+01
Zr      O_s     
  2.500000E-02  0.000000E+00  0.000000E+00
  7.500000E-02  0.000000E+00  0.000000E+00
  1.250000E-01  0.000000E+00  0.000000E+00
  1.750000E-01  0.000000E+00  0.000000E+00
  2.250000E-01  0.000000E+00  0.000000E+00
  2.750000E-01  0.000000E+00  0.000000E+00
  3.250000E-01  0.000000E+00  0.000000E+00
  3.750000E-01  0.000000E+00  0.000000E+00
  4.250000E-01  0.000000E+00  0.000000E+00
  4.750000E-01  0.000000E+00  0.000000E+00
  5.250000E-01  0.000000E+00  0.000000E+00
  5.750000E-01  0.000000E+00  0.000000E+00
  6.250000E-01  0.000000E+00  0.000000E+00
  6.750000E-01  0.000000E+00  0.000000E+00
  7.250000E-01  0.000000E+00  0.000000E+00
  7.750000E-01  0.000000E+00  0.000000E+00
  8.250000E-01  0.000000E+00  0.000000E+00
  8.750000E-01  0.000000E+00  0.000000E+00
  9.250000E-01  0.000000E+00  0.000000E+00
  9.750000E-01  0.000000E+00  0.000000E+00
  1.025000E+00  7.545656E-04  3.331113E-07
  1.075000E+00  0.000000E+00  3.331113E-07
  1.125000E+00  0.000000E+00  3.331113E-07
  1.175000E+00  1.148470E-03  9.993338E-07
  1.225000E+00  5.283216E-04  1.332445E-06
  1.275000E+00  0.000000E+00  1.332445E-06
  1.325000E+00  1.354780E-03  2.331779E-06
  1.375000E+00  1.677404E-03  3.664224E-06
  1.425000E+00  7.808840E-04  4.330446E-06
  1.475000E+00  4.737493E-03  8.660893E-06
  1.525000E+00  9.204835E-03  1.765490E-05
  1.575000E+00  3.899358E-02  5.829447E-05
  1.625000E+00  7.848658E-01  9.290473E-04
  1.675000E+00  3.396827E+00  4.933045E-03
  1.725000E+00  5.939526E+00  1.235843E-02
  1.775000E+00  2.511038E+01  4.559660E-02
  1.825000E+00  7.829497E+01  1.551549E-01
  1.875000E+00  1.125620E+02  3.214114E-01
  1.925000E+00  2.223371E+02  6.675550E-01
  1.975000E+00  2.920403E+02  1.146140E+00
  2.025000E+00  2.781645E+02  1.625357E+00
  2.075000E+00  2.474560E+02  2.072981E+00
  2.125000E+00  2.038605E+02  2.459730E+00
  2.175000E+00  1.439657E+02  2.745855E+00
  2.225000E+00  9.934866E+01  2.952487E+00
  2.275000E+00  7.024455E+01  3.105227E+00
  2.325000E+00  4.490272E+01  3.207202E+00
  2.375000E+00  3.281920E+01  3.284975E+00
  2.425000E+00  2.403294E+01  3.344350E+00
  2.475000E+00  1.770753E+01  3.389920E+00
  2.525000E+00  1.495512E+01  3.429978E+00
  2.575000E+00  9.141739E+00  3.455444E+00
  2.625000E+00  7.726897E+00  3.477812E+00
  2.675000E+00  5.682228E+00  3.494894E+00
  2.725000E+00  5.006117E+00  3.510511E+00
  2.775000E+00  4.378004E+00  3.524675E+00
  2.825000E+00  4.649340E+00  3.540263E+00
  2.875000E+00  4.185998E+00  3.554799E+00
  2.925000E+00  4.654202E+00  3.571528E+00
  2.975000E+00  4.866295E+00  3.589622E+00
  3.025000E+00  5.531670E+00  3.610888E+00
  3.075000E+00  6.960249E+00  3.638537E+00
  3.125000E+00  7.835340E+00  3.670683E+00
  3.175000E+00  9.219009E+00  3.709726E+00
  3.225000E+00  1.274750E+01  3.765425E+00
  3.275000E+00  1.559907E+01  3.835714E+00
  3.325000E+00  1.627711E+01  3.911315E+00
  3.375000E+00  1.803659E+01  3.997627E+00
  3.425000E+00  1.807404E+01  4.086699E+00
  3.475000E+00  2.044437E+01  4.190416E+00
  3.525000E+00  2.397893E+01  4.315590E+00
  3.575000E+00  2.520126E+01  4.450903E+00
  3.625000E+00  2.916389E+01  4.611903E+00
  3.675000E+00  3.003262E+01  4.782304E+00
  3.725000E+00  2.878431E+01  4.950097E+00
  3.775000E+00  2.729854E+01  5.113530E+00
  3.825000E+00  2.562116E+01  5.271010E+00
  3.875000E+00  2.487944E+01  5.427955E+00
  3.925000E+00  2.089873E+01  5.563214E+00
  3.975000E+00  1.866502E+01  5.687112E+00
  4.025000E+00  1.624889E+01  5.797703E+00
  4.075000E+00  1.475951E+01  5.900669E+00
  4.125000E+00  1.246871E+01  5.989800E+00
  4.175000E+00  1.169566E+01  6.075445E+00
  4.225000E+00  1.185646E+01  6.164360E+00
  4.275000E+00  1.190905E+01  6.255795E+00
  4.325000E+00  1.133823E+01  6.344895E+00
  4.375000E+00  1.094840E+01  6.432933E+00
  4.425000E+00  1.136953E+01  6.526459E+00
  4.475000E+00  1.134373E+01  6.621894E+00
  4.525000E+00  1.149120E+01  6.720741E+00
  4.575000E+00  1.089530E+01  6.816545E+00
  4.625000E+00  1.191818E+01  6.923647E+00
  4.675000E+00  1.133185E+01  7.027693E+00
  4.725000E+00  1.154321E+01  7.135959E+00
  4.775000E+00  1.165762E+01  7.247625E+00
  4.825000E+00  1.267323E+01  7.371574E+00
  4.875000E+00  1.243802E+01  7.495757E+00
  4.925000E+00  1.169651E+01  7.614945E+00
  4.975000E+00  1.139210E+01  7.733400E+00
  5.025000E+00  1.238162E+01  7.864744E+00
  5.075000E+00  1.261410E+01  8.001231E+00
  5.125000E+00  1.256549E+01  8.139884E+00
  5.175000E+00  1.272104E+01  8.283005E+00
  5.225000E+00  1.293824E+01  8.431397E+00
  5.275000E+00  1.317335E+01  8.585391E+00
  5.325000E+00  1.276578E+01  8.737462E+00
  5.375000E+00  1.219515E+01  8.885477E+00
  5.425000E+00  1.157545E+01  9.028597E+00
  5.475000E+00  1.191970E+01  9.178702E+00
  5.525000E+00  1.156160E+01  9.326969E+00
  5.575000E+00  1.122430E+01  9.473527E+00
  5.625000E+00  1.082040E+01  9.617357E+00
  5.675000E+00  1.116275E+01  9.768387E+00
  5.725000E+00  1.036964E+01  9.911170E+00
  5.775000E+00  1.016948E+01  1.005365E+01
  5.825000E+00  1.069898E+01  1.020616E+01
  5.875000E+00  9.948981E+00  1.035043E+01
  5.925000E+00  9.814503E+00  1.049517E+01
  5.975000E+00  9.652220E+00  1.063994E+01
O       O       
  2.500000E-02  0.000000E+00  0.000000E+00
  7.500000E-02  0.000000E+00  0.000000E+00
  1.250000E-01  0.000000E+00  0.000000E+00
  1.750000E-01  0.000000E+00  0.000000E+00
  2.250000E-01  0.000000E+00  0.000000E+00
  2.750000E-01  0.000000E+00  0.000000E+00
  3.250000E-01  0.000000E+00  0.000000E+00
  3.750000E-01  0.000000E+00  0.000000E+00
  4.250000E-01  1.461730E-03  1.110463E-07
  4.750000E-01  2.340926E-03  3.331390E-07
  5.250000E-01  1.916589E-03  5.552317E-07
  5.750000E-01  7.989811E-04  6.662780E-07
  6.250000E-01  2.028969E-03  9.994171E-07
  6.750000E-01  0.000000E+00  9.994171E-07
  7.250000E-01  1.005374E-03  1.221510E-06
  7.750000E-01  4.399383E-04  1.332556E-06
  8.250000E-01  1.941221E-03  1.887788E-06
  8.750000E-01  3.106376E-03  2.887205E-06
  9.250000E-01  1.544282E-03  3.442437E-06
  9.750000E-01  1.389989E-03  3.997668E-06
  1.025000E+00  5.030856E-04  4.219761E-06
  1.075000E+00  1.829534E-03  5.108132E-06
  1.125000E+00  2.505824E-03  6.440688E-06
  1.175000E+00  1.339993E-03  7.218012E-06
  1.225000E+00  1.585097E-03  8.217429E-06
  1.275000E+00  2.926458E-03  1.021626E-05
  1.325000E+00  2.559242E-03  1.210405E-05
  1.375000E+00  1.258158E-03  1.310347E-05
  1.425000E+00  2.082531E-03  1.488021E-05
  1.475000E+00  2.308202E-03  1.699009E-05
  1.525000E+00  2.045689E-03  1.898892E-05
  1.575000E+00  4.688143E-03  2.387496E-05
  1.625000E+00  4.804476E-03  2.920519E-05
  1.675000E+00  6.500294E-03  3.686738E-05
  1.725000E+00  9.149016E-03  4.830516E-05
  1.775000E+00  1.182877E-02  6.396269E-05
  1.825000E+00  2.126805E-02  9.372311E-05
  1.875000E+00  1.230740E-01  2.755060E-04
  1.925000E+00  6.326791E-02  3.740041E-04
  1.975000E+00  5.086241E-01  1.207518E-03
  2.025000E+00  1.133099E+00  3.159602E-03
  2.075000E+00  1.686409E+00  6.210156E-03
  2.125000E+00  4.106742E+00  1.400117E-02
  2.175000E+00  6.214059E+00  2.635130E-02
  2.225000E+00  8.862840E+00  4.478488E-02
  2.275000E+00  1.257169E+01  7.212071E-02
  2.325000E+00  1.913471E+01  1.155760E-01
  2.375000E+00  7.091426E+01  2.836248E-01
  2.425000E+00  1.818144E+02  7.328101E-01
  2.475000E+00  1.237821E+02  1.051363E+00
  2.525000E+00  2.191990E+01  1.110076E+00
  2.575000E+00  3.591002E+00  1.120079E+00
  2.625000E+00  2.946324E+00  1.128608E+00
  2.675000E+00  3.480026E+00  1.139070E+00
  2.725000E+00  4.291946E+00  1.152459E+00
  2.775000E+00  5.314681E+00  1.169653E+00
  2.825000E+00  6.538162E+00  1.191574E+00
  2.875000E+00  8.648126E+00  1.221605E+00
  2.925000E+00  1.075459E+01  1.260261E+00
  2.975000E+00  1.450367E+01  1.314190E+00
  3.025000E+00  1.808580E+01  1.383717E+00
  3.075000E+00  2.189096E+01  1.470678E+00
  3.125000E+00  2.440852E+01  1.570818E+00
  3.175000E+00  2.572692E+01  1.679772E+00
  3.225000E+00  2.852587E+01  1.804415E+00
  3.275000E+00  2.999921E+01  1.939590E+00
  3.325000E+00  2.975503E+01  2.077791E+00
  3.375000E+00  3.279187E+01  2.234712E+00
  3.425000E+00  3.228648E+01  2.393826E+00
  3.475000E+00  3.202142E+01  2.556274E+00
  3.525000E+00  3.067466E+01  2.716401E+00
  3.575000E+00  2.788175E+01  2.866107E+00
  3.625000E+00  2.715130E+01  3.015996E+00
  3.675000E+00  2.601780E+01  3.163618E+00
  3.725000E+00  2.525406E+01  3.310832E+00
  3.775000E+00  2.439525E+01  3.456883E+00
  3.825000E+00  2.344777E+01  3.601005E+00
  3.875000E+00  2.235553E+01  3.742028E+00
  3.925000E+00  2.094925E+01  3.877614E+00
  3.975000E+00  2.139501E+01  4.019634E+00
  4.025000E+00  1.984617E+01  4.154708E+00
  4.075000E+00  1.880450E+01  4.285892E+00
  4.125000E+00  1.821750E+01  4.416119E+00
  4.175000E+00  1.698613E+01  4.540505E+00
  4.225000E+00  1.527734E+01  4.655073E+00
  4.275000E+00  1.414204E+01  4.763653E+00
  4.325000E+00  1.319848E+01  4.867372E+00
  4.375000E+00  1.249705E+01  4.967863E+00
  4.425000E+00  1.214950E+01  5.067805E+00
  4.475000E+00  1.198213E+01  5.168610E+00
  4.525000E+00  1.193763E+01  5.271298E+00
  4.575000E+00  1.208302E+01  5.377546E+00
  4.625000E+00  1.193707E+01  5.484817E+00
  4.675000E+00  1.204865E+01  5.595445E+00
  4.725000E+00  1.232567E+01  5.711050E+00
  4.775000E+00  1.241842E+01  5.830003E+00
  4.825000E+00  1.217090E+01  5.949040E+00
  4.875000E+00  1.305122E+01  6.079345E+00
  4.925000E+00  1.328471E+01  6.214716E+00
  4.975000E+00  1.360065E+01  6.356135E+00
  5.025000E+00  1.410869E+01  6.505801E+00
  5.075000E+00  1.410199E+01  6.658387E+00
  5.125000E+00  1.450088E+01  6.818396E+00
  5.175000E+00  1.375203E+01  6.973117E+00
  5.225000E+00  1.463125E+01  7.140926E+00
  5.275000E+00  1.456172E+01  7.311149E+00
  5.325000E+00  1.416433E+01  7.479881E+00
  5.375000E+00  1.429461E+01  7.653378E+00
  5.425000E+00  1.351977E+01  7.820537E+00
  5.475000E+00  1.368426E+01  7.992863E+00
  5.525000E+00  1.314370E+01  8.161419E+00
  5.575000E+00  1.255029E+01  8.325291E+00
  5.625000E+00  1.252192E+01  8.491738E+00
  5.675000E+00  1.245293E+01  8.660225E+00
  5.725000E+00  1.212851E+01  8.827226E+00
  5.775000E+00  1.220762E+01  8.998265E+00
  5.825000E+00  1.202272E+01  9.169644E+00
  5.875000E+00  1.164561E+01  9.338508E+00
  5.925000E+00  1.175982E+01  9.511944E+00
  5.975000E+00  1.143299E+01  9.683417E+00
O       O_s     
  2.500000E-02  6.056978E+04  2.120475E-02
  7.500000E-02  1.411846E+04  5.580369E-02
  1.250000E-01  2.280078E+04  2.074670E-01
  1.750000E-01  2.849787E+04  5.766072E-01
  2.250000E-01  1.458139E+04  8.879982E-01
  2.750000E-01  3.154644E+03  9.884988E-01
  3.250000E-01  2.483521E+02  9.995409E-01
  3.750000E-01  6.519795E+00  9.999266E-01
  4.250000E-01  4.085196E-01  9.999576E-01
  4.750000E-01  1.404439E-01  9.999710E-01
  5.250000E-01  7.090789E-02  9.999792E-01
  5.750000E-01  2.476635E-02  9.999826E-01
  6.250000E-01  1.961173E-02  9.999858E-01
  6.750000E-01  8.407589E-03  9.999875E-01
  7.250000E-01  6.283064E-03  9.999888E-01
  7.750000E-01  4.838918E-03  9.999901E-01
  8.250000E-01  4.076224E-03  9.999912E-01
  8.750000E-01  2.415869E-03  9.999920E-01
  9.250000E-01  2.933891E-03  9.999931E-01
  9.750000E-01  1.806835E-03  9.999938E-01
  1.025000E+00  1.760653E-03  9.999946E-01
  1.075000E+00  1.143364E-03  9.999951E-01
  1.125000E+00  1.044006E-03  9.999957E-01
  1.175000E+00  1.818410E-03  9.999967E-01
  1.225000E+00  1.584965E-03  9.999977E-01
  1.275000E+00  1.544391E-03  9.999988E-01
  1.325000E+00  2.032170E-03  1.000000E+00
  1.375000E+00  1.327945E-03  1.000001E+00
  1.425000E+00  1.691915E-03  1.000003E+00
  1.475000E+00  1.214742E-03  1.000004E+00
  1.525000E+00  2.045519E-03  1.000006E+00
  1.575000E+00  2.556956E-03  1.000009E+00
  1.625000E+00  2.452080E-03  1.000011E+00
  1.675000E+00  3.202776E-03  1.000015E+00
  1.725000E+00  4.840581E-03  1.000021E+00
  1.775000E+00  1.023397E-02  1.000035E+00
  1.825000E+00  1.892540E-02  1.000061E+00
  1.875000E+00  2.625910E-01  1.000449E+00
  1.925000E+00  8.416356E-01  1.001759E+00
  1.975000E+00  2.722870E+00  1.006221E+00
  2.025000E+00  8.048592E+00  1.020087E+00
  2.075000E+00  9.711960E+00  1.037655E+00
  2.125000E+00  5.161035E+00  1.047447E+00
  2.175000E+00  8.731842E+00  1.064801E+00
  2.225000E+00  4.203697E+01  1.152232E+00
  2.275000E+00  2.323061E+02  1.657358E+00
  2.325000E+00  1.789341E+02  2.063721E+00
  2.375000E+00  1.328572E+01  2.095205E+00
  2.425000E+00  4.447019E+00  2.106191E+00
  2.475000E+00  2.111519E+00  2.111625E+00
  2.525000E+00  1.889231E+00  2.116686E+00
  2.575000E+00  2.247089E+00  2.122945E+00
  2.625000E+00  2.914223E+00  2.131382E+00
  2.675000E+00  4.054848E+00  2.143571E+00
  2.725000E+00  5.181359E+00  2.159735E+00
  2.775000E+00  7.194703E+00  2.183011E+00
  2.825000E+00  1.007822E+01  2.216801E+00
  2.875000E+00  1.335894E+01  2.263191E+00
  2.925000E+00  1.692519E+01  2.324026E+00
  2.975000E+00  1.843148E+01  2.392559E+00
  3.025000E+00  2.105909E+01  2.473517E+00
  3.075000E+00  2.451352E+01  2.570896E+00
  3.125000E+00  2.761647E+01  2.684197E+00
  3.175000E+00  2.852520E+01  2.805002E+00
  3.225000E+00  3.069032E+01  2.939102E+00
  3.275000E+00  3.326916E+01  3.089012E+00
  3.325000E+00  3.334142E+01  3.243870E+00
  3.375000E+00  3.233009E+01  3.398581E+00
  3.425000E+00  3.150691E+01  3.553853E+00
  3.475000E+00  3.043355E+01  3.708246E+00
  3.525000E+00  2.887496E+01  3.858978E+00
  3.575000E+00  2.823461E+01  4.010578E+00
  3.625000E+00  2.650479E+01  4.156899E+00
  3.675000E+00  2.533873E+01  4.300668E+00
  3.725000E+00  2.451682E+01  4.443584E+00
  3.775000E+00  2.298126E+01  4.581170E+00
  3.825000E+00  2.260431E+01  4.720107E+00
  3.875000E+00  2.135138E+01  4.854796E+00
  3.925000E+00  2.110374E+01  4.991382E+00
  3.975000E+00  1.960568E+01  5.121524E+00
  4.025000E+00  1.823096E+01  5.245605E+00
  4.075000E+00  1.738697E+01  5.366901E+00
  4.125000E+00  1.569550E+01  5.479099E+00
  4.175000E+00  1.489555E+01  5.588176E+00
  4.225000E+00  1.380379E+01  5.691694E+00
  4.275000E+00  1.357163E+01  5.795894E+00
  4.325000E+00  1.283560E+01  5.896761E+00
  4.375000E+00  1.248249E+01  5.997135E+00
  4.425000E+00  1.221878E+01  6.097647E+00
  4.475000E+00  1.223069E+01  6.200543E+00
  4.525000E+00  1.203277E+01  6.304050E+00
  4.575000E+00  1.197903E+01  6.409383E+00
  4.625000E+00  1.249648E+01  6.521681E+00
  4.675000E+00  1.228008E+01  6.634434E+00
  4.725000E+00  1.257262E+01  6.752355E+00
  4.775000E+00  1.305987E+01  6.877453E+00
  4.825000E+00  1.290402E+01  7.003659E+00
  4.875000E+00  1.329477E+01  7.136396E+00
  4.925000E+00  1.319655E+01  7.270869E+00
  4.975000E+00  1.386828E+01  7.415071E+00
  5.025000E+00  1.445809E+01  7.568443E+00
  5.075000E+00  1.456772E+01  7.726068E+00
  5.125000E+00  1.492797E+01  7.890790E+00
  5.175000E+00  1.490767E+01  8.058513E+00
  5.225000E+00  1.501235E+01  8.230693E+00
  5.275000E+00  1.460698E+01  8.401445E+00
  5.325000E+00  1.462889E+01  8.575711E+00
  5.375000E+00  1.423651E+01  8.748503E+00
  5.425000E+00  1.399804E+01  8.921575E+00
  5.475000E+00  1.355626E+01  9.092289E+00
  5.525000E+00  1.299073E+01  9.258883E+00
  5.575000E+00  1.273971E+01  9.425229E+00
  5.625000E+00  1.275111E+01  9.594723E+00
  5.675000E+00  1.254331E+01  9.764432E+00
  5.725000E+00  1.202625E+01  9.930025E+00
  5.775000E+00  1.166143E+01  1.009341E+01
  5.825000E+00  1.170150E+01  1.026021E+01
  5.875000E+00  1.158071E+01  1.042813E+01
  5.925000E+00  1.137408E+01  1.059588E+01
  5.975000E+00  1.097526E+01  1.076049E+01
O_s     O_s     
  2.500000E-02  0.000000E+00  0.000000E+00
  7.500000E-02  0.000000E+00  0.000000E+00
  1.250000E-01  0.000000E+00  0.000000E+00
  1.750000E-01  0.000000E+00  0.000000E+00
  2.250000E-01  0.000000E+00  0.000000E+00
  2.750000E-01  0.000000E+00  0.000000E+00
  3.250000E-01  0.000000E+00  0.000000E+00
  3.750000E-01  0.000000E+00  0.000000E+00
  4.250000E-01  0.000000E+00  0.000000E+00
  4.750000E-01  1.170463E-03  1.110463E-07
  5.250000E-01  0.000000E+00  1.110463E-07
  5.750000E-01  0.000000E+00  1.110463E-07
  6.250000E-01  0.000000E+00  1.110463E-07
  6.750000E-01  0.000000E+00  1.110463E-07
  7.250000E-01  0.000000E+00  1.110463E-07
  7.750000E-01  4.399383E-04  2.220927E-07
  8.250000E-01  0.000000E+00  2.220927E-07
  8.750000E-01  0.000000E+00  2.220927E-07
  9.250000E-01  3.088564E-04  3.331390E-07
  9.750000E-01  2.779978E-04  4.441854E-07
  1.025000E+00  2.515428E-04  5.552317E-07
  1.075000E+00  2.286918E-04  6.662780E-07
  1.125000E+00  1.252912E-03  1.332556E-06
  1.175000E+00  0.000000E+00  1.332556E-06
  1.225000E+00  5.283656E-04  1.665695E-06
  1.275000E+00  4.877429E-04  1.998834E-06
  1.325000E+00  9.032620E-04  2.665112E-06
  1.375000E+00  9.785670E-04  3.442437E-06
  1.425000E+00  6.507909E-04  3.997668E-06
  1.475000E+00  4.859372E-04  4.441854E-06
  1.525000E+00  4.545976E-04  4.886039E-06
  1.575000E+00  1.278584E-03  6.218595E-06
  1.625000E+00  1.201119E-03  7.551151E-06
  1.675000E+00  3.956701E-03  1.221510E-05
  1.725000E+00  7.656749E-02  1.079370E-04
  1.775000E+00  5.359018E-01  8.173011E-04
  1.825000E+00  8.244305E+00  1.235357E-02
  1.875000E+00  4.134744E+00  1.846068E-02
  1.925000E+00  9.947970E+00  3.394809E-02
  1.975000E+00  3.616611E+00  3.987485E-02
  2.025000E+00  4.245688E+00  4.718925E-02
  2.075000E+00  3.018428E+01  1.017897E-01
  2.125000E+00  2.656898E+02  6.058371E-01
  2.175000E+00  2.073906E+02  1.018016E+00
  2.225000E+00  2.471898E+01  1.069428E+00
  2.275000E+00  1.058711E+01  1.092448E+00
  2.325000E+00  4.090438E+00  1.101738E+00
  2.375000E+00  1.942535E+00  1.106341E+00
  2.425000E+00  1.490194E+00  1.110023E+00
  2.475000E+00  1.582655E+00  1.114096E+00
  2.525000E+00  2.303741E+00  1.120266E+00
  2.575000E+00  3.459492E+00  1.129903E+00
  2.625000E+00  5.511775E+00  1.145859E+00
  2.675000E+00  7.956225E+00  1.169777E+00
  2.725000E+00  1.057338E+01  1.202762E+00
  2.775000E+00  1.184913E+01  1.241096E+00
  2.825000E+00  1.334728E+01  1.285847E+00
  2.875000E+00  1.559953E+01  1.340017E+00
  2.925000E+00  1.833870E+01  1.405933E+00
  2.975000E+00  2.216928E+01  1.488364E+00
  3.025000E+00  2.614683E+01  1.588881E+00
  3.075000E+00  2.845747E+01  1.701927E+00
  3.125000E+00  3.120184E+01  1.829938E+00
  3.175000E+00  3.350486E+01  1.971832E+00
  3.225000E+00  3.348935E+01  2.118162E+00
  3.275000E+00  3.343787E+01  2.268832E+00
  3.325000E+00  3.247810E+01  2.419680E+00
  3.375000E+00  3.185855E+01  2.572135E+00
  3.425000E+00  3.010412E+01  2.720494E+00
  3.475000E+00  2.765747E+01  2.860803E+00
  3.525000E+00  2.773339E+01  3.005576E+00
  3.575000E+00  2.583833E+01  3.144310E+00
  3.625000E+00  2.551882E+01  3.285187E+00
  3.675000E+00  2.474232E+01  3.425572E+00
  3.725000E+00  2.261081E+01  3.557378E+00
  3.775000E+00  2.249365E+01  3.692044E+00
  3.825000E+00  2.160635E+01  3.824847E+00
  3.875000E+00  2.032850E+01  3.953084E+00
  3.925000E+00  1.929330E+01  4.077952E+00
  3.975000E+00  1.863139E+01  4.201628E+00
  4.025000E+00  1.679806E+01  4.315956E+00
  4.075000E+00  1.506536E+01  4.421055E+00
  4.125000E+00  1.451310E+01  4.524802E+00
  4.175000E+00  1.413982E+01  4.628345E+00
  4.225000E+00  1.303346E+01  4.726085E+00
  4.275000E+00  1.346975E+01  4.829503E+00
  4.325000E+00  1.269017E+01  4.929228E+00
  4.375000E+00  1.210321E+01  5.026552E+00
  4.425000E+00  1.224138E+01  5.127250E+00
  4.475000E+00  1.277521E+01  5.234727E+00
  4.525000E+00  1.251640E+01  5.342393E+00
  4.575000E+00  1.240218E+01  5.451448E+00
  4.625000E+00  1.262875E+01  5.564935E+00
  4.675000E+00  1.299700E+01  5.684270E+00
  4.725000E+00  1.330901E+01  5.809098E+00
  4.775000E+00  1.313971E+01  5.934960E+00
  4.825000E+00  1.298148E+01  6.061925E+00
  4.875000E+00  1.329407E+01  6.194655E+00
  4.925000E+00  1.380189E+01  6.335296E+00
  4.975000E+00  1.487326E+01  6.489948E+00
  5.025000E+00  1.494556E+01  6.648490E+00
  5.075000E+00  1.476417E+01  6.808241E+00
  5.125000E+00  1.524466E+01  6.976457E+00
  5.175000E+00  1.542761E+01  7.150030E+00
  5.225000E+00  1.475978E+01  7.319313E+00
  5.275000E+00  1.497219E+01  7.494335E+00
  5.325000E+00  1.451876E+01  7.667289E+00
  5.375000E+00  1.444417E+01  7.842601E+00
  5.425000E+00  1.363466E+01  8.011180E+00
  5.475000E+00  1.339977E+01  8.179924E+00
  5.525000E+00  1.314744E+01  8.348528E+00
  5.575000E+00  1.277514E+01  8.515336E+00
  5.625000E+00  1.256825E+01  8.682399E+00
  5.675000E+00  1.256202E+01  8.852361E+00
  5.725000E+00  1.192142E+01  9.016511E+00
  5.775000E+00  1.190278E+01  9.183279E+00
  5.825000E+00  1.152781E+01  9.347603E+00
  5.875000E+00  1.105759E+01  9.507941E+00
  5.925000E+00  1.076224E+01  9.666664E+00
  5.975000E+00  1.050666E+01  9.824244E+00
