title: # Li56 La24 Zr16 O96                                                    
energy unitS: electron Volts
         0  0.000000E+00        52
 -5.376408E+05  1.000000E+03 -5.407429E+05  6.307024E+04 -6.038132E+05
  0.000000E+00  0.000000E+00  0.000000E+00  0.000000E+00 -5.376406E+05
  0.000000E+00  1.563293E+05 -4.473454E+05  6.036747E+05  0.000000E+00
  0.000000E+00  0.000000E+00  0.000000E+00  2.781571E+05  0.000000E+00
  0.000000E+00  0.000000E+00  9.000000E+01  9.000000E+01  9.000000E+01
  0.000000E+00 -2.844695E+02  0.000000E+00 -2.978421E+02 -4.015485E-02
  4.105647E-03 -4.015485E-02 -2.977910E+02  6.980197E-02  4.105647E-03
  6.980197E-02 -2.577755E+02  0.000000E+00  0.000000E+00  0.000000E+00
  0.000000E+00  0.000000E+00  6.618035E+01  0.000000E+00  0.000000E+00
  0.000000E+00  6.618035E+01  0.000000E+00  0.000000E+00  0.000000E+00
  6.350853E+01 -5.004168E+04
      1000  2.411270E-01        52
 -5.699415E+05  9.997485E+02 -5.730435E+05  1.134450E+05 -6.921902E+05
  0.000000E+00  0.000000E+00  0.000000E+00  0.000000E+00 -5.699420E+05
  0.000000E+00  5.559074E+03 -6.977722E+05  6.919280E+05  0.000000E+00
  0.000000E+00  0.000000E+00  0.000000E+00  2.770047E+05  1.141187E+00
  5.701667E+03  1.140333E+04  9.000000E+01  9.000000E+01  9.000000E+01
  0.000000E+00  1.224668E+00  6.486784E-01 -1.506709E+01 -8.417763E-01
 -1.676395E-01 -8.417763E-01 -1.609366E+01  1.386880E+00 -1.676395E-01
  1.386880E+00  3.483476E+01  1.752809E+00  3.799662E-01  3.670774E-01
  1.027881E+00  1.061046E+00  6.608883E+01  0.000000E+00  0.000000E+00
  0.000000E+00  6.608883E+01  0.000000E+00  0.000000E+00  0.000000E+00
  6.342070E+01  2.145416E+02
      2000  4.822540E-01        52
 -4.914490E+05  1.007273E+03 -5.599132E+05  9.140308E+04 -6.566842E+05
  0.000000E+00  0.000000E+00  0.000000E+00  0.000000E+00 -5.567882E+05
  0.000000E+00  1.285468E+05 -5.366938E+05  6.545047E+05  0.000000E+00
  0.000000E+00  0.000000E+00  0.000000E+00  4.743957E+05  3.520240E+00
  5.367943E+03  1.073589E+04  9.000000E+01  9.000000E+01  9.000000E+01
  0.000000E+00 -1.358780E+02  6.533950E+04 -1.445503E+02 -1.739722E+00
  7.608489E+00 -1.739722E+00 -1.485502E+02 -3.174492E+00  7.608489E+00
 -3.174492E+00 -1.145335E+02  3.075183E+00  6.937201E-01  6.333726E-01
  2.656620E+00  2.614021E+03  7.907015E+01  0.000000E+00  0.000000E+00
  0.000000E+00  7.907015E+01  0.000000E+00  0.000000E+00  0.000000E+00
  7.587795E+01 -4.076580E+04
      3000  7.233810E-01        52
 -4.127449E+05  1.000000E+03 -5.473314E+05  1.062201E+05 -6.744101E+05
  0.000000E+00  0.000000E+00  0.000000E+00  0.000000E+00 -5.442289E+05
  0.000000E+00  9.127880E+04 -6.210395E+05  6.706011E+05  0.000000E+00
  0.000000E+00  0.000000E+00  0.000000E+00  5.538958E+05  1.385480E-01
  2.085860E+04  4.171719E+04  9.000000E+01  9.000000E+01  9.000000E+01
  0.000000E+00 -8.095510E+01  1.314844E+05 -8.148382E+01 -1.172889E+01
 -1.174894E+01 -1.172889E+01 -8.043907E+01 -1.853254E+01 -1.174894E+01
 -1.853254E+01 -8.094241E+01  4.417745E+00  1.580064E+00  1.278828E+00
  5.976196E+00  3.279570E+03  8.326101E+01  0.000000E+00  0.000000E+00
  0.000000E+00  8.326101E+01  0.000000E+00  0.000000E+00  0.000000E+00
  7.989962E+01 -2.835818E+04
      4000  9.645080E-01        52
  6.140128E+06  9.992879E+02 -5.628412E+05  1.073056E+05 -6.766263E+05
  0.000000E+00  0.000000E+00  0.000000E+00  0.000000E+00 -5.597409E+05
  0.000000E+00  5.457620E+04 -6.294372E+05  6.710546E+05  0.000000E+00
  0.000000E+00  0.000000E+00  0.000000E+00  6.191263E+05  1.922703E+00
  6.479411E+03  1.295882E+04  9.000000E+01  9.000000E+01  9.000000E+01
  0.000000E+00 -4.118382E+01  6.699870E+06 -3.895101E+01  1.174107E+00
  5.636340E-01  1.174107E+00 -4.066658E+01  2.075113E+00  5.636340E-01
  2.075113E+00 -4.393388E+01  5.458511E+00  2.512840E+00  1.965670E+00
  8.986141E+00  3.681922E+03  8.640895E+01  0.000000E+00  0.000000E+00
  0.000000E+00  8.640895E+01  0.000000E+00  0.000000E+00  0.000000E+00
  8.292047E+01 -1.612545E+04
      5000  1.205635E+00        52
  1.792766E+12  1.252602E+03 -5.624637E+05  1.099134E+05 -6.807841E+05
  0.000000E+00  0.000000E+00  0.000000E+00  0.000000E+00 -5.585776E+05
  0.000000E+00  4.672554E+04 -6.450198E+05  6.749314E+05  0.000000E+00
  0.000000E+00  0.000000E+00  0.000000E+00  6.268827E+05  4.996055E+02
  8.406982E+03  1.681396E+04  9.000000E+01  9.000000E+01  9.000000E+01
  0.000000E+00 -3.275211E+01  1.792767E+12 -3.557253E+01 -2.606586E+00
  3.220690E+00 -2.606586E+00 -2.433008E+01  9.008386E-01  3.220690E+00
  9.008386E-01 -3.835373E+01  6.458379E+00  3.275878E+00  2.530295E+00
  1.194728E+01  3.748638E+03  8.676830E+01  0.000000E+00  0.000000E+00
  0.000000E+00  8.676830E+01  0.000000E+00  0.000000E+00  0.000000E+00
  8.326531E+01 -1.298469E+04
      6000  1.446762E+00        52
  1.792766E+12  1.000000E+03 -5.247135E+05  8.725599E+04 -6.511313E+05
  0.000000E+00  0.000000E+00  0.000000E+00  0.000000E+00 -5.216108E+05
  0.000000E+00  2.009041E+05 -5.156283E+05  6.382087E+05  0.000000E+00
  0.000000E+00  0.000000E+00  0.000000E+00  8.258483E+05  2.286468E-01
  3.916187E+04  7.832375E+04  9.000000E+01  9.000000E+01  9.000000E+01
  0.000000E+00 -1.242619E+02  1.792767E+12 -9.648397E+01 -2.377056E+01
 -1.769185E+01 -2.377056E+01 -1.603482E+02 -4.367258E+01 -1.769185E+01
 -4.367258E+01 -1.159535E+02  7.142045E+00  3.708924E+00  2.952855E+00
  1.475633E+01  4.606911E+03  9.511867E+01  0.000000E+00  0.000000E+00
  0.000000E+00  9.511867E+01  0.000000E+00  0.000000E+00  0.000000E+00
  9.127856E+01 -6.489995E+04
      7000  1.687889E+00        52
  1.792766E+12  1.013152E+03 -5.599635E+05  1.037851E+05 -6.695025E+05
  0.000000E+00  0.000000E+00  0.000000E+00  0.000000E+00 -5.568200E+05
  0.000000E+00  5.835634E+04 -6.049504E+05  6.517988E+05  0.000000E+00
  0.000000E+00  0.000000E+00  0.000000E+00  9.145055E+05  2.420054E+01
  5.753959E+03  1.150792E+04  9.000000E+01  9.000000E+01  9.000000E+01
  0.000000E+00 -3.001083E+01  1.792767E+12 -2.560999E+01 -5.168510E-02
 -9.342616E-01 -5.168510E-02 -3.116267E+01  3.439341E-01 -9.342616E-01
  3.439341E-01 -3.325983E+01  8.671806E+00  5.158427E+00  4.209534E+00
  1.955066E+01  4.971697E+03  9.840740E+01  0.000000E+00  0.000000E+00
  0.000000E+00  9.840740E+01  0.000000E+00  0.000000E+00  0.000000E+00
  9.443452E+01 -1.735683E+04
      8000  1.929016E+00        52
  1.792767E+12  1.001882E+03 -5.597979E+05  1.007899E+05 -6.667921E+05
  0.000000E+00  0.000000E+00  0.000000E+00  0.000000E+00 -5.566893E+05
  0.000000E+00  6.712548E+04 -5.864807E+05  6.411976E+05  0.000000E+00
  0.000000E+00  0.000000E+00  0.000000E+00  1.057002E+06  1.820229E+00
  6.204324E+03  1.240865E+04  9.000000E+01  9.000000E+01  9.000000E+01
  0.000000E+00 -3.037263E+01  1.792767E+12 -2.536208E+01  1.686696E+00
 -2.072587E+00  1.686696E+00 -3.080958E+01 -9.212251E-01 -2.072587E+00
 -9.212251E-01 -3.494625E+01  9.896645E+00  6.252613E+00  5.105431E+00
  2.399158E+01  5.913219E+03  1.032740E+02  0.000000E+00  0.000000E+00
  0.000000E+00  1.032740E+02  0.000000E+00  0.000000E+00  0.000000E+00
  9.910462E+01 -2.030318E+04
      9000  2.170143E+00        52
  1.792767E+12  1.000000E+03 -5.618522E+05  1.099252E+05 -6.793692E+05
  0.000000E+00  0.000000E+00  0.000000E+00  0.000000E+00 -5.587494E+05
  0.000000E+00  2.358530E+04 -6.418406E+05  6.502422E+05  0.000000E+00
  0.000000E+00  0.000000E+00  0.000000E+00  1.088792E+06  3.891117E-02
  7.591822E+03  1.518364E+04  9.000000E+01  9.000000E+01  9.000000E+01
  0.000000E+00 -8.414022E+00  1.792767E+12 -7.938527E+00  8.802370E-01
 -4.504140E-01  8.802370E-01 -7.223006E+00 -9.588480E-01 -4.504140E-01
 -9.588480E-01 -1.008053E+01  1.170255E+01  8.178383E+00  6.724983E+00
  3.221156E+01  6.998930E+03  1.042991E+02  0.000000E+00  0.000000E+00
  0.000000E+00  1.042991E+02  0.000000E+00  0.000000E+00  0.000000E+00
  1.000884E+02 -5.793680E+03
     10000  2.411270E+00        52
  1.792767E+12  1.000811E+03 -5.645716E+05  1.133147E+05 -6.852243E+05
  0.000000E+00  0.000000E+00  0.000000E+00  0.000000E+00 -5.614662E+05
  0.000000E+00  7.129196E+03 -6.628493E+05  6.553023E+05  0.000000E+00
  0.000000E+00  0.000000E+00  0.000000E+00  1.092421E+06  4.240180E+00
  7.338081E+03  1.467616E+04  9.000000E+01  9.000000E+01  9.000000E+01
  0.000000E+00 -4.438381E-01  1.792767E+12  1.164699E+00  1.231741E+00
  3.198454E+00  1.231741E+00 -9.116444E-01  1.354585E+00  3.198454E+00
  1.354585E+00 -1.584569E+00  1.422686E+01  1.063594E+01  8.870578E+00
  4.439044E+01  7.012085E+03  1.044149E+02  0.000000E+00  0.000000E+00
  0.000000E+00  1.044149E+02  0.000000E+00  0.000000E+00  0.000000E+00
  1.001994E+02 -3.066342E+02
     11000  2.652397E+00        52
  1.792767E+12  1.000751E+03 -5.655520E+05  1.127953E+05 -6.856305E+05
  0.000000E+00  0.000000E+00  0.000000E+00  0.000000E+00 -5.624469E+05
  0.000000E+00  6.067934E+03 -6.617132E+05  6.532149E+05  0.000000E+00
  0.000000E+00  0.000000E+00  0.000000E+00  1.118440E+06  9.516900E-01
  7.283112E+03  1.456622E+04  9.000000E+01  9.000000E+01  9.000000E+01
  0.000000E+00  6.643943E-02  1.792767E+12 -4.242123E-01  3.926095E-02
  1.889418E+00  3.926095E-02 -7.267060E-01 -4.537923E-01  1.889418E+00
 -4.537923E-01  1.350237E+00  1.489971E+01  1.125709E+01  9.512652E+00
  5.311057E+01  7.139804E+03  1.052373E+02  0.000000E+00  0.000000E+00
  0.000000E+00  1.052373E+02  0.000000E+00  0.000000E+00  0.000000E+00
  1.009887E+02  4.699423E+01
     12000  2.893524E+00        52
  1.792767E+12  1.000000E+03 -5.655778E+05  1.120849E+05 -6.849962E+05
  0.000000E+00  0.000000E+00  0.000000E+00  0.000000E+00 -5.624749E+05
  0.000000E+00  3.560404E+03 -6.588386E+05  6.477321E+05  0.000000E+00
  0.000000E+00  0.000000E+00  0.000000E+00  1.182301E+06  3.236856E-02
  7.333452E+03  1.466690E+04  9.000000E+01  9.000000E+01  9.000000E+01
  0.000000E+00  1.178643E+00  1.792768E+12  1.302439E+00 -1.221381E+00
  3.554206E-01 -1.221381E+00  2.990115E+00  1.551433E-01  3.554206E-01
  1.551433E-01 -7.566252E-01  1.665931E+01  1.260838E+01  1.085322E+01
  6.515109E+01  7.408378E+03  1.072034E+02  0.000000E+00  0.000000E+00
  0.000000E+00  1.072034E+02  0.000000E+00  0.000000E+00  0.000000E+00
  1.028754E+02  8.812851E+02
     13000  3.134651E+00        52
  1.794815E+12  1.000027E+03 -5.665402E+05  1.113067E+05 -6.849494E+05
  0.000000E+00  0.000000E+00  0.000000E+00  0.000000E+00 -5.634372E+05
  0.000000E+00  3.959380E+03 -6.550308E+05  6.447853E+05  0.000000E+00
  0.000000E+00  0.000000E+00  0.000000E+00  1.216335E+06  4.815894E-01
  7.102431E+03  1.420486E+04  9.000000E+01  9.000000E+01  9.000000E+01
  0.000000E+00  9.728487E-01  1.794815E+12  4.440945E+00 -4.042514E-01
 -2.185414E+00 -4.042514E-01  4.794617E-01  2.143698E-01 -2.185414E+00
  2.143698E-01 -2.001861E+00  1.772472E+01  1.354470E+01  1.164771E+01
  7.524468E+01  7.508145E+03  1.082223E+02  0.000000E+00  0.000000E+00
  0.000000E+00  1.082223E+02  0.000000E+00  0.000000E+00  0.000000E+00
  1.038532E+02  7.483499E+02
     14000  3.375778E+00        52
  1.794815E+12  1.002203E+03 -5.665263E+05  1.073793E+05 -6.805438E+05
  0.000000E+00  0.000000E+00  0.000000E+00  0.000000E+00 -5.634163E+05
  0.000000E+00  1.753579E+03 -6.321269E+05  6.206040E+05  0.000000E+00
  0.000000E+00  0.000000E+00  0.000000E+00  1.503249E+06  7.694502E-01
  6.638250E+03  1.327650E+04  9.000000E+01  9.000000E+01  9.000000E+01
  0.000000E+00  1.565309E+00  1.794815E+12  2.960444E+00 -1.919986E+00
  3.348442E-01 -1.919986E+00  3.923718E+00 -4.157463E-01  3.348442E-01
 -4.157463E-01 -2.188234E+00  1.959075E+01  1.517020E+01  1.333048E+01
  8.502738E+01  8.674235E+03  1.161384E+02  0.000000E+00  0.000000E+00
  0.000000E+00  1.161384E+02  0.000000E+00  0.000000E+00  0.000000E+00
  1.114497E+02  1.488117E+03
     15000  3.616905E+00        52
  3.058154E+12  1.000000E+03 -5.677736E+05  1.063647E+05 -6.808259E+05
  0.000000E+00  0.000000E+00  0.000000E+00  0.000000E+00 -5.646704E+05
  0.000000E+00 -4.114812E+03 -6.275962E+05  6.101062E+05  0.000000E+00
  0.000000E+00  0.000000E+00  0.000000E+00  1.642630E+06  3.201603E-02
  6.687587E+03  1.337517E+04  9.000000E+01  9.000000E+01  9.000000E+01
  0.000000E+00  3.311111E+00  3.058155E+12  4.569155E+00 -1.174775E+00
  9.603916E-01 -1.174775E+00  3.701114E+00 -1.189096E+00  9.603916E-01
 -1.189096E+00  1.663064E+00  2.100200E+01  1.631896E+01  1.449780E+01
  9.157601E+01  8.922210E+03  1.196223E+02  0.000000E+00  0.000000E+00
  0.000000E+00  1.196223E+02  0.000000E+00  0.000000E+00  0.000000E+00
  1.147929E+02  3.439691E+03
     16000  3.858032E+00        52
  3.058154E+12  1.000680E+03 -5.692523E+05  1.080865E+05 -6.845973E+05
  0.000000E+00  0.000000E+00  0.000000E+00  0.000000E+00 -5.661470E+05
  0.000000E+00 -1.186419E+04 -6.375578E+05  6.111764E+05  0.000000E+00
  0.000000E+00  0.000000E+00  0.000000E+00  1.650166E+06  2.351697E-01
  7.258597E+03  1.451719E+04  9.000000E+01  9.000000E+01  9.000000E+01
  0.000000E+00  5.772543E+00  3.058155E+12  5.141312E+00  1.125752E-01
 -4.677546E-01  1.125752E-01  6.197004E+00 -1.144313E+00 -4.677546E-01
 -1.144313E+00  5.979314E+00  2.257445E+01  1.768003E+01  1.580713E+01
  1.008714E+02  8.952117E+03  1.198050E+02  0.000000E+00  0.000000E+00
  0.000000E+00  1.198050E+02  0.000000E+00  0.000000E+00  0.000000E+00
  1.149682E+02  6.024222E+03
     17000  4.099159E+00        52
  3.058154E+12  1.000785E+03 -5.707672E+05  1.094732E+05 -6.874593E+05
  0.000000E+00  0.000000E+00  0.000000E+00  0.000000E+00 -5.676616E+05
  0.000000E+00 -2.242381E+04 -6.460368E+05  6.091751E+05  0.000000E+00
  0.000000E+00  0.000000E+00  0.000000E+00  1.704563E+06  4.775213E-01
  7.218941E+03  1.443788E+04  9.000000E+01  9.000000E+01  9.000000E+01
  0.000000E+00  8.853716E+00  3.058155E+12  7.747192E+00 -5.492436E-02
 -1.368638E-01 -5.492436E-02  1.324517E+01  1.063087E+00 -1.368638E-01
  1.063087E+00  5.568783E+00  2.439197E+01  1.944968E+01  1.757317E+01
  1.133176E+02  9.072350E+03  1.211072E+02  0.000000E+00  0.000000E+00
  0.000000E+00  1.211072E+02  0.000000E+00  0.000000E+00  0.000000E+00
  1.162179E+02  9.544313E+03
     18000  4.340286E+00        52
  3.058154E+12  1.000000E+03 -5.717378E+05  1.079542E+05 -6.866963E+05
  0.000000E+00  0.000000E+00  0.000000E+00  0.000000E+00 -5.686346E+05
  0.000000E+00 -2.385603E+04 -6.400712E+05  6.022067E+05  0.000000E+00
  0.000000E+00  0.000000E+00  0.000000E+00  1.776011E+06  3.011264E-02
  7.004253E+03  1.400851E+04  9.000000E+01  9.000000E+01  9.000000E+01
  0.000000E+00  8.921136E+00  3.058155E+12  1.079992E+01 -7.592578E-01
  1.746099E+00 -7.592578E-01  8.908727E+00 -8.536031E-01  1.746099E+00
 -8.536031E-01  7.054763E+00  2.546773E+01  2.037498E+01  1.852226E+01
  1.268109E+02  9.394332E+03  1.227762E+02  0.000000E+00  0.000000E+00
  0.000000E+00  1.227762E+02  0.000000E+00  0.000000E+00  0.000000E+00
  1.178195E+02  1.002010E+04
     19000  4.581413E+00        52
  3.058154E+12  9.998636E+02 -5.724371E+05  1.092220E+05 -6.891046E+05
  0.000000E+00  0.000000E+00  0.000000E+00  0.000000E+00 -5.693343E+05
  0.000000E+00 -2.913250E+04 -6.468184E+05  6.027949E+05  0.000000E+00
  0.000000E+00  0.000000E+00  0.000000E+00  1.785961E+06  3.826175E-01
  7.445493E+03  1.489099E+04  9.000000E+01  9.000000E+01  9.000000E+01
  0.000000E+00  1.042838E+01  3.058155E+12  1.139290E+01 -6.263788E-01
  1.351626E+00 -6.263788E-01  1.065557E+01 -6.203208E-01  1.351626E+00
 -6.203208E-01  9.236681E+00  2.854623E+01  2.231635E+01  2.042341E+01
  1.465569E+02  9.473535E+03  1.230051E+02  0.000000E+00  0.000000E+00
  0.000000E+00  1.230051E+02  0.000000E+00  0.000000E+00  0.000000E+00
  1.180391E+02  1.177864E+04
     20000  4.822540E+00        52
  3.058893E+12  1.007712E+03 -5.731053E+05  1.093142E+05 -6.899073E+05
  0.000000E+00  0.000000E+00  0.000000E+00  0.000000E+00 -5.699781E+05
  0.000000E+00 -3.177448E+04 -6.482485E+05  6.014984E+05  0.000000E+00
  0.000000E+00  0.000000E+00  0.000000E+00  1.801606E+06  1.974378E+01
  7.487825E+03  1.497565E+04  9.000000E+01  9.000000E+01  9.000000E+01
  0.000000E+00  1.112500E+01  3.058894E+12  1.357119E+01  8.975968E-01
  7.393300E-01  8.975968E-01  1.111380E+01  6.549131E-02  7.393300E-01
  6.549131E-02  8.690009E+00  2.961789E+01  2.313540E+01  2.117959E+01
  1.675523E+02  9.484632E+03  1.233632E+02  0.000000E+00  0.000000E+00
  0.000000E+00  1.233632E+02  0.000000E+00  0.000000E+00  0.000000E+00
  1.183828E+02  1.267553E+04
     21000  5.063667E+00        52
  3.058893E+12  1.000000E+03 -5.735790E+05  1.091918E+05 -6.902042E+05
  0.000000E+00  0.000000E+00  0.000000E+00  0.000000E+00 -5.704757E+05
  0.000000E+00 -3.310012E+04 -6.480309E+05  6.000639E+05  0.000000E+00
  0.000000E+00  0.000000E+00  0.000000E+00  1.813329E+06  2.766573E-02
  7.433424E+03  1.486685E+04  9.000000E+01  9.000000E+01  9.000000E+01
  0.000000E+00  1.142449E+01  3.058894E+12  1.172262E+01  7.767722E-01
 -6.587104E-03  7.767722E-01  1.256653E+01 -1.163832E+00 -6.587104E-03
 -1.163832E+00  9.984321E+00  3.219114E+01  2.406199E+01  2.196188E+01
  1.842732E+02  9.500655E+03  1.236302E+02  0.000000E+00  0.000000E+00
  0.000000E+00  1.236302E+02  0.000000E+00  0.000000E+00  0.000000E+00
  1.186390E+02  1.310146E+04
     22000  5.304794E+00        52
  3.058893E+12  9.922799E+02 -5.741286E+05  1.091535E+05 -6.906704E+05
  0.000000E+00  0.000000E+00  0.000000E+00  0.000000E+00 -5.710492E+05
  0.000000E+00 -3.462424E+04 -6.481966E+05  5.987957E+05  0.000000E+00
  0.000000E+00  0.000000E+00  0.000000E+00  1.829363E+06  4.868541E+00
  7.388351E+03  1.477670E+04  9.000000E+01  9.000000E+01  9.000000E+01
  0.000000E+00  1.174969E+01  3.058894E+12  1.244202E+01 -1.215733E+00
 -1.834954E-01 -1.215733E+00  1.436845E+01 -2.624318E-01 -1.834954E-01
 -2.624318E-01  8.438606E+00  3.395914E+01  2.500479E+01  2.280375E+01
  2.088897E+02  9.547716E+03  1.239935E+02  0.000000E+00  0.000000E+00
  0.000000E+00  1.239935E+02  0.000000E+00  0.000000E+00  0.000000E+00
  1.189877E+02  1.359353E+04
     23000  5.545921E+00        52
  3.058893E+12  9.987775E+02 -5.749674E+05  1.069732E+05 -6.892580E+05
  0.000000E+00  0.000000E+00  0.000000E+00  0.000000E+00 -5.718678E+05
  0.000000E+00 -3.328284E+04 -6.363122E+05  5.883946E+05  0.000000E+00
  0.000000E+00  0.000000E+00  0.000000E+00  1.972752E+06  1.413140E+00
  7.317414E+03  1.463483E+04  9.000000E+01  9.000000E+01  9.000000E+01
  0.000000E+00  1.054805E+01  3.058894E+12  1.022812E+01 -8.125494E-01
 -3.763803E-01 -8.125494E-01  1.299094E+01  1.048272E+00 -3.763803E-01
  1.048272E+00  8.425077E+00  3.471551E+01  2.575087E+01  2.351740E+01
  2.198425E+02  1.033566E+04  1.271520E+02  0.000000E+00  0.000000E+00
  0.000000E+00  1.271520E+02  0.000000E+00  0.000000E+00  0.000000E+00
  1.220186E+02  1.315984E+04
     24000  5.787048E+00        52
  3.058893E+12  1.000000E+03 -5.754405E+05  1.071766E+05 -6.899981E+05
  0.000000E+00  0.000000E+00  0.000000E+00  0.000000E+00 -5.723371E+05
  0.000000E+00 -3.480533E+04 -6.374739E+05  5.879063E+05  0.000000E+00
  0.000000E+00  0.000000E+00  0.000000E+00  1.986134E+06  3.225237E-02
  7.381101E+03  1.476220E+04  9.000000E+01  9.000000E+01  9.000000E+01
  0.000000E+00  1.088302E+01  3.058894E+12  1.150746E+01 -1.142356E+00
 -4.144288E-01 -1.142356E+00  1.190378E+01  4.979091E-01 -4.144288E-01
  4.979091E-01  9.237829E+00  3.683013E+01  2.754795E+01  2.508877E+01
  2.454789E+02  1.050305E+04  1.274389E+02  0.000000E+00  0.000000E+00
  0.000000E+00  1.274389E+02  0.000000E+00  0.000000E+00  0.000000E+00
  1.222939E+02  1.366986E+04
     25000  6.028175E+00        52
  3.058894E+12  1.000587E+03 -5.767448E+05  9.793754E+04 -6.818304E+05
  0.000000E+00  0.000000E+00  0.000000E+00  0.000000E+00 -5.736395E+05
  0.000000E+00 -4.622865E+03 -5.813536E+05  5.624347E+05  0.000000E+00
  0.000000E+00  0.000000E+00  0.000000E+00  2.262936E+06  4.125553E-01
  7.148020E+03  1.429604E+04  9.000000E+01  9.000000E+01  9.000000E+01
  0.000000E+00  2.522665E+00  3.058895E+12  4.222668E+00 -2.599497E-01
  6.437710E-01 -2.599497E-01  2.115749E+00 -7.237909E-02  6.437710E-01
 -7.237909E-02  1.229579E+00  3.812049E+01  2.843609E+01  2.592392E+01
  2.623830E+02  1.144672E+04  1.331036E+02  0.000000E+00  0.000000E+00
  0.000000E+00  1.331036E+02  0.000000E+00  0.000000E+00  0.000000E+00
  1.277300E+02  3.610256E+03
     26000  6.269302E+00        52
  3.058894E+12  9.996817E+02 -5.780497E+05  1.013370E+05 -6.863847E+05
  0.000000E+00  0.000000E+00  0.000000E+00  0.000000E+00 -5.749470E+05
  0.000000E+00 -2.648435E+04 -6.044563E+05  5.639758E+05  0.000000E+00
  0.000000E+00  0.000000E+00  0.000000E+00  2.334188E+06  7.110855E-01
  6.998041E+03  1.399608E+04  9.000000E+01  9.000000E+01  9.000000E+01
  0.000000E+00  7.380863E+00  3.058895E+12  7.154612E+00 -1.293758E+00
  6.965619E-01 -1.293758E+00  8.855049E+00 -1.306693E+00  6.965619E-01
 -1.306693E+00  6.132927E+00  3.904485E+01  2.934094E+01  2.687906E+01
  2.698212E+02  1.157852E+04  1.344862E+02  0.000000E+00  0.000000E+00
  0.000000E+00  1.344862E+02  0.000000E+00  0.000000E+00  0.000000E+00
  1.290567E+02  1.089554E+04
     27000  6.510429E+00        52
  3.058894E+12  1.000000E+03 -4.787812E+05  8.913972E+04 -6.761417E+05
  0.000000E+00  0.000000E+00  0.000000E+00  0.000000E+00 -4.756774E+05
  0.000000E+00  2.156589E+05 -5.397355E+05  5.389528E+05  0.000000E+00
  0.000000E+00  0.000000E+00  0.000000E+00  2.567355E+06  8.288539E-01
  1.082208E+05  2.164417E+05  9.000000E+01  9.000000E+01  9.000000E+01
  0.000000E+00 -4.300084E+01  3.058895E+12 -6.891130E+01 -1.727505E+01
  5.899932E+01 -1.727505E+01 -3.641861E+00  1.602659E+01  5.899932E+01
  1.602659E+01 -5.644935E+01  4.053545E+01  3.048332E+01  2.808041E+01
  2.837239E+02  1.199307E+04  1.388229E+02  0.000000E+00  0.000000E+00
  0.000000E+00  1.388229E+02  0.000000E+00  0.000000E+00  0.000000E+00
  1.332183E+02 -6.981823E+04
     28000  6.751556E+00        52
  3.058894E+12  1.000196E+03 -5.802888E+05  1.008011E+05 -6.881463E+05
  0.000000E+00  0.000000E+00  0.000000E+00  0.000000E+00 -5.771845E+05
  0.000000E+00 -3.269228E+04 -6.001699E+05  5.533649E+05  0.000000E+00
  0.000000E+00  0.000000E+00  0.000000E+00  2.581885E+06  1.395553E-01
  7.056365E+03  1.411273E+04  9.000000E+01  9.000000E+01  9.000000E+01
  0.000000E+00  7.940727E+00  3.058895E+12  7.247429E+00  4.586575E-02
 -2.334476E-02  4.586575E-02  9.915383E+00  4.926564E-01 -2.334476E-02
  4.926564E-01  6.659370E+00  4.235494E+01  3.206677E+01  2.959357E+01
  3.010096E+02  1.215303E+04  1.390843E+02  0.000000E+00  0.000000E+00
  0.000000E+00  1.390843E+02  0.000000E+00  0.000000E+00  0.000000E+00
  1.334692E+02  1.296592E+04
     29000  6.992683E+00        52
  3.058894E+12  1.000537E+03 -5.810615E+05  1.016183E+05 -6.898723E+05
  0.000000E+00  0.000000E+00  0.000000E+00  0.000000E+00 -5.779561E+05
  0.000000E+00 -3.714047E+04 -6.050912E+05  5.535658E+05  0.000000E+00
  0.000000E+00  0.000000E+00  0.000000E+00  2.599790E+06  4.459067E-01
  7.192480E+03  1.438496E+04  9.000000E+01  9.000000E+01  9.000000E+01
  0.000000E+00  8.788283E+00  3.058895E+12  8.929332E+00 -6.442341E-01
 -4.245821E-01 -6.442341E-01  9.722190E+00  6.916214E-01 -4.245821E-01
  6.916214E-01  7.713326E+00  4.572324E+01  3.481414E+01  3.228783E+01
  3.390512E+02  1.230190E+04  1.394050E+02  0.000000E+00  0.000000E+00
  0.000000E+00  1.394050E+02  0.000000E+00  0.000000E+00  0.000000E+00
  1.337770E+02  1.444935E+04
     30000  7.233810E+00        52
  3.058894E+12  1.000000E+03 -5.826800E+05  9.844500E+04 -6.882982E+05
  0.000000E+00  0.000000E+00  0.000000E+00  0.000000E+00 -5.795760E+05
  0.000000E+00 -3.154722E+04 -5.857017E+05  5.398079E+05  0.000000E+00
  0.000000E+00  0.000000E+00  0.000000E+00  2.883040E+06  3.259709E-02
  7.173271E+03  1.434654E+04  9.000000E+01  9.000000E+01  9.000000E+01
  0.000000E+00  6.901699E+00  3.058895E+12  7.976322E+00 -4.503465E-01
  9.336146E-01 -4.503465E-01  6.431882E+00 -1.885962E-01  9.336146E-01
 -1.885962E-01  6.296892E+00  4.731247E+01  3.609919E+01  3.348683E+01
  3.517983E+02  1.300675E+04  1.442943E+02  0.000000E+00  0.000000E+00
  0.000000E+00  1.442943E+02  0.000000E+00  0.000000E+00  0.000000E+00
  1.384689E+02  1.258383E+04
     31000  7.474937E+00        52
  3.058894E+12  1.000193E+03 -5.832996E+05  9.918856E+04 -6.897055E+05
  0.000000E+00  0.000000E+00  0.000000E+00  0.000000E+00 -5.801951E+05
  0.000000E+00 -3.570174E+04 -5.900207E+05  5.398844E+05  0.000000E+00
  0.000000E+00  0.000000E+00  0.000000E+00  2.902726E+06  3.736055E-01
  7.217288E+03  1.443458E+04  9.000000E+01  9.000000E+01  9.000000E+01
  0.000000E+00  7.609486E+00  3.058895E+12  7.579873E+00 -1.171574E-01
  2.610312E-01 -1.171574E-01  8.450743E+00 -1.977134E-01  2.610312E-01
 -1.977134E-01  6.797841E+00  4.993376E+01  3.827333E+01  3.540223E+01
  3.777644E+02  1.303332E+04  1.446220E+02  0.000000E+00  0.000000E+00
  0.000000E+00  1.446220E+02  0.000000E+00  0.000000E+00  0.000000E+00
  1.387833E+02  1.396907E+04
     32000  7.716064E+00        52
  3.058894E+12  1.000883E+03 -5.842740E+05  9.926849E+04 -6.906568E+05
  0.000000E+00  0.000000E+00  0.000000E+00  0.000000E+00 -5.811673E+05
  0.000000E+00 -3.743550E+04 -5.904436E+05  5.387795E+05  0.000000E+00
  0.000000E+00  0.000000E+00  0.000000E+00  2.928972E+06  3.703180E-01
  7.114311E+03  1.422862E+04  9.000000E+01  9.000000E+01  9.000000E+01
  0.000000E+00  7.854063E+00  3.058895E+12  6.971265E+00 -3.570590E-01
 -1.348118E-01 -3.570590E-01  9.804175E+00  8.702048E-01 -1.348118E-01
  8.702048E-01  6.786749E+00  5.218379E+01  3.996218E+01  3.714172E+01
  3.916768E+02  1.290090E+04  1.450566E+02  0.000000E+00  0.000000E+00
  0.000000E+00  1.450566E+02  0.000000E+00  0.000000E+00  0.000000E+00
  1.392004E+02  1.454841E+04
     33000  7.957191E+00        52
  3.058894E+12  1.000000E+03 -5.848743E+05  9.876200E+04 -6.908364E+05
  0.000000E+00  0.000000E+00  0.000000E+00  0.000000E+00 -5.817703E+05
  0.000000E+00 -3.653778E+04 -5.881632E+05  5.372253E+05  0.000000E+00
  0.000000E+00  0.000000E+00  0.000000E+00  2.950300E+06  2.741889E-02
  7.200064E+03  1.440013E+04  9.000000E+01  9.000000E+01  9.000000E+01
  0.000000E+00  7.635928E+00  3.058895E+12  7.411585E+00 -4.877314E-01
 -8.324087E-01 -4.877314E-01  7.917928E+00  7.804342E-01 -8.324087E-01
  7.804342E-01  7.578270E+00  5.243257E+01  4.012434E+01  3.742866E+01
  3.965555E+02  1.282170E+04  1.454078E+02  0.000000E+00  0.000000E+00
  0.000000E+00  1.454078E+02  0.000000E+00  0.000000E+00  0.000000E+00
  1.395374E+02  1.424735E+04
     34000  8.198318E+00        52
  3.058894E+12  9.999551E+02 -5.853418E+05  9.843684E+04 -6.909544E+05
  0.000000E+00  0.000000E+00  0.000000E+00  0.000000E+00 -5.822379E+05
  0.000000E+00 -3.641714E+04 -5.863763E+05  5.356077E+05  0.000000E+00
  0.000000E+00  0.000000E+00  0.000000E+00  2.979470E+06  1.233753E-01
  7.175718E+03  1.435144E+04  9.000000E+01  9.000000E+01  9.000000E+01
  0.000000E+00  7.539778E+00  3.058895E+12  8.486001E+00 -5.746765E-01
  4.603356E-01 -5.746765E-01  6.922965E+00 -4.241340E-01  4.603356E-01
 -4.241340E-01  7.210367E+00  5.313715E+01  4.068340E+01  3.800190E+01
  4.103387E+02  1.283061E+04  1.458855E+02  0.000000E+00  0.000000E+00
  0.000000E+00  1.458855E+02  0.000000E+00  0.000000E+00  0.000000E+00
  1.399958E+02  1.420704E+04
     35000  8.439445E+00        52
  3.058894E+12  1.000782E+03 -5.856648E+05  9.828150E+04 -6.911151E+05
  0.000000E+00  0.000000E+00  0.000000E+00  0.000000E+00 -5.825583E+05
  0.000000E+00 -3.648734E+04 -5.854214E+05  5.345964E+05  0.000000E+00
  0.000000E+00  0.000000E+00  0.000000E+00  3.002960E+06  2.657675E+00
  7.168851E+03  1.433770E+04  9.000000E+01  9.000000E+01  9.000000E+01
  0.000000E+00  7.494023E+00  3.058895E+12  8.424551E+00 -1.354535E+00
  1.614848E-01 -1.354535E+00  7.799059E+00 -1.820571E-01  1.614848E-01
 -1.820571E-01  6.258461E+00  5.394242E+01  4.126945E+01  3.853152E+01
  4.278105E+02  1.286520E+04  1.462678E+02  0.000000E+00  0.000000E+00
  0.000000E+00  1.462678E+02  0.000000E+00  0.000000E+00  0.000000E+00
  1.403627E+02  1.423215E+04
     36000  8.680572E+00        52
  3.058894E+12  1.000000E+03 -5.858600E+05  9.805769E+04 -6.911133E+05
  0.000000E+00  0.000000E+00  0.000000E+00  0.000000E+00 -5.827559E+05
  0.000000E+00 -3.619424E+04 -5.841395E+05  5.335539E+05  0.000000E+00
  0.000000E+00  0.000000E+00  0.000000E+00  3.024571E+06  2.434838E-02
  7.195686E+03  1.439137E+04  9.000000E+01  9.000000E+01  9.000000E+01
  0.000000E+00  7.388554E+00  3.058895E+12  7.953331E+00 -1.160023E+00
  3.282367E-01 -1.160023E+00  7.914563E+00 -3.017703E-01  3.282367E-01
 -3.017703E-01  6.297769E+00  5.535664E+01  4.230047E+01  3.950524E+01
  4.656452E+02  1.291622E+04  1.466179E+02  0.000000E+00  0.000000E+00
  0.000000E+00  1.466179E+02  0.000000E+00  0.000000E+00  0.000000E+00
  1.406986E+02  1.413283E+04
     37000  8.921699E+00        52
  3.058894E+12  9.999531E+02 -5.868414E+05  9.586885E+04 -6.897244E+05
  0.000000E+00  0.000000E+00  0.000000E+00  0.000000E+00 -5.837374E+05
  0.000000E+00 -3.277601E+04 -5.702135E+05  5.234092E+05  0.000000E+00
  0.000000E+00  0.000000E+00  0.000000E+00  3.296273E+06  1.605109E-01
  7.014131E+03  1.402826E+04  9.000000E+01  9.000000E+01  9.000000E+01
  0.000000E+00  6.232915E+00  3.058895E+12  6.680302E+00  5.889113E-01
 -1.139155E+00  5.889113E-01  5.713334E+00 -5.135486E-01 -1.139155E+00
 -5.135486E-01  6.305107E+00  5.702271E+01  4.331600E+01  4.048911E+01
  4.922800E+02  1.328728E+04  1.508829E+02  0.000000E+00  0.000000E+00
  0.000000E+00  1.508829E+02  0.000000E+00  0.000000E+00  0.000000E+00
  1.447915E+02  1.299333E+04
     38000  9.162826E+00        52
  3.058894E+12  1.000065E+03 -5.871973E+05  9.580474E+04 -6.900911E+05
  0.000000E+00  0.000000E+00  0.000000E+00  0.000000E+00 -5.840928E+05
  0.000000E+00 -3.215740E+04 -5.693426E+05  5.230070E+05  0.000000E+00
  0.000000E+00  0.000000E+00  0.000000E+00  3.317475E+06  3.367138E-01
  7.089122E+03  1.417824E+04  9.000000E+01  9.000000E+01  9.000000E+01
  0.000000E+00  6.094905E+00  3.058895E+12  6.564500E+00  5.533795E-01
 -1.081075E+00  5.533795E-01  5.614753E+00 -4.706134E-01 -1.081075E+00
 -4.706134E-01  6.105461E+00  5.825102E+01  4.420361E+01  4.135070E+01
  5.249565E+02  1.344721E+04  1.512057E+02  0.000000E+00  0.000000E+00
  0.000000E+00  1.512057E+02  0.000000E+00  0.000000E+00  0.000000E+00
  1.451013E+02  1.278735E+04
     39000  9.403953E+00        52
  3.058894E+12  1.000000E+03 -5.875490E+05  9.573711E+04 -6.904125E+05
  0.000000E+00  0.000000E+00  0.000000E+00  0.000000E+00 -5.844447E+05
  0.000000E+00 -3.239170E+04 -5.688059E+05  5.221613E+05  0.000000E+00
  0.000000E+00  0.000000E+00  0.000000E+00  3.345801E+06  2.860811E-02
  7.126429E+03  1.425286E+04  9.000000E+01  9.000000E+01  9.000000E+01
  0.000000E+00  6.080153E+00  3.058895E+12  5.740284E+00  1.398518E-01
 -9.045834E-01  1.398518E-01  5.433880E+00 -1.931753E-01 -9.045834E-01
 -1.931753E-01  7.066296E+00  5.958071E+01  4.532833E+01  4.247654E+01
  5.616880E+02  1.356961E+04  1.516348E+02  0.000000E+00  0.000000E+00
  0.000000E+00  1.516348E+02  0.000000E+00  0.000000E+00  0.000000E+00
  1.455131E+02  1.286532E+04
     40000  9.645080E+00        52
  3.058894E+12  1.000112E+03 -5.878341E+05  9.559505E+04 -6.905465E+05
  0.000000E+00  0.000000E+00  0.000000E+00  0.000000E+00 -5.847295E+05
  0.000000E+00 -3.247418E+04 -5.678424E+05  5.211335E+05  0.000000E+00
  0.000000E+00  0.000000E+00  0.000000E+00  3.367948E+06  6.696163E-02
  7.117388E+03  1.423478E+04  9.000000E+01  9.000000E+01  9.000000E+01
  0.000000E+00  6.053187E+00  3.058895E+12  5.325817E+00 -1.221108E-01
 -1.794564E-01 -1.221108E-01  5.509440E+00  5.878373E-01 -1.794564E-01
  5.878373E-01  7.324305E+00  6.043502E+01  4.584386E+01  4.293002E+01
  5.735352E+02  1.359334E+04  1.519687E+02  0.000000E+00  0.000000E+00
  0.000000E+00  1.519687E+02  0.000000E+00  0.000000E+00  0.000000E+00
  1.458334E+02  1.289305E+04
     41000  9.886207E+00        52
  3.058894E+12  9.989228E+02 -5.884757E+05  9.240654E+04 -6.874314E+05
  0.000000E+00  0.000000E+00  0.000000E+00  0.000000E+00 -5.853746E+05
  0.000000E+00 -2.415153E+04 -5.442105E+05  5.069606E+05  0.000000E+00
  0.000000E+00  0.000000E+00  0.000000E+00  3.667095E+06  6.303032E-01
  6.549168E+03  1.309834E+04  9.000000E+01  9.000000E+01  9.000000E+01
  0.000000E+00  4.362108E+00  3.058895E+12  4.136669E+00 -2.564662E-01
  9.307172E-01 -2.564662E-01  3.740238E+00 -4.650867E-01  9.307172E-01
 -4.650867E-01  5.209418E+00  6.123489E+01  4.637691E+01  4.340883E+01
  5.811487E+02  1.414759E+04  1.563411E+02  0.000000E+00  0.000000E+00
  0.000000E+00  1.563411E+02  0.000000E+00  0.000000E+00  0.000000E+00
  1.500293E+02  1.011637E+04
     42000  1.012733E+01        52
  3.058894E+12  1.000000E+03 -5.890658E+05  9.179362E+04 -6.878252E+05
  0.000000E+00  0.000000E+00  0.000000E+00  0.000000E+00 -5.859613E+05
  0.000000E+00 -2.325393E+04 -5.442172E+05  5.070316E+05  0.000000E+00
  0.000000E+00  0.000000E+00  0.000000E+00  3.742946E+06  2.329313E-02
  6.965826E+03  1.393165E+04  9.000000E+01  9.000000E+01  9.000000E+01
  0.000000E+00  4.148252E+00  3.058895E+12  3.935002E+00 -4.501681E-01
  6.275195E-01 -4.501681E-01  3.899725E+00 -8.515093E-01  6.275195E-01
 -8.515093E-01  4.610029E+00  6.186079E+01  4.695522E+01  4.401855E+01
  5.908288E+02  1.430969E+04  1.574116E+02  0.000000E+00  0.000000E+00
  0.000000E+00  1.574116E+02  0.000000E+00  0.000000E+00  0.000000E+00
  1.510567E+02  9.819395E+03
     43000  1.036846E+01        52
  3.058894E+12  1.005898E+03 -5.890202E+05  9.291288E+04 -6.890841E+05
  0.000000E+00  0.000000E+00  0.000000E+00  0.000000E+00 -5.858974E+05
  0.000000E+00 -2.706655E+04 -5.502480E+05  5.088795E+05  0.000000E+00
  0.000000E+00  0.000000E+00  0.000000E+00  3.763467E+06  1.115513E+01
  7.151012E+03  1.430202E+04  9.000000E+01  9.000000E+01  9.000000E+01
  0.000000E+00  4.664717E+00  3.058895E+12  5.425127E+00 -1.857700E-01
 -7.270582E-01 -1.857700E-01  4.240943E+00  2.838249E-02 -7.270582E-01
  2.838249E-02  4.328081E+00  6.297841E+01  4.791806E+01  4.495859E+01
  6.140235E+02  1.435518E+04  1.576988E+02  0.000000E+00  0.000000E+00
  0.000000E+00  1.576988E+02  0.000000E+00  0.000000E+00  0.000000E+00
  1.513322E+02  1.110247E+04
     44000  1.060959E+01        52
  3.058894E+12  9.999158E+02 -5.893658E+05  9.299490E+04 -6.893782E+05
  0.000000E+00  0.000000E+00  0.000000E+00  0.000000E+00 -5.862615E+05
  0.000000E+00 -2.801753E+04 -5.506535E+05  5.086010E+05  0.000000E+00
  0.000000E+00  0.000000E+00  0.000000E+00  3.784939E+06  2.870118E-01
  7.017476E+03  1.403495E+04  9.000000E+01  9.000000E+01  9.000000E+01
  0.000000E+00  4.765515E+00  3.058895E+12  4.934921E+00 -3.086748E-01
 -4.442651E-01 -3.086748E-01  4.507999E+00  3.071485E-01 -4.442651E-01
  3.071485E-01  4.853627E+00  6.450296E+01  4.910176E+01  4.603668E+01
  6.510005E+02  1.440785E+04  1.579981E+02  0.000000E+00  0.000000E+00
  0.000000E+00  1.579981E+02  0.000000E+00  0.000000E+00  0.000000E+00
  1.516195E+02  1.140709E+04
     45000  1.085072E+01        52
  3.058894E+12  1.000000E+03 -5.892928E+05  9.314271E+04 -6.895047E+05
  0.000000E+00  0.000000E+00  0.000000E+00  0.000000E+00 -5.861883E+05
  0.000000E+00 -2.891943E+04 -5.513479E+05  5.082901E+05  0.000000E+00
  0.000000E+00  0.000000E+00  0.000000E+00  3.806955E+06  2.140471E-02
  7.069189E+03  1.413838E+04  9.000000E+01  9.000000E+01  9.000000E+01
  0.000000E+00  4.862898E+00  3.058895E+12  4.976173E+00  2.260980E-01
  1.339523E-01  2.260980E-01  4.845079E+00  2.119928E-01  1.339523E-01
  2.119928E-01  4.767441E+00  6.609185E+01  5.014800E+01  4.712576E+01
  6.968708E+02  1.446385E+04  1.583039E+02  0.000000E+00  0.000000E+00
  0.000000E+00  1.583039E+02  0.000000E+00  0.000000E+00  0.000000E+00
  1.519129E+02  1.170790E+04
     46000  1.109184E+01        52
  3.058894E+12  1.000168E+03 -5.894482E+05  9.299416E+04 -6.895279E+05
  0.000000E+00  0.000000E+00  0.000000E+00  0.000000E+00 -5.863432E+05
  0.000000E+00 -2.859087E+04 -5.502416E+05  5.074798E+05  0.000000E+00
  0.000000E+00  0.000000E+00  0.000000E+00  3.829195E+06  1.257939E-01
  7.085481E+03  1.417096E+04  9.000000E+01  9.000000E+01  9.000000E+01
  0.000000E+00  4.789573E+00  3.058895E+12  4.894129E+00 -3.759920E-01
 -4.751948E-01 -3.759920E-01  4.745811E+00  2.867462E-01 -4.751948E-01
  2.867462E-01  4.728778E+00  6.743448E+01  5.047903E+01  4.756535E+01
  7.151457E+02  1.448136E+04  1.586116E+02  0.000000E+00  0.000000E+00
  0.000000E+00  1.586116E+02  0.000000E+00  0.000000E+00  0.000000E+00
  1.522081E+02  1.159872E+04
     47000  1.133297E+01        52
  3.058894E+12  1.000189E+03 -5.904288E+05  9.073804E+04 -6.881482E+05
  0.000000E+00  0.000000E+00  0.000000E+00  0.000000E+00 -5.873234E+05
  0.000000E+00 -2.359846E+04 -5.351434E+05  4.975821E+05  0.000000E+00
  0.000000E+00  0.000000E+00  0.000000E+00  4.231837E+06  3.878402E-01
  6.981385E+03  1.396277E+04  9.000000E+01  9.000000E+01  9.000000E+01
  0.000000E+00  3.712076E+00  3.058895E+12  4.560549E+00 -2.415994E-01
  5.184585E-01 -2.415994E-01  3.405862E+00 -1.258651E-01  5.184585E-01
 -1.258651E-01  3.169816E+00  6.865310E+01  5.144384E+01  4.859293E+01
  7.313175E+02  1.499194E+04  1.639867E+02  0.000000E+00  0.000000E+00
  0.000000E+00  1.639867E+02  0.000000E+00  0.000000E+00  0.000000E+00
  1.573663E+02  9.934631E+03
     48000  1.157410E+01        52
  3.058894E+12  1.000000E+03 -5.908321E+05  9.096221E+04 -6.888333E+05
  0.000000E+00  0.000000E+00  0.000000E+00  0.000000E+00 -5.877273E+05
  0.000000E+00 -2.443525E+04 -5.362259E+05  4.977127E+05  0.000000E+00
  0.000000E+00  0.000000E+00  0.000000E+00  4.253548E+06  3.042974E-02
  7.038937E+03  1.407787E+04  9.000000E+01  9.000000E+01  9.000000E+01
  0.000000E+00  3.796674E+00  3.058895E+12  4.646547E+00 -1.486182E-01
  4.823886E-01 -1.486182E-01  3.524430E+00 -3.670114E-02  4.823886E-01
 -3.670114E-02  3.219044E+00  7.051807E+01  5.300225E+01  5.019742E+01
  7.749330E+02  1.508638E+04  1.642667E+02  0.000000E+00  0.000000E+00
  0.000000E+00  1.642667E+02  0.000000E+00  0.000000E+00  0.000000E+00
  1.576349E+02  1.021317E+04
     49000  1.181522E+01        52
  3.058898E+12  9.998898E+02 -5.916061E+05  9.016882E+04 -6.885827E+05
  0.000000E+00  0.000000E+00  0.000000E+00  0.000000E+00 -5.885014E+05
  0.000000E+00 -2.413686E+04 -5.302464E+05  4.924940E+05  0.000000E+00
  0.000000E+00  0.000000E+00  0.000000E+00  4.509171E+06  1.287473E-01
  6.807763E+03  1.361553E+04  9.000000E+01  9.000000E+01  9.000000E+01
  0.000000E+00  3.546483E+00  3.058898E+12  3.162478E+00 -2.581984E-01
  5.840456E-01 -2.581984E-01  3.222537E+00 -5.691214E-01  5.840456E-01
 -5.691214E-01  4.254435E+00  7.144432E+01  5.389522E+01  5.100833E+01
  7.923871E+02  1.554308E+04  1.674935E+02  0.000000E+00  0.000000E+00
  0.000000E+00  1.674935E+02  0.000000E+00  0.000000E+00  0.000000E+00
  1.607315E+02  1.011348E+04
     50000  1.205635E+01        52
  3.058898E+12  9.998649E+02 -5.919027E+05  8.997847E+04 -6.888896E+05
  0.000000E+00  0.000000E+00  0.000000E+00  0.000000E+00 -5.887981E+05
  0.000000E+00 -2.281744E+04 -5.291456E+05  4.923113E+05  0.000000E+00
  0.000000E+00  0.000000E+00  0.000000E+00  4.530912E+06  3.455510E-01
  7.008418E+03  1.401684E+04  9.000000E+01  9.000000E+01  9.000000E+01
  0.000000E+00  3.375961E+00  3.058898E+12  3.040219E+00 -1.873167E-01
  6.010684E-01 -1.873167E-01  3.046261E+00 -3.555340E-01  6.010684E-01
 -3.555340E-01  4.041401E+00  7.257458E+01  5.496856E+01  5.190678E+01
  8.151201E+02  1.571802E+04  1.677622E+02  0.000000E+00  0.000000E+00
  0.000000E+00  1.677622E+02  0.000000E+00  0.000000E+00  0.000000E+00
  1.609894E+02  9.673620E+03
     51000  1.229748E+01        52
  3.058898E+12  1.000000E+03 -5.924114E+05  8.951746E+04 -6.888012E+05
  0.000000E+00  0.000000E+00  0.000000E+00  0.000000E+00 -5.893064E+05
  0.000000E+00 -2.228164E+04 -5.260038E+05  4.899776E+05  0.000000E+00
  0.000000E+00  0.000000E+00  0.000000E+00  4.647999E+06  2.482874E-02
  6.872275E+03  1.374455E+04  9.000000E+01  9.000000E+01  9.000000E+01
  0.000000E+00  3.230253E+00  3.058898E+12  2.856271E+00 -5.147239E-02
 -6.575343E-01 -5.147239E-02  2.725439E+00  8.898337E-02 -6.575343E-01
  8.898337E-02  4.109050E+00  7.416442E+01  5.629818E+01  5.331246E+01
  8.474526E+02  1.608697E+04  1.691951E+02  0.000000E+00  0.000000E+00
  0.000000E+00  1.691951E+02  0.000000E+00  0.000000E+00  0.000000E+00
  1.623644E+02  9.495299E+03
     52000  1.253860E+01        52
  3.058898E+12  1.000092E+03 -5.925951E+05  8.954926E+04 -6.891604E+05
  0.000000E+00  0.000000E+00  0.000000E+00  0.000000E+00 -5.894898E+05
  0.000000E+00 -2.190128E+04 -5.260468E+05  4.901136E+05  0.000000E+00
  0.000000E+00  0.000000E+00  0.000000E+00  4.670067E+06  6.971160E-02
  7.015968E+03  1.403194E+04  9.000000E+01  9.000000E+01  9.000000E+01
  0.000000E+00  3.172125E+00  3.058898E+12  2.818253E+00 -6.716079E-02
 -5.569204E-01 -6.716079E-02  2.738291E+00 -1.313744E-02 -5.569204E-01
 -1.313744E-02  3.959833E+00  7.518112E+01  5.691754E+01  5.391539E+01
  8.729183E+02  1.617104E+04  1.694624E+02  0.000000E+00  0.000000E+00
  0.000000E+00  1.694624E+02  0.000000E+00  0.000000E+00  0.000000E+00
  1.626209E+02  9.368703E+03
     53000  1.277973E+01        52
  3.058898E+12  1.000978E+03 -5.928959E+05  8.959542E+04 -6.894956E+05
  0.000000E+00  0.000000E+00  0.000000E+00  0.000000E+00 -5.897878E+05
  0.000000E+00 -2.216776E+04 -5.258970E+05  4.897208E+05  0.000000E+00
  0.000000E+00  0.000000E+00  0.000000E+00  4.694404E+06  1.144933E-01
  7.004213E+03  1.400843E+04  9.000000E+01  9.000000E+01  9.000000E+01
  0.000000E+00  3.186216E+00  3.058898E+12  2.673705E+00 -5.512206E-01
 -5.759753E-02 -5.512206E-01  4.429578E+00  2.010890E-01 -5.759753E-02
  2.010890E-01  2.455366E+00  7.694424E+01  5.801576E+01  5.506702E+01
  9.150341E+02  1.624860E+04  1.697563E+02  0.000000E+00  0.000000E+00
  0.000000E+00  1.697563E+02  0.000000E+00  0.000000E+00  0.000000E+00
  1.629029E+02  9.459361E+03
     54000  1.302086E+01        52
  3.058898E+12  1.000000E+03 -5.931640E+05  8.951510E+04 -6.897001E+05
  0.000000E+00  0.000000E+00  0.000000E+00  0.000000E+00 -5.900589E+05
  0.000000E+00 -2.205637E+04 -5.254500E+05  4.893518E+05  0.000000E+00
  0.000000E+00  0.000000E+00  0.000000E+00  4.716873E+06  2.027163E-02
  7.020931E+03  1.404186E+04  9.000000E+01  9.000000E+01  9.000000E+01
  0.000000E+00  3.157915E+00  3.058898E+12  2.691510E+00 -6.500394E-02
 -1.359617E-01 -6.500394E-02  4.101466E+00 -2.389059E-01 -1.359617E-01
 -2.389059E-01  2.680770E+00  7.757419E+01  5.840184E+01  5.541654E+01
  9.246395E+02  1.625791E+04  1.700267E+02  0.000000E+00  0.000000E+00
  0.000000E+00  1.700267E+02  0.000000E+00  0.000000E+00  0.000000E+00
  1.631624E+02  9.420211E+03
     55000  1.326199E+01        52
  3.058898E+12  9.947101E+02 -5.935436E+05  8.858385E+04 -6.892014E+05
  0.000000E+00  0.000000E+00  0.000000E+00  0.000000E+00 -5.904548E+05
  0.000000E+00 -1.949680E+04 -5.190310E+05  4.853863E+05  0.000000E+00
  0.000000E+00  0.000000E+00  0.000000E+00  4.944582E+06  2.984645E+01
  7.073958E+03  1.414792E+04  9.000000E+01  9.000000E+01  9.000000E+01
  0.000000E+00  2.736146E+00  3.058898E+12  3.137457E+00  8.954677E-01
  9.098195E-02  8.954677E-01  3.010574E+00  8.541100E-02  9.098195E-02
  8.541100E-02  2.060408E+00  7.818642E+01  5.905266E+01  5.607331E+01
  9.469345E+02  1.653906E+04  1.727198E+02  0.000000E+00  0.000000E+00
  0.000000E+00  1.727198E+02  0.000000E+00  0.000000E+00  0.000000E+00
  1.657468E+02  8.556081E+03
     56000  1.350311E+01        52
  3.058898E+12  1.000128E+03 -5.937851E+05  8.858647E+04 -6.892813E+05
  0.000000E+00  0.000000E+00  0.000000E+00  0.000000E+00 -5.906794E+05
  0.000000E+00 -2.017919E+04 -5.189781E+05  4.849794E+05  0.000000E+00
  0.000000E+00  0.000000E+00  0.000000E+00  4.966182E+06  9.353399E-02
  6.909738E+03  1.381948E+04  9.000000E+01  9.000000E+01  9.000000E+01
  0.000000E+00  2.800236E+00  3.058898E+12  3.008905E+00  8.801448E-01
  1.139177E-01  8.801448E-01  3.259540E+00  1.386390E-01  1.139177E-01
  1.386390E-01  2.132264E+00  7.900735E+01  5.966296E+01  5.667863E+01
  9.920848E+02  1.665303E+04  1.729710E+02  0.000000E+00  0.000000E+00
  0.000000E+00  1.729710E+02  0.000000E+00  0.000000E+00  0.000000E+00
  1.659878E+02  8.794748E+03
     57000  1.374424E+01        52
  3.058898E+12  1.000000E+03 -5.938050E+05  8.874924E+04 -6.896115E+05
  0.000000E+00  0.000000E+00  0.000000E+00  0.000000E+00 -5.906998E+05
  0.000000E+00 -2.050703E+04 -5.199629E+05  4.853415E+05  0.000000E+00
  0.000000E+00  0.000000E+00  0.000000E+00  4.988598E+06  2.797221E-02
  7.057181E+03  1.411436E+04  9.000000E+01  9.000000E+01  9.000000E+01
  0.000000E+00  2.822208E+00  3.058898E+12  2.922097E+00  7.496694E-01
  5.202686E-02  7.496694E-01  3.340331E+00  8.580377E-02  5.202686E-02
  8.580377E-02  2.204197E+00  8.073463E+01  6.130134E+01  5.834930E+01
  1.069399E+03  1.679797E+04  1.732308E+02  0.000000E+00  0.000000E+00
  0.000000E+00  1.732308E+02  0.000000E+00  0.000000E+00  0.000000E+00
  1.662372E+02  8.903763E+03
     58000  1.398537E+01        52
  3.058898E+12  1.000044E+03 -5.939379E+05  8.892958E+04 -6.899444E+05
  0.000000E+00  0.000000E+00  0.000000E+00  0.000000E+00 -5.908324E+05
  0.000000E+00 -2.105330E+04 -5.207841E+05  4.855769E+05  0.000000E+00
  0.000000E+00  0.000000E+00  0.000000E+00  5.011314E+06  7.491872E-02
  7.076963E+03  1.415393E+04  9.000000E+01  9.000000E+01  9.000000E+01
  0.000000E+00  2.866899E+00  3.058898E+12  2.759356E+00  6.810350E-01
  1.170463E-01  6.810350E-01  3.549026E+00  2.196794E-01  1.170463E-01
  2.196794E-01  2.292314E+00  8.285651E+01  6.324982E+01  6.035536E+01
  1.175262E+03  1.697361E+04  1.734934E+02  0.000000E+00  0.000000E+00
  0.000000E+00  1.734934E+02  0.000000E+00  0.000000E+00  0.000000E+00
  1.664891E+02  9.085944E+03
     59000  1.422649E+01        52
  3.058898E+12  9.997785E+02 -5.940472E+05  8.906716E+04 -6.902272E+05
  0.000000E+00  0.000000E+00  0.000000E+00  0.000000E+00 -5.909426E+05
  0.000000E+00 -2.149298E+04 -5.215194E+05  4.858007E+05  0.000000E+00
  0.000000E+00  0.000000E+00  0.000000E+00  5.034600E+06  3.386606E-01
  7.112824E+03  1.422565E+04  9.000000E+01  9.000000E+01  9.000000E+01
  0.000000E+00  2.899497E+00  3.058898E+12  2.646510E+00  4.745296E-01
  7.589367E-02  4.745296E-01  3.574200E+00  3.390065E-01  7.589367E-02
  3.390065E-01  2.477782E+00  8.508803E+01  6.526818E+01  6.248637E+01
  1.307506E+03  1.717102E+04  1.737617E+02  0.000000E+00  0.000000E+00
  0.000000E+00  1.737617E+02  0.000000E+00  0.000000E+00  0.000000E+00
  1.667466E+02  9.231956E+03
     60000  1.446762E+01        52
  3.058898E+12  1.000000E+03 -5.941450E+05  8.925522E+04 -6.905035E+05
  0.000000E+00  0.000000E+00  0.000000E+00  0.000000E+00 -5.910396E+05
  0.000000E+00 -2.201601E+04 -5.223810E+05  4.861583E+05  0.000000E+00
  0.000000E+00  0.000000E+00  0.000000E+00  5.058238E+06  2.767938E-02
  7.103352E+03  1.420670E+04  9.000000E+01  9.000000E+01  9.000000E+01
  0.000000E+00  2.940591E+00  3.058898E+12  2.748101E+00  5.116194E-02
  3.329440E-01  5.116194E-02  3.239942E+00  1.055915E-01  3.329440E-01
  1.055915E-01  2.833732E+00  8.802160E+01  6.761735E+01  6.478889E+01
  1.454196E+03  1.738133E+04  1.740332E+02  0.000000E+00  0.000000E+00
  0.000000E+00  1.740332E+02  0.000000E+00  0.000000E+00  0.000000E+00
  1.670072E+02  9.406757E+03
     61000  1.470875E+01        52
  3.058898E+12  1.001115E+03 -5.941965E+05  8.921754E+04 -6.906049E+05
  0.000000E+00  0.000000E+00  0.000000E+00  0.000000E+00 -5.910877E+05
  0.000000E+00 -2.189947E+04 -5.219403E+05  4.856591E+05  0.000000E+00
  0.000000E+00  0.000000E+00  0.000000E+00  5.082149E+06  4.082483E-01
  7.190862E+03  1.438172E+04  9.000000E+01  9.000000E+01  9.000000E+01
  0.000000E+00  2.915386E+00  3.058898E+12  2.560800E+00  8.842689E-03
  1.993050E-01  8.842689E-03  3.112809E+00  3.011054E-01  1.993050E-01
  3.011054E-01  3.072550E+00  9.072991E+01  6.970724E+01  6.659626E+01
  1.596984E+03  1.758743E+04  1.743070E+02  0.000000E+00  0.000000E+00
  0.000000E+00  1.743070E+02  0.000000E+00  0.000000E+00  0.000000E+00
  1.672699E+02  9.370215E+03
     62000  1.494987E+01        52
  3.058898E+12  9.999311E+02 -5.949285E+05  8.774856E+04 -6.897434E+05
  0.000000E+00  0.000000E+00  0.000000E+00  0.000000E+00 -5.918231E+05
  0.000000E+00 -1.851975E+04 -5.121195E+05  4.794669E+05  0.000000E+00
  0.000000E+00  0.000000E+00  0.000000E+00  5.458936E+06  2.754475E-01
  7.066401E+03  1.413280E+04  9.000000E+01  9.000000E+01  9.000000E+01
  0.000000E+00  2.387130E+00  3.058898E+12  2.069813E+00  1.362407E-01
 -4.170757E-01  1.362407E-01  2.210359E+00 -3.479928E-01 -4.170757E-01
 -3.479928E-01  2.881218E+00  9.191679E+01  7.002809E+01  6.707447E+01
  1.614427E+03  1.790736E+04  1.785124E+02  0.000000E+00  0.000000E+00
  0.000000E+00  1.785124E+02  0.000000E+00  0.000000E+00  0.000000E+00
  1.713055E+02  8.241193E+03
     63000  1.519100E+01        52
  3.058898E+12  1.000000E+03 -5.951697E+05  8.784519E+04 -6.901089E+05
  0.000000E+00  0.000000E+00  0.000000E+00  0.000000E+00 -5.920641E+05
  0.000000E+00 -1.872571E+04 -5.125374E+05  4.796237E+05  0.000000E+00
  0.000000E+00  0.000000E+00  0.000000E+00  5.481855E+06  3.012840E-02
  7.093983E+03  1.418797E+04  9.000000E+01  9.000000E+01  9.000000E+01
  0.000000E+00  2.396994E+00  3.058898E+12  2.015519E+00  1.430907E-01
 -3.746634E-01  1.430907E-01  2.243050E+00 -3.146058E-01 -3.746634E-01
 -3.146058E-01  2.932413E+00  9.333485E+01  7.071560E+01  6.770376E+01
  1.659988E+03  1.802361E+04  1.787619E+02  0.000000E+00  0.000000E+00
  0.000000E+00  1.787619E+02  0.000000E+00  0.000000E+00  0.000000E+00
  1.715449E+02  8.309990E+03
     64000  1.543213E+01        52
  3.058898E+12  9.999667E+02 -5.952659E+05  8.788862E+04 -6.902764E+05
  0.000000E+00  0.000000E+00  0.000000E+00  0.000000E+00 -5.921604E+05
  0.000000E+00 -1.880272E+04 -5.126121E+05  4.795656E+05  0.000000E+00
  0.000000E+00  0.000000E+00  0.000000E+00  5.505077E+06  9.001562E-02
  7.121894E+03  1.424379E+04  9.000000E+01  9.000000E+01  9.000000E+01
  0.000000E+00  2.394236E+00  3.058898E+12  2.049615E+00 -4.690731E-02
 -2.592191E-01 -4.690731E-02  2.625897E+00  4.450174E-02 -2.592191E-01
  4.450174E-02  2.507197E+00  9.474458E+01  7.186108E+01  6.874626E+01
  1.721848E+03  1.813461E+04  1.790139E+02  0.000000E+00  0.000000E+00
  0.000000E+00  1.790139E+02  0.000000E+00  0.000000E+00  0.000000E+00
  1.717868E+02  8.335592E+03
     65000  1.567326E+01        52
  3.058898E+12  1.002620E+03 -5.953426E+05  8.808538E+04 -6.906047E+05
  0.000000E+00  0.000000E+00  0.000000E+00  0.000000E+00 -5.922288E+05
  0.000000E+00 -1.932169E+04 -5.134247E+05  4.797495E+05  0.000000E+00
  0.000000E+00  0.000000E+00  0.000000E+00  5.528540E+06  3.085989E+00
  7.176796E+03  1.435359E+04  9.000000E+01  9.000000E+01  9.000000E+01
  0.000000E+00  2.435121E+00  3.058898E+12  2.050886E+00 -1.108741E-01
 -1.261944E-01 -1.108741E-01  2.775761E+00  6.581795E-02 -1.261944E-01
  6.581795E-02  2.478716E+00  9.659316E+01  7.337923E+01  7.029417E+01
  1.802722E+03  1.824834E+04  1.792679E+02  0.000000E+00  0.000000E+00
  0.000000E+00  1.792679E+02  0.000000E+00  0.000000E+00  0.000000E+00
  1.720305E+02  8.514067E+03
     66000  1.591438E+01        52
  3.058898E+12  1.000000E+03 -5.957141E+05  8.813437E+04 -6.910036E+05
  0.000000E+00  0.000000E+00  0.000000E+00  0.000000E+00 -5.926084E+05
  0.000000E+00 -1.942052E+04 -5.136973E+05  4.799664E+05  0.000000E+00
  0.000000E+00  0.000000E+00  0.000000E+00  5.551924E+06  2.706817E-02
  7.155200E+03  1.431040E+04  9.000000E+01  9.000000E+01  9.000000E+01
  0.000000E+00  2.432705E+00  3.058898E+12  2.394489E+00 -4.612962E-01
 -5.005604E-01 -4.612962E-01  2.537872E+00  5.425235E-01 -5.005604E-01
  5.425235E-01  2.365753E+00  9.841021E+01  7.498325E+01  7.193499E+01
  1.896420E+03  1.836726E+04  1.795203E+02  0.000000E+00  0.000000E+00
  0.000000E+00  1.795203E+02  0.000000E+00  0.000000E+00  0.000000E+00
  1.722727E+02  8.541594E+03
     67000  1.615551E+01        52
  3.058898E+12  1.010609E+03 -5.954980E+05  8.811225E+04 -6.910968E+05
  0.000000E+00  0.000000E+00  0.000000E+00  0.000000E+00 -5.923594E+05
  0.000000E+00 -1.869240E+04 -5.134458E+05  4.797804E+05  0.000000E+00
  0.000000E+00  0.000000E+00  0.000000E+00  5.575737E+06  2.306705E+01
  7.486531E+03  1.497306E+04  9.000000E+01  9.000000E+01  9.000000E+01
  0.000000E+00  2.359708E+00  3.058898E+12  2.009396E+00 -1.436816E-01
 -2.521081E-01 -1.436816E-01  2.213275E+00  5.110455E-01 -2.521081E-01
  5.110455E-01  2.856452E+00  9.889697E+01  7.566761E+01  7.270314E+01
  1.986226E+03  1.846721E+04  1.797766E+02  0.000000E+00  0.000000E+00
  0.000000E+00  1.797766E+02  0.000000E+00  0.000000E+00  0.000000E+00
  1.725187E+02  8.320828E+03
     68000  1.639664E+01        52
  3.058898E+12  1.000070E+03 -5.960041E+05  8.798601E+04 -6.911491E+05
  0.000000E+00  0.000000E+00  0.000000E+00  0.000000E+00 -5.928982E+05
  0.000000E+00 -1.899112E+04 -5.127195E+05  4.794105E+05  0.000000E+00
  0.000000E+00  0.000000E+00  0.000000E+00  5.599689E+06  6.208457E-01
  7.158973E+03  1.431795E+04  9.000000E+01  9.000000E+01  9.000000E+01
  0.000000E+00  2.371576E+00  3.058898E+12  2.056557E+00 -1.246320E-01
 -2.003296E-01 -1.246320E-01  2.254438E+00  5.208612E-01 -2.003296E-01
  5.208612E-01  2.803735E+00  9.921756E+01  7.612088E+01  7.316774E+01
  2.049406E+03  1.853252E+04  1.800336E+02  0.000000E+00  0.000000E+00
  0.000000E+00  1.800336E+02  0.000000E+00  0.000000E+00  0.000000E+00
  1.727653E+02  8.398603E+03
     69000  1.663776E+01        52
  3.058898E+12  1.000000E+03 -5.961730E+05  8.769107E+04 -6.909848E+05
  0.000000E+00  0.000000E+00  0.000000E+00  0.000000E+00 -5.930673E+05
  0.000000E+00 -1.855911E+04 -5.109118E+05  4.781112E+05  0.000000E+00
  0.000000E+00  0.000000E+00  0.000000E+00  5.669271E+06  2.117988E-02
  7.120753E+03  1.424151E+04  9.000000E+01  9.000000E+01  9.000000E+01
  0.000000E+00  2.302264E+00  3.058899E+12  1.863810E+00 -3.400049E-01
 -2.243399E-01 -3.400049E-01  2.945681E+00  7.196430E-01 -2.243399E-01
  7.196430E-01  2.097301E+00  9.954272E+01  7.631314E+01  7.331375E+01
  2.077187E+03  1.868627E+04  1.807763E+02  0.000000E+00  0.000000E+00
  0.000000E+00  1.807763E+02  0.000000E+00  0.000000E+00  0.000000E+00
  1.734780E+02  8.254455E+03
     70000  1.687889E+01        52
  3.058898E+12  1.000412E+03 -5.962736E+05  8.765361E+04 -6.910717E+05
  0.000000E+00  0.000000E+00  0.000000E+00  0.000000E+00 -5.931666E+05
  0.000000E+00 -1.822603E+04 -5.105512E+05  4.780362E+05  0.000000E+00
  0.000000E+00  0.000000E+00  0.000000E+00  5.692834E+06  1.501999E+00
  7.144456E+03  1.428891E+04  9.000000E+01  9.000000E+01  9.000000E+01
  0.000000E+00  2.262133E+00  3.058899E+12  1.977507E+00 -3.051268E-01
  1.886856E-02 -3.051268E-01  2.670952E+00  4.058014E-01  1.886856E-02
  4.058014E-01  2.137942E+00  1.003728E+02  7.660030E+01  7.357270E+01
  2.102265E+03  1.878543E+04  1.810264E+02  0.000000E+00  0.000000E+00
  0.000000E+00  1.810264E+02  0.000000E+00  0.000000E+00  0.000000E+00
  1.737180E+02  8.144282E+03
     71000  1.712002E+01        52
  3.058898E+12  1.000131E+03 -5.963214E+05  8.766147E+04 -6.911182E+05
  0.000000E+00  0.000000E+00  0.000000E+00  0.000000E+00 -5.932153E+05
  0.000000E+00 -1.832767E+04 -5.105210E+05  4.779226E+05  0.000000E+00
  0.000000E+00  0.000000E+00  0.000000E+00  5.716245E+06  1.682570E-01
  7.135349E+03  1.427070E+04  9.000000E+01  9.000000E+01  9.000000E+01
  0.000000E+00  2.262080E+00  3.058899E+12  1.976194E+00 -4.719638E-02
 -1.407214E-01 -4.719638E-02  2.692716E+00  3.448538E-02 -1.407214E-01
  3.448538E-02  2.117331E+00  1.016809E+02  7.727656E+01  7.420685E+01
  2.152881E+03  1.889831E+04  1.812742E+02  0.000000E+00  0.000000E+00
  0.000000E+00  1.812742E+02  0.000000E+00  0.000000E+00  0.000000E+00
  1.739558E+02  8.177582E+03
     72000  1.736114E+01        52
  3.058898E+12  1.000000E+03 -5.964466E+05  8.760891E+04 -6.911718E+05
  0.000000E+00  0.000000E+00  0.000000E+00  0.000000E+00 -5.933408E+05
  0.000000E+00 -1.828355E+04 -5.102168E+05  4.777005E+05  0.000000E+00
  0.000000E+00  0.000000E+00  0.000000E+00  5.739315E+06  1.873749E-02
  7.116360E+03  1.423272E+04  9.000000E+01  9.000000E+01  9.000000E+01
  0.000000E+00  2.248861E+00  3.058899E+12  2.921885E+00  1.653201E-01
  4.148416E-01  1.653201E-01  1.997955E+00  1.511388E-01  4.148416E-01
  1.511388E-01  1.826743E+00  1.021349E+02  7.768333E+01  7.470632E+01
  2.201794E+03  1.898919E+04  1.815177E+02  0.000000E+00  0.000000E+00
  0.000000E+00  1.815177E+02  0.000000E+00  0.000000E+00  0.000000E+00
  1.741895E+02  8.162603E+03
     73000  1.760227E+01        52
  3.058898E+12  9.998586E+02 -5.964195E+05  8.753987E+04 -6.910853E+05
  0.000000E+00  0.000000E+00  0.000000E+00  0.000000E+00 -5.933142E+05
  0.000000E+00 -1.808887E+04 -5.096811E+05  4.773403E+05  0.000000E+00
  0.000000E+00  0.000000E+00  0.000000E+00  5.762145E+06  9.068820E-02
  7.125932E+03  1.425186E+04  9.000000E+01  9.000000E+01  9.000000E+01
  0.000000E+00  2.222063E+00  3.058899E+12  2.249177E+00  1.982553E-01
  5.928498E-01  1.982553E-01  2.017551E+00  1.642132E-01  5.928498E-01
  1.642132E-01  2.399460E+00  1.023822E+02  7.791316E+01  7.501172E+01
  2.236061E+03  1.903759E+04  1.817581E+02  0.000000E+00  0.000000E+00
  0.000000E+00  1.817581E+02  0.000000E+00  0.000000E+00  0.000000E+00
  1.744202E+02  8.097418E+03
     74000  1.784340E+01        52
  3.058898E+12  1.000063E+03 -5.964325E+05  8.742359E+04 -6.909815E+05
  0.000000E+00  0.000000E+00  0.000000E+00  0.000000E+00 -5.933265E+05
  0.000000E+00 -1.778394E+04 -5.089408E+05  4.769060E+05  0.000000E+00
  0.000000E+00  0.000000E+00  0.000000E+00  5.785673E+06  1.750656E-01
  7.125455E+03  1.425091E+04  9.000000E+01  9.000000E+01  9.000000E+01
  0.000000E+00  2.185363E+00  3.058899E+12  2.224711E+00  2.105296E-01
  6.050605E-01  2.105296E-01  1.944963E+00  2.521999E-01  6.050605E-01
  2.521999E-01  2.386413E+00  1.028544E+02  7.837367E+01  7.546792E+01
  2.281966E+03  1.908638E+04  1.820051E+02  0.000000E+00  0.000000E+00
  0.000000E+00  1.820051E+02  0.000000E+00  0.000000E+00  0.000000E+00
  1.746573E+02  7.996196E+03
     75000  1.808453E+01        52
  3.058898E+12  1.000000E+03 -5.967494E+05  8.693599E+04 -6.907696E+05
  0.000000E+00  0.000000E+00  0.000000E+00  0.000000E+00 -5.936434E+05
  0.000000E+00 -1.718146E+04 -5.053246E+05  4.739748E+05  0.000000E+00
  0.000000E+00  0.000000E+00  0.000000E+00  6.095354E+06  3.042795E-02
  7.084166E+03  1.416833E+04  9.000000E+01  9.000000E+01  9.000000E+01
  0.000000E+00  2.022201E+00  3.058899E+12  1.573166E+00 -5.158393E-02
  2.904567E-02 -5.158393E-02  2.872822E+00  3.843621E-01  2.904567E-02
  3.843621E-01  1.620616E+00  1.036053E+02  7.901992E+01  7.608748E+01
  2.324672E+03  1.938835E+04  1.851962E+02  0.000000E+00  0.000000E+00
  0.000000E+00  1.851962E+02  0.000000E+00  0.000000E+00  0.000000E+00
  1.777195E+02  7.795238E+03
     76000  1.832565E+01        52
  3.058898E+12  1.000099E+03 -5.968755E+05  8.661366E+04 -6.905712E+05
  0.000000E+00  0.000000E+00  0.000000E+00  0.000000E+00 -5.937692E+05
  0.000000E+00 -1.589220E+04 -5.031419E+05  4.730857E+05  0.000000E+00
  0.000000E+00  0.000000E+00  0.000000E+00  6.118228E+06  6.744180E-02
  7.082003E+03  1.416401E+04  9.000000E+01  9.000000E+01  9.000000E+01
  0.000000E+00  1.903627E+00  3.058899E+12  1.436241E+00 -3.586419E-02
  2.192380E-02 -3.586419E-02  2.767056E+00  3.869634E-01  2.192380E-02
  3.869634E-01  1.507583E+00  1.041972E+02  7.955762E+01  7.659215E+01
  2.363066E+03  1.953250E+04  1.854275E+02  0.000000E+00  0.000000E+00
  0.000000E+00  1.854275E+02  0.000000E+00  0.000000E+00  0.000000E+00
  1.779415E+02  7.365691E+03
     77000  1.856678E+01        52
  3.058898E+12  1.000207E+03 -5.969702E+05  8.662957E+04 -6.906835E+05
  0.000000E+00  0.000000E+00  0.000000E+00  0.000000E+00 -5.938635E+05
  0.000000E+00 -1.591352E+04 -5.032687E+05  4.731878E+05  0.000000E+00
  0.000000E+00  0.000000E+00  0.000000E+00  6.141079E+06  1.114745E-01
  7.083708E+03  1.416742E+04  9.000000E+01  9.000000E+01  9.000000E+01
  0.000000E+00  1.898431E+00  3.058899E+12  1.436208E+00 -2.513306E-02
  3.743765E-02 -2.513306E-02  2.709702E+00  4.177884E-01  3.743765E-02
  4.177884E-01  1.549383E+00  1.050668E+02  8.030878E+01  7.744069E+01
  2.434149E+03  1.970912E+04  1.856581E+02  0.000000E+00  0.000000E+00
  0.000000E+00  1.856581E+02  0.000000E+00  0.000000E+00  0.000000E+00
  1.781627E+02  7.373022E+03
     78000  1.880791E+01        52
  3.058898E+12  1.000000E+03 -5.971051E+05  8.667567E+04 -6.908383E+05
  0.000000E+00  0.000000E+00  0.000000E+00  0.000000E+00 -5.939991E+05
  0.000000E+00 -1.608033E+04 -5.034862E+05  4.732909E+05  0.000000E+00
  0.000000E+00  0.000000E+00  0.000000E+00  6.163537E+06  2.104252E-02
  7.057489E+03  1.411498E+04  9.000000E+01  9.000000E+01  9.000000E+01
  0.000000E+00  1.905668E+00  3.058899E+12  1.963552E+00  6.022767E-01
  2.551511E-02  6.022767E-01  2.119996E+00  4.280934E-02  2.551511E-02
  4.280934E-02  1.633458E+00  1.059012E+02  8.107324E+01  7.822805E+01
  2.517332E+03  1.987568E+04  1.858841E+02  0.000000E+00  0.000000E+00
  0.000000E+00  1.858841E+02  0.000000E+00  0.000000E+00  0.000000E+00
  1.783797E+02  7.428196E+03
     79000  1.904903E+01        52
  3.058898E+12  9.999310E+02 -5.971822E+05  8.660706E+04 -6.908563E+05
  0.000000E+00  0.000000E+00  0.000000E+00  0.000000E+00 -5.940763E+05
  0.000000E+00 -1.583518E+04 -5.030437E+05  4.730743E+05  0.000000E+00
  0.000000E+00  0.000000E+00  0.000000E+00  6.186465E+06  5.144943E-02
  7.067067E+03  1.413413E+04  9.000000E+01  9.000000E+01  9.000000E+01
  0.000000E+00  1.877683E+00  3.058899E+12  1.677683E+00  1.516836E-01
  2.481358E-01  1.516836E-01  1.661053E+00 -1.814141E-01  2.481358E-01
 -1.814141E-01  2.294312E+00  1.062091E+02  8.129131E+01  7.851458E+01
  2.558139E+03  1.993549E+04  1.861143E+02  0.000000E+00  0.000000E+00
  0.000000E+00  1.861143E+02  0.000000E+00  0.000000E+00  0.000000E+00
  1.786006E+02  7.346337E+03
     80000  1.929016E+01        52
  3.058898E+12  9.999602E+02 -5.972646E+05  8.652302E+04 -6.908552E+05
  0.000000E+00  0.000000E+00  0.000000E+00  0.000000E+00 -5.941586E+05
  0.000000E+00 -1.559195E+04 -5.024476E+05  4.727203E+05  0.000000E+00
  0.000000E+00  0.000000E+00  0.000000E+00  6.218611E+06  6.931696E-02
  7.067651E+03  1.413530E+04  9.000000E+01  9.000000E+01  9.000000E+01
  0.000000E+00  1.847376E+00  3.058899E+12  2.328004E+00 -5.397798E-01
  4.672708E-01 -5.397798E-01  1.703846E+00 -2.539047E-01  4.672708E-01
 -2.539047E-01  1.510278E+00  1.063994E+02  8.148591E+01  7.865550E+01
  2.590676E+03  1.999316E+04  1.864361E+02  0.000000E+00  0.000000E+00
  0.000000E+00  1.864361E+02  0.000000E+00  0.000000E+00  0.000000E+00
  1.789094E+02  7.265319E+03
     81000  1.953129E+01        52
  3.058898E+12  1.000000E+03 -5.973513E+05  8.654339E+04 -6.909593E+05
  0.000000E+00  0.000000E+00  0.000000E+00  0.000000E+00 -5.942452E+05
  0.000000E+00 -1.572194E+04 -5.024675E+05  4.726163E+05  0.000000E+00
  0.000000E+00  0.000000E+00  0.000000E+00  6.241504E+06  1.850082E-02
  7.064624E+03  1.412925E+04  9.000000E+01  9.000000E+01  9.000000E+01
  0.000000E+00  1.851598E+00  3.058899E+12  2.251448E+00 -5.255601E-01
  4.985350E-01 -5.255601E-01  1.740151E+00 -2.961289E-01  4.985350E-01
 -2.961289E-01  1.563196E+00  1.067477E+02  8.186304E+01  7.903543E+01
  2.638428E+03  2.006360E+04  1.866646E+02  0.000000E+00  0.000000E+00
  0.000000E+00  1.866646E+02  0.000000E+00  0.000000E+00  0.000000E+00
  1.791287E+02  7.308732E+03
     82000  1.977241E+01        52
  3.058898E+12  9.999428E+02 -5.973152E+05  8.650371E+04 -6.908793E+05
  0.000000E+00  0.000000E+00  0.000000E+00  0.000000E+00 -5.942093E+05
  0.000000E+00 -1.563586E+04 -5.021140E+05  4.723574E+05  0.000000E+00
  0.000000E+00  0.000000E+00  0.000000E+00  6.270440E+06  5.509771E-02
  7.060367E+03  1.412073E+04  9.000000E+01  9.000000E+01  9.000000E+01
  0.000000E+00  1.835788E+00  3.058899E+12  1.902958E+00 -4.317405E-01
 -5.066303E-01 -4.317405E-01  1.805711E+00  4.523949E-01 -5.066303E-01
  4.523949E-01  1.798696E+00  1.074819E+02  8.254941E+01  7.972338E+01
  2.700303E+03  2.015298E+04  1.869527E+02  0.000000E+00  0.000000E+00
  0.000000E+00  1.869527E+02  0.000000E+00  0.000000E+00  0.000000E+00
  1.794051E+02  7.279921E+03
     83000  2.001354E+01        52
  3.058898E+12  9.866672E+02 -5.975846E+05  8.500435E+04 -6.896260E+05
  0.000000E+00  0.000000E+00  0.000000E+00  0.000000E+00 -5.945196E+05
  0.000000E+00 -1.178919E+04 -4.924569E+05  4.665938E+05  0.000000E+00
  0.000000E+00  0.000000E+00  0.000000E+00  6.741150E+06  2.425589E+01
  7.036985E+03  1.407397E+04  9.000000E+01  9.000000E+01  9.000000E+01
  0.000000E+00  1.400400E+00  3.058899E+12  1.019020E+00 -1.089537E-01
 -1.805404E-01 -1.089537E-01  1.258978E+00  5.057465E-01 -1.805404E-01
  5.057465E-01  1.923202E+00  1.797518E-03  3.949085E-04  4.866328E-04
  5.439053E-02  5.495278E-02  1.915183E+02  0.000000E+00  0.000000E+00
  0.000000E+00  1.915183E+02  0.000000E+00  0.000000E+00  0.000000E+00
  1.837864E+02  5.970244E+03
     84000  2.025467E+01        52
  3.058899E+12  3.210393E+01 -5.980911E+05  7.650693E+04 -6.809200E+05
  0.000000E+00  0.000000E+00  0.000000E+00  0.000000E+00 -5.979849E+05
  0.000000E+00  7.288568E+03 -4.367713E+05  4.314159E+05  0.000000E+00
  0.000000E+00  0.000000E+00  0.000000E+00  1.047905E+07  6.062808E+01
  6.321958E+03  1.264392E+04  9.000000E+01  9.000000E+01  9.000000E+01
  0.000000E+00 -3.565821E-01  3.058900E+12 -3.771284E-01 -2.687484E-03
  1.018504E-02 -2.687484E-03 -3.460136E-01 -3.751185E-02  1.018504E-02
 -3.751185E-02 -3.466043E-01  3.326086E-01  1.435181E-01  1.662463E-01
  9.974579E+00  1.291842E+02  2.218569E+02  0.000000E+00  0.000000E+00
  0.000000E+00  2.218569E+02  0.000000E+00  0.000000E+00  0.000000E+00
  2.129001E+02 -2.363129E+03
     85000  2.049579E+01        52
  3.058899E+12  4.893578E-01 -5.984159E+05  7.810603E+04 -6.827861E+05
  0.000000E+00  0.000000E+00  0.000000E+00  0.000000E+00 -5.984078E+05
  0.000000E+00  2.809171E+03 -4.459648E+05  4.362456E+05  0.000000E+00
