title: # Li56 La24 Zr16 O96                                                    
energy unitS: electron Volts
         0  0.000000E+00        52
 -5.376408E+05  1.000000E+03 -5.407429E+05  6.307024E+04 -6.038132E+05
  0.000000E+00  0.000000E+00  0.000000E+00  0.000000E+00 -5.376406E+05
  0.000000E+00  1.563293E+05 -4.473454E+05  6.036747E+05  0.000000E+00
  0.000000E+00  0.000000E+00  0.000000E+00  2.781571E+05  0.000000E+00
  0.000000E+00  0.000000E+00  9.000000E+01  9.000000E+01  9.000000E+01
  0.000000E+00 -2.844695E+02  0.000000E+00 -2.978421E+02 -4.015485E-02
  4.105647E-03 -4.015485E-02 -2.977910E+02  6.980197E-02  4.105647E-03
  6.980197E-02 -2.577755E+02  0.000000E+00  0.000000E+00  0.000000E+00
  0.000000E+00  0.000000E+00  6.618035E+01  0.000000E+00  0.000000E+00
  0.000000E+00  6.618035E+01  0.000000E+00  0.000000E+00  0.000000E+00
  6.350853E+01 -5.004168E+04
      1000  1.162840E-01        52
 -5.682711E+05  1.000873E+03 -5.713763E+05  1.111522E+05 -6.869946E+05
  0.000000E+00  0.000000E+00  0.000000E+00  0.000000E+00 -5.682713E+05
  0.000000E+00  1.012648E+04 -6.855514E+05  6.867457E+05  0.000000E+00
  0.000000E+00  0.000000E+00  0.000000E+00  2.776173E+05  1.371357E+00
  4.466089E+03  8.932177E+03  9.000000E+01  9.000000E+01  9.000000E+01
  0.000000E+00 -7.436308E+00  2.791998E-01 -3.938757E+01 -1.757563E-01
 -3.917519E-01 -1.757563E-01 -4.159681E+01  1.541411E+00 -3.917519E-01
  1.541411E+00  5.867546E+01  1.300759E+00  4.103232E-02  6.636564E-02
  5.516572E-01  6.072355E-01  6.613751E+01  0.000000E+00  0.000000E+00
  0.000000E+00  6.613751E+01  0.000000E+00  0.000000E+00  0.000000E+00
  6.346742E+01 -1.305599E+03
      2000  2.325680E-01        52
 -5.699317E+05  9.999705E+02 -5.730340E+05  1.138461E+05 -6.924377E+05
  0.000000E+00  0.000000E+00  0.000000E+00  0.000000E+00 -5.699318E+05
  0.000000E+00  4.092131E+03 -6.991946E+05  6.921717E+05  0.000000E+00
  0.000000E+00  0.000000E+00  0.000000E+00  2.776028E+05  2.600628E+00
  5.557511E+03  1.111502E+04  9.000000E+01  9.000000E+01  9.000000E+01
  0.000000E+00  4.009880E+00  2.795876E-01 -1.058536E+01 -2.060314E-02
 -5.666434E-01 -2.060314E-02 -1.131361E+01  5.016973E-01 -5.666434E-01
  5.016973E-01  3.392861E+01  1.782413E+00  4.190287E-01  3.965168E-01
  1.083098E+00  1.114838E+00  6.613636E+01  0.000000E+00  0.000000E+00
  0.000000E+00  6.613636E+01  0.000000E+00  0.000000E+00  0.000000E+00
  6.346632E+01  7.039816E+02
      3000  3.488520E-01        52
  7.779982E+11  1.000000E+03 -5.628310E+05  9.494932E+04 -6.747108E+05
  0.000000E+00  0.000000E+00  0.000000E+00  0.000000E+00 -5.597286E+05
  0.000000E+00  1.264956E+05 -5.816538E+05  6.742884E+05  0.000000E+00
  0.000000E+00  0.000000E+00  0.000000E+00  3.122231E+05  4.133564E-02
  1.693051E+04  3.386102E+04  9.000000E+01  9.000000E+01  9.000000E+01
  0.000000E+00 -2.030682E+02  7.779988E+11 -1.813899E+02  2.055608E+01
  1.395284E+01  2.055608E+01 -2.551421E+02  1.115499E+01  1.395284E+01
  1.115499E+01 -1.726727E+02  2.186728E+00  7.262055E-01  7.121590E-01
  1.536556E+00  4.773463E+02  6.877870E+01  0.000000E+00  0.000000E+00
  0.000000E+00  6.877870E+01  0.000000E+00  0.000000E+00  0.000000E+00
  6.600198E+01 -4.009710E+04
      4000  4.651360E-01        52
  1.773178E+12  1.261865E+03 -5.090180E+05  8.322771E+04 -6.373340E+05
  0.000000E+00  0.000000E+00  0.000000E+00  0.000000E+00 -5.051032E+05
  0.000000E+00  2.505695E+05 -4.732337E+05  6.336267E+05  0.000000E+00
  0.000000E+00  0.000000E+00  0.000000E+00  5.488174E+05  5.234029E+02
  4.508824E+04  9.017648E+04  9.000000E+01  9.000000E+01  9.000000E+01
  0.000000E+00 -2.331241E+02  1.773178E+12 -2.292186E+02 -7.826459E+01
  6.544908E+01 -7.826459E+01 -2.514308E+02  7.531511E+01  6.544908E+01
  7.531511E+01 -2.187228E+02  3.051729E+00  7.850261E-01  7.282077E-01
  2.232368E+00  3.324540E+03  8.300577E+01  0.000000E+00  0.000000E+00
  0.000000E+00  8.300577E+01  0.000000E+00  0.000000E+00  0.000000E+00
  7.965468E+01 -8.091351E+04
      5000  5.814200E-01        52
  1.773178E+12  1.019490E+03 -5.564598E+05  9.803204E+04 -6.614013E+05
  0.000000E+00  0.000000E+00  0.000000E+00  0.000000E+00 -5.532969E+05
  0.000000E+00  1.044622E+05 -5.670401E+05  6.576834E+05  0.000000E+00
  0.000000E+00  0.000000E+00  0.000000E+00  5.471317E+05  5.472459E+01
  6.909469E+03  1.381894E+04  9.000000E+01  9.000000E+01  9.000000E+01
  0.000000E+00 -9.453958E+01  1.773178E+12 -9.614492E+01  3.495021E+00
  2.868565E+00  3.495021E+00 -9.743208E+01  1.232993E+00  2.868565E+00
  1.232993E+00 -9.004175E+01  3.819419E+00  1.071453E+00  9.081548E-01
  3.649126E+00  3.334666E+03  8.292070E+01  0.000000E+00  0.000000E+00
  0.000000E+00  8.292070E+01  0.000000E+00  0.000000E+00  0.000000E+00
  7.957304E+01 -3.271234E+04
      6000  6.977040E-01        52
  1.773178E+12  1.000000E+03 -5.621338E+05  1.083328E+05 -6.770068E+05
  0.000000E+00  0.000000E+00  0.000000E+00  0.000000E+00 -5.590313E+05
  0.000000E+00  5.429591E+04 -6.321454E+05  6.733609E+05  0.000000E+00
  0.000000E+00  0.000000E+00  0.000000E+00  5.454801E+05  3.217138E-02
  6.540224E+03  1.308045E+04  9.000000E+01  9.000000E+01  9.000000E+01
  0.000000E+00 -4.646902E+01  1.773178E+12 -4.605574E+01  1.092177E+00
  3.030017E-01  1.092177E+00 -4.697228E+01  4.442364E-01  3.030017E-01
  4.442364E-01 -4.637904E+01  4.624460E+00  1.786709E+00  1.390879E+00
  5.848745E+00  3.337749E+03  8.283718E+01  0.000000E+00  0.000000E+00
  0.000000E+00  8.283718E+01  0.000000E+00  0.000000E+00  0.000000E+00
  7.949289E+01 -1.603055E+04
      7000  8.139880E-01        52
  1.773390E+12  1.117060E+03 -5.449046E+05  1.078272E+05 -6.773677E+05
  0.000000E+00  0.000000E+00  0.000000E+00  0.000000E+00 -5.414389E+05
  0.000000E+00  9.214101E+04 -6.305657E+05  6.734348E+05  0.000000E+00
  0.000000E+00  0.000000E+00  0.000000E+00  5.587455E+05  2.390124E+02
  2.463599E+04  4.927197E+04  9.000000E+01  9.000000E+01  9.000000E+01
  0.000000E+00 -8.038067E+01  1.773390E+12 -9.037925E+01 -2.021421E+01
 -3.818740E+01 -2.021421E+01 -6.245102E+01 -2.035910E+01 -3.818740E+01
 -2.035910E+01 -8.831175E+01  4.894115E+00  2.089855E+00  1.571874E+00
  6.916045E+00  3.430866E+03  8.350331E+01  0.000000E+00  0.000000E+00
  0.000000E+00  8.350331E+01  0.000000E+00  0.000000E+00  0.000000E+00
  8.013213E+01 -2.840349E+04
      8000  9.302720E-01        52
  2.782324E+12  1.277754E+03 -5.614223E+05  1.057253E+05 -6.732696E+05
  0.000000E+00  0.000000E+00  0.000000E+00  0.000000E+00 -5.574582E+05
  0.000000E+00  6.399773E+04 -6.162177E+05  6.679715E+05  0.000000E+00
  0.000000E+00  0.000000E+00  0.000000E+00  6.113120E+05  5.082814E+02
  6.121974E+03  1.224395E+04  9.000000E+01  9.000000E+01  9.000000E+01
  0.000000E+00 -4.834393E+01  2.782325E+12 -5.268711E+01 -1.796521E+00
  3.178019E+00 -1.796521E+00 -4.701106E+01 -2.379245E+00  3.178019E+00
 -2.379245E+00 -4.533362E+01  5.269790E+00  2.304852E+00  1.751368E+00
  7.885315E+00  3.823053E+03  8.604388E+01  0.000000E+00  0.000000E+00
  0.000000E+00  8.604388E+01  0.000000E+00  0.000000E+00  0.000000E+00
  8.257013E+01 -1.869007E+04
      9000  1.046556E+00        52
  2.782324E+12  1.000000E+03 -5.612845E+05  1.064178E+05 -6.735856E+05
  0.000000E+00  0.000000E+00  0.000000E+00  0.000000E+00 -5.581819E+05
  0.000000E+00  5.811267E+04 -6.198310E+05  6.661770E+05  0.000000E+00
  0.000000E+00  0.000000E+00  0.000000E+00  6.767864E+05  3.218705E-02
  5.883368E+03  1.176674E+04  9.000000E+01  9.000000E+01  9.000000E+01
  0.000000E+00 -4.042582E+01  2.782325E+12 -3.473383E+01  9.119185E-01
  2.704143E+00  9.119185E-01 -4.198072E+01  3.625151E-01  2.704143E+00
  3.625151E-01 -4.456290E+01  5.923896E+00  2.827925E+00  2.171063E+00
  9.719432E+00  4.221053E+03  8.901220E+01  0.000000E+00  0.000000E+00
  0.000000E+00  8.901220E+01  0.000000E+00  0.000000E+00  0.000000E+00
  8.541862E+01 -1.730280E+04
     10000  1.162840E+00        52
  2.782324E+12  1.001456E+03 -5.626277E+05  1.089007E+05 -6.782570E+05
  0.000000E+00  0.000000E+00  0.000000E+00  0.000000E+00 -5.595206E+05
  0.000000E+00  4.731215E+04 -6.367704E+05  6.706255E+05  0.000000E+00
  0.000000E+00  0.000000E+00  0.000000E+00  6.814212E+05  3.556088E+00
  6.728525E+03  1.345705E+04  9.000000E+01  9.000000E+01  9.000000E+01
  0.000000E+00 -3.178973E+01  2.782325E+12 -2.449194E+01 -4.845566E+00
  1.939321E+00 -4.845566E+00 -3.300745E+01 -1.005824E+00  1.939321E+00
 -1.005824E+00 -3.786980E+01  6.539764E+00  3.644588E+00  2.742559E+00
  1.239077E+01  4.245058E+03  8.921493E+01  0.000000E+00  0.000000E+00
  0.000000E+00  8.921493E+01  0.000000E+00  0.000000E+00  0.000000E+00
  8.561316E+01 -1.369962E+04
     11000  1.279124E+00        52
  2.783836E+12  9.987246E+02 -5.627890E+05  1.097059E+05 -6.790943E+05
  0.000000E+00  0.000000E+00  0.000000E+00  0.000000E+00 -5.596904E+05
  0.000000E+00  4.320921E+04 -6.413388E+05  6.713493E+05  0.000000E+00
  0.000000E+00  0.000000E+00  0.000000E+00  6.843281E+05  4.180586E+00
  6.599332E+03  1.319866E+04  9.000000E+01  9.000000E+01  9.000000E+01
  0.000000E+00 -2.850762E+01  2.783837E+12 -2.786002E+01  2.252469E+00
  1.521280E+00  2.252469E+00 -2.636228E+01  1.109594E+00  1.521280E+00
  1.109594E+00 -3.130057E+01  7.156770E+00  3.843456E+00  2.898396E+00
  1.331567E+01  4.255124E+03  8.934161E+01  0.000000E+00  0.000000E+00
  0.000000E+00  8.934161E+01  0.000000E+00  0.000000E+00  0.000000E+00
  8.573473E+01 -1.233762E+04
     12000  1.395408E+00        52
  2.783836E+12  1.000000E+03 -5.277219E+05  1.114710E+05 -6.825138E+05
  0.000000E+00  0.000000E+00  0.000000E+00  0.000000E+00 -5.246194E+05
  0.000000E+00  1.084200E+05 -6.529691E+05  6.747474E+05  0.000000E+00
  0.000000E+00  0.000000E+00  0.000000E+00  6.834299E+05  6.668662E-02
  4.332089E+04  8.664178E+04  9.000000E+01  9.000000E+01  9.000000E+01
  0.000000E+00 -7.883092E+01  2.783837E+12 -9.292946E+01 -6.414572E+01
 -4.248510E+01 -6.414572E+01 -8.721276E+01 -4.103419E+01 -4.248510E+01
 -4.103419E+01 -5.635055E+01  8.490658E+00  4.687063E+00  3.563234E+00
  1.663497E+01  4.257966E+03  8.930251E+01  0.000000E+00  0.000000E+00
  0.000000E+00  8.930251E+01  0.000000E+00  0.000000E+00  0.000000E+00
  8.569721E+01 -3.407192E+04
     13000  1.511692E+00        52
  2.783852E+12  1.008461E+03 -5.630861E+05  1.115447E+05 -6.827899E+05
  0.000000E+00  0.000000E+00  0.000000E+00  0.000000E+00 -5.599573E+05
  0.000000E+00  3.754176E+04 -6.537173E+05  6.749408E+05  0.000000E+00
  0.000000E+00  0.000000E+00  0.000000E+00  6.854782E+05  1.752147E+01
  8.159131E+03  1.631826E+04  9.000000E+01  9.000000E+01  9.000000E+01
  0.000000E+00 -2.405555E+01  2.783852E+12 -2.342470E+01 -4.650718E-01
  4.583951E+00 -4.650718E-01 -2.688907E+01  6.526171E-01  4.583951E+00
  6.526171E-01 -2.185289E+01  8.643874E+00  4.892792E+00  3.724480E+00
  1.786232E+01  4.309030E+03  8.939163E+01  0.000000E+00  0.000000E+00
  0.000000E+00  8.939163E+01  0.000000E+00  0.000000E+00  0.000000E+00
  8.578273E+01 -1.042834E+04
     14000  1.627976E+00        52
  2.783852E+12  1.001229E+03 -5.648051E+05  1.113256E+05 -6.828998E+05
  0.000000E+00  0.000000E+00  0.000000E+00  0.000000E+00 -5.616988E+05
  0.000000E+00  3.493969E+04 -6.531654E+05  6.745671E+05  0.000000E+00
  0.000000E+00  0.000000E+00  0.000000E+00  6.979042E+05  3.228498E+00
  6.769013E+03  1.353803E+04  9.000000E+01  9.000000E+01  9.000000E+01
  0.000000E+00 -2.169599E+01  2.783852E+12 -2.245714E+01  2.231892E+00
  1.564261E+00  2.231892E+00 -1.812878E+01  3.192026E+00  1.564261E+00
  3.192026E+00 -2.450204E+01  8.858870E+00  5.134981E+00  3.939557E+00
  2.022865E+01  4.372629E+03  8.992855E+01  0.000000E+00  0.000000E+00
  0.000000E+00  8.992855E+01  0.000000E+00  0.000000E+00  0.000000E+00
  8.629797E+01 -9.575936E+03
     15000  1.744260E+00        52
  2.783852E+12  1.000000E+03 -5.653413E+05  1.107896E+05 -6.829890E+05
  0.000000E+00  0.000000E+00  0.000000E+00  0.000000E+00 -5.622388E+05
  0.000000E+00  3.701331E+04 -6.511277E+05  6.744249E+05  0.000000E+00
  0.000000E+00  0.000000E+00  0.000000E+00  7.041548E+05  2.419038E-02
  6.858060E+03  1.371612E+04  9.000000E+01  9.000000E+01  9.000000E+01
  0.000000E+00 -2.306125E+01  2.783852E+12 -2.364886E+01  4.096824E+00
 -4.460229E-01  4.096824E+00 -1.698814E+01 -1.122279E-01 -4.460229E-01
 -1.122279E-01 -2.854677E+01  9.187380E+00  5.499973E+00  4.246635E+00
  2.311783E+01  4.417185E+03  9.019623E+01  0.000000E+00  0.000000E+00
  0.000000E+00  9.019623E+01  0.000000E+00  0.000000E+00  0.000000E+00
  8.655484E+01 -1.026968E+04
     16000  1.860544E+00        52
  2.783854E+12  1.019439E+03 -5.625894E+05  1.116917E+05 -6.839934E+05
  0.000000E+00  0.000000E+00  0.000000E+00  0.000000E+00 -5.594265E+05
  0.000000E+00  3.864139E+04 -6.561829E+05  6.753998E+05  0.000000E+00
  0.000000E+00  0.000000E+00  0.000000E+00  7.046067E+05  3.898822E+01
  9.712231E+03  1.942446E+04  9.000000E+01  9.000000E+01  9.000000E+01
  0.000000E+00 -2.417412E+01  2.783855E+12 -2.329814E+01  3.346759E+00
 -1.856986E-01  3.346759E+00 -2.256907E+01  2.122282E+00 -1.856986E-01
  2.122282E+00 -2.665516E+01  9.386022E+00  5.721280E+00  4.429145E+00
  2.532845E+01  4.424804E+03  9.021552E+01  0.000000E+00  0.000000E+00
  0.000000E+00  9.021552E+01  0.000000E+00  0.000000E+00  0.000000E+00
  8.657336E+01 -1.077218E+04
     17000  1.976828E+00        52
  2.783854E+12  1.000474E+03 -5.647042E+05  1.093072E+05 -6.799478E+05
  0.000000E+00  0.000000E+00  0.000000E+00  0.000000E+00 -5.616001E+05
  0.000000E+00  4.147542E+04 -6.400476E+05  6.696503E+05  0.000000E+00
  0.000000E+00  0.000000E+00  0.000000E+00  7.515151E+05  8.795504E-01
  5.936359E+03  1.187272E+04  9.000000E+01  9.000000E+01  9.000000E+01
  0.000000E+00 -2.473537E+01  2.783855E+12 -1.949551E+01 -4.878442E-01
  5.413592E+00 -4.878442E-01 -2.674138E+01 -3.965729E-02  5.413592E+00
 -3.965729E-02 -2.796923E+01  9.616441E+00  5.880096E+00  4.575691E+00
  2.670940E+01  4.857008E+03  9.217467E+01  0.000000E+00  0.000000E+00
  0.000000E+00  9.217467E+01  0.000000E+00  0.000000E+00  0.000000E+00
  8.845341E+01 -1.175607E+04
     18000  2.093112E+00        52
  2.783854E+12  1.000000E+03 -5.631070E+05  1.113717E+05 -6.832676E+05
  0.000000E+00  0.000000E+00  0.000000E+00  0.000000E+00 -5.600044E+05
  0.000000E+00  3.532642E+04 -6.550229E+05  6.727714E+05  0.000000E+00
  0.000000E+00  0.000000E+00  0.000000E+00  7.505905E+05  2.586114E-02
  8.788965E+03  1.757793E+04  9.000000E+01  9.000000E+01  9.000000E+01
  0.000000E+00 -2.045000E+01  2.783855E+12 -2.029651E+01  5.985440E+00
 -2.528301E-01  5.985440E+00 -1.681628E+01 -4.023406E+00 -2.528301E-01
 -4.023406E+00 -2.423721E+01  1.020496E+01  6.601996E+00  5.180117E+00
  3.125086E+01  4.914961E+03  9.213685E+01  0.000000E+00  0.000000E+00
  0.000000E+00  9.213685E+01  0.000000E+00  0.000000E+00  0.000000E+00
  8.841712E+01 -9.707387E+03
     19000  2.209396E+00        52
  2.783855E+12  1.428263E+03 -4.950007E+05  7.059904E+04 -6.339377E+05
  0.000000E+00  0.000000E+00  0.000000E+00  0.000000E+00 -4.905694E+05
  0.000000E+00  3.090190E+05 -4.383238E+05  6.106667E+05  0.000000E+00
  0.000000E+00  0.000000E+00  0.000000E+00  1.021421E+06  8.596041E+02
  6.833802E+04  1.366760E+05  9.000000E+01  9.000000E+01  9.000000E+01
  0.000000E+00 -1.548878E+02  2.783855E+12 -1.567649E+02  6.669421E+01
  4.884331E+01  6.669421E+01 -1.761195E+02 -4.643909E+01  4.884331E+01
 -4.643909E+01 -1.317790E+02  1.058657E+01  6.875753E+00  5.460353E+00
  3.275916E+01  6.854093E+03  1.021019E+02  0.000000E+00  0.000000E+00
  0.000000E+00  1.021019E+02  0.000000E+00  0.000000E+00  0.000000E+00
  9.797990E+01 -1.000526E+05
     20000  2.325680E+00        52
  2.783854E+12  1.004486E+03 -5.608865E+05  1.008590E+05 -6.684135E+05
  0.000000E+00  0.000000E+00  0.000000E+00  0.000000E+00 -5.577698E+05
  0.000000E+00  6.621421E+04 -5.918063E+05  6.446845E+05  0.000000E+00
  0.000000E+00  0.000000E+00  0.000000E+00  1.018111E+06  9.549565E+00
  6.667993E+03  1.333599E+04  9.000000E+01  9.000000E+01  9.000000E+01
  0.000000E+00 -3.105271E+01  2.783855E+12 -3.027460E+01  3.107307E-01
 -9.094069E-01  3.107307E-01 -2.778118E+01 -5.947818E-01 -9.094069E-01
 -5.947818E-01 -3.510235E+01  1.140153E+01  7.540348E+00  6.095290E+00
  3.508356E+01  6.917939E+03  1.019915E+02  0.000000E+00  0.000000E+00
  0.000000E+00  1.019915E+02  0.000000E+00  0.000000E+00  0.000000E+00
  9.787393E+01 -1.999404E+04
     21000  2.441964E+00        52
  2.783855E+12  1.000000E+03 -5.602336E+05  1.027345E+05 -6.687698E+05
  0.000000E+00  0.000000E+00  0.000000E+00  0.000000E+00 -5.571307E+05
  0.000000E+00  4.797822E+04 -6.015986E+05  6.379734E+05  0.000000E+00
  0.000000E+00  0.000000E+00  0.000000E+00  1.136685E+06  3.291664E-02
  5.801713E+03  1.160343E+04  9.000000E+01  9.000000E+01  9.000000E+01
  0.000000E+00 -1.937038E+01  2.783856E+12 -1.750299E+01  1.382760E+00
 -1.094209E+00  1.382760E+00 -1.797784E+01 -3.166095E-01 -1.094209E+00
 -3.166095E-01 -2.263032E+01  1.204635E+01  8.032483E+00  6.565546E+00
  3.703488E+01  7.401185E+03  1.058065E+02  0.000000E+00  0.000000E+00
  0.000000E+00  1.058065E+02  0.000000E+00  0.000000E+00  0.000000E+00
  1.015349E+02 -1.392465E+04
     22000  2.558248E+00        52
  2.783856E+12  9.999358E+02 -5.613628E+05  1.078816E+05 -6.758595E+05
  0.000000E+00  0.000000E+00  0.000000E+00  0.000000E+00 -5.582601E+05
  0.000000E+00  2.942870E+04 -6.280488E+05  6.442473E+05  0.000000E+00
  0.000000E+00  0.000000E+00  0.000000E+00  1.135356E+06  1.127332E+00
  6.615119E+03  1.323024E+04  9.000000E+01  9.000000E+01  9.000000E+01
  0.000000E+00 -1.078185E+01  2.783856E+12 -1.107394E+01 -1.458421E-01
 -2.704760E-01 -1.458421E-01 -9.674667E+00 -2.196049E+00 -2.704760E-01
 -2.196049E+00 -1.159694E+01  1.304968E+01  8.739652E+00  7.139501E+00
  3.936089E+01  7.411983E+03  1.057653E+02  0.000000E+00  0.000000E+00
  0.000000E+00  1.057653E+02  0.000000E+00  0.000000E+00  0.000000E+00
  1.014953E+02 -7.741613E+03
     23000  2.674532E+00        52
  2.783856E+12  1.004830E+03 -5.629080E+05  1.099433E+05 -6.798221E+05
  0.000000E+00  0.000000E+00  0.000000E+00  0.000000E+00 -5.597902E+05
  0.000000E+00  1.994373E+04 -6.416216E+05  6.476238E+05  0.000000E+00
  0.000000E+00  0.000000E+00  0.000000E+00  1.134787E+06  7.128022E+00
  6.970781E+03  1.394156E+04  9.000000E+01  9.000000E+01  9.000000E+01
  0.000000E+00 -6.367667E+00  2.783856E+12 -9.314634E-01 -9.428037E-01
  9.102477E-03 -9.428037E-01 -7.920991E+00 -2.597443E-02  9.102477E-03
 -2.597443E-02 -1.025055E+01  1.592019E+01  9.363609E+00  7.657340E+00
  4.137293E+01  7.416916E+03  1.057476E+02  0.000000E+00  0.000000E+00
  0.000000E+00  1.057476E+02  0.000000E+00  0.000000E+00  0.000000E+00
  1.014783E+02 -4.569835E+03
     24000  2.790816E+00        52
  2.783856E+12  1.000000E+03 -5.640199E+05  1.117869E+05 -6.829015E+05
  0.000000E+00  0.000000E+00  0.000000E+00  0.000000E+00 -5.609171E+05
  0.000000E+00  1.140870E+04 -6.529797E+05  6.501990E+05  0.000000E+00
  0.000000E+00  0.000000E+00  0.000000E+00  1.134331E+06  2.274945E-02
  7.094712E+03  1.418942E+04  9.000000E+01  9.000000E+01  9.000000E+01
  0.000000E+00 -2.418283E+00  2.783856E+12 -2.810721E+00  1.029246E+00
 -2.064142E+00  1.029246E+00 -2.562240E+00 -2.741407E+00 -2.064142E+00
 -2.741407E+00 -1.881888E+00  1.668678E+01  1.006400E+01  8.283486E+00
  4.656059E+01  7.423125E+03  1.057334E+02  0.000000E+00  0.000000E+00
  0.000000E+00  1.057334E+02  0.000000E+00  0.000000E+00  0.000000E+00
  1.014648E+02 -1.734815E+03
     25000  2.907100E+00        52
  2.783856E+12  1.000210E+03 -5.642389E+05  1.100778E+05 -6.811121E+05
  0.000000E+00  0.000000E+00  0.000000E+00  0.000000E+00 -5.611354E+05
  0.000000E+00  1.076247E+04 -6.455137E+05  6.426853E+05  0.000000E+00
  0.000000E+00  0.000000E+00  0.000000E+00  1.219833E+06  2.232701E-01
  6.795446E+03  1.359089E+04  9.000000E+01  9.000000E+01  9.000000E+01
  0.000000E+00 -1.968986E+00  2.783856E+12  8.260141E-01 -2.539664E+00
 -1.962155E+00 -2.539664E+00 -1.559658E+00  1.582014E+00 -1.962155E+00
  1.582014E+00 -5.173315E+00  1.745459E+01  1.076518E+01  8.952833E+00
  5.158303E+01  7.671350E+03  1.083259E+02  0.000000E+00  0.000000E+00
  0.000000E+00  1.083259E+02  0.000000E+00  0.000000E+00  0.000000E+00
  1.039526E+02 -1.518969E+03
     26000  3.023384E+00        52
  2.783856E+12  1.011417E+03 -5.643392E+05  1.045536E+05 -6.767286E+05
  0.000000E+00  0.000000E+00  0.000000E+00  0.000000E+00 -5.612008E+05
  0.000000E+00  3.517763E+04 -6.138528E+05  6.333587E+05  0.000000E+00
  0.000000E+00  0.000000E+00  0.000000E+00  1.288983E+06  1.728995E+01
  7.835862E+03  1.567172E+04  9.000000E+01  9.000000E+01  9.000000E+01
  0.000000E+00 -1.181847E+01  2.783856E+12 -1.170945E+01 -4.422637E-02
  2.354487E+00 -4.422637E-02 -1.359929E+01  4.074663E-01  2.354487E+00
  4.074663E-01 -1.014668E+01  1.822864E+01  1.152592E+01  9.552921E+00
  5.719742E+01  7.899597E+03  1.103354E+02  0.000000E+00  0.000000E+00
  0.000000E+00  1.103354E+02  0.000000E+00  0.000000E+00  0.000000E+00
  1.058809E+02 -9.634180E+03
     27000  3.139668E+00        52
  2.783856E+12  1.000000E+03 -5.651524E+05  1.096967E+05 -6.814523E+05
  0.000000E+00  0.000000E+00  0.000000E+00  0.000000E+00 -5.620495E+05
  0.000000E+00  7.276900E+03 -6.427920E+05  6.368625E+05  0.000000E+00
  0.000000E+00  0.000000E+00  0.000000E+00  1.301591E+06  2.594716E-02
  6.603187E+03  1.320637E+04  9.000000E+01  9.000000E+01  9.000000E+01
  0.000000E+00 -4.343627E-01  2.783856E+12  1.722978E+00 -1.783548E+00
  1.948685E+00 -1.783548E+00 -6.042310E-02 -1.304153E+00  1.948685E+00
 -1.304153E+00 -2.965643E+00  1.865110E+01  1.188960E+01  9.936888E+00
  6.037074E+01  8.024730E+03  1.106939E+02  0.000000E+00  0.000000E+00
  0.000000E+00  1.106939E+02  0.000000E+00  0.000000E+00  0.000000E+00
  1.062250E+02 -3.575469E+02
     28000  3.255952E+00        52
  2.783856E+12  1.000677E+03 -5.656932E+05  1.120003E+05 -6.850289E+05
  0.000000E+00  0.000000E+00  0.000000E+00  0.000000E+00 -5.625882E+05
  0.000000E+00 -2.772872E+03 -6.567503E+05  6.393065E+05  0.000000E+00
  0.000000E+00  0.000000E+00  0.000000E+00  1.301596E+06  8.537352E-01
  7.335453E+03  1.467091E+04  9.000000E+01  9.000000E+01  9.000000E+01
  0.000000E+00  3.636949E+00  2.783856E+12  6.173322E+00  5.653833E-01
  1.126318E+00  5.653833E-01  3.871994E+00  4.559563E-01  1.126318E+00
  4.559563E-01  8.655294E-01  1.973678E+01  1.297405E+01  1.092105E+01
  6.789075E+01  8.040905E+03  1.106941E+02  0.000000E+00  0.000000E+00
  0.000000E+00  1.106941E+02  0.000000E+00  0.000000E+00  0.000000E+00
  1.062252E+02  2.993778E+03
     29000  3.372236E+00        52
  2.783856E+12  1.000887E+03 -5.664029E+05  1.120961E+05 -6.857969E+05
  0.000000E+00  0.000000E+00  0.000000E+00  0.000000E+00 -5.632972E+05
  0.000000E+00 -3.388985E+03 -6.576851E+05  6.397003E+05  0.000000E+00
  0.000000E+00  0.000000E+00  0.000000E+00  1.302048E+06  1.975090E+00
  7.297892E+03  1.459578E+04  9.000000E+01  9.000000E+01  9.000000E+01
  0.000000E+00  3.885622E+00  2.783856E+12  4.480612E+00 -1.944165E-01
 -1.001879E+00 -1.944165E-01  5.500737E+00 -1.653322E+00 -1.001879E+00
 -1.653322E+00  1.675517E+00  2.034401E+01  1.357116E+01  1.137474E+01
  7.429702E+01  8.051488E+03  1.107069E+02  0.000000E+00  0.000000E+00
  0.000000E+00  1.107069E+02  0.000000E+00  0.000000E+00  0.000000E+00
  1.062374E+02  3.199583E+03
     30000  3.488520E+00        52
  2.783856E+12  1.000000E+03 -5.665601E+05  1.122190E+05 -6.860867E+05
  0.000000E+00  0.000000E+00  0.000000E+00  0.000000E+00 -5.634572E+05
  0.000000E+00 -4.501016E+03 -6.587120E+05  6.395958E+05  0.000000E+00
  0.000000E+00  0.000000E+00  0.000000E+00  1.303286E+06  1.632309E-02
  7.307605E+03  1.461521E+04  9.000000E+01  9.000000E+01  9.000000E+01
  0.000000E+00  4.329431E+00  2.783856E+12  5.673771E+00 -2.699541E-01
 -1.563267E+00 -2.699541E-01  4.013067E+00 -6.038906E-01 -1.563267E+00
 -6.038906E-01  3.301457E+00  2.057302E+01  1.378160E+01  1.155873E+01
  7.770269E+01  8.061955E+03  1.107420E+02  0.000000E+00  0.000000E+00
  0.000000E+00  1.107420E+02  0.000000E+00  0.000000E+00  0.000000E+00
  1.062711E+02  3.568425E+03
     31000  3.604804E+00        52
  2.783856E+12  9.985772E+02 -5.667270E+05  1.124494E+05 -6.865674E+05
  0.000000E+00  0.000000E+00  0.000000E+00  0.000000E+00 -5.636284E+05
  0.000000E+00 -6.094188E+03 -6.604823E+05  6.396062E+05  0.000000E+00
  0.000000E+00  0.000000E+00  0.000000E+00  1.303851E+06  1.045747E+00
  7.390966E+03  1.478193E+04  9.000000E+01  9.000000E+01  9.000000E+01
  0.000000E+00  4.968019E+00  2.783856E+12  7.186637E+00 -1.311054E+00
  1.578204E+00 -1.311054E+00  5.740212E+00  5.686839E-01  1.578204E+00
  5.686839E-01  1.977208E+00  2.094202E+01  1.412640E+01  1.187038E+01
  8.140709E+01  8.066781E+03  1.107580E+02  0.000000E+00  0.000000E+00
  0.000000E+00  1.107580E+02  0.000000E+00  0.000000E+00  0.000000E+00
  1.062865E+02  4.096540E+03
     32000  3.721088E+00        52
  2.800022E+12  1.000342E+03 -5.669335E+05  1.118347E+05 -6.857637E+05
  0.000000E+00  0.000000E+00  0.000000E+00  0.000000E+00 -5.638294E+05
  0.000000E+00 -6.756651E+03 -6.575676E+05  6.368198E+05  0.000000E+00
  0.000000E+00  0.000000E+00  0.000000E+00  1.331385E+06  9.793933E-01
  6.995533E+03  1.399107E+04  9.000000E+01  9.000000E+01  9.000000E+01
  0.000000E+00  5.131870E+00  2.800023E+12  8.174485E+00  1.319164E+00
 -2.618490E+00  1.319164E+00  4.700241E+00 -3.773673E-01 -2.618490E+00
 -3.773673E-01  2.520884E+00  2.121494E+01  1.432634E+01  1.207441E+01
  8.356377E+01  8.154498E+03  1.115322E+02  0.000000E+00  0.000000E+00
  0.000000E+00  1.115322E+02  0.000000E+00  0.000000E+00  0.000000E+00
  1.070294E+02  4.321010E+03
     33000  3.837372E+00        52
  2.800022E+12  1.000000E+03 -5.672802E+05  1.118171E+05 -6.863351E+05
  0.000000E+00  0.000000E+00  0.000000E+00  0.000000E+00 -5.641772E+05
  0.000000E+00 -6.348126E+03 -6.576983E+05  6.368746E+05  0.000000E+00
  0.000000E+00  0.000000E+00  0.000000E+00  1.332571E+06  2.132659E-02
  7.237784E+03  1.447557E+04  9.000000E+01  9.000000E+01  9.000000E+01
  0.000000E+00  4.964877E+00  2.800023E+12  6.617880E+00 -1.345992E+00
 -2.644004E+00 -1.345992E+00  5.009148E+00  2.096097E+00 -2.644004E+00
  2.096097E+00  3.267604E+00  2.156714E+01  1.467819E+01  1.239499E+01
  8.881937E+01  8.199661E+03  1.115653E+02  0.000000E+00  0.000000E+00
  0.000000E+00  1.115653E+02  0.000000E+00  0.000000E+00  0.000000E+00
  1.070612E+02  4.184128E+03
     34000  3.953656E+00        52
  2.800022E+12  1.002752E+03 -5.671201E+05  1.120866E+05 -6.868621E+05
  0.000000E+00  0.000000E+00  0.000000E+00  0.000000E+00 -5.640085E+05
  0.000000E+00 -7.643047E+03 -6.595128E+05  6.365587E+05  0.000000E+00
  0.000000E+00  0.000000E+00  0.000000E+00  1.339208E+06  5.627752E+00
  7.655524E+03  1.531105E+04  9.000000E+01  9.000000E+01  9.000000E+01
  0.000000E+00  5.456636E+00  2.800023E+12  5.341059E+00  2.185039E-01
  1.858481E-01  2.185039E-01  7.356972E+00 -8.681945E-01  1.858481E-01
 -8.681945E-01  3.671876E+00  2.204088E+01  1.511755E+01  1.281905E+01
  9.572491E+01  8.229382E+03  1.117502E+02  0.000000E+00  0.000000E+00
  0.000000E+00  1.117502E+02  0.000000E+00  0.000000E+00  0.000000E+00
  1.072387E+02  4.621460E+03
     35000  4.069940E+00        52
  2.800022E+12  1.004166E+03 -5.676627E+05  1.122965E+05 -6.872760E+05
  0.000000E+00  0.000000E+00  0.000000E+00  0.000000E+00 -5.645468E+05
  0.000000E+00 -9.509162E+03 -6.608172E+05  6.366743E+05  0.000000E+00
  0.000000E+00  0.000000E+00  0.000000E+00  1.340145E+06  3.523619E+00
  7.316824E+03  1.463365E+04  9.000000E+01  9.000000E+01  9.000000E+01
  0.000000E+00  6.190211E+00  2.800023E+12  6.186974E+00 -1.883856E-01
  1.776945E+00 -1.883856E-01  5.542829E+00 -3.513784E-01  1.776945E+00
 -3.513784E-01  6.840830E+00  2.234103E+01  1.533829E+01  1.305470E+01
  9.922630E+01  8.236526E+03  1.117763E+02  0.000000E+00  0.000000E+00
  0.000000E+00  1.117763E+02  0.000000E+00  0.000000E+00  0.000000E+00
  1.072637E+02  5.246423E+03
     36000  4.186224E+00        52
  2.800022E+12  1.000000E+03 -5.678547E+05  1.123722E+05 -6.875889E+05
  0.000000E+00  0.000000E+00  0.000000E+00  0.000000E+00 -5.647518E+05
  0.000000E+00 -1.029651E+04 -6.616596E+05  6.366391E+05  0.000000E+00
  0.000000E+00  0.000000E+00  0.000000E+00  1.340951E+06  2.001591E-02
  7.361995E+03  1.472399E+04  9.000000E+01  9.000000E+01  9.000000E+01
  0.000000E+00  6.485807E+00  2.800023E+12  6.961453E+00 -2.942342E-01
  4.821257E-01 -2.942342E-01  8.739296E+00  1.663033E+00  4.821257E-01
  1.663033E+00  3.756671E+00  2.286297E+01  1.572289E+01  1.342095E+01
  1.048775E+02  8.242525E+03  1.117987E+02  0.000000E+00  0.000000E+00
  0.000000E+00  1.117987E+02  0.000000E+00  0.000000E+00  0.000000E+00
  1.072852E+02  5.500256E+03
     37000  4.302508E+00        52
  2.800022E+12  1.002746E+03 -5.677127E+05  1.119660E+05 -6.873910E+05
  0.000000E+00  0.000000E+00  0.000000E+00  0.000000E+00 -5.646012E+05
  0.000000E+00 -8.704044E+03 -6.596480E+05  6.355193E+05  0.000000E+00
  0.000000E+00  0.000000E+00  0.000000E+00  1.351589E+06  5.438295E+00
  7.712321E+03  1.542464E+04  9.000000E+01  9.000000E+01  9.000000E+01
  0.000000E+00  5.820395E+00  2.800023E+12  6.064164E+00  1.160530E+00
 -2.804401E+00  1.160530E+00  6.303129E+00 -2.529642E+00 -2.804401E+00
 -2.529642E+00  5.093892E+00  2.344939E+01  1.619199E+01  1.384982E+01
  1.105176E+02  8.330737E+03  1.120935E+02  0.000000E+00  0.000000E+00
  0.000000E+00  1.120935E+02  0.000000E+00  0.000000E+00  0.000000E+00
  1.075681E+02  4.975114E+03
     38000  4.418792E+00        52
  2.800022E+12  1.001689E+03 -5.683191E+05  1.101649E+05 -6.858597E+05
  0.000000E+00  0.000000E+00  0.000000E+00  0.000000E+00 -5.652108E+05
  0.000000E+00 -3.070841E+03 -6.492036E+05  6.313814E+05  0.000000E+00
  0.000000E+00  0.000000E+00  0.000000E+00  1.388688E+06  3.163907E+00
  7.375682E+03  1.475136E+04  9.000000E+01  9.000000E+01  9.000000E+01
  0.000000E+00  3.524334E+00  2.800023E+12  4.386809E+00 -1.605091E+00
  2.537492E+00 -1.605091E+00  3.449379E+00 -1.657871E+00  2.537492E+00
 -1.657871E+00  2.736814E+00  2.365918E+01  1.634127E+01  1.401191E+01
  1.143836E+02  8.450070E+03  1.131099E+02  0.000000E+00  0.000000E+00
  0.000000E+00  1.131099E+02  0.000000E+00  0.000000E+00  0.000000E+00
  1.085434E+02  3.095193E+03
     39000  4.535076E+00        52
  2.800022E+12  1.000000E+03 -5.686248E+05  1.115111E+05 -6.874008E+05
  0.000000E+00  0.000000E+00  0.000000E+00  0.000000E+00 -5.655218E+05
  0.000000E+00 -1.132878E+04 -6.581934E+05  6.323348E+05  0.000000E+00
  0.000000E+00  0.000000E+00  0.000000E+00  1.389605E+06  2.709044E-02
  7.264917E+03  1.452983E+04  9.000000E+01  9.000000E+01  9.000000E+01
  0.000000E+00  6.650258E+00  2.800023E+12  8.164928E+00 -1.962266E+00
  2.363350E+00 -1.962266E+00  7.011028E+00 -1.447887E+00  2.363350E+00
 -1.447887E+00  4.774819E+00  2.410446E+01  1.677415E+01  1.444856E+01
  1.210147E+02  8.495348E+03  1.131348E+02  0.000000E+00  0.000000E+00
  0.000000E+00  1.131348E+02  0.000000E+00  0.000000E+00  0.000000E+00
  1.085673E+02  5.844348E+03
     40000  4.651360E+00        52
  2.800022E+12  1.000501E+03 -5.687430E+05  1.121832E+05 -6.884006E+05
  0.000000E+00  0.000000E+00  0.000000E+00  0.000000E+00 -5.656385E+05
  0.000000E+00 -1.425066E+04 -6.620935E+05  6.328942E+05  0.000000E+00
  0.000000E+00  0.000000E+00  0.000000E+00  1.390641E+06  1.880461E+00
  7.474330E+03  1.494866E+04  9.000000E+01  9.000000E+01  9.000000E+01
  0.000000E+00  7.753925E+00  2.800023E+12  1.030267E+01  4.609280E-01
 -9.394322E-01  4.609280E-01  8.137612E+00 -1.189389E+00 -9.394322E-01
 -1.189389E+00  4.821494E+00  2.495223E+01  1.753531E+01  1.522169E+01
  1.341115E+02  8.544410E+03  1.131629E+02  0.000000E+00  0.000000E+00
  0.000000E+00  1.131629E+02  0.000000E+00  0.000000E+00  0.000000E+00
  1.085943E+02  6.819343E+03
     41000  4.767644E+00        52
  2.800022E+12  1.069329E+03 -5.664755E+05  1.123284E+05 -6.887551E+05
  0.000000E+00  0.000000E+00  0.000000E+00  0.000000E+00 -5.631574E+05
  0.000000E+00 -1.046489E+04 -6.632321E+05  6.328648E+05  0.000000E+00
  0.000000E+00  0.000000E+00  0.000000E+00  1.391794E+06  1.388186E+02
  9.951190E+03  1.990238E+04  9.000000E+01  9.000000E+01  9.000000E+01
  0.000000E+00  6.475536E+00  2.800023E+12  9.077880E+00  6.798977E-01
 -5.345283E-01  6.798977E-01  6.220464E+00  5.288235E-01 -5.345283E-01
  5.288235E-01  4.128263E+00  2.546095E+01  1.801152E+01  1.565961E+01
  1.461495E+02  8.571062E+03  1.131942E+02  0.000000E+00  0.000000E+00
  0.000000E+00  1.131942E+02  0.000000E+00  0.000000E+00  0.000000E+00
  1.086243E+02  5.699762E+03
     42000  4.883928E+00        52
  2.800022E+12  1.000000E+03 -5.682308E+05  1.121652E+05 -6.888771E+05
  0.000000E+00  0.000000E+00  0.000000E+00  0.000000E+00 -5.651278E+05
  0.000000E+00 -1.297568E+04 -6.625521E+05  6.326143E+05  0.000000E+00
  0.000000E+00  0.000000E+00  0.000000E+00  1.393404E+06  2.091435E-02
  8.481043E+03  1.696209E+04  9.000000E+01  9.000000E+01  9.000000E+01
  0.000000E+00  7.255091E+00  2.800023E+12  1.145600E+01 -3.269198E+00
 -2.730717E-01 -3.269198E+00  6.860816E+00  1.296529E+00 -2.730717E-01
  1.296529E+00  3.448462E+00  2.576187E+01  1.822717E+01  1.588794E+01
  1.489204E+02  8.576219E+03  1.132378E+02  0.000000E+00  0.000000E+00
  0.000000E+00  1.132378E+02  0.000000E+00  0.000000E+00  0.000000E+00
  1.086662E+02  6.393312E+03
     43000  5.000212E+00        52
  2.800022E+12  1.000031E+03 -5.693498E+05  1.099419E+05 -6.865665E+05
  0.000000E+00  0.000000E+00  0.000000E+00  0.000000E+00 -5.662467E+05
  0.000000E+00 -9.392874E+03 -6.513112E+05  6.273688E+05  0.000000E+00
  0.000000E+00  0.000000E+00  0.000000E+00  1.434061E+06  1.284240E-01
  7.274750E+03  1.454950E+04  9.000000E+01  9.000000E+01  9.000000E+01
  0.000000E+00  5.732646E+00  2.800023E+12  8.130623E+00 -2.130102E+00
  2.367083E+00 -2.130102E+00  5.651298E+00 -1.268389E+00  2.367083E+00
 -1.268389E+00  3.416018E+00  2.585952E+01  1.830365E+01  1.599363E+01
  1.504808E+02  8.644631E+03  1.143286E+02  0.000000E+00  0.000000E+00
  0.000000E+00  1.143286E+02  0.000000E+00  0.000000E+00  0.000000E+00
  1.097130E+02  5.199109E+03
     44000  5.116496E+00        52
  2.800024E+12  2.473257E+03 -5.588312E+05  1.082321E+05 -6.846919E+05
  0.000000E+00  0.000000E+00  0.000000E+00  0.000000E+00 -5.511579E+05
  0.000000E+00  1.580457E+04 -6.430855E+05  6.236326E+05  0.000000E+00
  0.000000E+00  0.000000E+00  0.000000E+00  1.455059E+06  2.935326E+03
  1.762869E+04  3.525738E+04  9.000000E+01  9.000000E+01  9.000000E+01
  0.000000E+00 -1.665705E-01  2.800024E+12 -8.778733E+00  5.880614E+00
 -2.629310E+00  5.880614E+00  5.291439E+00 -2.007568E+00 -2.629310E+00
 -2.007568E+00  2.987583E+00  2.605884E+01  1.843598E+01  1.614455E+01
  1.518557E+02  8.696613E+03  1.148839E+02  0.000000E+00  0.000000E+00
  0.000000E+00  1.148839E+02  0.000000E+00  0.000000E+00  0.000000E+00
  1.102458E+02 -1.532797E+02
     45000  5.232780E+00        52
  2.800024E+12  1.000000E+03 -5.689249E+05  1.107884E+05 -6.871841E+05
  0.000000E+00  0.000000E+00  0.000000E+00  0.000000E+00 -5.658219E+05
  0.000000E+00 -1.418648E+04 -6.551809E+05  6.260528E+05  0.000000E+00
  0.000000E+00  0.000000E+00  0.000000E+00  1.456143E+06  2.455841E-02
  7.470815E+03  1.494163E+04  9.000000E+01  9.000000E+01  9.000000E+01
  0.000000E+00  7.380769E+00  2.800024E+12  9.370917E+00  1.080869E+00
 -7.613535E-02  1.080869E+00  7.401181E+00  9.965321E-01 -7.613535E-02
  9.965321E-01  5.370211E+00  2.717239E+01  1.862783E+01  1.635851E+01
  1.543577E+02  8.701033E+03  1.149124E+02  0.000000E+00  0.000000E+00
  0.000000E+00  1.149124E+02  0.000000E+00  0.000000E+00  0.000000E+00
  1.102732E+02  6.796913E+03
     46000  5.349064E+00        52
  2.800024E+12  1.005274E+03 -5.683608E+05  1.110987E+05 -6.875800E+05
  0.000000E+00  0.000000E+00  0.000000E+00  0.000000E+00 -5.652414E+05
  0.000000E+00 -1.434777E+04 -6.568139E+05  6.262251E+05  0.000000E+00
  0.000000E+00  0.000000E+00  0.000000E+00  1.457382E+06  1.133420E+01
  8.120514E+03  1.624103E+04  9.000000E+01  9.000000E+01  9.000000E+01
  0.000000E+00  7.444660E+00  2.800024E+12  8.456084E+00 -5.799094E-01
  1.447387E-02 -5.799094E-01  8.204125E+00 -2.067038E-01  1.447387E-02
 -2.067038E-01  5.673771E+00  2.765025E+01  1.885811E+01  1.656276E+01
  1.585319E+02  8.706476E+03  1.149450E+02  0.000000E+00  0.000000E+00
  0.000000E+00  1.149450E+02  0.000000E+00  0.000000E+00  0.000000E+00
  1.103045E+02  6.861581E+03
     47000  5.465348E+00        52
  2.449999E+13  1.150781E+03 -5.635628E+05  1.104873E+05 -6.870205E+05
  0.000000E+00  0.000000E+00  0.000000E+00  0.000000E+00 -5.599920E+05
  0.000000E+00 -2.768224E+03 -6.536369E+05  6.249278E+05  0.000000E+00
  0.000000E+00  0.000000E+00  0.000000E+00  1.464543E+06  3.024256E+02
  1.297041E+04  2.594083E+04  9.000000E+01  9.000000E+01  9.000000E+01
  0.000000E+00  3.565786E+00  2.449999E+13  9.138988E+00 -5.981535E+00
  2.466630E+00 -5.981535E+00  5.944756E-01  3.512730E+00  2.466630E+00
  3.512730E+00  9.638959E-01  2.854020E+01  1.897390E+01  1.669155E+01
  1.603729E+02  8.721611E+03  1.151330E+02  0.000000E+00  0.000000E+00
  0.000000E+00  1.151330E+02  0.000000E+00  0.000000E+00  0.000000E+00
  1.104848E+02  3.302656E+03
     48000  5.581632E+00        52
  2.449999E+13  1.000000E+03 -5.694990E+05  1.113184E+05 -6.881686E+05
  0.000000E+00  0.000000E+00  0.000000E+00  0.000000E+00 -5.663959E+05
  0.000000E+00 -1.792207E+04 -6.584195E+05  6.257950E+05  0.000000E+00
  0.000000E+00  0.000000E+00  0.000000E+00  1.465842E+06  1.975604E-02
  7.351209E+03  1.470242E+04  9.000000E+01  9.000000E+01  9.000000E+01
  0.000000E+00  8.675148E+00  2.449999E+13  1.216105E+01 -2.085018E+00
  6.263108E-01 -2.085018E+00  8.952395E+00 -4.477597E-03  6.263108E-01
 -4.477597E-03  4.912001E+00  2.880094E+01  1.917173E+01  1.689245E+01
  1.642425E+02  8.737303E+03  1.151670E+02  0.000000E+00  0.000000E+00
  0.000000E+00  1.151670E+02  0.000000E+00  0.000000E+00  0.000000E+00
  1.105175E+02  8.042109E+03
     49000  5.697916E+00        52
  2.449999E+13  1.000049E+03 -5.697955E+05  1.113531E+05 -6.884678E+05
  0.000000E+00  0.000000E+00  0.000000E+00  0.000000E+00 -5.666923E+05
  0.000000E+00 -1.842372E+04 -6.588458E+05  6.257836E+05  0.000000E+00
  0.000000E+00  0.000000E+00  0.000000E+00  1.467177E+06  6.097884E-02
  7.319242E+03  1.463848E+04  9.000000E+01  9.000000E+01  9.000000E+01
  0.000000E+00  8.847578E+00  2.449999E+13  9.471166E+00  8.342188E-01
 -2.361731E+00  8.342188E-01  8.354383E+00 -1.470098E+00 -2.361731E+00
 -1.470098E+00  8.717186E+00  2.907916E+01  1.937574E+01  1.707470E+01
  1.692924E+02  8.747371E+03  1.152019E+02  0.000000E+00  0.000000E+00
  0.000000E+00  1.152019E+02  0.000000E+00  0.000000E+00  0.000000E+00
  1.105510E+02  8.209426E+03
     50000  5.814200E+00        52
  2.449999E+13  1.015437E+03 -5.695129E+05  1.113095E+05 -6.882579E+05
  0.000000E+00  0.000000E+00  0.000000E+00  0.000000E+00 -5.663619E+05
  0.000000E+00 -1.838750E+04 -6.585367E+05  6.252780E+05  0.000000E+00
  0.000000E+00  0.000000E+00  0.000000E+00  1.468413E+06  3.998807E+01
  7.435572E+03  1.487114E+04  9.000000E+01  9.000000E+01  9.000000E+01
  0.000000E+00  8.861398E+00  2.449999E+13  9.289507E+00  1.085034E+00
 -8.758622E-01  1.085034E+00  1.020911E+01 -1.573689E+00 -8.758622E-01
 -1.573689E+00  7.085578E+00  2.933455E+01  1.953085E+01  1.718761E+01
  1.728982E+02  8.752391E+03  1.152343E+02  0.000000E+00  0.000000E+00
  0.000000E+00  1.152343E+02  0.000000E+00  0.000000E+00  0.000000E+00
  1.105821E+02  8.229178E+03
     51000  5.930484E+00        52
  2.449999E+13  1.000000E+03 -5.698698E+05  1.111751E+05 -6.885143E+05
  0.000000E+00  0.000000E+00  0.000000E+00  0.000000E+00 -5.667667E+05
  0.000000E+00 -1.916437E+04 -6.581056E+05  6.240022E+05  0.000000E+00
  0.000000E+00  0.000000E+00  0.000000E+00  1.488422E+06  2.625089E-02
  7.469470E+03  1.493894E+04  9.000000E+01  9.000000E+01  9.000000E+01
  0.000000E+00  8.983457E+00  2.449999E+13  1.031438E+01 -1.432893E-02
 -2.108551E+00 -1.432893E-02  8.390665E+00  2.860935E-01 -2.108551E+00
  2.860935E-01  8.245321E+00  2.962534E+01  1.977255E+01  1.743299E+01
  1.762958E+02  8.949593E+03  1.157553E+02  0.000000E+00  0.000000E+00
  0.000000E+00  1.157553E+02  0.000000E+00  0.000000E+00  0.000000E+00
  1.110821E+02  8.456208E+03
     52000  6.046768E+00        52
  2.449999E+13  1.024247E+03 -5.664150E+05  1.102343E+05 -6.876662E+05
  0.000000E+00  0.000000E+00  0.000000E+00  0.000000E+00 -5.632367E+05
  0.000000E+00 -8.838187E+03 -6.531698E+05  6.222978E+05  0.000000E+00
  0.000000E+00  0.000000E+00  0.000000E+00  1.498461E+06  4.610062E+01
  1.101690E+04  2.203381E+04  9.000000E+01  9.000000E+01  9.000000E+01
  0.000000E+00  5.344012E+00  2.449999E+13  7.593591E+00 -8.870245E-02
 -2.013117E-01 -8.870245E-02  5.402833E+00 -1.235460E+00 -2.013117E-01
 -1.235460E+00  3.035612E+00  2.994026E+01  1.993167E+01  1.759099E+01
  1.798247E+02  8.969249E+03  1.160150E+02  0.000000E+00  0.000000E+00
  0.000000E+00  1.160150E+02  0.000000E+00  0.000000E+00  0.000000E+00
  1.113313E+02  5.064295E+03
     53000  6.163052E+00        52
  2.449999E+13  1.006413E+03 -5.698844E+05  1.111787E+05 -6.886082E+05
  0.000000E+00  0.000000E+00  0.000000E+00  0.000000E+00 -5.667614E+05
  0.000000E+00 -2.027628E+04 -6.582857E+05  6.229191E+05  0.000000E+00
  0.000000E+00  0.000000E+00  0.000000E+00  1.499917E+06  1.530999E+01
  7.545129E+03  1.509026E+04  9.000000E+01  9.000000E+01  9.000000E+01
  0.000000E+00  9.319322E+00  2.449999E+13  1.153125E+01 -1.910836E+00
  1.488838E+00 -1.910836E+00  9.963435E+00 -8.554933E-01  1.488838E+00
 -8.554933E-01  6.463279E+00  3.036968E+01  2.025358E+01  1.789693E+01
  1.876192E+02  8.977286E+03  1.160526E+02  0.000000E+00  0.000000E+00
  0.000000E+00  1.160526E+02  0.000000E+00  0.000000E+00  0.000000E+00
  1.113673E+02  8.840107E+03
     54000  6.279336E+00        52
  2.450106E+13  1.000000E+03 -5.706793E+05  1.065739E+05 -6.842379E+05
  0.000000E+00  0.000000E+00  0.000000E+00  0.000000E+00 -5.675761E+05
  0.000000E+00 -1.320364E+04 -6.323433E+05  6.051703E+05  0.000000E+00
  0.000000E+00  0.000000E+00  0.000000E+00  1.698199E+06  3.147522E-02
  6.984691E+03  1.396938E+04  9.000000E+01  9.000000E+01  9.000000E+01
  0.000000E+00  6.023689E+00  2.450106E+13  8.691217E+00 -1.369603E+00
 -8.044801E-02 -1.369603E+00  6.568997E+00 -2.628151E-01 -8.044801E-02
 -2.628151E-01  2.810853E+00  3.097821E+01  2.085027E+01  1.854314E+01
  1.900113E+02  9.436140E+03  1.209563E+02  0.000000E+00  0.000000E+00
  0.000000E+00  1.209563E+02  0.000000E+00  0.000000E+00  0.000000E+00
  1.160731E+02  6.469299E+03
     55000  6.395620E+00        52
  2.450106E+13  1.000028E+03 -5.710772E+05  1.082277E+05 -6.863366E+05
  0.000000E+00  0.000000E+00  0.000000E+00  0.000000E+00 -5.679739E+05
  0.000000E+00 -2.106320E+04 -6.419479E+05  6.068213E+05  0.000000E+00
  0.000000E+00  0.000000E+00  0.000000E+00  1.699652E+06  3.393747E-01
  7.031689E+03  1.406338E+04  9.000000E+01  9.000000E+01  9.000000E+01
  0.000000E+00  8.455903E+00  2.450106E+13  9.885101E+00  1.113494E+00
  1.094998E+00  1.113494E+00  9.836070E+00  1.290667E+00  1.094998E+00
  1.290667E+00  5.646538E+00  3.142740E+01  2.121936E+01  1.888371E+01
  1.941393E+02  9.453562E+03  1.209908E+02  0.000000E+00  0.000000E+00
  0.000000E+00  1.209908E+02  0.000000E+00  0.000000E+00  0.000000E+00
  1.161062E+02  9.089209E+03
     56000  6.511904E+00        52
  2.450106E+13  1.000865E+03 -5.711701E+05  1.070694E+05 -6.854564E+05
  0.000000E+00  0.000000E+00  0.000000E+00  0.000000E+00 -5.680642E+05
  0.000000E+00 -1.731828E+04 -6.353073E+05  6.035551E+05  0.000000E+00
  0.000000E+00  0.000000E+00  0.000000E+00  1.729437E+06  1.639752E+00
  7.216955E+03  1.443391E+04  9.000000E+01  9.000000E+01  9.000000E+01
  0.000000E+00  7.170530E+00  2.450106E+13  7.099297E+00  1.421791E-01
  2.678280E-01  1.421791E-01  8.786121E+00 -8.547768E-01  2.678280E-01
 -8.547768E-01  5.626171E+00  3.209833E+01  2.148398E+01  1.910822E+01
  1.968212E+02  9.523605E+03  1.216935E+02  0.000000E+00  0.000000E+00
  0.000000E+00  1.216935E+02  0.000000E+00  0.000000E+00  0.000000E+00
  1.167805E+02  7.842637E+03
     57000  6.628188E+00        52
  2.450106E+13  1.000000E+03 -5.718932E+05  1.059806E+05 -6.848905E+05
  0.000000E+00  0.000000E+00  0.000000E+00  0.000000E+00 -5.687899E+05
  0.000000E+00 -1.807108E+04 -6.284955E+05  5.963911E+05  0.000000E+00
  0.000000E+00  0.000000E+00  0.000000E+00  1.832553E+06  2.990766E-02
  7.016642E+03  1.403328E+04  9.000000E+01  9.000000E+01  9.000000E+01
  0.000000E+00  6.982025E+00  2.450106E+13  7.487654E+00  7.822325E-02
  1.371799E-01  7.822325E-02  9.346373E+00  1.633114E-01  1.371799E-01
  1.633114E-01  4.112049E+00  3.280881E+01  2.195110E+01  1.961725E+01
  2.002428E+02  9.744092E+03  1.240655E+02  0.000000E+00  0.000000E+00
  0.000000E+00  1.240655E+02  0.000000E+00  0.000000E+00  0.000000E+00
  1.190568E+02  8.091780E+03
     58000  6.744472E+00        52
  2.450106E+13  9.997697E+02 -5.724798E+05  1.080809E+05 -6.877826E+05
  0.000000E+00  0.000000E+00  0.000000E+00  0.000000E+00 -5.693773E+05
  0.000000E+00 -2.778892E+04 -6.407328E+05  5.985000E+05  0.000000E+00
  0.000000E+00  0.000000E+00  0.000000E+00  1.834639E+06  2.760467E-01
  7.221963E+03  1.444393E+04  9.000000E+01  9.000000E+01  9.000000E+01
  0.000000E+00  9.765524E+00  2.450106E+13  1.025845E+01 -1.185059E-01
  8.446576E-02 -1.185059E-01  1.172206E+01  2.251116E-01  8.446576E-02
  2.251116E-01  7.316067E+00  3.399557E+01  2.302616E+01  2.067537E+01
  2.095791E+02  9.755757E+03  1.241126E+02  0.000000E+00  0.000000E+00
  0.000000E+00  1.241126E+02  0.000000E+00  0.000000E+00  0.000000E+00
  1.191020E+02  1.133058E+04
     59000  6.860756E+00        52
  2.450106E+13  3.596929E+03 -4.769292E+05  9.870499E+04 -6.799352E+05
  0.000000E+00  0.000000E+00  0.000000E+00  0.000000E+00 -4.657698E+05
  0.000000E+00  1.991001E+05 -5.919544E+05  5.824524E+05  0.000000E+00
  0.000000E+00  0.000000E+00  0.000000E+00  1.943283E+06  5.190244E+03
  1.043011E+05  2.086022E+05  9.000000E+01  9.000000E+01  9.000000E+01
  0.000000E+00 -4.794897E+01  2.450106E+13 -5.833574E+01 -1.305164E+01
  4.772275E+01 -1.305164E+01 -3.810382E+01 -3.106897E+00  4.772275E+01
 -3.106897E+00 -4.740735E+01  3.567889E+01  2.449223E+01  2.214444E+01
  2.221555E+02  9.961735E+03  1.265157E+02  0.000000E+00  0.000000E+00
  0.000000E+00  1.265157E+02  0.000000E+00  0.000000E+00  0.000000E+00
  1.214080E+02 -5.892795E+04
     60000  6.977040E+00        52
  2.450106E+13  1.000000E+03 -5.739556E+05  1.070697E+05 -6.882680E+05
  0.000000E+00  0.000000E+00  0.000000E+00  0.000000E+00 -5.708522E+05
  0.000000E+00 -3.120560E+04 -6.361304E+05  5.904393E+05  0.000000E+00
  0.000000E+00  0.000000E+00  0.000000E+00  1.957143E+06  3.149281E-02
  7.242755E+03  1.448551E+04  9.000000E+01  9.000000E+01  9.000000E+01
  0.000000E+00  1.007480E+01  2.450106E+13  1.131602E+01 -2.971123E-01
  1.345723E+00 -2.971123E-01  9.980561E+00  2.794860E-01  1.345723E+00
  2.794860E-01  8.927807E+00  3.595444E+01  2.476905E+01  2.238870E+01
  2.248654E+02  9.986745E+03  1.268157E+02  0.000000E+00  0.000000E+00
  0.000000E+00  1.268157E+02  0.000000E+00  0.000000E+00  0.000000E+00
  1.216960E+02  1.246995E+04
     61000  7.093324E+00        52
  2.450106E+13  1.002825E+03 -5.738154E+05  1.069717E+05 -6.885407E+05
  0.000000E+00  0.000000E+00  0.000000E+00  0.000000E+00 -5.707033E+05
  0.000000E+00 -3.022482E+04 -6.355341E+05  5.898021E+05  0.000000E+00
  0.000000E+00  0.000000E+00  0.000000E+00  1.959938E+06  5.677953E+00
  7.753563E+03  1.550713E+04  9.000000E+01  9.000000E+01  9.000000E+01
  0.000000E+00  9.801385E+00  2.450106E+13  1.066178E+01  1.375499E-01
  2.261948E-01  1.375499E-01  1.019148E+01  1.927665E-01  2.261948E-01
  1.927665E-01  8.550892E+00  3.674546E+01  2.525071E+01  2.296429E+01
  2.330548E+02  9.996752E+03  1.268761E+02  0.000000E+00  0.000000E+00
  0.000000E+00  1.268761E+02  0.000000E+00  0.000000E+00  0.000000E+00
  1.217539E+02  1.214887E+04
     62000  7.209608E+00        52
  2.450106E+13  1.000546E+03 -5.746485E+05  1.064046E+05 -6.883023E+05
  0.000000E+00  0.000000E+00  0.000000E+00  0.000000E+00 -5.715434E+05
  0.000000E+00 -2.986135E+04 -6.321876E+05  5.878280E+05  0.000000E+00
  0.000000E+00  0.000000E+00  0.000000E+00  1.980546E+06  1.216178E+00
  7.249137E+03  1.449827E+04  9.000000E+01  9.000000E+01  9.000000E+01
  0.000000E+00  9.598908E+00  2.450106E+13  9.216893E+00  4.067803E-02
 -3.295119E-03  4.067803E-02  9.582494E+00  1.536851E+00 -3.295119E-03
  1.536851E+00  9.997336E+00  3.770872E+01  2.602785E+01  2.370391E+01
  2.391915E+02  1.003138E+04  1.273192E+02  0.000000E+00  0.000000E+00
  0.000000E+00  1.273192E+02  0.000000E+00  0.000000E+00  0.000000E+00
  1.221791E+02  1.202300E+04
     63000  7.325892E+00        52
  2.450106E+13  1.000000E+03 -5.757185E+05  1.043711E+05 -6.871914E+05
  0.000000E+00  0.000000E+00  0.000000E+00  0.000000E+00 -5.726150E+05
  0.000000E+00 -3.121299E+04 -6.212446E+05  5.758278E+05  0.000000E+00
  0.000000E+00  0.000000E+00  0.000000E+00  2.170777E+06  2.993066E-02
  7.101913E+03  1.420383E+04  9.000000E+01  9.000000E+01  9.000000E+01
  0.000000E+00  9.085093E+00  2.450106E+13  9.170806E+00  2.583597E-02
 -1.355770E-01  2.583597E-02  8.824653E+00  5.433123E-01 -1.355770E-01
  5.433123E-01  9.259821E+00  3.828059E+01  2.657524E+01  2.425800E+01
  2.420722E+02  1.046228E+04  1.312716E+02  0.000000E+00  0.000000E+00
  0.000000E+00  1.312716E+02  0.000000E+00  0.000000E+00  0.000000E+00
  1.259719E+02  1.247242E+04
     64000  7.442176E+00        52
  2.450106E+13  1.000180E+03 -5.762996E+05  1.052055E+05 -6.886373E+05
  0.000000E+00  0.000000E+00  0.000000E+00  0.000000E+00 -5.731956E+05
  0.000000E+00 -3.493650E+04 -6.258192E+05  5.766183E+05  0.000000E+00
  0.000000E+00  0.000000E+00  0.000000E+00  2.173983E+06  7.897319E-02
  7.132159E+03  1.426432E+04  9.000000E+01  9.000000E+01  9.000000E+01
  0.000000E+00  9.974720E+00  2.450106E+13  1.023844E+01  1.327493E+00
  7.954850E-01  1.327493E+00  1.106229E+01  1.409438E+00  7.954850E-01
  1.409438E+00  8.623430E+00  3.928388E+01  2.716385E+01  2.473695E+01
  2.473024E+02  1.046754E+04  1.313362E+02  0.000000E+00  0.000000E+00
  0.000000E+00  1.313362E+02  0.000000E+00  0.000000E+00  0.000000E+00
  1.260339E+02  1.371396E+04
     65000  7.558460E+00        52
  2.450106E+13  1.000288E+03 -5.766141E+05  1.028874E+05 -6.867317E+05
  0.000000E+00  0.000000E+00  0.000000E+00  0.000000E+00 -5.735097E+05
  0.000000E+00 -2.492488E+04 -6.125577E+05  5.731725E+05  0.000000E+00
  0.000000E+00  0.000000E+00  0.000000E+00  2.177232E+06  2.326127E-01
  7.230139E+03  1.446028E+04  9.000000E+01  9.000000E+01  9.000000E+01
  0.000000E+00  7.536332E+00  2.450106E+13  7.951597E+00  1.116562E+00
  8.537395E-01  1.116562E+00  8.280852E+00  1.334814E+00  8.537395E-01
  1.334814E+00  6.376546E+00  3.982458E+01  2.745685E+01  2.512280E+01
  2.538852E+02  1.047440E+04  1.314016E+02  0.000000E+00  0.000000E+00
  0.000000E+00  1.314016E+02  0.000000E+00  0.000000E+00  0.000000E+00
  1.260967E+02  1.037698E+04
     66000  7.674744E+00        52
  2.450106E+13  1.000000E+03 -5.769506E+05  1.046206E+05 -6.887065E+05
  0.000000E+00  0.000000E+00  0.000000E+00  0.000000E+00 -5.738471E+05
  0.000000E+00 -3.366425E+04 -6.227199E+05  5.747851E+05  0.000000E+00
  0.000000E+00  0.000000E+00  0.000000E+00  2.180309E+06  1.939562E-02
  7.135305E+03  1.427061E+04  9.000000E+01  9.000000E+01  9.000000E+01
  0.000000E+00  9.637950E+00  2.450106E+13  1.126047E+01 -2.088138E+00
 -1.405994E-01 -2.088138E+00  1.043533E+01  8.787464E-02 -1.405994E-01
  8.787464E-02  7.218051E+00  4.034289E+01  2.791852E+01  2.557619E+01
  2.588339E+02  1.048058E+04  1.314634E+02  0.000000E+00  0.000000E+00
  0.000000E+00  1.314634E+02  0.000000E+00  0.000000E+00  0.000000E+00
  1.261560E+02  1.328950E+04
     67000  7.791028E+00        52
  2.450106E+13  1.440671E+03 -5.094753E+05  1.053487E+05 -6.898125E+05
  0.000000E+00  0.000000E+00  0.000000E+00  0.000000E+00 -5.050048E+05
  0.000000E+00  9.823494E+04 -6.271961E+05  5.754543E+05  0.000000E+00
  0.000000E+00  0.000000E+00  0.000000E+00  2.184137E+06  8.802394E+02
  7.498841E+04  1.499768E+05  9.000000E+01  9.000000E+01  9.000000E+01
  0.000000E+00 -2.154904E+01  2.450106E+13 -4.779844E+01 -3.801256E+01
 -2.962856E+01 -3.801256E+01 -9.673969E+00 -1.930183E+01 -2.962856E+01
 -1.930183E+01 -7.174703E+00  4.070512E+01  2.827010E+01  2.592405E+01
  2.666124E+02  1.049078E+04  1.315403E+02  0.000000E+00  0.000000E+00
  0.000000E+00  1.315403E+02  0.000000E+00  0.000000E+00  0.000000E+00
  1.262298E+02 -2.976555E+04
     68000  7.907312E+00        52
  2.450106E+13  1.000113E+03 -5.773908E+05  1.049829E+05 -6.896104E+05
  0.000000E+00  0.000000E+00  0.000000E+00  0.000000E+00 -5.742869E+05
  0.000000E+00 -3.625822E+04 -6.252004E+05  5.744688E+05  0.000000E+00
  0.000000E+00  0.000000E+00  0.000000E+00  2.187629E+06  1.475891E+00
  7.236688E+03  1.447338E+04  9.000000E+01  9.000000E+01  9.000000E+01
  0.000000E+00  1.023085E+01  2.450106E+13  1.023559E+01 -1.064440E+00
  7.703399E-02 -1.064440E+00  1.240352E+01 -2.988056E-01  7.703399E-02
 -2.988056E-01  8.053439E+00  4.103535E+01  2.845371E+01  2.616247E+01
  2.759449E+02  1.050299E+04  1.316104E+02  0.000000E+00  0.000000E+00
  0.000000E+00  1.316104E+02  0.000000E+00  0.000000E+00  0.000000E+00
  1.262970E+02  1.415439E+04
     69000  8.023596E+00        52
  2.450106E+13  1.000000E+03 -5.775939E+05  1.048046E+05 -6.896740E+05
  0.000000E+00  0.000000E+00  0.000000E+00  0.000000E+00 -5.744904E+05
  0.000000E+00 -3.598036E+04 -6.244104E+05  5.738789E+05  0.000000E+00
  0.000000E+00  0.000000E+00  0.000000E+00  2.191245E+06  2.218581E-02
  7.275554E+03  1.455111E+04  9.000000E+01  9.000000E+01  9.000000E+01
  0.000000E+00  1.014696E+01  2.450106E+13  1.004184E+01 -1.143113E+00
 -3.982025E-01 -1.143113E+00  1.198827E+01  5.189953E-01 -3.982025E-01
  5.189953E-01  8.410762E+00  4.175661E+01  2.893038E+01  2.667996E+01
  2.902403E+02  1.051996E+04  1.316829E+02  0.000000E+00  0.000000E+00
  0.000000E+00  1.316829E+02  0.000000E+00  0.000000E+00  0.000000E+00
  1.263666E+02  1.406154E+04
     70000  8.139880E+00        52
  2.450106E+13  9.992768E+02 -5.787807E+05  1.016427E+05 -6.873771E+05
  0.000000E+00  0.000000E+00  0.000000E+00  0.000000E+00 -5.756793E+05
  0.000000E+00 -3.309121E+04 -6.048976E+05  5.578992E+05  0.000000E+00
  0.000000E+00  0.000000E+00  0.000000E+00  2.476501E+06  9.428621E-01
  6.953612E+03  1.390722E+04  9.000000E+01  9.000000E+01  9.000000E+01
  0.000000E+00  8.362324E+00  2.450106E+13  8.803502E+00 -3.842950E-01
  1.297676E+00 -3.842950E-01  7.785675E+00 -3.221558E-01  1.297676E+00
 -3.221558E-01  8.497795E+00  4.262399E+01  2.969591E+01  2.747377E+01
  2.978095E+02  1.126323E+04  1.371656E+02  0.000000E+00  0.000000E+00
  0.000000E+00  1.371656E+02  0.000000E+00  0.000000E+00  0.000000E+00
  1.316280E+02  1.309699E+04
     71000  8.256164E+00        52
  2.450106E+13  1.000225E+03 -5.792900E+05  1.023079E+05 -6.887422E+05
  0.000000E+00  0.000000E+00  0.000000E+00  0.000000E+00 -5.761856E+05
  0.000000E+00 -3.528131E+04 -6.087735E+05  5.592035E+05  0.000000E+00
  0.000000E+00  0.000000E+00  0.000000E+00  2.480412E+06  3.888771E-01
  7.144348E+03  1.428870E+04  9.000000E+01  9.000000E+01  9.000000E+01
  0.000000E+00  8.815775E+00  2.450106E+13  9.427311E+00 -2.647528E-01
  1.274664E+00 -2.647528E-01  8.286030E+00 -4.144657E-01  1.274664E+00
 -4.144657E-01  8.733985E+00  4.369627E+01  3.067119E+01  2.824068E+01
  3.062503E+02  1.136191E+04  1.372378E+02  0.000000E+00  0.000000E+00
  0.000000E+00  1.372378E+02  0.000000E+00  0.000000E+00  0.000000E+00
  1.316972E+02  1.382899E+04
     72000  8.372448E+00        52
  2.450106E+13  1.000000E+03 -5.796206E+05  1.024808E+05 -6.894082E+05
  0.000000E+00  0.000000E+00  0.000000E+00  0.000000E+00 -5.765169E+05
  0.000000E+00 -3.625115E+04 -6.100955E+05  5.592308E+05  0.000000E+00
  0.000000E+00  0.000000E+00  0.000000E+00  2.484501E+06  3.203937E-02
  7.306742E+03  1.461348E+04  9.000000E+01  9.000000E+01  9.000000E+01
  0.000000E+00  9.006717E+00  2.450106E+13  9.371620E+00 -3.497750E-01
  1.118610E+00 -3.497750E-01  8.626709E+00 -3.139815E-01  1.118610E+00
 -3.139815E-01  9.021823E+00  4.515360E+01  3.189749E+01  2.942919E+01
  3.203845E+02  1.146115E+04  1.373131E+02  0.000000E+00  0.000000E+00
  0.000000E+00  1.373131E+02  0.000000E+00  0.000000E+00  0.000000E+00
  1.317695E+02  1.415180E+04
     73000  8.488732E+00        52
  2.450106E+13  1.000030E+03 -5.799787E+05  1.028307E+05 -6.901474E+05
  0.000000E+00  0.000000E+00  0.000000E+00  0.000000E+00 -5.768749E+05
  0.000000E+00 -3.854504E+04 -6.125056E+05  5.592845E+05  0.000000E+00
  0.000000E+00  0.000000E+00  0.000000E+00  2.488790E+06  2.552764E-01
  7.338011E+03  1.467602E+04  9.000000E+01  9.000000E+01  9.000000E+01
  0.000000E+00  9.477036E+00  2.450106E+13  9.846326E+00 -2.879575E-01
  1.026229E+00 -2.879575E-01  9.089342E+00 -2.684576E-01  1.026229E+00
 -2.684576E-01  9.495441E+00  4.675083E+01  3.330522E+01  3.081181E+01
  3.396998E+02  1.156211E+04  1.373921E+02  0.000000E+00  0.000000E+00
  0.000000E+00  1.373921E+02  0.000000E+00  0.000000E+00  0.000000E+00
  1.318453E+02  1.491650E+04
     74000  8.605016E+00        52
  2.450106E+13  1.050101E+03 -5.783421E+05  1.029214E+05 -6.904603E+05
  0.000000E+00  0.000000E+00  0.000000E+00  0.000000E+00 -5.750829E+05
  0.000000E+00 -3.543827E+04 -6.131165E+05  5.592845E+05  0.000000E+00
  0.000000E+00  0.000000E+00  0.000000E+00  2.493180E+06  9.641898E+01
  9.196860E+03  1.839372E+04  9.000000E+01  9.000000E+01  9.000000E+01
  0.000000E+00  8.869232E+00  2.450106E+13  9.123008E+00  1.916262E-01
  4.692444E-01  1.916262E-01  9.126553E+00  3.402577E-01  4.692444E-01
  3.402577E-01  8.358136E+00  4.860836E+01  3.480210E+01  3.228859E+01
  3.615248E+02  1.165559E+04  1.374728E+02  0.000000E+00  0.000000E+00
  0.000000E+00  1.374728E+02  0.000000E+00  0.000000E+00  0.000000E+00
  1.319228E+02  1.398446E+04
     75000  8.721300E+00        52
  2.450106E+13  1.000000E+03 -5.807815E+05  1.031736E+05 -6.912833E+05
  0.000000E+00  0.000000E+00  0.000000E+00  0.000000E+00 -5.776778E+05
  0.000000E+00 -4.121050E+04 -6.148236E+05  5.589567E+05  0.000000E+00
  0.000000E+00  0.000000E+00  0.000000E+00  2.497701E+06  2.827401E-02
  7.328233E+03  1.465647E+04  9.000000E+01  9.000000E+01  9.000000E+01
  0.000000E+00  1.000566E+01  2.450106E+13  9.490859E+00  2.131108E-02
  4.524244E-02  2.131108E-02  9.972036E+00  1.489712E+00  4.524244E-02
  1.489712E+00  1.055408E+01  4.926886E+01  3.549217E+01  3.298622E+01
  3.708416E+02  1.168364E+04  1.375559E+02  0.000000E+00  0.000000E+00
  0.000000E+00  1.375559E+02  0.000000E+00  0.000000E+00  0.000000E+00
  1.320025E+02  1.580492E+04
     76000  8.837584E+00        52
  2.450106E+13  1.000022E+03 -5.811376E+05  1.029618E+05 -6.914809E+05
  0.000000E+00  0.000000E+00  0.000000E+00  0.000000E+00 -5.780338E+05
  0.000000E+00 -4.114726E+04 -6.139450E+05  5.580349E+05  0.000000E+00
  0.000000E+00  0.000000E+00  0.000000E+00  2.502348E+06  2.391660E-01
  7.381449E+03  1.476290E+04  9.000000E+01  9.000000E+01  9.000000E+01
  0.000000E+00  9.973789E+00  2.450106E+13  9.450882E+00  1.823410E-01
  2.602253E-01  1.823410E-01  1.006861E+01  1.168480E+00  2.602253E-01
  1.168480E+00  1.040187E+01  4.959394E+01  3.572577E+01  3.328026E+01
  3.785616E+02  1.169650E+04  1.376411E+02  0.000000E+00  0.000000E+00
  0.000000E+00  1.376411E+02  0.000000E+00  0.000000E+00  0.000000E+00
  1.320843E+02  1.578388E+04
     77000  8.953868E+00        52
  2.450106E+13  2.750948E+03 -5.165960E+05  1.026064E+05 -6.911393E+05
  0.000000E+00  0.000000E+00  0.000000E+00  0.000000E+00 -5.080606E+05
  0.000000E+00  8.906606E+04 -6.119486E+05  5.571408E+05  0.000000E+00
  0.000000E+00  0.000000E+00  0.000000E+00  2.508680E+06  3.495980E+03
  7.193693E+04  1.438739E+05  9.000000E+01  9.000000E+01  9.000000E+01
  0.000000E+00 -1.512692E+01  2.450106E+13 -1.537996E+01 -1.186993E+01
  1.032113E+01 -1.186993E+01  1.276110E+00  9.738341E+00  1.032113E+01
  9.738341E+00 -3.127692E+01  5.012452E+01  3.603706E+01  3.380491E+01
  3.931262E+02  1.173071E+04  1.377571E+02  0.000000E+00  0.000000E+00
  0.000000E+00  1.377571E+02  0.000000E+00  0.000000E+00  0.000000E+00
  1.321956E+02 -2.399949E+04
     78000  9.070152E+00        52
  2.450106E+13  1.000000E+03 -5.816351E+05  1.028854E+05 -6.918866E+05
  0.000000E+00  0.000000E+00  0.000000E+00  0.000000E+00 -5.785314E+05
  0.000000E+00 -4.194160E+04 -6.137542E+05  5.570805E+05  0.000000E+00
  0.000000E+00  0.000000E+00  0.000000E+00  2.513184E+06  2.579654E-02
  7.366050E+03  1.473210E+04  9.000000E+01  9.000000E+01  9.000000E+01
  0.000000E+00  1.009735E+01  2.450106E+13  1.034364E+01  1.244599E+00
  5.493827E-01  1.244599E+00  1.128460E+01  7.765408E-01  5.493827E-01
  7.765408E-01  8.663807E+00  5.012784E+01  3.612041E+01  3.376742E+01
  4.026026E+02  1.174333E+04  1.378395E+02  0.000000E+00  0.000000E+00
  0.000000E+00  1.378395E+02  0.000000E+00  0.000000E+00  0.000000E+00
  1.322747E+02  1.604862E+04
     79000  9.186436E+00        52
  2.450106E+13  9.999880E+02 -5.817158E+05  1.027529E+05 -6.918216E+05
  0.000000E+00  0.000000E+00  0.000000E+00  0.000000E+00 -5.786122E+05
  0.000000E+00 -4.153370E+04 -6.130372E+05  5.567978E+05  0.000000E+00
  0.000000E+00  0.000000E+00  0.000000E+00  2.517898E+06  7.546582E-02
  7.352816E+03  1.470563E+04  9.000000E+01  9.000000E+01  9.000000E+01
  0.000000E+00  9.993042E+00  2.450106E+13  1.028378E+01  1.215734E+00
  5.837759E-01  1.215734E+00  1.116437E+01  7.064456E-01  5.837759E-01
  7.064456E-01  8.530982E+00  5.048676E+01  3.642212E+01  3.402016E+01
  4.192300E+02  1.176277E+04  1.379257E+02  0.000000E+00  0.000000E+00
  0.000000E+00  1.379257E+02  0.000000E+00  0.000000E+00  0.000000E+00
  1.323573E+02  1.591263E+04
     80000  9.302720E+00        52
  2.450106E+13  1.000025E+03 -5.818836E+05  1.025421E+05 -6.917673E+05
  0.000000E+00  0.000000E+00  0.000000E+00  0.000000E+00 -5.787798E+05
  0.000000E+00 -4.118842E+04 -6.120576E+05  5.561860E+05  0.000000E+00
  0.000000E+00  0.000000E+00  0.000000E+00  2.522602E+06  2.747910E-01
  7.341606E+03  1.468321E+04  9.000000E+01  9.000000E+01  9.000000E+01
  0.000000E+00  9.902314E+00  2.450106E+13  9.981878E+00  1.134913E+00
  5.368745E-01  1.134913E+00  1.124315E+01  8.086741E-01  5.368745E-01
  8.086741E-01  8.481912E+00  5.118729E+01  3.693536E+01  3.449768E+01
  4.427769E+02  1.178940E+04  1.380115E+02  0.000000E+00  0.000000E+00
  0.000000E+00  1.380115E+02  0.000000E+00  0.000000E+00  0.000000E+00
  1.324397E+02  1.579761E+04
     81000  9.419004E+00        52
  2.450106E+13  1.000000E+03 -5.821848E+05  1.025194E+05 -6.920171E+05
  0.000000E+00  0.000000E+00  0.000000E+00  0.000000E+00 -5.790811E+05
  0.000000E+00 -4.184692E+04 -6.121178E+05  5.556452E+05  0.000000E+00
  0.000000E+00  0.000000E+00  0.000000E+00  2.531386E+06  2.487058E-02
  7.312829E+03  1.462566E+04  9.000000E+01  9.000000E+01  9.000000E+01
  0.000000E+00  1.000503E+01  2.450106E+13  1.186777E+01 -8.457828E-01
  9.828709E-01 -8.457828E-01  9.643228E+00 -3.222509E-01  9.828709E-01
 -3.222509E-01  8.504099E+00  5.155066E+01  3.725131E+01  3.483999E+01
  4.602313E+02  1.181330E+04  1.381715E+02  0.000000E+00  0.000000E+00
  0.000000E+00  1.381715E+02  0.000000E+00  0.000000E+00  0.000000E+00
  1.325933E+02  1.601706E+04
     82000  9.535288E+00        52
  2.450106E+13  9.999233E+02 -5.822730E+05  1.024291E+05 -6.920715E+05
  0.000000E+00  0.000000E+00  0.000000E+00  0.000000E+00 -5.791695E+05
  0.000000E+00 -4.148562E+04 -6.114777E+05  5.552534E+05  0.000000E+00
  0.000000E+00  0.000000E+00  0.000000E+00  2.536171E+06  1.008928E-01
  7.369362E+03  1.473872E+04  9.000000E+01  9.000000E+01  9.000000E+01
  0.000000E+00  9.910966E+00  2.450106E+13  1.183993E+01 -5.100416E-01
  9.760129E-01 -5.100416E-01  9.277064E+00 -2.727193E-01  9.760129E-01
 -2.727193E-01  8.615904E+00  5.150632E+01  3.721331E+01  3.482613E+01
  4.666710E+02  1.182572E+04  1.382585E+02  0.000000E+00  0.000000E+00
  0.000000E+00  1.382585E+02  0.000000E+00  0.000000E+00  0.000000E+00
  1.326768E+02  1.589647E+04
     83000  9.651572E+00        52
  2.450106E+13  9.994071E+02 -5.823071E+05  1.024107E+05 -6.920952E+05
  0.000000E+00  0.000000E+00  0.000000E+00  0.000000E+00 -5.792052E+05
  0.000000E+00 -4.187982E+04 -6.115039E+05  5.548692E+05  0.000000E+00
  0.000000E+00  0.000000E+00  0.000000E+00  2.540925E+06  3.259204E+00
  7.377461E+03  1.475492E+04  9.000000E+01  9.000000E+01  9.000000E+01
  0.000000E+00  9.973533E+00  2.450106E+13  1.096139E+01 -5.035073E-01
  6.112257E-01 -5.035073E-01  9.827506E+00  3.119376E-01  6.112257E-01
  3.119376E-01  9.131700E+00  5.180801E+01  3.740609E+01  3.511452E+01
  4.786404E+02  1.184237E+04  1.383448E+02  0.000000E+00  0.000000E+00
  0.000000E+00  1.383448E+02  0.000000E+00  0.000000E+00  0.000000E+00
  1.327596E+02  1.602680E+04
     84000  9.767856E+00        52
  2.450106E+13  1.000000E+03 -5.824338E+05  1.023294E+05 -6.921107E+05
  0.000000E+00  0.000000E+00  0.000000E+00  0.000000E+00 -5.793301E+05
  0.000000E+00 -4.197992E+04 -6.111168E+05  5.544418E+05  0.000000E+00
  0.000000E+00  0.000000E+00  0.000000E+00  2.545742E+06  2.481848E-02
  7.347494E+03  1.469499E+04  9.000000E+01  9.000000E+01  9.000000E+01
  0.000000E+00  9.976146E+00  2.450106E+13  9.779538E+00 -3.936568E-01
  3.068686E-01 -3.936568E-01  9.972366E+00  5.278733E-01  3.068686E-01
  5.278733E-01  1.017653E+01  5.220001E+01  3.777801E+01  3.549936E+01
  4.874925E+02  1.185298E+04  1.384322E+02  0.000000E+00  0.000000E+00
  0.000000E+00  1.384322E+02  0.000000E+00  0.000000E+00  0.000000E+00
  1.328434E+02  1.606139E+04
     85000  9.884140E+00        52
  2.450106E+13  1.000021E+03 -5.824824E+05  1.022591E+05 -6.921123E+05
  0.000000E+00  0.000000E+00  0.000000E+00  0.000000E+00 -5.793786E+05
  0.000000E+00 -4.220850E+04 -6.108015E+05  5.538512E+05  0.000000E+00
