title: #Li56 La24 Zr16 O96                                                     
energy unitS: electron Volts
         0  0.000000E+00        52
 -1.165649E+05  3.500000E+02 -1.167994E+05  1.362317E+04 -1.304225E+05
  0.000000E+00  0.000000E+00  0.000000E+00  0.000000E+00 -1.165648E+05
  0.000000E+00  3.377908E+04 -9.662661E+04  1.304057E+05  0.000000E+00
  0.000000E+00  0.000000E+00  0.000000E+00  6.008194E+04  0.000000E+00
  0.000000E+00  0.000000E+00  9.000000E+01  9.000000E+01  9.000000E+01
  0.000000E+00 -2.922166E+02  0.000000E+00 -3.056798E+02 -5.552913E-02
 -1.772661E-02 -5.552913E-02 -3.055629E+02 -3.008693E-02 -1.772661E-02
 -3.008693E-02 -2.654070E+02  0.000000E+00  0.000000E+00  0.000000E+00
  0.000000E+00  0.000000E+00  3.970821E+01  0.000000E+00  0.000000E+00
  0.000000E+00  3.970821E+01  0.000000E+00  0.000000E+00  0.000000E+00
  3.810512E+01 -1.110337E+04
      1000  5.000000E-01        52
 -1.240822E+05  3.500000E+02 -1.243174E+05  2.446169E+04 -1.498524E+05
  0.000000E+00  0.000000E+00  0.000000E+00  0.000000E+00 -1.240829E+05
  0.000000E+00  8.709514E+02 -1.510966E+05  1.498211E+05  0.000000E+00
  0.000000E+00  0.000000E+00  0.000000E+00  5.825988E+04  1.165741E-02
  1.073251E+03  2.146503E+03  9.000000E+01  9.000000E+01  9.000000E+01
  0.000000E+00 -3.636704E+00  7.523415E-01 -1.966636E+01  2.198779E+00
 -2.151817E-01  2.198779E+00 -1.738193E+01 -6.227622E+00 -2.151817E-01
 -6.227622E+00  2.613817E+01  1.946848E+00  5.945766E-01  6.848961E-01
  1.288179E+00  1.312936E+00  3.930268E+01  0.000000E+00  0.000000E+00
  0.000000E+00  3.930268E+01  0.000000E+00  0.000000E+00  0.000000E+00
  3.771596E+01 -1.339935E+02
      2000  1.000000E+00        52
 -1.242331E+05  3.502976E+02 -1.244685E+05  2.451230E+04 -1.500993E+05
  0.000000E+00  0.000000E+00  0.000000E+00  0.000000E+00 -1.242338E+05
  0.000000E+00  1.215066E+03 -1.510901E+05  1.500682E+05  0.000000E+00
  0.000000E+00  0.000000E+00  0.000000E+00  5.784616E+04  1.837168E-01
  1.118486E+03  2.236971E+03  9.000000E+01  9.000000E+01  9.000000E+01
  0.000000E+00 -6.794542E+00  7.568701E-01 -1.688323E+01  2.188474E+00
  6.035659E-01  2.188474E+00 -1.552049E+01 -2.837085E+00  6.035659E-01
 -2.837085E+00  1.202010E+01  2.404602E+00  1.041838E+00  1.132023E+00
  1.933815E+00  1.926456E+00  3.920943E+01  0.000000E+00  0.000000E+00
  0.000000E+00  3.920943E+01  0.000000E+00  0.000000E+00  0.000000E+00
  3.762647E+01 -2.485655E+02
      3000  1.500000E+00        52
  8.787448E+07  1.800211E+07 -1.257586E+05  1.371106E+04 -1.428567E+05
  0.000000E+00  0.000000E+00  0.000000E+00  0.000000E+00  1.193491E+07
  0.000000E+00  6.768102E+04 -8.187777E+04  1.427847E+05  0.000000E+00
  0.000000E+00  0.000000E+00  0.000000E+00  7.138604E+04  3.554941E+07
  3.387054E+03  6.774108E+03  9.000000E+01  9.000000E+01  9.000000E+01
  0.000000E+00  1.775990E+05  7.593957E+07  3.439420E+05 -2.441617E+05
 -7.388439E+04 -2.441617E+05  1.731055E+05  5.248859E+04 -7.388439E+04
  5.248859E+04  1.574949E+04  2.820044E+00  1.225921E+00  1.251490E+00
  2.419504E+00  5.266168E+02  4.205685E+01  0.000000E+00  0.000000E+00
  0.000000E+00  4.205685E+01  0.000000E+00  0.000000E+00  0.000000E+00
  4.035894E+01  8.017885E+06
      4000  2.000000E+00        52
  6.775957E+07  3.500000E+02 -1.240754E+05  2.368823E+04 -1.489530E+05
  0.000000E+00  0.000000E+00  0.000000E+00  0.000000E+00 -1.238409E+05
  0.000000E+00  7.758577E+03 -1.435050E+05  1.488850E+05  0.000000E+00
  0.000000E+00  0.000000E+00  0.000000E+00  7.041344E+04  1.190734E-02
  1.189289E+03  2.378578E+03  9.000000E+01  9.000000E+01  9.000000E+01
  0.000000E+00 -5.456589E+01  6.788341E+07 -5.573117E+01  3.883133E-01
 -7.826794E-01  3.883133E-01 -5.955380E+01 -1.330883E+00 -7.826794E-01
 -1.330883E+00 -4.841269E+01  3.793091E+00  2.114782E+00  1.701658E+00
  3.431766E+00  5.760668E+02  4.186498E+01  0.000000E+00  0.000000E+00
  0.000000E+00  4.186498E+01  0.000000E+00  0.000000E+00  0.000000E+00
  4.017481E+01 -2.429869E+03
      5000  2.500000E+00        52
  6.775934E+07  3.505175E+02 -1.243092E+05  2.410175E+04 -1.496188E+05
  0.000000E+00  0.000000E+00  0.000000E+00  0.000000E+00 -1.240743E+05
  0.000000E+00  5.518536E+03 -1.464614E+05  1.495641E+05  0.000000E+00
  0.000000E+00  0.000000E+00  0.000000E+00  6.639523E+04  1.310962E+00
  1.207928E+03  2.415856E+03  9.000000E+01  9.000000E+01  9.000000E+01
  0.000000E+00 -4.008023E+01  6.788341E+07 -4.233544E+01 -8.773437E-03
  1.128153E+00 -8.773437E-03 -4.062682E+01 -1.307132E+00  1.128153E+00
 -1.307132E+00 -3.727842E+01  4.028954E+00  2.189568E+00  1.941445E+00
  3.722173E+00  5.766692E+02  4.105297E+01  0.000000E+00  0.000000E+00
  0.000000E+00  4.105297E+01  0.000000E+00  0.000000E+00  0.000000E+00
  3.939559E+01 -1.682957E+03
      6000  3.000000E+00        52
  6.775922E+07  3.498446E+02 -1.244246E+05  2.435411E+04 -1.499832E+05
  0.000000E+00  0.000000E+00  0.000000E+00  0.000000E+00 -1.241902E+05
  0.000000E+00  3.971855E+03 -1.483739E+05  1.499368E+05  0.000000E+00
  0.000000E+00  0.000000E+00  0.000000E+00  6.384670E+04  9.246404E-01
  1.204478E+03  2.408956E+03  9.000000E+01  9.000000E+01  9.000000E+01
  0.000000E+00 -2.891917E+01  6.788341E+07 -3.253583E+01  2.795706E-01
 -7.053613E-01  2.795706E-01 -2.830954E+01 -1.631622E+00 -7.053613E-01
 -1.631622E+00 -2.591213E+01  4.014277E+00  2.245350E+00  1.989077E+00
  3.825607E+00  5.763208E+02  4.052084E+01  0.000000E+00  0.000000E+00
  0.000000E+00  4.052084E+01  0.000000E+00  0.000000E+00  0.000000E+00
  3.888495E+01 -1.167697E+03
      7000  3.500000E+00        52
  6.775917E+07  3.500000E+02 -1.244810E+05  2.455636E+04 -1.502337E+05
  0.000000E+00  0.000000E+00  0.000000E+00  0.000000E+00 -1.242465E+05
  0.000000E+00  2.713386E+03 -1.498715E+05  1.501921E+05  0.000000E+00
  0.000000E+00  0.000000E+00  0.000000E+00  6.207971E+04  1.164181E-02
  1.196357E+03  2.392714E+03  9.000000E+01  9.000000E+01  9.000000E+01
  0.000000E+00 -1.905575E+01  6.788341E+07 -2.037852E+01 -6.294571E-01
  2.211119E+00 -6.294571E-01 -2.288308E+01 -1.626885E-01  2.211119E+00
 -1.626885E-01 -1.390566E+01  4.140053E+00  2.290020E+00  2.000415E+00
  3.886242E+00  5.762221E+02  4.014353E+01  0.000000E+00  0.000000E+00
  0.000000E+00  4.014353E+01  0.000000E+00  0.000000E+00  0.000000E+00
  3.852286E+01 -7.481383E+02
      8000  4.000000E+00        52
  6.775911E+07  3.499113E+02 -1.245364E+05  2.470307E+04 -1.504354E+05
  0.000000E+00  0.000000E+00  0.000000E+00  0.000000E+00 -1.243019E+05
  0.000000E+00  1.914914E+03 -1.508736E+05  1.503966E+05  0.000000E+00
  0.000000E+00  0.000000E+00  0.000000E+00  6.092429E+04  1.786096E-01
  1.195998E+03  2.391995E+03  9.000000E+01  9.000000E+01  9.000000E+01
  0.000000E+00 -1.251034E+01  6.788341E+07 -1.577092E+01  2.892326E-01
 -1.442505E+00  2.892326E-01 -1.400268E+01 -1.416151E+00 -1.442505E+00
 -1.416151E+00 -7.757412E+00  4.076358E+00  2.202678E+00  1.975406E+00
  3.918326E+00  5.760308E+02  3.989292E+01  0.000000E+00  0.000000E+00
  0.000000E+00  3.989292E+01  0.000000E+00  0.000000E+00  0.000000E+00
  3.828237E+01 -4.820205E+02
      9000  4.500000E+00        52
  6.775907E+07  3.492015E+02 -1.245791E+05  2.471465E+04 -1.504929E+05
  0.000000E+00  0.000000E+00  0.000000E+00  0.000000E+00 -1.243451E+05
  0.000000E+00  1.597554E+03 -1.512574E+05  1.504566E+05  0.000000E+00
  0.000000E+00  0.000000E+00  0.000000E+00  6.009672E+04  9.143559E-01
  1.199176E+03  2.398353E+03  9.000000E+01  9.000000E+01  9.000000E+01
  0.000000E+00 -9.907561E+00  6.788341E+07 -1.117338E+01  4.769718E-01
 -4.493450E-01  4.769718E-01 -1.010431E+01 -2.707758E-01 -4.493450E-01
 -2.707758E-01 -8.444994E+00  4.320994E+00  2.312676E+00  2.160221E+00
  4.136892E+00  5.765403E+02  3.971147E+01  0.000000E+00  0.000000E+00
  0.000000E+00  3.971147E+01  0.000000E+00  0.000000E+00  0.000000E+00
  3.810824E+01 -3.765508E+02
     10000  5.000000E+00        52
  6.775905E+07  3.500000E+02 -1.246011E+05  2.474518E+04 -1.505354E+05
  0.000000E+00  0.000000E+00  0.000000E+00  0.000000E+00 -1.243666E+05
  0.000000E+00  1.300846E+03 -1.515771E+05  1.504998E+05  0.000000E+00
  0.000000E+00  0.000000E+00  0.000000E+00  5.958056E+04  1.163630E-02
  1.189104E+03  2.378207E+03  9.000000E+01  9.000000E+01  9.000000E+01
  0.000000E+00 -7.359127E+00  6.788341E+07 -9.896213E+00 -1.175355E+00
 -1.068855E+00 -1.175355E+00 -8.752832E+00 -3.602625E-01 -1.068855E+00
 -3.602625E-01 -3.428337E+00  4.357346E+00  2.296522E+00  2.185701E+00
  4.143597E+00  5.758532E+02  3.959745E+01  0.000000E+00  0.000000E+00
  0.000000E+00  3.959745E+01  0.000000E+00  0.000000E+00  0.000000E+00
  3.799883E+01 -2.772917E+02
     11000  5.500000E+00        52
  6.775905E+07  3.407265E+02 -1.246357E+05  2.485467E+04 -1.506728E+05
  0.000000E+00  0.000000E+00  0.000000E+00  0.000000E+00 -1.244074E+05
  0.000000E+00  4.229345E+02 -1.525823E+05  1.506404E+05  0.000000E+00
  0.000000E+00  0.000000E+00  0.000000E+00  5.844717E+04  9.951912E-01
  1.182419E+03  2.364838E+03  9.000000E+01  9.000000E+01  9.000000E+01
  0.000000E+00  3.031018E-01  6.788345E+07 -2.251853E+00 -1.800064E+00
 -3.041038E-02 -1.800064E+00  6.143355E-01  6.605182E-01 -3.041038E-02
  6.605182E-01  2.546823E+00  2.587754E-01  2.199713E-01  1.893950E-01
  3.180173E-01  2.668447E-01  3.934475E+01  0.000000E+00  0.000000E+00
  0.000000E+00  3.934475E+01  0.000000E+00  0.000000E+00  0.000000E+00
  3.775633E+01  1.120361E+01
     12000  6.000000E+00        52
  6.775905E+07  3.437272E+02 -1.246547E+05  2.477421E+04 -1.506078E+05
  0.000000E+00  0.000000E+00  0.000000E+00  0.000000E+00 -1.244244E+05
  0.000000E+00  6.684249E+02 -1.522644E+05  1.505751E+05  0.000000E+00
  0.000000E+00  0.000000E+00  0.000000E+00  5.827322E+04  1.226581E+00
  1.178863E+03  2.357726E+03  9.000000E+01  9.000000E+01  9.000000E+01
  0.000000E+00 -1.880062E+00  6.788347E+07 -3.649419E+00 -1.845182E+00
 -1.614596E+00 -1.845182E+00 -2.676763E+00 -9.179855E-01 -1.614596E+00
 -9.179855E-01  6.859955E-01  3.270785E-01  2.478636E-01  2.152961E-01
  3.916157E-01  3.346797E-01  3.930568E+01  0.000000E+00  0.000000E+00
  0.000000E+00  3.930568E+01  0.000000E+00  0.000000E+00  0.000000E+00
  3.771884E+01 -6.928628E+01
     13000  6.500000E+00        52
  6.775905E+07  3.546932E+02 -1.246525E+05  2.484958E+04 -1.506722E+05
  0.000000E+00  0.000000E+00  0.000000E+00  0.000000E+00 -1.244148E+05
  0.000000E+00  3.062053E+02 -1.526742E+05  1.506400E+05  0.000000E+00
  0.000000E+00  0.000000E+00  0.000000E+00  5.814841E+04  1.412637E+00
  1.170181E+03  2.340361E+03  9.000000E+01  9.000000E+01  9.000000E+01
  0.000000E+00  1.532361E+00  6.788346E+07  6.436683E-01 -6.623224E-01
  1.816932E-01 -6.623224E-01 -3.382393E-01 -1.185448E+00  1.816932E-01
 -1.185448E+00  4.291653E+00  3.447752E-01  2.830996E-01  2.261150E-01
  4.139599E-01  3.557605E-01  3.927760E+01  0.000000E+00  0.000000E+00
  0.000000E+00  3.927760E+01  0.000000E+00  0.000000E+00  0.000000E+00
  3.769189E+01  5.635142E+01
     14000  7.000000E+00        52
  6.775905E+07  3.590309E+02 -1.246574E+05  2.483414E+04 -1.506838E+05
  0.000000E+00  0.000000E+00  0.000000E+00  0.000000E+00 -1.244169E+05
  0.000000E+00  5.038955E+02 -1.525327E+05  1.506521E+05  0.000000E+00
  0.000000E+00  0.000000E+00  0.000000E+00  5.816234E+04  1.551875E+00
  1.192237E+03  2.384473E+03  9.000000E+01  9.000000E+01  9.000000E+01
  0.000000E+00 -2.068321E-01  6.788346E+07 -3.435309E-01 -1.449948E+00
  1.106590E+00 -1.449948E+00 -1.438195E+00  2.711869E-01  1.106590E+00
  2.711869E-01  1.161230E+00  3.735008E-01  2.842094E-01  2.538266E-01
  4.523321E-01  3.891858E-01  3.928074E+01  0.000000E+00  0.000000E+00
  0.000000E+00  3.928074E+01  0.000000E+00  0.000000E+00  0.000000E+00
  3.769490E+01 -7.607920E+00
     15000  7.500000E+00        52
  6.775905E+07  3.445583E+02 -1.246718E+05  2.483052E+04 -1.506805E+05
  0.000000E+00  0.000000E+00  0.000000E+00  0.000000E+00 -1.244409E+05
  0.000000E+00  5.052615E+02 -1.524995E+05  1.506484E+05  0.000000E+00
  0.000000E+00  0.000000E+00  0.000000E+00  5.824671E+04  1.555437E+00
  1.178179E+03  2.356358E+03  9.000000E+01  9.000000E+01  9.000000E+01
  0.000000E+00 -3.943735E-01  6.788349E+07 -1.577389E+00 -1.156309E+00
 -6.941300E-01 -1.156309E+00 -9.454632E-01  8.347866E-01 -6.941300E-01
  8.347866E-01  1.339732E+00  3.890445E-01  2.927799E-01  2.506867E-01
  4.552937E-01  3.939674E-01  3.929972E+01  0.000000E+00  0.000000E+00
  0.000000E+00  3.929972E+01  0.000000E+00  0.000000E+00  0.000000E+00
  3.771312E+01 -1.452731E+01
     16000  8.000000E+00        52
  6.775905E+07  3.466730E+02 -1.246801E+05  2.477834E+04 -1.506311E+05
  0.000000E+00  0.000000E+00  0.000000E+00  0.000000E+00 -1.244478E+05
  0.000000E+00  5.880872E+02 -1.523565E+05  1.505992E+05  0.000000E+00
  0.000000E+00  0.000000E+00  0.000000E+00  5.818312E+04  1.592442E+00
  1.172659E+03  2.345319E+03  9.000000E+01  9.000000E+01  9.000000E+01
  0.000000E+00 -1.119445E+00  6.788349E+07 -2.717630E+00 -1.526099E+00
 -5.340455E-01 -1.526099E+00 -3.815606E+00 -5.442878E-01 -5.340455E-01
 -5.442878E-01  3.174900E+00  4.112497E-01  3.051405E-01  2.666212E-01
  4.933282E-01  4.285185E-01  3.928541E+01  0.000000E+00  0.000000E+00
  0.000000E+00  3.928541E+01  0.000000E+00  0.000000E+00  0.000000E+00
  3.769939E+01 -4.119135E+01
     17000  8.500000E+00        52
  6.775905E+07  3.449326E+02 -1.246760E+05  2.479641E+04 -1.506434E+05
  0.000000E+00  0.000000E+00  0.000000E+00  0.000000E+00 -1.244449E+05
  0.000000E+00  5.138549E+02 -1.524395E+05  1.506116E+05  0.000000E+00
  0.000000E+00  0.000000E+00  0.000000E+00  5.811480E+04  1.659876E+00
  1.170913E+03  2.341825E+03  9.000000E+01  9.000000E+01  9.000000E+01
  0.000000E+00 -4.686584E-01  6.788349E+07 -2.186929E+00 -2.761595E-01
 -1.020080E+00 -2.761595E-01 -2.017037E+00 -6.319757E-02 -1.020080E+00
 -6.319757E-02  2.797990E+00  4.047585E-01  2.969771E-01  2.713218E-01
  4.851537E-01  4.205295E-01  3.927003E+01  0.000000E+00  0.000000E+00
  0.000000E+00  3.927003E+01  0.000000E+00  0.000000E+00  0.000000E+00
  3.768463E+01 -1.722460E+01
     18000  9.000000E+00        52
  6.775905E+07  3.576628E+02 -1.246752E+05  2.479450E+04 -1.506533E+05
  0.000000E+00  0.000000E+00  0.000000E+00  0.000000E+00 -1.244355E+05
  0.000000E+00  4.956313E+02 -1.524933E+05  1.506217E+05  0.000000E+00
  0.000000E+00  0.000000E+00  0.000000E+00  5.802294E+04  1.787590E+00
  1.183603E+03  2.367206E+03  9.000000E+01  9.000000E+01  9.000000E+01
  0.000000E+00 -1.489101E-01  6.788348E+07 -4.275119E-01 -7.561118E-01
 -1.414440E-02 -7.561118E-01 -1.979761E+00 -5.588207E-02 -1.414440E-02
 -5.588207E-02  1.960542E+00  4.369294E-01  3.130601E-01  2.733314E-01
  5.124478E-01  4.448234E-01  3.924933E+01  0.000000E+00  0.000000E+00
  0.000000E+00  3.924933E+01  0.000000E+00  0.000000E+00  0.000000E+00
  3.766476E+01 -5.464243E+00
     19000  9.500000E+00        52
  6.775905E+07  3.536080E+02 -1.246771E+05  2.483499E+04 -1.506912E+05
  0.000000E+00  0.000000E+00  0.000000E+00  0.000000E+00 -1.244402E+05
  0.000000E+00  4.231808E+02 -1.525942E+05  1.506592E+05  0.000000E+00
  0.000000E+00  0.000000E+00  0.000000E+00  5.811926E+04  1.778625E+00
  1.179071E+03  2.358143E+03  9.000000E+01  9.000000E+01  9.000000E+01
  0.000000E+00  4.591085E-01  6.788349E+07 -4.205155E-01 -9.593776E-02
  6.726574E-01 -9.593776E-02 -1.447411E+00  1.665778E+00  6.726574E-01
  1.665778E+00  3.245252E+00  4.198372E-01  2.927051E-01  2.656697E-01
  4.925597E-01  4.287139E-01  3.927104E+01  0.000000E+00  0.000000E+00
  0.000000E+00  3.927104E+01  0.000000E+00  0.000000E+00  0.000000E+00
  3.768559E+01  1.687491E+01
     20000  1.000000E+01        52
  6.775905E+07  3.442942E+02 -1.246844E+05  2.481421E+04 -1.506713E+05
  0.000000E+00  0.000000E+00  0.000000E+00  0.000000E+00 -1.244537E+05
  0.000000E+00  4.776407E+02 -1.525072E+05  1.506395E+05  0.000000E+00
  0.000000E+00  0.000000E+00  0.000000E+00  5.814790E+04  1.781341E+00
  1.172636E+03  2.345271E+03  9.000000E+01  9.000000E+01  9.000000E+01
  0.000000E+00 -1.478850E-01  6.788350E+07 -2.824702E+00 -2.039856E+00
  1.655524E-01 -2.039856E+00 -4.273280E-01  1.271922E+00  1.655524E-01
  1.271922E+00  2.808375E+00  4.476555E-01  3.115121E-01  2.814059E-01
  5.116202E-01  4.474951E-01  3.927749E+01  0.000000E+00  0.000000E+00
  0.000000E+00  3.927749E+01  0.000000E+00  0.000000E+00  0.000000E+00
  3.769178E+01 -5.438313E+00
     21000  1.050000E+01        52
  6.775905E+07  3.441854E+02 -1.246837E+05  2.480406E+04 -1.506648E+05
  0.000000E+00  0.000000E+00  0.000000E+00  0.000000E+00 -1.244531E+05
  0.000000E+00  4.880658E+02 -1.524991E+05  1.506331E+05  0.000000E+00
  0.000000E+00  0.000000E+00  0.000000E+00  5.800407E+04  1.784459E+00
  1.177034E+03  2.354067E+03  9.000000E+01  9.000000E+01  9.000000E+01
  0.000000E+00 -2.443078E-01  6.788350E+07 -4.912664E-01  2.460635E-01
  1.515927E+00  2.460635E-01 -1.725062E+00  1.072262E+00  1.515927E+00
  1.072262E+00  1.483405E+00  4.518771E-01  3.072350E-01  2.766515E-01
  5.179325E-01  4.507584E-01  3.924507E+01  0.000000E+00  0.000000E+00
  0.000000E+00  3.924507E+01  0.000000E+00  0.000000E+00  0.000000E+00
  3.766068E+01 -8.961936E+00
     22000  1.100000E+01        52
  6.775905E+07  3.499188E+02 -1.246835E+05  2.481741E+04 -1.506914E+05
  0.000000E+00  0.000000E+00  0.000000E+00  0.000000E+00 -1.244490E+05
  0.000000E+00  4.605896E+02 -1.525805E+05  1.506601E+05  0.000000E+00
  0.000000E+00  0.000000E+00  0.000000E+00  5.793686E+04  1.878948E+00
  1.190515E+03  2.381030E+03  9.000000E+01  9.000000E+01  9.000000E+01
  0.000000E+00  7.525914E-02  6.788350E+07  4.865005E-01 -2.152583E+00
  3.815536E-01 -2.152583E+00 -1.914239E+00  2.532010E-01  3.815536E-01
  2.532010E-01  1.653516E+00  4.448498E-01  3.117134E-01  2.775070E-01
  5.217385E-01  4.522053E-01  3.922991E+01  0.000000E+00  0.000000E+00
  0.000000E+00  3.922991E+01  0.000000E+00  0.000000E+00  0.000000E+00
  3.764613E+01  2.757530E+00
     23000  1.150000E+01        52
  6.775905E+07  3.588685E+02 -1.246819E+05  2.480977E+04 -1.506859E+05
  0.000000E+00  0.000000E+00  0.000000E+00  0.000000E+00 -1.244414E+05
  0.000000E+00  6.498904E+02 -1.523924E+05  1.506539E+05  0.000000E+00
  0.000000E+00  0.000000E+00  0.000000E+00  5.814479E+04  1.955566E+00
  1.194228E+03  2.388456E+03  9.000000E+01  9.000000E+01  9.000000E+01
  0.000000E+00 -1.532293E+00  6.788349E+07 -5.439617E+00 -8.300002E-01
  5.277943E-01 -8.300002E-01 -1.492124E+00  1.000700E+00  5.277943E-01
  1.000700E+00  2.334862E+00  4.621430E-01  3.182973E-01  2.812252E-01
  5.238022E-01  4.548334E-01  3.927679E+01  0.000000E+00  0.000000E+00
  0.000000E+00  3.927679E+01  0.000000E+00  0.000000E+00  0.000000E+00
  3.769111E+01 -5.634543E+01
     24000  1.200000E+01        52
  6.775905E+07  3.539226E+02 -1.246845E+05  2.489433E+04 -1.507539E+05
  0.000000E+00  0.000000E+00  0.000000E+00  0.000000E+00 -1.244474E+05
  0.000000E+00  1.487369E+02 -1.529238E+05  1.507224E+05  0.000000E+00
  0.000000E+00  0.000000E+00  0.000000E+00  5.800180E+04  1.946189E+00
  1.175091E+03  2.350183E+03  9.000000E+01  9.000000E+01  9.000000E+01
  0.000000E+00  2.957801E+00  6.788349E+07 -4.198010E-01 -2.026340E-01
  1.175922E+00 -2.026340E-01  3.368167E+00  1.749306E+00  1.175922E+00
  1.749306E+00  5.925036E+00  4.745781E-01  3.184586E-01  2.836012E-01
  5.259124E-01  4.598604E-01  3.924456E+01  0.000000E+00  0.000000E+00
  0.000000E+00  3.924456E+01  0.000000E+00  0.000000E+00  0.000000E+00
  3.766019E+01  1.084967E+02
     25000  1.250000E+01        52
  6.775905E+07  3.454393E+02 -1.246972E+05  2.479402E+04 -1.506568E+05
  0.000000E+00  0.000000E+00  0.000000E+00  0.000000E+00 -1.244657E+05
  0.000000E+00  5.402559E+02 -1.524158E+05  1.506249E+05  0.000000E+00
  0.000000E+00  0.000000E+00  0.000000E+00  5.804578E+04  1.862633E+00
  1.165615E+03  2.331229E+03  9.000000E+01  9.000000E+01  9.000000E+01
  0.000000E+00 -7.027800E-01  6.788351E+07 -8.272828E-01 -2.117862E+00
  7.570058E-01 -2.117862E+00 -2.194909E+00  1.895311E+00  7.570058E-01
  1.895311E+00  9.138522E-01  4.814020E-01  3.280957E-01  2.895476E-01
  5.506097E-01  4.809766E-01  3.925448E+01  0.000000E+00  0.000000E+00
  0.000000E+00  3.925448E+01  0.000000E+00  0.000000E+00  0.000000E+00
  3.766970E+01 -2.579859E+01
     26000  1.300000E+01        52
  6.775905E+07  3.490969E+02 -1.246963E+05  2.478780E+04 -1.506757E+05
  0.000000E+00  0.000000E+00  0.000000E+00  0.000000E+00 -1.244623E+05
  0.000000E+00  6.149900E+02 -1.524128E+05  1.506444E+05  0.000000E+00
  0.000000E+00  0.000000E+00  0.000000E+00  5.796816E+04  1.910713E+00
  1.191689E+03  2.383378E+03  9.000000E+01  9.000000E+01  9.000000E+01
  0.000000E+00 -1.338679E+00  6.788351E+07 -2.545345E+00  9.589470E-02
  1.584197E+00  9.589470E-02 -4.357802E+00  6.815684E-01  1.584197E+00
  6.815684E-01  2.887108E+00  5.015154E-01  3.418473E-01  2.963148E-01
  5.633770E-01  4.926997E-01  3.923697E+01  0.000000E+00  0.000000E+00
  0.000000E+00  3.923697E+01  0.000000E+00  0.000000E+00  0.000000E+00
  3.765291E+01 -4.907633E+01
     27000  1.350000E+01        52
  6.775905E+07  3.525549E+02 -1.246909E+05  2.484172E+04 -1.507216E+05
  0.000000E+00  0.000000E+00  0.000000E+00  0.000000E+00 -1.244547E+05
  0.000000E+00  3.855923E+02 -1.526827E+05  1.506903E+05  0.000000E+00
  0.000000E+00  0.000000E+00  0.000000E+00  5.791413E+04  1.932050E+00
  1.188979E+03  2.377957E+03  9.000000E+01  9.000000E+01  9.000000E+01
  0.000000E+00  7.899840E-01  6.788350E+07 -6.513895E-01 -1.144803E+00
  1.732702E+00 -1.144803E+00 -1.212104E+00  2.129249E+00  1.732702E+00
  2.129249E+00  4.233445E+00  5.186215E-01  3.655065E-01  3.115205E-01
  5.849167E-01  5.129268E-01  3.922478E+01  0.000000E+00  0.000000E+00
  0.000000E+00  3.922478E+01  0.000000E+00  0.000000E+00  0.000000E+00
  3.764121E+01  2.893403E+01
     28000  1.400000E+01        52
  6.775905E+07  3.554523E+02 -1.246950E+05  2.485092E+04 -1.507250E+05
  0.000000E+00  0.000000E+00  0.000000E+00  0.000000E+00 -1.244568E+05
  0.000000E+00  3.085862E+02 -1.527432E+05  1.506936E+05  0.000000E+00
  0.000000E+00  0.000000E+00  0.000000E+00  5.795784E+04  1.938549E+00
  1.179101E+03  2.358202E+03  9.000000E+01  9.000000E+01  9.000000E+01
  0.000000E+00  1.524997E+00  6.788350E+07  1.140610E-01 -1.265612E+00
  1.686956E+00 -1.265612E+00 -6.037094E-01  2.260770E+00  1.686956E+00
  2.260770E+00  5.064639E+00  5.163037E-01  3.559479E-01  3.130307E-01
  5.835300E-01  5.109829E-01  3.923464E+01  0.000000E+00  0.000000E+00
  0.000000E+00  3.923464E+01  0.000000E+00  0.000000E+00  0.000000E+00
  3.765067E+01  5.589682E+01
     29000  1.450000E+01        52
  6.775905E+07  3.494848E+02 -1.246999E+05  2.479260E+04 -1.506682E+05
  0.000000E+00  0.000000E+00  0.000000E+00  0.000000E+00 -1.244658E+05
  0.000000E+00  5.314435E+02 -1.524566E+05  1.506368E+05  0.000000E+00
  0.000000E+00  0.000000E+00  0.000000E+00  5.791936E+04  1.909442E+00
  1.175643E+03  2.351285E+03  9.000000E+01  9.000000E+01  9.000000E+01
  0.000000E+00 -5.747903E-01  6.788351E+07 -1.313193E+00 -6.119549E-01
  1.024283E+00 -6.119549E-01 -1.925439E+00  9.621607E-02  1.024283E+00
  9.621607E-02  1.514261E+00  5.321683E-01  3.743480E-01  3.145386E-01
  5.930710E-01  5.192043E-01  3.922596E+01  0.000000E+00  0.000000E+00
  0.000000E+00  3.922596E+01  0.000000E+00  0.000000E+00  0.000000E+00
  3.764234E+01 -2.105422E+01
     30000  1.500000E+01        52
  6.775905E+07  3.539817E+02 -1.247040E+05  2.480475E+04 -1.506828E+05
  0.000000E+00  0.000000E+00  0.000000E+00  0.000000E+00 -1.244668E+05
  0.000000E+00  4.442722E+02 -1.525557E+05  1.506518E+05  0.000000E+00
  0.000000E+00  0.000000E+00  0.000000E+00  5.788496E+04  1.919540E+00
  1.174090E+03  2.348179E+03  9.000000E+01  9.000000E+01  9.000000E+01
  0.000000E+00  2.734761E-01  6.788351E+07 -1.564884E+00 -1.871938E+00
 -1.545948E-01 -1.871938E+00 -1.172313E+00  9.487975E-01 -1.545948E-01
  9.487975E-01  3.557625E+00  5.833181E-01  4.022598E-01  3.384781E-01
  6.308304E-01  5.560996E-01  3.921819E+01  0.000000E+00  0.000000E+00
  0.000000E+00  3.921819E+01  0.000000E+00  0.000000E+00  0.000000E+00
  3.763488E+01  1.001132E+01
     31000  1.550000E+01        52
  6.775905E+07  3.480862E+02 -1.246999E+05  2.478291E+04 -1.506634E+05
  0.000000E+00  0.000000E+00  0.000000E+00  0.000000E+00 -1.244667E+05
  0.000000E+00  5.084688E+02 -1.524845E+05  1.506319E+05  0.000000E+00
  0.000000E+00  0.000000E+00  0.000000E+00  5.788938E+04  1.945141E+00
  1.180552E+03  2.361104E+03  9.000000E+01  9.000000E+01  9.000000E+01
  0.000000E+00 -3.829697E-01  6.788351E+07 -2.217491E+00 -1.674065E+00
  1.072704E+00 -1.674065E+00 -3.564378E+00  1.717263E+00  1.072704E+00
  1.717263E+00  4.632960E+00  5.605960E-01  3.818097E-01  3.245276E-01
  6.143402E-01  5.392242E-01  3.921919E+01  0.000000E+00  0.000000E+00
  0.000000E+00  3.921919E+01  0.000000E+00  0.000000E+00  0.000000E+00
  3.763584E+01 -1.402069E+01
     32000  1.600000E+01        52
  6.775905E+07  3.458852E+02 -1.247018E+05  2.480122E+04 -1.506745E+05
  0.000000E+00  0.000000E+00  0.000000E+00  0.000000E+00 -1.244701E+05
  0.000000E+00  4.730987E+02 -1.525129E+05  1.506432E+05  0.000000E+00
  0.000000E+00  0.000000E+00  0.000000E+00  5.787290E+04  1.917094E+00
  1.171407E+03  2.342813E+03  9.000000E+01  9.000000E+01  9.000000E+01
  0.000000E+00 -8.780660E-02  6.788352E+07 -3.283824E+00  1.575632E-01
  1.344141E+00  1.575632E-01 -1.658279E+00  1.235775E+00  1.344141E+00
  1.235775E+00  4.678683E+00  5.901500E-01  3.975435E-01  3.487970E-01
  6.350064E-01  5.604641E-01  3.921547E+01  0.000000E+00  0.000000E+00
  0.000000E+00  3.921547E+01  0.000000E+00  0.000000E+00  0.000000E+00
  3.763227E+01 -3.213723E+00
     33000  1.650000E+01        52
  6.775905E+07  3.528629E+02 -1.247066E+05  2.485933E+04 -1.507326E+05
  0.000000E+00  0.000000E+00  0.000000E+00  0.000000E+00 -1.244701E+05
  0.000000E+00  2.120713E+02 -1.528227E+05  1.507013E+05  0.000000E+00
  0.000000E+00  0.000000E+00  0.000000E+00  5.784992E+04  1.943238E+00
  1.166721E+03  2.333442E+03  9.000000E+01  9.000000E+01  9.000000E+01
  0.000000E+00  2.375586E+00  6.788352E+07  1.466932E-01 -1.736736E+00
  1.007957E+00 -1.736736E+00  1.694658E+00  2.908102E-01  1.007957E+00
  2.908102E-01  5.285407E+00  5.827967E-01  3.945943E-01  3.412596E-01
  6.255303E-01  5.528037E-01  3.921028E+01  0.000000E+00  0.000000E+00
  0.000000E+00  3.921028E+01  0.000000E+00  0.000000E+00  0.000000E+00
  3.762729E+01  8.691195E+01
     34000  1.700000E+01        52
  6.775905E+07  3.499315E+02 -1.247071E+05  2.482103E+04 -1.507056E+05
  0.000000E+00  0.000000E+00  0.000000E+00  0.000000E+00 -1.244726E+05
  0.000000E+00  3.430206E+02 -1.526867E+05  1.506747E+05  0.000000E+00
  0.000000E+00  0.000000E+00  0.000000E+00  5.779876E+04  1.942864E+00
  1.177517E+03  2.355033E+03  9.000000E+01  9.000000E+01  9.000000E+01
  0.000000E+00  1.147724E+00  6.788352E+07 -9.314595E-01 -1.049005E+00
  2.095001E+00 -1.049005E+00 -1.445398E+00  1.587674E+00  2.095001E+00
  1.587674E+00  5.820028E+00  6.007276E-01  4.062430E-01  3.519749E-01
  6.528888E-01  5.768328E-01  3.919872E+01  0.000000E+00  0.000000E+00
  0.000000E+00  3.919872E+01  0.000000E+00  0.000000E+00  0.000000E+00
  3.761619E+01  4.195290E+01
     35000  1.750000E+01        52
  6.775905E+07  3.472562E+02 -1.247072E+05  2.481310E+04 -1.506842E+05
  0.000000E+00  0.000000E+00  0.000000E+00  0.000000E+00 -1.244745E+05
  0.000000E+00  3.661653E+02 -1.526147E+05  1.506531E+05  0.000000E+00
  0.000000E+00  0.000000E+00  0.000000E+00  5.786798E+04  1.976745E+00
  1.163910E+03  2.327819E+03  9.000000E+01  9.000000E+01  9.000000E+01
  0.000000E+00  9.028926E-01  6.788352E+07 -1.814041E+00 -8.434386E-01
  1.873075E+00 -8.434386E-01 -2.718592E-01 -3.148145E-01  1.873075E+00
 -3.148145E-01  4.794578E+00  5.948501E-01  4.051392E-01  3.441153E-01
  6.489043E-01  5.731175E-01  3.921436E+01  0.000000E+00  0.000000E+00
  0.000000E+00  3.921436E+01  0.000000E+00  0.000000E+00  0.000000E+00
  3.763120E+01  3.304307E+01
     36000  1.800000E+01        52
  6.775905E+07  3.469144E+02 -1.247064E+05  2.476315E+04 -1.506379E+05
  0.000000E+00  0.000000E+00  0.000000E+00  0.000000E+00 -1.244740E+05
  0.000000E+00  5.697173E+02 -1.523736E+05  1.506067E+05  0.000000E+00
  0.000000E+00  0.000000E+00  0.000000E+00  5.789213E+04  1.924470E+00
  1.168318E+03  2.336636E+03  9.000000E+01  9.000000E+01  9.000000E+01
  0.000000E+00 -9.548796E-01  6.788352E+07 -3.743604E+00 -2.836411E+00
  1.626373E+00 -2.836411E+00 -1.142440E+00  9.960201E-01  1.626373E+00
  9.960201E-01  2.021405E+00  5.981197E-01  3.953068E-01  3.513704E-01
  6.482247E-01  5.714473E-01  3.921981E+01  0.000000E+00  0.000000E+00
  0.000000E+00  3.921981E+01  0.000000E+00  0.000000E+00  0.000000E+00
  3.763644E+01 -3.496022E+01
     37000  1.850000E+01        52
  6.775905E+07  3.505297E+02 -1.247084E+05  2.477112E+04 -1.506532E+05
  0.000000E+00  0.000000E+00  0.000000E+00  0.000000E+00 -1.244736E+05
  0.000000E+00  4.939991E+02 -1.524754E+05  1.506221E+05  0.000000E+00
  0.000000E+00  0.000000E+00  0.000000E+00  5.785009E+04  1.973478E+00
  1.173653E+03  2.347306E+03  9.000000E+01  9.000000E+01  9.000000E+01
  0.000000E+00 -2.215652E-01  6.788352E+07 -1.537727E+00 -1.404289E+00
  1.553851E+00 -1.404289E+00 -1.152683E+00  1.563055E+00  1.553851E+00
  1.563055E+00  2.025715E+00  6.005882E-01  4.032809E-01  3.533936E-01
  6.627274E-01  5.834500E-01  3.921032E+01  0.000000E+00  0.000000E+00
  0.000000E+00  3.921032E+01  0.000000E+00  0.000000E+00  0.000000E+00
  3.762733E+01 -8.106093E+00
     38000  1.900000E+01        52
  6.775905E+07  3.541168E+02 -1.247114E+05  2.478821E+04 -1.506646E+05
  0.000000E+00  0.000000E+00  0.000000E+00  0.000000E+00 -1.244741E+05
  0.000000E+00  4.569781E+02 -1.525069E+05  1.506340E+05  0.000000E+00
  0.000000E+00  0.000000E+00  0.000000E+00  5.780434E+04  1.954083E+00
  1.164952E+03  2.329903E+03  9.000000E+01  9.000000E+01  9.000000E+01
  0.000000E+00  1.596529E-01  6.788352E+07 -8.290147E-01  1.513692E-01
  1.456362E+00  1.513692E-01 -2.483406E+00  6.914821E-01  1.456362E+00
  6.914821E-01  3.791379E+00  6.053605E-01  3.875160E-01  3.429784E-01
  6.649569E-01  5.853686E-01  3.919998E+01  0.000000E+00  0.000000E+00
  0.000000E+00  3.919998E+01  0.000000E+00  0.000000E+00  0.000000E+00
  3.761740E+01  5.836378E+00
     39000  1.950000E+01        52
  6.775905E+07  3.500781E+02 -1.247093E+05  2.478294E+04 -1.506649E+05
  0.000000E+00  0.000000E+00  0.000000E+00  0.000000E+00 -1.244747E+05
  0.000000E+00  4.620036E+02 -1.525175E+05  1.506341E+05  0.000000E+00
  0.000000E+00  0.000000E+00  0.000000E+00  5.788787E+04  1.919473E+00
  1.172690E+03  2.345380E+03  9.000000E+01  9.000000E+01  9.000000E+01
  0.000000E+00  6.439196E-02  6.788352E+07 -3.036061E+00 -5.659936E-01
  1.214965E+00 -5.659936E-01 -7.403345E-01  1.514885E+00  1.214965E+00
  1.514885E+00  3.969571E+00  5.999817E-01  3.998618E-01  3.513469E-01
  6.613964E-01  5.824917E-01  3.921885E+01  0.000000E+00  0.000000E+00
  0.000000E+00  3.921885E+01  0.000000E+00  0.000000E+00  0.000000E+00
  3.763551E+01  2.357356E+00
     40000  2.000000E+01        52
  6.775905E+07  3.513713E+02 -1.247123E+05  2.476360E+04 -1.506331E+05
  0.000000E+00  0.000000E+00  0.000000E+00  0.000000E+00 -1.244769E+05
  0.000000E+00  5.085765E+02 -1.524079E+05  1.506020E+05  0.000000E+00
  0.000000E+00  0.000000E+00  0.000000E+00  5.782733E+04  1.947472E+00
  1.157226E+03  2.314452E+03  9.000000E+01  9.000000E+01  9.000000E+01
  0.000000E+00 -3.442420E-01  6.788352E+07 -8.548940E-02 -3.661675E-01
  7.833488E-01 -3.661675E-01 -2.810258E+00  3.041694E-01  7.833488E-01
  3.041694E-01  1.863022E+00  6.369591E-01  4.337932E-01  3.893203E-01
  7.016718E-01  6.185315E-01  3.920517E+01  0.000000E+00  0.000000E+00
  0.000000E+00  3.920517E+01  0.000000E+00  0.000000E+00  0.000000E+00
  3.762239E+01 -1.258934E+01
     41000  2.050000E+01        52
  6.775905E+07  3.567648E+02 -1.247152E+05  2.470537E+04 -1.505880E+05
  0.000000E+00  0.000000E+00  0.000000E+00  0.000000E+00 -1.244762E+05
  0.000000E+00  8.135071E+02 -1.520782E+05  1.505569E+05  0.000000E+00
  0.000000E+00  0.000000E+00  0.000000E+00  5.793325E+04  2.079712E+00
  1.167424E+03  2.334848E+03  9.000000E+01  9.000000E+01  9.000000E+01
  0.000000E+00 -3.052114E+00  6.788352E+07 -4.272287E+00 -1.839282E+00
  2.994903E-01 -1.839282E+00 -4.110351E+00  1.233986E+00  2.994903E-01
  1.233986E+00 -7.737054E-01  6.254378E-01  4.128709E-01  3.779535E-01
  6.956800E-01  6.120934E-01  3.922910E+01  0.000000E+00  0.000000E+00
  0.000000E+00  3.922910E+01  0.000000E+00  0.000000E+00  0.000000E+00
  3.764535E+01 -1.118239E+02
     42000  2.100000E+01        52
  6.775905E+07  3.472232E+02 -1.247112E+05  2.473831E+04 -1.505944E+05
  0.000000E+00  0.000000E+00  0.000000E+00  0.000000E+00 -1.244786E+05
  0.000000E+00  5.926165E+02 -1.522597E+05  1.505627E+05  0.000000E+00
  0.000000E+00  0.000000E+00  0.000000E+00  5.791795E+04  1.939295E+00
  1.144799E+03  2.289597E+03  9.000000E+01  9.000000E+01  9.000000E+01
  0.000000E+00 -1.159080E+00  6.788353E+07 -3.190040E+00 -2.428948E+00
  1.719602E+00 -2.428948E+00 -1.739036E+00 -2.209139E-01  1.719602E+00
 -2.209139E-01  1.451835E+00  6.464410E-01  4.291294E-01  3.864438E-01
  7.116378E-01  6.270538E-01  3.922564E+01  0.000000E+00  0.000000E+00
  0.000000E+00  3.922564E+01  0.000000E+00  0.000000E+00  0.000000E+00
  3.764203E+01 -4.245538E+01
     43000  2.150000E+01        52
  6.775905E+07  3.475122E+02 -1.247174E+05  2.482356E+04 -1.507061E+05
  0.000000E+00  0.000000E+00  0.000000E+00  0.000000E+00 -1.244845E+05
  0.000000E+00  2.072115E+02 -1.527986E+05  1.506755E+05  0.000000E+00
  0.000000E+00  0.000000E+00  0.000000E+00  5.769419E+04  1.921704E+00
  1.165150E+03  2.330300E+03  9.000000E+01  9.000000E+01  9.000000E+01
  0.000000E+00  2.360897E+00  6.788353E+07  1.093910E+00 -4.030989E-01
  1.321592E+00 -4.030989E-01  1.323220E+00 -8.885489E-01  1.321592E+00
 -8.885489E-01  4.665559E+00  6.399896E-01  4.102223E-01  3.770011E-01
  7.075762E-01  6.239741E-01  3.917506E+01  0.000000E+00  0.000000E+00
  0.000000E+00  3.917506E+01  0.000000E+00  0.000000E+00  0.000000E+00
  3.759350E+01  8.614203E+01
     44000  2.200000E+01        52
  6.775905E+07  3.547347E+02 -1.247201E+05  2.479118E+04 -1.506803E+05
  0.000000E+00  0.000000E+00  0.000000E+00  0.000000E+00 -1.244824E+05
  0.000000E+00  3.873792E+02 -1.526002E+05  1.506494E+05  0.000000E+00
  0.000000E+00  0.000000E+00  0.000000E+00  5.779017E+04  2.011929E+00
  1.169099E+03  2.338199E+03  9.000000E+01  9.000000E+01  9.000000E+01
  0.000000E+00  8.020210E-01  6.788353E+07 -1.773084E+00 -2.474165E+00
  2.169541E-01 -2.474165E+00  1.853308E-01 -1.441443E+00  2.169541E-01
 -1.441443E+00  3.993816E+00  6.523637E-01  4.323797E-01  3.915808E-01
  7.231871E-01  6.386959E-01  3.919677E+01  0.000000E+00  0.000000E+00
  0.000000E+00  3.919677E+01  0.000000E+00  0.000000E+00  0.000000E+00
  3.761433E+01  2.931202E+01
     45000  2.250000E+01        52
  6.775905E+07  3.536885E+02 -1.247141E+05  2.478307E+04 -1.506533E+05
  0.000000E+00  0.000000E+00  0.000000E+00  0.000000E+00 -1.244772E+05
  0.000000E+00  3.736780E+02 -1.525612E+05  1.506226E+05  0.000000E+00
  0.000000E+00  0.000000E+00  0.000000E+00  5.773099E+04  1.937678E+00
  1.156133E+03  2.312267E+03  9.000000E+01  9.000000E+01  9.000000E+01
  0.000000E+00  9.151336E-01  6.788352E+07 -1.316682E+00 -1.690625E+00
  8.341346E-01 -1.690625E+00  4.586897E-02 -1.735424E+00  8.341346E-01
 -1.735424E+00  4.016214E+00  6.533962E-01  4.440132E-01  3.951024E-01
  7.273137E-01  6.418426E-01  3.918339E+01  0.000000E+00  0.000000E+00
  0.000000E+00  3.918339E+01  0.000000E+00  0.000000E+00  0.000000E+00
  3.760148E+01  3.341177E+01
     46000  2.300000E+01        52
  6.775905E+07  3.550496E+02 -1.247181E+05  2.481360E+04 -1.507042E+05
  0.000000E+00  0.000000E+00  0.000000E+00  0.000000E+00 -1.244802E+05
  0.000000E+00  3.402124E+02 -1.526779E+05  1.506732E+05  0.000000E+00
  0.000000E+00  0.000000E+00  0.000000E+00  5.779899E+04  1.993923E+00
  1.172445E+03  2.344891E+03  9.000000E+01  9.000000E+01  9.000000E+01
  0.000000E+00  1.235864E+00  6.788353E+07 -1.178145E+00 -2.495211E-01
  3.932711E-01 -2.495211E-01  7.227919E-02 -1.238003E+00  3.932711E-01
 -1.238003E+00  4.813459E+00  6.467206E-01  4.226490E-01  3.916339E-01
  7.203569E-01  6.333374E-01  3.919877E+01  0.000000E+00  0.000000E+00
  0.000000E+00  3.919877E+01  0.000000E+00  0.000000E+00  0.000000E+00
  3.761624E+01  4.517489E+01
     47000  2.350000E+01        52
  6.775905E+07  3.510098E+02 -1.247197E+05  2.475584E+04 -1.506427E+05
  0.000000E+00  0.000000E+00  0.000000E+00  0.000000E+00 -1.244845E+05
  0.000000E+00  5.276483E+02 -1.524190E+05  1.506122E+05  0.000000E+00
  0.000000E+00  0.000000E+00  0.000000E+00  5.774934E+04  2.027416E+00
  1.167213E+03  2.334426E+03  9.000000E+01  9.000000E+01  9.000000E+01
  0.000000E+00 -5.231950E-01  6.788353E+07 -2.065208E+00 -2.180505E+00
  3.028475E+00 -2.180505E+00 -1.840533E-01 -5.258664E-01  3.028475E+00
 -5.258664E-01  6.796765E-01  6.640828E-01  4.505504E-01  4.048708E-01
  7.440352E-01  6.549064E-01  3.918754E+01  0.000000E+00  0.000000E+00
  0.000000E+00  3.918754E+01  0.000000E+00  0.000000E+00  0.000000E+00
  3.760547E+01 -1.910806E+01
     48000  2.400000E+01        52
  6.775905E+07  3.512410E+02 -1.247216E+05  2.482127E+04 -1.507065E+05
  0.000000E+00  0.000000E+00  0.000000E+00  0.000000E+00 -1.244863E+05
  0.000000E+00  2.397470E+02 -1.527634E+05  1.506759E+05  0.000000E+00
  0.000000E+00  0.000000E+00  0.000000E+00  5.779084E+04  1.946865E+00
  1.163588E+03  2.327176E+03  9.000000E+01  9.000000E+01  9.000000E+01
  0.000000E+00  2.105780E+00  6.788353E+07  1.544665E+00 -1.869208E-01
  9.063791E-01 -1.869208E-01  1.277437E+00 -1.386203E+00  9.063791E-01
 -1.386203E+00  3.495237E+00  6.540452E-01  4.298859E-01  3.949679E-01
  7.232724E-01  6.397893E-01  3.919693E+01  0.000000E+00  0.000000E+00
  0.000000E+00  3.919693E+01  0.000000E+00  0.000000E+00  0.000000E+00
  3.761448E+01  7.696230E+01
     49000  2.450000E+01        52
  6.775905E+07  3.491380E+02 -1.247188E+05  2.474940E+04 -1.506335E+05
  0.000000E+00  0.000000E+00  0.000000E+00  0.000000E+00 -1.244849E+05
  0.000000E+00  4.681667E+02 -1.524653E+05  1.506029E+05  0.000000E+00
  0.000000E+00  0.000000E+00  0.000000E+00  5.766378E+04  1.934481E+00
  1.165295E+03  2.330590E+03  9.000000E+01  9.000000E+01  9.000000E+01
  0.000000E+00 -3.205215E-03  6.788353E+07 -4.017213E+00 -5.193279E-01
  1.390514E+00 -5.193279E-01  1.566263E+00 -1.355619E-01  1.390514E+00
 -1.355619E-01  2.441334E+00  6.905902E-01  4.521739E-01  4.242203E-01
  7.624759E-01  6.742303E-01  3.916818E+01  0.000000E+00  0.000000E+00
  0.000000E+00  3.916818E+01  0.000000E+00  0.000000E+00  0.000000E+00
  3.758689E+01 -1.168870E-01
     50000  2.500000E+01        52
  6.775905E+07  3.513503E+02 -1.247194E+05  2.472551E+04 -1.506009E+05
  0.000000E+00  0.000000E+00  0.000000E+00  0.000000E+00 -1.244840E+05
  0.000000E+00  5.990241E+02 -1.522833E+05  1.505703E+05  0.000000E+00
  0.000000E+00  0.000000E+00  0.000000E+00  5.777582E+04  1.982029E+00
  1.156004E+03  2.312007E+03  9.000000E+01  9.000000E+01  9.000000E+01
  0.000000E+00 -1.169938E+00  6.788353E+07 -2.190726E+00 -1.446836E+00
 -4.255512E-01 -1.446836E+00 -3.100843E+00 -4.355475E-01 -4.255512E-01
 -4.355475E-01  1.781755E+00  6.755281E-01  4.436325E-01  4.071146E-01
  7.525170E-01  6.631879E-01  3.919353E+01  0.000000E+00  0.000000E+00
  0.000000E+00  3.919353E+01  0.000000E+00  0.000000E+00  0.000000E+00
  3.761122E+01 -4.274792E+01
     51000  2.550000E+01        52
  6.775905E+07  3.472957E+02 -1.247205E+05  2.480143E+04 -1.506762E+05
  0.000000E+00  0.000000E+00  0.000000E+00  0.000000E+00 -1.244877E+05
  0.000000E+00  2.701520E+02 -1.526839E+05  1.506454E+05  0.000000E+00
  0.000000E+00  0.000000E+00  0.000000E+00  5.765967E+04  1.954003E+00
  1.154335E+03  2.308671E+03  9.000000E+01  9.000000E+01  9.000000E+01
  0.000000E+00  1.784310E+00  6.788353E+07 -2.341958E-01 -7.810482E-01
 -1.986429E-01 -7.810482E-01  5.440767E-01 -1.617184E+00 -1.986429E-01
 -1.617184E+00  5.043049E+00  6.954870E-01  4.555895E-01  4.229108E-01
  7.629723E-01  6.768313E-01  3.916725E+01  0.000000E+00  0.000000E+00
  0.000000E+00  3.916725E+01  0.000000E+00  0.000000E+00  0.000000E+00
  3.758600E+01  6.506516E+01
     52000  2.600000E+01        52
  6.775905E+07  3.416504E+02 -1.247196E+05  2.475994E+04 -1.506525E+05
  0.000000E+00  0.000000E+00  0.000000E+00  0.000000E+00 -1.244907E+05
  0.000000E+00  5.077304E+02 -1.524597E+05  1.506216E+05  0.000000E+00
  0.000000E+00  0.000000E+00  0.000000E+00  5.777740E+04  1.880420E+00
  1.172936E+03  2.345871E+03  9.000000E+01  9.000000E+01  9.000000E+01
  0.000000E+00 -4.556444E-01  6.788354E+07 -2.345470E+00 -8.194536E-01
  2.739013E-01 -8.194536E-01 -3.838042E-01 -1.013065E+00  2.739013E-01
 -1.013065E+00  1.362341E+00  6.739686E-01  4.427734E-01  4.068746E-01
  7.408487E-01  6.546256E-01  3.919389E+01  0.000000E+00  0.000000E+00
  0.000000E+00  3.919389E+01  0.000000E+00  0.000000E+00  0.000000E+00
  3.761156E+01 -1.664907E+01
     53000  2.650000E+01        52
  6.775905E+07  3.411550E+02 -1.247187E+05  2.475980E+04 -1.506344E+05
  0.000000E+00  0.000000E+00  0.000000E+00  0.000000E+00 -1.244901E+05
  0.000000E+00  4.125429E+02 -1.525026E+05  1.506035E+05  0.000000E+00
  0.000000E+00  0.000000E+00  0.000000E+00  5.775490E+04  1.945617E+00
  1.155849E+03  2.311697E+03  9.000000E+01  9.000000E+01  9.000000E+01
  0.000000E+00  4.068089E-01  6.788354E+07 -7.327297E-01 -1.855453E+00
  5.191881E-01 -1.855453E+00 -7.096857E-01 -8.213885E-01  5.191881E-01
 -8.213885E-01  2.662842E+00  6.954534E-01  4.538648E-01  4.171401E-01
  7.642248E-01  6.761265E-01  3.918880E+01  0.000000E+00  0.000000E+00
  0.000000E+00  3.918880E+01  0.000000E+00  0.000000E+00  0.000000E+00
  3.760667E+01  1.485885E+01
     54000  2.700000E+01        52
  6.775905E+07  3.516015E+02 -1.247222E+05  2.473213E+04 -1.506094E+05
  0.000000E+00  0.000000E+00  0.000000E+00  0.000000E+00 -1.244866E+05
  0.000000E+00  6.005665E+02 -1.522884E+05  1.505787E+05  0.000000E+00
  0.000000E+00  0.000000E+00  0.000000E+00  5.779300E+04  1.998895E+00
  1.155130E+03  2.310260E+03  9.000000E+01  9.000000E+01  9.000000E+01
  0.000000E+00 -1.180587E+00  6.788353E+07 -3.357895E+00 -2.238770E+00
  9.019397E-01 -2.238770E+00 -1.916421E+00 -3.716962E-01  9.019397E-01
 -3.716962E-01  1.732555E+00  6.866666E-01  4.471567E-01  4.105465E-01
  7.549288E-01  6.690099E-01  3.919741E+01  0.000000E+00  0.000000E+00
  0.000000E+00  3.919741E+01  0.000000E+00  0.000000E+00  0.000000E+00
  3.761494E+01 -4.314985E+01
     55000  2.750000E+01        52
  6.775905E+07  3.507983E+02 -1.247229E+05  2.474168E+04 -1.506225E+05
  0.000000E+00  0.000000E+00  0.000000E+00  0.000000E+00 -1.244878E+05
  0.000000E+00  5.418696E+02 -1.523653E+05  1.505914E+05  0.000000E+00
  0.000000E+00  0.000000E+00  0.000000E+00  5.777044E+04  1.914599E+00
  1.157893E+03  2.315785E+03  9.000000E+01  9.000000E+01  9.000000E+01
  0.000000E+00 -6.553390E-01  6.788353E+07 -1.357504E+00 -9.169812E-03
 -1.469194E+00 -9.169812E-03 -2.722384E+00 -1.720764E+00 -1.469194E+00
 -1.720764E+00  2.113871E+00  6.882738E-01  4.640011E-01  4.297692E-01
  7.615929E-01  6.751232E-01  3.919231E+01  0.000000E+00  0.000000E+00
  0.000000E+00  3.919231E+01  0.000000E+00  0.000000E+00  0.000000E+00
  3.761005E+01 -2.394295E+01
     56000  2.800000E+01        52
  6.775905E+07  3.503056E+02 -1.247275E+05  2.479715E+04 -1.506839E+05
  0.000000E+00  0.000000E+00  0.000000E+00  0.000000E+00 -1.244928E+05
  0.000000E+00  2.861058E+02 -1.526853E+05  1.506529E+05  0.000000E+00
  0.000000E+00  0.000000E+00  0.000000E+00  5.772100E+04  1.905559E+00
  1.159277E+03  2.318555E+03  9.000000E+01  9.000000E+01  9.000000E+01
  0.000000E+00  1.673561E+00  6.788354E+07  1.171906E-01 -2.554190E+00
 -1.422001E+00 -2.554190E+00  1.376978E+00 -1.778136E-01 -1.422001E+00
 -1.778136E-01  3.526514E+00  6.819229E-01  4.477085E-01  4.119232E-01
  7.485175E-01  6.628749E-01  3.918113E+01  0.000000E+00  0.000000E+00
  0.000000E+00  3.918113E+01  0.000000E+00  0.000000E+00  0.000000E+00
  3.759932E+01  6.109159E+01
     57000  2.850000E+01        52
  6.775905E+07  3.489357E+02 -1.247276E+05  2.474102E+04 -1.506197E+05
  0.000000E+00  0.000000E+00  0.000000E+00  0.000000E+00 -1.244938E+05
  0.000000E+00  4.662600E+02 -1.524255E+05  1.505895E+05  0.000000E+00
  0.000000E+00  0.000000E+00  0.000000E+00  5.765674E+04  1.907708E+00
  1.151118E+03  2.302235E+03  9.000000E+01  9.000000E+01  9.000000E+01
  0.000000E+00  1.174702E-02  6.788354E+07 -1.257111E+00 -1.395316E+00
  1.203326E-01 -1.395316E+00 -1.693033E+00 -7.997012E-01  1.203326E-01
 -7.997012E-01  2.985386E+00  7.015982E-01  4.701109E-01  4.292214E-01
  7.681637E-01  6.804909E-01  3.916658E+01  0.000000E+00  0.000000E+00
  0.000000E+00  3.916658E+01  0.000000E+00  0.000000E+00  0.000000E+00
  3.758536E+01  4.283351E-01
     58000  2.900000E+01        52
  6.775905E+07  3.516874E+02 -1.247237E+05  2.476884E+04 -1.506574E+05
  0.000000E+00  0.000000E+00  0.000000E+00  0.000000E+00 -1.244880E+05
  0.000000E+00  4.367505E+02 -1.525195E+05  1.506263E+05  0.000000E+00
  0.000000E+00  0.000000E+00  0.000000E+00  5.769487E+04  1.962330E+00
  1.164945E+03  2.329891E+03  9.000000E+01  9.000000E+01  9.000000E+01
  0.000000E+00  3.150087E-01  6.788353E+07 -1.576708E+00 -1.754331E+00
  7.920807E-02 -1.754331E+00  2.083563E-01  8.672647E-02  7.920807E-02
  8.672647E-02  2.313378E+00  7.044191E-01  4.622108E-01  4.180035E-01
  7.738593E-01  6.841405E-01  3.917522E+01  0.000000E+00  0.000000E+00
  0.000000E+00  3.917522E+01  0.000000E+00  0.000000E+00  0.000000E+00
  3.759364E+01  1.149386E+01
     59000  2.950000E+01        52
  6.775905E+07  3.508360E+02 -1.247202E+05  2.472695E+04 -1.506100E+05
  0.000000E+00  0.000000E+00  0.000000E+00  0.000000E+00 -1.244852E+05
  0.000000E+00  6.147624E+02 -1.522902E+05  1.505794E+05  0.000000E+00
  0.000000E+00  0.000000E+00  0.000000E+00  5.774922E+04  1.974968E+00
  1.162772E+03  2.325544E+03  9.000000E+01  9.000000E+01  9.000000E+01
  0.000000E+00 -1.320409E+00  6.788353E+07 -7.960338E-01 -3.137280E+00
  1.085867E+00 -3.137280E+00 -3.040680E+00 -7.447317E-01  1.085867E+00
 -7.447317E-01 -1.245142E-01  7.019277E-01  4.618474E-01  4.187458E-01
  7.686628E-01  6.805453E-01  3.918751E+01  0.000000E+00  0.000000E+00
  0.000000E+00  3.918751E+01  0.000000E+00  0.000000E+00  0.000000E+00
  3.760544E+01 -4.822372E+01
     60000  3.000000E+01        52
  6.775905E+07  3.546884E+02 -1.247276E+05  2.477802E+04 -1.506699E+05
  0.000000E+00  0.000000E+00  0.000000E+00  0.000000E+00 -1.244899E+05
  0.000000E+00  3.873164E+02 -1.525806E+05  1.506393E+05  0.000000E+00
  0.000000E+00  0.000000E+00  0.000000E+00  5.762585E+04  1.977955E+00
  1.164301E+03  2.328602E+03  9.000000E+01  9.000000E+01  9.000000E+01
  0.000000E+00  8.043147E-01  6.788354E+07 -1.482834E+00  4.610627E-01
 -2.117252E-01  4.610627E-01  1.139361E+00  6.583041E-01 -2.117252E-01
  6.583041E-01  2.756417E+00  7.056396E-01  4.577234E-01  4.126050E-01
  7.640052E-01  6.769549E-01  3.915959E+01  0.000000E+00  0.000000E+00
  0.000000E+00  3.915959E+01  0.000000E+00  0.000000E+00  0.000000E+00
  3.757864E+01  2.931226E+01
     61000  3.050000E+01        52
  6.775905E+07  3.481358E+02 -1.247268E+05  2.479015E+04 -1.506763E+05
  0.000000E+00  0.000000E+00  0.000000E+00  0.000000E+00 -1.244935E+05
  0.000000E+00  3.552915E+02 -1.526091E+05  1.506456E+05  0.000000E+00
  0.000000E+00  0.000000E+00  0.000000E+00  5.765261E+04  1.859839E+00
  1.159360E+03  2.318721E+03  9.000000E+01  9.000000E+01  9.000000E+01
  0.000000E+00  1.016452E+00  6.788354E+07 -2.799741E-01 -1.923573E+00
 -1.608748E+00 -1.923573E+00 -1.172364E+00 -6.875945E-01 -1.608748E+00
 -6.875945E-01  4.501695E+00  6.951953E-01  4.564548E-01  4.232522E-01
  7.727922E-01  6.835467E-01  3.916565E+01  0.000000E+00  0.000000E+00
  0.000000E+00  3.916565E+01  0.000000E+00  0.000000E+00  0.000000E+00
  3.758446E+01  3.706056E+01
     62000  3.100000E+01        52
  6.775905E+07  3.497962E+02 -1.247288E+05  2.472423E+04 -1.506052E+05
  0.000000E+00  0.000000E+00  0.000000E+00  0.000000E+00 -1.244945E+05
  0.000000E+00  5.254990E+02 -1.523533E+05  1.505746E+05  0.000000E+00
  0.000000E+00  0.000000E+00  0.000000E+00  5.765833E+04  2.017167E+00
  1.152090E+03  2.304181E+03  9.000000E+01  9.000000E+01  9.000000E+01
  0.000000E+00 -5.192390E-01  6.788354E+07 -6.928357E-01 -2.075029E+00
  1.726597E+00 -2.075029E+00 -1.399550E+00 -2.119140E-01  1.726597E+00
 -2.119140E-01  5.346690E-01  7.096754E-01  4.749937E-01  4.244333E-01
  7.775760E-01  6.888698E-01  3.916694E+01  0.000000E+00  0.000000E+00
  0.000000E+00  3.916694E+01  0.000000E+00  0.000000E+00  0.000000E+00
  3.758570E+01 -1.893370E+01
     63000  3.150000E+01        52
  6.775905E+07  3.519212E+02 -1.247271E+05  2.472136E+04 -1.506078E+05
  0.000000E+00  0.000000E+00  0.000000E+00  0.000000E+00 -1.244913E+05
  0.000000E+00  5.943397E+02 -1.523017E+05  1.505773E+05  0.000000E+00
  0.000000E+00  0.000000E+00  0.000000E+00  5.776866E+04  1.923848E+00
  1.159353E+03  2.318706E+03  9.000000E+01  9.000000E+01  9.000000E+01
  0.000000E+00 -1.120364E+00  6.788354E+07 -1.650225E+00 -1.094903E+00
  1.154835E+00 -1.094903E+00 -2.925853E+00 -2.077334E+00  1.154835E+00
 -2.077334E+00  1.214986E+00  6.979158E-01  4.650137E-01  4.098500E-01
  7.710715E-01  6.805503E-01  3.919191E+01  0.000000E+00  0.000000E+00
  0.000000E+00  3.919191E+01  0.000000E+00  0.000000E+00  0.000000E+00
  3.760966E+01 -4.093148E+01
     64000  3.200000E+01        52
  6.775905E+07  3.480651E+02 -1.247226E+05  2.477410E+04 -1.506574E+05
  0.000000E+00  0.000000E+00  0.000000E+00  0.000000E+00 -1.244894E+05
  0.000000E+00  4.334475E+02 -1.525150E+05  1.506271E+05  0.000000E+00
  0.000000E+00  0.000000E+00  0.000000E+00  5.773963E+04  1.936941E+00
  1.160681E+03  2.321363E+03  9.000000E+01  9.000000E+01  9.000000E+01
  0.000000E+00  3.006093E-01  6.788354E+07 -1.648559E+00 -1.964714E+00
  9.371709E-01 -1.964714E+00  9.238674E-01  6.843193E-01  9.371709E-01
  6.843193E-01  1.626520E+00  7.062384E-01  4.585206E-01  4.231363E-01
  7.718717E-01  6.835823E-01  3.918534E+01  0.000000E+00  0.000000E+00
  0.000000E+00  3.918534E+01  0.000000E+00  0.000000E+00  0.000000E+00
  3.760336E+01  1.097697E+01
     65000  3.250000E+01        52
  6.775905E+07  3.508935E+02 -1.247251E+05  2.476747E+04 -1.506559E+05
  0.000000E+00  0.000000E+00  0.000000E+00  0.000000E+00 -1.244900E+05
  0.000000E+00  4.820035E+02 -1.524702E+05  1.506255E+05  0.000000E+00
  0.000000E+00  0.000000E+00  0.000000E+00  5.778833E+04  1.982682E+00
  1.163347E+03  2.326695E+03  9.000000E+01  9.000000E+01  9.000000E+01
  0.000000E+00 -1.079464E-01  6.788354E+07 -9.507575E-01 -1.508427E+00
  7.949212E-01 -1.508427E+00 -2.008610E+00 -1.293449E+00  7.949212E-01
 -1.293449E+00  2.635528E+00  7.041905E-01  4.650264E-01  4.197503E-01
  7.715224E-01  6.833317E-01  3.919636E+01  0.000000E+00  0.000000E+00
  0.000000E+00  3.919636E+01  0.000000E+00  0.000000E+00  0.000000E+00
  3.761393E+01 -3.945068E+00
     66000  3.300000E+01        52
  6.775905E+07  3.487375E+02 -1.247279E+05  2.479371E+04 -1.506811E+05
  0.000000E+00  0.000000E+00  0.000000E+00  0.000000E+00 -1.244942E+05
  0.000000E+00  3.369343E+02 -1.526329E+05  1.506508E+05  0.000000E+00
  0.000000E+00  0.000000E+00  0.000000E+00  5.764132E+04  1.905938E+00
  1.159525E+03  2.319050E+03  9.000000E+01  9.000000E+01  9.000000E+01
  0.000000E+00  1.191883E+00  6.788354E+07  1.016134E+00 -9.425874E-01
  3.741056E-01 -9.425874E-01 -9.841150E-01 -1.559418E+00  3.741056E-01
 -1.559418E+00  3.543630E+00  7.200138E-01  4.543348E-01  4.145608E-01
  7.789768E-01  6.906248E-01  3.916309E+01  0.000000E+00  0.000000E+00
  0.000000E+00  3.916309E+01  0.000000E+00  0.000000E+00  0.000000E+00
  3.758201E+01  4.344837E+01
     67000  3.350000E+01        52
  6.775905E+07  3.455234E+02 -1.247321E+05  2.472734E+04 -1.506265E+05
  0.000000E+00  0.000000E+00  0.000000E+00  0.000000E+00 -1.245005E+05
  0.000000E+00  7.176426E+02 -1.522124E+05  1.505958E+05  0.000000E+00
  0.000000E+00  0.000000E+00  0.000000E+00  5.783483E+04  1.913303E+00
  1.167120E+03  2.334239E+03  9.000000E+01  9.000000E+01  9.000000E+01
  0.000000E+00 -2.320923E+00  6.788355E+07 -3.269364E+00 -1.364730E+00
  6.057327E-01 -1.364730E+00 -4.177093E+00 -1.217924E+00  6.057327E-01
 -1.217924E+00  4.836867E-01  6.960541E-01  4.474953E-01  4.071756E-01
  7.589428E-01  6.719027E-01  3.920687E+01  0.000000E+00  0.000000E+00
  0.000000E+00  3.920687E+01  0.000000E+00  0.000000E+00  0.000000E+00
  3.762402E+01 -8.488995E+01
     68000  3.400000E+01        52
  6.775905E+07  3.523428E+02 -1.247323E+05  2.479637E+04 -1.506875E+05
  0.000000E+00  0.000000E+00  0.000000E+00  0.000000E+00 -1.244962E+05
  0.000000E+00  2.657715E+02 -1.527086E+05  1.506568E+05  0.000000E+00
  0.000000E+00  0.000000E+00  0.000000E+00  5.765091E+04  2.014036E+00
  1.158787E+03  2.317574E+03  9.000000E+01  9.000000E+01  9.000000E+01
  0.000000E+00  1.886458E+00  6.788354E+07  9.650229E-01 -8.066150E-01
 -5.372136E-01 -8.066150E-01 -4.355333E-01 -4.479400E-01 -5.372136E-01
 -4.479400E-01  5.129885E+00  7.165165E-01  4.616229E-01  4.192772E-01
  7.772860E-01  6.882136E-01  3.916526E+01  0.000000E+00  0.000000E+00
  0.000000E+00  3.916526E+01  0.000000E+00  0.000000E+00  0.000000E+00
  3.758409E+01  6.877955E+01
     69000  3.450000E+01        52
  6.775905E+07  3.489148E+02 -1.247262E+05  2.474293E+04 -1.506402E+05
  0.000000E+00  0.000000E+00  0.000000E+00  0.000000E+00 -1.244924E+05
  0.000000E+00  5.978199E+02 -1.523539E+05  1.506097E+05  0.000000E+00
  0.000000E+00  0.000000E+00  0.000000E+00  5.773127E+04  1.937866E+00
  1.171028E+03  2.342057E+03  9.000000E+01  9.000000E+01  9.000000E+01
  0.000000E+00 -1.189641E+00  6.788354E+07 -1.778806E+00 -5.307280E-01
  5.836728E-01 -5.307280E-01 -2.529254E+00 -1.099276E+00  5.836728E-01
 -1.099276E+00  7.391384E-01  7.303534E-01  4.678516E-01  4.323965E-01
  7.928261E-01  7.028557E-01  3.918345E+01  0.000000E+00  0.000000E+00
  0.000000E+00  3.918345E+01  0.000000E+00  0.000000E+00  0.000000E+00
  3.760155E+01 -4.343432E+01
     70000  3.500000E+01        52
  6.775905E+07  3.519685E+02 -1.247295E+05  2.473324E+04 -1.506180E+05
  0.000000E+00  0.000000E+00  0.000000E+00  0.000000E+00 -1.244937E+05
  0.000000E+00  5.967951E+02 -1.523011E+05  1.505875E+05  0.000000E+00
  0.000000E+00  0.000000E+00  0.000000E+00  5.773817E+04  1.999769E+00
  1.155220E+03  2.310439E+03  9.000000E+01  9.000000E+01  9.000000E+01
  0.000000E+00 -1.142791E+00  6.788354E+07 -1.959115E+00 -1.252286E+00
  9.725148E-01 -1.252286E+00 -3.540208E+00 -9.740951E-01  9.725148E-01
 -9.740951E-01  2.070949E+00  7.245442E-01  4.452646E-01  4.135984E-01
  7.826548E-01  6.924240E-01  3.918501E+01  0.000000E+00  0.000000E+00
  0.000000E+00  3.918501E+01  0.000000E+00  0.000000E+00  0.000000E+00
  3.760304E+01 -4.172880E+01
     71000  3.550000E+01        52
  6.775905E+07  3.461890E+02 -1.247340E+05  2.475886E+04 -1.506626E+05
  0.000000E+00  0.000000E+00  0.000000E+00  0.000000E+00 -1.245020E+05
  0.000000E+00  5.759630E+02 -1.523960E+05  1.506325E+05  0.000000E+00
  0.000000E+00  0.000000E+00  0.000000E+00  5.776717E+04  1.945465E+00
  1.169755E+03  2.339509E+03  9.000000E+01  9.000000E+01  9.000000E+01
  0.000000E+00 -1.022800E+00  6.788355E+07 -3.217776E+00 -7.087972E-01
  1.294580E+00 -7.087972E-01 -7.758603E-01 -2.436510E+00  1.294580E+00
 -2.436510E+00  9.252348E-01  7.148552E-01  4.547067E-01  4.104725E-01
  7.754086E-01  6.866858E-01  3.919157E+01  0.000000E+00  0.000000E+00
  0.000000E+00  3.919157E+01  0.000000E+00  0.000000E+00  0.000000E+00
  3.760934E+01 -3.736612E+01
     72000  3.600000E+01        52
  6.775905E+07  3.469216E+02 -1.247362E+05  2.472143E+04 -1.506240E+05
  0.000000E+00  0.000000E+00  0.000000E+00  0.000000E+00 -1.245037E+05
  0.000000E+00  6.930064E+02 -1.522331E+05  1.505933E+05  0.000000E+00
  0.000000E+00  0.000000E+00  0.000000E+00  5.767742E+04  1.925668E+00
  1.166418E+03  2.332837E+03  9.000000E+01  9.000000E+01  9.000000E+01
  0.000000E+00 -2.085002E+00  6.788355E+07 -2.975253E+00 -1.443947E+00
 -1.226982E+00 -1.443947E+00 -3.022361E+00  2.499320E-01 -1.226982E+00
  2.499320E-01 -2.573927E-01  7.592992E-01  4.764101E-01  4.373391E-01
  8.130169E-01  7.232674E-01  3.917127E+01  0.000000E+00  0.000000E+00
  0.000000E+00  3.917127E+01  0.000000E+00  0.000000E+00  0.000000E+00
  3.758985E+01 -7.605336E+01
     73000  3.650000E+01        52
  6.775905E+07  3.544254E+02 -1.247369E+05  2.476170E+04 -1.506589E+05
  0.000000E+00  0.000000E+00  0.000000E+00  0.000000E+00 -1.244994E+05
  0.000000E+00  4.793148E+02 -1.524692E+05  1.506279E+05  0.000000E+00
  0.000000E+00  0.000000E+00  0.000000E+00  5.775431E+04  1.977843E+00
  1.160340E+03  2.320681E+03  9.000000E+01  9.000000E+01  9.000000E+01
  0.000000E+00 -4.028365E-02  6.788355E+07  8.730018E-01 -1.573476E+00
  3.757606E-01 -1.573476E+00 -1.137885E+00  4.982554E-02  3.757606E-01
  4.982554E-02  1.440328E-01  7.404886E-01  4.616963E-01  4.200128E-01
  7.860146E-01  6.971755E-01  3.918866E+01  0.000000E+00  0.000000E+00
  0.000000E+00  3.918866E+01  0.000000E+00  0.000000E+00  0.000000E+00
  3.760655E+01 -1.471361E+00
     74000  3.700000E+01        52
  6.775905E+07  3.511161E+02 -1.247335E+05  2.476703E+04 -1.506673E+05
  0.000000E+00  0.000000E+00  0.000000E+00  0.000000E+00 -1.244982E+05
  0.000000E+00  5.002646E+02 -1.524699E+05  1.506366E+05  0.000000E+00
  0.000000E+00  0.000000E+00  0.000000E+00  5.774096E+04  1.971433E+00
  1.166776E+03  2.333552E+03  9.000000E+01  9.000000E+01  9.000000E+01
  0.000000E+00 -2.720046E-01  6.788355E+07 -6.904615E-01 -1.461411E+00
  1.253777E-01 -1.461411E+00 -2.130137E+00  7.716254E-01  1.253777E-01
  7.716254E-01  2.004584E+00  7.371619E-01  4.590629E-01  4.235266E-01
  7.986713E-01  7.087004E-01  3.918565E+01  0.000000E+00  0.000000E+00
  0.000000E+00  3.918565E+01  0.000000E+00  0.000000E+00  0.000000E+00
  3.760365E+01 -9.932678E+00
     75000  3.750000E+01        52
  6.775905E+07  3.498580E+02 -1.247416E+05  2.478856E+04 -1.507026E+05
  0.000000E+00  0.000000E+00  0.000000E+00  0.000000E+00 -1.245072E+05
  0.000000E+00  4.369453E+02 -1.525797E+05  1.506718E+05  0.000000E+00
  0.000000E+00  0.000000E+00  0.000000E+00  5.770192E+04  1.921557E+00
  1.172448E+03  2.344895E+03  9.000000E+01  9.000000E+01  9.000000E+01
  0.000000E+00  2.908003E-01  6.788355E+07  1.625224E+00 -1.304409E+00
 -3.899895E-01 -1.304409E+00 -2.970502E+00  9.589046E-01 -3.899895E-01
  9.589046E-01  2.217679E+00  7.382903E-01  4.697153E-01  4.220016E-01
  7.986076E-01  7.071226E-01  3.917681E+01  0.000000E+00  0.000000E+00
  0.000000E+00  3.917681E+01  0.000000E+00  0.000000E+00  0.000000E+00
  3.759517E+01  1.061185E+01
     76000  3.800000E+01        52
  6.775905E+07  3.467126E+02 -1.247432E+05  2.482827E+04 -1.507497E+05
  0.000000E+00  0.000000E+00  0.000000E+00  0.000000E+00 -1.245108E+05
  0.000000E+00  2.012521E+02 -1.528743E+05  1.507191E+05  0.000000E+00
  0.000000E+00  0.000000E+00  0.000000E+00  5.762249E+04  2.004099E+00
  1.178237E+03  2.356474E+03  9.000000E+01  9.000000E+01  9.000000E+01
  0.000000E+00  2.408545E+00  6.788356E+07  1.985062E+00 -1.103178E+00
  1.636651E-01 -1.103178E+00 -1.281379E-01 -1.223232E-02  1.636651E-01
 -1.223232E-02  5.368710E+00  7.486081E-01  4.674706E-01  4.176641E-01
  8.066577E-01  7.141390E-01  3.915883E+01  0.000000E+00  0.000000E+00
  0.000000E+00  3.915883E+01  0.000000E+00  0.000000E+00  0.000000E+00
  3.757792E+01  8.777135E+01
     77000  3.850000E+01        52
  6.775905E+07  3.509805E+02 -1.247353E+05  2.476590E+04 -1.506833E+05
  0.000000E+00  0.000000E+00  0.000000E+00  0.000000E+00 -1.245001E+05
  0.000000E+00  6.248935E+02 -1.523921E+05  1.506528E+05  0.000000E+00
  0.000000E+00  0.000000E+00  0.000000E+00  5.771038E+04  1.984492E+00
  1.182113E+03  2.364226E+03  9.000000E+01  9.000000E+01  9.000000E+01
  0.000000E+00 -1.412058E+00  6.788355E+07 -3.440556E-02 -1.657929E+00
  3.084047E-01 -1.657929E+00 -4.518185E+00  7.397452E-01  3.084047E-01
  7.397452E-01  3.164150E-01  7.639606E-01  4.639067E-01  4.201628E-01
  8.096376E-01  7.183360E-01  3.917873E+01  0.000000E+00  0.000000E+00
  0.000000E+00  3.917873E+01  0.000000E+00  0.000000E+00  0.000000E+00
  3.759701E+01 -5.153622E+01
     78000  3.900000E+01        52
  6.775905E+07  3.524494E+02 -1.247358E+05  2.481545E+04 -1.507145E+05
  0.000000E+00  0.000000E+00  0.000000E+00  0.000000E+00 -1.244996E+05
  0.000000E+00  3.275784E+02 -1.526828E+05  1.506838E+05  0.000000E+00
  0.000000E+00  0.000000E+00  0.000000E+00  5.764894E+04  2.004021E+00
  1.163261E+03  2.326523E+03  9.000000E+01  9.000000E+01  9.000000E+01
  0.000000E+00  1.322738E+00  6.788355E+07  1.291743E-01 -9.922990E-01
  5.795947E-01 -9.922990E-01  2.063944E-01 -4.785660E-01  5.795947E-01
 -4.785660E-01  3.632646E+00  7.421689E-01  4.586947E-01  4.186769E-01
  7.949575E-01  7.045203E-01  3.916482E+01  0.000000E+00  0.000000E+00
  0.000000E+00  3.916482E+01  0.000000E+00  0.000000E+00  0.000000E+00
  3.758366E+01  4.822490E+01
     79000  3.950000E+01        52
  6.775905E+07  3.472463E+02 -1.247386E+05  2.474012E+04 -1.506482E+05
  0.000000E+00  0.000000E+00  0.000000E+00  0.000000E+00 -1.245059E+05
  0.000000E+00  5.988808E+02 -1.523579E+05  1.506179E+05  0.000000E+00
  0.000000E+00  0.000000E+00  0.000000E+00  5.759581E+04  1.973870E+00
  1.169434E+03  2.338868E+03  9.000000E+01  9.000000E+01  9.000000E+01
  0.000000E+00 -1.222606E+00  6.788355E+07 -1.934736E+00 -1.945047E+00
  6.069837E-01 -1.945047E+00 -2.953312E+00  1.339650E-01  6.069837E-01
  1.339650E-01  1.220230E+00  7.604648E-01  4.640934E-01  4.187521E-01
  8.116133E-01  7.183895E-01  3.915278E+01  0.000000E+00  0.000000E+00
  0.000000E+00  3.915278E+01  0.000000E+00  0.000000E+00  0.000000E+00
  3.757211E+01 -4.453316E+01
     80000  4.000000E+01        52
  6.775905E+07  3.497523E+02 -1.247439E+05  2.471117E+04 -1.506185E+05
  0.000000E+00  0.000000E+00  0.000000E+00  0.000000E+00 -1.245096E+05
  0.000000E+00  7.619455E+02 -1.521524E+05  1.505877E+05  0.000000E+00
  0.000000E+00  0.000000E+00  0.000000E+00  5.767826E+04  1.989184E+00
  1.163337E+03  2.326674E+03  9.000000E+01  9.000000E+01  9.000000E+01
  0.000000E+00 -2.680292E+00  6.788356E+07 -2.618248E+00 -1.489114E+00
  2.736074E-02 -1.489114E+00 -3.119998E+00  3.549810E-01  2.736074E-02
  3.549810E-01 -2.302630E+00  7.529405E-01  4.753969E-01  4.293622E-01
  8.047777E-01  7.132186E-01  3.917146E+01  0.000000E+00  0.000000E+00
  0.000000E+00  3.917146E+01  0.000000E+00  0.000000E+00  0.000000E+00
  3.759003E+01 -9.776879E+01
     81000  4.050000E+01        52
  6.775905E+07  3.494176E+02 -1.247413E+05  2.472918E+04 -1.506458E+05
  0.000000E+00  0.000000E+00  0.000000E+00  0.000000E+00 -1.245072E+05
  0.000000E+00  5.967633E+02 -1.523691E+05  1.506153E+05  0.000000E+00
  0.000000E+00  0.000000E+00  0.000000E+00  5.762101E+04  1.902894E+00
  1.175288E+03  2.350575E+03  9.000000E+01  9.000000E+01  9.000000E+01
  0.000000E+00 -1.176089E+00  6.788355E+07  3.266842E-01 -7.776355E-01
 -8.118762E-01 -7.776355E-01 -3.237777E+00  2.479609E-01 -8.118762E-01
  2.479609E-01 -6.171734E-01  7.656873E-01  4.603444E-01  4.186297E-01
  8.068716E-01  7.137097E-01  3.915849E+01  0.000000E+00  0.000000E+00
  0.000000E+00  3.915849E+01  0.000000E+00  0.000000E+00  0.000000E+00
  3.757759E+01 -4.285751E+01
     82000  4.100000E+01        52
  6.775905E+07  3.492519E+02 -1.247364E+05  2.478528E+04 -1.506928E+05
  0.000000E+00  0.000000E+00  0.000000E+00  0.000000E+00 -1.245024E+05
  0.000000E+00  4.864127E+02 -1.525180E+05  1.506622E+05  0.000000E+00
  0.000000E+00  0.000000E+00  0.000000E+00  5.768854E+04  1.935607E+00
  1.171142E+03  2.342285E+03  9.000000E+01  9.000000E+01  9.000000E+01
  0.000000E+00 -1.685151E-01  6.788355E+07 -2.252349E+00 -1.599848E+00
  2.460692E-01 -1.599848E+00 -1.624378E-02  1.649418E-01  2.460692E-01
  1.649418E-01  1.763048E+00  7.726727E-01  4.869784E-01  4.329076E-01
  8.192897E-01  7.267041E-01  3.917378E+01  0.000000E+00  0.000000E+00
  0.000000E+00  3.917378E+01  0.000000E+00  0.000000E+00  0.000000E+00
  3.759227E+01 -6.148007E+00
     83000  4.150000E+01        52
  6.775905E+07  3.548772E+02 -1.247417E+05  2.479655E+04 -1.506984E+05
  0.000000E+00  0.000000E+00  0.000000E+00  0.000000E+00 -1.245039E+05
  0.000000E+00  3.898762E+02 -1.525985E+05  1.506681E+05  0.000000E+00
  0.000000E+00  0.000000E+00  0.000000E+00  5.761916E+04  1.984862E+00
  1.160156E+03  2.320312E+03  9.000000E+01  9.000000E+01  9.000000E+01
  0.000000E+00  7.833053E-01  6.788355E+07 -7.843506E-01 -1.400917E+00
  1.339085E+00 -1.400917E+00 -1.605843E+00 -5.500681E-01  1.339085E+00
 -5.500681E-01  4.740110E+00  7.697275E-01  4.890896E-01  4.424931E-01
  8.050323E-01  7.157237E-01  3.915807E+01  0.000000E+00  0.000000E+00
  0.000000E+00  3.915807E+01  0.000000E+00  0.000000E+00  0.000000E+00
  3.757719E+01  2.854329E+01
     84000  4.200000E+01        52
  6.775905E+07  3.500450E+02 -1.247453E+05  2.478623E+04 -1.506983E+05
  0.000000E+00  0.000000E+00  0.000000E+00  0.000000E+00 -1.245108E+05
  0.000000E+00  3.386110E+02 -1.526628E+05  1.506680E+05  0.000000E+00
  0.000000E+00  0.000000E+00  0.000000E+00  5.757309E+04  2.008754E+00
  1.166720E+03  2.333440E+03  9.000000E+01  9.000000E+01  9.000000E+01
  0.000000E+00  1.193983E+00  6.788356E+07  6.238328E-01 -1.781297E+00
  5.625597E-01 -1.781297E+00  6.456364E-01 -1.043162E+00  5.625597E-01
 -1.043162E+00  2.312481E+00  7.761182E-01  4.753288E-01  4.292556E-01
  8.151831E-01  7.220889E-01  3.914763E+01  0.000000E+00  0.000000E+00
  0.000000E+00  3.914763E+01  0.000000E+00  0.000000E+00  0.000000E+00
  3.756717E+01  4.347343E+01
     85000  4.250000E+01        52
  6.775905E+07  3.416750E+02 -1.247421E+05  2.475701E+04 -1.506651E+05
  0.000000E+00  0.000000E+00  0.000000E+00  0.000000E+00 -1.245131E+05
  0.000000E+00  5.148936E+02 -1.524518E+05  1.506347E+05  0.000000E+00
  0.000000E+00  0.000000E+00  0.000000E+00  5.764194E+04  1.911806E+00
  1.165990E+03  2.331981E+03  9.000000E+01  9.000000E+01  9.000000E+01
  0.000000E+00 -5.219122E-01  6.788356E+07 -1.089860E+00 -2.499808E-01
  2.126996E+00 -2.499808E-01 -1.963578E+00 -3.549038E-01  2.126996E+00
 -3.549038E-01  1.487702E+00  7.621196E-01  4.680232E-01  4.272711E-01
  7.991262E-01  7.098787E-01  3.916323E+01  0.000000E+00  0.000000E+00
  0.000000E+00  3.916323E+01  0.000000E+00  0.000000E+00  0.000000E+00
  3.758214E+01 -1.902576E+01
     86000  4.300000E+01        52
  6.775905E+07  3.507890E+02 -1.247415E+05  2.475321E+04 -1.506739E+05
  0.000000E+00  0.000000E+00  0.000000E+00  0.000000E+00 -1.245065E+05
  0.000000E+00  5.890339E+02 -1.524127E+05  1.506433E+05  0.000000E+00
  0.000000E+00  0.000000E+00  0.000000E+00  5.766609E+04  1.963559E+00
  1.179201E+03  2.358401E+03  9.000000E+01  9.000000E+01  9.000000E+01
  0.000000E+00 -1.087726E+00  6.788355E+07 -1.058883E+00 -1.814938E+00
  5.046409E-01 -1.814938E+00 -3.275451E+00  6.261784E-01  5.046409E-01
  6.261784E-01  1.071155E+00  7.768863E-01  4.746675E-01  4.344796E-01
  8.159704E-01  7.231184E-01  3.916870E+01  0.000000E+00  0.000000E+00
  0.000000E+00  3.916870E+01  0.000000E+00  0.000000E+00  0.000000E+00
  3.758739E+01 -3.966853E+01
     87000  4.350000E+01        52
  6.775905E+07  3.546962E+02 -1.247408E+05  2.473747E+04 -1.506437E+05
  0.000000E+00  0.000000E+00  0.000000E+00  0.000000E+00 -1.245032E+05
  0.000000E+00  6.714337E+02 -1.522724E+05  1.506131E+05  0.000000E+00
  0.000000E+00  0.000000E+00  0.000000E+00  5.770674E+04  2.016957E+00
  1.165358E+03  2.330715E+03  9.000000E+01  9.000000E+01  9.000000E+01
  0.000000E+00 -1.791757E+00  6.788355E+07 -3.416409E+00 -8.130031E-01
 -4.100747E-02 -8.130031E-01 -3.238365E+00 -2.730734E-01 -4.100747E-02
 -2.730734E-01  1.279504E+00  7.693241E-01  4.736675E-01  4.277692E-01
  8.062604E-01  7.141785E-01  3.917790E+01  0.000000E+00  0.000000E+00
  0.000000E+00  3.917790E+01  0.000000E+00  0.000000E+00  0.000000E+00
  3.759622E+01 -6.539004E+01
     88000  4.400000E+01        52
  6.775905E+07  3.501708E+02 -1.247482E+05  2.479043E+04 -1.507236E+05
  0.000000E+00  0.000000E+00  0.000000E+00  0.000000E+00 -1.245135E+05
  0.000000E+00  4.594850E+02 -1.526040E+05  1.506935E+05  0.000000E+00
  0.000000E+00  0.000000E+00  0.000000E+00  5.755862E+04  2.009411E+00
  1.185002E+03  2.370004E+03  9.000000E+01  9.000000E+01  9.000000E+01
  0.000000E+00  8.896143E-02  6.788356E+07 -4.915744E-02 -1.297251E+00
  4.756953E-01 -1.297251E+00 -7.831516E-01  2.858138E-01  4.756953E-01
  2.858138E-01  1.099193E+00  7.715767E-01  4.726357E-01  4.372703E-01
  8.117821E-01  7.189173E-01  3.914435E+01  0.000000E+00  0.000000E+00
  0.000000E+00  3.914435E+01  0.000000E+00  0.000000E+00  0.000000E+00
  3.756403E+01  3.238308E+00
     89000  4.450000E+01        52
  6.775905E+07  3.512940E+02 -1.247531E+05  2.481057E+04 -1.507223E+05
  0.000000E+00  0.000000E+00  0.000000E+00  0.000000E+00 -1.245178E+05
  0.000000E+00  3.452482E+02 -1.526637E+05  1.506917E+05  0.000000E+00
  0.000000E+00  0.000000E+00  0.000000E+00  5.763053E+04  1.956443E+00
  1.158636E+03  2.317272E+03  9.000000E+01  9.000000E+01  9.000000E+01
  0.000000E+00  1.147398E+00  6.788356E+07  4.331094E-01 -2.531829E+00
  1.885689E+00 -2.531829E+00 -1.634505E+00 -1.049220E-01  1.885689E+00
 -1.049220E-01  4.643589E+00  7.688499E-01  4.702302E-01  4.294503E-01
  8.032179E-01  7.128237E-01  3.916065E+01  0.000000E+00  0.000000E+00
  0.000000E+00  3.916065E+01  0.000000E+00  0.000000E+00  0.000000E+00
  3.757966E+01  4.181891E+01
     90000  4.500000E+01        52
  6.775905E+07  3.509115E+02 -1.247492E+05  2.479365E+04 -1.507248E+05
  0.000000E+00  0.000000E+00  0.000000E+00  0.000000E+00 -1.245141E+05
  0.000000E+00  3.908351E+02 -1.526672E+05  1.506943E+05  0.000000E+00
  0.000000E+00  0.000000E+00  0.000000E+00  5.752649E+04  1.915384E+00
  1.181874E+03  2.363747E+03  9.000000E+01  9.000000E+01  9.000000E+01
  0.000000E+00  7.270957E-01  6.788356E+07  7.363487E-01 -3.084255E+00
  1.073807E+00 -3.084255E+00 -9.835661E-01 -1.169997E+00  1.073807E+00
 -1.169997E+00  2.428504E+00  7.634102E-01  4.639298E-01  4.209245E-01
  7.967781E-01  7.063380E-01  3.913707E+01  0.000000E+00  0.000000E+00
  0.000000E+00  3.913707E+01  0.000000E+00  0.000000E+00  0.000000E+00
  3.755703E+01  2.645242E+01
     91000  4.550000E+01        52
  6.775905E+07  3.520157E+02 -1.247434E+05  2.475251E+04 -1.506609E+05
  0.000000E+00  0.000000E+00  0.000000E+00  0.000000E+00 -1.245076E+05
  0.000000E+00  5.148714E+02 -1.524454E+05  1.506303E+05  0.000000E+00
  0.000000E+00  0.000000E+00  0.000000E+00  5.757212E+04  2.031713E+00
  1.164966E+03  2.329931E+03  9.000000E+01  9.000000E+01  9.000000E+01
  0.000000E+00 -3.954934E-01  6.788355E+07 -1.151592E+00 -1.987240E+00
  8.009817E-01 -1.987240E+00 -1.751699E+00  6.166887E-01  8.009817E-01
  6.166887E-01  1.716810E+00  7.739980E-01  4.751443E-01  4.363357E-01
  8.146789E-01  7.220136E-01  3.914741E+01  0.000000E+00  0.000000E+00
  0.000000E+00  3.914741E+01  0.000000E+00  0.000000E+00  0.000000E+00
  3.756696E+01 -1.439983E+01
     92000  4.600000E+01        52
  6.775905E+07  3.514590E+02 -1.247447E+05  2.477344E+04 -1.506722E+05
  0.000000E+00  0.000000E+00  0.000000E+00  0.000000E+00 -1.245092E+05
  0.000000E+00  3.930384E+02 -1.525572E+05  1.506422E+05  0.000000E+00
  0.000000E+00  0.000000E+00  0.000000E+00  5.752344E+04  1.962480E+00
  1.154053E+03  2.308107E+03  9.000000E+01  9.000000E+01  9.000000E+01
  0.000000E+00  7.136678E-01  6.788356E+07  2.365705E+00 -1.669700E+00
  1.150540E+00 -1.669700E+00 -2.975174E+00 -1.114028E-01  1.150540E+00
 -1.114028E-01  2.750472E+00  7.812777E-01  4.863548E-01  4.434288E-01
  8.193303E-01  7.293455E-01  3.913638E+01  0.000000E+00  0.000000E+00
  0.000000E+00  3.913638E+01  0.000000E+00  0.000000E+00  0.000000E+00
  3.755637E+01  2.596253E+01
     93000  4.650000E+01        52
  6.775905E+07  3.478215E+02 -1.247468E+05  2.478196E+04 -1.506856E+05
  0.000000E+00  0.000000E+00  0.000000E+00  0.000000E+00 -1.245137E+05
  0.000000E+00  4.302624E+02 -1.525385E+05  1.506551E+05  0.000000E+00
  0.000000E+00  0.000000E+00  0.000000E+00  5.760423E+04  1.932100E+00
  1.156866E+03  2.313731E+03  9.000000E+01  9.000000E+01  9.000000E+01
  0.000000E+00  3.274732E-01  6.788356E+07  4.890087E-01 -2.025799E+00
  3.922009E-02 -2.025799E+00 -3.927652E-01  7.697538E-01  3.922009E-02
  7.697538E-01  8.861761E-01  7.674910E-01  4.619236E-01  4.212204E-01
  8.060188E-01  7.132743E-01  3.915469E+01  0.000000E+00  0.000000E+00
  0.000000E+00  3.915469E+01  0.000000E+00  0.000000E+00  0.000000E+00
  3.757394E+01  1.192988E+01
     94000  4.700000E+01        52
  6.775905E+07  3.488286E+02 -1.247499E+05  2.479759E+04 -1.507269E+05
  0.000000E+00  0.000000E+00  0.000000E+00  0.000000E+00 -1.245162E+05
  0.000000E+00  3.599046E+02 -1.526959E+05  1.506971E+05  0.000000E+00
  0.000000E+00  0.000000E+00  0.000000E+00  5.742911E+04  2.004352E+00
  1.179373E+03  2.358747E+03  9.000000E+01  9.000000E+01  9.000000E+01
  0.000000E+00  9.865892E-01  6.788356E+07  4.876681E-01 -2.713291E+00
  7.314957E-01 -2.713291E+00 -1.633592E-01  9.054474E-01  7.314957E-01
  9.054474E-01  2.635459E+00  7.962367E-01  4.902199E-01  4.487591E-01
  8.288569E-01  7.371687E-01  3.911497E+01  0.000000E+00  0.000000E+00
  0.000000E+00  3.911497E+01  0.000000E+00  0.000000E+00  0.000000E+00
  3.753583E+01  3.583228E+01
     95000  4.750000E+01        52
  6.775905E+07  3.434147E+02 -1.247447E+05  2.480300E+04 -1.507229E+05
  0.000000E+00  0.000000E+00  0.000000E+00  0.000000E+00 -1.245146E+05
  0.000000E+00  4.274419E+02 -1.526153E+05  1.506924E+05  0.000000E+00
  0.000000E+00  0.000000E+00  0.000000E+00  5.761197E+04  1.910053E+00
  1.175195E+03  2.350390E+03  9.000000E+01  9.000000E+01  9.000000E+01
  0.000000E+00  2.992126E-01  6.788356E+07  4.186474E-01 -1.743639E+00
  2.296646E+00 -1.743639E+00 -6.006381E-01  5.163882E-01  2.296646E+00
  5.163882E-01  1.079628E+00  7.724944E-01  4.713919E-01  4.253823E-01
  8.059215E-01  7.146683E-01  3.915644E+01  0.000000E+00  0.000000E+00
  0.000000E+00  3.915644E+01  0.000000E+00  0.000000E+00  0.000000E+00
  3.757563E+01  1.090181E+01
     96000  4.800000E+01        52
  6.775905E+07  3.587019E+02 -1.247493E+05  2.477563E+04 -1.506868E+05
  0.000000E+00  0.000000E+00  0.000000E+00  0.000000E+00 -1.245089E+05
  0.000000E+00  5.152368E+02 -1.524649E+05  1.506563E+05  0.000000E+00
  0.000000E+00  0.000000E+00  0.000000E+00  5.763841E+04  2.067664E+00
  1.161944E+03  2.323887E+03  9.000000E+01  9.000000E+01  9.000000E+01
  0.000000E+00 -3.164548E-01  6.788356E+07 -3.670326E-01 -1.922923E+00
  7.664587E-01 -1.922923E+00 -1.954113E+00  6.210570E-01  7.664587E-01
  6.210570E-01  1.371781E+00  7.821412E-01  4.703993E-01  4.322425E-01
  8.188838E-01  7.259292E-01  3.916243E+01  0.000000E+00  0.000000E+00
  0.000000E+00  3.916243E+01  0.000000E+00  0.000000E+00  0.000000E+00
  3.758137E+01 -1.153532E+01
     97000  4.850000E+01        52
  6.775905E+07  3.554755E+02 -1.247477E+05  2.477164E+04 -1.506963E+05
  0.000000E+00  0.000000E+00  0.000000E+00  0.000000E+00 -1.245095E+05
  0.000000E+00  5.460805E+02 -1.524738E+05  1.506659E+05  0.000000E+00
  0.000000E+00  0.000000E+00  0.000000E+00  5.757190E+04  1.954081E+00
  1.176999E+03  2.353999E+03  9.000000E+01  9.000000E+01  9.000000E+01
  0.000000E+00 -6.387751E-01  6.788356E+07  1.576020E-01 -4.267222E-01
  6.709167E-01 -4.267222E-01 -3.021641E+00  2.622872E-01  6.709167E-01
  2.622872E-01  9.477135E-01  7.640907E-01  4.625912E-01  4.262876E-01
  8.054223E-01  7.118099E-01  3.914736E+01  0.000000E+00  0.000000E+00
  0.000000E+00  3.914736E+01  0.000000E+00  0.000000E+00  0.000000E+00
  3.756691E+01 -2.325758E+01
     98000  4.900000E+01        52
  6.775905E+07  3.431601E+02 -1.247489E+05  2.477457E+04 -1.506875E+05
  0.000000E+00  0.000000E+00  0.000000E+00  0.000000E+00 -1.245190E+05
  0.000000E+00  4.449097E+02 -1.525400E+05  1.506570E+05  0.000000E+00
  0.000000E+00  0.000000E+00  0.000000E+00  5.759012E+04  1.930831E+00
  1.163982E+03  2.327964E+03  9.000000E+01  9.000000E+01  9.000000E+01
  0.000000E+00  1.363345E-01  6.788357E+07 -2.561406E-01 -2.057704E+00
  1.604931E+00 -2.057704E+00 -1.289783E+00  4.612282E-01  1.604931E+00
  4.612282E-01  1.954927E+00  7.793536E-01  4.702363E-01  4.333329E-01
  8.172070E-01  7.255263E-01  3.915149E+01  0.000000E+00  0.000000E+00
  0.000000E+00  3.915149E+01  0.000000E+00  0.000000E+00  0.000000E+00
  3.757088E+01  4.965463E+00
     99000  4.950000E+01        52
  6.775905E+07  3.497876E+02 -1.247538E+05  2.477550E+04 -1.507069E+05
  0.000000E+00  0.000000E+00  0.000000E+00  0.000000E+00 -1.245195E+05
  0.000000E+00  4.714931E+02 -1.525604E+05  1.506768E+05  0.000000E+00
  0.000000E+00  0.000000E+00  0.000000E+00  5.752280E+04  1.934364E+00
  1.177522E+03  2.355044E+03  9.000000E+01  9.000000E+01  9.000000E+01
  0.000000E+00 -2.571669E-02  6.788357E+07  2.339578E+00 -1.566403E+00
  1.249453E+00 -1.566403E+00 -2.965501E+00 -1.216879E+00  1.249453E+00
 -1.216879E+00  5.487728E-01  7.791322E-01  4.708452E-01  4.437988E-01
  8.281965E-01  7.343585E-01  3.913623E+01  0.000000E+00  0.000000E+00
  0.000000E+00  3.913623E+01  0.000000E+00  0.000000E+00  0.000000E+00
  3.755623E+01 -9.355373E-01
    100000  5.000000E+01        52
  6.775905E+07  3.552250E+02 -1.247479E+05  2.477646E+04 -1.506897E+05
  0.000000E+00  0.000000E+00  0.000000E+00  0.000000E+00 -1.245099E+05
  0.000000E+00  4.112342E+02 -1.525791E+05  1.506596E+05  0.000000E+00
  0.000000E+00  0.000000E+00  0.000000E+00  5.752295E+04  1.961058E+00
  1.165346E+03  2.330692E+03  9.000000E+01  9.000000E+01  9.000000E+01
  0.000000E+00  5.931854E-01  6.788356E+07  6.294738E-01 -1.745760E+00
  1.476705E+00 -1.745760E+00 -7.130270E-01 -4.971634E-01  1.476705E+00
 -4.971634E-01  1.863109E+00  7.658118E-01  4.642918E-01  4.278007E-01
  8.076032E-01  7.147353E-01  3.913627E+01  0.000000E+00  0.000000E+00
  0.000000E+00  3.913627E+01  0.000000E+00  0.000000E+00  0.000000E+00
  3.755626E+01  2.157931E+01
