#Li56 La24 Zr16 O96                                                     
        15       120
Li      Li      
  2.500000E-02  0.000000E+00  0.000000E+00
  7.500000E-02  0.000000E+00  0.000000E+00
  1.250000E-01  0.000000E+00  0.000000E+00
  1.750000E-01  0.000000E+00  0.000000E+00
  2.250000E-01  0.000000E+00  0.000000E+00
  2.750000E-01  0.000000E+00  0.000000E+00
  3.250000E-01  0.000000E+00  0.000000E+00
  3.750000E-01  0.000000E+00  0.000000E+00
  4.250000E-01  0.000000E+00  0.000000E+00
  4.750000E-01  0.000000E+00  0.000000E+00
  5.250000E-01  0.000000E+00  0.000000E+00
  5.750000E-01  0.000000E+00  0.000000E+00
  6.250000E-01  0.000000E+00  0.000000E+00
  6.750000E-01  0.000000E+00  0.000000E+00
  7.250000E-01  0.000000E+00  0.000000E+00
  7.750000E-01  0.000000E+00  0.000000E+00
  8.250000E-01  0.000000E+00  0.000000E+00
  8.750000E-01  0.000000E+00  0.000000E+00
  9.250000E-01  0.000000E+00  0.000000E+00
  9.750000E-01  0.000000E+00  0.000000E+00
  1.025000E+00  0.000000E+00  0.000000E+00
  1.075000E+00  0.000000E+00  0.000000E+00
  1.125000E+00  1.376708E-04  2.644609E-06
  1.175000E+00  1.514462E-03  3.437992E-05
  1.225000E+00  1.143726E-02  2.948739E-04
  1.275000E+00  1.566003E-01  4.158647E-03
  1.325000E+00  4.266802E-01  1.552782E-02
  1.375000E+00  7.588850E-01  3.730353E-02
  1.425000E+00  1.444932E+00  8.183478E-02
  1.475000E+00  2.369942E+00  1.600888E-01
  1.525000E+00  3.905920E+00  2.979509E-01
  1.575000E+00  4.397426E+00  4.635047E-01
  1.625000E+00  5.217292E+00  6.725928E-01
  1.675000E+00  4.946414E+00  8.832108E-01
  1.725000E+00  4.128123E+00  1.069636E+00
  1.775000E+00  3.276954E+00  1.226325E+00
  1.825000E+00  2.937099E+00  1.374787E+00
  1.875000E+00  2.161505E+00  1.490113E+00
  1.925000E+00  1.549840E+00  1.577272E+00
  1.975000E+00  9.713381E-01  1.634773E+00
  2.025000E+00  7.153959E-01  1.679294E+00
  2.075000E+00  5.065349E-01  1.712392E+00
  2.125000E+00  4.527438E-01  1.743419E+00
  2.175000E+00  3.612575E-01  1.769354E+00
  2.225000E+00  4.381494E-01  1.802273E+00
  2.275000E+00  4.490347E-01  1.837543E+00
  2.325000E+00  3.995141E-01  1.870318E+00
  2.375000E+00  3.350153E-01  1.898996E+00
  2.425000E+00  3.858399E-01  1.933430E+00
  2.475000E+00  4.145172E-01  1.971965E+00
  2.525000E+00  4.302429E-01  2.013593E+00
  2.575000E+00  4.840528E-01  2.062302E+00
  2.625000E+00  4.940250E-01  2.113963E+00
  2.675000E+00  5.557184E-01  2.174310E+00
  2.725000E+00  5.915304E-01  2.240970E+00
  2.775000E+00  5.478221E-01  2.304991E+00
  2.825000E+00  5.625024E-01  2.373117E+00
  2.875000E+00  5.586670E-01  2.443195E+00
  2.925000E+00  6.257160E-01  2.524438E+00
  2.975000E+00  6.860799E-01  2.616589E+00
  3.025000E+00  7.071506E-01  2.714790E+00
  3.075000E+00  7.193209E-01  2.818011E+00
  3.125000E+00  7.709978E-01  2.932274E+00
  3.175000E+00  7.801232E-01  3.051618E+00
  3.225000E+00  7.706565E-01  3.173257E+00
  3.275000E+00  7.138352E-01  3.289448E+00
  3.325000E+00  7.749744E-01  3.419471E+00
  3.375000E+00  7.826506E-01  3.554762E+00
  3.425000E+00  7.527989E-01  3.688776E+00
  3.475000E+00  7.092266E-01  3.818746E+00
  3.525000E+00  7.193326E-01  3.954390E+00
  3.575000E+00  6.916623E-01  4.088542E+00
  3.625000E+00  7.642585E-01  4.240949E+00
  3.675000E+00  7.521848E-01  4.395115E+00
  3.725000E+00  7.046798E-01  4.543502E+00
  3.775000E+00  7.563902E-01  4.707081E+00
  3.825000E+00  8.217657E-01  4.889538E+00
  3.875000E+00  7.967211E-01  5.071089E+00
  3.925000E+00  8.036212E-01  5.258969E+00
  3.975000E+00  8.299696E-01  5.457983E+00
  4.025000E+00  8.342450E-01  5.663087E+00
  4.075000E+00  8.464575E-01  5.876396E+00
  4.125000E+00  8.203625E-01  6.088233E+00
  4.175000E+00  8.491249E-01  6.312845E+00
  4.225000E+00  8.201307E-01  6.535015E+00
  4.275000E+00  8.459565E-01  6.769637E+00
  4.325000E+00  8.475368E-01  7.010227E+00
  4.375000E+00  8.753368E-01  7.264488E+00
  4.425000E+00  8.565215E-01  7.519003E+00
  4.475000E+00  8.880525E-01  7.788884E+00
  4.525000E+00  8.997835E-01  8.068474E+00
  4.575000E+00  9.082530E-01  8.356968E+00
  4.625000E+00  9.565115E-01  8.667468E+00
  4.675000E+00  9.203175E-01  8.972712E+00
  4.725000E+00  9.299608E-01  9.287788E+00
  4.775000E+00  9.155362E-01  9.604577E+00
  4.825000E+00  9.260516E-01  9.931749E+00
  4.875000E+00  9.422550E-01  1.027158E+01
  4.925000E+00  9.442567E-01  1.061916E+01
  4.975000E+00  9.521135E-01  1.097678E+01
  5.025000E+00  9.787136E-01  1.135181E+01
  5.075000E+00  9.388768E-01  1.171878E+01
  5.125000E+00  1.004673E+00  1.211924E+01
  5.175000E+00  9.624509E-01  1.251039E+01
  5.225000E+00  9.686883E-01  1.291172E+01
  5.275000E+00  9.940385E-01  1.333148E+01
  5.325000E+00  1.026699E+00  1.377328E+01
  5.375000E+00  1.002385E+00  1.421276E+01
  5.425000E+00  1.011770E+00  1.466464E+01
  5.475000E+00  9.840638E-01  1.511229E+01
  5.525000E+00  1.015610E+00  1.558277E+01
  5.575000E+00  1.024460E+00  1.606597E+01
  5.625000E+00  9.864047E-01  1.653961E+01
  5.675000E+00  9.987335E-01  1.702773E+01
  5.725000E+00  9.934715E-01  1.752187E+01
  5.775000E+00  1.052437E+00  1.805453E+01
  5.825000E+00  1.070553E+00  1.860578E+01
  5.875000E+00  1.056344E+00  1.915908E+01
  5.925000E+00  1.060368E+00  1.972399E+01
  5.975000E+00  1.068354E+00  2.030280E+01
Li      La      
  2.500000E-02  0.000000E+00  0.000000E+00
  7.500000E-02  0.000000E+00  0.000000E+00
  1.250000E-01  0.000000E+00  0.000000E+00
  1.750000E-01  0.000000E+00  0.000000E+00
  2.250000E-01  0.000000E+00  0.000000E+00
  2.750000E-01  0.000000E+00  0.000000E+00
  3.250000E-01  0.000000E+00  0.000000E+00
  3.750000E-01  0.000000E+00  0.000000E+00
  4.250000E-01  0.000000E+00  0.000000E+00
  4.750000E-01  0.000000E+00  0.000000E+00
  5.250000E-01  0.000000E+00  0.000000E+00
  5.750000E-01  0.000000E+00  0.000000E+00
  6.250000E-01  0.000000E+00  0.000000E+00
  6.750000E-01  0.000000E+00  0.000000E+00
  7.250000E-01  0.000000E+00  0.000000E+00
  7.750000E-01  0.000000E+00  0.000000E+00
  8.250000E-01  0.000000E+00  0.000000E+00
  8.750000E-01  0.000000E+00  0.000000E+00
  9.250000E-01  0.000000E+00  0.000000E+00
  9.750000E-01  0.000000E+00  0.000000E+00
  1.025000E+00  0.000000E+00  0.000000E+00
  1.075000E+00  0.000000E+00  0.000000E+00
  1.125000E+00  0.000000E+00  0.000000E+00
  1.175000E+00  0.000000E+00  0.000000E+00
  1.225000E+00  0.000000E+00  0.000000E+00
  1.275000E+00  0.000000E+00  0.000000E+00
  1.325000E+00  0.000000E+00  0.000000E+00
  1.375000E+00  0.000000E+00  0.000000E+00
  1.425000E+00  0.000000E+00  0.000000E+00
  1.475000E+00  0.000000E+00  0.000000E+00
  1.525000E+00  0.000000E+00  0.000000E+00
  1.575000E+00  0.000000E+00  0.000000E+00
  1.625000E+00  0.000000E+00  0.000000E+00
  1.675000E+00  0.000000E+00  0.000000E+00
  1.725000E+00  0.000000E+00  0.000000E+00
  1.775000E+00  0.000000E+00  0.000000E+00
  1.825000E+00  0.000000E+00  0.000000E+00
  1.875000E+00  0.000000E+00  0.000000E+00
  1.925000E+00  0.000000E+00  0.000000E+00
  1.975000E+00  0.000000E+00  0.000000E+00
  2.025000E+00  0.000000E+00  0.000000E+00
  2.075000E+00  0.000000E+00  0.000000E+00
  2.125000E+00  0.000000E+00  0.000000E+00
  2.175000E+00  1.288432E-04  3.964290E-06
  2.225000E+00  1.067021E-03  3.832147E-05
  2.275000E+00  5.260201E-03  2.153931E-04
  2.325000E+00  2.365979E-02  1.047233E-03
  2.375000E+00  7.621671E-02  3.843379E-03
  2.425000E+00  2.682060E-01  1.410164E-02
  2.475000E+00  6.868490E-01  4.146647E-02
  2.525000E+00  1.237586E+00  9.278552E-02
  2.575000E+00  1.641954E+00  1.635957E-01
  2.625000E+00  1.879351E+00  2.478216E-01
  2.675000E+00  2.152263E+00  3.479880E-01
  2.725000E+00  2.287684E+00  4.584741E-01
  2.775000E+00  2.518561E+00  5.846151E-01
  2.825000E+00  2.738334E+00  7.267501E-01
  2.875000E+00  2.761462E+00  8.752042E-01
  2.925000E+00  2.633370E+00  1.021739E+00
  2.975000E+00  2.678697E+00  1.175935E+00
  3.025000E+00  2.560627E+00  1.328331E+00
  3.075000E+00  2.355095E+00  1.473166E+00
  3.125000E+00  2.298988E+00  1.619186E+00
  3.175000E+00  2.032494E+00  1.752444E+00
  3.225000E+00  1.902195E+00  1.881118E+00
  3.275000E+00  1.749340E+00  2.003149E+00
  3.325000E+00  1.464907E+00  2.108483E+00
  3.375000E+00  1.398271E+00  2.212072E+00
  3.425000E+00  1.386140E+00  2.317827E+00
  3.475000E+00  1.216446E+00  2.413365E+00
  3.525000E+00  1.110548E+00  2.503114E+00
  3.575000E+00  9.932128E-01  2.585674E+00
  3.625000E+00  9.052236E-01  2.663039E+00
  3.675000E+00  8.716054E-01  2.739600E+00
  3.725000E+00  8.519881E-01  2.816488E+00
  3.775000E+00  8.065574E-01  2.891243E+00
  3.825000E+00  8.049328E-01  2.967837E+00
  3.875000E+00  7.541206E-01  3.041484E+00
  3.925000E+00  7.195270E-01  3.113578E+00
  3.975000E+00  6.876523E-01  3.184245E+00
  4.025000E+00  6.575309E-01  3.253527E+00
  4.075000E+00  6.683510E-01  3.325709E+00
  4.125000E+00  6.579486E-01  3.398523E+00
  4.175000E+00  6.842173E-01  3.476090E+00
  4.225000E+00  7.184274E-01  3.559498E+00
  4.275000E+00  7.075182E-01  3.643595E+00
  4.325000E+00  7.116526E-01  3.730174E+00
  4.375000E+00  7.581021E-01  3.824548E+00
  4.425000E+00  7.197122E-01  3.916204E+00
  4.475000E+00  7.679728E-01  4.016227E+00
  4.525000E+00  7.444913E-01  4.115371E+00
  4.575000E+00  8.003537E-01  4.224323E+00
  4.625000E+00  7.930778E-01  4.334657E+00
  4.675000E+00  8.287797E-01  4.452465E+00
  4.725000E+00  8.551700E-01  4.576638E+00
  4.775000E+00  8.555108E-01  4.703503E+00
  4.825000E+00  8.775332E-01  4.836373E+00
  4.875000E+00  8.835798E-01  4.972946E+00
  4.925000E+00  8.983483E-01  5.114665E+00
  4.975000E+00  9.034450E-01  5.260096E+00
  5.025000E+00  9.036721E-01  5.408503E+00
  5.075000E+00  9.652581E-01  5.570194E+00
  5.125000E+00  1.015021E+00  5.743587E+00
  5.175000E+00  1.005839E+00  5.918781E+00
  5.225000E+00  1.053192E+00  6.105784E+00
  5.275000E+00  1.058684E+00  6.297378E+00
  5.325000E+00  1.077850E+00  6.496155E+00
  5.375000E+00  1.107513E+00  6.704257E+00
  5.425000E+00  1.101976E+00  6.915188E+00
  5.475000E+00  1.142635E+00  7.137952E+00
  5.525000E+00  1.126237E+00  7.361548E+00
  5.575000E+00  1.175044E+00  7.599075E+00
  5.625000E+00  1.178315E+00  7.841555E+00
  5.675000E+00  1.193606E+00  8.091567E+00
  5.725000E+00  1.199523E+00  8.347266E+00
  5.775000E+00  1.168424E+00  8.600705E+00
  5.825000E+00  1.149221E+00  8.854314E+00
  5.875000E+00  1.167379E+00  9.116371E+00
  5.925000E+00  1.167116E+00  9.382848E+00
  5.975000E+00  1.117365E+00  9.642290E+00
Li      Zr      
  2.500000E-02  0.000000E+00  0.000000E+00
  7.500000E-02  0.000000E+00  0.000000E+00
  1.250000E-01  0.000000E+00  0.000000E+00
  1.750000E-01  0.000000E+00  0.000000E+00
  2.250000E-01  0.000000E+00  0.000000E+00
  2.750000E-01  0.000000E+00  0.000000E+00
  3.250000E-01  0.000000E+00  0.000000E+00
  3.750000E-01  0.000000E+00  0.000000E+00
  4.250000E-01  0.000000E+00  0.000000E+00
  4.750000E-01  0.000000E+00  0.000000E+00
  5.250000E-01  0.000000E+00  0.000000E+00
  5.750000E-01  0.000000E+00  0.000000E+00
  6.250000E-01  0.000000E+00  0.000000E+00
  6.750000E-01  0.000000E+00  0.000000E+00
  7.250000E-01  0.000000E+00  0.000000E+00
  7.750000E-01  0.000000E+00  0.000000E+00
  8.250000E-01  0.000000E+00  0.000000E+00
  8.750000E-01  0.000000E+00  0.000000E+00
  9.250000E-01  0.000000E+00  0.000000E+00
  9.750000E-01  0.000000E+00  0.000000E+00
  1.025000E+00  0.000000E+00  0.000000E+00
  1.075000E+00  0.000000E+00  0.000000E+00
  1.125000E+00  0.000000E+00  0.000000E+00
  1.175000E+00  0.000000E+00  0.000000E+00
  1.225000E+00  0.000000E+00  0.000000E+00
  1.275000E+00  0.000000E+00  0.000000E+00
  1.325000E+00  0.000000E+00  0.000000E+00
  1.375000E+00  0.000000E+00  0.000000E+00
  1.425000E+00  0.000000E+00  0.000000E+00
  1.475000E+00  0.000000E+00  0.000000E+00
  1.525000E+00  0.000000E+00  0.000000E+00
  1.575000E+00  0.000000E+00  0.000000E+00
  1.625000E+00  0.000000E+00  0.000000E+00
  1.675000E+00  0.000000E+00  0.000000E+00
  1.725000E+00  0.000000E+00  0.000000E+00
  1.775000E+00  0.000000E+00  0.000000E+00
  1.825000E+00  0.000000E+00  0.000000E+00
  1.875000E+00  0.000000E+00  0.000000E+00
  1.925000E+00  0.000000E+00  0.000000E+00
  1.975000E+00  0.000000E+00  0.000000E+00
  2.025000E+00  1.486370E-04  2.642860E-06
  2.075000E+00  1.981846E-03  3.964290E-05
  2.125000E+00  1.147308E-02  2.642860E-04
  2.175000E+00  6.484033E-02  1.594305E-03
  2.225000E+00  3.517783E-01  9.145616E-03
  2.275000E+00  4.824566E-01  1.997275E-02
  2.325000E+00  7.275809E-01  3.702647E-02
  2.375000E+00  9.660090E-01  6.065297E-02
  2.425000E+00  1.408367E+00  9.656415E-02
  2.475000E+00  2.095099E+00  1.522115E-01
  2.525000E+00  3.245652E+00  2.419366E-01
  2.575000E+00  3.700418E+00  3.483250E-01
  2.625000E+00  4.132532E+00  4.717954E-01
  2.675000E+00  4.372642E+00  6.074640E-01
  2.725000E+00  3.751732E+00  7.282598E-01
  2.775000E+00  3.404501E+00  8.419352E-01
  2.825000E+00  2.754767E+00  9.372605E-01
  2.875000E+00  2.366570E+00  1.022077E+00
  2.925000E+00  1.876642E+00  1.091695E+00
  2.975000E+00  1.384927E+00  1.144843E+00
  3.025000E+00  1.248935E+00  1.194396E+00
  3.075000E+00  1.046739E+00  1.237312E+00
  3.125000E+00  9.387545E-01  1.277062E+00
  3.175000E+00  7.929505E-01  1.311721E+00
  3.225000E+00  7.557636E-01  1.345803E+00
  3.275000E+00  7.062534E-01  1.378648E+00
  3.325000E+00  6.879294E-01  1.411625E+00
  3.375000E+00  6.776641E-01  1.445094E+00
  3.425000E+00  6.497094E-01  1.478140E+00
  3.475000E+00  6.332676E-01  1.511298E+00
  3.525000E+00  6.130757E-01  1.544328E+00
  3.575000E+00  6.444179E-01  1.580039E+00
  3.625000E+00  6.191334E-01  1.615315E+00
  3.675000E+00  6.587475E-01  1.653891E+00
  3.725000E+00  6.603784E-01  1.693622E+00
  3.775000E+00  6.810039E-01  1.735701E+00
  3.825000E+00  7.715831E-01  1.784648E+00
  3.875000E+00  7.197723E-01  1.831510E+00
  3.925000E+00  7.296326E-01  1.880247E+00
  3.975000E+00  8.502766E-01  1.938500E+00
  4.025000E+00  7.863357E-01  1.993736E+00
  4.075000E+00  8.450573E-01  2.054580E+00
  4.125000E+00  8.879566E-01  2.120092E+00
  4.175000E+00  9.007880E-01  2.188172E+00
  4.225000E+00  9.660944E-01  2.262946E+00
  4.275000E+00  9.497399E-01  2.338205E+00
  4.325000E+00  8.460453E-01  2.406824E+00
  4.375000E+00  8.748238E-01  2.479427E+00
  4.425000E+00  8.979839E-01  2.555666E+00
  4.475000E+00  8.898165E-01  2.632928E+00
  4.525000E+00  9.246256E-01  2.715016E+00
  4.575000E+00  8.723249E-01  2.794183E+00
  4.625000E+00  8.631474E-01  2.874238E+00
  4.675000E+00  7.696157E-01  2.947169E+00
  4.725000E+00  7.465679E-01  3.019438E+00
  4.775000E+00  8.100312E-01  3.099519E+00
  4.825000E+00  8.501513E-01  3.185335E+00
  4.875000E+00  8.724594E-01  3.275238E+00
  4.925000E+00  8.825712E-01  3.368058E+00
  4.975000E+00  9.469155E-01  3.469677E+00
  5.025000E+00  9.612301E-01  3.574916E+00
  5.075000E+00  9.798698E-01  3.684342E+00
  5.125000E+00  9.874210E-01  3.796794E+00
  5.175000E+00  1.034198E+00  3.916883E+00
  5.225000E+00  1.044529E+00  4.040527E+00
  5.275000E+00  1.043479E+00  4.166422E+00
  5.325000E+00  1.077044E+00  4.298841E+00
  5.375000E+00  1.070106E+00  4.432889E+00
  5.425000E+00  1.047536E+00  4.566563E+00
  5.475000E+00  1.116390E+00  4.711661E+00
  5.525000E+00  1.081444E+00  4.854797E+00
  5.575000E+00  1.068737E+00  4.998822E+00
  5.625000E+00  1.089757E+00  5.148326E+00
  5.675000E+00  1.078314E+00  5.298901E+00
  5.725000E+00  1.055023E+00  5.448832E+00
  5.775000E+00  1.053593E+00  5.601187E+00
  5.825000E+00  1.089282E+00  5.761441E+00
  5.875000E+00  1.091010E+00  5.924717E+00
  5.925000E+00  1.048557E+00  6.084322E+00
  5.975000E+00  1.073820E+00  6.250542E+00
Li      O       
  2.500000E-02  0.000000E+00  0.000000E+00
  7.500000E-02  0.000000E+00  0.000000E+00
  1.250000E-01  0.000000E+00  0.000000E+00
  1.750000E-01  0.000000E+00  0.000000E+00
  2.250000E-01  0.000000E+00  0.000000E+00
  2.750000E-01  0.000000E+00  0.000000E+00
  3.250000E-01  0.000000E+00  0.000000E+00
  3.750000E-01  0.000000E+00  0.000000E+00
  4.250000E-01  0.000000E+00  0.000000E+00
  4.750000E-01  0.000000E+00  0.000000E+00
  5.250000E-01  0.000000E+00  0.000000E+00
  5.750000E-01  0.000000E+00  0.000000E+00
  6.250000E-01  0.000000E+00  0.000000E+00
  6.750000E-01  0.000000E+00  0.000000E+00
  7.250000E-01  0.000000E+00  0.000000E+00
  7.750000E-01  0.000000E+00  0.000000E+00
  8.250000E-01  0.000000E+00  0.000000E+00
  8.750000E-01  3.316298E-05  6.607149E-07
  9.250000E-01  3.857820E-04  9.250009E-06
  9.750000E-01  1.015002E-03  3.435718E-05
  1.025000E+00  3.528636E-03  1.308216E-04
  1.075000E+00  5.332887E-02  1.734377E-03
  1.125000E+00  8.761222E-01  3.058582E-02
  1.175000E+00  1.198315E+01  4.610515E-01
  1.225000E+00  2.857008E+01  1.576553E+00
  1.275000E+00  7.977934E+00  1.913990E+00
  1.325000E+00  2.118823E+00  2.010774E+00
  1.375000E+00  7.214629E-01  2.046263E+00
  1.425000E+00  2.521431E-01  2.059585E+00
  1.475000E+00  1.138765E-01  2.066031E+00
  1.525000E+00  6.933986E-02  2.070226E+00
  1.575000E+00  5.619316E-02  2.073853E+00
  1.625000E+00  4.829738E-02  2.077171E+00
  1.675000E+00  5.038128E-02  2.080848E+00
  1.725000E+00  4.259580E-02  2.084146E+00
  1.775000E+00  4.024612E-02  2.087445E+00
  1.825000E+00  4.917307E-02  2.091706E+00
  1.875000E+00  5.499401E-02  2.096736E+00
  1.925000E+00  6.399644E-02  2.102906E+00
  1.975000E+00  6.599938E-02  2.109603E+00
  2.025000E+00  7.511124E-02  2.117617E+00
  2.075000E+00  9.780056E-02  2.128572E+00
  2.125000E+00  1.117951E-01  2.141706E+00
  2.175000E+00  1.319837E-01  2.157949E+00
  2.225000E+00  1.816141E-01  2.181340E+00
  2.275000E+00  2.173709E-01  2.210609E+00
  2.325000E+00  2.896116E-01  2.251339E+00
  2.375000E+00  4.256799E-01  2.313806E+00
  2.425000E+00  5.286212E-01  2.394680E+00
  2.475000E+00  7.035820E-01  2.506806E+00
  2.525000E+00  8.031594E-01  2.640025E+00
  2.575000E+00  8.771506E-01  2.791335E+00
  2.625000E+00  9.459338E-01  2.960909E+00
  2.675000E+00  1.069988E+00  3.160098E+00
  2.725000E+00  1.138623E+00  3.380062E+00
  2.775000E+00  1.072508E+00  3.594926E+00
  2.825000E+00  1.082446E+00  3.819666E+00
  2.875000E+00  1.055159E+00  4.046565E+00
  2.925000E+00  1.030995E+00  4.276045E+00
  2.975000E+00  1.038750E+00  4.515223E+00
  3.025000E+00  9.918789E-01  4.751350E+00
  3.075000E+00  1.001546E+00  4.997725E+00
  3.125000E+00  1.008280E+00  5.253888E+00
  3.175000E+00  1.007515E+00  5.518114E+00
  3.225000E+00  1.014810E+00  5.792700E+00
  3.275000E+00  9.657121E-01  6.062167E+00
  3.325000E+00  1.029101E+00  6.358156E+00
  3.375000E+00  1.070070E+00  6.675254E+00
  3.425000E+00  1.085166E+00  7.006424E+00
  3.475000E+00  1.067081E+00  7.341652E+00
  3.525000E+00  1.128681E+00  7.706510E+00
  3.575000E+00  1.159634E+00  8.092083E+00
  3.625000E+00  1.170332E+00  8.492173E+00
  3.675000E+00  1.177633E+00  8.905942E+00
  3.725000E+00  1.176445E+00  9.330617E+00
  3.775000E+00  1.154717E+00  9.758714E+00
  3.825000E+00  1.164627E+00  1.020200E+01
  3.875000E+00  1.161428E+00  1.065570E+01
  3.925000E+00  1.112802E+00  1.110169E+01
  3.975000E+00  1.100731E+00  1.155416E+01
  4.025000E+00  1.089346E+00  1.201328E+01
  4.075000E+00  1.078357E+00  1.247914E+01
  4.125000E+00  1.048233E+00  1.294316E+01
  4.175000E+00  1.047887E+00  1.341834E+01
  4.225000E+00  1.032225E+00  1.389770E+01
  4.275000E+00  1.000365E+00  1.437332E+01
  4.325000E+00  9.827204E-01  1.485154E+01
  4.375000E+00  9.728169E-01  1.533596E+01
  4.425000E+00  9.490034E-01  1.581938E+01
  4.475000E+00  9.257897E-01  1.630169E+01
  4.525000E+00  9.433240E-01  1.680419E+01
  4.575000E+00  9.679220E-01  1.733124E+01
  4.625000E+00  9.703594E-01  1.787123E+01
  4.675000E+00  9.576591E-01  1.841574E+01
  4.725000E+00  9.794159E-01  1.898459E+01
  4.775000E+00  9.439726E-01  1.954452E+01
  4.825000E+00  9.606093E-01  2.012632E+01
  4.875000E+00  9.756096E-01  2.072951E+01
  4.925000E+00  9.782767E-01  2.134682E+01
  4.975000E+00  9.679900E-01  2.197011E+01
  5.025000E+00  9.957602E-01  2.262423E+01
  5.075000E+00  9.815541E-01  2.328191E+01
  5.125000E+00  9.943433E-01  2.396136E+01
  5.175000E+00  9.983187E-01  2.465689E+01
  5.225000E+00  9.942355E-01  2.536303E+01
  5.275000E+00  9.836796E-01  2.607511E+01
  5.325000E+00  9.807680E-01  2.679861E+01
  5.375000E+00  9.785008E-01  2.753405E+01
  5.425000E+00  9.793094E-01  2.828385E+01
  5.475000E+00  9.832204E-01  2.905059E+01
  5.525000E+00  9.756131E-01  2.982536E+01
  5.575000E+00  9.499183E-01  3.059344E+01
  5.625000E+00  9.880893E-01  3.140677E+01
  5.675000E+00  9.664854E-01  3.221653E+01
  5.725000E+00  9.843246E-01  3.305584E+01
  5.775000E+00  9.740164E-01  3.390092E+01
  5.825000E+00  9.571350E-01  3.474580E+01
  5.875000E+00  9.627665E-01  3.561030E+01
  5.925000E+00  9.645622E-01  3.649122E+01
  5.975000E+00  9.492506E-01  3.737285E+01
Li      O_s     
  2.500000E-02  0.000000E+00  0.000000E+00
  7.500000E-02  0.000000E+00  0.000000E+00
  1.250000E-01  0.000000E+00  0.000000E+00
  1.750000E-01  0.000000E+00  0.000000E+00
  2.250000E-01  0.000000E+00  0.000000E+00
  2.750000E-01  0.000000E+00  0.000000E+00
  3.250000E-01  0.000000E+00  0.000000E+00
  3.750000E-01  1.803360E-04  6.607149E-07
  4.250000E-01  0.000000E+00  6.607149E-07
  4.750000E-01  0.000000E+00  6.607149E-07
  5.250000E-01  0.000000E+00  6.607149E-07
  5.750000E-01  0.000000E+00  6.607149E-07
  6.250000E-01  0.000000E+00  6.607149E-07
  6.750000E-01  0.000000E+00  6.607149E-07
  7.250000E-01  0.000000E+00  6.607149E-07
  7.750000E-01  0.000000E+00  6.607149E-07
  8.250000E-01  2.611230E-04  5.285720E-06
  8.750000E-01  6.300966E-04  1.783930E-05
  9.250000E-01  1.008968E-03  4.030361E-05
  9.750000E-01  9.722654E-03  2.808039E-04
  1.025000E+00  9.880181E-01  2.729083E-02
  1.075000E+00  2.273001E+01  7.107634E-01
  1.125000E+00  2.973109E+01  1.689833E+00
  1.175000E+00  5.719022E+00  1.895275E+00
  1.225000E+00  1.874398E+00  1.968460E+00
  1.275000E+00  1.084839E+00  2.014345E+00
  1.325000E+00  5.435918E-01  2.039175E+00
  1.375000E+00  2.430486E-01  2.051131E+00
  1.425000E+00  1.468438E-01  2.058889E+00
  1.475000E+00  9.496709E-02  2.064264E+00
  1.525000E+00  5.748111E-02  2.067742E+00
  1.575000E+00  4.204506E-02  2.070456E+00
  1.625000E+00  3.656444E-02  2.072968E+00
  1.675000E+00  3.688532E-02  2.075660E+00
  1.725000E+00  3.939536E-02  2.078710E+00
  1.775000E+00  4.886280E-02  2.082716E+00
  1.825000E+00  5.071330E-02  2.087110E+00
  1.875000E+00  5.411994E-02  2.092060E+00
  1.925000E+00  6.159092E-02  2.097998E+00
  1.975000E+00  7.836979E-02  2.105951E+00
  2.025000E+00  8.066654E-02  2.114557E+00
  2.075000E+00  1.191585E-01  2.127905E+00
  2.125000E+00  1.392461E-01  2.144263E+00
  2.175000E+00  2.021764E-01  2.169146E+00
  2.225000E+00  2.857307E-01  2.205947E+00
  2.275000E+00  3.841223E-01  2.257669E+00
  2.325000E+00  5.634422E-01  2.336908E+00
  2.375000E+00  6.424617E-01  2.431187E+00
  2.425000E+00  8.139162E-01  2.555709E+00
  2.475000E+00  8.968034E-01  2.698627E+00
  2.525000E+00  9.532966E-01  2.856749E+00
  2.575000E+00  9.597600E-01  3.022310E+00
  2.625000E+00  1.052826E+00  3.211046E+00
  2.675000E+00  1.028019E+00  3.402422E+00
  2.725000E+00  9.821075E-01  3.592149E+00
  2.775000E+00  1.000863E+00  3.792660E+00
  2.825000E+00  1.062057E+00  4.013167E+00
  2.875000E+00  9.217482E-01  4.211377E+00
  2.925000E+00  9.466206E-01  4.422077E+00
  2.975000E+00  9.162948E-01  4.633059E+00
  3.025000E+00  9.181140E-01  4.851626E+00
  3.075000E+00  9.725657E-01  5.090872E+00
  3.125000E+00  9.466734E-01  5.331384E+00
  3.175000E+00  9.216121E-01  5.573080E+00
  3.225000E+00  9.510460E-01  5.830414E+00
  3.275000E+00  1.009219E+00  6.112020E+00
  3.325000E+00  1.024410E+00  6.406660E+00
  3.375000E+00  1.020703E+00  6.709129E+00
  3.425000E+00  1.036544E+00  7.025461E+00
  3.475000E+00  1.108965E+00  7.373848E+00
  3.525000E+00  1.084706E+00  7.724490E+00
  3.575000E+00  1.132209E+00  8.100944E+00
  3.625000E+00  1.157387E+00  8.496609E+00
  3.675000E+00  1.158332E+00  8.903596E+00
  3.725000E+00  1.173267E+00  9.327125E+00
  3.775000E+00  1.178910E+00  9.764191E+00
  3.825000E+00  1.137429E+00  1.019712E+01
  3.875000E+00  1.101913E+00  1.062757E+01
  3.925000E+00  1.115799E+00  1.107477E+01
  3.975000E+00  1.096193E+00  1.152537E+01
  4.025000E+00  1.076346E+00  1.197902E+01
  4.075000E+00  1.073594E+00  1.244281E+01
  4.125000E+00  1.041266E+00  1.290375E+01
  4.175000E+00  1.034702E+00  1.337295E+01
  4.225000E+00  9.938623E-01  1.383449E+01
  4.275000E+00  9.898123E-01  1.430510E+01
  4.325000E+00  9.797755E-01  1.478189E+01
  4.375000E+00  9.725515E-01  1.526617E+01
  4.425000E+00  9.530476E-01  1.575165E+01
  4.475000E+00  9.366153E-01  1.623961E+01
  4.525000E+00  9.382435E-01  1.673939E+01
  4.575000E+00  9.504043E-01  1.725691E+01
  4.625000E+00  9.506941E-01  1.778595E+01
  4.675000E+00  9.617587E-01  1.833279E+01
  4.725000E+00  9.508389E-01  1.888505E+01
  4.775000E+00  9.270417E-01  1.943494E+01
  4.825000E+00  9.324147E-01  1.999966E+01
  4.875000E+00  9.456501E-01  2.058433E+01
  4.925000E+00  9.377136E-01  2.117604E+01
  4.975000E+00  9.714634E-01  2.180157E+01
  5.025000E+00  9.657843E-01  2.243599E+01
  5.075000E+00  9.628215E-01  2.308113E+01
  5.125000E+00  9.771889E-01  2.374885E+01
  5.175000E+00  9.889557E-01  2.443786E+01
  5.225000E+00  9.990702E-01  2.514744E+01
  5.275000E+00  1.015943E+00  2.588287E+01
  5.325000E+00  9.976728E-01  2.661883E+01
  5.375000E+00  9.910004E-01  2.736367E+01
  5.425000E+00  9.902593E-01  2.812186E+01
  5.475000E+00  9.811641E-01  2.888700E+01
  5.525000E+00  9.685744E-01  2.965617E+01
  5.575000E+00  9.943102E-01  3.046015E+01
  5.625000E+00  9.849316E-01  3.127088E+01
  5.675000E+00  9.850773E-01  3.209622E+01
  5.725000E+00  9.750322E-01  3.292760E+01
  5.775000E+00  9.750148E-01  3.377355E+01
  5.825000E+00  9.742847E-01  3.463356E+01
  5.875000E+00  9.586393E-01  3.549436E+01
  5.925000E+00  9.689036E-01  3.637924E+01
  5.975000E+00  9.558815E-01  3.726703E+01
La      La      
  2.500000E-02  0.000000E+00  0.000000E+00
  7.500000E-02  0.000000E+00  0.000000E+00
  1.250000E-01  0.000000E+00  0.000000E+00
  1.750000E-01  0.000000E+00  0.000000E+00
  2.250000E-01  0.000000E+00  0.000000E+00
  2.750000E-01  0.000000E+00  0.000000E+00
  3.250000E-01  0.000000E+00  0.000000E+00
  3.750000E-01  0.000000E+00  0.000000E+00
  4.250000E-01  0.000000E+00  0.000000E+00
  4.750000E-01  0.000000E+00  0.000000E+00
  5.250000E-01  0.000000E+00  0.000000E+00
  5.750000E-01  0.000000E+00  0.000000E+00
  6.250000E-01  0.000000E+00  0.000000E+00
  6.750000E-01  0.000000E+00  0.000000E+00
  7.250000E-01  0.000000E+00  0.000000E+00
  7.750000E-01  0.000000E+00  0.000000E+00
  8.250000E-01  0.000000E+00  0.000000E+00
  8.750000E-01  0.000000E+00  0.000000E+00
  9.250000E-01  0.000000E+00  0.000000E+00
  9.750000E-01  0.000000E+00  0.000000E+00
  1.025000E+00  0.000000E+00  0.000000E+00
  1.075000E+00  0.000000E+00  0.000000E+00
  1.125000E+00  0.000000E+00  0.000000E+00
  1.175000E+00  0.000000E+00  0.000000E+00
  1.225000E+00  0.000000E+00  0.000000E+00
  1.275000E+00  0.000000E+00  0.000000E+00
  1.325000E+00  0.000000E+00  0.000000E+00
  1.375000E+00  0.000000E+00  0.000000E+00
  1.425000E+00  0.000000E+00  0.000000E+00
  1.475000E+00  0.000000E+00  0.000000E+00
  1.525000E+00  0.000000E+00  0.000000E+00
  1.575000E+00  0.000000E+00  0.000000E+00
  1.625000E+00  0.000000E+00  0.000000E+00
  1.675000E+00  0.000000E+00  0.000000E+00
  1.725000E+00  0.000000E+00  0.000000E+00
  1.775000E+00  0.000000E+00  0.000000E+00
  1.825000E+00  0.000000E+00  0.000000E+00
  1.875000E+00  0.000000E+00  0.000000E+00
  1.925000E+00  0.000000E+00  0.000000E+00
  1.975000E+00  0.000000E+00  0.000000E+00
  2.025000E+00  0.000000E+00  0.000000E+00
  2.075000E+00  0.000000E+00  0.000000E+00
  2.125000E+00  0.000000E+00  0.000000E+00
  2.175000E+00  0.000000E+00  0.000000E+00
  2.225000E+00  0.000000E+00  0.000000E+00
  2.275000E+00  0.000000E+00  0.000000E+00
  2.325000E+00  0.000000E+00  0.000000E+00
  2.375000E+00  0.000000E+00  0.000000E+00
  2.425000E+00  0.000000E+00  0.000000E+00
  2.475000E+00  0.000000E+00  0.000000E+00
  2.525000E+00  0.000000E+00  0.000000E+00
  2.575000E+00  0.000000E+00  0.000000E+00
  2.625000E+00  0.000000E+00  0.000000E+00
  2.675000E+00  0.000000E+00  0.000000E+00
  2.725000E+00  0.000000E+00  0.000000E+00
  2.775000E+00  0.000000E+00  0.000000E+00
  2.825000E+00  0.000000E+00  0.000000E+00
  2.875000E+00  0.000000E+00  0.000000E+00
  2.925000E+00  0.000000E+00  0.000000E+00
  2.975000E+00  5.364647E-05  3.088102E-06
  3.025000E+00  0.000000E+00  3.088102E-06
  3.075000E+00  0.000000E+00  3.088102E-06
  3.125000E+00  2.431006E-04  1.852861E-05
  3.175000E+00  1.083320E-03  8.955496E-05
  3.225000E+00  1.369552E-03  1.821980E-04
  3.275000E+00  3.541476E-03  4.292462E-04
  3.325000E+00  1.631990E-02  1.602725E-03
  3.375000E+00  1.950813E-02  3.047957E-03
  3.425000E+00  3.610450E-02  5.802544E-03
  3.475000E+00  8.610975E-02  1.256549E-02
  3.525000E+00  1.999634E-01  2.872552E-02
  3.575000E+00  3.053782E-01  5.410972E-02
  3.625000E+00  5.505565E-01  1.011631E-01
  3.675000E+00  7.591665E-01  1.678476E-01
  3.725000E+00  1.154101E+00  2.720000E-01
  3.775000E+00  1.450720E+00  4.064591E-01
  3.825000E+00  1.852001E+00  5.826878E-01
  3.875000E+00  1.882305E+00  7.665132E-01
  3.925000E+00  1.969740E+00  9.638738E-01
  3.975000E+00  2.054372E+00  1.174992E+00
  4.025000E+00  2.219680E+00  1.408872E+00
  4.075000E+00  2.357691E+00  1.663505E+00
  4.125000E+00  2.177963E+00  1.904534E+00
  4.175000E+00  2.098270E+00  2.142408E+00
  4.225000E+00  2.148568E+00  2.391852E+00
  4.275000E+00  1.846151E+00  2.611290E+00
  4.325000E+00  1.645727E+00  2.811507E+00
  4.375000E+00  1.674162E+00  3.019920E+00
  4.425000E+00  1.444175E+00  3.203835E+00
  4.475000E+00  1.587040E+00  3.410537E+00
  4.525000E+00  1.324051E+00  3.586861E+00
  4.575000E+00  1.388254E+00  3.775844E+00
  4.625000E+00  1.235406E+00  3.947715E+00
  4.675000E+00  1.171994E+00  4.114309E+00
  4.725000E+00  1.009954E+00  4.260957E+00
  4.775000E+00  9.972645E-01  4.408843E+00
  4.825000E+00  9.364431E-01  4.550633E+00
  4.875000E+00  8.984326E-01  4.689502E+00
  4.925000E+00  7.795289E-01  4.812477E+00
  4.975000E+00  7.441986E-01  4.932273E+00
  5.025000E+00  7.345208E-01  5.052901E+00
  5.075000E+00  7.437898E-01  5.177493E+00
  5.125000E+00  6.752784E-01  5.292849E+00
  5.175000E+00  7.505866E-01  5.423584E+00
  5.225000E+00  6.746355E-01  5.543372E+00
  5.275000E+00  6.972462E-01  5.669555E+00
  5.325000E+00  6.745354E-01  5.793953E+00
  5.375000E+00  6.896548E-01  5.923539E+00
  5.425000E+00  6.500745E-01  6.047971E+00
  5.475000E+00  7.183580E-01  6.188019E+00
  5.525000E+00  7.601515E-01  6.338935E+00
  5.575000E+00  7.696610E-01  6.494516E+00
  5.625000E+00  6.986544E-01  6.638289E+00
  5.675000E+00  7.847051E-01  6.802653E+00
  5.725000E+00  7.737529E-01  6.967592E+00
  5.775000E+00  7.877050E-01  7.138450E+00
  5.825000E+00  8.504217E-01  7.326121E+00
  5.875000E+00  8.845272E-01  7.524682E+00
  5.925000E+00  8.508885E-01  7.718958E+00
  5.975000E+00  8.778704E-01  7.922791E+00
La      Zr      
  2.500000E-02  0.000000E+00  0.000000E+00
  7.500000E-02  0.000000E+00  0.000000E+00
  1.250000E-01  0.000000E+00  0.000000E+00
  1.750000E-01  0.000000E+00  0.000000E+00
  2.250000E-01  0.000000E+00  0.000000E+00
  2.750000E-01  0.000000E+00  0.000000E+00
  3.250000E-01  0.000000E+00  0.000000E+00
  3.750000E-01  0.000000E+00  0.000000E+00
  4.250000E-01  0.000000E+00  0.000000E+00
  4.750000E-01  0.000000E+00  0.000000E+00
  5.250000E-01  0.000000E+00  0.000000E+00
  5.750000E-01  0.000000E+00  0.000000E+00
  6.250000E-01  0.000000E+00  0.000000E+00
  6.750000E-01  0.000000E+00  0.000000E+00
  7.250000E-01  0.000000E+00  0.000000E+00
  7.750000E-01  0.000000E+00  0.000000E+00
  8.250000E-01  0.000000E+00  0.000000E+00
  8.750000E-01  0.000000E+00  0.000000E+00
  9.250000E-01  0.000000E+00  0.000000E+00
  9.750000E-01  0.000000E+00  0.000000E+00
  1.025000E+00  0.000000E+00  0.000000E+00
  1.075000E+00  0.000000E+00  0.000000E+00
  1.125000E+00  0.000000E+00  0.000000E+00
  1.175000E+00  0.000000E+00  0.000000E+00
  1.225000E+00  0.000000E+00  0.000000E+00
  1.275000E+00  0.000000E+00  0.000000E+00
  1.325000E+00  0.000000E+00  0.000000E+00
  1.375000E+00  0.000000E+00  0.000000E+00
  1.425000E+00  0.000000E+00  0.000000E+00
  1.475000E+00  0.000000E+00  0.000000E+00
  1.525000E+00  0.000000E+00  0.000000E+00
  1.575000E+00  0.000000E+00  0.000000E+00
  1.625000E+00  0.000000E+00  0.000000E+00
  1.675000E+00  0.000000E+00  0.000000E+00
  1.725000E+00  0.000000E+00  0.000000E+00
  1.775000E+00  0.000000E+00  0.000000E+00
  1.825000E+00  0.000000E+00  0.000000E+00
  1.875000E+00  0.000000E+00  0.000000E+00
  1.925000E+00  0.000000E+00  0.000000E+00
  1.975000E+00  0.000000E+00  0.000000E+00
  2.025000E+00  0.000000E+00  0.000000E+00
  2.075000E+00  0.000000E+00  0.000000E+00
  2.125000E+00  0.000000E+00  0.000000E+00
  2.175000E+00  0.000000E+00  0.000000E+00
  2.225000E+00  0.000000E+00  0.000000E+00
  2.275000E+00  0.000000E+00  0.000000E+00
  2.325000E+00  0.000000E+00  0.000000E+00
  2.375000E+00  0.000000E+00  0.000000E+00
  2.425000E+00  0.000000E+00  0.000000E+00
  2.475000E+00  0.000000E+00  0.000000E+00
  2.525000E+00  0.000000E+00  0.000000E+00
  2.575000E+00  0.000000E+00  0.000000E+00
  2.625000E+00  0.000000E+00  0.000000E+00
  2.675000E+00  4.968847E-05  1.541668E-06
  2.725000E+00  0.000000E+00  1.541668E-06
  2.775000E+00  0.000000E+00  1.541668E-06
  2.825000E+00  0.000000E+00  1.541668E-06
  2.875000E+00  8.603184E-05  4.625005E-06
  2.925000E+00  8.311579E-05  7.708341E-06
  2.975000E+00  4.017276E-05  9.250009E-06
  3.025000E+00  3.108459E-04  2.158335E-05
  3.075000E+00  1.616905E-03  8.787509E-05
  3.125000E+00  5.679775E-03  3.283753E-04
  3.175000E+00  2.715877E-02  1.515460E-03
  3.225000E+00  7.746538E-02  5.008880E-03
  3.275000E+00  1.650875E-01  1.268639E-02
  3.325000E+00  4.368055E-01  3.362533E-02
  3.375000E+00  6.672785E-01  6.658157E-02
  3.425000E+00  1.310729E+00  1.332495E-01
  3.475000E+00  1.785404E+00  2.267316E-01
  3.525000E+00  2.493892E+00  3.610942E-01
  3.575000E+00  3.528240E+00  5.566147E-01
  3.625000E+00  3.680704E+00  7.663293E-01
  3.675000E+00  4.083358E+00  1.005448E+00
  3.725000E+00  4.007941E+00  1.246581E+00
  3.775000E+00  4.007042E+00  1.494174E+00
  3.825000E+00  3.829649E+00  1.737116E+00
  3.875000E+00  3.880660E+00  1.989773E+00
  3.925000E+00  3.410468E+00  2.217583E+00
  3.975000E+00  3.101264E+00  2.430051E+00
  4.025000E+00  3.200490E+00  2.654868E+00
  4.075000E+00  2.685459E+00  2.848223E+00
  4.125000E+00  2.464576E+00  3.030055E+00
  4.175000E+00  2.156568E+00  3.193043E+00
  4.225000E+00  1.805197E+00  3.332763E+00
  4.275000E+00  1.645532E+00  3.463157E+00
  4.325000E+00  1.548343E+00  3.588737E+00
  4.375000E+00  1.425476E+00  3.707040E+00
  4.425000E+00  1.274795E+00  3.815270E+00
  4.475000E+00  1.039335E+00  3.905514E+00
  4.525000E+00  8.461434E-01  3.980635E+00
  4.575000E+00  7.568609E-01  4.049323E+00
  4.625000E+00  6.800635E-01  4.112397E+00
  4.675000E+00  6.179441E-01  4.170956E+00
  4.725000E+00  6.253684E-01  4.231492E+00
  4.775000E+00  6.369793E-01  4.294465E+00
  4.825000E+00  5.830221E-01  4.353316E+00
  4.875000E+00  6.051456E-01  4.415674E+00
  4.925000E+00  5.338457E-01  4.471818E+00
  4.975000E+00  5.134580E-01  4.526921E+00
  5.025000E+00  5.252998E-01  4.584433E+00
  5.075000E+00  5.700963E-01  4.648097E+00
  5.125000E+00  5.557644E-01  4.711390E+00
  5.175000E+00  5.521668E-01  4.775507E+00
  5.225000E+00  5.346428E-01  4.838794E+00
  5.275000E+00  5.665445E-01  4.907147E+00
  5.325000E+00  5.619991E-01  4.976243E+00
  5.375000E+00  4.975146E-01  5.038565E+00
  5.425000E+00  5.270584E-01  5.105822E+00
  5.475000E+00  5.718258E-01  5.180142E+00
  5.525000E+00  6.006133E-01  5.259637E+00
  5.575000E+00  6.446627E-01  5.346513E+00
  5.625000E+00  5.945737E-01  5.428083E+00
  5.675000E+00  5.991577E-01  5.511749E+00
  5.725000E+00  6.377831E-01  5.602385E+00
  5.775000E+00  6.346444E-01  5.694158E+00
  5.825000E+00  7.173634E-01  5.799696E+00
  5.875000E+00  6.617948E-01  5.898737E+00
  5.925000E+00  6.780087E-01  6.001939E+00
  5.975000E+00  7.034494E-01  6.110829E+00
La      O       
  2.500000E-02  0.000000E+00  0.000000E+00
  7.500000E-02  0.000000E+00  0.000000E+00
  1.250000E-01  0.000000E+00  0.000000E+00
  1.750000E-01  0.000000E+00  0.000000E+00
  2.250000E-01  0.000000E+00  0.000000E+00
  2.750000E-01  0.000000E+00  0.000000E+00
  3.250000E-01  0.000000E+00  0.000000E+00
  3.750000E-01  0.000000E+00  0.000000E+00
  4.250000E-01  0.000000E+00  0.000000E+00
  4.750000E-01  0.000000E+00  0.000000E+00
  5.250000E-01  0.000000E+00  0.000000E+00
  5.750000E-01  0.000000E+00  0.000000E+00
  6.250000E-01  0.000000E+00  0.000000E+00
  6.750000E-01  0.000000E+00  0.000000E+00
  7.250000E-01  0.000000E+00  0.000000E+00
  7.750000E-01  0.000000E+00  0.000000E+00
  8.250000E-01  0.000000E+00  0.000000E+00
  8.750000E-01  0.000000E+00  0.000000E+00
  9.250000E-01  0.000000E+00  0.000000E+00
  9.750000E-01  0.000000E+00  0.000000E+00
  1.025000E+00  0.000000E+00  0.000000E+00
  1.075000E+00  0.000000E+00  0.000000E+00
  1.125000E+00  0.000000E+00  0.000000E+00
  1.175000E+00  0.000000E+00  0.000000E+00
  1.225000E+00  0.000000E+00  0.000000E+00
  1.275000E+00  0.000000E+00  0.000000E+00
  1.325000E+00  0.000000E+00  0.000000E+00
  1.375000E+00  0.000000E+00  0.000000E+00
  1.425000E+00  0.000000E+00  0.000000E+00
  1.475000E+00  0.000000E+00  0.000000E+00
  1.525000E+00  0.000000E+00  0.000000E+00
  1.575000E+00  0.000000E+00  0.000000E+00
  1.625000E+00  0.000000E+00  0.000000E+00
  1.675000E+00  0.000000E+00  0.000000E+00
  1.725000E+00  0.000000E+00  0.000000E+00
  1.775000E+00  0.000000E+00  0.000000E+00
  1.825000E+00  3.558293E-05  3.083336E-06
  1.875000E+00  3.371059E-05  6.166673E-06
  1.925000E+00  0.000000E+00  6.166673E-06
  1.975000E+00  1.519173E-05  7.708341E-06
  2.025000E+00  5.780328E-05  1.387501E-05
  2.075000E+00  5.229871E-04  7.245841E-05
  2.125000E+00  4.763579E-03  6.320840E-04
  2.175000E+00  3.420965E-02  4.842380E-03
  2.225000E+00  1.961728E-01  3.010878E-02
  2.275000E+00  7.172274E-01  1.266835E-01
  2.325000E+00  2.012723E+00  4.097400E-01
  2.375000E+00  4.100267E+00  1.011442E+00
  2.425000E+00  5.823394E+00  1.902368E+00
  2.475000E+00  6.420468E+00  2.925562E+00
  2.525000E+00  5.537703E+00  3.844091E+00
  2.575000E+00  4.112146E+00  4.553445E+00
  2.625000E+00  3.299614E+00  5.144954E+00
  2.675000E+00  2.295127E+00  5.572215E+00
  2.725000E+00  1.673103E+00  5.895432E+00
  2.775000E+00  1.200301E+00  6.135898E+00
  2.825000E+00  9.878747E-01  6.341003E+00
  2.875000E+00  8.189443E-01  6.517106E+00
  2.925000E+00  6.798318E-01  6.668424E+00
  2.975000E+00  5.840450E-01  6.802904E+00
  3.025000E+00  5.471925E-01  6.933169E+00
  3.075000E+00  5.035030E-01  7.057028E+00
  3.125000E+00  4.716459E-01  7.176854E+00
  3.175000E+00  4.909448E-01  7.305606E+00
  3.225000E+00  4.652538E-01  7.431494E+00
  3.275000E+00  4.782509E-01  7.564943E+00
  3.325000E+00  4.580154E-01  7.696677E+00
  3.375000E+00  4.338803E-01  7.825250E+00
  3.425000E+00  4.923114E-01  7.975494E+00
  3.475000E+00  5.082891E-01  8.135175E+00
  3.525000E+00  5.445726E-01  8.311213E+00
  3.575000E+00  5.640731E-01  8.498765E+00
  3.625000E+00  5.772472E-01  8.696103E+00
  3.675000E+00  6.236197E-01  8.915216E+00
  3.725000E+00  6.681823E-01  9.156418E+00
  3.775000E+00  7.412565E-01  9.431229E+00
  3.825000E+00  7.764777E-01  9.726775E+00
  3.875000E+00  7.904422E-01  1.003555E+01
  3.925000E+00  7.956082E-01  1.035442E+01
  3.975000E+00  7.941301E-01  1.068086E+01
  4.025000E+00  8.384514E-01  1.103424E+01
  4.075000E+00  8.836263E-01  1.141597E+01
  4.125000E+00  8.976667E-01  1.181333E+01
  4.175000E+00  8.971284E-01  1.222015E+01
  4.225000E+00  9.011145E-01  1.263862E+01
  4.275000E+00  9.100200E-01  1.307129E+01
  4.325000E+00  8.796412E-01  1.349935E+01
  4.375000E+00  8.906228E-01  1.394284E+01
  4.425000E+00  8.720382E-01  1.438706E+01
  4.475000E+00  9.013332E-01  1.485663E+01
  4.525000E+00  9.426406E-01  1.535876E+01
  4.575000E+00  9.518065E-01  1.587703E+01
  4.625000E+00  9.630092E-01  1.641293E+01
  4.675000E+00  1.049166E+00  1.700947E+01
  4.725000E+00  1.023382E+00  1.760386E+01
  4.775000E+00  1.071207E+00  1.823927E+01
  4.825000E+00  1.083994E+00  1.889579E+01
  4.875000E+00  1.073357E+00  1.955942E+01
  4.925000E+00  1.094510E+00  2.025007E+01
  4.975000E+00  1.142200E+00  2.098553E+01
  5.025000E+00  1.201412E+00  2.177475E+01
  5.075000E+00  1.231465E+00  2.259988E+01
  5.125000E+00  1.245316E+00  2.345081E+01
  5.175000E+00  1.212968E+00  2.429590E+01
  5.225000E+00  1.232522E+00  2.517128E+01
  5.275000E+00  1.232392E+00  2.606340E+01
  5.325000E+00  1.239082E+00  2.697745E+01
  5.375000E+00  1.218009E+00  2.789290E+01
  5.425000E+00  1.213251E+00  2.882182E+01
  5.475000E+00  1.200558E+00  2.975805E+01
  5.525000E+00  1.174916E+00  3.069109E+01
  5.575000E+00  1.143792E+00  3.161593E+01
  5.625000E+00  1.122556E+00  3.253995E+01
  5.675000E+00  1.067028E+00  3.343395E+01
  5.725000E+00  1.061997E+00  3.433948E+01
  5.775000E+00  1.066067E+00  3.526443E+01
  5.825000E+00  1.059190E+00  3.619939E+01
  5.875000E+00  9.986944E-01  3.709616E+01
  5.925000E+00  9.823523E-01  3.799332E+01
  5.975000E+00  1.003926E+00  3.892573E+01
La      O_s     
  2.500000E-02  0.000000E+00  0.000000E+00
  7.500000E-02  0.000000E+00  0.000000E+00
  1.250000E-01  0.000000E+00  0.000000E+00
  1.750000E-01  0.000000E+00  0.000000E+00
  2.250000E-01  0.000000E+00  0.000000E+00
  2.750000E-01  0.000000E+00  0.000000E+00
  3.250000E-01  0.000000E+00  0.000000E+00
  3.750000E-01  0.000000E+00  0.000000E+00
  4.250000E-01  0.000000E+00  0.000000E+00
  4.750000E-01  0.000000E+00  0.000000E+00
  5.250000E-01  0.000000E+00  0.000000E+00
  5.750000E-01  0.000000E+00  0.000000E+00
  6.250000E-01  0.000000E+00  0.000000E+00
  6.750000E-01  0.000000E+00  0.000000E+00
  7.250000E-01  0.000000E+00  0.000000E+00
  7.750000E-01  0.000000E+00  0.000000E+00
  8.250000E-01  0.000000E+00  0.000000E+00
  8.750000E-01  0.000000E+00  0.000000E+00
  9.250000E-01  0.000000E+00  0.000000E+00
  9.750000E-01  0.000000E+00  0.000000E+00
  1.025000E+00  0.000000E+00  0.000000E+00
  1.075000E+00  0.000000E+00  0.000000E+00
  1.125000E+00  0.000000E+00  0.000000E+00
  1.175000E+00  0.000000E+00  0.000000E+00
  1.225000E+00  0.000000E+00  0.000000E+00
  1.275000E+00  0.000000E+00  0.000000E+00
  1.325000E+00  3.375059E-05  1.541668E-06
  1.375000E+00  0.000000E+00  1.541668E-06
  1.425000E+00  0.000000E+00  1.541668E-06
  1.475000E+00  2.723573E-05  3.083336E-06
  1.525000E+00  0.000000E+00  3.083336E-06
  1.575000E+00  0.000000E+00  3.083336E-06
  1.625000E+00  0.000000E+00  3.083336E-06
  1.675000E+00  0.000000E+00  3.083336E-06
  1.725000E+00  0.000000E+00  3.083336E-06
  1.775000E+00  0.000000E+00  3.083336E-06
  1.825000E+00  0.000000E+00  3.083336E-06
  1.875000E+00  0.000000E+00  3.083336E-06
  1.925000E+00  4.797334E-05  7.708341E-06
  1.975000E+00  1.519173E-05  9.250009E-06
  2.025000E+00  4.335246E-05  1.387501E-05
  2.075000E+00  6.881410E-05  2.158335E-05
  2.125000E+00  2.099649E-04  4.625005E-05
  2.175000E+00  2.267282E-03  3.252920E-04
  2.225000E+00  3.511935E-02  4.848547E-03
  2.275000E+00  2.456134E-01  3.792041E-02
  2.325000E+00  9.197595E-01  1.672695E-01
  2.375000E+00  2.280705E+00  5.019564E-01
  2.425000E+00  4.234473E+00  1.149792E+00
  2.475000E+00  5.688583E+00  2.056350E+00
  2.525000E+00  5.586824E+00  2.983026E+00
  2.575000E+00  4.782581E+00  3.808031E+00
  2.625000E+00  3.869314E+00  4.501668E+00
  2.675000E+00  2.932721E+00  5.047624E+00
  2.725000E+00  2.166764E+00  5.466208E+00
  2.775000E+00  1.666430E+00  5.800058E+00
  2.825000E+00  1.340371E+00  6.078349E+00
  2.875000E+00  9.937897E-01  6.292051E+00
  2.925000E+00  8.174230E-01  6.473994E+00
  2.975000E+00  7.164411E-01  6.638958E+00
  3.025000E+00  6.337696E-01  6.789834E+00
  3.075000E+00  6.155645E-01  6.941259E+00
  3.125000E+00  5.675406E-01  7.085449E+00
  3.175000E+00  5.781174E-01  7.237062E+00
  3.225000E+00  5.633333E-01  7.389489E+00
  3.275000E+00  5.228710E-01  7.535387E+00
  3.325000E+00  5.486709E-01  7.693196E+00
  3.375000E+00  5.715063E-01  7.862553E+00
  3.425000E+00  5.638583E-01  8.034630E+00
  3.475000E+00  5.852806E-01  8.218499E+00
  3.525000E+00  6.243506E-01  8.420327E+00
  3.575000E+00  6.378378E-01  8.632405E+00
  3.625000E+00  6.841978E-01  8.866305E+00
  3.675000E+00  7.113355E-01  9.116237E+00
  3.725000E+00  7.321456E-01  9.380528E+00
  3.775000E+00  7.644686E-01  9.663946E+00
  3.825000E+00  7.909700E-01  9.965007E+00
  3.875000E+00  7.936152E-01  1.027502E+01
  3.925000E+00  8.020475E-01  1.059647E+01
  3.975000E+00  8.323323E-01  1.093861E+01
  4.025000E+00  8.362018E-01  1.129104E+01
  4.075000E+00  8.924051E-01  1.167657E+01
  4.125000E+00  8.705890E-01  1.206195E+01
  4.175000E+00  8.278551E-01  1.243735E+01
  4.225000E+00  8.797353E-01  1.284589E+01
  4.275000E+00  8.515859E-01  1.325078E+01
  4.325000E+00  8.820141E-01  1.368000E+01
  4.375000E+00  8.957065E-01  1.412602E+01
  4.425000E+00  8.963133E-01  1.458260E+01
  4.475000E+00  8.821251E-01  1.504216E+01
  4.525000E+00  9.247141E-01  1.553474E+01
  4.575000E+00  9.470783E-01  1.605044E+01
  4.625000E+00  9.647656E-01  1.658732E+01
  4.675000E+00  1.000325E+00  1.715609E+01
  4.725000E+00  1.081475E+00  1.778422E+01
  4.775000E+00  1.088693E+00  1.843000E+01
  4.825000E+00  1.088672E+00  1.908936E+01
  4.875000E+00  1.094684E+00  1.976617E+01
  4.925000E+00  1.142630E+00  2.048719E+01
  4.975000E+00  1.166749E+00  2.123846E+01
  5.025000E+00  1.202146E+00  2.202815E+01
  5.075000E+00  1.209331E+00  2.283845E+01
  5.125000E+00  1.242615E+00  2.368754E+01
  5.175000E+00  1.223276E+00  2.453981E+01
  5.225000E+00  1.217050E+00  2.540420E+01
  5.275000E+00  1.251981E+00  2.631050E+01
  5.325000E+00  1.231301E+00  2.721881E+01
  5.375000E+00  1.214918E+00  2.813194E+01
  5.425000E+00  1.173258E+00  2.903024E+01
  5.475000E+00  1.160851E+00  2.993550E+01
  5.525000E+00  1.136606E+00  3.083812E+01
  5.575000E+00  1.098639E+00  3.172645E+01
  5.625000E+00  1.087035E+00  3.262123E+01
  5.675000E+00  1.033044E+00  3.348676E+01
  5.725000E+00  1.058918E+00  3.438966E+01
  5.775000E+00  1.023552E+00  3.527773E+01
  5.825000E+00  1.014306E+00  3.617307E+01
  5.875000E+00  1.008974E+00  3.707906E+01
  5.925000E+00  9.862281E-01  3.797977E+01
  5.975000E+00  9.767829E-01  3.888697E+01
Zr      Zr      
  2.500000E-02  0.000000E+00  0.000000E+00
  7.500000E-02  0.000000E+00  0.000000E+00
  1.250000E-01  0.000000E+00  0.000000E+00
  1.750000E-01  0.000000E+00  0.000000E+00
  2.250000E-01  0.000000E+00  0.000000E+00
  2.750000E-01  0.000000E+00  0.000000E+00
  3.250000E-01  0.000000E+00  0.000000E+00
  3.750000E-01  0.000000E+00  0.000000E+00
  4.250000E-01  0.000000E+00  0.000000E+00
  4.750000E-01  0.000000E+00  0.000000E+00
  5.250000E-01  0.000000E+00  0.000000E+00
  5.750000E-01  0.000000E+00  0.000000E+00
  6.250000E-01  0.000000E+00  0.000000E+00
  6.750000E-01  0.000000E+00  0.000000E+00
  7.250000E-01  0.000000E+00  0.000000E+00
  7.750000E-01  0.000000E+00  0.000000E+00
  8.250000E-01  0.000000E+00  0.000000E+00
  8.750000E-01  0.000000E+00  0.000000E+00
  9.250000E-01  0.000000E+00  0.000000E+00
  9.750000E-01  0.000000E+00  0.000000E+00
  1.025000E+00  0.000000E+00  0.000000E+00
  1.075000E+00  0.000000E+00  0.000000E+00
  1.125000E+00  0.000000E+00  0.000000E+00
  1.175000E+00  0.000000E+00  0.000000E+00
  1.225000E+00  0.000000E+00  0.000000E+00
  1.275000E+00  0.000000E+00  0.000000E+00
  1.325000E+00  0.000000E+00  0.000000E+00
  1.375000E+00  0.000000E+00  0.000000E+00
  1.425000E+00  0.000000E+00  0.000000E+00
  1.475000E+00  0.000000E+00  0.000000E+00
  1.525000E+00  0.000000E+00  0.000000E+00
  1.575000E+00  0.000000E+00  0.000000E+00
  1.625000E+00  0.000000E+00  0.000000E+00
  1.675000E+00  0.000000E+00  0.000000E+00
  1.725000E+00  0.000000E+00  0.000000E+00
  1.775000E+00  0.000000E+00  0.000000E+00
  1.825000E+00  0.000000E+00  0.000000E+00
  1.875000E+00  0.000000E+00  0.000000E+00
  1.925000E+00  0.000000E+00  0.000000E+00
  1.975000E+00  0.000000E+00  0.000000E+00
  2.025000E+00  0.000000E+00  0.000000E+00
  2.075000E+00  0.000000E+00  0.000000E+00
  2.125000E+00  0.000000E+00  0.000000E+00
  2.175000E+00  0.000000E+00  0.000000E+00
  2.225000E+00  0.000000E+00  0.000000E+00
  2.275000E+00  0.000000E+00  0.000000E+00
  2.325000E+00  0.000000E+00  0.000000E+00
  2.375000E+00  0.000000E+00  0.000000E+00
  2.425000E+00  0.000000E+00  0.000000E+00
  2.475000E+00  0.000000E+00  0.000000E+00
  2.525000E+00  0.000000E+00  0.000000E+00
  2.575000E+00  0.000000E+00  0.000000E+00
  2.625000E+00  0.000000E+00  0.000000E+00
  2.675000E+00  0.000000E+00  0.000000E+00
  2.725000E+00  0.000000E+00  0.000000E+00
  2.775000E+00  0.000000E+00  0.000000E+00
  2.825000E+00  0.000000E+00  0.000000E+00
  2.875000E+00  1.293472E-04  4.635735E-06
  2.925000E+00  0.000000E+00  4.635735E-06
  2.975000E+00  3.623937E-04  1.854294E-05
  3.025000E+00  7.010261E-04  4.635735E-05
  3.075000E+00  3.505141E-03  1.900652E-04
  3.125000E+00  2.879321E-02  1.409264E-03
  3.175000E+00  6.002934E-02  4.033090E-03
  3.225000E+00  1.302423E-01  9.906567E-03
  3.275000E+00  2.046452E-01  1.942373E-02
  3.325000E+00  4.604159E-01  4.149447E-02
  3.375000E+00  4.869542E-01  6.554466E-02
  3.425000E+00  5.493080E-01  9.348424E-02
  3.475000E+00  7.240584E-01  1.313953E-01
  3.525000E+00  7.146773E-01  1.698997E-01
  3.575000E+00  1.100630E+00  2.308921E-01
  3.625000E+00  1.100907E+00  2.936182E-01
  3.675000E+00  1.039014E+00  3.544622E-01
  3.725000E+00  1.036736E+00  4.168361E-01
  3.775000E+00  9.405827E-01  4.749543E-01
  3.825000E+00  8.973728E-01  5.318811E-01
  3.875000E+00  1.099293E+00  6.034522E-01
  3.925000E+00  6.814369E-01  6.489705E-01
  3.975000E+00  8.029797E-01  7.039828E-01
  4.025000E+00  8.591134E-01  7.643308E-01
  4.075000E+00  7.889706E-01  8.211371E-01
  4.125000E+00  7.332655E-01  8.752361E-01
  4.175000E+00  7.433481E-01  9.314166E-01
  4.225000E+00  5.576154E-01  9.745753E-01
  4.275000E+00  5.265128E-01  1.016297E+00
  4.325000E+00  5.341286E-01  1.059618E+00
  4.375000E+00  5.903038E-01  1.108608E+00
  4.425000E+00  4.972649E-01  1.150826E+00
  4.475000E+00  5.673131E-01  1.200085E+00
  4.525000E+00  4.052991E-01  1.236068E+00
  4.575000E+00  4.671843E-01  1.278466E+00
  4.625000E+00  5.978378E-01  1.333914E+00
  4.675000E+00  5.576260E-01  1.386757E+00
  4.725000E+00  5.451686E-01  1.439530E+00
  4.775000E+00  5.716526E-01  1.496045E+00
  4.825000E+00  6.038621E-01  1.557000E+00
  4.875000E+00  6.343218E-01  1.622364E+00
  4.925000E+00  7.561236E-01  1.701885E+00
  4.975000E+00  9.210468E-01  1.800728E+00
  5.025000E+00  8.890902E-01  1.898069E+00
  5.075000E+00  9.541409E-01  2.004622E+00
  5.125000E+00  9.968761E-01  2.118151E+00
  5.175000E+00  9.362663E-01  2.226868E+00
  5.225000E+00  9.376619E-01  2.337862E+00
  5.275000E+00  1.064020E+00  2.466234E+00
  5.325000E+00  1.060383E+00  2.596605E+00
  5.375000E+00  1.081825E+00  2.732122E+00
  5.425000E+00  1.114360E+00  2.874323E+00
  5.475000E+00  1.082543E+00  3.015022E+00
  5.525000E+00  1.069343E+00  3.156556E+00
  5.575000E+00  1.116123E+00  3.306967E+00
  5.625000E+00  1.198079E+00  3.471331E+00
  5.675000E+00  1.288671E+00  3.651281E+00
  5.725000E+00  1.346441E+00  3.842626E+00
  5.775000E+00  1.299889E+00  4.030596E+00
  5.825000E+00  1.225961E+00  4.210958E+00
  5.875000E+00  1.420714E+00  4.423576E+00
  5.925000E+00  1.335469E+00  4.626853E+00
  5.975000E+00  1.334475E+00  4.833422E+00
Zr      O       
  2.500000E-02  0.000000E+00  0.000000E+00
  7.500000E-02  0.000000E+00  0.000000E+00
  1.250000E-01  0.000000E+00  0.000000E+00
  1.750000E-01  0.000000E+00  0.000000E+00
  2.250000E-01  0.000000E+00  0.000000E+00
  2.750000E-01  0.000000E+00  0.000000E+00
  3.250000E-01  0.000000E+00  0.000000E+00
  3.750000E-01  0.000000E+00  0.000000E+00
  4.250000E-01  0.000000E+00  0.000000E+00
  4.750000E-01  0.000000E+00  0.000000E+00
  5.250000E-01  0.000000E+00  0.000000E+00
  5.750000E-01  0.000000E+00  0.000000E+00
  6.250000E-01  0.000000E+00  0.000000E+00
  6.750000E-01  0.000000E+00  0.000000E+00
  7.250000E-01  0.000000E+00  0.000000E+00
  7.750000E-01  0.000000E+00  0.000000E+00
  8.250000E-01  0.000000E+00  0.000000E+00
  8.750000E-01  0.000000E+00  0.000000E+00
  9.250000E-01  0.000000E+00  0.000000E+00
  9.750000E-01  0.000000E+00  0.000000E+00
  1.025000E+00  0.000000E+00  0.000000E+00
  1.075000E+00  0.000000E+00  0.000000E+00
  1.125000E+00  0.000000E+00  0.000000E+00
  1.175000E+00  0.000000E+00  0.000000E+00
  1.225000E+00  0.000000E+00  0.000000E+00
  1.275000E+00  0.000000E+00  0.000000E+00
  1.325000E+00  0.000000E+00  0.000000E+00
  1.375000E+00  0.000000E+00  0.000000E+00
  1.425000E+00  0.000000E+00  0.000000E+00
  1.475000E+00  0.000000E+00  0.000000E+00
  1.525000E+00  0.000000E+00  0.000000E+00
  1.575000E+00  7.166189E-05  4.625005E-06
  1.625000E+00  0.000000E+00  4.625005E-06
  1.675000E+00  3.168064E-05  6.937507E-06
  1.725000E+00  2.987083E-05  9.250009E-06
  1.775000E+00  5.642355E-05  1.387501E-05
  1.825000E+00  5.070568E-04  5.781256E-05
  1.875000E+00  1.375392E-02  1.315814E-03
  1.925000E+00  2.170554E-01  2.224165E-02
  1.975000E+00  1.996262E+00  2.248238E-01
  2.025000E+00  7.438003E+00  1.018338E+00
  2.075000E+00  1.096060E+01  2.246110E+00
  2.125000E+00  1.027175E+01  3.452837E+00
  2.175000E+00  6.326356E+00  4.231442E+00
  2.225000E+00  3.406774E+00  4.670223E+00
  2.275000E+00  1.857849E+00  4.920383E+00
  2.325000E+00  1.147819E+00  5.081805E+00
  2.375000E+00  7.728401E-01  5.195217E+00
  2.425000E+00  5.186516E-01  5.274566E+00
  2.475000E+00  3.951575E-01  5.337540E+00
  2.525000E+00  2.941860E-01  5.386336E+00
  2.575000E+00  2.831407E-01  5.435178E+00
  2.625000E+00  2.433812E-01  5.478808E+00
  2.675000E+00  2.174243E-01  5.519284E+00
  2.725000E+00  2.033062E-01  5.558559E+00
  2.775000E+00  1.745184E-01  5.593522E+00
  2.825000E+00  2.057079E-01  5.636232E+00
  2.875000E+00  2.174240E-01  5.682986E+00
  2.925000E+00  2.222724E-01  5.732460E+00
  2.975000E+00  2.063273E-01  5.779968E+00
  3.025000E+00  2.456266E-01  5.838442E+00
  3.075000E+00  2.861076E-01  5.908823E+00
  3.125000E+00  3.146905E-01  5.988773E+00
  3.175000E+00  3.196535E-01  6.072603E+00
  3.225000E+00  3.936684E-01  6.179122E+00
  3.275000E+00  4.653942E-01  6.308983E+00
  3.325000E+00  5.114423E-01  6.456083E+00
  3.375000E+00  6.193872E-01  6.639629E+00
  3.425000E+00  6.305481E-01  6.832059E+00
  3.475000E+00  7.204979E-01  7.058407E+00
  3.525000E+00  7.597223E-01  7.303995E+00
  3.575000E+00  7.908314E-01  7.566942E+00
  3.625000E+00  8.998081E-01  7.874551E+00
  3.675000E+00  9.756631E-01  8.217357E+00
  3.725000E+00  1.026809E+00  8.588016E+00
  3.775000E+00  9.726996E-01  8.948632E+00
  3.825000E+00  1.011430E+00  9.333606E+00
  3.875000E+00  9.707985E-01  9.712838E+00
  3.925000E+00  1.002687E+00  1.011470E+01
  3.975000E+00  8.542274E-01  1.046584E+01
  4.025000E+00  8.687238E-01  1.083198E+01
  4.075000E+00  8.939682E-01  1.121818E+01
  4.125000E+00  8.181401E-01  1.158034E+01
  4.175000E+00  8.242004E-01  1.195409E+01
  4.225000E+00  8.739605E-01  1.235995E+01
  4.275000E+00  8.803782E-01  1.277852E+01
  4.325000E+00  9.315587E-01  1.323185E+01
  4.375000E+00  9.548776E-01  1.370733E+01
  4.425000E+00  9.657749E-01  1.419930E+01
  4.475000E+00  1.009800E+00  1.472538E+01
  4.525000E+00  1.022190E+00  1.526988E+01
  4.575000E+00  1.019279E+00  1.582490E+01
  4.625000E+00  1.102404E+00  1.643837E+01
  4.675000E+00  1.126291E+00  1.707876E+01
  4.725000E+00  1.121142E+00  1.772993E+01
  4.775000E+00  1.121146E+00  1.839496E+01
  4.825000E+00  1.178224E+00  1.910855E+01
  4.875000E+00  1.169238E+00  1.983146E+01
  4.925000E+00  1.185571E+00  2.057958E+01
  4.975000E+00  1.155284E+00  2.132346E+01
  5.025000E+00  1.169188E+00  2.209151E+01
  5.075000E+00  1.150767E+00  2.286257E+01
  5.125000E+00  1.153267E+00  2.365061E+01
  5.175000E+00  1.131382E+00  2.443885E+01
  5.225000E+00  1.109458E+00  2.522682E+01
  5.275000E+00  1.090186E+00  2.601600E+01
  5.325000E+00  1.060204E+00  2.679810E+01
  5.375000E+00  1.028185E+00  2.757088E+01
  5.425000E+00  1.054090E+00  2.837794E+01
  5.475000E+00  1.103550E+00  2.923852E+01
  5.525000E+00  1.067214E+00  3.008603E+01
  5.575000E+00  1.045103E+00  3.093107E+01
  5.625000E+00  1.052688E+00  3.179758E+01
  5.675000E+00  1.054457E+00  3.268105E+01
  5.725000E+00  1.095891E+00  3.361548E+01
  5.775000E+00  1.070781E+00  3.454452E+01
  5.825000E+00  1.074722E+00  3.549319E+01
  5.875000E+00  1.048786E+00  3.643493E+01
  5.925000E+00  1.061451E+00  3.740434E+01
  5.975000E+00  1.044926E+00  3.837482E+01
Zr      O_s     
  2.500000E-02  0.000000E+00  0.000000E+00
  7.500000E-02  0.000000E+00  0.000000E+00
  1.250000E-01  0.000000E+00  0.000000E+00
  1.750000E-01  0.000000E+00  0.000000E+00
  2.250000E-01  0.000000E+00  0.000000E+00
  2.750000E-01  0.000000E+00  0.000000E+00
  3.250000E-01  0.000000E+00  0.000000E+00
  3.750000E-01  0.000000E+00  0.000000E+00
  4.250000E-01  0.000000E+00  0.000000E+00
  4.750000E-01  0.000000E+00  0.000000E+00
  5.250000E-01  0.000000E+00  0.000000E+00
  5.750000E-01  0.000000E+00  0.000000E+00
  6.250000E-01  0.000000E+00  0.000000E+00
  6.750000E-01  0.000000E+00  0.000000E+00
  7.250000E-01  0.000000E+00  0.000000E+00
  7.750000E-01  0.000000E+00  0.000000E+00
  8.250000E-01  1.305615E-04  2.312502E-06
  8.750000E-01  0.000000E+00  2.312502E-06
  9.250000E-01  0.000000E+00  2.312502E-06
  9.750000E-01  9.348706E-05  4.625005E-06
  1.025000E+00  0.000000E+00  4.625005E-06
  1.075000E+00  0.000000E+00  4.625005E-06
  1.125000E+00  0.000000E+00  4.625005E-06
  1.175000E+00  0.000000E+00  4.625005E-06
  1.225000E+00  0.000000E+00  4.625005E-06
  1.275000E+00  5.467388E-05  6.937507E-06
  1.325000E+00  0.000000E+00  6.937507E-06
  1.375000E+00  0.000000E+00  6.937507E-06
  1.425000E+00  0.000000E+00  6.937507E-06
  1.475000E+00  0.000000E+00  6.937507E-06
  1.525000E+00  0.000000E+00  6.937507E-06
  1.575000E+00  0.000000E+00  6.937507E-06
  1.625000E+00  3.366006E-05  9.250009E-06
  1.675000E+00  0.000000E+00  9.250009E-06
  1.725000E+00  1.218730E-02  9.527510E-04
  1.775000E+00  1.628384E-01  1.430051E-02
  1.825000E+00  1.139543E+00  1.130444E-01
  1.875000E+00  3.666380E+00  4.483896E-01
  1.925000E+00  6.103145E+00  1.036780E+00
  1.975000E+00  7.803521E+00  1.828688E+00
  2.025000E+00  7.852041E+00  2.666373E+00
  2.075000E+00  6.683941E+00  3.415087E+00
  2.125000E+00  4.915245E+00  3.992531E+00
  2.175000E+00  3.335103E+00  4.402993E+00
  2.225000E+00  2.183145E+00  4.684175E+00
  2.275000E+00  1.363869E+00  4.867820E+00
  2.325000E+00  1.033883E+00  5.013218E+00
  2.375000E+00  7.004144E-01  5.116002E+00
  2.425000E+00  5.572561E-01  5.201257E+00
  2.475000E+00  4.179394E-01  5.267862E+00
  2.525000E+00  3.177894E-01  5.320573E+00
  2.575000E+00  2.380173E-01  5.361631E+00
  2.625000E+00  2.571711E-01  5.407733E+00
  2.675000E+00  2.521566E-01  5.454675E+00
  2.725000E+00  1.998228E-01  5.493278E+00
  2.775000E+00  1.829563E-01  5.529931E+00
  2.825000E+00  2.087932E-01  5.573281E+00
  2.875000E+00  2.203383E-01  5.620662E+00
  2.925000E+00  2.211400E-01  5.669883E+00
  2.975000E+00  2.610426E-01  5.729990E+00
  3.025000E+00  2.711937E-01  5.794550E+00
  3.075000E+00  3.194046E-01  5.873122E+00
  3.125000E+00  4.110464E-01  5.977553E+00
  3.175000E+00  4.561175E-01  6.097171E+00
  3.225000E+00  5.268227E-01  6.239719E+00
  3.275000E+00  5.890690E-01  6.404089E+00
  3.325000E+00  6.235301E-01  6.583428E+00
  3.375000E+00  6.894020E-01  6.787722E+00
  3.425000E+00  7.283890E-01  7.010011E+00
  3.475000E+00  8.057019E-01  7.263126E+00
  3.525000E+00  8.948699E-01  7.552401E+00
  3.575000E+00  9.090802E-01  7.854666E+00
  3.625000E+00  9.086222E-01  8.165288E+00
  3.675000E+00  9.401683E-01  8.495622E+00
  3.725000E+00  1.006002E+00  8.858771E+00
  3.775000E+00  8.891473E-01  9.188411E+00
  3.825000E+00  8.851129E-01  9.525306E+00
  3.875000E+00  9.006963E-01  9.877153E+00
  3.925000E+00  7.852820E-01  1.019188E+01
  3.975000E+00  7.668548E-01  1.050711E+01
  4.025000E+00  8.020538E-01  1.084515E+01
  4.075000E+00  6.822099E-01  1.113986E+01
  4.125000E+00  7.423765E-01  1.146849E+01
  4.175000E+00  7.474971E-01  1.180745E+01
  4.225000E+00  7.796961E-01  1.216954E+01
  4.275000E+00  8.510736E-01  1.257418E+01
  4.325000E+00  8.576504E-01  1.299154E+01
  4.375000E+00  9.215939E-01  1.345045E+01
  4.425000E+00  9.263932E-01  1.392236E+01
  4.475000E+00  9.877566E-01  1.443695E+01
  4.525000E+00  1.019307E+00  1.497992E+01
  4.575000E+00  1.019296E+00  1.553494E+01
  4.625000E+00  1.071965E+00  1.613148E+01
  4.675000E+00  1.096601E+00  1.675499E+01
  4.725000E+00  1.119785E+00  1.740537E+01
  4.775000E+00  1.132799E+00  1.807731E+01
  4.825000E+00  1.190889E+00  1.879857E+01
  4.875000E+00  1.163497E+00  1.951793E+01
  4.925000E+00  1.178318E+00  2.026147E+01
  4.975000E+00  1.190580E+00  2.102808E+01
  5.025000E+00  1.184684E+00  2.180631E+01
  5.075000E+00  1.135765E+00  2.256732E+01
  5.125000E+00  1.124284E+00  2.333555E+01
  5.175000E+00  1.162187E+00  2.414526E+01
  5.225000E+00  1.142805E+00  2.495692E+01
  5.275000E+00  1.114880E+00  2.576397E+01
  5.325000E+00  1.092525E+00  2.656990E+01
  5.375000E+00  1.101384E+00  2.739770E+01
  5.425000E+00  1.069572E+00  2.821662E+01
  5.475000E+00  1.079053E+00  2.905809E+01
  5.525000E+00  1.031513E+00  2.987725E+01
  5.575000E+00  1.069310E+00  3.074187E+01
  5.625000E+00  1.054090E+00  3.160953E+01
  5.675000E+00  1.072795E+00  3.250836E+01
  5.725000E+00  1.061773E+00  3.341370E+01
  5.775000E+00  1.071770E+00  3.434360E+01
  5.825000E+00  1.075613E+00  3.529306E+01
  5.875000E+00  1.097120E+00  3.627820E+01
  5.925000E+00  1.074481E+00  3.725951E+01
  5.975000E+00  1.063271E+00  3.824703E+01
O       O       
  2.500000E-02  0.000000E+00  0.000000E+00
  7.500000E-02  0.000000E+00  0.000000E+00
  1.250000E-01  0.000000E+00  0.000000E+00
  1.750000E-01  0.000000E+00  0.000000E+00
  2.250000E-01  0.000000E+00  0.000000E+00
  2.750000E-01  0.000000E+00  0.000000E+00
  3.250000E-01  0.000000E+00  0.000000E+00
  3.750000E-01  0.000000E+00  0.000000E+00
  4.250000E-01  1.639169E-04  7.711316E-07
  4.750000E-01  0.000000E+00  7.711316E-07
  5.250000E-01  0.000000E+00  7.711316E-07
  5.750000E-01  0.000000E+00  7.711316E-07
  6.250000E-01  0.000000E+00  7.711316E-07
  6.750000E-01  0.000000E+00  7.711316E-07
  7.250000E-01  0.000000E+00  7.711316E-07
  7.750000E-01  9.866842E-05  2.313395E-06
  8.250000E-01  0.000000E+00  2.313395E-06
  8.750000E-01  0.000000E+00  2.313395E-06
  9.250000E-01  1.385393E-04  5.397921E-06
  9.750000E-01  2.493950E-04  1.156697E-05
  1.025000E+00  3.102852E-04  2.004942E-05
  1.075000E+00  2.564525E-05  2.082055E-05
  1.125000E+00  0.000000E+00  2.082055E-05
  1.175000E+00  4.293297E-05  2.236282E-05
  1.225000E+00  0.000000E+00  2.236282E-05
  1.275000E+00  0.000000E+00  2.236282E-05
  1.325000E+00  3.376361E-05  2.390508E-05
  1.375000E+00  0.000000E+00  2.390508E-05
  1.425000E+00  1.459580E-05  2.467621E-05
  1.475000E+00  1.907237E-04  3.547205E-05
  1.525000E+00  1.669533E-03  1.364903E-04
  1.575000E+00  1.541325E-03  2.359663E-04
  1.625000E+00  1.380595E-03  3.308155E-04
  1.675000E+00  1.595208E-03  4.472563E-04
  1.725000E+00  1.952314E-03  5.983981E-04
  1.775000E+00  1.138314E-03  6.917051E-04
  1.825000E+00  1.735337E-03  8.420757E-04
  1.875000E+00  7.882891E-03  1.563084E-03
  1.925000E+00  1.462152E-02  2.972712E-03
  1.975000E+00  2.517481E-02  5.527471E-03
  2.025000E+00  3.418215E-02  9.174153E-03
  2.075000E+00  8.668415E-02  1.888424E-02
  2.125000E+00  1.400284E-01  3.533479E-02
  2.175000E+00  2.222669E-01  6.268992E-02
  2.225000E+00  3.384625E-01  1.062828E-01
  2.275000E+00  6.031088E-01  1.874914E-01
  2.325000E+00  1.183717E+00  3.539617E-01
  2.375000E+00  2.407460E+00  7.072495E-01
  2.425000E+00  2.780017E+00  1.132566E+00
  2.475000E+00  1.263593E+00  1.333938E+00
  2.525000E+00  5.153019E-01  1.419410E+00
  2.575000E+00  4.715245E-01  1.500749E+00
  2.625000E+00  6.017901E-01  1.608630E+00
  2.675000E+00  7.819386E-01  1.754196E+00
  2.725000E+00  1.009910E+00  1.949294E+00
  2.775000E+00  1.198232E+00  2.189346E+00
  2.825000E+00  1.374604E+00  2.474745E+00
  2.875000E+00  1.426055E+00  2.781399E+00
  2.925000E+00  1.494424E+00  3.114030E+00
  2.975000E+00  1.549181E+00  3.470738E+00
  3.025000E+00  1.552569E+00  3.840343E+00
  3.075000E+00  1.596627E+00  4.233105E+00
  3.125000E+00  1.500610E+00  4.614349E+00
  3.175000E+00  1.491630E+00  5.005536E+00
  3.225000E+00  1.419564E+00  5.389640E+00
  3.275000E+00  1.372971E+00  5.772746E+00
  3.325000E+00  1.318368E+00  6.151934E+00
  3.375000E+00  1.267903E+00  6.527657E+00
  3.425000E+00  1.167573E+00  6.883976E+00
  3.475000E+00  1.113246E+00  7.233707E+00
  3.525000E+00  1.065164E+00  7.578032E+00
  3.575000E+00  1.037455E+00  7.922981E+00
  3.625000E+00  1.001043E+00  8.265198E+00
  3.675000E+00  9.832494E-01  8.610669E+00
  3.725000E+00  9.393667E-01  8.949763E+00
  3.775000E+00  9.314252E-01  9.295078E+00
  3.825000E+00  9.216546E-01  9.645881E+00
  3.875000E+00  8.800068E-01  9.989646E+00
  3.925000E+00  8.799310E-01  1.034231E+01
  3.975000E+00  8.525461E-01  1.069276E+01
  4.025000E+00  8.896517E-01  1.106772E+01
  4.075000E+00  9.145874E-01  1.146282E+01
  4.125000E+00  9.208892E-01  1.187047E+01
  4.175000E+00  9.267951E-01  1.229074E+01
  4.225000E+00  9.342824E-01  1.272461E+01
  4.275000E+00  9.088872E-01  1.315674E+01
  4.325000E+00  8.924200E-01  1.359103E+01
  4.375000E+00  8.798553E-01  1.402915E+01
  4.425000E+00  8.752389E-01  1.447500E+01
  4.475000E+00  9.062001E-01  1.494710E+01
  4.525000E+00  9.225376E-01  1.543852E+01
  4.575000E+00  9.375632E-01  1.594904E+01
  4.625000E+00  9.953050E-01  1.650292E+01
  4.675000E+00  9.939301E-01  1.706805E+01
  4.725000E+00  1.005941E+00  1.765231E+01
  4.775000E+00  1.035746E+00  1.826668E+01
  4.825000E+00  1.038042E+00  1.889537E+01
  4.875000E+00  1.035999E+00  1.953590E+01
  4.925000E+00  1.045103E+00  2.019538E+01
  4.975000E+00  1.022040E+00  2.085347E+01
  5.025000E+00  1.018674E+00  2.152264E+01
  5.075000E+00  9.766267E-01  2.217702E+01
  5.125000E+00  9.882050E-01  2.285227E+01
  5.175000E+00  9.638811E-01  2.352382E+01
  5.225000E+00  9.873708E-01  2.422508E+01
  5.275000E+00  9.623257E-01  2.492170E+01
  5.325000E+00  9.516793E-01  2.562374E+01
  5.375000E+00  9.640098E-01  2.634829E+01
  5.425000E+00  9.705534E-01  2.709139E+01
  5.475000E+00  9.524328E-01  2.783412E+01
  5.525000E+00  9.601055E-01  2.859657E+01
  5.575000E+00  9.910704E-01  2.939793E+01
  5.625000E+00  9.975273E-01  3.021903E+01
  5.675000E+00  9.804387E-01  3.104048E+01
  5.725000E+00  9.930795E-01  3.188725E+01
  5.775000E+00  1.040197E+00  3.278975E+01
  5.825000E+00  1.037491E+00  3.370556E+01
  5.875000E+00  1.033285E+00  3.463338E+01
  5.925000E+00  1.027848E+00  3.557210E+01
  5.975000E+00  1.027053E+00  3.652599E+01
O       O_s     
  2.500000E-02  3.567002E+02  7.733008E-03
  7.500000E-02  5.610902E+02  9.288127E-02
  1.250000E-01  8.211312E+02  4.311106E-01
  1.750000E-01  4.562611E+02  7.970930E-01
  2.250000E-01  1.238465E+02  9.608721E-01
  2.750000E-01  1.798091E+01  9.963451E-01
  3.250000E-01  1.276245E+00  9.998589E-01
  3.750000E-01  2.661458E-02  9.999564E-01
  4.250000E-01  3.113219E-03  9.999711E-01
  4.750000E-01  1.115233E-03  9.999776E-01
  5.250000E-01  9.130757E-04  9.999842E-01
  5.750000E-01  2.239058E-04  9.999861E-01
  6.250000E-01  1.895322E-04  9.999881E-01
  6.750000E-01  1.300045E-04  9.999896E-01
  7.250000E-01  1.408726E-04  9.999915E-01
  7.750000E-01  0.000000E+00  9.999915E-01
  8.250000E-01  6.528074E-05  9.999927E-01
  8.750000E-01  0.000000E+00  9.999927E-01
  9.250000E-01  1.731073E-05  9.999931E-01
  9.750000E-01  1.558118E-05  9.999934E-01
  1.025000E+00  0.000000E+00  9.999934E-01
  1.075000E+00  2.563536E-05  9.999942E-01
  1.125000E+00  4.681533E-05  9.999958E-01
  1.175000E+00  7.510371E-05  9.999985E-01
  1.225000E+00  1.085838E-04  1.000003E+00
  1.275000E+00  5.467388E-05  1.000005E+00
  1.325000E+00  1.687529E-05  1.000006E+00
  1.375000E+00  3.134089E-05  1.000007E+00
  1.425000E+00  5.106559E-05  1.000010E+00
  1.475000E+00  7.489825E-05  1.000014E+00
  1.525000E+00  1.082867E-04  1.000021E+00
  1.575000E+00  2.985912E-05  1.000023E+00
  1.625000E+00  7.854014E-05  1.000028E+00
  1.675000E+00  5.808118E-04  1.000071E+00
  1.725000E+00  3.061760E-03  1.000308E+00
  1.775000E+00  1.814958E-03  1.000456E+00
  1.825000E+00  5.248482E-03  1.000911E+00
  1.875000E+00  8.739470E-03  1.001710E+00
  1.925000E+00  2.834825E-02  1.004443E+00
  1.975000E+00  5.157972E-02  1.009678E+00
  2.025000E+00  9.553799E-02  1.019870E+00
  2.075000E+00  1.822025E-01  1.040280E+00
  2.125000E+00  2.809462E-01  1.073286E+00
  2.175000E+00  4.831503E-01  1.132748E+00
  2.225000E+00  1.209828E+00  1.288570E+00
  2.275000E+00  2.818441E+00  1.668073E+00
  2.325000E+00  3.147498E+00  2.110717E+00
  2.375000E+00  1.043662E+00  2.263872E+00
  2.425000E+00  2.746729E-01  2.305894E+00
  2.475000E+00  2.218069E-01  2.341242E+00
  2.525000E+00  2.902219E-01  2.389381E+00
  2.575000E+00  4.401967E-01  2.465316E+00
  2.625000E+00  6.027340E-01  2.573365E+00
  2.675000E+00  7.744114E-01  2.717530E+00
  2.725000E+00  1.066468E+00  2.923554E+00
  2.775000E+00  1.265877E+00  3.177158E+00
  2.825000E+00  1.402823E+00  3.468416E+00
  2.875000E+00  1.456768E+00  3.781675E+00
  2.925000E+00  1.507127E+00  4.117133E+00
  2.975000E+00  1.530614E+00  4.469566E+00
  3.025000E+00  1.526620E+00  4.832993E+00
  3.075000E+00  1.546908E+00  5.213525E+00
  3.125000E+00  1.492626E+00  5.592741E+00
  3.175000E+00  1.483495E+00  5.981794E+00
  3.225000E+00  1.404013E+00  6.361690E+00
  3.275000E+00  1.360539E+00  6.741327E+00
  3.325000E+00  1.273054E+00  7.107482E+00
  3.375000E+00  1.231057E+00  7.472286E+00
  3.425000E+00  1.169300E+00  7.829132E+00
  3.475000E+00  1.126915E+00  8.183158E+00
  3.525000E+00  1.073473E+00  8.530169E+00
  3.575000E+00  1.066467E+00  8.884764E+00
  3.625000E+00  1.002730E+00  9.227558E+00
  3.675000E+00  9.715825E-01  9.568930E+00
  3.725000E+00  9.738879E-01  9.920485E+00
  3.775000E+00  9.353084E-01  1.026724E+01
  3.825000E+00  9.309439E-01  1.062158E+01
  3.875000E+00  9.316766E-01  1.098553E+01
  3.925000E+00  9.080421E-01  1.134946E+01
  3.975000E+00  9.148443E-01  1.172551E+01
  4.025000E+00  8.941835E-01  1.210238E+01
  4.075000E+00  8.929931E-01  1.248816E+01
  4.125000E+00  9.280738E-01  1.289899E+01
  4.175000E+00  9.098137E-01  1.331156E+01
  4.225000E+00  8.762188E-01  1.371847E+01
  4.275000E+00  8.515348E-01  1.412333E+01
  4.325000E+00  8.584678E-01  1.454109E+01
  4.375000E+00  8.711798E-01  1.497489E+01
  4.425000E+00  8.660216E-01  1.541604E+01
  4.475000E+00  8.894750E-01  1.587944E+01
  4.525000E+00  9.180257E-01  1.636845E+01
  4.575000E+00  9.395932E-01  1.688008E+01
  4.625000E+00  9.629607E-01  1.741595E+01
  4.675000E+00  9.986652E-01  1.798378E+01
  4.725000E+00  1.007687E+00  1.856905E+01
  4.775000E+00  1.026805E+00  1.917812E+01
  4.825000E+00  1.064151E+00  1.982263E+01
  4.875000E+00  1.073744E+00  2.048649E+01
  4.925000E+00  1.057883E+00  2.115404E+01
  4.975000E+00  1.035065E+00  2.182051E+01
  5.025000E+00  1.023549E+00  2.249289E+01
  5.075000E+00  1.006955E+00  2.316759E+01
  5.125000E+00  9.790111E-01  2.383655E+01
  5.175000E+00  9.812641E-01  2.452021E+01
  5.225000E+00  9.849647E-01  2.521977E+01
  5.275000E+00  9.747475E-01  2.592538E+01
  5.325000E+00  9.641367E-01  2.663660E+01
  5.375000E+00  9.642712E-01  2.736135E+01
  5.425000E+00  9.563046E-01  2.809354E+01
  5.475000E+00  9.621028E-01  2.884381E+01
  5.525000E+00  9.651247E-01  2.961025E+01
  5.575000E+00  9.611597E-01  3.038742E+01
  5.625000E+00  9.878139E-01  3.120053E+01
  5.675000E+00  1.001923E+00  3.203998E+01
  5.725000E+00  1.001686E+00  3.289409E+01
  5.775000E+00  1.015789E+00  3.377541E+01
  5.825000E+00  1.026871E+00  3.468185E+01
  5.875000E+00  1.025734E+00  3.560289E+01
  5.925000E+00  1.039028E+00  3.655182E+01
  5.975000E+00  1.028168E+00  3.750674E+01
O_s     O_s     
  2.500000E-02  0.000000E+00  0.000000E+00
  7.500000E-02  0.000000E+00  0.000000E+00
  1.250000E-01  0.000000E+00  0.000000E+00
  1.750000E-01  0.000000E+00  0.000000E+00
  2.250000E-01  0.000000E+00  0.000000E+00
  2.750000E-01  0.000000E+00  0.000000E+00
  3.250000E-01  0.000000E+00  0.000000E+00
  3.750000E-01  0.000000E+00  0.000000E+00
  4.250000E-01  0.000000E+00  0.000000E+00
  4.750000E-01  0.000000E+00  0.000000E+00
  5.250000E-01  0.000000E+00  0.000000E+00
  5.750000E-01  0.000000E+00  0.000000E+00
  6.250000E-01  0.000000E+00  0.000000E+00
  6.750000E-01  0.000000E+00  0.000000E+00
  7.250000E-01  5.637079E-05  7.711316E-07
  7.750000E-01  0.000000E+00  7.711316E-07
  8.250000E-01  0.000000E+00  7.711316E-07
  8.750000E-01  0.000000E+00  7.711316E-07
  9.250000E-01  0.000000E+00  7.711316E-07
  9.750000E-01  0.000000E+00  7.711316E-07
  1.025000E+00  2.820774E-05  1.542263E-06
  1.075000E+00  5.129051E-05  3.084526E-06
  1.125000E+00  0.000000E+00  3.084526E-06
  1.175000E+00  0.000000E+00  3.084526E-06
  1.225000E+00  1.975012E-05  3.855658E-06
  1.275000E+00  0.000000E+00  3.855658E-06
  1.325000E+00  0.000000E+00  3.855658E-06
  1.375000E+00  4.702948E-05  6.169053E-06
  1.425000E+00  1.459580E-05  6.940184E-06
  1.475000E+00  0.000000E+00  6.940184E-06
  1.525000E+00  0.000000E+00  6.940184E-06
  1.575000E+00  1.194826E-05  7.711316E-06
  1.625000E+00  6.734610E-05  1.233811E-05
  1.675000E+00  1.056429E-04  2.004942E-05
  1.725000E+00  1.693334E-04  3.315866E-05
  1.775000E+00  8.466800E-04  1.025605E-04
  1.825000E+00  2.105543E-02  1.927058E-03
  1.875000E+00  1.582480E-02  3.374472E-03
  1.925000E+00  5.053543E-02  8.246481E-03
  1.975000E+00  1.768544E-01  2.619380E-02
  2.025000E+00  2.425711E-01  5.207220E-02
  2.075000E+00  3.691167E-01  9.341951E-02
  2.125000E+00  1.352768E+00  2.523428E-01
  2.175000E+00  3.812095E+00  7.215101E-01
  2.225000E+00  2.861511E+00  1.090063E+00
  2.275000E+00  9.624451E-01  1.219656E+00
  2.325000E+00  2.636849E-01  1.256739E+00
  2.375000E+00  1.354696E-01  1.276619E+00
  2.425000E+00  1.395329E-01  1.297966E+00
  2.475000E+00  1.739014E-01  1.325680E+00
  2.525000E+00  2.572372E-01  1.368348E+00
  2.575000E+00  4.277828E-01  1.442141E+00
  2.625000E+00  6.861876E-01  1.565151E+00
  2.675000E+00  9.406179E-01  1.740257E+00
  2.725000E+00  1.163925E+00  1.965109E+00
  2.775000E+00  1.317170E+00  2.228988E+00
  2.825000E+00  1.399103E+00  2.519474E+00
  2.875000E+00  1.479419E+00  2.837603E+00
  2.925000E+00  1.457641E+00  3.162047E+00
  2.975000E+00  1.507452E+00  3.509146E+00
  3.025000E+00  1.455181E+00  3.855567E+00
  3.075000E+00  1.429911E+00  4.207318E+00
  3.125000E+00  1.464500E+00  4.579388E+00
  3.175000E+00  1.442191E+00  4.957609E+00
  3.225000E+00  1.380400E+00  5.331117E+00
  3.275000E+00  1.362937E+00  5.711423E+00
  3.325000E+00  1.271803E+00  6.077217E+00
  3.375000E+00  1.218476E+00  6.438293E+00
  3.425000E+00  1.143735E+00  6.787338E+00
  3.475000E+00  1.093749E+00  7.130944E+00
  3.525000E+00  1.110887E+00  7.490049E+00
  3.575000E+00  1.058420E+00  7.841969E+00
  3.625000E+00  1.019748E+00  8.190581E+00
  3.675000E+00  9.864822E-01  8.537187E+00
  3.725000E+00  9.830649E-01  8.892056E+00
  3.775000E+00  9.504946E-01  9.244440E+00
  3.825000E+00  9.704318E-01  9.613809E+00
  3.875000E+00  9.850269E-01  9.998599E+00
  3.925000E+00  9.360806E-01  1.037377E+01
  3.975000E+00  8.839777E-01  1.073713E+01
  4.025000E+00  8.976801E-01  1.111548E+01
  4.075000E+00  8.918874E-01  1.150078E+01
  4.125000E+00  8.970742E-01  1.189788E+01
  4.175000E+00  8.526606E-01  1.228454E+01
  4.225000E+00  8.420356E-01  1.267557E+01
  4.275000E+00  8.857004E-01  1.309667E+01
  4.325000E+00  8.449828E-01  1.350787E+01
  4.375000E+00  8.394397E-01  1.392587E+01
  4.425000E+00  8.597359E-01  1.436382E+01
  4.475000E+00  8.770274E-01  1.482073E+01
  4.525000E+00  9.143324E-01  1.530778E+01
  4.575000E+00  9.455604E-01  1.582265E+01
  4.625000E+00  9.671361E-01  1.636085E+01
  4.675000E+00  9.881526E-01  1.692270E+01
  4.725000E+00  1.023872E+00  1.751737E+01
  4.775000E+00  1.046498E+00  1.813812E+01
  4.825000E+00  1.027769E+00  1.876059E+01
  4.875000E+00  1.050667E+00  1.941019E+01
  4.925000E+00  1.072968E+00  2.008726E+01
  4.975000E+00  1.063686E+00  2.077216E+01
  5.025000E+00  1.038916E+00  2.145463E+01
  5.075000E+00  1.015650E+00  2.213516E+01
  5.125000E+00  9.925487E-01  2.281337E+01
  5.175000E+00  9.756522E-01  2.349312E+01
  5.225000E+00  9.944933E-01  2.419944E+01
  5.275000E+00  9.961476E-01  2.492055E+01
  5.325000E+00  9.695463E-01  2.563576E+01
  5.375000E+00  9.737074E-01  2.636760E+01
  5.425000E+00  9.483485E-01  2.709370E+01
  5.475000E+00  9.511730E-01  2.783545E+01
  5.525000E+00  9.605648E-01  2.859827E+01
  5.575000E+00  9.653512E-01  2.937882E+01
  5.625000E+00  9.838807E-01  3.018870E+01
  5.675000E+00  1.005616E+00  3.103124E+01
  5.725000E+00  9.884491E-01  3.187406E+01
  5.775000E+00  1.008077E+00  3.274869E+01
  5.825000E+00  1.036176E+00  3.366334E+01
  5.875000E+00  1.033299E+00  3.459118E+01
  5.925000E+00  1.026628E+00  3.552878E+01
  5.975000E+00  1.026060E+00  3.648175E+01
