title: # Li56 La24 Zr16 O96                                                    
energy unitS: electron Volts
         0  0.000000E+00        52
 -5.395021E+05  4.000000E+02 -5.407429E+05  6.307024E+04 -6.038132E+05
  0.000000E+00  0.000000E+00  0.000000E+00  0.000000E+00 -5.395019E+05
  0.000000E+00  1.563293E+05 -4.473454E+05  6.036747E+05  0.000000E+00
  0.000000E+00  0.000000E+00  0.000000E+00  2.781571E+05  0.000000E+00
  0.000000E+00  0.000000E+00  9.000000E+01  9.000000E+01  9.000000E+01
  0.000000E+00 -2.915233E+02  0.000000E+00 -3.049050E+02 -1.606194E-02
  1.642259E-03 -1.606194E-02 -3.048845E+02  2.792079E-02  1.642259E-03
  2.792079E-02 -2.647804E+02  0.000000E+00  0.000000E+00  0.000000E+00
  0.000000E+00  0.000000E+00  6.618035E+01  0.000000E+00  0.000000E+00
  0.000000E+00  6.618035E+01  0.000000E+00  0.000000E+00  0.000000E+00
  6.350853E+01 -5.128254E+04
      1000  5.000000E-01        52
  3.025041E+10  4.000000E+02 -5.636131E+05  7.769512E+04 -6.471984E+05
  0.000000E+00  0.000000E+00  0.000000E+00  0.000000E+00 -5.623720E+05
  0.000000E+00  1.834003E+05 -4.745889E+05  6.462088E+05  0.000000E+00
  0.000000E+00  0.000000E+00  0.000000E+00  3.907935E+05  2.695137E-02
  5.890230E+03  1.178046E+04  9.000000E+01  9.000000E+01  9.000000E+01
  0.000000E+00 -2.440106E+02  3.025097E+10 -2.640869E+02  2.268324E+00
 -1.786541E-01  2.268324E+00 -2.629125E+02  4.162120E-01 -1.786541E-01
  4.162120E-01 -2.050323E+02  2.126044E+00  4.580696E-01  5.152973E-01
  1.228052E+00  8.127758E+02  7.412217E+01  0.000000E+00  0.000000E+00
  0.000000E+00  7.412217E+01  0.000000E+00  0.000000E+00  0.000000E+00
  7.112972E+01 -6.030621E+04
      2000  1.000000E+00        52
  3.025284E+10  4.056173E+02 -5.653868E+05  1.094999E+05 -6.813487E+05
  0.000000E+00  0.000000E+00  0.000000E+00  0.000000E+00 -5.641282E+05
  0.000000E+00  4.573837E+04 -6.451574E+05  6.779718E+05  0.000000E+00
  0.000000E+00  0.000000E+00  0.000000E+00  5.348892E+05  5.606420E+00
  6.461992E+03  1.292398E+04  9.000000E+01  9.000000E+01  9.000000E+01
  0.000000E+00 -4.259042E+01  3.025341E+10 -4.319972E+01  4.210838E-01
 -1.665780E-01  4.210838E-01 -4.322814E+01  7.920583E-01 -1.665780E-01
  7.920583E-01 -4.134340E+01  4.830160E+00  2.150682E+00  1.649327E+00
  4.080538E+00  1.433283E+03  8.229756E+01  0.000000E+00  0.000000E+00
  0.000000E+00  8.229756E+01  0.000000E+00  0.000000E+00  0.000000E+00
  7.897506E+01 -1.440727E+04
      3000  1.500000E+00        52
  3.025284E+10  4.009924E+02 -5.694044E+05  1.133450E+05 -6.895529E+05
  0.000000E+00  0.000000E+00  0.000000E+00  0.000000E+00 -5.681602E+05
  0.000000E+00  2.768918E+04 -6.727096E+05  6.867918E+05  0.000000E+00
  0.000000E+00  0.000000E+00  0.000000E+00  5.060924E+05  1.054346E+00
  6.803491E+03  1.360698E+04  9.000000E+01  9.000000E+01  9.000000E+01
  0.000000E+00 -2.624618E+01  3.025341E+10 -2.565854E+01 -1.675563E-01
 -5.489489E-01 -1.675563E-01 -2.614015E+01  1.608972E-01 -5.489489E-01
  1.608972E-01 -2.693986E+01  7.283118E+00  5.358098E+00  4.098410E+00
  6.904455E+00  1.435969E+03  8.079335E+01  0.000000E+00  0.000000E+00
  0.000000E+00  8.079335E+01  0.000000E+00  0.000000E+00  0.000000E+00
  7.753158E+01 -8.400440E+03
      4000  2.000000E+00        52
  3.025284E+10  4.000000E+02 -5.706269E+05  1.139795E+05 -6.913637E+05
  0.000000E+00  0.000000E+00  0.000000E+00  0.000000E+00 -5.693857E+05
  0.000000E+00  2.367547E+04 -6.788213E+05  6.889823E+05  0.000000E+00
  0.000000E+00  0.000000E+00  0.000000E+00  4.852067E+05  1.327691E-02
  6.757236E+03  1.351447E+04  9.000000E+01  9.000000E+01  9.000000E+01
  0.000000E+00 -2.302258E+01  3.025341E+10 -2.222642E+01 -4.420277E-02
 -1.403846E-01 -4.420277E-02 -2.261223E+01  7.102277E-01 -1.403846E-01
  7.102277E-01 -2.422909E+01  8.708811E+00  6.947591E+00  5.474397E+00
  8.488870E+00  1.437827E+03  7.966629E+01  0.000000E+00  0.000000E+00
  0.000000E+00  7.966629E+01  0.000000E+00  0.000000E+00  0.000000E+00
  7.645002E+01 -7.064587E+03
      5000  2.500000E+00        52
  3.025284E+10  3.999663E+02 -5.713197E+05  1.143190E+05 -6.923891E+05
  0.000000E+00  0.000000E+00  0.000000E+00  0.000000E+00 -5.700786E+05
  0.000000E+00  2.178872E+04 -6.820313E+05  6.903193E+05  0.000000E+00
  0.000000E+00  0.000000E+00  0.000000E+00  4.677338E+05  1.836337E-01
  6.750362E+03  1.350072E+04  9.000000E+01  9.000000E+01  9.000000E+01
  0.000000E+00 -2.175674E+01  3.025341E+10 -2.170482E+01  9.028862E-02
 -1.525158E-01  9.028862E-02 -2.135546E+01  2.018779E-01 -1.525158E-01
  2.018779E-01 -2.220993E+01  9.415311E+00  7.691465E+00  6.078868E+00
  9.244466E+00  1.437732E+03  7.869828E+01  0.000000E+00  0.000000E+00
  0.000000E+00  7.869828E+01  0.000000E+00  0.000000E+00  0.000000E+00
  7.552109E+01 -6.435740E+03
      6000  3.000000E+00        52
  3.025284E+10  4.004091E+02 -5.718379E+05  1.147234E+05 -6.933196E+05
  0.000000E+00  0.000000E+00  0.000000E+00  0.000000E+00 -5.705955E+05
  0.000000E+00  1.959297E+04 -6.854158E+05  6.914923E+05  0.000000E+00
  0.000000E+00  0.000000E+00  0.000000E+00  4.528912E+05  9.212278E-01
  6.758204E+03  1.351641E+04  9.000000E+01  9.000000E+01  9.000000E+01
  0.000000E+00 -1.991115E+01  3.025341E+10 -2.043106E+01 -5.367758E-01
 -2.578562E-02 -5.367758E-01 -1.942285E+01  4.007845E-01 -2.578562E-02
  4.007845E-01 -1.987955E+01  9.831690E+00  8.092479E+00  6.413076E+00
  9.722650E+00  1.438179E+03  7.785688E+01  0.000000E+00  0.000000E+00
  0.000000E+00  7.785688E+01  0.000000E+00  0.000000E+00  0.000000E+00
  7.471365E+01 -5.702908E+03
      7000  3.500000E+00        52
  3.025284E+10  4.000000E+02 -5.722561E+05  1.152696E+05 -6.942981E+05
  0.000000E+00  0.000000E+00  0.000000E+00  0.000000E+00 -5.710150E+05
  0.000000E+00  1.671711E+04 -6.894763E+05  6.926486E+05  0.000000E+00
  0.000000E+00  0.000000E+00  0.000000E+00  4.401995E+05  1.330033E-02
  6.772404E+03  1.354481E+04  9.000000E+01  9.000000E+01  9.000000E+01
  0.000000E+00 -1.704485E+01  3.025341E+10 -1.665792E+01 -7.190450E-01
 -5.529938E-02 -7.190450E-01 -1.717445E+01 -6.097865E-02 -5.529938E-02
 -6.097865E-02 -1.730217E+01  1.024983E+01  8.580244E+00  6.715306E+00
  1.014591E+01  1.438836E+03  7.712269E+01  0.000000E+00  0.000000E+00
  0.000000E+00  7.712269E+01  0.000000E+00  0.000000E+00  0.000000E+00
  7.400911E+01 -4.745137E+03
      8000  4.000000E+00        52
  3.025284E+10  3.999065E+02 -5.725724E+05  1.151722E+05 -6.944609E+05
  0.000000E+00  0.000000E+00  0.000000E+00  0.000000E+00 -5.713316E+05
  0.000000E+00  1.624685E+04 -6.901580E+05  6.929723E+05  0.000000E+00
  0.000000E+00  0.000000E+00  0.000000E+00  4.290976E+05  1.896374E-01
  6.716245E+03  1.343249E+04  9.000000E+01  9.000000E+01  9.000000E+01
  0.000000E+00 -1.690892E+01  3.025341E+10 -1.587677E+01 -5.632231E-02
 -2.249077E-01 -5.632231E-02 -1.745518E+01 -9.063547E-03 -2.249077E-01
 -9.063547E-03 -1.739481E+01  1.064485E+01  9.000298E+00  7.096310E+00
  1.054992E+01  1.439161E+03  7.646881E+01  0.000000E+00  0.000000E+00
  0.000000E+00  7.646881E+01  0.000000E+00  0.000000E+00  0.000000E+00
  7.338163E+01 -4.588576E+03
      9000  4.500000E+00        52
  3.025284E+10  4.000492E+02 -5.728820E+05  1.152600E+05 -6.948137E+05
  0.000000E+00  0.000000E+00  0.000000E+00  0.000000E+00 -5.716408E+05
  0.000000E+00  1.513000E+04 -6.916662E+05  6.934528E+05  0.000000E+00
  0.000000E+00  0.000000E+00  0.000000E+00  4.188171E+05  9.662397E-01
  6.671681E+03  1.334336E+04  9.000000E+01  9.000000E+01  9.000000E+01
  0.000000E+00 -1.591732E+01  3.025341E+10 -1.570638E+01 -7.820594E-01
  7.910816E-01 -7.820594E-01 -1.649353E+01 -5.809327E-01  7.910816E-01
 -5.809327E-01 -1.555205E+01  1.080946E+01  9.303891E+00  7.300807E+00
  1.081982E+01  1.439433E+03  7.585318E+01  0.000000E+00  0.000000E+00
  0.000000E+00  7.585318E+01  0.000000E+00  0.000000E+00  0.000000E+00
  7.279085E+01 -4.215998E+03
     10000  5.000000E+00        52
  3.039362E+10  4.000000E+02 -5.632160E+05  9.119588E+04 -6.610964E+05
  0.000000E+00  0.000000E+00  0.000000E+00  0.000000E+00 -5.619747E+05
  0.000000E+00  1.240852E+05 -5.447823E+05  6.554984E+05  0.000000E+00
  0.000000E+00  0.000000E+00  0.000000E+00  6.260734E+05  1.011871E-01
  6.684558E+03  1.336912E+04  9.000000E+01  9.000000E+01  9.000000E+01
  0.000000E+00 -1.023749E+02  3.039418E+10 -1.027826E+02 -7.691510E-01
  3.705423E-01 -7.691510E-01 -1.024435E+02 -7.413087E-01  3.705423E-01
 -7.413087E-01 -1.018987E+02  1.122384E+01  9.580728E+00  7.579971E+00
  1.142857E+01  2.507032E+03  8.673095E+01  0.000000E+00  0.000000E+00
  0.000000E+00  8.673095E+01  0.000000E+00  0.000000E+00  0.000000E+00
  8.322946E+01 -4.053450E+04
     11000  5.500000E+00        52
  9.544658E+10  4.480425E-17 -5.592618E+05  8.176148E+04 -6.468728E+05
  0.000000E+00  0.000000E+00  0.000000E+00  0.000000E+00 -5.592614E+05
  0.000000E+00  1.618410E+05 -4.884360E+05  6.385780E+05  0.000000E+00
  0.000000E+00  0.000000E+00  0.000000E+00  7.117155E+05  5.025816E-20
  5.849519E+03  1.169904E+04  9.000000E+01  9.000000E+01  9.000000E+01
  0.000000E+00 -1.198546E+02  9.544714E+10 -1.209164E+02 -1.278017E+00
  2.866812E-01 -1.278017E+00 -1.201573E+02  3.237672E-01  2.866812E-01
  3.237672E-01 -1.184901E+02  4.037030E-04  1.354116E-04  1.054905E-04
  1.409393E-03  2.569689E+02  9.051790E+01  0.000000E+00  0.000000E+00
  0.000000E+00  9.051790E+01  0.000000E+00  0.000000E+00  0.000000E+00
  8.686353E+01 -5.394699E+04
     12000  6.000000E+00        52
  9.544658E+10  2.787629E-17 -5.598268E+05  8.527228E+04 -6.505328E+05
  0.000000E+00  0.000000E+00  0.000000E+00  0.000000E+00 -5.598263E+05
  0.000000E+00  1.470116E+05 -5.060746E+05  6.422188E+05  0.000000E+00
  0.000000E+00  0.000000E+00  0.000000E+00  7.113560E+05  1.269657E-20
  5.433685E+03  1.086737E+04  9.000000E+01  9.000000E+01  9.000000E+01
  0.000000E+00 -1.089274E+02  9.544714E+10 -1.099273E+02 -1.276767E+00
  3.166771E-01 -1.276767E+00 -1.089494E+02  3.057066E-01  3.166771E-01
  3.057066E-01 -1.079056E+02  4.037030E-04  1.354116E-04  1.054906E-04
  1.409393E-03  2.569689E+02  9.050266E+01  0.000000E+00  0.000000E+00
  0.000000E+00  9.050266E+01  0.000000E+00  0.000000E+00  0.000000E+00
  8.684890E+01 -4.900386E+04
     13000  6.500000E+00        52
  9.544659E+10  2.298279E-17 -5.602358E+05  8.726513E+04 -6.527900E+05
  0.000000E+00  0.000000E+00  0.000000E+00  0.000000E+00 -5.602353E+05
  0.000000E+00  1.382570E+05 -5.167727E+05  6.444514E+05  0.000000E+00
  0.000000E+00  0.000000E+00  0.000000E+00  7.110221E+05  8.041054E-21
  5.289116E+03  1.057823E+04  9.000000E+01  9.000000E+01  9.000000E+01
  0.000000E+00 -1.024889E+02  9.544715E+10 -1.034634E+02 -1.288931E+00
  3.143826E-01 -1.288931E+00 -1.023822E+02  2.904760E-01  3.143826E-01
  2.904760E-01 -1.016210E+02  4.037030E-04  1.354116E-04  1.054906E-04
  1.409393E-03  2.569689E+02  9.048849E+01  0.000000E+00  0.000000E+00
  0.000000E+00  9.048849E+01  0.000000E+00  0.000000E+00  0.000000E+00
  8.683531E+01 -4.608565E+04
     14000  7.000000E+00        52
  9.544659E+10  2.018653E-17 -5.605781E+05  8.867772E+04 -6.544885E+05
  0.000000E+00  0.000000E+00  0.000000E+00  0.000000E+00 -5.605777E+05
  0.000000E+00  1.319321E+05 -5.246606E+05  6.461273E+05  0.000000E+00
  0.000000E+00  0.000000E+00  0.000000E+00  7.107046E+05  6.120637E-21
  5.232711E+03  1.046542E+04  9.000000E+01  9.000000E+01  9.000000E+01
  0.000000E+00 -9.784401E+01  9.544715E+10 -9.881162E+01 -1.292960E+00
  2.882280E-01 -1.292960E+00 -9.764570E+01  2.768058E-01  2.882280E-01
  2.768058E-01 -9.707469E+01  4.037030E-04  1.354117E-04  1.054906E-04
  1.409393E-03  2.569689E+02  9.047502E+01  0.000000E+00  0.000000E+00
  0.000000E+00  9.047502E+01  0.000000E+00  0.000000E+00  0.000000E+00
  8.682238E+01 -4.397738E+04
     15000  7.500000E+00        52
  9.544659E+10  1.843232E-17 -5.608785E+05  8.980123E+04 -6.558912E+05
  0.000000E+00  0.000000E+00  0.000000E+00  0.000000E+00 -5.608780E+05
  0.000000E+00  1.268695E+05 -5.310639E+05  6.475104E+05  0.000000E+00
  0.000000E+00  0.000000E+00  0.000000E+00  7.103995E+05  4.913530E-21
  5.211493E+03  1.042299E+04  9.000000E+01  9.000000E+01  9.000000E+01
  0.000000E+00 -9.412981E+01  9.544715E+10 -9.508358E+01 -1.295021E+00
  2.588737E-01 -1.295021E+00 -9.386086E+01  2.677022E-01  2.588737E-01
  2.677022E-01 -9.344500E+01  4.037030E-04  1.354117E-04  1.054906E-04
  1.409393E-03  2.569689E+02  9.046208E+01  0.000000E+00  0.000000E+00
  0.000000E+00  9.046208E+01  0.000000E+00  0.000000E+00  0.000000E+00
  8.680996E+01 -4.228982E+04
     16000  8.000000E+00        52
  9.544659E+10  1.714403E-17 -5.611495E+05  9.075093E+04 -6.571067E+05
  0.000000E+00  0.000000E+00  0.000000E+00  0.000000E+00 -5.611490E+05
  0.000000E+00  1.225817E+05 -5.365402E+05  6.487093E+05  0.000000E+00
  0.000000E+00  0.000000E+00  0.000000E+00  7.101046E+05  4.473900E-21
  5.206329E+03  1.041266E+04  9.000000E+01  9.000000E+01  9.000000E+01
  0.000000E+00 -9.098632E+01  9.544715E+10 -9.192999E+01 -1.300847E+00
  2.293923E-01 -1.300847E+00 -9.065685E+01  2.653408E-01  2.293923E-01
  2.653408E-01 -9.037212E+01  4.037031E-04  1.354117E-04  1.054906E-04
  1.409393E-03  2.569689E+02  9.044956E+01  0.000000E+00  0.000000E+00
  0.000000E+00  9.044956E+01  0.000000E+00  0.000000E+00  0.000000E+00
  8.679795E+01 -4.086058E+04
     17000  8.500000E+00        52
  9.544659E+10  1.620615E-17 -5.613975E+05  9.158289E+04 -6.581900E+05
  0.000000E+00  0.000000E+00  0.000000E+00  0.000000E+00 -5.613970E+05
  0.000000E+00  1.188268E+05 -5.413708E+05  6.497784E+05  0.000000E+00
  0.000000E+00  0.000000E+00  0.000000E+00  7.098185E+05  4.582508E-21
  5.209601E+03  1.041920E+04  9.000000E+01  9.000000E+01  9.000000E+01
  0.000000E+00 -8.823480E+01  9.544716E+10 -8.916275E+01 -1.296986E+00
  2.070096E-01 -1.296986E+00 -8.785008E+01  2.674027E-01  2.070096E-01
  2.674027E-01 -8.769157E+01  4.037031E-04  1.354117E-04  1.054906E-04
  1.409393E-03  2.569689E+02  9.043741E+01  0.000000E+00  0.000000E+00
  0.000000E+00  9.043741E+01  0.000000E+00  0.000000E+00  0.000000E+00
  8.678628E+01 -3.960894E+04
     18000  9.000000E+00        52
  9.544660E+10  1.526754E-17 -5.616266E+05  9.232721E+04 -6.591708E+05
  0.000000E+00  0.000000E+00  0.000000E+00  0.000000E+00 -5.616261E+05
  0.000000E+00  1.154680E+05 -5.457135E+05  6.507475E+05  0.000000E+00
  0.000000E+00  0.000000E+00  0.000000E+00  7.095399E+05  3.555291E-21
  5.216971E+03  1.043394E+04  9.000000E+01  9.000000E+01  9.000000E+01
  0.000000E+00 -8.577435E+01  9.544716E+10 -8.668772E+01 -1.296362E+00
  1.967030E-01 -1.296362E+00 -8.534355E+01  2.666717E-01  1.967030E-01
  2.666717E-01 -8.529177E+01  4.037031E-04  1.354117E-04  1.054906E-04
  1.409393E-03  2.569689E+02  9.042558E+01  0.000000E+00  0.000000E+00
  0.000000E+00  9.042558E+01  0.000000E+00  0.000000E+00  0.000000E+00
  8.677493E+01 -3.848932E+04
     19000  9.500000E+00        52
  9.544660E+10  1.452577E-17 -5.618384E+05  9.299921E+04 -6.600639E+05
  0.000000E+00  0.000000E+00  0.000000E+00  0.000000E+00 -5.618380E+05
  0.000000E+00  1.124336E+05 -5.496496E+05  6.516306E+05  0.000000E+00
  0.000000E+00  0.000000E+00  0.000000E+00  7.092683E+05  3.296863E-21
  5.226307E+03  1.045261E+04  9.000000E+01  9.000000E+01  9.000000E+01
  0.000000E+00 -8.355226E+01  9.544716E+10 -8.445144E+01 -1.295771E+00
  1.892277E-01 -1.295771E+00 -8.308085E+01  2.685994E-01  1.892277E-01
  2.685994E-01 -8.312450E+01  4.037031E-04  1.354117E-04  1.054906E-04
  1.409393E-03  2.569689E+02  9.041403E+01  0.000000E+00  0.000000E+00
  0.000000E+00  9.041403E+01  0.000000E+00  0.000000E+00  0.000000E+00
  8.676386E+01 -3.747786E+04
     20000  1.000000E+01        52
  9.544660E+10  1.390526E-17 -5.620359E+05  9.361217E+04 -6.608853E+05
  0.000000E+00  0.000000E+00  0.000000E+00  0.000000E+00 -5.620355E+05
  0.000000E+00  1.096650E+05 -5.532532E+05  6.524437E+05  0.000000E+00
  0.000000E+00  0.000000E+00  0.000000E+00  7.090028E+05  3.131884E-21
  5.237217E+03  1.047443E+04  9.000000E+01  9.000000E+01  9.000000E+01
  0.000000E+00 -8.152539E+01  9.544716E+10 -8.241023E+01 -1.293866E+00
  1.840750E-01 -1.293866E+00 -8.101630E+01  2.727485E-01  1.840750E-01
  2.727485E-01 -8.114964E+01  4.037031E-04  1.354117E-04  1.054906E-04
  1.409393E-03  2.569689E+02  9.040275E+01  0.000000E+00  0.000000E+00
  0.000000E+00  9.040275E+01  0.000000E+00  0.000000E+00  0.000000E+00
  8.675303E+01 -3.655501E+04
     21000  1.050000E+01        52
  9.544660E+10  1.336170E-17 -5.622210E+05  9.417632E+04 -6.616463E+05
  0.000000E+00  0.000000E+00  0.000000E+00  0.000000E+00 -5.622206E+05
  0.000000E+00  1.071166E+05 -5.565794E+05  6.531980E+05  0.000000E+00
  0.000000E+00  0.000000E+00  0.000000E+00  7.087429E+05  2.985124E-21
  5.249010E+03  1.049802E+04  9.000000E+01  9.000000E+01  9.000000E+01
  0.000000E+00 -7.966009E+01  9.544716E+10 -8.053150E+01 -1.290015E+00
  1.814587E-01 -1.290015E+00 -7.911311E+01  2.794820E-01  1.814587E-01
  2.794820E-01 -7.933565E+01  4.037031E-04  1.354117E-04  1.054906E-04
  1.409393E-03  2.569689E+02  9.039170E+01  0.000000E+00  0.000000E+00
  0.000000E+00  9.039170E+01  0.000000E+00  0.000000E+00  0.000000E+00
  8.674243E+01 -3.570553E+04
     22000  1.100000E+01        52
  9.544660E+10  1.289156E-17 -5.623950E+05  9.469926E+04 -6.623557E+05
  0.000000E+00  0.000000E+00  0.000000E+00  0.000000E+00 -5.623946E+05
  0.000000E+00  1.047549E+05 -5.596696E+05  6.539018E+05  0.000000E+00
  0.000000E+00  0.000000E+00  0.000000E+00  7.084882E+05  2.885955E-21
  5.261366E+03  1.052273E+04  9.000000E+01  9.000000E+01  9.000000E+01
  0.000000E+00 -7.793177E+01  9.544716E+10 -7.878913E+01 -1.284458E+00
  1.831354E-01 -1.284458E+00 -7.734766E+01  2.863761E-01  1.831354E-01
  2.863761E-01 -7.765851E+01  4.037031E-04  1.354117E-04  1.054906E-04
  1.409393E-03  2.569689E+02  9.038088E+01  0.000000E+00  0.000000E+00
  0.000000E+00  9.038088E+01  0.000000E+00  0.000000E+00  0.000000E+00
  8.673204E+01 -3.491831E+04
     23000  1.150000E+01        52
  9.544660E+10  1.243761E-17 -5.625592E+05  9.518671E+04 -6.630199E+05
  0.000000E+00  0.000000E+00  0.000000E+00  0.000000E+00 -5.625587E+05
  0.000000E+00  1.025540E+05 -5.625556E+05  6.545616E+05  0.000000E+00
  0.000000E+00  0.000000E+00  0.000000E+00  7.082383E+05  2.727524E-21
  5.274003E+03  1.054801E+04  9.000000E+01  9.000000E+01  9.000000E+01
  0.000000E+00 -7.632131E+01  9.544716E+10 -7.716676E+01 -1.276714E+00
  1.853991E-01 -1.276714E+00 -7.570426E+01  2.921925E-01  1.853991E-01
  2.921925E-01 -7.609292E+01  4.037031E-04  1.354117E-04  1.054906E-04
  1.409393E-03  2.569689E+02  9.037025E+01  0.000000E+00  0.000000E+00
  0.000000E+00  9.037025E+01  0.000000E+00  0.000000E+00  0.000000E+00
  8.672184E+01 -3.418466E+04
     24000  1.200000E+01        52
  9.544660E+10  1.206458E-17 -5.627141E+05  9.564192E+04 -6.636427E+05
  0.000000E+00  0.000000E+00  0.000000E+00  0.000000E+00 -5.627136E+05
  0.000000E+00  1.004983E+05 -5.652562E+05  6.551810E+05  0.000000E+00
  0.000000E+00  0.000000E+00  0.000000E+00  7.079929E+05  2.644114E-21
  5.286748E+03  1.057350E+04  9.000000E+01  9.000000E+01  9.000000E+01
  0.000000E+00 -7.481737E+01  9.544717E+10 -7.565298E+01 -1.265921E+00
  1.882461E-01 -1.265921E+00 -7.416779E+01  2.962155E-01  1.882461E-01
  2.962155E-01 -7.463135E+01  4.037031E-04  1.354117E-04  1.054907E-04
  1.409393E-03  2.569689E+02  9.035981E+01  0.000000E+00  0.000000E+00
  0.000000E+00  9.035981E+01  0.000000E+00  0.000000E+00  0.000000E+00
  8.671182E+01 -3.349943E+04
     25000  1.250000E+01        52
  9.544660E+10  1.179816E-17 -5.628614E+05  9.606799E+04 -6.642292E+05
  0.000000E+00  0.000000E+00  0.000000E+00  0.000000E+00 -5.628610E+05
  0.000000E+00  9.857376E+04 -5.677906E+05  6.557649E+05  0.000000E+00
  0.000000E+00  0.000000E+00  0.000000E+00  7.077516E+05  2.794486E-21
  5.299730E+03  1.059946E+04  9.000000E+01  9.000000E+01  9.000000E+01
  0.000000E+00 -7.340965E+01  9.544717E+10 -7.423548E+01 -1.252991E+00
  1.931973E-01 -1.252991E+00 -7.272478E+01  2.988263E-01  1.931973E-01
  2.988263E-01 -7.326870E+01  4.037031E-04  1.354117E-04  1.054907E-04
  1.409393E-03  2.569689E+02  9.034954E+01  0.000000E+00  0.000000E+00
  0.000000E+00  9.034954E+01  0.000000E+00  0.000000E+00  0.000000E+00
  8.670197E+01 -3.285792E+04
     26000  1.300000E+01        52
  9.544661E+10  1.145127E-17 -5.630019E+05  9.647098E+04 -6.647854E+05
  0.000000E+00  0.000000E+00  0.000000E+00  0.000000E+00 -5.630014E+05
  0.000000E+00  9.675433E+04 -5.701900E+05  6.563192E+05  0.000000E+00
  0.000000E+00  0.000000E+00  0.000000E+00  7.075142E+05  2.509150E-21
  5.312535E+03  1.062507E+04  9.000000E+01  9.000000E+01  9.000000E+01
  0.000000E+00 -7.207887E+01  9.544717E+10 -7.289582E+01 -1.241807E+00
  1.943466E-01 -1.241807E+00 -7.136395E+01  3.032082E-01  1.943466E-01
  3.032082E-01 -7.197686E+01  4.037031E-04  1.354118E-04  1.054907E-04
  1.409393E-03  2.569689E+02  9.033944E+01  0.000000E+00  0.000000E+00
  0.000000E+00  9.033944E+01  0.000000E+00  0.000000E+00  0.000000E+00
  8.669227E+01 -3.225144E+04
     27000  1.350000E+01        52
  9.544661E+10  1.112546E-17 -5.631348E+05  9.685254E+04 -6.653123E+05
  0.000000E+00  0.000000E+00  0.000000E+00  0.000000E+00 -5.631344E+05
  0.000000E+00  9.503221E+04 -5.724624E+05  6.568447E+05  0.000000E+00
  0.000000E+00  0.000000E+00  0.000000E+00  7.072804E+05  2.377444E-21
  5.324936E+03  1.064987E+04  9.000000E+01  9.000000E+01  9.000000E+01
  0.000000E+00 -7.081935E+01  9.544717E+10 -7.162720E+01 -1.232724E+00
  1.974554E-01 -1.232724E+00 -7.008053E+01  3.081418E-01  1.974554E-01
  3.081418E-01 -7.075033E+01  4.037031E-04  1.354118E-04  1.054907E-04
  1.409393E-03  2.569689E+02  9.032949E+01  0.000000E+00  0.000000E+00
  0.000000E+00  9.032949E+01  0.000000E+00  0.000000E+00  0.000000E+00
  8.668272E+01 -3.167740E+04
     28000  1.400000E+01        52
  9.544661E+10  1.094565E-17 -5.632616E+05  9.721329E+04 -6.658126E+05
  0.000000E+00  0.000000E+00  0.000000E+00  0.000000E+00 -5.632612E+05
  0.000000E+00  9.340536E+04 -5.746141E+05  6.573441E+05  0.000000E+00
  0.000000E+00  0.000000E+00  0.000000E+00  7.070500E+05  2.987964E-21
  5.337685E+03  1.067537E+04  9.000000E+01  9.000000E+01  9.000000E+01
  0.000000E+00 -6.962968E+01  9.544717E+10 -7.042848E+01 -1.224293E+00
  2.045236E-01 -1.224293E+00 -6.886870E+01  3.126470E-01  2.045236E-01
  3.126470E-01 -6.959185E+01  4.037031E-04  1.354118E-04  1.054907E-04
  1.409393E-03  2.569689E+02  9.031968E+01  0.000000E+00  0.000000E+00
  0.000000E+00  9.031968E+01  0.000000E+00  0.000000E+00  0.000000E+00
  8.667331E+01 -3.113512E+04
     29000  1.450000E+01        52
  9.544661E+10  1.077810E-17 -5.633842E+05  9.755811E+04 -6.662934E+05
  0.000000E+00  0.000000E+00  0.000000E+00  0.000000E+00 -5.633838E+05
  0.000000E+00  9.185495E+04 -5.766719E+05  6.578247E+05  0.000000E+00
  0.000000E+00  0.000000E+00  0.000000E+00  7.068229E+05  2.315618E-21
  5.351074E+03  1.070215E+04  9.000000E+01  9.000000E+01  9.000000E+01
  0.000000E+00 -6.849591E+01  9.544717E+10 -6.928507E+01 -1.217189E+00
  2.119473E-01 -1.217189E+00 -6.771636E+01  3.153355E-01  2.119473E-01
  3.153355E-01 -6.848630E+01  4.037032E-04  1.354118E-04  1.054907E-04
  1.409393E-03  2.569689E+02  9.031001E+01  0.000000E+00  0.000000E+00
  0.000000E+00  9.031001E+01  0.000000E+00  0.000000E+00  0.000000E+00
  8.666403E+01 -3.061832E+04
     30000  1.500000E+01        52
  9.544661E+10  1.053410E-17 -5.635011E+05  9.788572E+04 -6.667503E+05
  0.000000E+00  0.000000E+00  0.000000E+00  0.000000E+00 -5.635006E+05
  0.000000E+00  9.037934E+04 -5.786292E+05  6.582816E+05  0.000000E+00
  0.000000E+00  0.000000E+00  0.000000E+00  7.065989E+05  2.245686E-21
  5.363497E+03  1.072699E+04  9.000000E+01  9.000000E+01  9.000000E+01
  0.000000E+00 -6.741692E+01  9.544717E+10 -6.819436E+01 -1.207821E+00
  2.147722E-01 -1.207821E+00 -6.661334E+01  3.206882E-01  2.147722E-01
  3.206882E-01 -6.744307E+01  4.037032E-04  1.354118E-04  1.054907E-04
  1.409393E-03  2.569689E+02  9.030047E+01  0.000000E+00  0.000000E+00
  0.000000E+00  9.030047E+01  0.000000E+00  0.000000E+00  0.000000E+00
  8.665487E+01 -3.012645E+04
     31000  1.550000E+01        52
  9.544661E+10  1.032739E-17 -5.636128E+05  9.819694E+04 -6.671853E+05
  0.000000E+00  0.000000E+00  0.000000E+00  0.000000E+00 -5.636124E+05
  0.000000E+00  8.897618E+04 -5.804917E+05  6.587168E+05  0.000000E+00
  0.000000E+00  0.000000E+00  0.000000E+00  7.063778E+05  2.168039E-21
  5.375533E+03  1.075107E+04  9.000000E+01  9.000000E+01  9.000000E+01
  0.000000E+00 -6.639103E+01  9.544717E+10 -6.716160E+01 -1.195744E+00
  2.168897E-01 -1.195744E+00 -6.556025E+01  3.229972E-01  2.168897E-01
  3.229972E-01 -6.645124E+01  4.037032E-04  1.354118E-04  1.054907E-04
  1.409393E-03  2.569689E+02  9.029105E+01  0.000000E+00  0.000000E+00
  0.000000E+00  9.029105E+01  0.000000E+00  0.000000E+00  0.000000E+00
  8.664583E+01 -2.965873E+04
     32000  1.600000E+01        52
  9.544661E+10  1.020353E-17 -5.637201E+05  9.849272E+04 -6.676003E+05
  0.000000E+00  0.000000E+00  0.000000E+00  0.000000E+00 -5.637197E+05
  0.000000E+00  8.764244E+04 -5.822648E+05  6.591324E+05  0.000000E+00
  0.000000E+00  0.000000E+00  0.000000E+00  7.061595E+05  2.220110E-21
  5.387445E+03  1.077489E+04  9.000000E+01  9.000000E+01  9.000000E+01
  0.000000E+00 -6.541606E+01  9.544717E+10 -6.617945E+01 -1.181842E+00
  2.183759E-01 -1.181842E+00 -6.455725E+01  3.254511E-01  2.183759E-01
  3.254511E-01 -6.551147E+01  4.037032E-04  1.354118E-04  1.054907E-04
  1.409393E-03  2.569689E+02  9.028174E+01  0.000000E+00  0.000000E+00
  0.000000E+00  9.028174E+01  0.000000E+00  0.000000E+00  0.000000E+00
  8.663691E+01 -2.921415E+04
     33000  1.650000E+01        52
  9.544661E+10  1.013298E-17 -5.638243E+05  9.877447E+04 -6.679978E+05
  0.000000E+00  0.000000E+00  0.000000E+00  0.000000E+00 -5.638238E+05
  0.000000E+00  8.637218E+04 -5.839568E+05  6.595308E+05  0.000000E+00
  0.000000E+00  0.000000E+00  0.000000E+00  7.059438E+05  2.461972E-21
  5.399085E+03  1.079817E+04  9.000000E+01  9.000000E+01  9.000000E+01
  0.000000E+00 -6.448764E+01  9.544718E+10 -6.524233E+01 -1.167424E+00
  2.182229E-01 -1.167424E+00 -6.360274E+01  3.287719E-01  2.182229E-01
  3.287719E-01 -6.461787E+01  4.037032E-04  1.354118E-04  1.054907E-04
  1.409393E-03  2.569689E+02  9.027255E+01  0.000000E+00  0.000000E+00
  0.000000E+00  9.027255E+01  0.000000E+00  0.000000E+00  0.000000E+00
  8.662808E+01 -2.879073E+04
     34000  1.700000E+01        52
  9.544661E+10  9.892921E-18 -5.639238E+05  9.904674E+04 -6.683810E+05
  0.000000E+00  0.000000E+00  0.000000E+00  0.000000E+00 -5.639234E+05
  0.000000E+00  8.514578E+04 -5.855902E+05  6.599152E+05  0.000000E+00
  0.000000E+00  0.000000E+00  0.000000E+00  7.057305E+05  2.208584E-21
  5.410418E+03  1.082084E+04  9.000000E+01  9.000000E+01  9.000000E+01
  0.000000E+00 -6.359119E+01  9.544718E+10 -6.434365E+01 -1.156401E+00
  2.125239E-01 -1.156401E+00 -6.268348E+01  3.407997E-01  2.125239E-01
  3.407997E-01 -6.374645E+01  4.037032E-04  1.354118E-04  1.054907E-04
  1.409393E-03  2.569689E+02  9.026346E+01  0.000000E+00  0.000000E+00
  0.000000E+00  9.026346E+01  0.000000E+00  0.000000E+00  0.000000E+00
  8.661936E+01 -2.838193E+04
     35000  1.750000E+01        52
  9.544661E+10  9.769033E-18 -5.640196E+05  9.930733E+04 -6.687487E+05
  0.000000E+00  0.000000E+00  0.000000E+00  0.000000E+00 -5.640192E+05
  0.000000E+00  8.397191E+04 -5.871560E+05  6.602844E+05  0.000000E+00
  0.000000E+00  0.000000E+00  0.000000E+00  7.055197E+05  2.236762E-21
  5.421781E+03  1.084356E+04  9.000000E+01  9.000000E+01  9.000000E+01
  0.000000E+00 -6.273323E+01  9.544718E+10 -6.348291E+01 -1.146737E+00
  2.076119E-01 -1.146737E+00 -6.180149E+01  3.532572E-01  2.076119E-01
  3.532572E-01 -6.291529E+01  4.037032E-04  1.354118E-04  1.054907E-04
  1.409393E-03  2.569689E+02  9.025447E+01  0.000000E+00  0.000000E+00
  0.000000E+00  9.025447E+01  0.000000E+00  0.000000E+00  0.000000E+00
  8.661073E+01 -2.799064E+04
     36000  1.800000E+01        52
  9.544661E+10  9.631250E-18 -5.641119E+05  9.955782E+04 -6.691026E+05
  0.000000E+00  0.000000E+00  0.000000E+00  0.000000E+00 -5.641114E+05
  0.000000E+00  8.284448E+04 -5.886614E+05  6.606400E+05  0.000000E+00
  0.000000E+00  0.000000E+00  0.000000E+00  7.053111E+05  2.073331E-21
  5.432924E+03  1.086585E+04  9.000000E+01  9.000000E+01  9.000000E+01
  0.000000E+00 -6.190925E+01  9.544718E+10 -6.265565E+01 -1.137596E+00
  2.038679E-01 -1.137596E+00 -6.095546E+01  3.629815E-01  2.038679E-01
  3.629815E-01 -6.211665E+01  4.037032E-04  1.354118E-04  1.054907E-04
  1.409393E-03  2.569689E+02  9.024557E+01  0.000000E+00  0.000000E+00
  0.000000E+00  9.024557E+01  0.000000E+00  0.000000E+00  0.000000E+00
  8.660220E+01 -2.761483E+04
     37000  1.850000E+01        52
  9.544661E+10  9.555081E-18 -5.642009E+05  9.979808E+04 -6.694429E+05
  0.000000E+00  0.000000E+00  0.000000E+00  0.000000E+00 -5.642005E+05
  0.000000E+00  8.176288E+04 -5.901071E+05  6.609822E+05  0.000000E+00
  0.000000E+00  0.000000E+00  0.000000E+00  7.051047E+05  2.116058E-21
  5.443901E+03  1.088780E+04  9.000000E+01  9.000000E+01  9.000000E+01
  0.000000E+00 -6.111886E+01  9.544718E+10 -6.186148E+01 -1.128149E+00
  1.988317E-01 -1.128149E+00 -6.014397E+01  3.706039E-01  1.988317E-01
  3.706039E-01 -6.135115E+01  4.037032E-04  1.354118E-04  1.054907E-04
  1.409393E-03  2.569689E+02  9.023677E+01  0.000000E+00  0.000000E+00
  0.000000E+00  9.023677E+01  0.000000E+00  0.000000E+00  0.000000E+00
  8.659375E+01 -2.725429E+04
     38000  1.900000E+01        52
  9.544661E+10  9.555890E-18 -5.642875E+05  1.000279E+05 -6.697700E+05
  0.000000E+00  0.000000E+00  0.000000E+00  0.000000E+00 -5.642870E+05
  0.000000E+00  8.072638E+04 -5.914945E+05  6.613114E+05  0.000000E+00
  0.000000E+00  0.000000E+00  0.000000E+00  7.049004E+05  2.476141E-21
  5.454700E+03  1.090940E+04  9.000000E+01  9.000000E+01  9.000000E+01
  0.000000E+00 -6.036155E+01  9.544718E+10 -6.110127E+01 -1.119222E+00
  1.922605E-01 -1.119222E+00 -5.936557E+01  3.759568E-01  1.922605E-01
  3.759568E-01 -6.061782E+01  4.037032E-04  1.354118E-04  1.054907E-04
  1.409393E-03  2.569689E+02  9.022805E+01  0.000000E+00  0.000000E+00
  0.000000E+00  9.022805E+01  0.000000E+00  0.000000E+00  0.000000E+00
  8.658538E+01 -2.690879E+04
     39000  1.950000E+01        52
  9.544662E+10  9.553918E-18 -5.643721E+05  1.002485E+05 -6.700860E+05
  0.000000E+00  0.000000E+00  0.000000E+00  0.000000E+00 -5.643717E+05
  0.000000E+00  7.972891E+04 -5.928317E+05  6.616299E+05  0.000000E+00
  0.000000E+00  0.000000E+00  0.000000E+00  7.046981E+05  2.663213E-21
  5.465396E+03  1.093079E+04  9.000000E+01  9.000000E+01  9.000000E+01
  0.000000E+00 -5.963283E+01  9.544718E+10 -6.036631E+01 -1.114425E+00
  1.862905E-01 -1.114425E+00 -5.861816E+01  3.760318E-01  1.862905E-01
  3.760318E-01 -5.991403E+01  4.037032E-04  1.354118E-04  1.054907E-04
  1.409393E-03  2.569689E+02  9.021942E+01  0.000000E+00  0.000000E+00
  0.000000E+00  9.021942E+01  0.000000E+00  0.000000E+00  0.000000E+00
  8.657710E+01 -2.657630E+04
     40000  2.000000E+01        52
  9.544662E+10  9.467185E-18 -5.644540E+05  1.004630E+05 -6.703926E+05
  0.000000E+00  0.000000E+00  0.000000E+00  0.000000E+00 -5.644536E+05
  0.000000E+00  7.876254E+04 -5.941275E+05  6.619388E+05  0.000000E+00
  0.000000E+00  0.000000E+00  0.000000E+00  7.044977E+05  2.661934E-21
  5.475611E+03  1.095122E+04  9.000000E+01  9.000000E+01  9.000000E+01
  0.000000E+00 -5.892680E+01  9.544718E+10 -5.965152E+01 -1.106129E+00
  1.889267E-01 -1.106129E+00 -5.789741E+01  3.756627E-01  1.889267E-01
  3.756627E-01 -5.923147E+01  4.037032E-04  1.354118E-04  1.054907E-04
  1.409393E-03  2.569689E+02  9.021087E+01  0.000000E+00  0.000000E+00
  0.000000E+00  9.021087E+01  0.000000E+00  0.000000E+00  0.000000E+00
  8.656889E+01 -2.625418E+04
     41000  2.050000E+01        52
  9.544662E+10  9.257149E-18 -5.645329E+05  1.006712E+05 -6.706895E+05
  0.000000E+00  0.000000E+00  0.000000E+00  0.000000E+00 -5.645325E+05
  0.000000E+00  7.782799E+04 -5.953811E+05  6.622384E+05  0.000000E+00
  0.000000E+00  0.000000E+00  0.000000E+00  7.042991E+05  2.042519E-21
  5.485370E+03  1.097074E+04  9.000000E+01  9.000000E+01  9.000000E+01
  0.000000E+00 -5.824403E+01  9.544718E+10 -5.896567E+01 -1.098874E+00
  1.870912E-01 -1.098874E+00 -5.719338E+01  3.817081E-01  1.870912E-01
  3.817081E-01 -5.857302E+01  4.037032E-04  1.354118E-04  1.054907E-04
  1.409393E-03  2.569689E+02  9.020239E+01  0.000000E+00  0.000000E+00
  0.000000E+00  9.020239E+01  0.000000E+00  0.000000E+00  0.000000E+00
  8.656076E+01 -2.594266E+04
     42000  2.100000E+01        52
  9.544662E+10  9.187610E-18 -5.646089E+05  1.008712E+05 -6.709751E+05
  0.000000E+00  0.000000E+00  0.000000E+00  0.000000E+00 -5.646084E+05
  0.000000E+00  7.693155E+04 -5.965853E+05  6.625267E+05  0.000000E+00
  0.000000E+00  0.000000E+00  0.000000E+00  7.041023E+05  1.988372E-21
  5.495042E+03  1.099008E+04  9.000000E+01  9.000000E+01  9.000000E+01
  0.000000E+00 -5.758926E+01  9.544718E+10 -5.830856E+01 -1.091463E+00
  1.838135E-01 -1.091463E+00 -5.651722E+01  3.855285E-01  1.838135E-01
  3.855285E-01 -5.794199E+01  4.037032E-04  1.354118E-04  1.054907E-04
  1.409393E-03  2.569689E+02  9.019399E+01  0.000000E+00  0.000000E+00
  0.000000E+00  9.019399E+01  0.000000E+00  0.000000E+00  0.000000E+00
  8.655269E+01 -2.564385E+04
     43000  2.150000E+01        52
  9.544662E+10  9.175776E-18 -5.646827E+05  1.010632E+05 -6.712506E+05
  0.000000E+00  0.000000E+00  0.000000E+00  0.000000E+00 -5.646823E+05
  0.000000E+00  7.607007E+04 -5.977445E+05  6.628052E+05  0.000000E+00
  0.000000E+00  0.000000E+00  0.000000E+00  7.039071E+05  1.997228E-21
  5.504706E+03  1.100941E+04  9.000000E+01  9.000000E+01  9.000000E+01
  0.000000E+00 -5.696016E+01  9.544718E+10 -5.767686E+01 -1.084528E+00
  1.793711E-01 -1.084528E+00 -5.586881E+01  3.876338E-01  1.793711E-01
  3.876338E-01 -5.733481E+01  4.037032E-04  1.354118E-04  1.054907E-04
  1.409393E-03  2.569689E+02  9.018565E+01  0.000000E+00  0.000000E+00
  0.000000E+00  9.018565E+01  0.000000E+00  0.000000E+00  0.000000E+00
  8.654470E+01 -2.535669E+04
     44000  2.200000E+01        52
  9.544662E+10  9.182247E-18 -5.647548E+05  1.012481E+05 -6.715171E+05
  0.000000E+00  0.000000E+00  0.000000E+00  0.000000E+00 -5.647543E+05
  0.000000E+00  7.523948E+04 -5.988640E+05  6.630749E+05  0.000000E+00
  0.000000E+00  0.000000E+00  0.000000E+00  7.037136E+05  2.033479E-21
  5.514263E+03  1.102853E+04  9.000000E+01  9.000000E+01  9.000000E+01
  0.000000E+00 -5.635372E+01  9.544718E+10 -5.706743E+01 -1.076784E+00
  1.742336E-01 -1.076784E+00 -5.524369E+01  3.884362E-01  1.742336E-01
  3.884362E-01 -5.675003E+01  4.037032E-04  1.354119E-04  1.054907E-04
  1.409393E-03  2.569689E+02  9.017739E+01  0.000000E+00  0.000000E+00
  0.000000E+00  9.017739E+01  0.000000E+00  0.000000E+00  0.000000E+00
  8.653676E+01 -2.507983E+04
     45000  2.250000E+01        52
  9.544662E+10  9.216377E-18 -5.648251E+05  1.014272E+05 -6.717760E+05
  0.000000E+00  0.000000E+00  0.000000E+00  0.000000E+00 -5.648247E+05
  0.000000E+00  7.443432E+04 -5.999500E+05  6.633371E+05  0.000000E+00
  0.000000E+00  0.000000E+00  0.000000E+00  7.035216E+05  2.369697E-21
  5.523613E+03  1.104723E+04  9.000000E+01  9.000000E+01  9.000000E+01
  0.000000E+00 -5.576587E+01  9.544718E+10 -5.647756E+01 -1.065342E+00
  1.694654E-01 -1.065342E+00 -5.463353E+01  3.867686E-01  1.694654E-01
  3.867686E-01 -5.618651E+01  4.037032E-04  1.354119E-04  1.054907E-04
  1.409393E-03  2.569689E+02  9.016919E+01  0.000000E+00  0.000000E+00
  0.000000E+00  9.016919E+01  0.000000E+00  0.000000E+00  0.000000E+00
  8.652889E+01 -2.481144E+04
     46000  2.300000E+01        52
  9.544662E+10  9.107073E-18 -5.648938E+05  1.016013E+05 -6.720277E+05
  0.000000E+00  0.000000E+00  0.000000E+00  0.000000E+00 -5.648933E+05
  0.000000E+00  7.365217E+04 -6.010053E+05  6.635922E+05  0.000000E+00
  0.000000E+00  0.000000E+00  0.000000E+00  7.033311E+05  2.091692E-21
  5.532650E+03  1.106530E+04  9.000000E+01  9.000000E+01  9.000000E+01
  0.000000E+00 -5.519483E+01  9.544718E+10 -5.590362E+01 -1.051397E+00
  1.669992E-01 -1.051397E+00 -5.403963E+01  3.859240E-01  1.669992E-01
  3.859240E-01 -5.564125E+01  4.037032E-04  1.354119E-04  1.054907E-04
  1.409393E-03  2.569689E+02  9.016105E+01  0.000000E+00  0.000000E+00
  0.000000E+00  9.016105E+01  0.000000E+00  0.000000E+00  0.000000E+00
  8.652108E+01 -2.455072E+04
     47000  2.350000E+01        52
  9.544662E+10  9.075737E-18 -5.649601E+05  1.017706E+05 -6.722721E+05
  0.000000E+00  0.000000E+00  0.000000E+00  0.000000E+00 -5.649597E+05
  0.000000E+00  7.289326E+04 -6.020295E+05  6.638399E+05  0.000000E+00
  0.000000E+00  0.000000E+00  0.000000E+00  7.031421E+05  2.074304E-21
  5.541424E+03  1.108285E+04  9.000000E+01  9.000000E+01  9.000000E+01
  0.000000E+00 -5.464080E+01  9.544718E+10 -5.534540E+01 -1.040970E+00
  1.622155E-01 -1.040970E+00 -5.346273E+01  3.850932E-01  1.622155E-01
  3.850932E-01 -5.511426E+01  4.037032E-04  1.354119E-04  1.054908E-04
  1.409393E-03  2.569689E+02  9.015297E+01  0.000000E+00  0.000000E+00
  0.000000E+00  9.015297E+01  0.000000E+00  0.000000E+00  0.000000E+00
  8.651333E+01 -2.429775E+04
     48000  2.400000E+01        52
  9.544662E+10  9.066532E-18 -5.650248E+05  1.019354E+05 -6.725104E+05
  0.000000E+00  0.000000E+00  0.000000E+00  0.000000E+00 -5.650244E+05
  0.000000E+00  7.215589E+04 -6.030260E+05  6.640815E+05  0.000000E+00
  0.000000E+00  0.000000E+00  0.000000E+00  7.029544E+05  2.015169E-21
  5.550201E+03  1.110040E+04  9.000000E+01  9.000000E+01  9.000000E+01
  0.000000E+00 -5.410250E+01  9.544719E+10 -5.480200E+01 -1.032546E+00
  1.572564E-01 -1.032546E+00 -5.290294E+01  3.831222E-01  1.572564E-01
  3.831222E-01 -5.460256E+01  4.037032E-04  1.354119E-04  1.054908E-04
  1.409393E-03  2.569689E+02  9.014495E+01  0.000000E+00  0.000000E+00
  0.000000E+00  9.014495E+01  0.000000E+00  0.000000E+00  0.000000E+00
  8.650563E+01 -2.405196E+04
     49000  2.450000E+01        52
  9.544662E+10  9.099302E-18 -5.650880E+05  1.020962E+05 -6.727432E+05
  0.000000E+00  0.000000E+00  0.000000E+00  0.000000E+00 -5.650875E+05
  0.000000E+00  7.143879E+04 -6.039971E+05  6.643177E+05  0.000000E+00
  0.000000E+00  0.000000E+00  0.000000E+00  7.027681E+05  2.009647E-21
  5.559088E+03  1.111818E+04  9.000000E+01  9.000000E+01  9.000000E+01
  0.000000E+00 -5.357902E+01  9.544719E+10 -5.427477E+01 -1.023819E+00
  1.530413E-01 -1.023819E+00 -5.235717E+01  3.801825E-01  1.530413E-01
  3.801825E-01 -5.410512E+01  4.037032E-04  1.354119E-04  1.054908E-04
  1.409393E-03  2.569689E+02  9.013698E+01  0.000000E+00  0.000000E+00
  0.000000E+00  9.013698E+01  0.000000E+00  0.000000E+00  0.000000E+00
  8.649799E+01 -2.381293E+04
     50000  2.500000E+01        52
  9.544662E+10  9.232926E-18 -5.651501E+05  1.022522E+05 -6.729704E+05
  0.000000E+00  0.000000E+00  0.000000E+00  0.000000E+00 -5.651497E+05
  0.000000E+00  7.074365E+04 -6.049407E+05  6.645482E+05  0.000000E+00
  0.000000E+00  0.000000E+00  0.000000E+00  7.025831E+05  2.327177E-21
  5.568067E+03  1.113613E+04  9.000000E+01  9.000000E+01  9.000000E+01
  0.000000E+00 -5.307163E+01  9.544719E+10 -5.376572E+01 -1.015732E+00
  1.477665E-01 -1.015732E+00 -5.182514E+01  3.768058E-01  1.477665E-01
  3.768058E-01 -5.362404E+01  4.037032E-04  1.354119E-04  1.054908E-04
  1.409393E-03  2.569689E+02  9.012907E+01  0.000000E+00  0.000000E+00
  0.000000E+00  9.012907E+01  0.000000E+00  0.000000E+00  0.000000E+00
  8.649040E+01 -2.358122E+04
     51000  2.550000E+01        52
  9.544662E+10  9.461520E-18 -5.652119E+05  1.024044E+05 -6.731935E+05
  0.000000E+00  0.000000E+00  0.000000E+00  0.000000E+00 -5.652115E+05
  0.000000E+00  7.006578E+04 -6.058634E+05  6.647748E+05  0.000000E+00
  0.000000E+00  0.000000E+00  0.000000E+00  7.023994E+05  2.718543E-21
  5.577155E+03  1.115431E+04  9.000000E+01  9.000000E+01  9.000000E+01
  0.000000E+00 -5.257685E+01  9.544719E+10 -5.327050E+01 -1.007067E+00
  1.400596E-01 -1.007067E+00 -5.130521E+01  3.724043E-01  1.400596E-01
  3.724043E-01 -5.315484E+01  4.037032E-04  1.354119E-04  1.054908E-04
  1.409393E-03  2.569689E+02  9.012121E+01  0.000000E+00  0.000000E+00
  0.000000E+00  9.012121E+01  0.000000E+00  0.000000E+00  0.000000E+00
  8.648286E+01 -2.335526E+04
     52000  2.600000E+01        52
  9.544662E+10  9.348320E-18 -5.652730E+05  1.025557E+05 -6.734145E+05
  0.000000E+00  0.000000E+00  0.000000E+00  0.000000E+00 -5.652725E+05
  0.000000E+00  6.939251E+04 -6.067782E+05  6.649992E+05  0.000000E+00
  0.000000E+00  0.000000E+00  0.000000E+00  7.022169E+05  2.344395E-21
  5.585748E+03  1.117150E+04  9.000000E+01  9.000000E+01  9.000000E+01
  0.000000E+00 -5.208517E+01  9.544719E+10 -5.277711E+01 -9.985590E-01
  1.379159E-01 -9.985590E-01 -5.079703E+01  3.645694E-01  1.379159E-01
  3.645694E-01 -5.268136E+01  4.037032E-04  1.354119E-04  1.054908E-04
  1.409393E-03  2.569689E+02  9.011341E+01  0.000000E+00  0.000000E+00
  0.000000E+00  9.011341E+01  0.000000E+00  0.000000E+00  0.000000E+00
  8.647537E+01 -2.313084E+04
     53000  2.650000E+01        52
  9.544662E+10  9.018416E-18 -5.653307E+05  1.027032E+05 -6.736275E+05
  0.000000E+00  0.000000E+00  0.000000E+00  0.000000E+00 -5.653303E+05
  0.000000E+00  6.873415E+04 -6.076687E+05  6.652158E+05  0.000000E+00
  0.000000E+00  0.000000E+00  0.000000E+00  7.020356E+05  2.515108E-21
  5.593542E+03  1.118708E+04  9.000000E+01  9.000000E+01  9.000000E+01
  0.000000E+00 -5.160434E+01  9.544719E+10 -5.229326E+01 -9.906105E-01
  1.440531E-01 -9.906105E-01 -5.030564E+01  3.563625E-01  1.440531E-01
  3.563625E-01 -5.221410E+01  4.037032E-04  1.354119E-04  1.054908E-04
  1.409393E-03  2.569689E+02  9.010565E+01  0.000000E+00  0.000000E+00
  0.000000E+00  9.010565E+01  0.000000E+00  0.000000E+00  0.000000E+00
  8.646793E+01 -2.291138E+04
     54000  2.700000E+01        52
  9.544662E+10  8.983755E-18 -5.653864E+05  1.028454E+05 -6.738335E+05
  0.000000E+00  0.000000E+00  0.000000E+00  0.000000E+00 -5.653859E+05
  0.000000E+00  6.810091E+04 -6.085281E+05  6.654254E+05  0.000000E+00
  0.000000E+00  0.000000E+00  0.000000E+00  7.018555E+05  2.332839E-21
  5.601784E+03  1.120357E+04  9.000000E+01  9.000000E+01  9.000000E+01
  0.000000E+00 -5.114203E+01  9.544719E+10 -5.182667E+01 -9.796568E-01
  1.462143E-01 -9.796568E-01 -4.983028E+01  3.512583E-01  1.462143E-01
  3.512583E-01 -5.176913E+01  4.037032E-04  1.354119E-04  1.054908E-04
  1.409393E-03  2.569689E+02  9.009795E+01  0.000000E+00  0.000000E+00
  0.000000E+00  9.009795E+01  0.000000E+00  0.000000E+00  0.000000E+00
  8.646053E+01 -2.270030E+04
     55000  2.750000E+01        52
  9.544662E+10  8.901091E-18 -5.654403E+05  1.029844E+05 -6.740345E+05
  0.000000E+00  0.000000E+00  0.000000E+00  0.000000E+00 -5.654398E+05
  0.000000E+00  6.748312E+04 -6.093665E+05  6.656299E+05  0.000000E+00
  0.000000E+00  0.000000E+00  0.000000E+00  7.016765E+05  2.060063E-21
  5.609860E+03  1.121972E+04  9.000000E+01  9.000000E+01  9.000000E+01
  0.000000E+00 -5.069101E+01  9.544719E+10 -5.137347E+01 -9.693067E-01
  1.452334E-01 -9.693067E-01 -4.936670E+01  3.484062E-01  1.452334E-01
  3.484062E-01 -5.133285E+01  4.037032E-04  1.354119E-04  1.054908E-04
  1.409393E-03  2.569689E+02  9.009029E+01  0.000000E+00  0.000000E+00
  0.000000E+00  9.009029E+01  0.000000E+00  0.000000E+00  0.000000E+00
  8.645318E+01 -2.249437E+04
     56000  2.800000E+01        52
  9.544662E+10  8.930878E-18 -5.654928E+05  1.031196E+05 -6.742304E+05
  0.000000E+00  0.000000E+00  0.000000E+00  0.000000E+00 -5.654923E+05
  0.000000E+00  6.688284E+04 -6.101823E+05  6.658292E+05  0.000000E+00
  0.000000E+00  0.000000E+00  0.000000E+00  7.014987E+05  2.327301E-21
  5.617961E+03  1.123592E+04  9.000000E+01  9.000000E+01  9.000000E+01
  0.000000E+00 -5.025283E+01  9.544719E+10 -5.093639E+01 -9.614045E-01
  1.420454E-01 -9.614045E-01 -4.891622E+01  3.507500E-01  1.420454E-01
  3.507500E-01 -5.090589E+01  4.037032E-04  1.354119E-04  1.054908E-04
  1.409393E-03  2.569689E+02  9.008268E+01  0.000000E+00  0.000000E+00
  0.000000E+00  9.008268E+01  0.000000E+00  0.000000E+00  0.000000E+00
  8.644588E+01 -2.229428E+04
     57000  2.850000E+01        52
  9.544662E+10  8.919117E-18 -5.655441E+05  1.032508E+05 -6.744210E+05
  0.000000E+00  0.000000E+00  0.000000E+00  0.000000E+00 -5.655437E+05
  0.000000E+00  6.630058E+04 -6.109749E+05  6.660234E+05  0.000000E+00
  0.000000E+00  0.000000E+00  0.000000E+00  7.013218E+05  2.156031E-21
  5.626062E+03  1.125212E+04  9.000000E+01  9.000000E+01  9.000000E+01
  0.000000E+00 -4.982791E+01  9.544719E+10 -5.051344E+01 -9.557965E-01
  1.406762E-01 -9.557965E-01 -4.848059E+01  3.516626E-01  1.406762E-01
  3.516626E-01 -5.048970E+01  4.037033E-04  1.354119E-04  1.054908E-04
  1.409393E-03  2.569689E+02  9.007511E+01  0.000000E+00  0.000000E+00
  0.000000E+00  9.007511E+01  0.000000E+00  0.000000E+00  0.000000E+00
  8.643861E+01 -2.210019E+04
     58000  2.900000E+01        52
  9.544662E+10  8.862532E-18 -5.655941E+05  1.033777E+05 -6.746057E+05
  0.000000E+00  0.000000E+00  0.000000E+00  0.000000E+00 -5.655936E+05
  0.000000E+00  6.573614E+04 -6.117433E+05  6.662116E+05  0.000000E+00
  0.000000E+00  0.000000E+00  0.000000E+00  7.011461E+05  1.957857E-21
  5.633899E+03  1.126780E+04  9.000000E+01  9.000000E+01  9.000000E+01
  0.000000E+00 -4.941609E+01  9.544719E+10 -5.010261E+01 -9.497360E-01
  1.372524E-01 -9.497360E-01 -4.805944E+01  3.503668E-01  1.372524E-01
  3.503668E-01 -5.008622E+01  4.037033E-04  1.354119E-04  1.054908E-04
  1.409393E-03  2.569689E+02  9.006758E+01  0.000000E+00  0.000000E+00
  0.000000E+00  9.006758E+01  0.000000E+00  0.000000E+00  0.000000E+00
  8.643139E+01 -2.191205E+04
     59000  2.950000E+01        52
  9.544662E+10  8.834927E-18 -5.656427E+05  1.035011E+05 -6.747854E+05
  0.000000E+00  0.000000E+00  0.000000E+00  0.000000E+00 -5.656422E+05
  0.000000E+00  6.518682E+04 -6.124912E+05  6.663949E+05  0.000000E+00
  0.000000E+00  0.000000E+00  0.000000E+00  7.009712E+05  1.898863E-21
  5.641602E+03  1.128320E+04  9.000000E+01  9.000000E+01  9.000000E+01
  0.000000E+00 -4.901537E+01  9.544719E+10 -4.970351E+01 -9.436242E-01
  1.326457E-01 -9.436242E-01 -4.764957E+01  3.493878E-01  1.326457E-01
  3.493878E-01 -4.969303E+01  4.037033E-04  1.354119E-04  1.054908E-04
  1.409393E-03  2.569689E+02  9.006009E+01  0.000000E+00  0.000000E+00
  0.000000E+00  9.006009E+01  0.000000E+00  0.000000E+00  0.000000E+00
  8.642421E+01 -2.172894E+04
     60000  3.000000E+01        52
  9.544662E+10  8.839303E-18 -5.656901E+05  1.036214E+05 -6.749607E+05
  0.000000E+00  0.000000E+00  0.000000E+00  0.000000E+00 -5.656896E+05
  0.000000E+00  6.465149E+04 -6.132208E+05  6.665737E+05  0.000000E+00
  0.000000E+00  0.000000E+00  0.000000E+00  7.007974E+05  1.928107E-21
  5.649280E+03  1.129856E+04  9.000000E+01  9.000000E+01  9.000000E+01
  0.000000E+00 -4.862491E+01  9.544719E+10 -4.931462E+01 -9.382713E-01
  1.290287E-01 -9.382713E-01 -4.725013E+01  3.492739E-01  1.290287E-01
  3.492739E-01 -4.930997E+01  4.037033E-04  1.354119E-04  1.054908E-04
  1.409393E-03  2.569689E+02  9.005265E+01  0.000000E+00  0.000000E+00
  0.000000E+00  9.005265E+01  0.000000E+00  0.000000E+00  0.000000E+00
  8.641706E+01 -2.155050E+04
     61000  3.050000E+01        52
  9.544662E+10  8.895048E-18 -5.657365E+05  1.037390E+05 -6.751324E+05
  0.000000E+00  0.000000E+00  0.000000E+00  0.000000E+00 -5.657360E+05
  0.000000E+00  6.412843E+04 -6.139345E+05  6.667490E+05  0.000000E+00
  0.000000E+00  0.000000E+00  0.000000E+00  7.006244E+05  2.188715E-21
  5.656988E+03  1.131398E+04  9.000000E+01  9.000000E+01  9.000000E+01
  0.000000E+00 -4.824341E+01  9.544719E+10 -4.893237E+01 -9.328165E-01
  1.264016E-01 -9.328165E-01 -4.686120E+01  3.496337E-01  1.264016E-01
  3.496337E-01 -4.893666E+01  4.037033E-04  1.354119E-04  1.054908E-04
  1.409393E-03  2.569689E+02  9.004524E+01  0.000000E+00  0.000000E+00
  0.000000E+00  9.004524E+01  0.000000E+00  0.000000E+00  0.000000E+00
  8.640995E+01 -2.137614E+04
     62000  3.100000E+01        52
  9.544663E+10  8.945026E-18 -5.657821E+05  1.038545E+05 -6.753013E+05
  0.000000E+00  0.000000E+00  0.000000E+00  0.000000E+00 -5.657816E+05
  0.000000E+00  6.361516E+04 -6.146356E+05  6.669214E+05  0.000000E+00
  0.000000E+00  0.000000E+00  0.000000E+00  7.004524E+05  2.126003E-21
  5.664666E+03  1.132933E+04  9.000000E+01  9.000000E+01  9.000000E+01
  0.000000E+00 -4.786904E+01  9.544719E+10 -4.855518E+01 -9.278691E-01
  1.251341E-01 -9.278691E-01 -4.647949E+01  3.496113E-01  1.251341E-01
  3.496113E-01 -4.857244E+01  4.037033E-04  1.354119E-04  1.054908E-04
  1.409393E-03  2.569689E+02  9.003787E+01  0.000000E+00  0.000000E+00
  0.000000E+00  9.003787E+01  0.000000E+00  0.000000E+00  0.000000E+00
  8.640288E+01 -2.120505E+04
     63000  3.150000E+01        52
  9.544663E+10  8.971323E-18 -5.658268E+05  1.039671E+05 -6.754659E+05
  0.000000E+00  0.000000E+00  0.000000E+00  0.000000E+00 -5.658264E+05
  0.000000E+00  6.311358E+04 -6.153200E+05  6.670896E+05  0.000000E+00
  0.000000E+00  0.000000E+00  0.000000E+00  7.002812E+05  2.225426E-21
  5.671973E+03  1.134395E+04  9.000000E+01  9.000000E+01  9.000000E+01
  0.000000E+00 -4.750322E+01  9.544719E+10 -4.818931E+01 -9.247561E-01
  1.248404E-01 -9.247561E-01 -4.610461E+01  3.480736E-01  1.248404E-01
  3.480736E-01 -4.821574E+01  4.037033E-04  1.354119E-04  1.054908E-04
  1.409393E-03  2.569689E+02  9.003053E+01  0.000000E+00  0.000000E+00
  0.000000E+00  9.003053E+01  0.000000E+00  0.000000E+00  0.000000E+00
  8.639584E+01 -2.103786E+04
     64000  3.200000E+01        52
  9.544663E+10  8.905907E-18 -5.658703E+05  1.040780E+05 -6.756274E+05
  0.000000E+00  0.000000E+00  0.000000E+00  0.000000E+00 -5.658699E+05
  0.000000E+00  6.262028E+04 -6.159926E+05  6.672548E+05  0.000000E+00
  0.000000E+00  0.000000E+00  0.000000E+00  7.001109E+05  1.955782E-21
  5.679047E+03  1.135809E+04  9.000000E+01  9.000000E+01  9.000000E+01
  0.000000E+00 -4.714340E+01  9.544719E+10 -4.783091E+01 -9.204897E-01
  1.211857E-01 -9.204897E-01 -4.573730E+01  3.447305E-01  1.211857E-01
  3.447305E-01 -4.786199E+01  4.037033E-04  1.354119E-04  1.054908E-04
  1.409393E-03  2.569689E+02  9.002323E+01  0.000000E+00  0.000000E+00
  0.000000E+00  9.002323E+01  0.000000E+00  0.000000E+00  0.000000E+00
  8.638883E+01 -2.087343E+04
     65000  3.250000E+01        52
  9.544663E+10  8.900244E-18 -5.659127E+05  1.041869E+05 -6.757856E+05
  0.000000E+00  0.000000E+00  0.000000E+00  0.000000E+00 -5.659123E+05
  0.000000E+00  6.213763E+04 -6.166508E+05  6.674165E+05  0.000000E+00
  0.000000E+00  0.000000E+00  0.000000E+00  6.999414E+05  1.880973E-21
  5.685976E+03  1.137195E+04  9.000000E+01  9.000000E+01  9.000000E+01
  0.000000E+00 -4.679137E+01  9.544719E+10 -4.748035E+01 -9.151985E-01
  1.168731E-01 -9.151985E-01 -4.537779E+01  3.417368E-01  1.168731E-01
  3.417368E-01 -4.751596E+01  4.037033E-04  1.354119E-04  1.054908E-04
  1.409394E-03  2.569689E+02  9.001597E+01  0.000000E+00  0.000000E+00
  0.000000E+00  9.001597E+01  0.000000E+00  0.000000E+00  0.000000E+00
  8.638186E+01 -2.071254E+04
     66000  3.300000E+01        52
  9.544663E+10  8.901032E-18 -5.659541E+05  1.042934E+05 -6.759403E+05
  0.000000E+00  0.000000E+00  0.000000E+00  0.000000E+00 -5.659537E+05
  0.000000E+00  6.166650E+04 -6.172940E+05  6.675749E+05  0.000000E+00
  0.000000E+00  0.000000E+00  0.000000E+00  6.997727E+05  1.798003E-21
  5.692815E+03  1.138563E+04  9.000000E+01  9.000000E+01  9.000000E+01
  0.000000E+00 -4.644779E+01  9.544719E+10 -4.713890E+01 -9.081250E-01
  1.125054E-01 -9.081250E-01 -4.502647E+01  3.389168E-01  1.125054E-01
  3.389168E-01 -4.717798E+01  4.037033E-04  1.354119E-04  1.054908E-04
  1.409394E-03  2.569689E+02  9.000874E+01  0.000000E+00  0.000000E+00
  0.000000E+00  9.000874E+01  0.000000E+00  0.000000E+00  0.000000E+00
  8.637492E+01 -2.055550E+04
     67000  3.350000E+01        52
  9.544663E+10  8.920565E-18 -5.659946E+05  1.043972E+05 -6.760914E+05
  0.000000E+00  0.000000E+00  0.000000E+00  0.000000E+00 -5.659942E+05
  0.000000E+00  6.120769E+04 -6.179210E+05  6.677296E+05  0.000000E+00
  0.000000E+00  0.000000E+00  0.000000E+00  6.996049E+05  1.770914E-21
  5.699558E+03  1.139912E+04  9.000000E+01  9.000000E+01  9.000000E+01
  0.000000E+00 -4.611327E+01  9.544719E+10 -4.680747E+01 -9.001483E-01
  1.081089E-01 -9.001483E-01 -4.468389E+01  3.360931E-01  1.081089E-01
  3.360931E-01 -4.684845E+01  4.037033E-04  1.354119E-04  1.054908E-04
  1.409394E-03  2.569689E+02  9.000154E+01  0.000000E+00  0.000000E+00
  0.000000E+00  9.000154E+01  0.000000E+00  0.000000E+00  0.000000E+00
  8.636802E+01 -2.040256E+04
     68000  3.400000E+01        52
  9.544663E+10  8.967973E-18 -5.660343E+05  1.044983E+05 -6.762388E+05
  0.000000E+00  0.000000E+00  0.000000E+00  0.000000E+00 -5.660339E+05
  0.000000E+00  6.076173E+04 -6.185313E+05  6.678807E+05  0.000000E+00
  0.000000E+00  0.000000E+00  0.000000E+00  6.994377E+05  1.791929E-21
  5.706213E+03  1.141243E+04  9.000000E+01  9.000000E+01  9.000000E+01
  0.000000E+00 -4.578823E+01  9.544719E+10 -4.648649E+01 -8.922532E-01
  1.039543E-01 -8.922532E-01 -4.435017E+01  3.335491E-01  1.039543E-01
  3.335491E-01 -4.652802E+01  4.037033E-04  1.354119E-04  1.054908E-04
  1.409394E-03  2.569689E+02  8.999437E+01  0.000000E+00  0.000000E+00
  0.000000E+00  8.999437E+01  0.000000E+00  0.000000E+00  0.000000E+00
  8.636114E+01 -2.025391E+04
     69000  3.450000E+01        52
  9.544663E+10  9.044852E-18 -5.660733E+05  1.045965E+05 -6.763825E+05
  0.000000E+00  0.000000E+00  0.000000E+00  0.000000E+00 -5.660729E+05
  0.000000E+00  6.032809E+04 -6.191257E+05  6.680282E+05  0.000000E+00
  0.000000E+00  0.000000E+00  0.000000E+00  6.992713E+05  1.897302E-21
  5.712783E+03  1.142557E+04  9.000000E+01  9.000000E+01  9.000000E+01
  0.000000E+00 -4.547227E+01  9.544719E+10 -4.617527E+01 -8.849868E-01
  1.001803E-01 -8.849868E-01 -4.402509E+01  3.315137E-01  1.001803E-01
  3.315137E-01 -4.621645E+01  4.037033E-04  1.354120E-04  1.054908E-04
  1.409394E-03  2.569689E+02  8.998723E+01  0.000000E+00  0.000000E+00
  0.000000E+00  8.998723E+01  0.000000E+00  0.000000E+00  0.000000E+00
  8.635429E+01 -2.010936E+04
     70000  3.500000E+01        52
  9.544663E+10  9.032856E-18 -5.661116E+05  1.046926E+05 -6.765234E+05
  0.000000E+00  0.000000E+00  0.000000E+00  0.000000E+00 -5.661111E+05
  0.000000E+00  5.990361E+04 -6.197077E+05  6.681730E+05  0.000000E+00
  0.000000E+00  0.000000E+00  0.000000E+00  6.991056E+05  1.979384E-21
  5.719157E+03  1.143831E+04  9.000000E+01  9.000000E+01  9.000000E+01
  0.000000E+00 -4.516302E+01  9.544719E+10 -4.586811E+01 -8.794009E-01
  9.477486E-02 -8.794009E-01 -4.370835E+01  3.299833E-01  9.477486E-02
  3.299833E-01 -4.591259E+01  4.037033E-04  1.354120E-04  1.054908E-04
  1.409394E-03  2.569689E+02  8.998013E+01  0.000000E+00  0.000000E+00
  0.000000E+00  8.998013E+01  0.000000E+00  0.000000E+00  0.000000E+00
  8.634747E+01 -1.996787E+04
     71000  3.550000E+01        52
  9.544663E+10  9.070832E-18 -5.661489E+05  1.047868E+05 -6.766612E+05
  0.000000E+00  0.000000E+00  0.000000E+00  0.000000E+00 -5.661485E+05
  0.000000E+00  5.948830E+04 -6.202774E+05  6.683148E+05  0.000000E+00
  0.000000E+00  0.000000E+00  0.000000E+00  6.989406E+05  2.086889E-21
  5.725435E+03  1.145087E+04  9.000000E+01  9.000000E+01  9.000000E+01
  0.000000E+00 -4.486049E+01  9.544719E+10 -4.556532E+01 -8.755596E-01
  8.849488E-02 -8.755596E-01 -4.339940E+01  3.289859E-01  8.849488E-02
  3.289859E-01 -4.561675E+01  4.037033E-04  1.354120E-04  1.054908E-04
  1.409394E-03  2.569689E+02  8.997304E+01  0.000000E+00  0.000000E+00
  0.000000E+00  8.997304E+01  0.000000E+00  0.000000E+00  0.000000E+00
  8.634067E+01 -1.982943E+04
     72000  3.600000E+01        52
  9.544663E+10  9.247267E-18 -5.661858E+05  1.048786E+05 -6.767962E+05
  0.000000E+00  0.000000E+00  0.000000E+00  0.000000E+00 -5.661854E+05
  0.000000E+00  5.908380E+04 -6.208339E+05  6.684540E+05  0.000000E+00
  0.000000E+00  0.000000E+00  0.000000E+00  6.987762E+05  2.429061E-21
  5.731823E+03  1.146365E+04  9.000000E+01  9.000000E+01  9.000000E+01
  0.000000E+00 -4.456594E+01  9.544719E+10 -4.527137E+01 -8.730502E-01
  8.341507E-02 -8.730502E-01 -4.309798E+01  3.293023E-01  8.341507E-02
  3.293023E-01 -4.532846E+01  4.037033E-04  1.354120E-04  1.054908E-04
  1.409394E-03  2.569689E+02  8.996599E+01  0.000000E+00  0.000000E+00
  0.000000E+00  8.996599E+01  0.000000E+00  0.000000E+00  0.000000E+00
  8.633390E+01 -1.969460E+04
     73000  3.650000E+01        52
  9.544663E+10  9.222544E-18 -5.662223E+05  1.049680E+05 -6.769282E+05
  0.000000E+00  0.000000E+00  0.000000E+00  0.000000E+00 -5.662218E+05
  0.000000E+00  5.868818E+04 -6.213780E+05  6.685903E+05  0.000000E+00
  0.000000E+00  0.000000E+00  0.000000E+00  6.986125E+05  2.149494E-21
  5.737962E+03  1.147592E+04  9.000000E+01  9.000000E+01  9.000000E+01
  0.000000E+00 -4.427790E+01  9.544719E+10 -4.498768E+01 -8.689321E-01
  7.881359E-02 -8.689321E-01 -4.280334E+01  3.274477E-01  7.881359E-02
  3.274477E-01 -4.504268E+01  4.037033E-04  1.354120E-04  1.054908E-04
  1.409394E-03  2.569689E+02  8.995896E+01  0.000000E+00  0.000000E+00
  0.000000E+00  8.995896E+01  0.000000E+00  0.000000E+00  0.000000E+00
  8.632716E+01 -1.956273E+04
     74000  3.700000E+01        52
  9.544663E+10  9.247928E-18 -5.662577E+05  1.050547E+05 -6.770562E+05
  0.000000E+00  0.000000E+00  0.000000E+00  0.000000E+00 -5.662573E+05
  0.000000E+00  5.830385E+04 -6.219060E+05  6.687224E+05  0.000000E+00
  0.000000E+00  0.000000E+00  0.000000E+00  6.984493E+05  1.981990E-21
  5.743747E+03  1.148749E+04  9.000000E+01  9.000000E+01  9.000000E+01
  0.000000E+00 -4.399822E+01  9.544719E+10 -4.471346E+01 -8.640103E-01
  7.473908E-02 -8.640103E-01 -4.251670E+01  3.249602E-01  7.473908E-02
  3.249602E-01 -4.476449E+01  4.037033E-04  1.354120E-04  1.054908E-04
  1.409394E-03  2.569689E+02  8.995196E+01  0.000000E+00  0.000000E+00
  0.000000E+00  8.995196E+01  0.000000E+00  0.000000E+00  0.000000E+00
  8.632044E+01 -1.943462E+04
     75000  3.750000E+01        52
  9.544663E+10  9.312031E-18 -5.662926E+05  1.051390E+05 -6.771810E+05
  0.000000E+00  0.000000E+00  0.000000E+00  0.000000E+00 -5.662922E+05
  0.000000E+00  5.792937E+04 -6.224209E+05  6.688515E+05  0.000000E+00
  0.000000E+00  0.000000E+00  0.000000E+00  6.982868E+05  1.990908E-21
  5.749396E+03  1.149879E+04  9.000000E+01  9.000000E+01  9.000000E+01
  0.000000E+00 -4.372579E+01  9.544719E+10 -4.444721E+01 -8.583017E-01
  7.211471E-02 -8.583017E-01 -4.223644E+01  3.222375E-01  7.211471E-02
  3.222375E-01 -4.449373E+01  4.037033E-04  1.354120E-04  1.054908E-04
  1.409394E-03  2.569689E+02  8.994498E+01  0.000000E+00  0.000000E+00
  0.000000E+00  8.994498E+01  0.000000E+00  0.000000E+00  0.000000E+00
  8.631374E+01 -1.930979E+04
     76000  3.800000E+01        52
  9.544663E+10  9.325900E-18 -5.663268E+05  1.052217E+05 -6.773033E+05
  0.000000E+00  0.000000E+00  0.000000E+00  0.000000E+00 -5.663263E+05
  0.000000E+00  5.756246E+04 -6.229253E+05  6.689781E+05  0.000000E+00
  0.000000E+00  0.000000E+00  0.000000E+00  6.981249E+05  1.957084E-21
  5.754851E+03  1.150970E+04  9.000000E+01  9.000000E+01  9.000000E+01
  0.000000E+00 -4.345892E+01  9.544720E+10 -4.418580E+01 -8.515126E-01
  6.971035E-02 -8.515126E-01 -4.196189E+01  3.192975E-01  6.971035E-02
  3.192975E-01 -4.422908E+01  4.037033E-04  1.354120E-04  1.054908E-04
  1.409394E-03  2.569689E+02  8.993803E+01  0.000000E+00  0.000000E+00
  0.000000E+00  8.993803E+01  0.000000E+00  0.000000E+00  0.000000E+00
  8.630707E+01 -1.918749E+04
     77000  3.850000E+01        52
  9.544663E+10  9.359686E-18 -5.663602E+05  1.053025E+05 -6.774229E+05
  0.000000E+00  0.000000E+00  0.000000E+00  0.000000E+00 -5.663598E+05
  0.000000E+00  5.720412E+04 -6.234181E+05  6.691019E+05  0.000000E+00
  0.000000E+00  0.000000E+00  0.000000E+00  6.979634E+05  1.979178E-21
  5.760174E+03  1.152035E+04  9.000000E+01  9.000000E+01  9.000000E+01
  0.000000E+00 -4.319837E+01  9.544720E+10 -4.392941E+01 -8.445475E-01
  6.754339E-02 -8.445475E-01 -4.169362E+01  3.167053E-01  6.754339E-02
  3.167053E-01 -4.397208E+01  4.037033E-04  1.354120E-04  1.054908E-04
  1.409394E-03  2.569689E+02  8.993110E+01  0.000000E+00  0.000000E+00
  0.000000E+00  8.993110E+01  0.000000E+00  0.000000E+00  0.000000E+00
  8.630042E+01 -1.906804E+04
     78000  3.900000E+01        52
  9.544663E+10  9.457750E-18 -5.663931E+05  1.053810E+05 -6.775396E+05
  0.000000E+00  0.000000E+00  0.000000E+00  0.000000E+00 -5.663927E+05
  0.000000E+00  5.685501E+04 -6.238987E+05  6.692228E+05  0.000000E+00
  0.000000E+00  0.000000E+00  0.000000E+00  6.978026E+05  2.161859E-21
  5.765439E+03  1.153088E+04  9.000000E+01  9.000000E+01  9.000000E+01
  0.000000E+00 -4.294463E+01  9.544720E+10 -4.368025E+01 -8.377557E-01
  6.596799E-02 -8.377557E-01 -4.143163E+01  3.154672E-01  6.596799E-02
  3.154672E-01 -4.372201E+01  4.037033E-04  1.354120E-04  1.054908E-04
  1.409394E-03  2.569689E+02  8.992419E+01  0.000000E+00  0.000000E+00
  0.000000E+00  8.992419E+01  0.000000E+00  0.000000E+00  0.000000E+00
  8.629379E+01 -1.895167E+04
     79000  3.950000E+01        52
  9.544663E+10  9.592157E-18 -5.664257E+05  1.054576E+05 -6.776539E+05
  0.000000E+00  0.000000E+00  0.000000E+00  0.000000E+00 -5.664252E+05
  0.000000E+00  5.651382E+04 -6.243688E+05  6.693413E+05  0.000000E+00
  0.000000E+00  0.000000E+00  0.000000E+00  6.976422E+05  2.533943E-21
  5.770647E+03  1.154129E+04  9.000000E+01  9.000000E+01  9.000000E+01
  0.000000E+00 -4.269673E+01  9.544720E+10 -4.343682E+01 -8.303887E-01
  6.506129E-02 -8.303887E-01 -4.117543E+01  3.156378E-01  6.506129E-02
  3.156378E-01 -4.347794E+01  4.037033E-04  1.354120E-04  1.054908E-04
  1.409394E-03  2.569689E+02  8.991730E+01  0.000000E+00  0.000000E+00
  0.000000E+00  8.991730E+01  0.000000E+00  0.000000E+00  0.000000E+00
  8.628717E+01 -1.883794E+04
     80000  4.000000E+01        52
  9.544663E+10  9.597297E-18 -5.664577E+05  1.055332E+05 -6.777667E+05
  0.000000E+00  0.000000E+00  0.000000E+00  0.000000E+00 -5.664572E+05
  0.000000E+00  5.617718E+04 -6.248327E+05  6.694583E+05  0.000000E+00
  0.000000E+00  0.000000E+00  0.000000E+00  6.974823E+05  2.324525E-21
  5.775784E+03  1.155157E+04  9.000000E+01  9.000000E+01  9.000000E+01
  0.000000E+00 -4.245213E+01  9.544720E+10 -4.319398E+01 -8.238403E-01
  6.637825E-02 -8.238403E-01 -4.092388E+01  3.155492E-01  6.637825E-02
  3.155492E-01 -4.323853E+01  4.037033E-04  1.354120E-04  1.054908E-04
  1.409394E-03  2.569689E+02  8.991043E+01  0.000000E+00  0.000000E+00
  0.000000E+00  8.991043E+01  0.000000E+00  0.000000E+00  0.000000E+00
  8.628058E+01 -1.872573E+04
     81000  4.050000E+01        52
  9.544663E+10  9.720820E-18 -5.664891E+05  1.056078E+05 -6.778778E+05
  0.000000E+00  0.000000E+00  0.000000E+00  0.000000E+00 -5.664886E+05
  0.000000E+00  5.584556E+04 -6.252899E+05  6.695736E+05  0.000000E+00
  0.000000E+00  0.000000E+00  0.000000E+00  6.973229E+05  2.644829E-21
  5.780957E+03  1.156191E+04  9.000000E+01  9.000000E+01  9.000000E+01
  0.000000E+00 -4.221118E+01  9.544720E+10 -4.295402E+01 -8.190735E-01
  6.949212E-02 -8.190735E-01 -4.067727E+01  3.141177E-01  6.949212E-02
  3.141177E-01 -4.300224E+01  4.037033E-04  1.354120E-04  1.054908E-04
  1.409394E-03  2.569689E+02  8.990358E+01  0.000000E+00  0.000000E+00
  0.000000E+00  8.990358E+01  0.000000E+00  0.000000E+00  0.000000E+00
  8.627401E+01 -1.861519E+04
     82000  4.100000E+01        52
  9.544663E+10  9.644210E-18 -5.665199E+05  1.056815E+05 -6.779875E+05
  0.000000E+00  0.000000E+00  0.000000E+00  0.000000E+00 -5.665195E+05
  0.000000E+00  5.551827E+04 -6.257413E+05  6.696875E+05  0.000000E+00
  0.000000E+00  0.000000E+00  0.000000E+00  6.971640E+05  2.123719E-21
  5.786073E+03  1.157215E+04  9.000000E+01  9.000000E+01  9.000000E+01
  0.000000E+00 -4.197335E+01  9.544720E+10 -4.271840E+01 -8.134032E-01
  7.336827E-02 -8.134032E-01 -4.043292E+01  3.146418E-01  7.336827E-02
  3.146418E-01 -4.276874E+01  4.037033E-04  1.354120E-04  1.054908E-04
  1.409394E-03  2.569689E+02  8.989675E+01  0.000000E+00  0.000000E+00
  0.000000E+00  8.989675E+01  0.000000E+00  0.000000E+00  0.000000E+00
  8.626745E+01 -1.850609E+04
     83000  4.150000E+01        52
  9.544663E+10  9.667210E-18 -5.665499E+05  1.057544E+05 -6.780954E+05
  0.000000E+00  0.000000E+00  0.000000E+00  0.000000E+00 -5.665495E+05
  0.000000E+00  5.519625E+04 -6.261854E+05  6.697995E+05  0.000000E+00
  0.000000E+00  0.000000E+00  0.000000E+00  6.970056E+05  1.925660E-21
  5.791065E+03  1.158213E+04  9.000000E+01  9.000000E+01  9.000000E+01
  0.000000E+00 -4.173939E+01  9.544720E+10 -4.248643E+01 -8.072209E-01
  7.637322E-02 -8.072209E-01 -4.019143E+01  3.143188E-01  7.637322E-02
  3.143188E-01 -4.254030E+01  4.037033E-04  1.354120E-04  1.054909E-04
  1.409394E-03  2.569689E+02  8.988994E+01  0.000000E+00  0.000000E+00
  0.000000E+00  8.988994E+01  0.000000E+00  0.000000E+00  0.000000E+00
  8.626092E+01 -1.839875E+04
     84000  4.200000E+01        52
  9.544663E+10  9.719250E-18 -5.665794E+05  1.058259E+05 -6.782014E+05
  0.000000E+00  0.000000E+00  0.000000E+00  0.000000E+00 -5.665790E+05
  0.000000E+00  5.488014E+04 -6.266216E+05  6.699097E+05  0.000000E+00
  0.000000E+00  0.000000E+00  0.000000E+00  6.968476E+05  1.919991E-21
  5.796051E+03  1.159210E+04  9.000000E+01  9.000000E+01  9.000000E+01
  0.000000E+00 -4.150975E+01  9.544720E+10 -4.225794E+01 -8.011380E-01
  7.931597E-02 -8.011380E-01 -3.995533E+01  3.133528E-01  7.931597E-02
  3.133528E-01 -4.231598E+01  4.037033E-04  1.354120E-04  1.054909E-04
  1.409394E-03  2.569689E+02  8.988315E+01  0.000000E+00  0.000000E+00
  0.000000E+00  8.988315E+01  0.000000E+00  0.000000E+00  0.000000E+00
  8.625440E+01 -1.829338E+04
     85000  4.250000E+01        52
  9.544663E+10  9.771910E-18 -5.666084E+05  1.058963E+05 -6.783057E+05
  0.000000E+00  0.000000E+00  0.000000E+00  0.000000E+00 -5.666079E+05
  0.000000E+00  5.456931E+04 -6.270508E+05  6.700181E+05  0.000000E+00
  0.000000E+00  0.000000E+00  0.000000E+00  6.966900E+05  1.921174E-21
  5.801013E+03  1.160203E+04  9.000000E+01  9.000000E+01  9.000000E+01
  0.000000E+00 -4.128398E+01  9.544720E+10 -4.203275E+01 -7.950020E-01
  8.241524E-02 -7.950020E-01 -3.972387E+01  3.122844E-01  8.241524E-02
  3.122844E-01 -4.209533E+01  4.037033E-04  1.354120E-04  1.054909E-04
  1.409394E-03  2.569689E+02  8.987637E+01  0.000000E+00  0.000000E+00
  0.000000E+00  8.987637E+01  0.000000E+00  0.000000E+00  0.000000E+00
  8.624790E+01 -1.818977E+04
     86000  4.300000E+01        52
  9.544663E+10  9.827998E-18 -5.666368E+05  1.059656E+05 -6.784083E+05
  0.000000E+00  0.000000E+00  0.000000E+00  0.000000E+00 -5.666363E+05
  0.000000E+00  5.426381E+04 -6.274729E+05  6.701249E+05  0.000000E+00
  0.000000E+00  0.000000E+00  0.000000E+00  6.965329E+05  1.927660E-21
  5.805946E+03  1.161189E+04  9.000000E+01  9.000000E+01  9.000000E+01
  0.000000E+00 -4.106212E+01  9.544720E+10 -4.181115E+01 -7.886830E-01
  8.575628E-02 -7.886830E-01 -3.949677E+01  3.112253E-01  8.575628E-02
  3.112253E-01 -4.187843E+01  4.037033E-04  1.354120E-04  1.054909E-04
  1.409394E-03  2.569689E+02  8.986961E+01  0.000000E+00  0.000000E+00
  0.000000E+00  8.986961E+01  0.000000E+00  0.000000E+00  0.000000E+00
  8.624142E+01 -1.808794E+04
     87000  4.350000E+01        52
  9.544663E+10  9.895010E-18 -5.666647E+05  1.060337E+05 -6.785093E+05
  0.000000E+00  0.000000E+00  0.000000E+00  0.000000E+00 -5.666643E+05
  0.000000E+00  5.396389E+04 -6.278878E+05  6.702300E+05  0.000000E+00
  0.000000E+00  0.000000E+00  0.000000E+00  6.963762E+05  1.944348E-21
  5.810848E+03  1.162170E+04  9.000000E+01  9.000000E+01  9.000000E+01
  0.000000E+00 -4.084435E+01  9.544720E+10 -4.159365E+01 -7.822887E-01
  8.926349E-02 -7.822887E-01 -3.927387E+01  3.102714E-01  8.926349E-02
  3.102714E-01 -4.166553E+01  4.037033E-04  1.354120E-04  1.054909E-04
  1.409394E-03  2.569689E+02  8.986288E+01  0.000000E+00  0.000000E+00
  0.000000E+00  8.986288E+01  0.000000E+00  0.000000E+00  0.000000E+00
  8.623495E+01 -1.798796E+04
     88000  4.400000E+01        52
  9.544663E+10  9.979993E-18 -5.666922E+05  1.061006E+05 -6.786085E+05
  0.000000E+00  0.000000E+00  0.000000E+00  0.000000E+00 -5.666918E+05
  0.000000E+00  5.366977E+04 -6.282950E+05  6.703333E+05  0.000000E+00
  0.000000E+00  0.000000E+00  0.000000E+00  6.962199E+05  1.980208E-21
  5.815714E+03  1.163143E+04  9.000000E+01  9.000000E+01  9.000000E+01
  0.000000E+00 -4.063086E+01  9.544720E+10 -4.138063E+01 -7.758880E-01
  9.282583E-02 -7.758880E-01 -3.905513E+01  3.093792E-01  9.282583E-02
  3.093792E-01 -4.145681E+01  4.037033E-04  1.354120E-04  1.054909E-04
  1.409394E-03  2.569689E+02  8.985615E+01  0.000000E+00  0.000000E+00
  0.000000E+00  8.985615E+01  0.000000E+00  0.000000E+00  0.000000E+00
  8.622850E+01 -1.788992E+04
     89000  4.450000E+01        52
  9.544663E+10  1.009564E-17 -5.667193E+05  1.061660E+05 -6.787059E+05
  0.000000E+00  0.000000E+00  0.000000E+00  0.000000E+00 -5.667189E+05
  0.000000E+00  5.338197E+04 -6.286940E+05  6.704349E+05  0.000000E+00
  0.000000E+00  0.000000E+00  0.000000E+00  6.960640E+05  2.057894E-21
  5.820539E+03  1.164108E+04  9.000000E+01  9.000000E+01  9.000000E+01
  0.000000E+00 -4.042203E+01  9.544720E+10 -4.117243E+01 -7.692277E-01
  9.647163E-02 -7.692277E-01 -3.884103E+01  3.086505E-01  9.647163E-02
  3.086505E-01 -4.125261E+01  4.037033E-04  1.354120E-04  1.054909E-04
  1.409394E-03  2.569689E+02  8.984945E+01  0.000000E+00  0.000000E+00
  0.000000E+00  8.984945E+01  0.000000E+00  0.000000E+00  0.000000E+00
  8.622206E+01 -1.779399E+04
     90000  4.500000E+01        52
  9.544663E+10  1.028748E-17 -5.667462E+05  1.062298E+05 -6.788013E+05
  0.000000E+00  0.000000E+00  0.000000E+00  0.000000E+00 -5.667457E+05
  0.000000E+00  5.310123E+04 -6.290839E+05  6.705345E+05  0.000000E+00
  0.000000E+00  0.000000E+00  0.000000E+00  6.959085E+05  2.302845E-21
  5.825315E+03  1.165063E+04  9.000000E+01  9.000000E+01  9.000000E+01
  0.000000E+00 -4.021843E+01  9.544720E+10 -4.096929E+01 -7.617952E-01
  1.001341E-01 -7.617952E-01 -3.863271E+01  3.082058E-01  1.001341E-01
  3.082058E-01 -4.105328E+01  4.037033E-04  1.354120E-04  1.054909E-04
  1.409394E-03  2.569689E+02  8.984275E+01  0.000000E+00  0.000000E+00
  0.000000E+00  8.984275E+01  0.000000E+00  0.000000E+00  0.000000E+00
  8.621564E+01 -1.770041E+04
     91000  4.550000E+01        52
  9.544663E+10  1.070701E-17 -5.667731E+05  1.062915E+05 -6.788946E+05
  0.000000E+00  0.000000E+00  0.000000E+00  0.000000E+00 -5.667726E+05
  0.000000E+00  5.282922E+04 -6.294629E+05  6.706321E+05  0.000000E+00
  0.000000E+00  0.000000E+00  0.000000E+00  6.957534E+05  3.445558E-21
  5.830022E+03  1.166004E+04  9.000000E+01  9.000000E+01  9.000000E+01
  0.000000E+00 -4.002134E+01  9.544720E+10 -4.077239E+01 -7.521405E-01
  1.034697E-01 -7.521405E-01 -3.843261E+01  3.081296E-01  1.034697E-01
  3.081296E-01 -4.085900E+01  4.037033E-04  1.354120E-04  1.054909E-04
  1.409394E-03  2.569689E+02  8.983608E+01  0.000000E+00  0.000000E+00
  0.000000E+00  8.983608E+01  0.000000E+00  0.000000E+00  0.000000E+00
  8.620923E+01 -1.760974E+04
     92000  4.600000E+01        52
  9.544663E+10  1.075294E-17 -5.668000E+05  1.063527E+05 -6.789872E+05
  0.000000E+00  0.000000E+00  0.000000E+00  0.000000E+00 -5.667995E+05
  0.000000E+00  5.255910E+04 -6.298390E+05  6.707291E+05  0.000000E+00
  0.000000E+00  0.000000E+00  0.000000E+00  6.955986E+05  3.525565E-21
  5.834498E+03  1.166900E+04  9.000000E+01  9.000000E+01  9.000000E+01
  0.000000E+00 -3.982556E+01  9.544720E+10 -4.057929E+01 -7.453684E-01
  1.089192E-01 -7.453684E-01 -3.822784E+01  3.057542E-01  1.089192E-01
  3.057542E-01 -4.066955E+01  4.037033E-04  1.354120E-04  1.054909E-04
  1.409394E-03  2.569689E+02  8.982941E+01  0.000000E+00  0.000000E+00
  0.000000E+00  8.982941E+01  0.000000E+00  0.000000E+00  0.000000E+00
  8.620284E+01 -1.751970E+04
     93000  4.650000E+01        52
  9.544663E+10  1.111513E-17 -5.668266E+05  1.064132E+05 -6.790789E+05
  0.000000E+00  0.000000E+00  0.000000E+00  0.000000E+00 -5.668262E+05
  0.000000E+00  5.229198E+04 -6.302115E+05  6.708253E+05  0.000000E+00
  0.000000E+00  0.000000E+00  0.000000E+00  6.954441E+05  3.690642E-21
  5.839077E+03  1.167815E+04  9.000000E+01  9.000000E+01  9.000000E+01
  0.000000E+00 -3.963196E+01  9.544720E+10 -4.039005E+01 -7.407443E-01
  1.179628E-01 -7.407443E-01 -3.802202E+01  3.041195E-01  1.179628E-01
  3.041195E-01 -4.048382E+01  4.037033E-04  1.354120E-04  1.054909E-04
  1.409394E-03  2.569689E+02  8.982276E+01  0.000000E+00  0.000000E+00
  0.000000E+00  8.982276E+01  0.000000E+00  0.000000E+00  0.000000E+00
  8.619646E+01 -1.743066E+04
     94000  4.700000E+01        52
  9.544663E+10  1.108621E-17 -5.668532E+05  1.064736E+05 -6.791704E+05
  0.000000E+00  0.000000E+00  0.000000E+00  0.000000E+00 -5.668527E+05
  0.000000E+00  5.202620E+04 -6.305821E+05  6.709212E+05  0.000000E+00
  0.000000E+00  0.000000E+00  0.000000E+00  6.952900E+05  3.318642E-21
  5.843574E+03  1.168715E+04  9.000000E+01  9.000000E+01  9.000000E+01
  0.000000E+00 -3.943927E+01  9.544720E+10 -4.020204E+01 -7.333072E-01
  1.263163E-01 -7.333072E-01 -3.781882E+01  3.026921E-01  1.263163E-01
  3.026921E-01 -4.029696E+01  4.037033E-04  1.354120E-04  1.054909E-04
  1.409394E-03  2.569689E+02  8.981613E+01  0.000000E+00  0.000000E+00
  0.000000E+00  8.981613E+01  0.000000E+00  0.000000E+00  0.000000E+00
  8.619009E+01 -1.734207E+04
     95000  4.750000E+01        52
  9.544663E+10  1.113166E-17 -5.668790E+05  1.065324E+05 -6.792593E+05
  0.000000E+00  0.000000E+00  0.000000E+00  0.000000E+00 -5.668786E+05
  0.000000E+00  5.176703E+04 -6.309431E+05  6.710144E+05  0.000000E+00
  0.000000E+00  0.000000E+00  0.000000E+00  6.951361E+05  3.727790E-21
  5.847840E+03  1.169568E+04  9.000000E+01  9.000000E+01  9.000000E+01
  0.000000E+00 -3.925148E+01  9.544720E+10 -4.001353E+01 -7.247100E-01
  1.324281E-01 -7.247100E-01 -3.762321E+01  2.991580E-01  1.324281E-01
  2.991580E-01 -4.011770E+01  4.037033E-04  1.354120E-04  1.054909E-04
  1.409394E-03  2.569689E+02  8.980950E+01  0.000000E+00  0.000000E+00
  0.000000E+00  8.980950E+01  0.000000E+00  0.000000E+00  0.000000E+00
  8.618373E+01 -1.725568E+04
