#Li56 La24 Zr16 O96                                                     
        15       120
Li      Li      
  2.500000E-02  0.000000E+00  0.000000E+00
  7.500000E-02  0.000000E+00  0.000000E+00
  1.250000E-01  0.000000E+00  0.000000E+00
  1.750000E-01  0.000000E+00  0.000000E+00
  2.250000E-01  0.000000E+00  0.000000E+00
  2.750000E-01  0.000000E+00  0.000000E+00
  3.250000E-01  0.000000E+00  0.000000E+00
  3.750000E-01  0.000000E+00  0.000000E+00
  4.250000E-01  0.000000E+00  0.000000E+00
  4.750000E-01  0.000000E+00  0.000000E+00
  5.250000E-01  0.000000E+00  0.000000E+00
  5.750000E-01  0.000000E+00  0.000000E+00
  6.250000E-01  0.000000E+00  0.000000E+00
  6.750000E-01  0.000000E+00  0.000000E+00
  7.250000E-01  0.000000E+00  0.000000E+00
  7.750000E-01  0.000000E+00  0.000000E+00
  8.250000E-01  0.000000E+00  0.000000E+00
  8.750000E-01  0.000000E+00  0.000000E+00
  9.250000E-01  5.004932E-04  1.763660E-06
  9.750000E-01  2.252439E-04  2.645490E-06
  1.025000E+00  5.502845E-03  2.645490E-05
  1.075000E+00  5.188242E-03  5.114614E-05
  1.125000E+00  1.218185E-02  1.146379E-04
  1.175000E+00  1.870214E+00  1.074774E-02
  1.225000E+00  4.996937E+00  4.162678E-02
  1.275000E+00  9.956077E-01  4.829165E-02
  1.325000E+00  9.288466E-01  5.500679E-02
  1.375000E+00  1.466470E+00  6.642384E-02
  1.425000E+00  3.427624E+00  9.508508E-02
  1.475000E+00  7.134572E+00  1.590028E-01
  1.525000E+00  9.316207E+00  2.482193E-01
  1.575000E+00  1.114973E+01  3.621102E-01
  1.625000E+00  1.099997E+01  4.817181E-01
  1.675000E+00  1.174300E+01  6.173832E-01
  1.725000E+00  1.181510E+01  7.621515E-01
  1.775000E+00  1.021311E+01  8.946500E-01
  1.825000E+00  8.486316E+00  1.011036E+00
  1.875000E+00  6.988308E+00  1.112200E+00
  1.925000E+00  5.818665E+00  1.200984E+00
  1.975000E+00  4.768313E+00  1.277571E+00
  2.025000E+00  3.699468E+00  1.340036E+00
  2.075000E+00  3.081303E+00  1.394664E+00
  2.125000E+00  2.227472E+00  1.436081E+00
  2.175000E+00  1.700242E+00  1.469200E+00
  2.225000E+00  1.466575E+00  1.499096E+00
  2.275000E+00  1.200273E+00  1.524675E+00
  2.325000E+00  1.088352E+00  1.548900E+00
  2.375000E+00  8.456163E-01  1.568540E+00
  2.425000E+00  8.720338E-01  1.589655E+00
  2.475000E+00  7.076942E-01  1.607505E+00
  2.525000E+00  6.764852E-01  1.625265E+00
  2.575000E+00  7.297639E-01  1.645189E+00
  2.625000E+00  7.980496E-01  1.667831E+00
  2.675000E+00  9.047939E-01  1.694490E+00
  2.725000E+00  9.578714E-01  1.723777E+00
  2.775000E+00  9.571223E-01  1.754126E+00
  2.825000E+00  9.691360E-01  1.785972E+00
  2.875000E+00  1.042393E+00  1.821449E+00
  2.925000E+00  1.059703E+00  1.858780E+00
  2.975000E+00  1.147864E+00  1.900612E+00
  3.025000E+00  1.208765E+00  1.946155E+00
  3.075000E+00  1.278720E+00  1.995941E+00
  3.125000E+00  1.466666E+00  2.054916E+00
  3.175000E+00  1.477498E+00  2.116243E+00
  3.225000E+00  1.429919E+00  2.177479E+00
  3.275000E+00  1.526065E+00  2.244874E+00
  3.325000E+00  1.592076E+00  2.317349E+00
  3.375000E+00  1.540215E+00  2.389586E+00
  3.425000E+00  1.580104E+00  2.465907E+00
  3.475000E+00  1.554434E+00  2.543196E+00
  3.525000E+00  1.518631E+00  2.620893E+00
  3.575000E+00  1.557218E+00  2.702841E+00
  3.625000E+00  1.549696E+00  2.786689E+00
  3.675000E+00  1.541179E+00  2.872393E+00
  3.725000E+00  1.606382E+00  2.964171E+00
  3.775000E+00  1.637421E+00  3.060250E+00
  3.825000E+00  1.696438E+00  3.162446E+00
  3.875000E+00  1.707954E+00  3.268043E+00
  3.925000E+00  1.662409E+00  3.373494E+00
  3.975000E+00  1.755541E+00  3.487708E+00
  4.025000E+00  1.724702E+00  3.602756E+00
  4.075000E+00  1.834593E+00  3.728194E+00
  4.125000E+00  1.865366E+00  3.858884E+00
  4.175000E+00  1.828290E+00  3.990101E+00
  4.225000E+00  1.853588E+00  4.126340E+00
  4.275000E+00  1.873976E+00  4.267356E+00
  4.325000E+00  1.885236E+00  4.412557E+00
  4.375000E+00  1.881039E+00  4.560804E+00
  4.425000E+00  1.922313E+00  4.715787E+00
  4.475000E+00  1.928011E+00  4.874761E+00
  4.525000E+00  1.988813E+00  5.042434E+00
  4.575000E+00  1.983664E+00  5.213389E+00
  4.625000E+00  2.023787E+00  5.391635E+00
  4.675000E+00  2.061710E+00  5.577169E+00
  4.725000E+00  2.094407E+00  5.769698E+00
  4.775000E+00  2.052165E+00  5.962357E+00
  4.825000E+00  2.072888E+00  6.161059E+00
  4.875000E+00  2.065741E+00  6.363201E+00
  4.925000E+00  2.079963E+00  6.570931E+00
  4.975000E+00  2.068313E+00  6.781713E+00
  5.025000E+00  2.075720E+00  6.997523E+00
  5.075000E+00  2.033167E+00  7.213137E+00
  5.125000E+00  2.033798E+00  7.433088E+00
  5.175000E+00  2.047557E+00  7.658869E+00
  5.225000E+00  2.049625E+00  7.889267E+00
  5.275000E+00  1.993751E+00  8.117693E+00
  5.325000E+00  1.980142E+00  8.348882E+00
  5.375000E+00  1.891686E+00  8.573910E+00
  5.425000E+00  1.899344E+00  8.804072E+00
  5.475000E+00  1.856745E+00  9.033238E+00
  5.525000E+00  1.795971E+00  9.258971E+00
  5.575000E+00  1.757410E+00  9.483873E+00
  5.625000E+00  1.773342E+00  9.714903E+00
  5.675000E+00  1.776320E+00  9.950453E+00
  5.725000E+00  1.741716E+00  1.018550E+01
  5.775000E+00  1.730015E+00  1.042307E+01
  5.825000E+00  1.727477E+00  1.066441E+01
  5.875000E+00  1.756724E+00  1.091407E+01
  5.925000E+00  1.719104E+00  1.116256E+01
  5.975000E+00  1.691515E+00  1.141121E+01
Li      La      
  2.500000E-02  0.000000E+00  0.000000E+00
  7.500000E-02  0.000000E+00  0.000000E+00
  1.250000E-01  0.000000E+00  0.000000E+00
  1.750000E-01  0.000000E+00  0.000000E+00
  2.250000E-01  0.000000E+00  0.000000E+00
  2.750000E-01  0.000000E+00  0.000000E+00
  3.250000E-01  0.000000E+00  0.000000E+00
  3.750000E-01  0.000000E+00  0.000000E+00
  4.250000E-01  0.000000E+00  0.000000E+00
  4.750000E-01  0.000000E+00  0.000000E+00
  5.250000E-01  0.000000E+00  0.000000E+00
  5.750000E-01  0.000000E+00  0.000000E+00
  6.250000E-01  0.000000E+00  0.000000E+00
  6.750000E-01  0.000000E+00  0.000000E+00
  7.250000E-01  0.000000E+00  0.000000E+00
  7.750000E-01  0.000000E+00  0.000000E+00
  8.250000E-01  0.000000E+00  0.000000E+00
  8.750000E-01  0.000000E+00  0.000000E+00
  9.250000E-01  0.000000E+00  0.000000E+00
  9.750000E-01  0.000000E+00  0.000000E+00
  1.025000E+00  0.000000E+00  0.000000E+00
  1.075000E+00  0.000000E+00  0.000000E+00
  1.125000E+00  0.000000E+00  0.000000E+00
  1.175000E+00  0.000000E+00  0.000000E+00
  1.225000E+00  0.000000E+00  0.000000E+00
  1.275000E+00  0.000000E+00  0.000000E+00
  1.325000E+00  0.000000E+00  0.000000E+00
  1.375000E+00  1.320577E-04  4.406234E-07
  1.425000E+00  0.000000E+00  4.406234E-07
  1.475000E+00  0.000000E+00  4.406234E-07
  1.525000E+00  1.073589E-04  8.812467E-07
  1.575000E+00  0.000000E+00  8.812467E-07
  1.625000E+00  0.000000E+00  8.812467E-07
  1.675000E+00  8.899282E-05  1.321870E-06
  1.725000E+00  2.517268E-04  2.643740E-06
  1.775000E+00  2.456705E-03  1.630306E-05
  1.825000E+00  8.471150E-03  6.609350E-05
  1.875000E+00  1.384915E-02  1.520151E-04
  1.925000E+00  1.172412E-02  2.286835E-04
  1.975000E+00  9.409722E-03  2.934552E-04
  2.025000E+00  8.768135E-03  3.569049E-04
  2.075000E+00  9.104566E-03  4.260828E-04
  2.125000E+00  1.006353E-02  5.062762E-04
  2.175000E+00  1.747057E-02  6.521226E-04
  2.225000E+00  9.850103E-02  1.512660E-03
  2.275000E+00  1.729520E-01  3.092295E-03
  2.325000E+00  1.336573E+00  1.584217E-02
  2.375000E+00  4.151518E+00  5.716603E-02
  2.425000E+00  7.360322E+00  1.335472E-01
  2.475000E+00  8.544374E+00  2.259098E-01
  2.525000E+00  7.923256E+00  3.150536E-01
  2.575000E+00  6.399588E+00  3.899345E-01
  2.625000E+00  5.851744E+00  4.610899E-01
  2.675000E+00  5.805742E+00  5.344008E-01
  2.725000E+00  6.024620E+00  6.133460E-01
  2.775000E+00  5.891481E+00  6.934055E-01
  2.825000E+00  5.851858E+00  7.758179E-01
  2.875000E+00  5.937253E+00  8.624189E-01
  2.925000E+00  5.607189E+00  9.470750E-01
  2.975000E+00  5.659706E+00  1.035470E+00
  3.025000E+00  5.631987E+00  1.126414E+00
  3.075000E+00  5.511854E+00  1.218384E+00
  3.125000E+00  5.040115E+00  1.305241E+00
  3.175000E+00  4.796649E+00  1.390567E+00
  3.225000E+00  4.326865E+00  1.469980E+00
  3.275000E+00  3.994269E+00  1.545580E+00
  3.325000E+00  3.632141E+00  1.616440E+00
  3.375000E+00  3.555068E+00  1.687899E+00
  3.425000E+00  3.132063E+00  1.752734E+00
  3.475000E+00  2.763745E+00  1.811627E+00
  3.525000E+00  2.478094E+00  1.865964E+00
  3.575000E+00  2.272875E+00  1.917225E+00
  3.625000E+00  1.977058E+00  1.963070E+00
  3.675000E+00  1.733642E+00  2.004387E+00
  3.725000E+00  1.529002E+00  2.041826E+00
  3.775000E+00  1.358318E+00  2.075984E+00
  3.825000E+00  1.288633E+00  2.109253E+00
  3.875000E+00  1.238083E+00  2.142059E+00
  3.925000E+00  1.233322E+00  2.175588E+00
  3.975000E+00  1.227933E+00  2.209825E+00
  4.025000E+00  1.222645E+00  2.244779E+00
  4.075000E+00  1.207818E+00  2.280171E+00
  4.125000E+00  1.231382E+00  2.317145E+00
  4.175000E+00  1.202022E+00  2.354118E+00
  4.225000E+00  1.224405E+00  2.392687E+00
  4.275000E+00  1.292979E+00  2.434385E+00
  4.325000E+00  1.298631E+00  2.477251E+00
  4.375000E+00  1.283141E+00  2.520591E+00
  4.425000E+00  1.328755E+00  2.566503E+00
  4.475000E+00  1.342558E+00  2.613946E+00
  4.525000E+00  1.330162E+00  2.662008E+00
  4.575000E+00  1.382679E+00  2.713077E+00
  4.625000E+00  1.436163E+00  2.767287E+00
  4.675000E+00  1.453135E+00  2.823330E+00
  4.725000E+00  1.474204E+00  2.881409E+00
  4.775000E+00  1.569903E+00  2.944574E+00
  4.825000E+00  1.590080E+00  3.009897E+00
  4.875000E+00  1.558943E+00  3.075275E+00
  4.925000E+00  1.553918E+00  3.141786E+00
  4.975000E+00  1.601783E+00  3.211746E+00
  5.025000E+00  1.604182E+00  3.283225E+00
  5.075000E+00  1.719489E+00  3.361374E+00
  5.125000E+00  1.681073E+00  3.439290E+00
  5.175000E+00  1.705108E+00  3.519870E+00
  5.225000E+00  1.706307E+00  3.602073E+00
  5.275000E+00  1.724357E+00  3.686742E+00
  5.325000E+00  1.728777E+00  3.773245E+00
  5.375000E+00  1.784437E+00  3.864218E+00
  5.425000E+00  1.791809E+00  3.957274E+00
  5.475000E+00  1.831628E+00  4.054160E+00
  5.525000E+00  1.828982E+00  4.152680E+00
  5.575000E+00  1.897421E+00  4.256746E+00
  5.625000E+00  1.856192E+00  4.360385E+00
  5.675000E+00  1.883266E+00  4.467412E+00
  5.725000E+00  1.922554E+00  4.578607E+00
  5.775000E+00  1.906425E+00  4.690803E+00
  5.825000E+00  1.916682E+00  4.805564E+00
  5.875000E+00  1.943019E+00  4.923908E+00
  5.925000E+00  1.911836E+00  5.042343E+00
  5.975000E+00  1.956601E+00  5.165606E+00
Li      Zr      
  2.500000E-02  0.000000E+00  0.000000E+00
  7.500000E-02  0.000000E+00  0.000000E+00
  1.250000E-01  0.000000E+00  0.000000E+00
  1.750000E-01  0.000000E+00  0.000000E+00
  2.250000E-01  0.000000E+00  0.000000E+00
  2.750000E-01  0.000000E+00  0.000000E+00
  3.250000E-01  0.000000E+00  0.000000E+00
  3.750000E-01  0.000000E+00  0.000000E+00
  4.250000E-01  0.000000E+00  0.000000E+00
  4.750000E-01  0.000000E+00  0.000000E+00
  5.250000E-01  0.000000E+00  0.000000E+00
  5.750000E-01  0.000000E+00  0.000000E+00
  6.250000E-01  0.000000E+00  0.000000E+00
  6.750000E-01  0.000000E+00  0.000000E+00
  7.250000E-01  0.000000E+00  0.000000E+00
  7.750000E-01  0.000000E+00  0.000000E+00
  8.250000E-01  0.000000E+00  0.000000E+00
  8.750000E-01  0.000000E+00  0.000000E+00
  9.250000E-01  0.000000E+00  0.000000E+00
  9.750000E-01  0.000000E+00  0.000000E+00
  1.025000E+00  0.000000E+00  0.000000E+00
  1.075000E+00  0.000000E+00  0.000000E+00
  1.125000E+00  0.000000E+00  0.000000E+00
  1.175000E+00  0.000000E+00  0.000000E+00
  1.225000E+00  0.000000E+00  0.000000E+00
  1.275000E+00  0.000000E+00  0.000000E+00
  1.325000E+00  0.000000E+00  0.000000E+00
  1.375000E+00  0.000000E+00  0.000000E+00
  1.425000E+00  0.000000E+00  0.000000E+00
  1.475000E+00  0.000000E+00  0.000000E+00
  1.525000E+00  0.000000E+00  0.000000E+00
  1.575000E+00  0.000000E+00  0.000000E+00
  1.625000E+00  8.509780E-04  2.643740E-06
  1.675000E+00  2.936763E-03  1.233745E-05
  1.725000E+00  3.272449E-03  2.379366E-05
  1.775000E+00  3.209567E-03  3.569049E-05
  1.825000E+00  6.409587E-03  6.080602E-05
  1.875000E+00  1.001400E-02  1.022246E-04
  1.925000E+00  1.475622E-02  1.665556E-04
  1.975000E+00  2.073979E-02  2.617303E-04
  2.025000E+00  1.185525E-01  8.336594E-04
  2.075000E+00  2.807918E-01  2.255992E-03
  2.125000E+00  1.608146E+00  1.079924E-02
  2.175000E+00  2.567304E+00  2.508733E-02
  2.225000E+00  2.846392E+00  4.166534E-02
  2.275000E+00  2.457801E+00  5.663068E-02
  2.325000E+00  2.812596E+00  7.451734E-02
  2.375000E+00  3.571231E+00  9.821583E-02
  2.425000E+00  5.044479E+00  1.331150E-01
  2.475000E+00  6.191836E+00  1.777364E-01
  2.525000E+00  7.630745E+00  2.349717E-01
  2.575000E+00  8.511520E+00  3.013665E-01
  2.625000E+00  9.254306E+00  3.763862E-01
  2.675000E+00  8.673021E+00  4.493975E-01
  2.725000E+00  7.920875E+00  5.185930E-01
  2.775000E+00  7.119446E+00  5.830905E-01
  2.825000E+00  6.262567E+00  6.418882E-01
  2.875000E+00  5.014457E+00  6.906489E-01
  2.925000E+00  4.103479E+00  7.319512E-01
  2.975000E+00  3.382130E+00  7.671667E-01
  3.025000E+00  3.129221E+00  8.008532E-01
  3.075000E+00  2.599783E+00  8.297731E-01
  3.125000E+00  2.161265E+00  8.546031E-01
  3.175000E+00  1.833873E+00  8.763514E-01
  3.225000E+00  1.460118E+00  8.942169E-01
  3.275000E+00  1.317261E+00  9.108381E-01
  3.325000E+00  1.159336E+00  9.259167E-01
  3.375000E+00  1.068059E+00  9.402290E-01
  3.425000E+00  1.069990E+00  9.549952E-01
  3.475000E+00  1.120218E+00  9.709092E-01
  3.525000E+00  1.068710E+00  9.865315E-01
  3.575000E+00  1.091512E+00  1.002943E+00
  3.625000E+00  1.069419E+00  1.019475E+00
  3.675000E+00  1.036247E+00  1.035939E+00
  3.725000E+00  1.091646E+00  1.053759E+00
  3.775000E+00  1.204451E+00  1.073952E+00
  3.825000E+00  1.221962E+00  1.094984E+00
  3.875000E+00  1.404124E+00  1.119787E+00
  3.925000E+00  1.430574E+00  1.145715E+00
  3.975000E+00  1.468011E+00  1.173002E+00
  4.025000E+00  1.546898E+00  1.202484E+00
  4.075000E+00  1.525772E+00  1.232291E+00
  4.125000E+00  1.543069E+00  1.263179E+00
  4.175000E+00  1.606463E+00  1.296121E+00
  4.225000E+00  1.650853E+00  1.330789E+00
  4.275000E+00  1.680012E+00  1.366909E+00
  4.325000E+00  1.723007E+00  1.404825E+00
  4.375000E+00  1.658802E+00  1.442177E+00
  4.425000E+00  1.698786E+00  1.481309E+00
  4.475000E+00  1.729229E+00  1.522047E+00
  4.525000E+00  1.742773E+00  1.564027E+00
  4.575000E+00  1.668419E+00  1.605109E+00
  4.625000E+00  1.605961E+00  1.645522E+00
  4.675000E+00  1.632596E+00  1.687499E+00
  4.725000E+00  1.593311E+00  1.729346E+00
  4.775000E+00  1.644323E+00  1.773452E+00
  4.825000E+00  1.584309E+00  1.816843E+00
  4.875000E+00  1.644961E+00  1.862834E+00
  4.925000E+00  1.702219E+00  1.911406E+00
  4.975000E+00  1.745746E+00  1.962237E+00
  5.025000E+00  1.787939E+00  2.015349E+00
  5.075000E+00  1.823296E+00  2.070594E+00
  5.125000E+00  1.817882E+00  2.126765E+00
  5.175000E+00  1.773666E+00  2.182645E+00
  5.225000E+00  1.837523E+00  2.241661E+00
  5.275000E+00  1.915935E+00  2.304378E+00
  5.325000E+00  1.911654E+00  2.368147E+00
  5.375000E+00  1.954065E+00  2.434561E+00
  5.425000E+00  1.965491E+00  2.502612E+00
  5.475000E+00  1.953109E+00  2.571486E+00
  5.525000E+00  2.058838E+00  2.645421E+00
  5.575000E+00  2.006095E+00  2.718772E+00
  5.625000E+00  1.979515E+00  2.792455E+00
  5.675000E+00  1.985294E+00  2.867672E+00
  5.725000E+00  1.972515E+00  2.943728E+00
  5.775000E+00  1.993076E+00  3.021925E+00
  5.825000E+00  1.987222E+00  3.101248E+00
  5.875000E+00  1.964751E+00  3.181027E+00
  5.925000E+00  2.042892E+00  3.265396E+00
  5.975000E+00  2.024844E+00  3.350437E+00
Li      O       
  2.500000E-02  0.000000E+00  0.000000E+00
  7.500000E-02  0.000000E+00  0.000000E+00
  1.250000E-01  0.000000E+00  0.000000E+00
  1.750000E-01  0.000000E+00  0.000000E+00
  2.250000E-01  0.000000E+00  0.000000E+00
  2.750000E-01  0.000000E+00  0.000000E+00
  3.250000E-01  0.000000E+00  0.000000E+00
  3.750000E-01  0.000000E+00  0.000000E+00
  4.250000E-01  3.452060E-04  4.406234E-07
  4.750000E-01  0.000000E+00  4.406234E-07
  5.250000E-01  0.000000E+00  4.406234E-07
  5.750000E-01  1.886894E-04  8.812467E-07
  6.250000E-01  4.791666E-04  2.203117E-06
  6.750000E-01  1.369464E-04  2.643740E-06
  7.250000E-01  0.000000E+00  2.643740E-06
  7.750000E-01  6.233817E-04  5.287480E-06
  8.250000E-01  3.942616E-03  2.423428E-05
  8.750000E-01  6.357951E-02  3.679205E-04
  9.250000E-01  1.226856E-01  1.109049E-03
  9.750000E-01  3.807855E-02  1.364611E-03
  1.025000E+00  3.712813E-02  1.640000E-03
  1.075000E+00  3.522430E-01  4.513746E-03
  1.125000E+00  7.299825E+00  6.973658E-02
  1.175000E+00  5.217142E+01  5.782292E-01
  1.225000E+00  8.727359E+01  1.502770E+00
  1.275000E+00  3.343246E+01  1.886437E+00
  1.325000E+00  5.139439E+00  1.950133E+00
  1.375000E+00  9.125184E-01  1.962312E+00
  1.425000E+00  3.165143E-01  1.966849E+00
  1.475000E+00  1.830138E-01  1.969660E+00
  1.525000E+00  1.224160E-01  1.971669E+00
  1.575000E+00  9.441089E-02  1.973322E+00
  1.625000E+00  8.620880E-02  1.974929E+00
  1.675000E+00  8.136168E-02  1.976541E+00
  1.725000E+00  7.795140E-02  1.978178E+00
  1.775000E+00  8.269588E-02  1.980017E+00
  1.825000E+00  9.297649E-02  1.982203E+00
  1.875000E+00  1.198839E-01  1.985178E+00
  1.925000E+00  1.314752E-01  1.988617E+00
  1.975000E+00  1.481071E-01  1.992695E+00
  2.025000E+00  1.495150E-01  1.997023E+00
  2.075000E+00  2.415465E-01  2.004364E+00
  2.125000E+00  2.742174E-01  2.013105E+00
  2.175000E+00  3.230077E-01  2.023891E+00
  2.225000E+00  5.342029E-01  2.042559E+00
  2.275000E+00  7.081988E-01  2.068432E+00
  2.325000E+00  7.904261E-01  2.098592E+00
  2.375000E+00  8.970462E-01  2.134309E+00
  2.425000E+00  1.100388E+00  2.179985E+00
  2.475000E+00  1.331938E+00  2.237577E+00
  2.525000E+00  1.635432E+00  2.311177E+00
  2.575000E+00  1.848312E+00  2.397685E+00
  2.625000E+00  2.043489E+00  2.497078E+00
  2.675000E+00  2.090275E+00  2.602656E+00
  2.725000E+00  2.172474E+00  2.716526E+00
  2.775000E+00  2.216398E+00  2.837001E+00
  2.825000E+00  2.207674E+00  2.961365E+00
  2.875000E+00  2.227671E+00  3.091336E+00
  2.925000E+00  2.242250E+00  3.226748E+00
  2.975000E+00  2.149678E+00  3.361046E+00
  3.025000E+00  2.117814E+00  3.497837E+00
  3.075000E+00  2.140231E+00  3.640684E+00
  3.125000E+00  2.124856E+00  3.787155E+00
  3.175000E+00  2.192457E+00  3.943160E+00
  3.225000E+00  2.127559E+00  4.099352E+00
  3.275000E+00  2.106801E+00  4.258854E+00
  3.325000E+00  2.017396E+00  4.416286E+00
  3.375000E+00  2.048374E+00  4.580979E+00
  3.425000E+00  2.073818E+00  4.752695E+00
  3.475000E+00  2.114014E+00  4.932887E+00
  3.525000E+00  2.138526E+00  5.120451E+00
  3.575000E+00  2.118606E+00  5.311578E+00
  3.625000E+00  2.109158E+00  5.507211E+00
  3.675000E+00  2.197447E+00  5.716695E+00
  3.725000E+00  2.234137E+00  5.935511E+00
  3.775000E+00  2.317790E+00  6.168655E+00
  3.825000E+00  2.328008E+00  6.409072E+00
  3.875000E+00  2.367656E+00  6.660017E+00
  3.925000E+00  2.379010E+00  6.918714E+00
  3.975000E+00  2.350638E+00  7.180880E+00
  4.025000E+00  2.347574E+00  7.449333E+00
  4.075000E+00  2.347700E+00  7.724511E+00
  4.125000E+00  2.347441E+00  8.006452E+00
  4.175000E+00  2.322527E+00  8.292204E+00
  4.225000E+00  2.286276E+00  8.580274E+00
  4.275000E+00  2.271754E+00  8.873329E+00
  4.325000E+00  2.278944E+00  9.174229E+00
  4.375000E+00  2.220160E+00  9.474183E+00
  4.425000E+00  2.199547E+00  9.778184E+00
  4.475000E+00  2.122684E+00  1.007823E+01
  4.525000E+00  2.095734E+00  1.038112E+01
  4.575000E+00  2.076338E+00  1.068788E+01
  4.625000E+00  2.044764E+00  1.099661E+01
  4.675000E+00  2.025887E+00  1.130914E+01
  4.725000E+00  1.998779E+00  1.162412E+01
  4.775000E+00  1.937429E+00  1.193593E+01
  4.825000E+00  1.940863E+00  1.225487E+01
  4.875000E+00  1.933109E+00  1.257915E+01
  4.925000E+00  1.910055E+00  1.290617E+01
  4.975000E+00  1.868243E+00  1.323255E+01
  5.025000E+00  1.827640E+00  1.355830E+01
  5.075000E+00  1.812952E+00  1.388789E+01
  5.125000E+00  1.811040E+00  1.422365E+01
  5.175000E+00  1.782141E+00  1.456053E+01
  5.225000E+00  1.771627E+00  1.490193E+01
  5.275000E+00  1.776509E+00  1.525085E+01
  5.325000E+00  1.751853E+00  1.560148E+01
  5.375000E+00  1.724151E+00  1.595307E+01
  5.425000E+00  1.685075E+00  1.630313E+01
  5.475000E+00  1.695765E+00  1.666192E+01
  5.525000E+00  1.677521E+00  1.702337E+01
  5.575000E+00  1.661707E+00  1.738792E+01
  5.625000E+00  1.652372E+00  1.775696E+01
  5.675000E+00  1.635399E+00  1.812872E+01
  5.725000E+00  1.634180E+00  1.850678E+01
  5.775000E+00  1.632450E+00  1.889107E+01
  5.825000E+00  1.659731E+00  1.928858E+01
  5.875000E+00  1.650755E+00  1.969075E+01
  5.925000E+00  1.643984E+00  2.009812E+01
  5.975000E+00  1.648711E+00  2.051358E+01
Li      O_s     
  2.500000E-02  0.000000E+00  0.000000E+00
  7.500000E-02  0.000000E+00  0.000000E+00
  1.250000E-01  0.000000E+00  0.000000E+00
  1.750000E-01  0.000000E+00  0.000000E+00
  2.250000E-01  0.000000E+00  0.000000E+00
  2.750000E-01  8.231836E-04  4.406234E-07
  3.250000E-01  0.000000E+00  4.406234E-07
  3.750000E-01  0.000000E+00  4.406234E-07
  4.250000E-01  6.904120E-04  1.321870E-06
  4.750000E-01  0.000000E+00  1.321870E-06
  5.250000E-01  9.052532E-04  3.084364E-06
  5.750000E-01  1.320826E-03  6.168727E-06
  6.250000E-01  1.118055E-03  9.253091E-06
  6.750000E-01  2.738929E-04  1.013434E-05
  7.250000E-01  9.497269E-04  1.365932E-05
  7.750000E-01  3.844187E-03  2.996239E-05
  8.250000E-01  1.632060E-02  1.083933E-04
  8.750000E-01  7.499122E-02  5.137668E-04
  9.250000E-01  5.421654E-01  3.788920E-03
  9.750000E-01  4.122266E+00  3.145522E-02
  1.025000E+00  6.230990E+00  7.767220E-02
  1.075000E+00  7.422293E+01  6.832138E-01
  1.125000E+00  9.506431E+01  1.532599E+00
  1.175000E+00  3.257492E+01  1.850093E+00
  1.225000E+00  7.664041E+00  1.931283E+00
  1.275000E+00  1.867290E+00  1.952711E+00
  1.325000E+00  6.626327E-01  1.960924E+00
  1.375000E+00  3.335446E-01  1.965375E+00
  1.425000E+00  1.732421E-01  1.967859E+00
  1.475000E+00  1.163955E-01  1.969646E+00
  1.525000E+00  9.495899E-02  1.971205E+00
  1.575000E+00  7.870929E-02  1.972584E+00
  1.625000E+00  7.233313E-02  1.973932E+00
  1.675000E+00  7.275163E-02  1.975373E+00
  1.725000E+00  7.367205E-02  1.976920E+00
  1.775000E+00  8.770835E-02  1.978871E+00
  1.825000E+00  1.135359E-01  1.981540E+00
  1.875000E+00  1.469608E-01  1.985187E+00
  1.925000E+00  1.635144E-01  1.989464E+00
  1.975000E+00  2.126949E-01  1.995321E+00
  2.025000E+00  3.026833E-01  2.004082E+00
  2.075000E+00  5.047525E-01  2.019423E+00
  2.125000E+00  6.119538E-01  2.038929E+00
  2.175000E+00  6.318568E-01  2.060028E+00
  2.225000E+00  7.434861E-01  2.086009E+00
  2.275000E+00  8.480560E-01  2.116992E+00
  2.325000E+00  1.224272E+00  2.163706E+00
  2.375000E+00  1.495549E+00  2.223252E+00
  2.425000E+00  1.666356E+00  2.292422E+00
  2.475000E+00  1.912903E+00  2.375134E+00
  2.525000E+00  2.057731E+00  2.467740E+00
  2.575000E+00  2.104099E+00  2.566219E+00
  2.625000E+00  2.134487E+00  2.670038E+00
  2.675000E+00  2.153617E+00  2.778815E+00
  2.725000E+00  2.158704E+00  2.891964E+00
  2.775000E+00  2.199740E+00  3.011533E+00
  2.825000E+00  2.101437E+00  3.129913E+00
  2.875000E+00  2.085607E+00  3.251595E+00
  2.925000E+00  2.150573E+00  3.381471E+00
  2.975000E+00  2.085341E+00  3.511749E+00
  3.025000E+00  2.127051E+00  3.649137E+00
  3.075000E+00  2.064965E+00  3.786961E+00
  3.125000E+00  2.019353E+00  3.926159E+00
  3.175000E+00  1.960421E+00  4.065653E+00
  3.225000E+00  2.011705E+00  4.213340E+00
  3.275000E+00  1.973575E+00  4.362756E+00
  3.325000E+00  1.962355E+00  4.515892E+00
  3.375000E+00  1.991056E+00  4.675977E+00
  3.425000E+00  2.021801E+00  4.843386E+00
  3.475000E+00  2.063292E+00  5.019254E+00
  3.525000E+00  2.085495E+00  5.202168E+00
  3.575000E+00  2.151926E+00  5.396300E+00
  3.625000E+00  2.202200E+00  5.600563E+00
  3.675000E+00  2.299419E+00  5.819768E+00
  3.725000E+00  2.275836E+00  6.042668E+00
  3.775000E+00  2.237444E+00  6.267731E+00
  3.825000E+00  2.290367E+00  6.504260E+00
  3.875000E+00  2.342305E+00  6.752518E+00
  3.925000E+00  2.402062E+00  7.013722E+00
  3.975000E+00  2.383647E+00  7.279570E+00
  4.025000E+00  2.349524E+00  7.548245E+00
  4.075000E+00  2.359026E+00  7.824751E+00
  4.125000E+00  2.301319E+00  8.101153E+00
  4.175000E+00  2.250289E+00  8.378017E+00
  4.225000E+00  2.245725E+00  8.660977E+00
  4.275000E+00  2.223026E+00  8.947746E+00
  4.325000E+00  2.198031E+00  9.237963E+00
  4.375000E+00  2.195087E+00  9.534530E+00
  4.425000E+00  2.108780E+00  9.825986E+00
  4.475000E+00  2.050159E+00  1.011578E+01
  4.525000E+00  2.023544E+00  1.040824E+01
  4.575000E+00  2.014775E+00  1.070590E+01
  4.625000E+00  2.009155E+00  1.100926E+01
  4.675000E+00  1.993332E+00  1.131677E+01
  4.725000E+00  1.965393E+00  1.162648E+01
  4.775000E+00  1.919872E+00  1.193547E+01
  4.825000E+00  1.922413E+00  1.225137E+01
  4.875000E+00  1.901620E+00  1.257037E+01
  4.925000E+00  1.886439E+00  1.289334E+01
  4.975000E+00  1.860886E+00  1.321845E+01
  5.025000E+00  1.848505E+00  1.354791E+01
  5.075000E+00  1.855013E+00  1.388515E+01
  5.125000E+00  1.830403E+00  1.422450E+01
  5.175000E+00  1.839126E+00  1.457215E+01
  5.225000E+00  1.805541E+00  1.492008E+01
  5.275000E+00  1.791206E+00  1.527189E+01
  5.325000E+00  1.773912E+00  1.562693E+01
  5.375000E+00  1.749100E+00  1.598362E+01
  5.425000E+00  1.724870E+00  1.634194E+01
  5.475000E+00  1.704047E+00  1.670249E+01
  5.525000E+00  1.686036E+00  1.706577E+01
  5.575000E+00  1.675574E+00  1.743336E+01
  5.625000E+00  1.685836E+00  1.780987E+01
  5.675000E+00  1.693316E+00  1.819480E+01
  5.725000E+00  1.662951E+00  1.857952E+01
  5.775000E+00  1.644953E+00  1.896675E+01
  5.825000E+00  1.661383E+00  1.936465E+01
  5.875000E+00  1.654094E+00  1.976764E+01
  5.925000E+00  1.652431E+00  2.017710E+01
  5.975000E+00  1.649045E+00  2.059265E+01
La      La      
  2.500000E-02  0.000000E+00  0.000000E+00
  7.500000E-02  0.000000E+00  0.000000E+00
  1.250000E-01  0.000000E+00  0.000000E+00
  1.750000E-01  0.000000E+00  0.000000E+00
  2.250000E-01  0.000000E+00  0.000000E+00
  2.750000E-01  0.000000E+00  0.000000E+00
  3.250000E-01  0.000000E+00  0.000000E+00
  3.750000E-01  0.000000E+00  0.000000E+00
  4.250000E-01  0.000000E+00  0.000000E+00
  4.750000E-01  0.000000E+00  0.000000E+00
  5.250000E-01  0.000000E+00  0.000000E+00
  5.750000E-01  0.000000E+00  0.000000E+00
  6.250000E-01  0.000000E+00  0.000000E+00
  6.750000E-01  0.000000E+00  0.000000E+00
  7.250000E-01  0.000000E+00  0.000000E+00
  7.750000E-01  0.000000E+00  0.000000E+00
  8.250000E-01  0.000000E+00  0.000000E+00
  8.750000E-01  0.000000E+00  0.000000E+00
  9.250000E-01  0.000000E+00  0.000000E+00
  9.750000E-01  0.000000E+00  0.000000E+00
  1.025000E+00  0.000000E+00  0.000000E+00
  1.075000E+00  0.000000E+00  0.000000E+00
  1.125000E+00  0.000000E+00  0.000000E+00
  1.175000E+00  0.000000E+00  0.000000E+00
  1.225000E+00  0.000000E+00  0.000000E+00
  1.275000E+00  0.000000E+00  0.000000E+00
  1.325000E+00  0.000000E+00  0.000000E+00
  1.375000E+00  0.000000E+00  0.000000E+00
  1.425000E+00  0.000000E+00  0.000000E+00
  1.475000E+00  0.000000E+00  0.000000E+00
  1.525000E+00  0.000000E+00  0.000000E+00
  1.575000E+00  0.000000E+00  0.000000E+00
  1.625000E+00  0.000000E+00  0.000000E+00
  1.675000E+00  0.000000E+00  0.000000E+00
  1.725000E+00  0.000000E+00  0.000000E+00
  1.775000E+00  0.000000E+00  0.000000E+00
  1.825000E+00  0.000000E+00  0.000000E+00
  1.875000E+00  0.000000E+00  0.000000E+00
  1.925000E+00  0.000000E+00  0.000000E+00
  1.975000E+00  0.000000E+00  0.000000E+00
  2.025000E+00  0.000000E+00  0.000000E+00
  2.075000E+00  0.000000E+00  0.000000E+00
  2.125000E+00  0.000000E+00  0.000000E+00
  2.175000E+00  0.000000E+00  0.000000E+00
  2.225000E+00  0.000000E+00  0.000000E+00
  2.275000E+00  0.000000E+00  0.000000E+00
  2.325000E+00  0.000000E+00  0.000000E+00
  2.375000E+00  0.000000E+00  0.000000E+00
  2.425000E+00  1.984520E-04  2.059420E-06
  2.475000E+00  3.810300E-04  6.178261E-06
  2.525000E+00  5.491344E-04  1.235652E-05
  2.575000E+00  1.056033E-03  2.471305E-05
  2.625000E+00  2.709833E-03  5.766377E-05
  2.675000E+00  3.588036E-03  1.029710E-04
  2.725000E+00  2.986089E-03  1.421000E-04
  2.775000E+00  4.394957E-03  2.018232E-04
  2.825000E+00  4.240764E-03  2.615464E-04
  2.875000E+00  4.518119E-03  3.274479E-04
  2.925000E+00  3.819355E-03  3.851116E-04
  2.975000E+00  7.120393E-03  4.963203E-04
  3.025000E+00  4.846378E-03  5.745783E-04
  3.075000E+00  7.035086E-03  6.919653E-04
  3.125000E+00  1.039691E-02  8.711349E-04
  3.175000E+00  4.491895E-02  1.670190E-03
  3.225000E+00  2.229585E-01  5.762258E-03
  3.275000E+00  1.747466E-01  9.069688E-03
  3.325000E+00  3.298776E-01  1.550538E-02
  3.375000E+00  4.905610E-01  2.536588E-02
  3.425000E+00  6.525339E-01  3.887362E-02
  3.475000E+00  8.691242E-01  5.739399E-02
  3.525000E+00  1.644580E+00  9.345444E-02
  3.575000E+00  2.255444E+00  1.443221E-01
  3.625000E+00  2.430339E+00  2.006782E-01
  3.675000E+00  2.837158E+00  2.682951E-01
  3.725000E+00  3.472803E+00  3.533286E-01
  3.775000E+00  3.896043E+00  4.513035E-01
  3.825000E+00  3.599662E+00  5.442389E-01
  3.875000E+00  3.468274E+00  6.361385E-01
  3.925000E+00  3.528272E+00  7.320560E-01
  3.975000E+00  3.355942E+00  8.256278E-01
  4.025000E+00  3.486674E+00  9.253058E-01
  4.075000E+00  3.542620E+00  1.029115E+00
  4.125000E+00  3.301636E+00  1.128251E+00
  4.175000E+00  3.372403E+00  1.231982E+00
  4.225000E+00  3.501026E+00  1.342264E+00
  4.275000E+00  3.374271E+00  1.451084E+00
  4.325000E+00  3.353667E+00  1.561784E+00
  4.375000E+00  3.438967E+00  1.677940E+00
  4.425000E+00  2.964858E+00  1.780383E+00
  4.475000E+00  2.836384E+00  1.880615E+00
  4.525000E+00  2.694481E+00  1.977972E+00
  4.575000E+00  2.678451E+00  2.076901E+00
  4.625000E+00  2.530120E+00  2.172404E+00
  4.675000E+00  2.369921E+00  2.263806E+00
  4.725000E+00  2.310202E+00  2.354820E+00
  4.775000E+00  2.099152E+00  2.439279E+00
  4.825000E+00  1.892850E+00  2.517040E+00
  4.875000E+00  1.896700E+00  2.596583E+00
  4.925000E+00  1.833701E+00  2.675070E+00
  4.975000E+00  1.758174E+00  2.751859E+00
  5.025000E+00  1.628381E+00  2.824417E+00
  5.075000E+00  1.582678E+00  2.896348E+00
  5.125000E+00  1.470280E+00  2.964495E+00
  5.175000E+00  1.423180E+00  3.031751E+00
  5.225000E+00  1.316433E+00  3.095171E+00
  5.275000E+00  1.350188E+00  3.161468E+00
  5.325000E+00  1.344913E+00  3.228764E+00
  5.375000E+00  1.407707E+00  3.300530E+00
  5.425000E+00  1.385962E+00  3.372509E+00
  5.475000E+00  1.336975E+00  3.443230E+00
  5.525000E+00  1.379907E+00  3.517560E+00
  5.575000E+00  1.368972E+00  3.592643E+00
  5.625000E+00  1.331575E+00  3.666990E+00
  5.675000E+00  1.421240E+00  3.747760E+00
  5.725000E+00  1.379859E+00  3.827567E+00
  5.775000E+00  1.390293E+00  3.909388E+00
  5.825000E+00  1.338942E+00  3.989557E+00
  5.875000E+00  1.410281E+00  4.075453E+00
  5.925000E+00  1.428268E+00  4.163932E+00
  5.975000E+00  1.463600E+00  4.256136E+00
La      Zr      
  2.500000E-02  0.000000E+00  0.000000E+00
  7.500000E-02  0.000000E+00  0.000000E+00
  1.250000E-01  0.000000E+00  0.000000E+00
  1.750000E-01  0.000000E+00  0.000000E+00
  2.250000E-01  0.000000E+00  0.000000E+00
  2.750000E-01  0.000000E+00  0.000000E+00
  3.250000E-01  0.000000E+00  0.000000E+00
  3.750000E-01  0.000000E+00  0.000000E+00
  4.250000E-01  0.000000E+00  0.000000E+00
  4.750000E-01  0.000000E+00  0.000000E+00
  5.250000E-01  0.000000E+00  0.000000E+00
  5.750000E-01  0.000000E+00  0.000000E+00
  6.250000E-01  0.000000E+00  0.000000E+00
  6.750000E-01  0.000000E+00  0.000000E+00
  7.250000E-01  0.000000E+00  0.000000E+00
  7.750000E-01  0.000000E+00  0.000000E+00
  8.250000E-01  0.000000E+00  0.000000E+00
  8.750000E-01  0.000000E+00  0.000000E+00
  9.250000E-01  0.000000E+00  0.000000E+00
  9.750000E-01  0.000000E+00  0.000000E+00
  1.025000E+00  0.000000E+00  0.000000E+00
  1.075000E+00  0.000000E+00  0.000000E+00
  1.125000E+00  0.000000E+00  0.000000E+00
  1.175000E+00  0.000000E+00  0.000000E+00
  1.225000E+00  0.000000E+00  0.000000E+00
  1.275000E+00  0.000000E+00  0.000000E+00
  1.325000E+00  0.000000E+00  0.000000E+00
  1.375000E+00  0.000000E+00  0.000000E+00
  1.425000E+00  0.000000E+00  0.000000E+00
  1.475000E+00  0.000000E+00  0.000000E+00
  1.525000E+00  0.000000E+00  0.000000E+00
  1.575000E+00  0.000000E+00  0.000000E+00
  1.625000E+00  0.000000E+00  0.000000E+00
  1.675000E+00  0.000000E+00  0.000000E+00
  1.725000E+00  0.000000E+00  0.000000E+00
  1.775000E+00  0.000000E+00  0.000000E+00
  1.825000E+00  0.000000E+00  0.000000E+00
  1.875000E+00  0.000000E+00  0.000000E+00
  1.925000E+00  0.000000E+00  0.000000E+00
  1.975000E+00  0.000000E+00  0.000000E+00
  2.025000E+00  0.000000E+00  0.000000E+00
  2.075000E+00  0.000000E+00  0.000000E+00
  2.125000E+00  0.000000E+00  0.000000E+00
  2.175000E+00  0.000000E+00  0.000000E+00
  2.225000E+00  0.000000E+00  0.000000E+00
  2.275000E+00  0.000000E+00  0.000000E+00
  2.325000E+00  1.131671E-03  7.196848E-06
  2.375000E+00  3.098643E-04  9.253091E-06
  2.425000E+00  5.944372E-04  1.336558E-05
  2.475000E+00  2.282652E-03  2.981551E-05
  2.525000E+00  5.071654E-03  6.785600E-05
  2.575000E+00  7.512623E-03  1.264589E-04
  2.625000E+00  6.848680E-03  1.819774E-04
  2.675000E+00  7.205708E-03  2.426366E-04
  2.725000E+00  7.296782E-03  3.063801E-04
  2.775000E+00  9.305956E-03  3.906860E-04
  2.825000E+00  1.237414E-02  5.068637E-04
  2.875000E+00  1.152457E-02  6.189289E-04
  2.925000E+00  1.154253E-02  7.351066E-04
  2.975000E+00  1.648987E-02  9.068029E-04
  3.025000E+00  2.187055E-02  1.142243E-03
  3.075000E+00  7.726652E-02  2.001752E-03
  3.125000E+00  3.686102E-01  6.236583E-03
  3.175000E+00  5.731332E-01  1.303349E-02
  3.225000E+00  9.971436E-01  2.523421E-02
  3.275000E+00  1.728283E+00  4.704168E-02
  3.325000E+00  2.872226E+00  8.439847E-02
  3.375000E+00  4.338417E+00  1.425346E-01
  3.425000E+00  5.342615E+00  2.162643E-01
  3.475000E+00  6.250802E+00  3.050641E-01
  3.525000E+00  6.249793E+00  3.964230E-01
  3.575000E+00  6.001324E+00  4.866560E-01
  3.625000E+00  5.898765E+00  5.778452E-01
  3.675000E+00  5.532281E+00  6.657444E-01
  3.725000E+00  5.625044E+00  7.575659E-01
  3.775000E+00  6.006391E+00  8.582622E-01
  3.825000E+00  6.029768E+00  9.620459E-01
  3.875000E+00  6.217277E+00  1.071873E+00
  3.925000E+00  6.098291E+00  1.182396E+00
  3.975000E+00  5.436103E+00  1.283444E+00
  4.025000E+00  5.176626E+00  1.382104E+00
  4.075000E+00  4.991903E+00  1.479623E+00
  4.125000E+00  4.715639E+00  1.574019E+00
  4.175000E+00  4.278774E+00  1.661758E+00
  4.225000E+00  3.640931E+00  1.738218E+00
  4.275000E+00  3.192067E+00  1.806847E+00
  4.325000E+00  2.821547E+00  1.868937E+00
  4.375000E+00  2.505296E+00  1.925350E+00
  4.425000E+00  2.302336E+00  1.978385E+00
  4.475000E+00  2.036724E+00  2.026367E+00
  4.525000E+00  1.917184E+00  2.072548E+00
  4.575000E+00  1.688241E+00  2.114118E+00
  4.625000E+00  1.452885E+00  2.150679E+00
  4.675000E+00  1.388504E+00  2.186380E+00
  4.725000E+00  1.317154E+00  2.220974E+00
  4.775000E+00  1.282508E+00  2.255375E+00
  4.825000E+00  1.310648E+00  2.291271E+00
  4.875000E+00  1.256284E+00  2.326395E+00
  4.925000E+00  1.352256E+00  2.364981E+00
  4.975000E+00  1.293856E+00  2.402654E+00
  5.025000E+00  1.245324E+00  2.439647E+00
  5.075000E+00  1.239468E+00  2.477202E+00
  5.125000E+00  1.266642E+00  2.516341E+00
  5.175000E+00  1.328468E+00  2.558195E+00
  5.225000E+00  1.294618E+00  2.599774E+00
  5.275000E+00  1.231152E+00  2.640075E+00
  5.325000E+00  1.295456E+00  2.683289E+00
  5.375000E+00  1.320955E+00  2.728185E+00
  5.425000E+00  1.436195E+00  2.777910E+00
  5.475000E+00  1.393902E+00  2.827065E+00
  5.525000E+00  1.444513E+00  2.878939E+00
  5.575000E+00  1.469248E+00  2.932660E+00
  5.625000E+00  1.518207E+00  2.989172E+00
  5.675000E+00  1.459579E+00  3.044471E+00
  5.725000E+00  1.447395E+00  3.100280E+00
  5.775000E+00  1.408290E+00  3.155533E+00
  5.825000E+00  1.406728E+00  3.211685E+00
  5.875000E+00  1.564102E+00  3.275195E+00
  5.925000E+00  1.485064E+00  3.336527E+00
  5.975000E+00  1.494903E+00  3.399311E+00
La      O       
  2.500000E-02  0.000000E+00  0.000000E+00
  7.500000E-02  0.000000E+00  0.000000E+00
  1.250000E-01  0.000000E+00  0.000000E+00
  1.750000E-01  0.000000E+00  0.000000E+00
  2.250000E-01  0.000000E+00  0.000000E+00
  2.750000E-01  0.000000E+00  0.000000E+00
  3.250000E-01  0.000000E+00  0.000000E+00
  3.750000E-01  0.000000E+00  0.000000E+00
  4.250000E-01  0.000000E+00  0.000000E+00
  4.750000E-01  0.000000E+00  0.000000E+00
  5.250000E-01  0.000000E+00  0.000000E+00
  5.750000E-01  0.000000E+00  0.000000E+00
  6.250000E-01  0.000000E+00  0.000000E+00
  6.750000E-01  0.000000E+00  0.000000E+00
  7.250000E-01  0.000000E+00  0.000000E+00
  7.750000E-01  0.000000E+00  0.000000E+00
  8.250000E-01  0.000000E+00  0.000000E+00
  8.750000E-01  1.901951E-04  1.028121E-06
  9.250000E-01  0.000000E+00  1.028121E-06
  9.750000E-01  1.531896E-04  2.056242E-06
  1.025000E+00  1.386117E-04  3.084364E-06
  1.075000E+00  0.000000E+00  3.084364E-06
  1.125000E+00  1.150687E-04  4.112485E-06
  1.175000E+00  0.000000E+00  4.112485E-06
  1.225000E+00  0.000000E+00  4.112485E-06
  1.275000E+00  2.687688E-04  7.196848E-06
  1.325000E+00  8.295648E-05  8.224969E-06
  1.375000E+00  3.081345E-04  1.233745E-05
  1.425000E+00  1.434463E-04  1.439370E-05
  1.475000E+00  4.686041E-04  2.159054E-05
  1.525000E+00  3.131303E-04  2.673115E-05
  1.575000E+00  4.697059E-04  3.495612E-05
  1.625000E+00  4.577947E-03  1.202902E-04
  1.675000E+00  1.676773E-02  4.523733E-04
  1.725000E+00  2.579501E-02  9.941932E-04
  1.775000E+00  2.644260E-02  1.582278E-03
  1.825000E+00  2.203998E-02  2.100452E-03
  1.875000E+00  2.063168E-02  2.612456E-03
  1.925000E+00  2.393674E-02  3.238582E-03
  1.975000E+00  2.397239E-02  3.898635E-03
  2.025000E+00  3.026224E-02  4.774595E-03
  2.075000E+00  6.812961E-02  6.845231E-03
  2.125000E+00  2.555556E-01  1.499103E-02
  2.175000E+00  1.694936E+00  7.158911E-02
  2.225000E+00  6.530930E+00  2.998145E-01
  2.275000E+00  1.189614E+01  7.344219E-01
  2.325000E+00  1.570358E+01  1.333622E+00
  2.375000E+00  1.738042E+01  2.025635E+00
  2.425000E+00  1.602444E+01  2.690805E+00
  2.475000E+00  1.265181E+01  3.237857E+00
  2.525000E+00  9.545996E+00  3.667461E+00
  2.575000E+00  6.771927E+00  3.984412E+00
  2.625000E+00  4.990342E+00  4.227136E+00
  2.675000E+00  3.637967E+00  4.410887E+00
  2.725000E+00  2.763715E+00  4.555747E+00
  2.775000E+00  2.292670E+00  4.680367E+00
  2.825000E+00  1.948252E+00  4.790117E+00
  2.875000E+00  1.585880E+00  4.882644E+00
  2.925000E+00  1.342866E+00  4.963741E+00
  2.975000E+00  1.217469E+00  5.039801E+00
  3.025000E+00  1.137428E+00  5.113268E+00
  3.075000E+00  1.097905E+00  5.186546E+00
  3.125000E+00  1.038504E+00  5.258132E+00
  3.175000E+00  1.004912E+00  5.329637E+00
  3.225000E+00  9.947068E-01  5.402663E+00
  3.275000E+00  9.802108E-01  5.476872E+00
  3.325000E+00  9.580673E-01  5.551637E+00
  3.375000E+00  9.619870E-01  5.628983E+00
  3.425000E+00  1.024896E+00  5.713846E+00
  3.475000E+00  1.060002E+00  5.804197E+00
  3.525000E+00  1.067808E+00  5.897852E+00
  3.575000E+00  1.121116E+00  5.998991E+00
  3.625000E+00  1.175286E+00  6.108004E+00
  3.675000E+00  1.271690E+00  6.229235E+00
  3.725000E+00  1.322262E+00  6.358740E+00
  3.775000E+00  1.368847E+00  6.496431E+00
  3.825000E+00  1.323578E+00  6.633119E+00
  3.875000E+00  1.458330E+00  6.787686E+00
  3.925000E+00  1.527258E+00  6.953762E+00
  3.975000E+00  1.519914E+00  7.123278E+00
  4.025000E+00  1.583155E+00  7.304317E+00
  4.075000E+00  1.622926E+00  7.494543E+00
  4.125000E+00  1.694666E+00  7.698082E+00
  4.175000E+00  1.747141E+00  7.913042E+00
  4.225000E+00  1.747999E+00  8.133289E+00
  4.275000E+00  1.817495E+00  8.367745E+00
  4.325000E+00  1.842245E+00  8.610985E+00
  4.375000E+00  1.884984E+00  8.865655E+00
  4.425000E+00  1.919424E+00  9.130940E+00
  4.475000E+00  1.920973E+00  9.402473E+00
  4.525000E+00  1.951286E+00  9.684489E+00
  4.575000E+00  1.925717E+00  9.968994E+00
  4.625000E+00  1.926918E+00  1.025993E+01
  4.675000E+00  1.989560E+00  1.056686E+01
  4.725000E+00  1.974674E+00  1.087804E+01
  4.775000E+00  1.959511E+00  1.119340E+01
  4.825000E+00  1.943873E+00  1.151283E+01
  4.875000E+00  1.975875E+00  1.184429E+01
  4.925000E+00  2.024642E+00  1.219093E+01
  4.975000E+00  2.019931E+00  1.254381E+01
  5.025000E+00  2.086183E+00  1.291564E+01
  5.075000E+00  2.111520E+00  1.329951E+01
  5.125000E+00  2.084240E+00  1.368592E+01
  5.175000E+00  2.121599E+00  1.408697E+01
  5.225000E+00  2.193726E+00  1.450970E+01
  5.275000E+00  2.175986E+00  1.493708E+01
  5.325000E+00  2.214873E+00  1.538039E+01
  5.375000E+00  2.212664E+00  1.583161E+01
  5.425000E+00  2.176005E+00  1.628364E+01
  5.475000E+00  2.160719E+00  1.674081E+01
  5.525000E+00  2.069572E+00  1.718674E+01
  5.575000E+00  2.063758E+00  1.763949E+01
  5.625000E+00  2.038639E+00  1.809479E+01
  5.675000E+00  1.979058E+00  1.854468E+01
  5.725000E+00  1.939721E+00  1.899343E+01
  5.775000E+00  1.918302E+00  1.944501E+01
  5.825000E+00  1.903532E+00  1.990090E+01
  5.875000E+00  1.857432E+00  2.035343E+01
  5.925000E+00  1.851202E+00  2.081214E+01
  5.975000E+00  1.802450E+00  2.126635E+01
La      O_s     
  2.500000E-02  0.000000E+00  0.000000E+00
  7.500000E-02  0.000000E+00  0.000000E+00
  1.250000E-01  0.000000E+00  0.000000E+00
  1.750000E-01  0.000000E+00  0.000000E+00
  2.250000E-01  0.000000E+00  0.000000E+00
  2.750000E-01  0.000000E+00  0.000000E+00
  3.250000E-01  0.000000E+00  0.000000E+00
  3.750000E-01  0.000000E+00  0.000000E+00
  4.250000E-01  0.000000E+00  0.000000E+00
  4.750000E-01  0.000000E+00  0.000000E+00
  5.250000E-01  0.000000E+00  0.000000E+00
  5.750000E-01  0.000000E+00  0.000000E+00
  6.250000E-01  0.000000E+00  0.000000E+00
  6.750000E-01  0.000000E+00  0.000000E+00
  7.250000E-01  0.000000E+00  0.000000E+00
  7.750000E-01  0.000000E+00  0.000000E+00
  8.250000E-01  0.000000E+00  0.000000E+00
  8.750000E-01  0.000000E+00  0.000000E+00
  9.250000E-01  0.000000E+00  0.000000E+00
  9.750000E-01  0.000000E+00  0.000000E+00
  1.025000E+00  2.772233E-04  2.056242E-06
  1.075000E+00  0.000000E+00  2.056242E-06
  1.125000E+00  1.150687E-04  3.084364E-06
  1.175000E+00  1.054854E-04  4.112485E-06
  1.225000E+00  0.000000E+00  4.112485E-06
  1.275000E+00  8.958960E-05  5.140606E-06
  1.325000E+00  1.659130E-04  7.196848E-06
  1.375000E+00  0.000000E+00  7.196848E-06
  1.425000E+00  7.172315E-05  8.224969E-06
  1.475000E+00  1.338869E-04  1.028121E-05
  1.525000E+00  1.878782E-04  1.336558E-05
  1.575000E+00  5.871324E-05  1.439370E-05
  1.625000E+00  2.757799E-04  1.953430E-05
  1.675000E+00  4.152998E-04  2.775927E-05
  1.725000E+00  1.762088E-03  6.477163E-05
  1.775000E+00  7.304076E-03  2.272148E-04
  1.825000E+00  1.609269E-02  6.055634E-04
  1.875000E+00  2.871036E-02  1.318051E-03
  1.925000E+00  3.022554E-02  2.108677E-03
  1.975000E+00  2.710896E-02  2.855092E-03
  2.025000E+00  2.834421E-02  3.675533E-03
  2.075000E+00  4.214970E-02  4.956572E-03
  2.125000E+00  2.364284E-01  1.249270E-02
  2.175000E+00  1.431875E+00  6.030650E-02
  2.225000E+00  5.054827E+00  2.369490E-01
  2.275000E+00  1.091799E+01  6.358210E-01
  2.325000E+00  1.539771E+01  1.223350E+00
  2.375000E+00  1.634911E+01  1.874301E+00
  2.425000E+00  1.545960E+01  2.516024E+00
  2.475000E+00  1.280827E+01  3.069841E+00
  2.525000E+00  9.849998E+00  3.513127E+00
  2.575000E+00  7.290430E+00  3.854345E+00
  2.625000E+00  5.345099E+00  4.114324E+00
  2.675000E+00  4.006964E+00  4.316713E+00
  2.725000E+00  3.135027E+00  4.481035E+00
  2.775000E+00  2.468632E+00  4.615221E+00
  2.825000E+00  2.042317E+00  4.730269E+00
  2.875000E+00  1.768405E+00  4.833445E+00
  2.925000E+00  1.536263E+00  4.926222E+00
  2.975000E+00  1.413422E+00  5.014523E+00
  3.025000E+00  1.280175E+00  5.097211E+00
  3.075000E+00  1.156564E+00  5.174404E+00
  3.125000E+00  1.134229E+00  5.252589E+00
  3.175000E+00  1.136831E+00  5.333480E+00
  3.225000E+00  1.073412E+00  5.412284E+00
  3.275000E+00  1.085524E+00  5.494467E+00
  3.325000E+00  1.074216E+00  5.578296E+00
  3.375000E+00  1.106573E+00  5.667266E+00
  3.425000E+00  1.202529E+00  5.766838E+00
  3.475000E+00  1.248312E+00  5.873240E+00
  3.525000E+00  1.242820E+00  5.982244E+00
  3.575000E+00  1.288338E+00  6.098469E+00
  3.625000E+00  1.304751E+00  6.219491E+00
  3.675000E+00  1.324083E+00  6.345716E+00
  3.725000E+00  1.359359E+00  6.478855E+00
  3.775000E+00  1.409220E+00  6.620607E+00
  3.825000E+00  1.469865E+00  6.772402E+00
  3.875000E+00  1.493106E+00  6.930654E+00
  3.925000E+00  1.588439E+00  7.103384E+00
  3.975000E+00  1.622072E+00  7.284293E+00
  4.025000E+00  1.649948E+00  7.472970E+00
  4.075000E+00  1.717105E+00  7.674235E+00
  4.125000E+00  1.751403E+00  7.884588E+00
  4.175000E+00  1.734264E+00  8.097963E+00
  4.225000E+00  1.853602E+00  8.331517E+00
  4.275000E+00  1.897816E+00  8.576334E+00
  4.325000E+00  1.887821E+00  8.825592E+00
  4.375000E+00  1.917576E+00  9.084666E+00
  4.425000E+00  1.907262E+00  9.348270E+00
  4.475000E+00  1.941644E+00  9.622725E+00
  4.525000E+00  1.961203E+00  9.906174E+00
  4.575000E+00  1.983762E+00  1.019925E+01
  4.625000E+00  1.901621E+00  1.048637E+01
  4.675000E+00  1.897704E+00  1.077913E+01
  4.725000E+00  1.893702E+00  1.107755E+01
  4.775000E+00  1.962488E+00  1.139339E+01
  4.825000E+00  2.005463E+00  1.172294E+01
  4.875000E+00  2.027351E+00  1.206303E+01
  4.925000E+00  2.050152E+00  1.241404E+01
  4.975000E+00  2.070583E+00  1.277577E+01
  5.025000E+00  2.094680E+00  1.314911E+01
  5.075000E+00  2.119024E+00  1.353435E+01
  5.125000E+00  2.142823E+00  1.393162E+01
  5.175000E+00  2.159877E+00  1.433990E+01
  5.225000E+00  2.169557E+00  1.475798E+01
  5.275000E+00  2.166359E+00  1.518347E+01
  5.325000E+00  2.137770E+00  1.561134E+01
  5.375000E+00  2.116282E+00  1.604291E+01
  5.425000E+00  2.124786E+00  1.648430E+01
  5.475000E+00  2.080052E+00  1.692441E+01
  5.525000E+00  2.005308E+00  1.735648E+01
  5.575000E+00  1.978273E+00  1.779048E+01
  5.625000E+00  1.934058E+00  1.822243E+01
  5.675000E+00  1.935219E+00  1.866235E+01
  5.725000E+00  1.879713E+00  1.909722E+01
  5.775000E+00  1.821908E+00  1.952610E+01
  5.825000E+00  1.818844E+00  1.996172E+01
  5.875000E+00  1.794275E+00  2.039885E+01
  5.925000E+00  1.794649E+00  2.084356E+01
  5.975000E+00  1.764070E+00  2.128809E+01
Zr      Zr      
  2.500000E-02  0.000000E+00  0.000000E+00
  7.500000E-02  0.000000E+00  0.000000E+00
  1.250000E-01  0.000000E+00  0.000000E+00
  1.750000E-01  0.000000E+00  0.000000E+00
  2.250000E-01  0.000000E+00  0.000000E+00
  2.750000E-01  0.000000E+00  0.000000E+00
  3.250000E-01  0.000000E+00  0.000000E+00
  3.750000E-01  0.000000E+00  0.000000E+00
  4.250000E-01  0.000000E+00  0.000000E+00
  4.750000E-01  0.000000E+00  0.000000E+00
  5.250000E-01  0.000000E+00  0.000000E+00
  5.750000E-01  0.000000E+00  0.000000E+00
  6.250000E-01  0.000000E+00  0.000000E+00
  6.750000E-01  0.000000E+00  0.000000E+00
  7.250000E-01  0.000000E+00  0.000000E+00
  7.750000E-01  0.000000E+00  0.000000E+00
  8.250000E-01  0.000000E+00  0.000000E+00
  8.750000E-01  0.000000E+00  0.000000E+00
  9.250000E-01  0.000000E+00  0.000000E+00
  9.750000E-01  0.000000E+00  0.000000E+00
  1.025000E+00  0.000000E+00  0.000000E+00
  1.075000E+00  0.000000E+00  0.000000E+00
  1.125000E+00  0.000000E+00  0.000000E+00
  1.175000E+00  0.000000E+00  0.000000E+00
  1.225000E+00  0.000000E+00  0.000000E+00
  1.275000E+00  0.000000E+00  0.000000E+00
  1.325000E+00  0.000000E+00  0.000000E+00
  1.375000E+00  0.000000E+00  0.000000E+00
  1.425000E+00  0.000000E+00  0.000000E+00
  1.475000E+00  0.000000E+00  0.000000E+00
  1.525000E+00  0.000000E+00  0.000000E+00
  1.575000E+00  0.000000E+00  0.000000E+00
  1.625000E+00  0.000000E+00  0.000000E+00
  1.675000E+00  0.000000E+00  0.000000E+00
  1.725000E+00  0.000000E+00  0.000000E+00
  1.775000E+00  0.000000E+00  0.000000E+00
  1.825000E+00  0.000000E+00  0.000000E+00
  1.875000E+00  0.000000E+00  0.000000E+00
  1.925000E+00  0.000000E+00  0.000000E+00
  1.975000E+00  0.000000E+00  0.000000E+00
  2.025000E+00  0.000000E+00  0.000000E+00
  2.075000E+00  0.000000E+00  0.000000E+00
  2.125000E+00  0.000000E+00  0.000000E+00
  2.175000E+00  0.000000E+00  0.000000E+00
  2.225000E+00  0.000000E+00  0.000000E+00
  2.275000E+00  0.000000E+00  0.000000E+00
  2.325000E+00  4.861272E-04  3.091520E-06
  2.375000E+00  2.329375E-03  1.854912E-05
  2.425000E+00  2.234312E-03  3.400672E-05
  2.475000E+00  1.715961E-03  4.637280E-05
  2.525000E+00  3.297355E-03  7.110496E-05
  2.575000E+00  1.981593E-03  8.656255E-05
  2.625000E+00  4.195015E-03  1.205693E-04
  2.675000E+00  6.610357E-03  1.762166E-04
  2.725000E+00  7.785564E-03  2.442301E-04
  2.775000E+00  4.777524E-03  2.875113E-04
  2.825000E+00  6.585585E-03  3.493417E-04
  2.875000E+00  9.219852E-03  4.389958E-04
  2.925000E+00  1.320744E-02  5.719312E-04
  2.975000E+00  1.751784E-02  7.543308E-04
  3.025000E+00  1.516303E-01  2.386653E-03
  3.075000E+00  2.626302E-01  5.308140E-03
  3.125000E+00  1.065072E+00  1.754437E-02
  3.175000E+00  1.957745E+00  4.076169E-02
  3.225000E+00  2.283836E+00  6.870594E-02
  3.275000E+00  2.221739E+00  9.673984E-02
  3.325000E+00  2.359604E+00  1.274294E-01
  3.375000E+00  2.529912E+00  1.613310E-01
  3.425000E+00  3.397912E+00  2.082231E-01
  3.475000E+00  3.420090E+00  2.568095E-01
  3.525000E+00  2.936732E+00  2.997383E-01
  3.575000E+00  3.903383E+00  3.584277E-01
  3.625000E+00  3.791848E+00  4.170460E-01
  3.675000E+00  4.251699E+00  4.845988E-01
  3.725000E+00  3.782088E+00  5.463365E-01
  3.775000E+00  3.437122E+00  6.039593E-01
  3.825000E+00  2.812238E+00  6.523632E-01
  3.875000E+00  2.430716E+00  6.953014E-01
  3.925000E+00  1.853690E+00  7.288969E-01
  3.975000E+00  1.357633E+00  7.541330E-01
  4.025000E+00  1.224354E+00  7.774678E-01
  4.075000E+00  1.110145E+00  7.991548E-01
  4.125000E+00  9.502684E-01  8.181769E-01
  4.175000E+00  8.456291E-01  8.355172E-01
  4.225000E+00  8.541455E-01  8.534542E-01
  4.275000E+00  7.395234E-01  8.693539E-01
  4.325000E+00  6.858566E-01  8.844467E-01
  4.375000E+00  6.931977E-01  9.000558E-01
  4.425000E+00  8.127693E-01  9.187780E-01
  4.475000E+00  7.372313E-01  9.361462E-01
  4.525000E+00  7.748046E-01  9.548097E-01
  4.575000E+00  7.877177E-01  9.742059E-01
  4.625000E+00  9.485461E-01  9.980755E-01
  4.675000E+00  9.694868E-01  1.023002E+00
  4.725000E+00  9.544919E-01  1.048072E+00
  4.775000E+00  1.048710E+00  1.076201E+00
  4.825000E+00  1.127325E+00  1.107076E+00
  4.875000E+00  1.062079E+00  1.136770E+00
  4.925000E+00  1.140298E+00  1.169309E+00
  4.975000E+00  1.209547E+00  1.204527E+00
  5.025000E+00  1.469611E+00  1.248183E+00
  5.075000E+00  1.399677E+00  1.290592E+00
  5.125000E+00  1.256040E+00  1.329403E+00
  5.175000E+00  1.214812E+00  1.367676E+00
  5.225000E+00  1.283504E+00  1.408898E+00
  5.275000E+00  1.333519E+00  1.452551E+00
  5.325000E+00  1.425737E+00  1.500111E+00
  5.375000E+00  1.445907E+00  1.549253E+00
  5.425000E+00  1.566351E+00  1.603485E+00
  5.475000E+00  1.547253E+00  1.658047E+00
  5.525000E+00  1.507151E+00  1.712170E+00
  5.575000E+00  1.601654E+00  1.770733E+00
  5.625000E+00  1.690746E+00  1.833667E+00
  5.675000E+00  1.850473E+00  1.903776E+00
  5.725000E+00  1.499742E+00  1.961603E+00
  5.775000E+00  1.530697E+00  2.021659E+00
  5.825000E+00  1.680420E+00  2.088736E+00
  5.875000E+00  1.676226E+00  2.156799E+00
  5.925000E+00  1.675079E+00  2.225978E+00
  5.975000E+00  1.633838E+00  2.294597E+00
Zr      O       
  2.500000E-02  0.000000E+00  0.000000E+00
  7.500000E-02  0.000000E+00  0.000000E+00
  1.250000E-01  0.000000E+00  0.000000E+00
  1.750000E-01  0.000000E+00  0.000000E+00
  2.250000E-01  0.000000E+00  0.000000E+00
  2.750000E-01  0.000000E+00  0.000000E+00
  3.250000E-01  0.000000E+00  0.000000E+00
  3.750000E-01  0.000000E+00  0.000000E+00
  4.250000E-01  0.000000E+00  0.000000E+00
  4.750000E-01  0.000000E+00  0.000000E+00
  5.250000E-01  0.000000E+00  0.000000E+00
  5.750000E-01  0.000000E+00  0.000000E+00
  6.250000E-01  0.000000E+00  0.000000E+00
  6.750000E-01  0.000000E+00  0.000000E+00
  7.250000E-01  0.000000E+00  0.000000E+00
  7.750000E-01  0.000000E+00  0.000000E+00
  8.250000E-01  0.000000E+00  0.000000E+00
  8.750000E-01  0.000000E+00  0.000000E+00
  9.250000E-01  0.000000E+00  0.000000E+00
  9.750000E-01  0.000000E+00  0.000000E+00
  1.025000E+00  2.079175E-04  1.542182E-06
  1.075000E+00  1.890295E-04  3.084364E-06
  1.125000E+00  1.726030E-04  4.626545E-06
  1.175000E+00  3.164562E-04  7.710909E-06
  1.225000E+00  0.000000E+00  7.710909E-06
  1.275000E+00  1.343844E-04  9.253091E-06
  1.325000E+00  1.244347E-04  1.079527E-05
  1.375000E+00  2.311009E-04  1.387964E-05
  1.425000E+00  6.885422E-03  1.125793E-04
  1.475000E+00  6.617359E-02  1.128877E-03
  1.525000E+00  5.345134E-02  2.006378E-03
  1.575000E+00  2.087256E-02  2.371876E-03
  1.625000E+00  1.274103E-02  2.609372E-03
  1.675000E+00  1.868849E-02  2.979495E-03
  1.725000E+00  3.333283E-02  3.679646E-03
  1.775000E+00  4.222958E-02  4.618834E-03
  1.825000E+00  8.330589E-02  6.577405E-03
  1.875000E+00  5.110071E-01  1.925877E-02
  1.925000E+00  8.089499E+00  2.308600E-01
  1.975000E+00  2.968011E+01  1.048070E+00
  2.025000E+00  3.836911E+01  2.158687E+00
  2.075000E+00  2.744478E+01  2.992806E+00
  2.125000E+00  1.681969E+01  3.528931E+00
  2.175000E+00  9.189324E+00  3.835785E+00
  2.225000E+00  5.186353E+00  4.017024E+00
  2.275000E+00  3.179851E+00  4.133195E+00
  2.325000E+00  2.080941E+00  4.212597E+00
  2.375000E+00  1.396907E+00  4.268216E+00
  2.425000E+00  1.091461E+00  4.313522E+00
  2.475000E+00  7.367972E-01  4.345381E+00
  2.525000E+00  6.264178E-01  4.373572E+00
  2.575000E+00  5.015665E-01  4.397047E+00
  2.625000E+00  4.801686E-01  4.420402E+00
  2.675000E+00  4.138702E-01  4.441306E+00
  2.725000E+00  4.193590E-01  4.463287E+00
  2.775000E+00  3.946804E-01  4.484740E+00
  2.825000E+00  4.272364E-01  4.508807E+00
  2.875000E+00  4.598726E-01  4.535638E+00
  2.925000E+00  4.669873E-01  4.563840E+00
  2.975000E+00  5.072856E-01  4.595532E+00
  3.025000E+00  5.601344E-01  4.631712E+00
  3.075000E+00  5.647804E-01  4.669407E+00
  3.125000E+00  6.445533E-01  4.713837E+00
  3.175000E+00  8.182168E-01  4.772058E+00
  3.225000E+00  8.854722E-01  4.837064E+00
  3.275000E+00  9.625702E-01  4.909938E+00
  3.325000E+00  1.060396E+00  4.992689E+00
  3.375000E+00  1.311956E+00  5.098172E+00
  3.425000E+00  1.346866E+00  5.209695E+00
  3.475000E+00  1.446146E+00  5.332960E+00
  3.525000E+00  1.610187E+00  5.474185E+00
  3.575000E+00  1.729112E+00  5.630174E+00
  3.625000E+00  1.819991E+00  5.798986E+00
  3.675000E+00  1.949450E+00  5.984828E+00
  3.725000E+00  1.966025E+00  6.177385E+00
  3.775000E+00  1.908005E+00  6.369309E+00
  3.825000E+00  2.013218E+00  6.577217E+00
  3.875000E+00  1.969544E+00  6.785967E+00
  3.925000E+00  1.948475E+00  6.997847E+00
  3.975000E+00  1.892907E+00  7.208963E+00
  4.025000E+00  1.877796E+00  7.423694E+00
  4.075000E+00  1.842340E+00  7.639638E+00
  4.125000E+00  1.790411E+00  7.854677E+00
  4.175000E+00  1.745165E+00  8.069394E+00
  4.225000E+00  1.750100E+00  8.289905E+00
  4.275000E+00  1.695558E+00  8.508632E+00
  4.325000E+00  1.639283E+00  8.725074E+00
  4.375000E+00  1.638681E+00  8.946468E+00
  4.425000E+00  1.597284E+00  9.167230E+00
  4.475000E+00  1.675813E+00  9.404109E+00
  4.525000E+00  1.775800E+00  9.660762E+00
  4.575000E+00  1.818805E+00  9.929471E+00
  4.625000E+00  1.821662E+00  1.020452E+01
  4.675000E+00  1.843475E+00  1.048891E+01
  4.725000E+00  1.982493E+00  1.080132E+01
  4.775000E+00  1.976983E+00  1.111950E+01
  4.825000E+00  2.005970E+00  1.144913E+01
  4.875000E+00  1.980818E+00  1.178141E+01
  4.925000E+00  1.987768E+00  1.212174E+01
  4.975000E+00  2.019737E+00  1.247459E+01
  5.025000E+00  2.053101E+00  1.284052E+01
  5.075000E+00  2.002131E+00  1.320450E+01
  5.125000E+00  1.966292E+00  1.356905E+01
  5.175000E+00  2.016190E+00  1.395017E+01
  5.225000E+00  1.960766E+00  1.432801E+01
  5.275000E+00  1.960440E+00  1.471306E+01
  5.325000E+00  1.951497E+00  1.510365E+01
  5.375000E+00  1.989933E+00  1.550945E+01
  5.425000E+00  1.952122E+00  1.591497E+01
  5.475000E+00  1.959539E+00  1.632958E+01
  5.525000E+00  1.951167E+00  1.674999E+01
  5.575000E+00  1.941414E+00  1.717590E+01
  5.625000E+00  1.931657E+00  1.760731E+01
  5.675000E+00  1.918555E+00  1.804345E+01
  5.725000E+00  1.921640E+00  1.848801E+01
  5.775000E+00  1.926074E+00  1.894142E+01
  5.825000E+00  1.892075E+00  1.939457E+01
  5.875000E+00  1.881560E+00  1.985298E+01
  5.925000E+00  1.841885E+00  2.030938E+01
  5.975000E+00  1.807393E+00  2.076483E+01
Zr      O_s     
  2.500000E-02  0.000000E+00  0.000000E+00
  7.500000E-02  0.000000E+00  0.000000E+00
  1.250000E-01  0.000000E+00  0.000000E+00
  1.750000E-01  0.000000E+00  0.000000E+00
  2.250000E-01  0.000000E+00  0.000000E+00
  2.750000E-01  0.000000E+00  0.000000E+00
  3.250000E-01  0.000000E+00  0.000000E+00
  3.750000E-01  0.000000E+00  0.000000E+00
  4.250000E-01  0.000000E+00  0.000000E+00
  4.750000E-01  0.000000E+00  0.000000E+00
  5.250000E-01  0.000000E+00  0.000000E+00
  5.750000E-01  0.000000E+00  0.000000E+00
  6.250000E-01  5.590277E-04  1.542182E-06
  6.750000E-01  0.000000E+00  1.542182E-06
  7.250000E-01  0.000000E+00  1.542182E-06
  7.750000E-01  0.000000E+00  1.542182E-06
  8.250000E-01  0.000000E+00  1.542182E-06
  8.750000E-01  0.000000E+00  1.542182E-06
  9.250000E-01  0.000000E+00  1.542182E-06
  9.750000E-01  0.000000E+00  1.542182E-06
  1.025000E+00  0.000000E+00  1.542182E-06
  1.075000E+00  1.890295E-04  3.084364E-06
  1.125000E+00  0.000000E+00  3.084364E-06
  1.175000E+00  1.582281E-04  4.626545E-06
  1.225000E+00  0.000000E+00  4.626545E-06
  1.275000E+00  2.687688E-04  7.710909E-06
  1.325000E+00  3.733042E-04  1.233745E-05
  1.375000E+00  1.155504E-03  2.775927E-05
  1.425000E+00  8.499193E-03  1.495916E-04
  1.475000E+00  2.831707E-02  5.844869E-04
  1.525000E+00  4.847256E-02  1.380253E-03
  1.575000E+00  1.238262E-01  3.548560E-03
  1.625000E+00  8.322211E-01  1.906137E-02
  1.675000E+00  6.500480E-01  3.193550E-02
  1.725000E+00  1.798651E+00  6.971587E-02
  1.775000E+00  1.244719E+01  3.465421E-01
  1.825000E+00  1.987652E+01  8.138510E-01
  1.875000E+00  2.568353E+01  1.451224E+00
  1.925000E+00  2.811925E+01  2.186754E+00
  1.975000E+00  2.278805E+01  2.814198E+00
  2.025000E+00  1.584287E+01  3.272780E+00
  2.075000E+00  1.050537E+01  3.592065E+00
  2.125000E+00  7.148686E+00  3.819929E+00
  2.175000E+00  4.564966E+00  3.972364E+00
  2.225000E+00  3.165934E+00  4.082999E+00
  2.275000E+00  2.180336E+00  4.162654E+00
  2.325000E+00  1.506578E+00  4.220140E+00
  2.375000E+00  1.148938E+00  4.265886E+00
  2.425000E+00  8.668009E-01  4.301867E+00
  2.475000E+00  7.167884E-01  4.332860E+00
  2.525000E+00  6.029100E-01  4.359993E+00
  2.575000E+00  5.290139E-01  4.384753E+00
  2.625000E+00  4.340351E-01  4.405864E+00
  2.675000E+00  4.384490E-01  4.428009E+00
  2.725000E+00  4.348941E-01  4.450804E+00
  2.775000E+00  4.723908E-01  4.476482E+00
  2.825000E+00  4.926934E-01  4.504236E+00
  2.875000E+00  4.691504E-01  4.531609E+00
  2.925000E+00  5.506451E-01  4.564863E+00
  2.975000E+00  6.133589E-01  4.603181E+00
  3.025000E+00  6.569761E-01  4.645616E+00
  3.075000E+00  7.445221E-01  4.695308E+00
  3.125000E+00  8.804048E-01  4.755996E+00
  3.175000E+00  9.732255E-01  4.825246E+00
  3.225000E+00  1.123688E+00  4.907741E+00
  3.275000E+00  1.212715E+00  4.999553E+00
  3.325000E+00  1.332935E+00  5.103571E+00
  3.375000E+00  1.481400E+00  5.222679E+00
  3.425000E+00  1.635330E+00  5.358087E+00
  3.475000E+00  1.686401E+00  5.501831E+00
  3.525000E+00  1.771654E+00  5.657218E+00
  3.575000E+00  1.987039E+00  5.836475E+00
  3.625000E+00  1.920798E+00  6.014637E+00
  3.675000E+00  1.982549E+00  6.203634E+00
  3.725000E+00  1.890225E+00  6.388767E+00
  3.775000E+00  1.948005E+00  6.584715E+00
  3.825000E+00  1.865259E+00  6.777343E+00
  3.875000E+00  1.802258E+00  6.968362E+00
  3.925000E+00  1.834990E+00  7.167902E+00
  3.975000E+00  1.763675E+00  7.364604E+00
  4.025000E+00  1.778134E+00  7.567939E+00
  4.075000E+00  1.664968E+00  7.763093E+00
  4.125000E+00  1.599028E+00  7.955146E+00
  4.175000E+00  1.601043E+00  8.152130E+00
  4.225000E+00  1.631829E+00  8.357740E+00
  4.275000E+00  1.602764E+00  8.564496E+00
  4.325000E+00  1.532726E+00  8.766868E+00
  4.375000E+00  1.538689E+00  8.974753E+00
  4.425000E+00  1.584184E+00  9.193704E+00
  4.475000E+00  1.686276E+00  9.432062E+00
  4.525000E+00  1.737376E+00  9.683162E+00
  4.575000E+00  1.804693E+00  9.949787E+00
  4.625000E+00  1.893222E+00  1.023564E+01
  4.675000E+00  1.917511E+00  1.053145E+01
  4.725000E+00  1.962734E+00  1.084075E+01
  4.775000E+00  1.949654E+00  1.115453E+01
  4.825000E+00  1.974549E+00  1.147900E+01
  4.875000E+00  1.988945E+00  1.181264E+01
  4.925000E+00  2.054415E+00  1.216438E+01
  4.975000E+00  2.024257E+00  1.251802E+01
  5.025000E+00  2.018058E+00  1.287770E+01
  5.075000E+00  1.993555E+00  1.324013E+01
  5.125000E+00  1.986265E+00  1.360837E+01
  5.175000E+00  1.956178E+00  1.397815E+01
  5.225000E+00  1.928322E+00  1.434975E+01
  5.275000E+00  1.899171E+00  1.472276E+01
  5.325000E+00  1.904488E+00  1.510394E+01
  5.375000E+00  1.899811E+00  1.549136E+01
  5.425000E+00  1.895539E+00  1.588513E+01
  5.475000E+00  1.933460E+00  1.629422E+01
  5.525000E+00  1.922787E+00  1.670851E+01
  5.575000E+00  1.971543E+00  1.714104E+01
  5.625000E+00  1.900376E+00  1.756546E+01
  5.675000E+00  1.908400E+00  1.799928E+01
  5.725000E+00  1.918047E+00  1.844302E+01
  5.775000E+00  1.898651E+00  1.888997E+01
  5.825000E+00  1.877072E+00  1.933953E+01
  5.875000E+00  1.865096E+00  1.979392E+01
  5.925000E+00  1.812310E+00  2.024300E+01
  5.975000E+00  1.808023E+00  2.069861E+01
O       O       
  2.500000E-02  0.000000E+00  0.000000E+00
  7.500000E-02  0.000000E+00  0.000000E+00
  1.250000E-01  0.000000E+00  0.000000E+00
  1.750000E-01  0.000000E+00  0.000000E+00
  2.250000E-01  0.000000E+00  0.000000E+00
  2.750000E-01  0.000000E+00  0.000000E+00
  3.250000E-01  0.000000E+00  0.000000E+00
  3.750000E-01  0.000000E+00  0.000000E+00
  4.250000E-01  0.000000E+00  0.000000E+00
  4.750000E-01  0.000000E+00  0.000000E+00
  5.250000E-01  2.641341E-04  5.142590E-07
  5.750000E-01  0.000000E+00  5.142590E-07
  6.250000E-01  1.864145E-04  1.028518E-06
  6.750000E-01  4.794975E-04  2.571295E-06
  7.250000E-01  0.000000E+00  2.571295E-06
  7.750000E-01  0.000000E+00  2.571295E-06
  8.250000E-01  1.070115E-04  3.085554E-06
  8.750000E-01  9.513426E-05  3.599813E-06
  9.250000E-01  1.702598E-04  4.628331E-06
  9.750000E-01  3.064974E-04  6.685367E-06
  1.025000E+00  2.079977E-04  8.228144E-06
  1.075000E+00  6.303416E-05  8.742403E-06
  1.125000E+00  1.726696E-04  1.028518E-05
  1.175000E+00  0.000000E+00  1.028518E-05
  1.225000E+00  1.456331E-04  1.182796E-05
  1.275000E+00  1.792484E-04  1.388499E-05
  1.325000E+00  3.319540E-04  1.799906E-05
  1.375000E+00  3.467851E-04  2.262740E-05
  1.425000E+00  4.305050E-04  2.879850E-05
  1.475000E+00  3.348464E-04  3.394109E-05
  1.525000E+00  8.771031E-04  4.834034E-05
  1.575000E+00  8.810385E-04  6.376811E-05
  1.625000E+00  1.600141E-03  9.359514E-05
  1.675000E+00  2.986120E-03  1.527349E-04
  1.725000E+00  1.028281E-02  3.687237E-04
  1.775000E+00  1.785102E-02  7.657316E-04
  1.825000E+00  1.559581E-02  1.132398E-03
  1.875000E+00  1.355254E-02  1.468724E-03
  1.925000E+00  1.759577E-02  1.928985E-03
  1.975000E+00  3.137784E-02  2.792941E-03
  2.025000E+00  5.722553E-02  4.449369E-03
  2.075000E+00  1.227585E-01  8.180318E-03
  2.125000E+00  2.944880E-01  1.756709E-02
  2.175000E+00  5.844319E-01  3.708270E-02
  2.225000E+00  9.609029E-01  7.066176E-02
  2.275000E+00  2.204699E+00  1.512071E-01
  2.325000E+00  4.923740E+00  3.390818E-01
  2.375000E+00  7.656694E+00  6.439381E-01
  2.425000E+00  7.110070E+00  9.390750E-01
  2.475000E+00  3.664499E+00  1.097524E+00
  2.525000E+00  1.548834E+00  1.167228E+00
  2.575000E+00  8.990609E-01  1.209307E+00
  2.625000E+00  9.418350E-01  1.255116E+00
  2.675000E+00  1.141303E+00  1.312763E+00
  2.725000E+00  1.400002E+00  1.386144E+00
  2.775000E+00  1.766193E+00  1.482147E+00
  2.825000E+00  2.072218E+00  1.598881E+00
  2.875000E+00  2.296011E+00  1.732839E+00
  2.925000E+00  2.566965E+00  1.887861E+00
  2.975000E+00  2.609483E+00  2.050884E+00
  3.025000E+00  2.641387E+00  2.221494E+00
  3.075000E+00  2.912104E+00  2.415859E+00
  3.125000E+00  2.946319E+00  2.618954E+00
  3.175000E+00  3.102071E+00  2.839683E+00
  3.225000E+00  3.252720E+00  3.078478E+00
  3.275000E+00  3.250602E+00  3.324574E+00
  3.325000E+00  3.226290E+00  3.576345E+00
  3.375000E+00  3.115972E+00  3.826875E+00
  3.425000E+00  3.087277E+00  4.082507E+00
  3.475000E+00  2.920848E+00  4.331471E+00
  3.525000E+00  2.840628E+00  4.580615E+00
  3.575000E+00  2.670833E+00  4.821560E+00
  3.625000E+00  2.481749E+00  5.051752E+00
  3.675000E+00  2.329305E+00  5.273806E+00
  3.725000E+00  2.239140E+00  5.493112E+00
  3.775000E+00  2.127652E+00  5.707131E+00
  3.825000E+00  2.037504E+00  5.917547E+00
  3.875000E+00  2.023153E+00  6.131978E+00
  3.925000E+00  1.971832E+00  6.346399E+00
  3.975000E+00  1.998698E+00  6.569313E+00
  4.025000E+00  2.005214E+00  6.798615E+00
  4.075000E+00  1.995321E+00  7.032491E+00
  4.125000E+00  1.967603E+00  7.268811E+00
  4.175000E+00  1.943721E+00  7.507957E+00
  4.225000E+00  1.941432E+00  7.752577E+00
  4.275000E+00  1.920494E+00  8.000319E+00
  4.325000E+00  1.921742E+00  8.254056E+00
  4.375000E+00  1.912801E+00  8.512485E+00
  4.425000E+00  1.879124E+00  8.772200E+00
  4.475000E+00  1.883729E+00  9.038468E+00
  4.525000E+00  1.877275E+00  9.309787E+00
  4.575000E+00  1.837368E+00  9.581239E+00
  4.625000E+00  1.836374E+00  9.858507E+00
  4.675000E+00  1.801274E+00  1.013639E+01
  4.725000E+00  1.815564E+00  1.042250E+01
  4.775000E+00  1.784899E+00  1.070976E+01
  4.825000E+00  1.757737E+00  1.099860E+01
  4.875000E+00  1.728868E+00  1.128862E+01
  4.925000E+00  1.733417E+00  1.158539E+01
  4.975000E+00  1.695792E+00  1.188165E+01
  5.025000E+00  1.688951E+00  1.218268E+01
  5.075000E+00  1.694049E+00  1.249065E+01
  5.125000E+00  1.668357E+00  1.279996E+01
  5.175000E+00  1.679500E+00  1.311744E+01
  5.225000E+00  1.700865E+00  1.344520E+01
  5.275000E+00  1.727959E+00  1.378458E+01
  5.325000E+00  1.733316E+00  1.413151E+01
  5.375000E+00  1.740006E+00  1.448634E+01
  5.425000E+00  1.755937E+00  1.485111E+01
  5.475000E+00  1.729836E+00  1.521711E+01
  5.525000E+00  1.733899E+00  1.559071E+01
  5.575000E+00  1.728612E+00  1.596994E+01
  5.625000E+00  1.725429E+00  1.635529E+01
  5.675000E+00  1.730685E+00  1.674871E+01
  5.725000E+00  1.710474E+00  1.714443E+01
  5.775000E+00  1.717545E+00  1.754875E+01
  5.825000E+00  1.720974E+00  1.796092E+01
  5.875000E+00  1.709393E+00  1.837738E+01
  5.925000E+00  1.729485E+00  1.880593E+01
  5.975000E+00  1.744303E+00  1.924549E+01
O       O_s     
  2.500000E-02  1.850276E+03  1.088343E-02
  7.500000E-02  1.708784E+03  8.124162E-02
  1.250000E-01  1.863797E+03  2.895379E-01
  1.750000E-01  1.384707E+03  5.909003E-01
  2.250000E-01  7.702585E+02  8.672734E-01
  2.750000E-01  2.156838E+02  9.827219E-01
  3.250000E-01  2.215386E+01  9.992713E-01
  3.750000E-01  5.029071E-01  9.997712E-01
  4.250000E-01  6.786175E-02  9.998579E-01
  4.750000E-01  2.483169E-02  9.998974E-01
  5.250000E-01  1.240951E-02  9.999216E-01
  5.750000E-01  6.383993E-03  9.999365E-01
  6.250000E-01  2.981481E-03  9.999447E-01
  6.750000E-01  2.396563E-03  9.999524E-01
  7.250000E-01  1.939026E-03  9.999596E-01
  7.750000E-01  1.151525E-03  9.999645E-01
  8.250000E-01  4.813659E-04  9.999668E-01
  8.750000E-01  7.132317E-04  9.999707E-01
  9.250000E-01  5.105822E-04  9.999738E-01
  9.750000E-01  5.744609E-04  9.999776E-01
  1.025000E+00  2.079175E-04  9.999792E-01
  1.075000E+00  3.780591E-04  9.999823E-01
  1.125000E+00  4.602747E-04  9.999864E-01
  1.175000E+00  3.691989E-04  9.999900E-01
  1.225000E+00  4.124678E-04  9.999943E-01
  1.275000E+00  3.135636E-04  9.999979E-01
  1.325000E+00  2.073912E-04  1.000001E+00
  1.375000E+00  3.081345E-04  1.000005E+00
  1.425000E+00  1.972387E-04  1.000007E+00
  1.475000E+00  3.179813E-04  1.000012E+00
  1.525000E+00  3.600998E-04  1.000018E+00
  1.575000E+00  1.071517E-03  1.000037E+00
  1.625000E+00  1.503001E-03  1.000065E+00
  1.675000E+00  3.504092E-03  1.000134E+00
  1.725000E+00  8.455574E-03  1.000312E+00
  1.775000E+00  1.219272E-02  1.000583E+00
  1.825000E+00  1.243029E-02  1.000875E+00
  1.875000E+00  2.307600E-02  1.001448E+00
  1.925000E+00  4.663538E-02  1.002668E+00
  1.975000E+00  2.174038E-01  1.008654E+00
  2.025000E+00  4.033456E-01  1.020329E+00
  2.075000E+00  5.252559E-01  1.036293E+00
  2.125000E+00  6.590402E-01  1.057300E+00
  2.175000E+00  1.989156E+00  1.123723E+00
  2.225000E+00  5.015513E+00  1.298991E+00
  2.275000E+00  8.512684E+00  1.609989E+00
  2.325000E+00  8.520541E+00  1.935107E+00
  2.375000E+00  3.480545E+00  2.073687E+00
  2.425000E+00  1.083269E+00  2.118653E+00
  2.475000E+00  6.216898E-01  2.145534E+00
  2.525000E+00  6.429007E-01  2.174467E+00
  2.575000E+00  8.590971E-01  2.214676E+00
  2.625000E+00  1.127992E+00  2.269540E+00
  2.675000E+00  1.491500E+00  2.344875E+00
  2.725000E+00  1.811186E+00  2.439808E+00
  2.775000E+00  2.145207E+00  2.556413E+00
  2.825000E+00  2.341295E+00  2.688304E+00
  2.875000E+00  2.471249E+00  2.832487E+00
  2.925000E+00  2.591417E+00  2.988986E+00
  2.975000E+00  2.781431E+00  3.162751E+00
  3.025000E+00  2.935962E+00  3.352388E+00
  3.075000E+00  3.198793E+00  3.565887E+00
  3.125000E+00  3.234363E+00  3.788838E+00
  3.175000E+00  3.290354E+00  4.022964E+00
  3.225000E+00  3.294949E+00  4.264859E+00
  3.275000E+00  3.304867E+00  4.515064E+00
  3.325000E+00  3.233105E+00  4.767367E+00
  3.375000E+00  3.107120E+00  5.017185E+00
  3.425000E+00  2.932508E+00  5.260002E+00
  3.475000E+00  2.738792E+00  5.493448E+00
  3.525000E+00  2.553227E+00  5.717385E+00
  3.575000E+00  2.401182E+00  5.934003E+00
  3.625000E+00  2.248834E+00  6.142592E+00
  3.675000E+00  2.128306E+00  6.345484E+00
  3.725000E+00  2.072103E+00  6.548430E+00
  3.775000E+00  2.006058E+00  6.750218E+00
  3.825000E+00  2.024202E+00  6.959260E+00
  3.875000E+00  1.993145E+00  7.170511E+00
  3.925000E+00  1.957887E+00  7.383415E+00
  3.975000E+00  1.969666E+00  7.603091E+00
  4.025000E+00  1.975494E+00  7.828995E+00
  4.075000E+00  1.949799E+00  8.057535E+00
  4.125000E+00  1.937442E+00  8.290233E+00
  4.175000E+00  1.933669E+00  8.528142E+00
  4.225000E+00  1.913831E+00  8.769284E+00
  4.275000E+00  1.916743E+00  9.016542E+00
  4.325000E+00  1.900940E+00  9.267532E+00
  4.375000E+00  1.894635E+00  9.523507E+00
  4.425000E+00  1.871340E+00  9.782146E+00
  4.475000E+00  1.871099E+00  1.004663E+01
  4.525000E+00  1.879028E+00  1.031820E+01
  4.575000E+00  1.856614E+00  1.059250E+01
  4.625000E+00  1.882732E+00  1.087676E+01
  4.675000E+00  1.871911E+00  1.116554E+01
  4.725000E+00  1.858129E+00  1.145836E+01
  4.775000E+00  1.818226E+00  1.175098E+01
  4.825000E+00  1.791248E+00  1.204533E+01
  4.875000E+00  1.785658E+00  1.234488E+01
  4.925000E+00  1.762394E+00  1.264661E+01
  4.975000E+00  1.748958E+00  1.295216E+01
  5.025000E+00  1.728725E+00  1.326028E+01
  5.075000E+00  1.742535E+00  1.357706E+01
  5.125000E+00  1.734057E+00  1.389855E+01
  5.175000E+00  1.714172E+00  1.422259E+01
  5.225000E+00  1.735471E+00  1.455701E+01
  5.275000E+00  1.735233E+00  1.489783E+01
  5.325000E+00  1.735070E+00  1.524510E+01
  5.375000E+00  1.729321E+00  1.559775E+01
  5.425000E+00  1.726822E+00  1.595648E+01
  5.475000E+00  1.723607E+00  1.632116E+01
  5.525000E+00  1.716786E+00  1.669107E+01
  5.575000E+00  1.716753E+00  1.706770E+01
  5.625000E+00  1.712436E+00  1.745015E+01
  5.675000E+00  1.701480E+00  1.783693E+01
  5.725000E+00  1.702966E+00  1.823091E+01
  5.775000E+00  1.696366E+00  1.863025E+01
  5.825000E+00  1.721465E+00  1.904254E+01
  5.875000E+00  1.724068E+00  1.946257E+01
  5.925000E+00  1.724828E+00  1.988997E+01
  5.975000E+00  1.718747E+00  2.032308E+01
O_s     O_s     
  2.500000E-02  0.000000E+00  0.000000E+00
  7.500000E-02  0.000000E+00  0.000000E+00
  1.250000E-01  0.000000E+00  0.000000E+00
  1.750000E-01  0.000000E+00  0.000000E+00
  2.250000E-01  0.000000E+00  0.000000E+00
  2.750000E-01  0.000000E+00  0.000000E+00
  3.250000E-01  6.884125E-04  5.142590E-07
  3.750000E-01  0.000000E+00  5.142590E-07
  4.250000E-01  0.000000E+00  5.142590E-07
  4.750000E-01  0.000000E+00  5.142590E-07
  5.250000E-01  0.000000E+00  5.142590E-07
  5.750000E-01  2.202226E-04  1.028518E-06
  6.250000E-01  0.000000E+00  1.028518E-06
  6.750000E-01  0.000000E+00  1.028518E-06
  7.250000E-01  1.385553E-04  1.542777E-06
  7.750000E-01  1.212599E-04  2.057036E-06
  8.250000E-01  1.070115E-04  2.571295E-06
  8.750000E-01  0.000000E+00  2.571295E-06
  9.250000E-01  0.000000E+00  2.571295E-06
  9.750000E-01  1.532487E-04  3.599813E-06
  1.025000E+00  2.079977E-04  5.142590E-06
  1.075000E+00  0.000000E+00  5.142590E-06
  1.125000E+00  1.726696E-04  6.685367E-06
  1.175000E+00  1.055261E-04  7.713885E-06
  1.225000E+00  2.427218E-04  1.028518E-05
  1.275000E+00  2.688725E-04  1.337073E-05
  1.325000E+00  8.298850E-05  1.439925E-05
  1.375000E+00  2.697218E-04  1.799906E-05
  1.425000E+00  1.793771E-04  2.057036E-05
  1.475000E+00  2.009078E-04  2.365591E-05
  1.525000E+00  4.072265E-04  3.034128E-05
  1.575000E+00  7.048308E-04  4.268350E-05
  1.625000E+00  1.296666E-03  6.685367E-05
  1.675000E+00  2.077301E-03  1.079944E-04
  1.725000E+00  6.536931E-03  2.453015E-04
  1.775000E+00  1.287956E-02  5.317438E-04
  1.825000E+00  1.507522E-01  4.076017E-03
  1.875000E+00  5.757964E-01  1.836522E-02
  1.925000E+00  3.755666E-01  2.818911E-02
  1.975000E+00  2.195328E-01  3.423371E-02
  2.025000E+00  5.234333E-01  4.938480E-02
  2.075000E+00  2.081530E+00  1.126479E-01
  2.125000E+00  5.827516E+00  2.983993E-01
  2.175000E+00  1.048944E+01  6.486673E-01
  2.225000E+00  7.631743E+00  9.153609E-01
  2.275000E+00  3.329514E+00  1.037000E+00
  2.325000E+00  1.241612E+00  1.084376E+00
  2.375000E+00  6.587417E-01  1.110604E+00
  2.425000E+00  4.898071E-01  1.130936E+00
  2.475000E+00  5.453362E-01  1.154516E+00
  2.525000E+00  7.715661E-01  1.189239E+00
  2.575000E+00  1.296691E+00  1.249929E+00
  2.625000E+00  1.821596E+00  1.338529E+00
  2.675000E+00  2.025382E+00  1.440829E+00
  2.725000E+00  2.092708E+00  1.550519E+00
  2.775000E+00  2.248549E+00  1.672741E+00
  2.825000E+00  2.449026E+00  1.810701E+00
  2.875000E+00  2.622393E+00  1.963702E+00
  2.925000E+00  2.793561E+00  2.132408E+00
  2.975000E+00  3.007105E+00  2.320272E+00
  3.025000E+00  3.215113E+00  2.527939E+00
  3.075000E+00  3.317802E+00  2.749382E+00
  3.125000E+00  3.431999E+00  2.985956E+00
  3.175000E+00  3.381781E+00  3.226587E+00
  3.225000E+00  3.347342E+00  3.472329E+00
  3.275000E+00  3.309339E+00  3.722873E+00
  3.325000E+00  3.105148E+00  3.965190E+00
  3.375000E+00  2.844336E+00  4.193880E+00
  3.425000E+00  2.637093E+00  4.412236E+00
  3.475000E+00  2.422890E+00  4.618755E+00
  3.525000E+00  2.299857E+00  4.820470E+00
  3.575000E+00  2.198319E+00  5.018787E+00
  3.625000E+00  2.036761E+00  5.207705E+00
  3.675000E+00  2.054181E+00  5.403532E+00
  3.725000E+00  1.983061E+00  5.597757E+00
  3.775000E+00  1.936011E+00  5.792499E+00
  3.825000E+00  1.974227E+00  5.996380E+00
  3.875000E+00  1.986064E+00  6.206880E+00
  3.925000E+00  1.971303E+00  6.421243E+00
  3.975000E+00  1.962599E+00  6.640131E+00
  4.025000E+00  1.923083E+00  6.860042E+00
  4.075000E+00  1.919340E+00  7.085011E+00
  4.125000E+00  1.898937E+00  7.313084E+00
  4.175000E+00  1.887608E+00  7.545326E+00
  4.225000E+00  1.888814E+00  7.783316E+00
  4.275000E+00  1.892098E+00  8.027396E+00
  4.325000E+00  1.903705E+00  8.278750E+00
  4.375000E+00  1.912892E+00  8.537192E+00
  4.425000E+00  1.921292E+00  8.802735E+00
  4.475000E+00  1.850956E+00  9.064371E+00
  4.525000E+00  1.897439E+00  9.338604E+00
  4.575000E+00  1.933032E+00  9.624190E+00
  4.625000E+00  1.916565E+00  9.913565E+00
  4.675000E+00  1.913331E+00  1.020873E+01
  4.725000E+00  1.871678E+00  1.050368E+01
  4.775000E+00  1.883297E+00  1.080678E+01
  4.825000E+00  1.835592E+00  1.110842E+01
  4.875000E+00  1.826520E+00  1.141482E+01
  4.925000E+00  1.804833E+00  1.172382E+01
  4.975000E+00  1.792378E+00  1.203695E+01
  5.025000E+00  1.798856E+00  1.235757E+01
  5.075000E+00  1.751575E+00  1.267600E+01
  5.125000E+00  1.756046E+00  1.300156E+01
  5.175000E+00  1.744642E+00  1.333136E+01
  5.225000E+00  1.744226E+00  1.366747E+01
  5.275000E+00  1.734664E+00  1.400817E+01
  5.325000E+00  1.723976E+00  1.435323E+01
  5.375000E+00  1.723317E+00  1.470465E+01
  5.425000E+00  1.721275E+00  1.506223E+01
  5.475000E+00  1.709349E+00  1.542390E+01
  5.525000E+00  1.700217E+00  1.579023E+01
  5.575000E+00  1.686299E+00  1.616018E+01
  5.625000E+00  1.706814E+00  1.654137E+01
  5.675000E+00  1.713080E+00  1.693080E+01
  5.725000E+00  1.680865E+00  1.731966E+01
  5.775000E+00  1.694830E+00  1.771863E+01
  5.825000E+00  1.722193E+00  1.813110E+01
  5.875000E+00  1.719561E+00  1.855003E+01
  5.925000E+00  1.723773E+00  1.897717E+01
  5.975000E+00  1.736109E+00  1.941466E+01
