title: # Li56 La24 Zr16 O96                                                    
energy unitS: electron Volts
         0  0.000000E+00        52
 -5.381061E+05  8.500000E+02 -5.407429E+05  6.307024E+04 -6.038132E+05
  0.000000E+00  0.000000E+00  0.000000E+00  0.000000E+00 -5.381060E+05
  0.000000E+00  1.563293E+05 -4.473454E+05  6.036747E+05  0.000000E+00
  0.000000E+00  0.000000E+00  0.000000E+00  2.781571E+05  0.000000E+00
  0.000000E+00  0.000000E+00  9.000000E+01  9.000000E+01  9.000000E+01
  0.000000E+00 -2.862330E+02  0.000000E+00 -2.996078E+02 -3.413163E-02
  3.489800E-03 -3.413163E-02 -2.995644E+02  5.933167E-02  3.489800E-03
  5.933167E-02 -2.595267E+02  0.000000E+00  0.000000E+00  0.000000E+00
  0.000000E+00  0.000000E+00  6.618035E+01  0.000000E+00  0.000000E+00
  0.000000E+00  6.618035E+01  0.000000E+00  0.000000E+00  0.000000E+00
  6.350853E+01 -5.035190E+04
      1000  2.000000E-01        52
 -5.706231E+05  8.500000E+02 -5.732604E+05  1.127245E+05 -6.914234E+05
  0.000000E+00  0.000000E+00  0.000000E+00  0.000000E+00 -5.706234E+05
  0.000000E+00  6.850714E+03 -6.951943E+05  6.911682E+05  0.000000E+00
  0.000000E+00  0.000000E+00  0.000000E+00  2.769144E+05  2.831994E-02
  5.438422E+03  1.087684E+04  9.000000E+01  9.000000E+01  9.000000E+01
  0.000000E+00 -3.001821E+00  5.055597E-01 -1.901353E+01  8.942581E-02
  4.644517E-01  8.942581E-02 -2.053848E+01  1.178203E+00  4.644517E-01
  1.178203E+00  3.054654E+01  1.552137E+00  2.105634E-01  1.948858E-01
  7.916103E-01  8.353256E-01  6.608164E+01  0.000000E+00  0.000000E+00
  0.000000E+00  6.608164E+01  0.000000E+00  0.000000E+00  0.000000E+00
  6.341381E+01 -5.256980E+02
      2000  4.000000E-01        52
 -5.712329E+05  8.496369E+02 -5.738691E+05  1.122694E+05 -6.916084E+05
  0.000000E+00  0.000000E+00  0.000000E+00  0.000000E+00 -5.712332E+05
  0.000000E+00  1.331906E+04 -6.889629E+05  6.913422E+05  0.000000E+00
  0.000000E+00  0.000000E+00  0.000000E+00  2.768209E+05  5.852913E-01
  5.469872E+03  1.093974E+04  9.000000E+01  9.000000E+01  9.000000E+01
  0.000000E+00 -1.532305E+01  5.000219E-01 -2.853708E+01  5.450402E-01
  8.770423E-01  5.450402E-01 -3.026651E+01  6.162273E-01  8.770423E-01
  6.162273E-01  1.283442E+01  2.323594E+00  9.092632E-01  8.811135E-01
  1.681251E+00  1.687213E+00  6.607421E+01  0.000000E+00  0.000000E+00
  0.000000E+00  6.607421E+01  0.000000E+00  0.000000E+00  0.000000E+00
  6.340667E+01 -2.682565E+03
      3000  6.000000E-01        52
 -5.715173E+05  8.498770E+02 -5.741542E+05  1.128138E+05 -6.925754E+05
  0.000000E+00  0.000000E+00  0.000000E+00  0.000000E+00 -5.715176E+05
  0.000000E+00  1.250719E+04 -6.910110E+05  6.923035E+05  0.000000E+00
  0.000000E+00  0.000000E+00  0.000000E+00  2.765361E+05  1.874932E+00
  5.607327E+03  1.121465E+04  9.000000E+01  9.000000E+01  9.000000E+01
  0.000000E+00 -1.378857E+01  4.957528E-01 -1.909375E+01 -1.394167E-01
  4.102030E-01 -1.394167E-01 -2.201466E+01 -7.746279E-01  4.102030E-01
 -7.746279E-01 -2.572905E-01  2.814612E+00  1.402593E+00  1.311538E+00
  2.348078E+00  2.322335E+00  6.605154E+01  0.000000E+00  0.000000E+00
  0.000000E+00  6.605154E+01  0.000000E+00  0.000000E+00  0.000000E+00
  6.338492E+01 -2.411443E+03
      4000  8.000000E-01        52
  8.983200E+08  8.500000E+02 -5.228159E+05  6.297567E+04 -6.177882E+05
  0.000000E+00  0.000000E+00  0.000000E+00  0.000000E+00 -5.201787E+05
  0.000000E+00  2.972521E+05 -3.814136E+05  6.146724E+05  0.000000E+00
  0.000000E+00  0.000000E+00  0.000000E+00  5.224765E+05  1.339091E-01
  3.199670E+04  6.399340E+04  9.000000E+01  9.000000E+01  9.000000E+01
  0.000000E+00 -2.945486E+02  8.988402E+08 -2.859413E+02 -1.092256E+01
 -2.193556E+01 -1.092256E+01 -3.347453E+02 -4.524012E+01 -2.193556E+01
 -4.524012E+01 -2.629591E+02  3.254828E+00  1.439970E+00  1.305133E+00
  2.823044E+00  3.748833E+03  8.165596E+01  0.000000E+00  0.000000E+00
  0.000000E+00  8.165596E+01  0.000000E+00  0.000000E+00  0.000000E+00
  7.835937E+01 -9.732618E+04
      5000  1.000000E+00        52
  8.984561E+08  8.541576E+02 -5.534747E+05  1.019419E+05 -6.603368E+05
  0.000000E+00  0.000000E+00  0.000000E+00  0.000000E+00 -5.508246E+05
  0.000000E+00  7.990386E+04 -5.836259E+05  6.536896E+05  0.000000E+00
  0.000000E+00  0.000000E+00  0.000000E+00  6.506136E+05  9.012582E-01
  4.920078E+03  9.840156E+03  9.000000E+01  9.000000E+01  9.000000E+01
  0.000000E+00 -6.043859E+01  8.990069E+08 -6.343179E+01  1.917142E+00
 -1.336574E-01  1.917142E+00 -5.997725E+01 -5.155487E-02 -1.336574E-01
 -5.155487E-02 -5.790671E+01  4.972752E+00  2.056240E+00  1.726796E+00
  5.095976E+00  4.345236E+03  8.784965E+01  0.000000E+00  0.000000E+00
  0.000000E+00  8.784965E+01  0.000000E+00  0.000000E+00  0.000000E+00
  8.430300E+01 -2.486815E+04
      6000  1.200000E+00        52
  9.328219E+08  8.547582E+02 -5.559093E+05  1.052004E+05 -6.672728E+05
  0.000000E+00  0.000000E+00  0.000000E+00  0.000000E+00 -5.532573E+05
  0.000000E+00  6.142459E+04 -6.069775E+05  6.560759E+05  0.000000E+00
  0.000000E+00  0.000000E+00  0.000000E+00  7.702118E+05  6.060638E+00
  6.163087E+03  1.232617E+04  9.000000E+01  9.000000E+01  9.000000E+01
  0.000000E+00 -3.840532E+01  9.333752E+08 -3.863988E+01  1.890796E+00
  5.419140E-01  1.890796E+00 -3.938095E+01  2.189669E+00  5.419140E-01
  2.189669E+00 -3.719515E+01  6.204868E+00  3.094164E+00  2.524333E+00
  7.448680E+00  5.002047E+03  9.293281E+01  0.000000E+00  0.000000E+00
  0.000000E+00  9.293281E+01  0.000000E+00  0.000000E+00  0.000000E+00
  8.918094E+01 -1.870715E+04
      7000  1.400000E+00        52
  9.328195E+08  8.500000E+02 -5.596081E+05  1.098313E+05 -6.764955E+05
  0.000000E+00  0.000000E+00  0.000000E+00  0.000000E+00 -5.569708E+05
  0.000000E+00  4.123051E+04 -6.374569E+05  6.645751E+05  0.000000E+00
  0.000000E+00  0.000000E+00  0.000000E+00  7.850041E+05  2.608630E-02
  7.056187E+03  1.411237E+04  9.000000E+01  9.000000E+01  9.000000E+01
  0.000000E+00 -2.414254E+01  9.333765E+08 -2.298830E+01  8.272346E-01
 -1.752309E+00  8.272346E-01 -2.512014E+01  5.195800E-01 -1.752309E+00
  5.195800E-01 -2.431917E+01  7.272394E+00  4.367257E+00  3.362884E+00
  1.079879E+01  5.094219E+03  9.352398E+01  0.000000E+00  0.000000E+00
  0.000000E+00  9.352398E+01  0.000000E+00  0.000000E+00  0.000000E+00
  8.974825E+01 -1.198563E+04
      8000  1.600000E+00        52
  9.328325E+08  8.880985E+02 -5.591218E+05  1.120827E+05 -6.800897E+05
  0.000000E+00  0.000000E+00  0.000000E+00  0.000000E+00 -5.563662E+05
  0.000000E+00  2.981920E+04 -6.517046E+05  6.637536E+05  0.000000E+00
  0.000000E+00  0.000000E+00  0.000000E+00  8.763637E+05  7.449714E+01
  8.885131E+03  1.777026E+04  9.000000E+01  9.000000E+01  9.000000E+01
  0.000000E+00 -1.462039E+01  9.333888E+08 -1.528112E+01  2.931761E-01
 -1.484395E+00  2.931761E-01 -1.391352E+01  2.941968E+00 -1.484395E+00
  2.941968E+00 -1.466653E+01  8.884870E+00  6.141370E+00  4.678731E+00
  1.605898E+01  5.527514E+03  9.701982E+01  0.000000E+00  0.000000E+00
  0.000000E+00  9.701982E+01  0.000000E+00  0.000000E+00  0.000000E+00
  9.310296E+01 -8.103068E+03
      9000  1.800000E+00        52
  9.328739E+08  3.715198E+03 -5.297179E+05  1.123390E+05 -6.811663E+05
  0.000000E+00  0.000000E+00  0.000000E+00  0.000000E+00 -5.181923E+05
  0.000000E+00  8.565106E+04 -6.545264E+05  6.619587E+05  0.000000E+00
  0.000000E+00  0.000000E+00  0.000000E+00  9.262011E+05  5.738296E+03
  3.910938E+04  7.821875E+04  9.000000E+01  9.000000E+01  9.000000E+01
  0.000000E+00 -3.562450E+01  9.333921E+08 -3.181495E+01 -1.052255E+01
  3.003494E+01 -1.052255E+01 -1.656004E+01  1.612178E+01  3.003494E+01
  1.612178E+01 -5.849850E+01  9.897867E+00  7.180134E+00  5.531608E+00
  2.032665E+01  5.662772E+03  9.882514E+01  0.000000E+00  0.000000E+00
  0.000000E+00  9.882514E+01  0.000000E+00  0.000000E+00  0.000000E+00
  9.483539E+01 -2.086700E+04
     10000  2.000000E+00        52
  9.328312E+08  8.500000E+02 -5.636249E+05  1.131968E+05 -6.839674E+05
  0.000000E+00  0.000000E+00  0.000000E+00  0.000000E+00 -5.609875E+05
  0.000000E+00  1.750417E+04 -6.613429E+05  6.645557E+05  0.000000E+00
  0.000000E+00  0.000000E+00  0.000000E+00  9.254185E+05  2.359340E-02
  7.145684E+03  1.429137E+04  9.000000E+01  9.000000E+01  9.000000E+01
  0.000000E+00 -6.965955E+00  9.333922E+08 -4.061430E+00 -2.891879E-01
  1.273420E-01 -2.891879E-01 -6.254161E+00 -2.657230E-01  1.273420E-01
 -2.657230E-01 -1.058227E+01  1.114585E+01  8.513004E+00  6.637300E+00
  2.744106E+01  5.676342E+03  9.879729E+01  0.000000E+00  0.000000E+00
  0.000000E+00  9.879729E+01  0.000000E+00  0.000000E+00  0.000000E+00
  9.480867E+01 -4.076851E+03
     11000  2.200000E+00        52
  9.592363E+08  8.498919E+02 -5.636612E+05  1.123671E+05 -6.830619E+05
  0.000000E+00  0.000000E+00  0.000000E+00  0.000000E+00 -5.610242E+05
  0.000000E+00  1.941630E+04 -6.572653E+05  6.626145E+05  0.000000E+00
  0.000000E+00  0.000000E+00  0.000000E+00  9.426550E+05  7.806926E-01
  7.033542E+03  1.406708E+04  9.000000E+01  9.000000E+01  9.000000E+01
  0.000000E+00 -7.908101E+00  9.597973E+08 -4.535650E+00  1.639692E+00
 -1.722060E+00  1.639692E+00 -7.961030E+00 -3.367376E-01 -1.722060E+00
 -3.367376E-01 -1.122762E+01  1.154303E+01  8.831046E+00  6.945815E+00
  2.962102E+01  5.746312E+03  9.940691E+01  0.000000E+00  0.000000E+00
  0.000000E+00  9.940691E+01  0.000000E+00  0.000000E+00  0.000000E+00
  9.539368E+01 -4.714450E+03
     12000  2.400000E+00        52
  9.616017E+08  8.499436E+02 -5.636621E+05  1.117104E+05 -6.821539E+05
  0.000000E+00  0.000000E+00  0.000000E+00  0.000000E+00 -5.610249E+05
  0.000000E+00  1.991681E+04 -6.527523E+05  6.591064E+05  0.000000E+00
  0.000000E+00  0.000000E+00  0.000000E+00  9.858667E+05  1.942214E+00
  6.781324E+03  1.356265E+04  9.000000E+01  9.000000E+01  9.000000E+01
  0.000000E+00 -7.828898E+00  9.621627E+08 -7.252401E+00 -1.274236E+00
 -3.769257E-01 -1.274236E+00 -6.101588E+00  5.119888E-01 -3.769257E-01
  5.119888E-01 -1.013270E+01  1.256353E+01  9.570890E+00  7.621754E+00
  3.388712E+01  5.915284E+03  1.009032E+02  0.000000E+00  0.000000E+00
  0.000000E+00  1.009032E+02  0.000000E+00  0.000000E+00  0.000000E+00
  9.682958E+01 -4.881180E+03
     13000  2.600000E+00        52
  9.636943E+08  8.500000E+02 -5.646493E+05  1.129130E+05 -6.847891E+05
  0.000000E+00  0.000000E+00  0.000000E+00  0.000000E+00 -5.620118E+05
  0.000000E+00  1.339299E+04 -6.624306E+05  6.613699E+05  0.000000E+00
  0.000000E+00  0.000000E+00  0.000000E+00  9.840542E+05  2.592800E-02
  7.226870E+03  1.445374E+04  9.000000E+01  9.000000E+01  9.000000E+01
  0.000000E+00 -4.348865E+00  9.642563E+08 -5.070252E+00  1.149164E+00
  8.524441E-01  1.149164E+00 -1.427041E+00  1.827930E+00  8.524441E-01
  1.827930E+00 -6.549300E+00  1.477822E+01  1.045248E+01  8.404964E+00
  3.798574E+01  5.921659E+03  1.008414E+02  0.000000E+00  0.000000E+00
  0.000000E+00  1.008414E+02  0.000000E+00  0.000000E+00  0.000000E+00
  9.677021E+01 -2.706456E+03
     14000  2.800000E+00        52
  9.639386E+08  8.480819E+02 -5.637604E+05  1.110139E+05 -6.819343E+05
  0.000000E+00  0.000000E+00  0.000000E+00  0.000000E+00 -5.611288E+05
  0.000000E+00  8.117604E+03 -6.526683E+05  6.464659E+05  0.000000E+00
  0.000000E+00  0.000000E+00  0.000000E+00  1.169296E+06  6.945226E-01
  7.159991E+03  1.431998E+04  9.000000E+01  9.000000E+01  9.000000E+01
  0.000000E+00 -1.287327E+00  9.644997E+08 -1.113245E+00  2.268361E-01
 -8.331108E-02  2.268361E-01 -5.794713E-01 -1.227733E-01 -8.331108E-02
 -1.227733E-01 -2.169264E+00  1.788027E+01  1.191333E+01  9.794658E+00
  4.167993E+01  6.834577E+03  1.068088E+02  0.000000E+00  0.000000E+00
  0.000000E+00  1.068088E+02  0.000000E+00  0.000000E+00  0.000000E+00
  1.024968E+02 -9.519614E+02
     15000  3.000000E+00        52
  9.639485E+08  8.551190E+02 -5.651919E+05  1.099263E+05 -6.819589E+05
  0.000000E+00  0.000000E+00  0.000000E+00  0.000000E+00 -5.625384E+05
  0.000000E+00  2.595714E+03 -6.449259E+05  6.338404E+05  0.000000E+00
  0.000000E+00  0.000000E+00  0.000000E+00  1.346980E+06  8.555158E+00
  6.840651E+03  1.368130E+04  9.000000E+01  9.000000E+01  9.000000E+01
  0.000000E+00  1.060297E+00  9.645110E+08  2.499386E+00  1.665082E+00
 -4.872661E-01  1.665082E+00  1.443823E+00 -2.416083E-01 -4.872661E-01
 -2.416083E-01 -7.623190E-01  1.989742E+01  1.339638E+01  1.120998E+01
  4.765938E+01  7.400318E+03  1.119660E+02  0.000000E+00  0.000000E+00
  0.000000E+00  1.119660E+02  0.000000E+00  0.000000E+00  0.000000E+00
  1.074457E+02  9.032218E+02
     16000  3.200000E+00        52
  2.082152E+12  8.500000E+02 -5.658753E+05  1.075838E+05 -6.802850E+05
  0.000000E+00  0.000000E+00  0.000000E+00  0.000000E+00 -5.632376E+05
  0.000000E+00  7.700986E+03 -6.329690E+05  6.270181E+05  0.000000E+00
  0.000000E+00  0.000000E+00  0.000000E+00  1.413945E+06  1.543561E-02
  6.825927E+03  1.365185E+04  9.000000E+01  9.000000E+01  9.000000E+01
  0.000000E+00 -9.048475E-01  2.082152E+12  2.161329E-01 -6.905840E-01
 -1.397002E+00 -6.905840E-01 -1.176985E+00  8.870561E-01 -1.397002E+00
  8.870561E-01 -1.753691E+00  2.072353E+01  1.407917E+01  1.188111E+01
  5.137539E+01  7.562378E+03  1.137915E+02  0.000000E+00  0.000000E+00
  0.000000E+00  1.137915E+02  0.000000E+00  0.000000E+00  0.000000E+00
  1.091975E+02 -8.091219E+02
     17000  3.400000E+00        52
  2.082152E+12  1.062725E+03 -5.664305E+05  1.088845E+05 -6.822179E+05
  0.000000E+00  0.000000E+00  0.000000E+00  0.000000E+00 -5.631328E+05
  0.000000E+00 -2.689885E+03 -6.401269E+05  6.236312E+05  0.000000E+00
  0.000000E+00  0.000000E+00  0.000000E+00  1.479236E+06  3.827028E+02
  6.902917E+03  1.380583E+04  9.000000E+01  9.000000E+01  9.000000E+01
  0.000000E+00  3.307791E+00  2.082152E+12  3.219518E+00  9.576344E-01
 -1.246041E+00  9.576344E-01  3.346065E+00 -1.661433E+00 -1.246041E+00
 -1.661433E+00  3.357791E+00  2.167955E+01  1.486925E+01  1.270624E+01
  5.619339E+01  7.712725E+03  1.155167E+02  0.000000E+00  0.000000E+00
  0.000000E+00  1.155167E+02  0.000000E+00  0.000000E+00  0.000000E+00
  1.108531E+02  3.094436E+03
     18000  3.600000E+00        52
  5.906421E+12  8.506325E+02 -5.665254E+05  1.078704E+05 -6.814316E+05
  0.000000E+00  0.000000E+00  0.000000E+00  0.000000E+00 -5.638857E+05
  0.000000E+00 -9.616769E+02 -6.328085E+05  6.177752E+05  0.000000E+00
  0.000000E+00  0.000000E+00  0.000000E+00  1.540799E+06  2.212085E+00
  7.035807E+03  1.407161E+04  9.000000E+01  9.000000E+01  9.000000E+01
  0.000000E+00  2.134308E+00  5.906422E+12  2.514658E+00 -5.665295E-01
  3.518645E-01 -5.665295E-01  2.463459E+00 -7.574693E-01  3.518645E-01
 -7.574693E-01  1.424807E+00  2.269264E+01  1.557860E+01  1.337520E+01
  5.938418E+01  7.861957E+03  1.170975E+02  0.000000E+00  0.000000E+00
  0.000000E+00  1.170975E+02  0.000000E+00  0.000000E+00  0.000000E+00
  1.123701E+02  2.079740E+03
     19000  3.800000E+00        52
  5.906421E+12  8.500000E+02 -5.681880E+05  1.093729E+05 -6.845961E+05
  0.000000E+00  0.000000E+00  0.000000E+00  0.000000E+00 -5.655502E+05
  0.000000E+00 -1.389600E+04 -6.442122E+05  6.162459E+05  0.000000E+00
  0.000000E+00  0.000000E+00  0.000000E+00  1.592077E+06  2.284804E-02
  7.035128E+03  1.407026E+04  9.000000E+01  9.000000E+01  9.000000E+01
  0.000000E+00  6.346323E+00  5.906422E+12  6.376717E+00 -1.239630E+00
 -2.322488E-01 -1.239630E+00  8.861792E+00  4.677129E-01 -2.322488E-01
  4.677129E-01  3.800460E+00  2.389888E+01  1.658079E+01  1.438758E+01
  6.455688E+01  8.000402E+03  1.183824E+02  0.000000E+00  0.000000E+00
  0.000000E+00  1.183824E+02  0.000000E+00  0.000000E+00  0.000000E+00
  1.136031E+02  6.389872E+03
     20000  4.000000E+00        52
  5.906421E+12  8.498856E+02 -5.693480E+05  1.108004E+05 -6.874938E+05
  0.000000E+00  0.000000E+00  0.000000E+00  0.000000E+00 -5.667106E+05
  0.000000E+00 -2.105337E+04 -6.531238E+05  6.173796E+05  0.000000E+00
  0.000000E+00  0.000000E+00  0.000000E+00  1.597012E+06  3.404447E-01
  7.345406E+03  1.469081E+04  9.000000E+01  9.000000E+01  9.000000E+01
  0.000000E+00  8.688683E+00  5.906422E+12  8.148133E+00 -3.531103E-01
 -6.246310E-01 -3.531103E-01  1.030585E+01  2.134215E+00 -6.246310E-01
  2.134215E+00  7.612072E+00  2.594553E+01  1.831016E+01  1.607672E+01
  7.675434E+01  8.041630E+03  1.185046E+02  0.000000E+00  0.000000E+00
  0.000000E+00  1.185046E+02  0.000000E+00  0.000000E+00  0.000000E+00
  1.137203E+02  8.775427E+03
     21000  4.200000E+00        52
  5.906421E+12  8.941721E+02 -5.695550E+05  1.109377E+05 -6.883960E+05
  0.000000E+00  0.000000E+00  0.000000E+00  0.000000E+00 -5.667801E+05
  0.000000E+00 -2.242549E+04 -6.548384E+05  6.166063E+05  0.000000E+00
  0.000000E+00  0.000000E+00  0.000000E+00  1.602706E+06  8.605973E+01
  7.903307E+03  1.580661E+04  9.000000E+01  9.000000E+01  9.000000E+01
  0.000000E+00  9.199419E+00  5.906422E+12  9.306941E+00 -6.685396E-01
 -6.499437E-01 -6.685396E-01  1.013296E+01  1.586436E+00 -6.499437E-01
  1.586436E+00  8.158357E+00  2.699897E+01  1.922768E+01  1.700380E+01
  8.802314E+01  8.061777E+03  1.186452E+02  0.000000E+00  0.000000E+00
  0.000000E+00  1.186452E+02  0.000000E+00  0.000000E+00  0.000000E+00
  1.138553E+02  9.324387E+03
     22000  4.400000E+00        52
  5.906442E+12  8.500000E+02 -5.701247E+05  1.108821E+05 -6.884407E+05
  0.000000E+00  0.000000E+00  0.000000E+00  0.000000E+00 -5.674868E+05
  0.000000E+00 -2.430825E+04 -6.548456E+05  6.156696E+05  0.000000E+00
  0.000000E+00  0.000000E+00  0.000000E+00  1.609660E+06  1.527424E-02
  7.433876E+03  1.486775E+04  9.000000E+01  9.000000E+01  9.000000E+01
  0.000000E+00  9.686439E+00  5.906442E+12  9.818478E+00 -9.164418E-02
 -1.530650E+00 -9.164418E-02  8.887258E+00  5.468520E-02 -1.530650E+00
  5.468520E-02  1.035358E+01  2.741413E+01  1.949803E+01  1.730268E+01
  9.106903E+01  8.073508E+03  1.188166E+02  0.000000E+00  0.000000E+00
  0.000000E+00  1.188166E+02  0.000000E+00  0.000000E+00  0.000000E+00
  1.140197E+02  9.860623E+03
     23000  4.600000E+00        52
  5.906442E+12  8.498675E+02 -5.707641E+05  1.109934E+05 -6.892184E+05
  0.000000E+00  0.000000E+00  0.000000E+00  0.000000E+00 -5.681267E+05
  0.000000E+00 -2.632117E+04 -6.563880E+05  6.151452E+05  0.000000E+00
  0.000000E+00  0.000000E+00  0.000000E+00  1.616331E+06  1.233452E-01
  7.460829E+03  1.492166E+04  9.000000E+01  9.000000E+01  9.000000E+01
  0.000000E+00  1.030260E+01  5.906442E+12  1.045658E+01 -8.310259E-02
 -1.398071E+00 -8.310259E-02  1.008606E+01  4.890849E-01 -1.398071E+00
  4.890849E-01  1.036515E+01  2.834735E+01  2.024241E+01  1.804879E+01
  1.032612E+02  8.089004E+03  1.189805E+02  0.000000E+00  0.000000E+00
  0.000000E+00  1.189805E+02  0.000000E+00  0.000000E+00  0.000000E+00
  1.141770E+02  1.053132E+04
     24000  4.800000E+00        52
  2.765027E+15  8.850280E+02 -5.701023E+05  1.113793E+05 -6.894531E+05
  0.000000E+00  0.000000E+00  0.000000E+00  0.000000E+00 -5.673558E+05
  0.000000E+00 -2.849977E+04 -6.586826E+05  6.142399E+05  0.000000E+00
  0.000000E+00  0.000000E+00  0.000000E+00  1.623195E+06  6.120731E+01
  7.971480E+03  1.594296E+04  9.000000E+01  9.000000E+01  9.000000E+01
  0.000000E+00  1.103729E+01  2.765027E+15  1.107546E+01 -1.291220E-01
 -6.596606E-01 -1.291220E-01  1.050844E+01  9.213745E-01 -6.596606E-01
  9.213745E-01  1.152797E+01  3.001498E+01  2.156991E+01  1.928688E+01
  1.229121E+02  8.111150E+03  1.191487E+02  0.000000E+00  0.000000E+00
  0.000000E+00  1.191487E+02  0.000000E+00  0.000000E+00  0.000000E+00
  1.143384E+02  1.133024E+04
     25000  5.000000E+00        52
  2.765027E+15  8.500000E+02 -5.713100E+05  1.110978E+05 -6.900381E+05
  0.000000E+00  0.000000E+00  0.000000E+00  0.000000E+00 -5.686721E+05
  0.000000E+00 -2.885330E+04 -6.578893E+05  6.137753E+05  0.000000E+00
  0.000000E+00  0.000000E+00  0.000000E+00  1.631100E+06  1.745900E-02
  7.630321E+03  1.526064E+04  9.000000E+01  9.000000E+01  9.000000E+01
  0.000000E+00  1.102781E+01  2.765027E+15  1.038278E+01  8.648550E-02
 -1.604382E-01  8.648550E-02  1.418999E+01  3.335423E-01 -1.604382E-01
  3.335423E-01  8.510651E+00  3.044265E+01  2.171303E+01  1.945677E+01
  1.270293E+02  8.120823E+03  1.193418E+02  0.000000E+00  0.000000E+00
  0.000000E+00  1.193418E+02  0.000000E+00  0.000000E+00  0.000000E+00
  1.145237E+02  1.137564E+04
     26000  5.200000E+00        52
  2.765030E+15  8.502151E+02 -5.716527E+05  1.107177E+05 -6.898072E+05
  0.000000E+00  0.000000E+00  0.000000E+00  0.000000E+00 -5.690142E+05
  0.000000E+00 -2.909719E+04 -6.562263E+05  6.122555E+05  0.000000E+00
  0.000000E+00  0.000000E+00  0.000000E+00  1.645246E+06  6.439397E-02
  7.436825E+03  1.487365E+04  9.000000E+01  9.000000E+01  9.000000E+01
  0.000000E+00  1.101155E+01  2.765030E+15  1.068828E+01  1.071047E+00
 -8.235737E-01  1.071047E+00  1.275602E+01 -1.823415E+00 -8.235737E-01
