title: # Li56 La24 Zr16 O96                                                    
energy unitS: electron Volts
         0  0.000000E+00        52
 -5.393470E+05  4.500000E+02 -5.407429E+05  6.307024E+04 -6.038132E+05
  0.000000E+00  0.000000E+00  0.000000E+00  0.000000E+00 -5.393468E+05
  0.000000E+00  1.563293E+05 -4.473454E+05  6.036747E+05  0.000000E+00
  0.000000E+00  0.000000E+00  0.000000E+00  2.781571E+05  0.000000E+00
  0.000000E+00  0.000000E+00  9.000000E+01  9.000000E+01  9.000000E+01
  0.000000E+00 -2.909355E+02  0.000000E+00 -3.043164E+02 -1.806968E-02
  1.847541E-03 -1.806968E-02 -3.042934E+02  3.141088E-02  1.847541E-03
  3.141088E-02 -2.641967E+02  0.000000E+00  0.000000E+00  0.000000E+00
  0.000000E+00  0.000000E+00  6.618035E+01  0.000000E+00  0.000000E+00
  0.000000E+00  6.618035E+01  0.000000E+00  0.000000E+00  0.000000E+00
  6.350853E+01 -5.117913E+04
      1000  5.000000E-01        52
 -5.738720E+05  4.500000E+02 -5.752714E+05  1.128859E+05 -6.933068E+05
  0.000000E+00  0.000000E+00  0.000000E+00  0.000000E+00 -5.738753E+05
  0.000000E+00  7.341739E+03 -6.960193E+05  6.930621E+05  0.000000E+00
  0.000000E+00  0.000000E+00  0.000000E+00  2.712277E+05  1.499733E-02
  5.149506E+03  1.029901E+04  9.000000E+01  9.000000E+01  9.000000E+01
  0.000000E+00 -8.841646E+00  3.441938E+00 -2.234145E+01 -8.872660E-02
 -9.142018E-01 -8.872660E-02 -2.265912E+01 -1.042629E+00 -9.142018E-01
 -1.042629E+00  1.847563E+01  2.018249E+00  7.188488E-01  7.626911E-01
  1.407270E+00  1.421415E+00  6.562616E+01  0.000000E+00  0.000000E+00
  0.000000E+00  6.562616E+01  0.000000E+00  0.000000E+00  0.000000E+00
  6.297672E+01 -1.516608E+03
      2000  1.000000E+00        52
  3.454766E+09  5.224797E+02 -5.647654E+05  1.012154E+05 -6.716363E+05
  0.000000E+00  0.000000E+00  0.000000E+00  0.000000E+00 -5.631443E+05
  0.000000E+00  8.322629E+04 -5.976706E+05  6.695858E+05  0.000000E+00
  0.000000E+00  0.000000E+00  0.000000E+00  4.643035E+05  1.410723E+02
  5.655541E+03  1.131108E+04  9.000000E+01  9.000000E+01  9.000000E+01
  0.000000E+00 -9.079827E+01  3.455329E+09 -9.003217E+01  1.527749E+00
  1.294637E+00  1.527749E+00 -9.602182E+01  4.673384E-03  1.294637E+00
  4.673384E-03 -8.634084E+01  3.606525E+00  1.265743E+00  1.132508E+00
  3.383613E+00  1.405591E+03  7.850542E+01  0.000000E+00  0.000000E+00
  0.000000E+00  7.850542E+01  0.000000E+00  0.000000E+00  0.000000E+00
  7.533602E+01 -2.666156E+04
      3000  1.500000E+00        52
  3.455465E+09  4.556256E+02 -5.656480E+05  1.125636E+05 -6.851484E+05
  0.000000E+00  0.000000E+00  0.000000E+00  0.000000E+00 -5.642342E+05
  0.000000E+00  3.239695E+04 -6.614565E+05  6.799799E+05  0.000000E+00
  0.000000E+00  0.000000E+00  0.000000E+00  6.043846E+05  5.689353E+00
  6.936766E+03  1.387353E+04  9.000000E+01  9.000000E+01  9.000000E+01
  0.000000E+00 -2.578770E+01  3.456030E+09 -2.534857E+01  5.702353E-02
 -4.662101E-01  5.702353E-02 -2.533917E+01 -1.343022E-01 -4.662101E-01
 -1.343022E-01 -2.667536E+01  6.733812E+00  4.641396E+00  3.453127E+00
  7.172499E+00  1.991575E+03  8.571762E+01  0.000000E+00  0.000000E+00
  0.000000E+00  8.571762E+01  0.000000E+00  0.000000E+00  0.000000E+00
  8.225705E+01 -9.856710E+03
      4000  2.000000E+00        52
  3.455463E+09  4.500000E+02 -5.684703E+05  1.137232E+05 -6.892373E+05
  0.000000E+00  0.000000E+00  0.000000E+00  0.000000E+00 -5.670740E+05
  0.000000E+00  2.544315E+04 -6.733840E+05  6.847398E+05  0.000000E+00
  0.000000E+00  0.000000E+00  0.000000E+00  5.805300E+05  1.494453E-02
  7.043697E+03  1.408739E+04  9.000000E+01  9.000000E+01  9.000000E+01
  0.000000E+00 -2.056553E+01  3.456030E+09 -1.975750E+01  4.217267E-01
  1.175670E-01  4.217267E-01 -1.991524E+01 -4.317176E-02  1.175670E-01
 -4.317176E-02 -2.202385E+01  9.793288E+00  8.293778E+00  6.317603E+00
  1.051445E+01  1.994606E+03  8.457472E+01  0.000000E+00  0.000000E+00
  0.000000E+00  8.457472E+01  0.000000E+00  0.000000E+00  0.000000E+00
  8.116029E+01 -7.550413E+03
      5000  2.500000E+00        52
  3.455461E+09  4.500656E+02 -5.695951E+05  1.142454E+05 -6.908335E+05
  0.000000E+00  0.000000E+00  0.000000E+00  0.000000E+00 -5.681986E+05
  0.000000E+00  2.209657E+04 -6.787215E+05  6.868321E+05  0.000000E+00
  0.000000E+00  0.000000E+00  0.000000E+00  5.614988E+05  2.342206E-01
  6.993018E+03  1.398604E+04  9.000000E+01  9.000000E+01  9.000000E+01
  0.000000E+00 -1.812077E+01  3.456030E+09 -1.818182E+01 -2.559288E-01
 -6.358242E-01 -2.559288E-01 -1.727526E+01 -6.592721E-02 -6.358242E-01
 -6.592721E-02 -1.890523E+01  1.178655E+01  1.034638E+01  8.184041E+00
  1.259004E+01  1.996996E+03  8.364024E+01  0.000000E+00  0.000000E+00
  0.000000E+00  8.364024E+01  0.000000E+00  0.000000E+00  0.000000E+00
  8.026353E+01 -6.434748E+03
      6000  3.000000E+00        52
  3.455461E+09  4.500947E+02 -5.702904E+05  1.145759E+05 -6.918500E+05
  0.000000E+00  0.000000E+00  0.000000E+00  0.000000E+00 -5.688938E+05
  0.000000E+00  2.059363E+04 -6.816295E+05  6.882559E+05  0.000000E+00
  0.000000E+00  0.000000E+00  0.000000E+00  5.447207E+05  1.020036E+00
  6.983640E+03  1.396728E+04  9.000000E+01  9.000000E+01  9.000000E+01
  0.000000E+00 -1.722449E+01  3.456030E+09 -1.690110E+01  8.478504E-02
 -5.352464E-01  8.478504E-02 -1.613194E+01 -2.737685E-01 -5.352464E-01
 -2.737685E-01 -1.864043E+01  1.294002E+01  1.141566E+01  9.217349E+00
  1.376131E+01  1.997884E+03  8.279872E+01  0.000000E+00  0.000000E+00
  0.000000E+00  8.279872E+01  0.000000E+00  0.000000E+00  0.000000E+00
  7.945599E+01 -5.933710E+03
      7000  3.500000E+00        52
  3.455460E+09  4.500000E+02 -5.707836E+05  1.148508E+05 -6.926023E+05
  0.000000E+00  0.000000E+00  0.000000E+00  0.000000E+00 -5.693873E+05
  0.000000E+00  1.903261E+04 -6.842574E+05  6.893541E+05  0.000000E+00
  0.000000E+00  0.000000E+00  0.000000E+00  5.298867E+05  1.495135E-02
  6.967930E+03  1.393586E+04  9.000000E+01  9.000000E+01  9.000000E+01
  0.000000E+00 -1.615453E+01  3.456030E+09 -1.631399E+01 -3.528752E-01
 -1.716928E-01 -3.528752E-01 -1.489191E+01 -4.675555E-01 -1.716928E-01
 -4.675555E-01 -1.725770E+01  1.358591E+01  1.213770E+01  9.848739E+00
  1.445256E+01  1.997939E+03  8.204019E+01  0.000000E+00  0.000000E+00
  0.000000E+00  8.204019E+01  0.000000E+00  0.000000E+00  0.000000E+00
  7.872808E+01 -5.413566E+03
      8000  4.000000E+00        52
  3.455460E+09  4.499867E+02 -5.711844E+05  1.152395E+05 -6.934030E+05
  0.000000E+00  0.000000E+00  0.000000E+00  0.000000E+00 -5.697881E+05
  0.000000E+00  1.682801E+04 -6.875560E+05  6.904259E+05  0.000000E+00
  0.000000E+00  0.000000E+00  0.000000E+00  5.168729E+05  2.141433E-01
  6.979064E+03  1.395813E+04  9.000000E+01  9.000000E+01  9.000000E+01
  0.000000E+00 -1.431324E+01  3.456030E+09 -1.351297E+01 -4.031494E-01
 -6.502538E-02 -4.031494E-01 -1.389663E+01  6.355136E-04 -6.502538E-02
  6.355136E-04 -1.553012E+01  1.418626E+01  1.262520E+01  1.027590E+01
  1.499992E+01  1.998799E+03  8.136299E+01  0.000000E+00  0.000000E+00
  0.000000E+00  8.136299E+01  0.000000E+00  0.000000E+00  0.000000E+00
  7.807822E+01 -4.678726E+03
      9000  4.500000E+00        52
  3.455460E+09  4.500296E+02 -5.714827E+05  1.155027E+05 -6.939903E+05
  0.000000E+00  0.000000E+00  0.000000E+00  0.000000E+00 -5.700863E+05
  0.000000E+00  1.582911E+04 -6.894418E+05  6.912612E+05  0.000000E+00
  0.000000E+00  0.000000E+00  0.000000E+00  5.055342E+05  1.096999E+00
  7.004895E+03  1.400979E+04  9.000000E+01  9.000000E+01  9.000000E+01
  0.000000E+00 -1.359253E+01  3.456030E+09 -1.275804E+01 -6.791666E-01
 -4.384722E-01 -6.791666E-01 -1.354189E+01 -2.722137E-01 -4.384722E-01
 -2.722137E-01 -1.447766E+01  1.440103E+01  1.294453E+01  1.052998E+01
  1.527892E+01  1.998948E+03  8.076363E+01  0.000000E+00  0.000000E+00
  0.000000E+00  8.076363E+01  0.000000E+00  0.000000E+00  0.000000E+00
  7.750306E+01 -4.345671E+03
     10000  5.000000E+00        52
  3.455459E+09  4.500000E+02 -5.717448E+05  1.154910E+05 -6.941732E+05
  0.000000E+00  0.000000E+00  0.000000E+00  0.000000E+00 -5.703486E+05
  0.000000E+00  1.524456E+04 -6.902702E+05  6.916401E+05  0.000000E+00
  0.000000E+00  0.000000E+00  0.000000E+00  4.950220E+05  1.495671E-02
  6.937346E+03  1.387469E+04  9.000000E+01  9.000000E+01  9.000000E+01
  0.000000E+00 -1.325897E+01  3.456030E+09 -1.311551E+01 -6.215980E-02
 -2.610981E-01 -6.215980E-02 -1.277831E+01 -8.322726E-01 -2.610981E-01
 -8.322726E-01 -1.388309E+01  1.498539E+01  1.351864E+01  1.109109E+01
  1.592487E+01  1.999423E+03  8.019990E+01  0.000000E+00  0.000000E+00
  0.000000E+00  8.019990E+01  0.000000E+00  0.000000E+00  0.000000E+00
  7.696209E+01 -4.150881E+03
     11000  5.500000E+00        52
  3.958584E+14  0.000000E+00 -5.721962E+05  1.173323E+05 -6.967934E+05
  0.000000E+00  0.000000E+00  0.000000E+00  0.000000E+00 -5.721959E+05
  0.000000E+00  7.187991E+03 -7.022685E+05  6.949266E+05  0.000000E+00
  0.000000E+00  0.000000E+00  0.000000E+00  4.542851E+05  0.000000E+00
  7.264957E+03  1.452991E+04  9.000000E+01  9.000000E+01  9.000000E+01
  0.000000E+00 -8.339724E+00  3.958584E+14 -8.502708E+00 -1.790023E-01
 -1.461149E-01 -1.790023E-01 -7.874166E+00 -9.323596E-01 -1.461149E-01
 -9.323596E-01 -8.642299E+00  4.021793E-01  3.923072E-01  3.377088E-01
  5.415586E-01  1.595494E+01  7.793667E+01  0.000000E+00  0.000000E+00
  0.000000E+00  7.793667E+01  0.000000E+00  0.000000E+00  0.000000E+00
  7.479023E+01 -2.395997E+03
     12000  6.000000E+00        52
  4.043269E+14  0.000000E+00 -5.725311E+05  1.175555E+05 -6.971368E+05
  0.000000E+00  0.000000E+00  0.000000E+00  0.000000E+00 -5.725308E+05
  0.000000E+00  5.924914E+03 -7.034468E+05  6.952711E+05  0.000000E+00
  0.000000E+00  0.000000E+00  0.000000E+00  4.542851E+05  0.000000E+00
  7.050282E+03  1.410056E+04  9.000000E+01  9.000000E+01  9.000000E+01
  0.000000E+00 -6.874265E+00  4.043269E+14 -6.968508E+00 -1.635989E-01
 -2.934401E-01 -1.635989E-01 -6.439316E+00 -8.391814E-01 -2.934401E-01
 -8.391814E-01 -7.214971E+00  4.021793E-01  3.923072E-01  3.377088E-01
  5.415586E-01  1.595494E+01  7.793667E+01  0.000000E+00  0.000000E+00
  0.000000E+00  7.793667E+01  0.000000E+00  0.000000E+00  0.000000E+00
  7.479023E+01 -1.974971E+03
     13000  6.500000E+00        52
  4.043269E+14  0.000000E+00 -5.726682E+05  1.176529E+05 -6.973279E+05
  0.000000E+00  0.000000E+00  0.000000E+00  0.000000E+00 -5.726679E+05
  0.000000E+00  5.413830E+03 -7.040621E+05  6.954623E+05  0.000000E+00
  0.000000E+00  0.000000E+00  0.000000E+00  4.542851E+05  0.000000E+00
  7.006833E+03  1.401367E+04  9.000000E+01  9.000000E+01  9.000000E+01
  0.000000E+00 -6.281290E+00  4.043269E+14 -6.357647E+00 -1.785335E-01
 -2.672760E-01 -1.785335E-01 -5.836515E+00 -8.134468E-01 -2.672760E-01
 -8.134468E-01 -6.649707E+00  4.021793E-01  3.923072E-01  3.377088E-01
  5.415586E-01  1.595494E+01  7.793667E+01  0.000000E+00  0.000000E+00
  0.000000E+00  7.793667E+01  0.000000E+00  0.000000E+00  0.000000E+00
  7.479023E+01 -1.804610E+03
     14000  7.000000E+00        52
  4.043269E+14  0.000000E+00 -5.727568E+05  1.177219E+05 -6.974663E+05
  0.000000E+00  0.000000E+00  0.000000E+00  0.000000E+00 -5.727565E+05
  0.000000E+00  5.048772E+03 -7.045269E+05  6.956004E+05  0.000000E+00
  0.000000E+00  0.000000E+00  0.000000E+00  4.542851E+05  0.000000E+00
  6.987609E+03  1.397522E+04  9.000000E+01  9.000000E+01  9.000000E+01
  0.000000E+00 -5.857737E+00  4.043269E+14 -5.932173E+00 -1.810080E-01
 -2.526496E-01 -1.810080E-01 -5.406701E+00 -7.979825E-01 -2.526496E-01
 -7.979825E-01 -6.234338E+00  4.021793E-01  3.923072E-01  3.377088E-01
  5.415586E-01  1.595494E+01  7.793667E+01  0.000000E+00  0.000000E+00
  0.000000E+00  7.793667E+01  0.000000E+00  0.000000E+00  0.000000E+00
  7.479023E+01 -1.682924E+03
     15000  7.500000E+00        52
  4.043269E+14  0.000000E+00 -5.728210E+05  1.177782E+05 -6.975763E+05
  0.000000E+00  0.000000E+00  0.000000E+00  0.000000E+00 -5.728208E+05
  0.000000E+00  4.752339E+03 -7.049119E+05  6.957102E+05  0.000000E+00
  0.000000E+00  0.000000E+00  0.000000E+00  4.542851E+05  0.000000E+00
  6.977023E+03  1.395405E+04  9.000000E+01  9.000000E+01  9.000000E+01
  0.000000E+00 -5.513807E+00  4.043269E+14 -5.592172E+00 -1.861240E-01
 -2.413241E-01 -1.861240E-01 -5.054030E+00 -7.878661E-01 -2.413241E-01
 -7.878661E-01 -5.895220E+00  4.021793E-01  3.923072E-01  3.377088E-01
  5.415586E-01  1.595494E+01  7.793667E+01  0.000000E+00  0.000000E+00
  0.000000E+00  7.793667E+01  0.000000E+00  0.000000E+00  0.000000E+00
  7.479023E+01 -1.584113E+03
     16000  8.000000E+00        52
  4.043269E+14  0.000000E+00 -5.728709E+05  1.178262E+05 -6.976675E+05
  0.000000E+00  0.000000E+00  0.000000E+00  0.000000E+00 -5.728706E+05
  0.000000E+00  4.500951E+03 -7.052411E+05  6.958012E+05  0.000000E+00
  0.000000E+00  0.000000E+00  0.000000E+00  4.542851E+05  0.000000E+00
  6.970419E+03  1.394084E+04  9.000000E+01  9.000000E+01  9.000000E+01
  0.000000E+00 -5.222140E+00  4.043269E+14 -5.306508E+00 -1.953151E-01
 -2.303654E-01 -1.953151E-01 -4.752010E+00 -7.815112E-01 -2.303654E-01
 -7.815112E-01 -5.607902E+00  4.021793E-01  3.923072E-01  3.377088E-01
  5.415586E-01  1.595494E+01  7.793667E+01  0.000000E+00  0.000000E+00
  0.000000E+00  7.793667E+01  0.000000E+00  0.000000E+00  0.000000E+00
  7.479023E+01 -1.500317E+03
     17000  8.500000E+00        52
  4.043269E+14  0.000000E+00 -5.729122E+05  1.178667E+05 -6.977445E+05
  0.000000E+00  0.000000E+00  0.000000E+00  0.000000E+00 -5.729119E+05
  0.000000E+00  4.286160E+03 -7.055231E+05  6.958780E+05  0.000000E+00
  0.000000E+00  0.000000E+00  0.000000E+00  4.542851E+05  0.000000E+00
  6.965597E+03  1.393119E+04  9.000000E+01  9.000000E+01  9.000000E+01
  0.000000E+00 -4.972932E+00  4.043269E+14 -5.071799E+00 -2.090628E-01
 -2.259753E-01 -2.090628E-01 -4.490322E+00 -7.797391E-01 -2.259753E-01
 -7.797391E-01 -5.356675E+00  4.021793E-01  3.923072E-01  3.377088E-01
  5.415586E-01  1.595494E+01  7.793667E+01  0.000000E+00  0.000000E+00
  0.000000E+00  7.793667E+01  0.000000E+00  0.000000E+00  0.000000E+00
  7.479023E+01 -1.428720E+03
     18000  9.000000E+00        52
  4.043269E+14  0.000000E+00 -5.729469E+05  1.179069E+05 -6.978160E+05
  0.000000E+00  0.000000E+00  0.000000E+00  0.000000E+00 -5.729466E+05
  0.000000E+00  4.082543E+03 -7.057915E+05  6.959494E+05  0.000000E+00
  0.000000E+00  0.000000E+00  0.000000E+00  4.542851E+05  0.000000E+00
  6.962301E+03  1.392460E+04  9.000000E+01  9.000000E+01  9.000000E+01
  0.000000E+00 -4.736690E+00  4.043269E+14 -4.839720E+00 -2.088525E-01
 -2.085791E-01 -2.088525E-01 -4.245830E+00 -7.740806E-01 -2.085791E-01
 -7.740806E-01 -5.124519E+00  4.021793E-01  3.923072E-01  3.377088E-01
  5.415586E-01  1.595494E+01  7.793667E+01  0.000000E+00  0.000000E+00
  0.000000E+00  7.793667E+01  0.000000E+00  0.000000E+00  0.000000E+00
  7.479023E+01 -1.360848E+03
     19000  9.500000E+00        52
  4.043269E+14  0.000000E+00 -5.729752E+05  1.179417E+05 -6.978775E+05
  0.000000E+00  0.000000E+00  0.000000E+00  0.000000E+00 -5.729749E+05
  0.000000E+00  3.906908E+03 -7.060251E+05  6.960108E+05  0.000000E+00
  0.000000E+00  0.000000E+00  0.000000E+00  4.542851E+05  0.000000E+00
  6.960638E+03  1.392128E+04  9.000000E+01  9.000000E+01  9.000000E+01
  0.000000E+00 -4.532913E+00  4.043269E+14 -4.638000E+00 -2.147937E-01
 -1.959132E-01 -2.147937E-01 -4.035914E+00 -7.732794E-01 -1.959132E-01
 -7.732794E-01 -4.924826E+00  4.021793E-01  3.923072E-01  3.377088E-01
  5.415586E-01  1.595494E+01  7.793667E+01  0.000000E+00  0.000000E+00
  0.000000E+00  7.793667E+01  0.000000E+00  0.000000E+00  0.000000E+00
  7.479023E+01 -1.302303E+03
     20000  1.000000E+01        52
  4.043269E+14  0.000000E+00 -5.729998E+05  1.179729E+05 -6.979323E+05
  0.000000E+00  0.000000E+00  0.000000E+00  0.000000E+00 -5.729995E+05
  0.000000E+00  3.749920E+03 -7.062348E+05  6.960654E+05  0.000000E+00
  0.000000E+00  0.000000E+00  0.000000E+00  4.542851E+05  0.000000E+00
  6.959661E+03  1.391932E+04  9.000000E+01  9.000000E+01  9.000000E+01
  0.000000E+00 -4.350770E+00  4.043269E+14 -4.457371E+00 -2.210002E-01
 -1.842231E-01 -2.210002E-01 -3.848243E+00 -7.723474E-01 -1.842231E-01
 -7.723474E-01 -4.746696E+00  4.021793E-01  3.923072E-01  3.377088E-01
  5.415586E-01  1.595494E+01  7.793667E+01  0.000000E+00  0.000000E+00
  0.000000E+00  7.793667E+01  0.000000E+00  0.000000E+00  0.000000E+00
  7.479023E+01 -1.249973E+03
     21000  1.050000E+01        52
  4.043269E+14  0.000000E+00 -5.730214E+05  1.180012E+05 -6.979817E+05
  0.000000E+00  0.000000E+00  0.000000E+00  0.000000E+00 -5.730211E+05
  0.000000E+00  3.607636E+03 -7.064252E+05  6.961146E+05  0.000000E+00
  0.000000E+00  0.000000E+00  0.000000E+00  4.542851E+05  0.000000E+00
  6.959121E+03  1.391824E+04  9.000000E+01  9.000000E+01  9.000000E+01
  0.000000E+00 -4.185688E+00  4.043269E+14 -4.293778E+00 -2.274788E-01
 -1.733485E-01 -2.274788E-01 -3.678218E+00 -7.711118E-01 -1.733485E-01
 -7.711118E-01 -4.585069E+00  4.021793E-01  3.923072E-01  3.377088E-01
  5.415586E-01  1.595494E+01  7.793667E+01  0.000000E+00  0.000000E+00
  0.000000E+00  7.793667E+01  0.000000E+00  0.000000E+00  0.000000E+00
  7.479023E+01 -1.202545E+03
     22000  1.100000E+01        52
  4.043269E+14  0.000000E+00 -5.730406E+05  1.180270E+05 -6.980265E+05
  0.000000E+00  0.000000E+00  0.000000E+00  0.000000E+00 -5.730403E+05
  0.000000E+00  3.477846E+03 -7.065992E+05  6.961593E+05  0.000000E+00
  0.000000E+00  0.000000E+00  0.000000E+00  4.542851E+05  0.000000E+00
  6.958880E+03  1.391776E+04  9.000000E+01  9.000000E+01  9.000000E+01
  0.000000E+00 -4.035102E+00  4.043269E+14 -4.144682E+00 -2.339122E-01
 -1.633649E-01 -2.339122E-01 -3.523145E+00 -7.697926E-01 -1.633649E-01
 -7.697926E-01 -4.437479E+00  4.021793E-01  3.923072E-01  3.377088E-01
  5.415586E-01  1.595494E+01  7.793667E+01  0.000000E+00  0.000000E+00
  0.000000E+00  7.793667E+01  0.000000E+00  0.000000E+00  0.000000E+00
  7.479023E+01 -1.159282E+03
     23000  1.150000E+01        52
  4.043269E+14  0.000000E+00 -5.730580E+05  1.180507E+05 -6.980676E+05
  0.000000E+00  0.000000E+00  0.000000E+00  0.000000E+00 -5.730577E+05
  0.000000E+00  3.358681E+03 -7.067593E+05  6.962003E+05  0.000000E+00
  0.000000E+00  0.000000E+00  0.000000E+00  4.542851E+05  0.000000E+00
  6.958843E+03  1.391769E+04  9.000000E+01  9.000000E+01  9.000000E+01
  0.000000E+00 -3.896843E+00  4.043269E+14 -4.007757E+00 -2.397900E-01
 -1.542801E-01 -2.397900E-01 -3.381046E+00 -7.689764E-01 -1.542801E-01
 -7.689764E-01 -4.301726E+00  4.021793E-01  3.923072E-01  3.377088E-01
  5.415586E-01  1.595494E+01  7.793667E+01  0.000000E+00  0.000000E+00
  0.000000E+00  7.793667E+01  0.000000E+00  0.000000E+00  0.000000E+00
  7.479023E+01 -1.119560E+03
     24000  1.200000E+01        52
  4.043269E+14  0.000000E+00 -5.730738E+05  1.180727E+05 -6.981054E+05
  0.000000E+00  0.000000E+00  0.000000E+00  0.000000E+00 -5.730735E+05
  0.000000E+00  3.248154E+03 -7.069077E+05  6.962380E+05  0.000000E+00
  0.000000E+00  0.000000E+00  0.000000E+00  4.542851E+05  0.000000E+00
  6.958935E+03  1.391787E+04  9.000000E+01  9.000000E+01  9.000000E+01
  0.000000E+00 -3.768606E+00  4.043269E+14 -3.880626E+00 -2.446454E-01
 -1.464269E-01 -2.446454E-01 -3.249842E+00 -7.688602E-01 -1.464269E-01
 -7.688602E-01 -4.175352E+00  4.021793E-01  3.923072E-01  3.377088E-01
  5.415586E-01  1.595494E+01  7.793667E+01  0.000000E+00  0.000000E+00
  0.000000E+00  7.793667E+01  0.000000E+00  0.000000E+00  0.000000E+00
  7.479023E+01 -1.082718E+03
     25000  1.250000E+01        52
  4.043269E+14  0.000000E+00 -5.730882E+05  1.180932E+05 -6.981405E+05
  0.000000E+00  0.000000E+00  0.000000E+00  0.000000E+00 -5.730879E+05
  0.000000E+00  3.144928E+03 -7.070462E+05  6.962729E+05  0.000000E+00
  0.000000E+00  0.000000E+00  0.000000E+00  4.542851E+05  0.000000E+00
  6.959104E+03  1.391821E+04  9.000000E+01  9.000000E+01  9.000000E+01
  0.000000E+00 -3.648841E+00  4.043269E+14 -3.761537E+00 -2.482815E-01
 -1.397571E-01 -2.482815E-01 -3.128289E+00 -7.695403E-01 -1.397571E-01
 -7.695403E-01 -4.056697E+00  4.021793E-01  3.923072E-01  3.377088E-01
  5.415586E-01  1.595494E+01  7.793667E+01  0.000000E+00  0.000000E+00
  0.000000E+00  7.793667E+01  0.000000E+00  0.000000E+00  0.000000E+00
  7.479023E+01 -1.048309E+03
     26000  1.300000E+01        52
  4.043269E+14  0.000000E+00 -5.731013E+05  1.181124E+05 -6.981730E+05
  0.000000E+00  0.000000E+00  0.000000E+00  0.000000E+00 -5.731010E+05
  0.000000E+00  3.048544E+03 -7.071754E+05  6.963053E+05  0.000000E+00
  0.000000E+00  0.000000E+00  0.000000E+00  4.542851E+05  0.000000E+00
  6.959330E+03  1.391866E+04  9.000000E+01  9.000000E+01  9.000000E+01
  0.000000E+00 -3.537013E+00  4.043269E+14 -3.649875E+00 -2.509488E-01
 -1.337812E-01 -2.509488E-01 -3.015880E+00 -7.706717E-01 -1.337812E-01
 -7.706717E-01 -3.945283E+00  4.021793E-01  3.923072E-01  3.377088E-01
  5.415586E-01  1.595494E+01  7.793667E+01  0.000000E+00  0.000000E+00
  0.000000E+00  7.793667E+01  0.000000E+00  0.000000E+00  0.000000E+00
  7.479023E+01 -1.016181E+03
     27000  1.350000E+01        52
  4.043269E+14  0.000000E+00 -5.731134E+05  1.181302E+05 -6.982032E+05
  0.000000E+00  0.000000E+00  0.000000E+00  0.000000E+00 -5.731131E+05
  0.000000E+00  2.958843E+03 -7.072957E+05  6.963353E+05  0.000000E+00
  0.000000E+00  0.000000E+00  0.000000E+00  4.542851E+05  0.000000E+00
  6.959609E+03  1.391922E+04  9.000000E+01  9.000000E+01  9.000000E+01
  0.000000E+00 -3.432939E+00  4.043269E+14 -3.545611E+00 -2.531869E-01
 -1.278081E-01 -2.531869E-01 -2.912066E+00 -7.718570E-01 -1.278081E-01
 -7.718570E-01 -3.841142E+00  4.021793E-01  3.923072E-01  3.377088E-01
  5.415586E-01  1.595494E+01  7.793667E+01  0.000000E+00  0.000000E+00
  0.000000E+00  7.793667E+01  0.000000E+00  0.000000E+00  0.000000E+00
  7.479023E+01 -9.862811E+02
     28000  1.400000E+01        52
  4.043269E+14  0.000000E+00 -5.731246E+05  1.181467E+05 -6.982312E+05
  0.000000E+00  0.000000E+00  0.000000E+00  0.000000E+00 -5.731243E+05
  0.000000E+00  2.875250E+03 -7.074080E+05  6.963633E+05  0.000000E+00
  0.000000E+00  0.000000E+00  0.000000E+00  4.542851E+05  0.000000E+00
  6.959940E+03  1.391988E+04  9.000000E+01  9.000000E+01  9.000000E+01
  0.000000E+00 -3.335952E+00  4.043269E+14 -3.448148E+00 -2.552291E-01
 -1.217267E-01 -2.552291E-01 -2.816044E+00 -7.730400E-01 -1.217267E-01
 -7.730400E-01 -3.743665E+00  4.021793E-01  3.923072E-01  3.377088E-01
  5.415586E-01  1.595494E+01  7.793667E+01  0.000000E+00  0.000000E+00
  0.000000E+00  7.793667E+01  0.000000E+00  0.000000E+00  0.000000E+00
  7.479023E+01 -9.584168E+02
     29000  1.450000E+01        52
  4.043269E+14  0.000000E+00 -5.731351E+05  1.181623E+05 -6.982577E+05
  0.000000E+00  0.000000E+00  0.000000E+00  0.000000E+00 -5.731348E+05
  0.000000E+00  2.796642E+03 -7.075138E+05  6.963897E+05  0.000000E+00
  0.000000E+00  0.000000E+00  0.000000E+00  4.542851E+05  0.000000E+00
  6.960345E+03  1.392069E+04  9.000000E+01  9.000000E+01  9.000000E+01
  0.000000E+00 -3.244749E+00  4.043269E+14 -3.356311E+00 -2.574079E-01
 -1.146437E-01 -2.574079E-01 -2.726842E+00 -7.743043E-01 -1.146437E-01
 -7.743043E-01 -3.651094E+00  4.021793E-01  3.923072E-01  3.377088E-01
  5.415586E-01  1.595494E+01  7.793667E+01  0.000000E+00  0.000000E+00
  0.000000E+00  7.793667E+01  0.000000E+00  0.000000E+00  0.000000E+00
  7.479023E+01 -9.322141E+02
     30000  1.500000E+01        52
  4.043269E+14  0.000000E+00 -5.731448E+05  1.181772E+05 -6.982828E+05
  0.000000E+00  0.000000E+00  0.000000E+00  0.000000E+00 -5.731445E+05
  0.000000E+00  2.722321E+03 -7.076141E+05  6.964148E+05  0.000000E+00
  0.000000E+00  0.000000E+00  0.000000E+00  4.542851E+05  0.000000E+00
  6.960824E+03  1.392165E+04  9.000000E+01  9.000000E+01  9.000000E+01
  0.000000E+00 -3.158519E+00  4.043269E+14 -3.269496E+00 -2.599461E-01
 -1.061633E-01 -2.599461E-01 -2.642989E+00 -7.759837E-01 -1.061633E-01
 -7.759837E-01 -3.563074E+00  4.021793E-01  3.923072E-01  3.377088E-01
  5.415586E-01  1.595494E+01  7.793667E+01  0.000000E+00  0.000000E+00
  0.000000E+00  7.793667E+01  0.000000E+00  0.000000E+00  0.000000E+00
  7.479023E+01 -9.074404E+02
     31000  1.550000E+01        52
  4.043269E+14  0.000000E+00 -5.731540E+05  1.181911E+05 -6.983064E+05
  0.000000E+00  0.000000E+00  0.000000E+00  0.000000E+00 -5.731537E+05
  0.000000E+00  2.653049E+03 -7.077078E+05  6.964382E+05  0.000000E+00
  0.000000E+00  0.000000E+00  0.000000E+00  4.542851E+05  0.000000E+00
  6.961326E+03  1.392265E+04  9.000000E+01  9.000000E+01  9.000000E+01
  0.000000E+00 -3.078147E+00  4.043269E+14 -3.188406E+00 -2.627300E-01
 -9.756173E-02 -2.627300E-01 -2.565148E+00 -7.775405E-01 -9.756173E-02
 -7.775405E-01 -3.480888E+00  4.021793E-01  3.923072E-01  3.377088E-01
  5.415586E-01  1.595494E+01  7.793667E+01  0.000000E+00  0.000000E+00
  0.000000E+00  7.793667E+01  0.000000E+00  0.000000E+00  0.000000E+00
  7.479023E+01 -8.843496E+02
     32000  1.600000E+01        52
  4.043269E+14  0.000000E+00 -5.731626E+05  1.182039E+05 -6.983283E+05
  0.000000E+00  0.000000E+00  0.000000E+00  0.000000E+00 -5.731623E+05
  0.000000E+00  2.588984E+03 -7.077946E+05  6.964600E+05  0.000000E+00
  0.000000E+00  0.000000E+00  0.000000E+00  4.542851E+05  0.000000E+00
  6.961813E+03  1.392363E+04  9.000000E+01  9.000000E+01  9.000000E+01
  0.000000E+00 -3.003818E+00  4.043269E+14 -3.112894E+00 -2.656040E-01
 -8.924503E-02 -2.656040E-01 -2.494453E+00 -7.778717E-01 -8.924503E-02
 -7.778717E-01 -3.404105E+00  4.021793E-01  3.923072E-01  3.377088E-01
  5.415586E-01  1.595494E+01  7.793667E+01  0.000000E+00  0.000000E+00
  0.000000E+00  7.793667E+01  0.000000E+00  0.000000E+00  0.000000E+00
  7.479023E+01 -8.629947E+02
     33000  1.650000E+01        52
  4.043269E+14  0.000000E+00 -5.731709E+05  1.182155E+05 -6.983487E+05
  0.000000E+00  0.000000E+00  0.000000E+00  0.000000E+00 -5.731706E+05
  0.000000E+00  2.530256E+03 -7.078746E+05  6.964803E+05  0.000000E+00
  0.000000E+00  0.000000E+00  0.000000E+00  4.542851E+05  0.000000E+00
  6.962282E+03  1.392456E+04  9.000000E+01  9.000000E+01  9.000000E+01
  0.000000E+00 -2.935679E+00  4.043269E+14 -3.042653E+00 -2.686275E-01
 -8.187698E-02 -2.686275E-01 -2.434151E+00 -7.749844E-01 -8.187698E-02
 -7.749844E-01 -3.330234E+00  4.021793E-01  3.923072E-01  3.377088E-01
  5.415586E-01  1.595494E+01  7.793667E+01  0.000000E+00  0.000000E+00
  0.000000E+00  7.793667E+01  0.000000E+00  0.000000E+00  0.000000E+00
  7.479023E+01 -8.434187E+02
     34000  1.700000E+01        52
  4.043269E+14  0.000000E+00 -5.731790E+05  1.182275E+05 -6.983692E+05
  0.000000E+00  0.000000E+00  0.000000E+00  0.000000E+00 -5.731787E+05
  0.000000E+00  2.471624E+03 -7.079547E+05  6.965008E+05  0.000000E+00
  0.000000E+00  0.000000E+00  0.000000E+00  4.542851E+05  0.000000E+00
  6.962786E+03  1.392557E+04  9.000000E+01  9.000000E+01  9.000000E+01
  0.000000E+00 -2.867653E+00  4.043269E+14 -2.976474E+00 -2.703139E-01
 -7.472156E-02 -2.703139E-01 -2.371419E+00 -7.758731E-01 -7.472156E-02
 -7.758731E-01 -3.255066E+00  4.021793E-01  3.923072E-01  3.377088E-01
  5.415586E-01  1.595494E+01  7.793667E+01  0.000000E+00  0.000000E+00
  0.000000E+00  7.793667E+01  0.000000E+00  0.000000E+00  0.000000E+00
  7.479023E+01 -8.238747E+02
     35000  1.750000E+01        52
  4.043269E+14  0.000000E+00 -5.731865E+05  1.182386E+05 -6.983883E+05
  0.000000E+00  0.000000E+00  0.000000E+00  0.000000E+00 -5.731862E+05
  0.000000E+00  2.416726E+03 -7.080297E+05  6.965198E+05  0.000000E+00
  0.000000E+00  0.000000E+00  0.000000E+00  4.542851E+05  0.000000E+00
  6.963293E+03  1.392659E+04  9.000000E+01  9.000000E+01  9.000000E+01
  0.000000E+00 -2.803959E+00  4.043269E+14 -2.914913E+00 -2.712166E-01
 -6.654019E-02 -2.712166E-01 -2.308992E+00 -7.783487E-01 -6.654019E-02
 -7.783487E-01 -3.187972E+00  4.021793E-01  3.923072E-01  3.377088E-01
  5.415586E-01  1.595494E+01  7.793667E+01  0.000000E+00  0.000000E+00
  0.000000E+00  7.793667E+01  0.000000E+00  0.000000E+00  0.000000E+00
  7.479023E+01 -8.055755E+02
     36000  1.800000E+01        52
  4.043269E+14  0.000000E+00 -5.731935E+05  1.182488E+05 -6.984061E+05
  0.000000E+00  0.000000E+00  0.000000E+00  0.000000E+00 -5.731933E+05
  0.000000E+00  2.365813E+03 -7.080992E+05  6.965374E+05  0.000000E+00
  0.000000E+00  0.000000E+00  0.000000E+00  4.542851E+05  0.000000E+00
  6.963772E+03  1.392754E+04  9.000000E+01  9.000000E+01  9.000000E+01
  0.000000E+00 -2.744887E+00  4.043269E+14 -2.857525E+00 -2.723295E-01
 -5.830889E-02 -2.723295E-01 -2.250800E+00 -7.800786E-01 -5.830889E-02
 -7.800786E-01 -3.126337E+00  4.021793E-01  3.923072E-01  3.377088E-01
  5.415586E-01  1.595494E+01  7.793667E+01  0.000000E+00  0.000000E+00
  0.000000E+00  7.793667E+01  0.000000E+00  0.000000E+00  0.000000E+00
  7.479023E+01 -7.886042E+02
     37000  1.850000E+01        52
  4.043269E+14  0.000000E+00 -5.732003E+05  1.182581E+05 -6.984226E+05
  0.000000E+00  0.000000E+00  0.000000E+00  0.000000E+00 -5.732000E+05
  0.000000E+00  2.318376E+03 -7.081639E+05  6.965539E+05  0.000000E+00
  0.000000E+00  0.000000E+00  0.000000E+00  4.542851E+05  0.000000E+00
  6.964205E+03  1.392841E+04  9.000000E+01  9.000000E+01  9.000000E+01
  0.000000E+00 -2.689850E+00  4.043269E+14 -2.804019E+00 -2.737164E-01
 -5.031537E-02 -2.737164E-01 -2.196134E+00 -7.814167E-01 -5.031537E-02
 -7.814167E-01 -3.069396E+00  4.021793E-01  3.923072E-01  3.377088E-01
  5.415586E-01  1.595494E+01  7.793667E+01  0.000000E+00  0.000000E+00
  0.000000E+00  7.793667E+01  0.000000E+00  0.000000E+00  0.000000E+00
  7.479023E+01 -7.727920E+02
     38000  1.900000E+01        52
  4.043269E+14  0.000000E+00 -5.732067E+05  1.182667E+05 -6.984380E+05
  0.000000E+00  0.000000E+00  0.000000E+00  0.000000E+00 -5.732064E+05
  0.000000E+00  2.274066E+03 -7.082243E+05  6.965692E+05  0.000000E+00
  0.000000E+00  0.000000E+00  0.000000E+00  4.542851E+05  0.000000E+00
  6.964591E+03  1.392918E+04  9.000000E+01  9.000000E+01  9.000000E+01
  0.000000E+00 -2.638441E+00  4.043269E+14 -2.754039E+00 -2.753957E-01
 -4.254919E-02 -2.753957E-01 -2.144569E+00 -7.823717E-01 -4.254919E-02
 -7.823717E-01 -3.016714E+00  4.021793E-01  3.923072E-01  3.377088E-01
  5.415586E-01  1.595494E+01  7.793667E+01  0.000000E+00  0.000000E+00
  0.000000E+00  7.793667E+01  0.000000E+00  0.000000E+00  0.000000E+00
  7.479023E+01 -7.580222E+02
     39000  1.950000E+01        52
  4.043269E+14  0.000000E+00 -5.732128E+05  1.182747E+05 -6.984524E+05
  0.000000E+00  0.000000E+00  0.000000E+00  0.000000E+00 -5.732125E+05
  0.000000E+00  2.232775E+03 -7.082807E+05  6.965836E+05  0.000000E+00
  0.000000E+00  0.000000E+00  0.000000E+00  4.542851E+05  0.000000E+00
  6.964932E+03  1.392986E+04  9.000000E+01  9.000000E+01  9.000000E+01
  0.000000E+00 -2.590533E+00  4.043269E+14 -2.707479E+00 -2.773922E-01
 -3.506909E-02 -2.773922E-01 -2.095882E+00 -7.831573E-01 -3.506909E-02
 -7.831573E-01 -2.968238E+00  4.021793E-01  3.923072E-01  3.377088E-01
  5.415586E-01  1.595494E+01  7.793667E+01  0.000000E+00  0.000000E+00
  0.000000E+00  7.793667E+01  0.000000E+00  0.000000E+00  0.000000E+00
  7.479023E+01 -7.442583E+02
     40000  2.000000E+01        52
  4.043269E+14  0.000000E+00 -5.732187E+05  1.182820E+05 -6.984659E+05
  0.000000E+00  0.000000E+00  0.000000E+00  0.000000E+00 -5.732184E+05
  0.000000E+00  2.194170E+03 -7.083333E+05  6.965970E+05  0.000000E+00
  0.000000E+00  0.000000E+00  0.000000E+00  4.542851E+05  0.000000E+00
  6.965228E+03  1.393046E+04  9.000000E+01  9.000000E+01  9.000000E+01
  0.000000E+00 -2.545743E+00  4.043269E+14 -2.663924E+00 -2.796439E-01
 -2.787559E-02 -2.796439E-01 -2.049808E+00 -7.838083E-01 -2.787559E-02
 -7.838083E-01 -2.923497E+00  4.021793E-01  3.923072E-01  3.377088E-01
  5.415586E-01  1.595494E+01  7.793667E+01  0.000000E+00  0.000000E+00
  0.000000E+00  7.793667E+01  0.000000E+00  0.000000E+00  0.000000E+00
  7.479023E+01 -7.313901E+02
     41000  2.050000E+01        52
  4.043269E+14  0.000000E+00 -5.732243E+05  1.182888E+05 -6.984786E+05
  0.000000E+00  0.000000E+00  0.000000E+00  0.000000E+00 -5.732240E+05
  0.000000E+00  2.157853E+03 -7.083827E+05  6.966096E+05  0.000000E+00
  0.000000E+00  0.000000E+00  0.000000E+00  4.542851E+05  0.000000E+00
  6.965476E+03  1.393095E+04  9.000000E+01  9.000000E+01  9.000000E+01
  0.000000E+00 -2.503606E+00  4.043269E+14 -2.622595E+00 -2.816603E-01
 -2.128454E-02 -2.816603E-01 -2.006717E+00 -7.845857E-01 -2.128454E-02
 -7.845857E-01 -2.881506E+00  4.021793E-01  3.923072E-01  3.377088E-01
  5.415586E-01  1.595494E+01  7.793667E+01  0.000000E+00  0.000000E+00
  0.000000E+00  7.793667E+01  0.000000E+00  0.000000E+00  0.000000E+00
  7.479023E+01 -7.192842E+02
     42000  2.100000E+01        52
  4.043269E+14  0.000000E+00 -5.732298E+05  1.182951E+05 -6.984905E+05
  0.000000E+00  0.000000E+00  0.000000E+00  0.000000E+00 -5.732295E+05
  0.000000E+00  2.123873E+03 -7.084290E+05  6.966215E+05  0.000000E+00
  0.000000E+00  0.000000E+00  0.000000E+00  4.542851E+05  0.000000E+00
  6.965676E+03  1.393135E+04  9.000000E+01  9.000000E+01  9.000000E+01
  0.000000E+00 -2.464182E+00  4.043269E+14 -2.583432E+00 -2.830267E-01
 -1.526815E-02 -2.830267E-01 -1.967225E+00 -7.854563E-01 -1.526815E-02
 -7.854563E-01 -2.841890E+00  4.021793E-01  3.923072E-01  3.377088E-01
  5.415586E-01  1.595494E+01  7.793667E+01  0.000000E+00  0.000000E+00
  0.000000E+00  7.793667E+01  0.000000E+00  0.000000E+00  0.000000E+00
  7.479023E+01 -7.079578E+02
     43000  2.150000E+01        52
  4.043269E+14  0.000000E+00 -5.732350E+05  1.183008E+05 -6.985016E+05
  0.000000E+00  0.000000E+00  0.000000E+00  0.000000E+00 -5.732347E+05
  0.000000E+00  2.092336E+03 -7.084719E+05  6.966326E+05  0.000000E+00
  0.000000E+00  0.000000E+00  0.000000E+00  4.542851E+05  0.000000E+00
  6.965840E+03  1.393168E+04  9.000000E+01  9.000000E+01  9.000000E+01
  0.000000E+00 -2.427592E+00  4.043269E+14 -2.546744E+00 -2.838814E-01
 -9.679760E-03 -2.838814E-01 -1.931244E+00 -7.860424E-01 -9.679760E-03
 -7.860424E-01 -2.804788E+00  4.021793E-01  3.923072E-01  3.377088E-01
  5.415586E-01  1.595494E+01  7.793667E+01  0.000000E+00  0.000000E+00
  0.000000E+00  7.793667E+01  0.000000E+00  0.000000E+00  0.000000E+00
  7.479023E+01 -6.974455E+02
     44000  2.200000E+01        52
  4.043269E+14  0.000000E+00 -5.732401E+05  1.183060E+05 -6.985121E+05
  0.000000E+00  0.000000E+00  0.000000E+00  0.000000E+00 -5.732398E+05
  0.000000E+00  2.063006E+03 -7.085119E+05  6.966429E+05  0.000000E+00
  0.000000E+00  0.000000E+00  0.000000E+00  4.542851E+05  0.000000E+00
  6.965987E+03  1.393197E+04  9.000000E+01  9.000000E+01  9.000000E+01
  0.000000E+00 -2.393562E+00  4.043269E+14 -2.512052E+00 -2.846976E-01
 -4.152923E-03 -2.846976E-01 -1.898315E+00 -7.862591E-01 -4.152923E-03
 -7.862591E-01 -2.770319E+00  4.021793E-01  3.923072E-01  3.377088E-01
  5.415586E-01  1.595494E+01  7.793667E+01  0.000000E+00  0.000000E+00
  0.000000E+00  7.793667E+01  0.000000E+00  0.000000E+00  0.000000E+00
  7.479023E+01 -6.876686E+02
     45000  2.250000E+01        52
  4.043269E+14  0.000000E+00 -5.732450E+05  1.183108E+05 -6.985219E+05
  0.000000E+00  0.000000E+00  0.000000E+00  0.000000E+00 -5.732447E+05
  0.000000E+00  2.035655E+03 -7.085493E+05  6.966527E+05  0.000000E+00
  0.000000E+00  0.000000E+00  0.000000E+00  4.542851E+05  0.000000E+00
  6.966122E+03  1.393224E+04  9.000000E+01  9.000000E+01  9.000000E+01
  0.000000E+00 -2.361829E+00  4.043269E+14 -2.478856E+00 -2.857250E-01
  1.167355E-03 -2.857250E-01 -1.868234E+00 -7.862954E-01  1.167355E-03
 -7.862954E-01 -2.738396E+00  4.021793E-01  3.923072E-01  3.377088E-01
  5.415586E-01  1.595494E+01  7.793667E+01  0.000000E+00  0.000000E+00
  0.000000E+00  7.793667E+01  0.000000E+00  0.000000E+00  0.000000E+00
  7.479023E+01 -6.785518E+02
     46000  2.300000E+01        52
  4.043269E+14  0.000000E+00 -5.732498E+05  1.183152E+05 -6.985312E+05
  0.000000E+00  0.000000E+00  0.000000E+00  0.000000E+00 -5.732495E+05
  0.000000E+00  2.010305E+03 -7.085841E+05  6.966619E+05  0.000000E+00
  0.000000E+00  0.000000E+00  0.000000E+00  4.542851E+05  0.000000E+00
  6.966248E+03  1.393250E+04  9.000000E+01  9.000000E+01  9.000000E+01
  0.000000E+00 -2.332417E+00  4.043269E+14 -2.446933E+00 -2.870551E-01
  5.988982E-03 -2.870551E-01 -1.841171E+00 -7.864954E-01  5.988982E-03
 -7.864954E-01 -2.709146E+00  4.021793E-01  3.923072E-01  3.377088E-01
  5.415586E-01  1.595494E+01  7.793667E+01  0.000000E+00  0.000000E+00
  0.000000E+00  7.793667E+01  0.000000E+00  0.000000E+00  0.000000E+00
  7.479023E+01 -6.701017E+02
     47000  2.350000E+01        52
  4.043269E+14  0.000000E+00 -5.732544E+05  1.183191E+05 -6.985398E+05
  0.000000E+00  0.000000E+00  0.000000E+00  0.000000E+00 -5.732541E+05
  0.000000E+00  1.987254E+03 -7.086160E+05  6.966705E+05  0.000000E+00
  0.000000E+00  0.000000E+00  0.000000E+00  4.542851E+05  0.000000E+00
  6.966364E+03  1.393273E+04  9.000000E+01  9.000000E+01  9.000000E+01
  0.000000E+00 -2.305673E+00  4.043269E+14 -2.415878E+00 -2.889917E-01
  9.258057E-03 -2.889917E-01 -1.817975E+00 -7.873655E-01  9.258057E-03
 -7.873655E-01 -2.683164E+00  4.021793E-01  3.923072E-01  3.377088E-01
  5.415586E-01  1.595494E+01  7.793667E+01  0.000000E+00  0.000000E+00
  0.000000E+00  7.793667E+01  0.000000E+00  0.000000E+00  0.000000E+00
  7.479023E+01 -6.624181E+02
     48000  2.400000E+01        52
  4.043269E+14  0.000000E+00 -5.732590E+05  1.183225E+05 -6.985480E+05
  0.000000E+00  0.000000E+00  0.000000E+00  0.000000E+00 -5.732587E+05
  0.000000E+00  1.966334E+03 -7.086453E+05  6.966786E+05  0.000000E+00
  0.000000E+00  0.000000E+00  0.000000E+00  4.542851E+05  0.000000E+00
  6.966495E+03  1.393299E+04  9.000000E+01  9.000000E+01  9.000000E+01
  0.000000E+00 -2.281401E+00  4.043269E+14 -2.384226E+00 -2.918349E-01
  8.822753E-03 -2.918349E-01 -1.799760E+00 -7.892943E-01  8.822753E-03
 -7.892943E-01 -2.660216E+00  4.021793E-01  3.923072E-01  3.377088E-01
  5.415586E-01  1.595494E+01  7.793667E+01  0.000000E+00  0.000000E+00
  0.000000E+00  7.793667E+01  0.000000E+00  0.000000E+00  0.000000E+00
  7.479023E+01 -6.554448E+02
     49000  2.450000E+01        52
  4.043269E+14  0.000000E+00 -5.732635E+05  1.183264E+05 -6.985566E+05
  0.000000E+00  0.000000E+00  0.000000E+00  0.000000E+00 -5.732633E+05
  0.000000E+00  1.943648E+03 -7.086768E+05  6.966872E+05  0.000000E+00
  0.000000E+00  0.000000E+00  0.000000E+00  4.542851E+05  0.000000E+00
  6.966647E+03  1.393329E+04  9.000000E+01  9.000000E+01  9.000000E+01
  0.000000E+00 -2.255079E+00  4.043269E+14 -2.354113E+00 -2.932014E-01
  8.076945E-03 -2.932014E-01 -1.779115E+00 -7.880687E-01  8.076945E-03
 -7.880687E-01 -2.632008E+00  4.021793E-01  3.923072E-01  3.377088E-01
  5.415586E-01  1.595494E+01  7.793667E+01  0.000000E+00  0.000000E+00
  0.000000E+00  7.793667E+01  0.000000E+00  0.000000E+00  0.000000E+00
  7.479023E+01 -6.478826E+02
     50000  2.500000E+01        52
  4.043269E+14  0.000000E+00 -5.732678E+05  1.183304E+05 -6.985650E+05
  0.000000E+00  0.000000E+00  0.000000E+00  0.000000E+00 -5.732675E+05
  0.000000E+00  1.921047E+03 -7.087078E+05  6.966955E+05  0.000000E+00
  0.000000E+00  0.000000E+00  0.000000E+00  4.542851E+05  0.000000E+00
  6.966716E+03  1.393343E+04  9.000000E+01  9.000000E+01  9.000000E+01
  0.000000E+00 -2.228857E+00  4.043269E+14 -2.328306E+00 -2.932078E-01
  1.099948E-02 -2.932078E-01 -1.754868E+00 -7.851141E-01  1.099948E-02
 -7.851141E-01 -2.603398E+00  4.021793E-01  3.923072E-01  3.377088E-01
  5.415586E-01  1.595494E+01  7.793667E+01  0.000000E+00  0.000000E+00
  0.000000E+00  7.793667E+01  0.000000E+00  0.000000E+00  0.000000E+00
  7.479023E+01 -6.403491E+02
     51000  2.550000E+01        52
  4.043269E+14  0.000000E+00 -5.732719E+05  1.183341E+05 -6.985727E+05
  0.000000E+00  0.000000E+00  0.000000E+00  0.000000E+00 -5.732716E+05
  0.000000E+00  1.900032E+03 -7.087366E+05  6.967031E+05  0.000000E+00
  0.000000E+00  0.000000E+00  0.000000E+00  4.542851E+05  0.000000E+00
  6.966747E+03  1.393349E+04  9.000000E+01  9.000000E+01  9.000000E+01
  0.000000E+00 -2.204475E+00  4.043269E+14 -2.304532E+00 -2.931479E-01
  1.481980E-02 -2.931479E-01 -1.731205E+00 -7.826199E-01  1.481980E-02
 -7.826199E-01 -2.577688E+00  4.021793E-01  3.923072E-01  3.377088E-01
  5.415586E-01  1.595494E+01  7.793667E+01  0.000000E+00  0.000000E+00
  0.000000E+00  7.793667E+01  0.000000E+00  0.000000E+00  0.000000E+00
  7.479023E+01 -6.333441E+02
     52000  2.600000E+01        52
  4.043269E+14  0.000000E+00 -5.732758E+05  1.183374E+05 -6.985800E+05
  0.000000E+00  0.000000E+00  0.000000E+00  0.000000E+00 -5.732755E+05
  0.000000E+00  1.880371E+03 -7.087635E+05  6.967103E+05  0.000000E+00
  0.000000E+00  0.000000E+00  0.000000E+00  4.542851E+05  0.000000E+00
  6.966756E+03  1.393351E+04  9.000000E+01  9.000000E+01  9.000000E+01
  0.000000E+00 -2.181664E+00  4.043269E+14 -2.282221E+00 -2.932039E-01
  1.868709E-02 -2.932039E-01 -1.708782E+00 -7.805382E-01  1.868709E-02
 -7.805382E-01 -2.553988E+00  4.021793E-01  3.923072E-01  3.377088E-01
  5.415586E-01  1.595494E+01  7.793667E+01  0.000000E+00  0.000000E+00
  0.000000E+00  7.793667E+01  0.000000E+00  0.000000E+00  0.000000E+00
  7.479023E+01 -6.267905E+02
     53000  2.650000E+01        52
  4.043269E+14  0.000000E+00 -5.732796E+05  1.183405E+05 -6.985868E+05
  0.000000E+00  0.000000E+00  0.000000E+00  0.000000E+00 -5.732793E+05
  0.000000E+00  1.862077E+03 -7.087885E+05  6.967171E+05  0.000000E+00
  0.000000E+00  0.000000E+00  0.000000E+00  4.542851E+05  0.000000E+00
  6.966748E+03  1.393350E+04  9.000000E+01  9.000000E+01  9.000000E+01
  0.000000E+00 -2.160438E+00  4.043269E+14 -2.261312E+00 -2.934826E-01
  2.248726E-02 -2.934826E-01 -1.687861E+00 -7.786640E-01  2.248726E-02
 -7.786640E-01 -2.532140E+00  4.021793E-01  3.923072E-01  3.377088E-01
  5.415586E-01  1.595494E+01  7.793667E+01  0.000000E+00  0.000000E+00
  0.000000E+00  7.793667E+01  0.000000E+00  0.000000E+00  0.000000E+00
  7.479023E+01 -6.206923E+02
     54000  2.700000E+01        52
  4.043269E+14  0.000000E+00 -5.732833E+05  1.183432E+05 -6.985932E+05
  0.000000E+00  0.000000E+00  0.000000E+00  0.000000E+00 -5.732830E+05
  0.000000E+00  1.845156E+03 -7.088117E+05  6.967234E+05  0.000000E+00
  0.000000E+00  0.000000E+00  0.000000E+00  4.542851E+05  0.000000E+00
  6.966721E+03  1.393344E+04  9.000000E+01  9.000000E+01  9.000000E+01
  0.000000E+00 -2.140806E+00  4.043269E+14 -2.242028E+00 -2.939759E-01
  2.627893E-02 -2.939759E-01 -1.668472E+00 -7.769462E-01  2.627893E-02
 -7.769462E-01 -2.511916E+00  4.021793E-01  3.923072E-01  3.377088E-01
  5.415586E-01  1.595494E+01  7.793667E+01  0.000000E+00  0.000000E+00
  0.000000E+00  7.793667E+01  0.000000E+00  0.000000E+00  0.000000E+00
  7.479023E+01 -6.150520E+02
     55000  2.750000E+01        52
  4.043269E+14  0.000000E+00 -5.732869E+05  1.183456E+05 -6.985991E+05
  0.000000E+00  0.000000E+00  0.000000E+00  0.000000E+00 -5.732866E+05
  0.000000E+00  1.829529E+03 -7.088330E+05  6.967292E+05  0.000000E+00
  0.000000E+00  0.000000E+00  0.000000E+00  4.542851E+05  0.000000E+00
  6.966675E+03  1.393335E+04  9.000000E+01  9.000000E+01  9.000000E+01
  0.000000E+00 -2.122674E+00  4.043269E+14 -2.224213E+00 -2.946723E-01
  2.999911E-02 -2.946723E-01 -1.650605E+00 -7.753731E-01  2.999911E-02
 -7.753731E-01 -2.493205E+00  4.021793E-01  3.923072E-01  3.377088E-01
  5.415586E-01  1.595494E+01  7.793667E+01  0.000000E+00  0.000000E+00
  0.000000E+00  7.793667E+01  0.000000E+00  0.000000E+00  0.000000E+00
  7.479023E+01 -6.098429E+02
     56000  2.800000E+01        52
  4.043269E+14  0.000000E+00 -5.732904E+05  1.183477E+05 -6.986047E+05
  0.000000E+00  0.000000E+00  0.000000E+00  0.000000E+00 -5.732901E+05
  0.000000E+00  1.815220E+03 -7.088527E+05  6.967347E+05  0.000000E+00
  0.000000E+00  0.000000E+00  0.000000E+00  4.542851E+05  0.000000E+00
  6.966610E+03  1.393322E+04  9.000000E+01  9.000000E+01  9.000000E+01
  0.000000E+00 -2.106073E+00  4.043269E+14 -2.207884E+00 -2.956317E-01
  3.368201E-02 -2.956317E-01 -1.634286E+00 -7.738651E-01  3.368201E-02
 -7.738651E-01 -2.476049E+00  4.021793E-01  3.923072E-01  3.377088E-01
  5.415586E-01  1.595494E+01  7.793667E+01  0.000000E+00  0.000000E+00
  0.000000E+00  7.793667E+01  0.000000E+00  0.000000E+00  0.000000E+00
  7.479023E+01 -6.050733E+02
     57000  2.850000E+01        52
  4.043269E+14  0.000000E+00 -5.732938E+05  1.183495E+05 -6.986098E+05
  0.000000E+00  0.000000E+00  0.000000E+00  0.000000E+00 -5.732935E+05
  0.000000E+00  1.802124E+03 -7.088707E+05  6.967397E+05  0.000000E+00
  0.000000E+00  0.000000E+00  0.000000E+00  4.542851E+05  0.000000E+00
  6.966525E+03  1.393305E+04  9.000000E+01  9.000000E+01  9.000000E+01
  0.000000E+00 -2.090879E+00  4.043269E+14 -2.193011E+00 -2.967524E-01
  3.726478E-02 -2.967524E-01 -1.619396E+00 -7.724286E-01  3.726478E-02
 -7.724286E-01 -2.460231E+00  4.021793E-01  3.923072E-01  3.377088E-01
  5.415586E-01  1.595494E+01  7.793667E+01  0.000000E+00  0.000000E+00
  0.000000E+00  7.793667E+01  0.000000E+00  0.000000E+00  0.000000E+00
  7.479023E+01 -6.007081E+02
     58000  2.900000E+01        52
  4.043269E+14  0.000000E+00 -5.732971E+05  1.183510E+05 -6.986145E+05
  0.000000E+00  0.000000E+00  0.000000E+00  0.000000E+00 -5.732968E+05
  0.000000E+00  1.790304E+03 -7.088869E+05  6.967444E+05  0.000000E+00
  0.000000E+00  0.000000E+00  0.000000E+00  4.542851E+05  0.000000E+00
  6.966420E+03  1.393284E+04  9.000000E+01  9.000000E+01  9.000000E+01
  0.000000E+00 -2.077164E+00  4.043269E+14 -2.179685E+00 -2.979770E-01
  4.090474E-02 -2.979770E-01 -1.605991E+00 -7.710309E-01  4.090474E-02
 -7.710309E-01 -2.445817E+00  4.021793E-01  3.923072E-01  3.377088E-01
  5.415586E-01  1.595494E+01  7.793667E+01  0.000000E+00  0.000000E+00
  0.000000E+00  7.793667E+01  0.000000E+00  0.000000E+00  0.000000E+00
  7.479023E+01 -5.967679E+02
     59000  2.950000E+01        52
  4.043269E+14  0.000000E+00 -5.733003E+05  1.183523E+05 -6.986189E+05
  0.000000E+00  0.000000E+00  0.000000E+00  0.000000E+00 -5.733000E+05
  0.000000E+00  1.779616E+03 -7.089017E+05  6.967487E+05  0.000000E+00
  0.000000E+00  0.000000E+00  0.000000E+00  4.542851E+05  0.000000E+00
  6.966297E+03  1.393259E+04  9.000000E+01  9.000000E+01  9.000000E+01
  0.000000E+00 -2.064764E+00  4.043269E+14 -2.167699E+00 -2.993911E-01
  4.447506E-02 -2.993911E-01 -1.593954E+00 -7.697255E-01  4.447506E-02
 -7.697255E-01 -2.432639E+00  4.021793E-01  3.923072E-01  3.377088E-01
  5.415586E-01  1.595494E+01  7.793667E+01  0.000000E+00  0.000000E+00
  0.000000E+00  7.793667E+01  0.000000E+00  0.000000E+00  0.000000E+00
  7.479023E+01 -5.932053E+02
     60000  3.000000E+01        52
  4.043269E+14  0.000000E+00 -5.733034E+05  1.183534E+05 -6.986230E+05
  0.000000E+00  0.000000E+00  0.000000E+00  0.000000E+00 -5.733031E+05
  0.000000E+00  1.770000E+03 -7.089150E+05  6.967527E+05  0.000000E+00
  0.000000E+00  0.000000E+00  0.000000E+00  4.542851E+05  0.000000E+00
  6.966157E+03  1.393231E+04  9.000000E+01  9.000000E+01  9.000000E+01
  0.000000E+00 -2.053608E+00  4.043269E+14 -2.157066E+00 -3.009243E-01
  4.797569E-02 -3.009243E-01 -1.583166E+00 -7.684913E-01  4.797569E-02
 -7.684913E-01 -2.420591E+00  4.021793E-01  3.923072E-01  3.377088E-01
  5.415586E-01  1.595494E+01  7.793667E+01  0.000000E+00  0.000000E+00
  0.000000E+00  7.793667E+01  0.000000E+00  0.000000E+00  0.000000E+00
  7.479023E+01 -5.900001E+02
     61000  3.050000E+01        52
  4.043269E+14  0.000000E+00 -5.733065E+05  1.183542E+05 -6.986267E+05
  0.000000E+00  0.000000E+00  0.000000E+00  0.000000E+00 -5.733062E+05
  0.000000E+00  1.761381E+03 -7.089271E+05  6.967565E+05  0.000000E+00
  0.000000E+00  0.000000E+00  0.000000E+00  4.542851E+05  0.000000E+00
  6.966003E+03  1.393201E+04  9.000000E+01  9.000000E+01  9.000000E+01
  0.000000E+00 -2.043608E+00  4.043269E+14 -2.147618E+00 -3.024978E-01
  5.139280E-02 -3.024978E-01 -1.573585E+00 -7.673623E-01  5.139280E-02
 -7.673623E-01 -2.409621E+00  4.021793E-01  3.923072E-01  3.377088E-01
  5.415586E-01  1.595494E+01  7.793667E+01  0.000000E+00  0.000000E+00
  0.000000E+00  7.793667E+01  0.000000E+00  0.000000E+00  0.000000E+00
  7.479023E+01 -5.871272E+02
     62000  3.100000E+01        52
  4.043269E+14  0.000000E+00 -5.733095E+05  1.183548E+05 -6.986302E+05
  0.000000E+00  0.000000E+00  0.000000E+00  0.000000E+00 -5.733092E+05
  0.000000E+00  1.753659E+03 -7.089379E+05  6.967599E+05  0.000000E+00
  0.000000E+00  0.000000E+00  0.000000E+00  4.542851E+05  0.000000E+00
  6.965836E+03  1.393167E+04  9.000000E+01  9.000000E+01  9.000000E+01
  0.000000E+00 -2.034648E+00  4.043269E+14 -2.139266E+00 -3.040295E-01
  5.473881E-02 -3.040295E-01 -1.565118E+00 -7.663241E-01  5.473881E-02
 -7.663241E-01 -2.399560E+00  4.021793E-01  3.923072E-01  3.377088E-01
  5.415586E-01  1.595494E+01  7.793667E+01  0.000000E+00  0.000000E+00
  0.000000E+00  7.793667E+01  0.000000E+00  0.000000E+00  0.000000E+00
  7.479023E+01 -5.845529E+02
     63000  3.150000E+01        52
  4.043269E+14  0.000000E+00 -5.733124E+05  1.183553E+05 -6.986334E+05
  0.000000E+00  0.000000E+00  0.000000E+00  0.000000E+00 -5.733122E+05
  0.000000E+00  1.746779E+03 -7.089476E+05  6.967631E+05  0.000000E+00
  0.000000E+00  0.000000E+00  0.000000E+00  4.542851E+05  0.000000E+00
  6.965659E+03  1.393132E+04  9.000000E+01  9.000000E+01  9.000000E+01
  0.000000E+00 -2.026666E+00  4.043269E+14 -2.131951E+00 -3.055348E-01
  5.794612E-02 -3.055348E-01 -1.557667E+00 -7.654597E-01  5.794612E-02
 -7.654597E-01 -2.390379E+00  4.021793E-01  3.923072E-01  3.377088E-01
  5.415586E-01  1.595494E+01  7.793667E+01  0.000000E+00  0.000000E+00
  0.000000E+00  7.793667E+01  0.000000E+00  0.000000E+00  0.000000E+00
  7.479023E+01 -5.822596E+02
     64000  3.200000E+01        52
  4.043269E+14  0.000000E+00 -5.733153E+05  1.183556E+05 -6.986364E+05
  0.000000E+00  0.000000E+00  0.000000E+00  0.000000E+00 -5.733150E+05
  0.000000E+00  1.740655E+03 -7.089564E+05  6.967661E+05  0.000000E+00
  0.000000E+00  0.000000E+00  0.000000E+00  4.542851E+05  0.000000E+00
  6.965474E+03  1.393095E+04  9.000000E+01  9.000000E+01  9.000000E+01
  0.000000E+00 -2.019560E+00  4.043269E+14 -2.125570E+00 -3.069478E-01
  6.111027E-02 -3.069478E-01 -1.551173E+00 -7.647093E-01  6.111027E-02
 -7.647093E-01 -2.381937E+00  4.021793E-01  3.923072E-01  3.377088E-01
  5.415586E-01  1.595494E+01  7.793667E+01  0.000000E+00  0.000000E+00
  0.000000E+00  7.793667E+01  0.000000E+00  0.000000E+00  0.000000E+00
  7.479023E+01 -5.802182E+02
     65000  3.250000E+01        52
  4.043269E+14  0.000000E+00 -5.733181E+05  1.183558E+05 -6.986392E+05
  0.000000E+00  0.000000E+00  0.000000E+00  0.000000E+00 -5.733178E+05
  0.000000E+00  1.735204E+03 -7.089642E+05  6.967688E+05  0.000000E+00
  0.000000E+00  0.000000E+00  0.000000E+00  4.542851E+05  0.000000E+00
  6.965279E+03  1.393056E+04  9.000000E+01  9.000000E+01  9.000000E+01
  0.000000E+00 -2.013237E+00  4.043269E+14 -2.120056E+00 -3.082783E-01
  6.417284E-02 -3.082783E-01 -1.545496E+00 -7.641065E-01  6.417284E-02
 -7.641065E-01 -2.374158E+00  4.021793E-01  3.923072E-01  3.377088E-01
  5.415586E-01  1.595494E+01  7.793667E+01  0.000000E+00  0.000000E+00
  0.000000E+00  7.793667E+01  0.000000E+00  0.000000E+00  0.000000E+00
  7.479023E+01 -5.784015E+02
     66000  3.300000E+01        52
  4.043269E+14  0.000000E+00 -5.733209E+05  1.183559E+05 -6.986419E+05
  0.000000E+00  0.000000E+00  0.000000E+00  0.000000E+00 -5.733206E+05
  0.000000E+00  1.730469E+03 -7.089711E+05  6.967714E+05  0.000000E+00
  0.000000E+00  0.000000E+00  0.000000E+00  4.542851E+05  0.000000E+00
  6.965077E+03  1.393015E+04  9.000000E+01  9.000000E+01  9.000000E+01
  0.000000E+00 -2.007743E+00  4.043269E+14 -2.115454E+00 -3.095345E-01
  6.718541E-02 -3.095345E-01 -1.540603E+00 -7.636502E-01  6.718541E-02
 -7.636502E-01 -2.367171E+00  4.021793E-01  3.923072E-01  3.377088E-01
  5.415586E-01  1.595494E+01  7.793667E+01  0.000000E+00  0.000000E+00
  0.000000E+00  7.793667E+01  0.000000E+00  0.000000E+00  0.000000E+00
  7.479023E+01 -5.768230E+02
     67000  3.350000E+01        52
  4.043269E+14  0.000000E+00 -5.733236E+05  1.183558E+05 -6.986443E+05
  0.000000E+00  0.000000E+00  0.000000E+00  0.000000E+00 -5.733233E+05
  0.000000E+00  1.726388E+03 -7.089771E+05  6.967738E+05  0.000000E+00
  0.000000E+00  0.000000E+00  0.000000E+00  4.542851E+05  0.000000E+00
  6.964865E+03  1.392973E+04  9.000000E+01  9.000000E+01  9.000000E+01
  0.000000E+00 -2.003008E+00  4.043269E+14 -2.111706E+00 -3.107860E-01
  7.017345E-02 -3.107860E-01 -1.536526E+00 -7.633618E-01  7.017345E-02
 -7.633618E-01 -2.360792E+00  4.021793E-01  3.923072E-01  3.377088E-01
  5.415586E-01  1.595494E+01  7.793667E+01  0.000000E+00  0.000000E+00
  0.000000E+00  7.793667E+01  0.000000E+00  0.000000E+00  0.000000E+00
  7.479023E+01 -5.754627E+02
     68000  3.400000E+01        52
  4.043269E+14  0.000000E+00 -5.733263E+05  1.183556E+05 -6.986465E+05
  0.000000E+00  0.000000E+00  0.000000E+00  0.000000E+00 -5.733260E+05
  0.000000E+00  1.722953E+03 -7.089823E+05  6.967760E+05  0.000000E+00
  0.000000E+00  0.000000E+00  0.000000E+00  4.542851E+05  0.000000E+00
  6.964640E+03  1.392928E+04  9.000000E+01  9.000000E+01  9.000000E+01
  0.000000E+00 -1.999022E+00  4.043269E+14 -2.108834E+00 -3.119680E-01
  7.311295E-02 -3.119680E-01 -1.533223E+00 -7.631510E-01  7.311295E-02
 -7.631510E-01 -2.355008E+00  4.021793E-01  3.923072E-01  3.377088E-01
  5.415586E-01  1.595494E+01  7.793667E+01  0.000000E+00  0.000000E+00
  0.000000E+00  7.793667E+01  0.000000E+00  0.000000E+00  0.000000E+00
  7.479023E+01 -5.743176E+02
     69000  3.450000E+01        52
  4.043269E+14  0.000000E+00 -5.733289E+05  1.183553E+05 -6.986486E+05
  0.000000E+00  0.000000E+00  0.000000E+00  0.000000E+00 -5.733286E+05
  0.000000E+00  1.720037E+03 -7.089868E+05  6.967780E+05  0.000000E+00
  0.000000E+00  0.000000E+00  0.000000E+00  4.542851E+05  0.000000E+00
  6.964403E+03  1.392881E+04  9.000000E+01  9.000000E+01  9.000000E+01
  0.000000E+00 -1.995639E+00  4.043269E+14 -2.106659E+00 -3.130658E-01
  7.602329E-02 -3.130658E-01 -1.530527E+00 -7.631547E-01  7.602329E-02
 -7.631547E-01 -2.349731E+00  4.021793E-01  3.923072E-01  3.377088E-01
  5.415586E-01  1.595494E+01  7.793667E+01  0.000000E+00  0.000000E+00
  0.000000E+00  7.793667E+01  0.000000E+00  0.000000E+00  0.000000E+00
  7.479023E+01 -5.733457E+02
     70000  3.500000E+01        52
  4.043269E+14  0.000000E+00 -5.733314E+05  1.183549E+05 -6.986505E+05
  0.000000E+00  0.000000E+00  0.000000E+00  0.000000E+00 -5.733312E+05
  0.000000E+00  1.717646E+03 -7.089905E+05  6.967798E+05  0.000000E+00
  0.000000E+00  0.000000E+00  0.000000E+00  4.542851E+05  0.000000E+00
  6.964150E+03  1.392830E+04  9.000000E+01  9.000000E+01  9.000000E+01
  0.000000E+00 -1.992865E+00  4.043269E+14 -2.105255E+00 -3.140546E-01
  7.890711E-02 -3.140546E-01 -1.528412E+00 -7.632253E-01  7.890711E-02
 -7.632253E-01 -2.344929E+00  4.021793E-01  3.923072E-01  3.377088E-01
  5.415586E-01  1.595494E+01  7.793667E+01  0.000000E+00  0.000000E+00
  0.000000E+00  7.793667E+01  0.000000E+00  0.000000E+00  0.000000E+00
  7.479023E+01 -5.725488E+02
     71000  3.550000E+01        52
  4.043269E+14  0.000000E+00 -5.733340E+05  1.183544E+05 -6.986522E+05
  0.000000E+00  0.000000E+00  0.000000E+00  0.000000E+00 -5.733337E+05
  0.000000E+00  1.715868E+03 -7.089934E+05  6.967815E+05  0.000000E+00
  0.000000E+00  0.000000E+00  0.000000E+00  4.542851E+05  0.000000E+00
  6.963882E+03  1.392776E+04  9.000000E+01  9.000000E+01  9.000000E+01
  0.000000E+00 -1.990802E+00  4.043269E+14 -2.104773E+00 -3.148823E-01
  8.175387E-02 -3.148823E-01 -1.526925E+00 -7.632944E-01  8.175387E-02
 -7.632944E-01 -2.340708E+00  4.021793E-01  3.923072E-01  3.377088E-01
  5.415586E-01  1.595494E+01  7.793667E+01  0.000000E+00  0.000000E+00
  0.000000E+00  7.793667E+01  0.000000E+00  0.000000E+00  0.000000E+00
  7.479023E+01 -5.719560E+02
     72000  3.600000E+01        52
  4.043269E+14  0.000000E+00 -5.733365E+05  1.183537E+05 -6.986537E+05
  0.000000E+00  0.000000E+00  0.000000E+00  0.000000E+00 -5.733362E+05
  0.000000E+00  1.714642E+03 -7.089956E+05  6.967830E+05  0.000000E+00
  0.000000E+00  0.000000E+00  0.000000E+00  4.542851E+05  0.000000E+00
  6.963601E+03  1.392720E+04  9.000000E+01  9.000000E+01  9.000000E+01
  0.000000E+00 -1.989380E+00  4.043269E+14 -2.105059E+00 -3.155497E-01
  8.455988E-02 -3.155497E-01 -1.526082E+00 -7.632895E-01  8.455988E-02
 -7.632895E-01 -2.336999E+00  4.021793E-01  3.923072E-01  3.377088E-01
  5.415586E-01  1.595494E+01  7.793667E+01  0.000000E+00  0.000000E+00
  0.000000E+00  7.793667E+01  0.000000E+00  0.000000E+00  0.000000E+00
  7.479023E+01 -5.715474E+02
     73000  3.650000E+01        52
  4.043269E+14  0.000000E+00 -5.733389E+05  1.183529E+05 -6.986551E+05
  0.000000E+00  0.000000E+00  0.000000E+00  0.000000E+00 -5.733386E+05
  0.000000E+00  1.714002E+03 -7.089969E+05  6.967843E+05  0.000000E+00
  0.000000E+00  0.000000E+00  0.000000E+00  4.542851E+05  0.000000E+00
  6.963306E+03  1.392661E+04  9.000000E+01  9.000000E+01  9.000000E+01
  0.000000E+00 -1.988637E+00  4.043269E+14 -2.106125E+00 -3.160320E-01
  8.723443E-02 -3.160320E-01 -1.525891E+00 -7.632240E-01  8.723443E-02
 -7.632240E-01 -2.333894E+00  4.021793E-01  3.923072E-01  3.377088E-01
  5.415586E-01  1.595494E+01  7.793667E+01  0.000000E+00  0.000000E+00
  0.000000E+00  7.793667E+01  0.000000E+00  0.000000E+00  0.000000E+00
  7.479023E+01 -5.713339E+02
     74000  3.700000E+01        52
  4.043269E+14  0.000000E+00 -5.733413E+05  1.183519E+05 -6.986562E+05
  0.000000E+00  0.000000E+00  0.000000E+00  0.000000E+00 -5.733410E+05
  0.000000E+00  1.713872E+03 -7.089976E+05  6.967854E+05  0.000000E+00
  0.000000E+00  0.000000E+00  0.000000E+00  4.542851E+05  0.000000E+00
  6.962998E+03  1.392600E+04  9.000000E+01  9.000000E+01  9.000000E+01
  0.000000E+00 -1.988487E+00  4.043269E+14 -2.107934E+00 -3.163589E-01
  8.980066E-02 -3.163589E-01 -1.526310E+00 -7.630801E-01  8.980066E-02
 -7.630801E-01 -2.331216E+00  4.021793E-01  3.923072E-01  3.377088E-01
  5.415586E-01  1.595494E+01  7.793667E+01  0.000000E+00  0.000000E+00
  0.000000E+00  7.793667E+01  0.000000E+00  0.000000E+00  0.000000E+00
  7.479023E+01 -5.712908E+02
     75000  3.750000E+01        52
  4.043269E+14  0.000000E+00 -5.733437E+05  1.183509E+05 -6.986572E+05
  0.000000E+00  0.000000E+00  0.000000E+00  0.000000E+00 -5.733434E+05
  0.000000E+00  1.714252E+03 -7.089975E+05  6.967864E+05  0.000000E+00
  0.000000E+00  0.000000E+00  0.000000E+00  4.542851E+05  0.000000E+00
  6.962679E+03  1.392536E+04  9.000000E+01  9.000000E+01  9.000000E+01
  0.000000E+00 -1.988927E+00  4.043269E+14 -2.110449E+00 -3.165340E-01
  9.220486E-02 -3.165340E-01 -1.527356E+00 -7.628506E-01  9.220486E-02
 -7.628506E-01 -2.328976E+00  4.021793E-01  3.923072E-01  3.377088E-01
  5.415586E-01  1.595494E+01  7.793667E+01  0.000000E+00  0.000000E+00
  0.000000E+00  7.793667E+01  0.000000E+00  0.000000E+00  0.000000E+00
  7.479023E+01 -5.714173E+02
     76000  3.800000E+01        52
  4.043269E+14  0.000000E+00 -5.733460E+05  1.183497E+05 -6.986581E+05
  0.000000E+00  0.000000E+00  0.000000E+00  0.000000E+00 -5.733457E+05
  0.000000E+00  1.715039E+03 -7.089969E+05  6.967872E+05  0.000000E+00
  0.000000E+00  0.000000E+00  0.000000E+00  4.542851E+05  0.000000E+00
  6.962351E+03  1.392470E+04  9.000000E+01  9.000000E+01  9.000000E+01
  0.000000E+00 -1.989840E+00  4.043269E+14 -2.113450E+00 -3.165626E-01
  9.446963E-02 -3.165626E-01 -1.528933E+00 -7.625456E-01  9.446963E-02
 -7.625456E-01 -2.327136E+00  4.021793E-01  3.923072E-01  3.377088E-01
  5.415586E-01  1.595494E+01  7.793667E+01  0.000000E+00  0.000000E+00
  0.000000E+00  7.793667E+01  0.000000E+00  0.000000E+00  0.000000E+00
  7.479023E+01 -5.716796E+02
     77000  3.850000E+01        52
  4.043269E+14  0.000000E+00 -5.733483E+05  1.183485E+05 -6.986588E+05
  0.000000E+00  0.000000E+00  0.000000E+00  0.000000E+00 -5.733480E+05
  0.000000E+00  1.716259E+03 -7.089957E+05  6.967879E+05  0.000000E+00
  0.000000E+00  0.000000E+00  0.000000E+00  4.542851E+05  0.000000E+00
  6.962015E+03  1.392403E+04  9.000000E+01  9.000000E+01  9.000000E+01
  0.000000E+00 -1.991256E+00  4.043269E+14 -2.116956E+00 -3.165573E-01
  9.656049E-02 -3.165573E-01 -1.531092E+00 -7.622284E-01  9.656049E-02
 -7.622284E-01 -2.325721E+00  4.021793E-01  3.923072E-01  3.377088E-01
  5.415586E-01  1.595494E+01  7.793667E+01  0.000000E+00  0.000000E+00
  0.000000E+00  7.793667E+01  0.000000E+00  0.000000E+00  0.000000E+00
  7.479023E+01 -5.720865E+02
     78000  3.900000E+01        52
  4.043269E+14  0.000000E+00 -5.733506E+05  1.183471E+05 -6.986594E+05
  0.000000E+00  0.000000E+00  0.000000E+00  0.000000E+00 -5.733503E+05
  0.000000E+00  1.717956E+03 -7.089938E+05  6.967884E+05  0.000000E+00
  0.000000E+00  0.000000E+00  0.000000E+00  4.542851E+05  0.000000E+00
  6.961672E+03  1.392334E+04  9.000000E+01  9.000000E+01  9.000000E+01
  0.000000E+00 -1.993225E+00  4.043269E+14 -2.121028E+00 -3.165234E-01
  9.852353E-02 -3.165234E-01 -1.533786E+00 -7.619158E-01  9.852353E-02
 -7.619158E-01 -2.324860E+00  4.021793E-01  3.923072E-01  3.377088E-01
  5.415586E-01  1.595494E+01  7.793667E+01  0.000000E+00  0.000000E+00
  0.000000E+00  7.793667E+01  0.000000E+00  0.000000E+00  0.000000E+00
  7.479023E+01 -5.726521E+02
     79000  3.950000E+01        52
  4.043269E+14  0.000000E+00 -5.733528E+05  1.183457E+05 -6.986598E+05
  0.000000E+00  0.000000E+00  0.000000E+00  0.000000E+00 -5.733525E+05
  0.000000E+00  1.720115E+03 -7.089913E+05  6.967888E+05  0.000000E+00
  0.000000E+00  0.000000E+00  0.000000E+00  4.542851E+05  0.000000E+00
  6.961326E+03  1.392265E+04  9.000000E+01  9.000000E+01  9.000000E+01
  0.000000E+00 -1.995729E+00  4.043269E+14 -2.125519E+00 -3.165309E-01
  1.004656E-01 -3.165309E-01 -1.536954E+00 -7.615835E-01  1.004656E-01
 -7.615835E-01 -2.324715E+00  4.021793E-01  3.923072E-01  3.377088E-01
  5.415586E-01  1.595494E+01  7.793667E+01  0.000000E+00  0.000000E+00
  0.000000E+00  7.793667E+01  0.000000E+00  0.000000E+00  0.000000E+00
  7.479023E+01 -5.733717E+02
     80000  4.000000E+01        52
  4.043269E+14  0.000000E+00 -5.733550E+05  1.183441E+05 -6.986600E+05
  0.000000E+00  0.000000E+00  0.000000E+00  0.000000E+00 -5.733547E+05
  0.000000E+00  1.722753E+03 -7.089882E+05  6.967890E+05  0.000000E+00
  0.000000E+00  0.000000E+00  0.000000E+00  4.542851E+05  0.000000E+00
  6.960976E+03  1.392195E+04  9.000000E+01  9.000000E+01  9.000000E+01
  0.000000E+00 -1.998790E+00  4.043269E+14 -2.130463E+00 -3.165905E-01
  1.023718E-01 -3.165905E-01 -1.540604E+00 -7.612503E-01  1.023718E-01
 -7.612503E-01 -2.325303E+00  4.021793E-01  3.923072E-01  3.377088E-01
  5.415586E-01  1.595494E+01  7.793667E+01  0.000000E+00  0.000000E+00
  0.000000E+00  7.793667E+01  0.000000E+00  0.000000E+00  0.000000E+00
  7.479023E+01 -5.742511E+02
     81000  4.050000E+01        52
  4.043269E+14  0.000000E+00 -5.733571E+05  1.183424E+05 -6.986601E+05
  0.000000E+00  0.000000E+00  0.000000E+00  0.000000E+00 -5.733568E+05
  0.000000E+00  1.725858E+03 -7.089845E+05  6.967891E+05  0.000000E+00
  0.000000E+00  0.000000E+00  0.000000E+00  4.542851E+05  0.000000E+00
  6.960625E+03  1.392125E+04  9.000000E+01  9.000000E+01  9.000000E+01
  0.000000E+00 -2.002392E+00  4.043269E+14 -2.135892E+00 -3.166860E-01
  1.042836E-01 -3.166860E-01 -1.544667E+00 -7.609344E-01  1.042836E-01
 -7.609344E-01 -2.326618E+00  4.021793E-01  3.923072E-01  3.377088E-01
  5.415586E-01  1.595494E+01  7.793667E+01  0.000000E+00  0.000000E+00
  0.000000E+00  7.793667E+01  0.000000E+00  0.000000E+00  0.000000E+00
  7.479023E+01 -5.752859E+02
     82000  4.100000E+01        52
  4.043269E+14  0.000000E+00 -5.733593E+05  1.183406E+05 -6.986601E+05
  0.000000E+00  0.000000E+00  0.000000E+00  0.000000E+00 -5.733590E+05
  0.000000E+00  1.729452E+03 -7.089801E+05  6.967890E+05  0.000000E+00
  0.000000E+00  0.000000E+00  0.000000E+00  4.542851E+05  0.000000E+00
  6.960270E+03  1.392054E+04  9.000000E+01  9.000000E+01  9.000000E+01
  0.000000E+00 -2.006562E+00  4.043269E+14 -2.141734E+00 -3.167928E-01
  1.061979E-01 -3.167928E-01 -1.549221E+00 -7.606602E-01  1.061979E-01
 -7.606602E-01 -2.328731E+00  4.021793E-01  3.923072E-01  3.377088E-01
  5.415586E-01  1.595494E+01  7.793667E+01  0.000000E+00  0.000000E+00
  0.000000E+00  7.793667E+01  0.000000E+00  0.000000E+00  0.000000E+00
  7.479023E+01 -5.764839E+02
     83000  4.150000E+01        52
  4.043269E+14  0.000000E+00 -5.733613E+05  1.183387E+05 -6.986600E+05
  0.000000E+00  0.000000E+00  0.000000E+00  0.000000E+00 -5.733611E+05
  0.000000E+00  1.733444E+03 -7.089752E+05  6.967888E+05  0.000000E+00
  0.000000E+00  0.000000E+00  0.000000E+00  4.542851E+05  0.000000E+00
  6.959912E+03  1.391982E+04  9.000000E+01  9.000000E+01  9.000000E+01
  0.000000E+00 -2.011194E+00  4.043269E+14 -2.147992E+00 -3.170096E-01
  1.081489E-01 -3.170096E-01 -1.554181E+00 -7.604373E-01  1.081489E-01
 -7.604373E-01 -2.331409E+00  4.021793E-01  3.923072E-01  3.377088E-01
  5.415586E-01  1.595494E+01  7.793667E+01  0.000000E+00  0.000000E+00
  0.000000E+00  7.793667E+01  0.000000E+00  0.000000E+00  0.000000E+00
  7.479023E+01 -5.778146E+02
     84000  4.200000E+01        52
  4.043269E+14  0.000000E+00 -5.733634E+05  1.183368E+05 -6.986597E+05
  0.000000E+00  0.000000E+00  0.000000E+00  0.000000E+00 -5.733631E+05
  0.000000E+00  1.737829E+03 -7.089698E+05  6.967885E+05  0.000000E+00
  0.000000E+00  0.000000E+00  0.000000E+00  4.542851E+05  0.000000E+00
  6.959552E+03  1.391910E+04  9.000000E+01  9.000000E+01  9.000000E+01
  0.000000E+00 -2.016282E+00  4.043269E+14 -2.154614E+00 -3.172615E-01
  1.100979E-01 -3.172615E-01 -1.559569E+00 -7.602089E-01  1.100979E-01
 -7.602089E-01 -2.334663E+00  4.021793E-01  3.923072E-01  3.377088E-01
  5.415586E-01  1.595494E+01  7.793667E+01  0.000000E+00  0.000000E+00
  0.000000E+00  7.793667E+01  0.000000E+00  0.000000E+00  0.000000E+00
  7.479023E+01 -5.792764E+02
     85000  4.250000E+01        52
  4.043269E+14  0.000000E+00 -5.733654E+05  1.183347E+05 -6.986594E+05
  0.000000E+00  0.000000E+00  0.000000E+00  0.000000E+00 -5.733652E+05
  0.000000E+00  1.742623E+03 -7.089639E+05  6.967881E+05  0.000000E+00
