# Li56 La24 Zr16 O96                                                    
        15       120
Li      Li      
  2.500000E-02  0.000000E+00  0.000000E+00
  7.500000E-02  0.000000E+00  0.000000E+00
  1.250000E-01  0.000000E+00  0.000000E+00
  1.750000E-01  0.000000E+00  0.000000E+00
  2.250000E-01  0.000000E+00  0.000000E+00
  2.750000E-01  0.000000E+00  0.000000E+00
  3.250000E-01  0.000000E+00  0.000000E+00
  3.750000E-01  0.000000E+00  0.000000E+00
  4.250000E-01  0.000000E+00  0.000000E+00
  4.750000E-01  0.000000E+00  0.000000E+00
  5.250000E-01  0.000000E+00  0.000000E+00
  5.750000E-01  0.000000E+00  0.000000E+00
  6.250000E-01  0.000000E+00  0.000000E+00
  6.750000E-01  2.799713E-03  1.275977E-07
  7.250000E-01  1.092154E-02  7.017875E-07
  7.750000E-01  6.372162E-03  1.084581E-06
  8.250000E-01  7.497885E-03  1.594972E-06
  8.750000E-01  1.499781E-02  2.743351E-06
  9.250000E-01  4.175307E-02  6.316087E-06
  9.750000E-01  1.583789E-01  2.137262E-05
  1.025000E+00  1.809556E-01  4.038468E-05
  1.075000E+00  2.986700E-01  7.489987E-05
  1.125000E+00  1.066163E+00  2.098345E-04
  1.175000E+00  9.224610E+01  1.294524E-02
  1.225000E+00  1.839976E+02  4.055534E-02
  1.275000E+00  5.166638E+01  4.895395E-02
  1.325000E+00  4.003339E+01  5.598191E-02
  1.375000E+00  4.568209E+01  6.461810E-02
  1.425000E+00  8.679675E+01  8.224197E-02
  1.475000E+00  2.970712E+02  1.468683E-01
  1.525000E+00  2.925720E+02  2.149037E-01
  1.575000E+00  3.561395E+02  3.032403E-01
  1.625000E+00  4.946522E+02  4.338467E-01
  1.675000E+00  6.638194E+02  6.200705E-01
  1.725000E+00  7.477855E+02  8.425597E-01
  1.775000E+00  6.079501E+02  1.034081E+00
  1.825000E+00  4.532117E+02  1.185011E+00
  1.875000E+00  3.185723E+02  1.296996E+00
  1.925000E+00  2.097522E+02  1.374713E+00
  1.975000E+00  1.338843E+02  1.426930E+00
  2.025000E+00  9.194244E+01  1.464628E+00
  2.075000E+00  6.329999E+01  1.491879E+00
  2.125000E+00  4.321939E+01  1.511392E+00
  2.175000E+00  3.318297E+01  1.527088E+00
  2.225000E+00  2.652392E+01  1.540217E+00
  2.275000E+00  3.584750E+01  1.558768E+00
  2.325000E+00  5.281672E+01  1.587315E+00
  2.375000E+00  2.330015E+01  1.600456E+00
  2.425000E+00  1.241463E+01  1.607755E+00
  2.475000E+00  1.273789E+01  1.615557E+00
  2.525000E+00  1.582715E+01  1.625646E+00
  2.575000E+00  2.341258E+01  1.641168E+00
  2.625000E+00  2.788110E+01  1.660377E+00
  2.675000E+00  3.065196E+01  1.682307E+00
  2.725000E+00  3.292345E+01  1.706751E+00
  2.775000E+00  3.316897E+01  1.732290E+00
  2.825000E+00  3.356350E+01  1.759071E+00
  2.875000E+00  3.606163E+01  1.788874E+00
  2.925000E+00  3.538488E+01  1.819143E+00
  2.975000E+00  3.667295E+01  1.851596E+00
  3.025000E+00  3.434652E+01  1.883021E+00
  3.075000E+00  3.560662E+01  1.916684E+00
  3.125000E+00  3.927382E+01  1.955031E+00
  3.175000E+00  3.808067E+01  1.993413E+00
  3.225000E+00  4.103632E+01  2.036086E+00
  3.275000E+00  4.243600E+01  2.081595E+00
  3.325000E+00  4.345347E+01  2.129628E+00
  3.375000E+00  4.642735E+01  2.182503E+00
  3.425000E+00  4.379620E+01  2.233870E+00
  3.475000E+00  4.181676E+01  2.284359E+00
  3.525000E+00  3.882307E+01  2.332591E+00
  3.575000E+00  3.537087E+01  2.377790E+00
  3.625000E+00  3.039893E+01  2.417730E+00
  3.675000E+00  2.798812E+01  2.455523E+00
  3.725000E+00  2.547018E+01  2.490859E+00
  3.775000E+00  2.292056E+01  2.523517E+00
  3.825000E+00  2.192706E+01  2.555592E+00
  3.875000E+00  1.973419E+01  2.585220E+00
  3.925000E+00  1.999276E+01  2.616015E+00
  3.975000E+00  1.946680E+01  2.646769E+00
  4.025000E+00  1.947401E+01  2.678313E+00
  4.075000E+00  1.953952E+01  2.710754E+00
  4.125000E+00  1.828840E+01  2.741868E+00
  4.175000E+00  1.839068E+01  2.773918E+00
  4.225000E+00  1.802003E+01  2.806080E+00
  4.275000E+00  1.769630E+01  2.838416E+00
  4.325000E+00  1.813249E+01  2.872328E+00
  4.375000E+00  1.923098E+01  2.909131E+00
  4.425000E+00  1.941727E+01  2.947145E+00
  4.475000E+00  1.957116E+01  2.986331E+00
  4.525000E+00  1.956322E+01  3.026381E+00
  4.575000E+00  1.983611E+01  3.067893E+00
  4.625000E+00  2.092840E+01  3.112652E+00
  4.675000E+00  2.073238E+01  3.157957E+00
  4.725000E+00  2.048939E+01  3.203693E+00
  4.775000E+00  2.101591E+01  3.251602E+00
  4.825000E+00  2.117338E+01  3.300887E+00
  4.875000E+00  2.119942E+01  3.351260E+00
  4.925000E+00  2.195695E+01  3.404509E+00
  4.975000E+00  2.180016E+01  3.458457E+00
  5.025000E+00  2.110299E+01  3.511735E+00
  5.075000E+00  2.136132E+01  3.566743E+00
  5.125000E+00  2.158553E+01  3.623429E+00
  5.175000E+00  2.050958E+01  3.678346E+00
  5.225000E+00  2.014167E+01  3.733324E+00
  5.275000E+00  1.990241E+01  3.788695E+00
  5.325000E+00  1.977138E+01  3.844748E+00
  5.375000E+00  1.947144E+01  3.900993E+00
  5.425000E+00  1.912565E+01  3.957271E+00
  5.475000E+00  1.848807E+01  4.012681E+00
  5.525000E+00  1.759508E+01  4.066382E+00
  5.575000E+00  1.758776E+01  4.121037E+00
  5.625000E+00  1.750654E+01  4.176419E+00
  5.675000E+00  1.709100E+01  4.231452E+00
  5.725000E+00  1.664829E+01  4.286009E+00
  5.775000E+00  1.595286E+01  4.339203E+00
  5.825000E+00  1.545077E+01  4.391620E+00
  5.875000E+00  1.488442E+01  4.442986E+00
  5.925000E+00  1.483393E+01  4.495052E+00
  5.975000E+00  1.462871E+01  4.547269E+00
Li      La      
  2.500000E-02  0.000000E+00  0.000000E+00
  7.500000E-02  0.000000E+00  0.000000E+00
  1.250000E-01  0.000000E+00  0.000000E+00
  1.750000E-01  0.000000E+00  0.000000E+00
  2.250000E-01  0.000000E+00  0.000000E+00
  2.750000E-01  0.000000E+00  0.000000E+00
  3.250000E-01  0.000000E+00  0.000000E+00
  3.750000E-01  0.000000E+00  0.000000E+00
  4.250000E-01  0.000000E+00  0.000000E+00
  4.750000E-01  0.000000E+00  0.000000E+00
  5.250000E-01  0.000000E+00  0.000000E+00
  5.750000E-01  0.000000E+00  0.000000E+00
  6.250000E-01  0.000000E+00  0.000000E+00
  6.750000E-01  0.000000E+00  0.000000E+00
  7.250000E-01  0.000000E+00  0.000000E+00
  7.750000E-01  0.000000E+00  0.000000E+00
  8.250000E-01  0.000000E+00  0.000000E+00
  8.750000E-01  9.719414E-04  3.189487E-08
  9.250000E-01  8.697314E-04  6.378975E-08
  9.750000E-01  0.000000E+00  6.378975E-08
  1.025000E+00  0.000000E+00  6.378975E-08
  1.075000E+00  0.000000E+00  6.378975E-08
  1.125000E+00  0.000000E+00  6.378975E-08
  1.175000E+00  0.000000E+00  6.378975E-08
  1.225000E+00  4.959545E-04  9.568462E-08
  1.275000E+00  0.000000E+00  9.568462E-08
  1.325000E+00  4.239270E-04  1.275795E-07
  1.375000E+00  7.873196E-04  1.913692E-07
  1.425000E+00  3.665220E-04  2.232641E-07
  1.475000E+00  3.420966E-04  2.551590E-07
  1.525000E+00  3.200337E-04  2.870539E-07
  1.575000E+00  1.800230E-03  4.784231E-07
  1.625000E+00  5.637199E-04  5.422129E-07
  1.675000E+00  2.652849E-04  5.741077E-07
  1.725000E+00  5.002599E-04  6.378975E-07
  1.775000E+00  2.362375E-04  6.697924E-07
  1.825000E+00  1.117356E-03  8.292667E-07
  1.875000E+00  2.328835E-03  1.180110E-06
  1.925000E+00  3.213723E-03  1.690428E-06
  1.975000E+00  2.480620E-03  2.105062E-06
  2.025000E+00  5.445321E-03  3.061908E-06
  2.075000E+00  1.140935E-02  5.166970E-06
  2.125000E+00  3.906473E-02  1.272605E-05
  2.175000E+00  2.835251E-01  7.020062E-05
  2.225000E+00  1.269834E+00  3.395847E-04
  2.275000E+00  6.478715E+00  1.776449E-03
  2.325000E+00  2.073656E+01  6.579817E-03
  2.375000E+00  4.806519E+01  1.819752E-02
  2.425000E+00  7.868663E+01  3.802587E-02
  2.475000E+00  9.425201E+01  6.276602E-02
  2.525000E+00  9.567034E+01  8.890333E-02
  2.575000E+00  9.289876E+01  1.152985E-01
  2.625000E+00  9.343307E+01  1.428864E-01
  2.675000E+00  9.242722E+01  1.712269E-01
  2.725000E+00  9.393984E+01  2.011179E-01
  2.775000E+00  9.776630E+01  2.333786E-01
  2.825000E+00  1.038355E+02  2.688878E-01
  2.875000E+00  1.050354E+02  3.060900E-01
  2.925000E+00  1.169770E+02  3.489754E-01
  2.975000E+00  1.269319E+02  3.971149E-01
  3.025000E+00  1.299081E+02  4.480531E-01
  3.075000E+00  1.265966E+02  4.993473E-01
  3.125000E+00  1.236823E+02  5.511036E-01
  3.175000E+00  1.167782E+02  6.015470E-01
  3.225000E+00  1.243790E+02  6.569792E-01
  3.275000E+00  1.267708E+02  7.152427E-01
  3.325000E+00  1.142195E+02  7.693528E-01
  3.375000E+00  1.017108E+02  8.189971E-01
  3.425000E+00  8.982636E+01  8.641493E-01
  3.475000E+00  8.313062E+01  9.071648E-01
  3.525000E+00  7.781775E+01  9.485982E-01
  3.575000E+00  7.267252E+01  9.883976E-01
  3.625000E+00  6.891745E+01  1.027204E+00
  3.675000E+00  6.280188E+01  1.063548E+00
  3.725000E+00  5.734723E+01  1.097645E+00
  3.775000E+00  5.256169E+01  1.129742E+00
  3.825000E+00  4.744012E+01  1.159483E+00
  3.875000E+00  4.175225E+01  1.186347E+00
  3.925000E+00  3.926432E+01  1.212267E+00
  3.975000E+00  3.624737E+01  1.236809E+00
  4.025000E+00  3.548377E+01  1.261442E+00
  4.075000E+00  3.251946E+01  1.284581E+00
  4.125000E+00  3.155794E+01  1.307590E+00
  4.175000E+00  3.041049E+01  1.330304E+00
  4.225000E+00  3.007448E+01  1.353308E+00
  4.275000E+00  2.955593E+01  1.376454E+00
  4.325000E+00  2.697469E+01  1.398075E+00
  4.375000E+00  2.803014E+01  1.421065E+00
  4.425000E+00  2.758156E+01  1.444206E+00
  4.475000E+00  2.643443E+01  1.466890E+00
  4.525000E+00  2.561890E+01  1.489367E+00
  4.575000E+00  2.559713E+01  1.512325E+00
  4.625000E+00  2.553251E+01  1.535728E+00
  4.675000E+00  2.449355E+01  1.558666E+00
  4.725000E+00  2.429358E+01  1.581907E+00
  4.775000E+00  2.405825E+01  1.605412E+00
  4.825000E+00  2.388815E+01  1.629242E+00
  4.875000E+00  2.344318E+01  1.653115E+00
  4.925000E+00  2.297104E+01  1.676990E+00
  4.975000E+00  2.198953E+01  1.700312E+00
  5.025000E+00  2.211457E+01  1.724239E+00
  5.075000E+00  2.199295E+01  1.748511E+00
  5.125000E+00  2.108234E+01  1.772239E+00
  5.175000E+00  2.118761E+01  1.796553E+00
  5.225000E+00  2.069538E+01  1.820763E+00
  5.275000E+00  2.062784E+01  1.845358E+00
  5.325000E+00  2.014784E+01  1.869838E+00
  5.375000E+00  1.994859E+01  1.894534E+00
  5.425000E+00  1.898261E+01  1.918473E+00
  5.475000E+00  1.920682E+01  1.943143E+00
  5.525000E+00  1.886393E+01  1.967817E+00
  5.575000E+00  1.844260E+01  1.992379E+00
  5.625000E+00  1.790496E+01  2.016655E+00
  5.675000E+00  1.706405E+01  2.040203E+00
  5.725000E+00  1.693516E+01  2.063988E+00
  5.775000E+00  1.684716E+01  2.088063E+00
  5.825000E+00  1.739307E+01  2.113352E+00
  5.875000E+00  1.680003E+01  2.138199E+00
  5.925000E+00  1.671803E+01  2.163347E+00
  5.975000E+00  1.720919E+01  2.189673E+00
Li      Zr      
  2.500000E-02  0.000000E+00  0.000000E+00
  7.500000E-02  0.000000E+00  0.000000E+00
  1.250000E-01  0.000000E+00  0.000000E+00
  1.750000E-01  0.000000E+00  0.000000E+00
  2.250000E-01  0.000000E+00  0.000000E+00
  2.750000E-01  0.000000E+00  0.000000E+00
  3.250000E-01  0.000000E+00  0.000000E+00
  3.750000E-01  0.000000E+00  0.000000E+00
  4.250000E-01  0.000000E+00  0.000000E+00
  4.750000E-01  0.000000E+00  0.000000E+00
  5.250000E-01  0.000000E+00  0.000000E+00
  5.750000E-01  0.000000E+00  0.000000E+00
  6.250000E-01  0.000000E+00  0.000000E+00
  6.750000E-01  0.000000E+00  0.000000E+00
  7.250000E-01  0.000000E+00  0.000000E+00
  7.750000E-01  0.000000E+00  0.000000E+00
  8.250000E-01  0.000000E+00  0.000000E+00
  8.750000E-01  0.000000E+00  0.000000E+00
  9.250000E-01  0.000000E+00  0.000000E+00
  9.750000E-01  0.000000E+00  0.000000E+00
  1.025000E+00  0.000000E+00  0.000000E+00
  1.075000E+00  0.000000E+00  0.000000E+00
  1.125000E+00  0.000000E+00  0.000000E+00
  1.175000E+00  0.000000E+00  0.000000E+00
  1.225000E+00  0.000000E+00  0.000000E+00
  1.275000E+00  0.000000E+00  0.000000E+00
  1.325000E+00  1.907671E-03  9.568462E-08
  1.375000E+00  0.000000E+00  9.568462E-08
  1.425000E+00  0.000000E+00  9.568462E-08
  1.475000E+00  0.000000E+00  9.568462E-08
  1.525000E+00  9.601012E-04  1.594744E-07
  1.575000E+00  4.500575E-04  1.913692E-07
  1.625000E+00  4.227899E-04  2.232641E-07
  1.675000E+00  1.193782E-03  3.189487E-07
  1.725000E+00  1.500780E-03  4.465282E-07
  1.775000E+00  3.543563E-03  7.654770E-07
  1.825000E+00  3.352067E-03  1.084426E-06
  1.875000E+00  6.986505E-03  1.786113E-06
  1.925000E+00  1.657076E-02  3.540331E-06
  1.975000E+00  1.966369E-01  2.545211E-05
  2.025000E+00  1.642853E+00  2.179058E-04
  2.075000E+00  8.287599E+00  1.237298E-03
  2.125000E+00  2.328109E+01  4.240583E-03
  2.175000E+00  3.867946E+01  9.467834E-03
  2.225000E+00  4.615877E+01  1.599595E-02
  2.275000E+00  4.873230E+01  2.320126E-02
  2.325000E+00  5.145620E+01  3.114739E-02
  2.375000E+00  5.419833E+01  3.988081E-02
  2.425000E+00  6.641921E+01  5.103885E-02
  2.475000E+00  7.610279E+01  6.435630E-02
  2.525000E+00  8.879700E+01  8.052930E-02
  2.575000E+00  1.285679E+02  1.048825E-01
  2.625000E+00  1.876511E+02  1.418209E-01
  2.675000E+00  2.001732E+02  1.827396E-01
  2.725000E+00  2.067539E+02  2.265981E-01
  2.775000E+00  2.278898E+02  2.767305E-01
  2.825000E+00  2.151208E+02  3.257745E-01
  2.875000E+00  2.023279E+02  3.735491E-01
  2.925000E+00  1.713716E+02  4.154339E-01
  2.975000E+00  1.420950E+02  4.513607E-01
  3.025000E+00  1.109249E+02  4.803572E-01
  3.075000E+00  8.785151E+01  5.040875E-01
  3.125000E+00  7.127897E+01  5.239725E-01
  3.175000E+00  5.477185E+01  5.397454E-01
  3.225000E+00  4.642753E+01  5.535396E-01
  3.275000E+00  3.867712E+01  5.653902E-01
  3.325000E+00  3.356663E+01  5.759914E-01
  3.375000E+00  2.888648E+01  5.853909E-01
  3.425000E+00  2.718970E+01  5.945024E-01
  3.475000E+00  2.722793E+01  6.038950E-01
  3.525000E+00  2.761311E+01  6.136966E-01
  3.575000E+00  2.344875E+01  6.222578E-01
  3.625000E+00  2.037719E+01  6.299071E-01
  3.675000E+00  2.235816E+01  6.385332E-01
  3.725000E+00  2.100794E+01  6.468604E-01
  3.775000E+00  2.040131E+01  6.551656E-01
  3.825000E+00  2.154245E+01  6.641693E-01
  3.875000E+00  2.335872E+01  6.741890E-01
  3.925000E+00  2.464425E+01  6.850346E-01
  3.975000E+00  2.569431E+01  6.966323E-01
  4.025000E+00  2.709904E+01  7.091738E-01
  4.075000E+00  2.747175E+01  7.222055E-01
  4.125000E+00  2.806768E+01  7.358487E-01
  4.175000E+00  2.760934E+01  7.495963E-01
  4.225000E+00  2.647087E+01  7.630947E-01
  4.275000E+00  2.612783E+01  7.767354E-01
  4.325000E+00  2.751322E+01  7.914373E-01
  4.375000E+00  2.663765E+01  8.060024E-01
  4.425000E+00  2.712680E+01  8.211758E-01
  4.475000E+00  2.711617E+01  8.366881E-01
  4.525000E+00  2.774113E+01  8.529144E-01
  4.575000E+00  2.747692E+01  8.693434E-01
  4.625000E+00  2.699654E+01  8.858399E-01
  4.675000E+00  2.574365E+01  9.019127E-01
  4.725000E+00  2.504692E+01  9.178868E-01
  4.775000E+00  2.230868E+01  9.324173E-01
  4.825000E+00  2.050871E+01  9.460566E-01
  4.875000E+00  1.882045E+01  9.588339E-01
  4.925000E+00  1.823601E+01  9.714697E-01
  4.975000E+00  1.724671E+01  9.836638E-01
  5.025000E+00  1.637437E+01  9.954750E-01
  5.075000E+00  1.588898E+01  1.007165E+00
  5.125000E+00  1.543258E+01  1.018745E+00
  5.175000E+00  1.594970E+01  1.030947E+00
  5.225000E+00  1.543659E+01  1.042986E+00
  5.275000E+00  1.498821E+01  1.054899E+00
  5.325000E+00  1.564918E+01  1.067576E+00
  5.375000E+00  1.557781E+01  1.080432E+00
  5.425000E+00  1.586711E+01  1.093772E+00
  5.475000E+00  1.460923E+01  1.106282E+00
  5.525000E+00  1.478705E+01  1.119177E+00
  5.575000E+00  1.574251E+01  1.133154E+00
  5.625000E+00  1.636156E+01  1.147942E+00
  5.675000E+00  1.661642E+01  1.163230E+00
  5.725000E+00  1.616598E+01  1.178366E+00
  5.775000E+00  1.655033E+01  1.194133E+00
  5.825000E+00  1.613531E+01  1.209773E+00
  5.875000E+00  1.606453E+01  1.225612E+00
  5.925000E+00  1.609223E+01  1.241750E+00
  5.975000E+00  1.605800E+01  1.258127E+00
Li      O       
  2.500000E-02  0.000000E+00  0.000000E+00
  7.500000E-02  0.000000E+00  0.000000E+00
  1.250000E-01  0.000000E+00  0.000000E+00
  1.750000E-01  0.000000E+00  0.000000E+00
  2.250000E-01  0.000000E+00  0.000000E+00
  2.750000E-01  2.453885E-03  3.189487E-08
  3.250000E-01  1.758296E-03  6.378975E-08
  3.750000E-01  2.642645E-03  1.275795E-07
  4.250000E-01  4.116194E-03  2.551590E-07
  4.750000E-01  0.000000E+00  2.551590E-07
  5.250000E-01  2.023899E-03  3.508436E-07
  5.750000E-01  5.624774E-03  6.697924E-07
  6.250000E-01  4.285142E-03  9.568462E-07
  6.750000E-01  5.715264E-03  1.403374E-06
  7.250000E-01  5.662213E-03  1.913692E-06
  7.750000E-01  7.123414E-03  2.647275E-06
  8.250000E-01  7.379676E-03  3.508436E-06
  8.750000E-01  2.065375E-02  6.219501E-06
  9.250000E-01  5.174902E-02  1.381048E-05
  9.750000E-01  2.084297E-01  4.777852E-05
  1.025000E+00  5.829621E-01  1.527764E-04
  1.075000E+00  2.312568E+00  6.109144E-04
  1.125000E+00  6.082353E+01  1.380729E-02
  1.175000E+00  1.284839E+03  3.178933E-01
  1.225000E+00  4.308077E+03  1.426104E+00
  1.275000E+00  1.599160E+03  1.871734E+00
  1.325000E+00  1.959766E+02  1.930713E+00
  1.375000E+00  4.147255E+01  1.944154E+00
  1.425000E+00  1.815869E+01  1.950474E+00
  1.475000E+00  6.271143E+00  1.952813E+00
  1.525000E+00  3.365395E+00  1.954155E+00
  1.575000E+00  1.658387E+00  1.954860E+00
  1.625000E+00  1.267806E+00  1.955434E+00
  1.675000E+00  8.704660E-01  1.955852E+00
  1.725000E+00  8.890870E-01  1.956306E+00
  1.775000E+00  8.839418E-01  1.956783E+00
  1.825000E+00  1.034783E+00  1.957374E+00
  1.875000E+00  1.377559E+00  1.958204E+00
  1.925000E+00  1.303064E+00  1.959032E+00
  1.975000E+00  1.676565E+00  1.960153E+00
  2.025000E+00  1.525461E+00  1.961225E+00
  2.075000E+00  2.374658E+00  1.962977E+00
  2.125000E+00  3.370198E+00  1.965586E+00
  2.175000E+00  5.552930E+00  1.970089E+00
  2.225000E+00  8.242986E+00  1.977083E+00
  2.275000E+00  1.702665E+01  1.992188E+00
  2.325000E+00  3.855241E+01  2.027909E+00
  2.375000E+00  1.605786E+01  2.043434E+00
  2.425000E+00  1.586904E+01  2.059430E+00
  2.475000E+00  2.919769E+01  2.090086E+00
  2.525000E+00  5.284621E+01  2.147837E+00
  2.575000E+00  6.001087E+01  2.216040E+00
  2.625000E+00  7.250716E+01  2.301676E+00
  2.675000E+00  9.367150E+01  2.416564E+00
  2.725000E+00  1.034367E+02  2.548216E+00
  2.775000E+00  1.038429E+02  2.685279E+00
  2.825000E+00  1.037893E+02  2.827253E+00
  2.875000E+00  9.068793E+01  2.955735E+00
  2.925000E+00  7.644132E+01  3.067833E+00
  2.975000E+00  6.314267E+01  3.163621E+00
  3.025000E+00  5.155951E+01  3.244489E+00
  3.075000E+00  4.223241E+01  3.312936E+00
  3.125000E+00  3.655387E+01  3.374121E+00
  3.175000E+00  3.263632E+01  3.430512E+00
  3.225000E+00  3.052515E+01  3.484928E+00
  3.275000E+00  2.896927E+01  3.538185E+00
  3.325000E+00  2.749778E+01  3.590292E+00
  3.375000E+00  2.569463E+01  3.640457E+00
  3.425000E+00  2.627477E+01  3.693287E+00
  3.475000E+00  2.713268E+01  3.749445E+00
  3.525000E+00  2.752856E+01  3.808075E+00
  3.575000E+00  2.709921E+01  3.867439E+00
  3.625000E+00  2.706646E+01  3.928401E+00
  3.675000E+00  2.716120E+01  3.991276E+00
  3.725000E+00  2.729332E+01  4.056187E+00
  3.775000E+00  2.811486E+01  4.124860E+00
  3.825000E+00  2.871756E+01  4.196875E+00
  3.875000E+00  2.985351E+01  4.273708E+00
  3.925000E+00  2.962386E+01  4.351931E+00
  3.975000E+00  3.008091E+01  4.433397E+00
  4.025000E+00  3.126464E+01  4.520213E+00
  4.075000E+00  3.158757E+01  4.610118E+00
  4.125000E+00  3.167146E+01  4.702487E+00
  4.175000E+00  3.176985E+01  4.797403E+00
  4.225000E+00  3.221833E+01  4.895979E+00
  4.275000E+00  3.285066E+01  4.998882E+00
  4.325000E+00  3.278021E+01  5.103980E+00
  4.375000E+00  3.286029E+01  5.211785E+00
  4.425000E+00  3.323469E+01  5.323324E+00
  4.475000E+00  3.267917E+01  5.435492E+00
  4.525000E+00  3.211025E+01  5.548184E+00
  4.575000E+00  3.105023E+01  5.659577E+00
  4.625000E+00  3.049981E+01  5.771400E+00
  4.675000E+00  2.980017E+01  5.883033E+00
  4.725000E+00  2.838783E+01  5.991662E+00
  4.775000E+00  2.665082E+01  6.095814E+00
  4.825000E+00  2.592346E+01  6.199256E+00
  4.875000E+00  2.449764E+01  6.299046E+00
  4.925000E+00  2.342946E+01  6.396451E+00
  4.975000E+00  2.243711E+01  6.491635E+00
  5.025000E+00  2.119425E+01  6.583363E+00
  5.075000E+00  2.066349E+01  6.674582E+00
  5.125000E+00  1.961943E+01  6.762907E+00
  5.175000E+00  1.929900E+01  6.851493E+00
  5.225000E+00  1.882699E+01  6.939591E+00
  5.275000E+00  1.846371E+01  7.027650E+00
  5.325000E+00  1.790622E+01  7.114677E+00
  5.375000E+00  1.735035E+01  7.200593E+00
  5.425000E+00  1.721279E+01  7.287421E+00
  5.475000E+00  1.753174E+01  7.377496E+00
  5.525000E+00  1.692007E+01  7.466023E+00
  5.575000E+00  1.676786E+01  7.555348E+00
  5.625000E+00  1.638901E+01  7.644229E+00
  5.675000E+00  1.637399E+01  7.734614E+00
  5.725000E+00  1.620033E+01  7.825623E+00
  5.775000E+00  1.597712E+01  7.916952E+00
  5.825000E+00  1.587637E+01  8.009284E+00
  5.875000E+00  1.572173E+01  8.102294E+00
  5.925000E+00  1.560072E+01  8.196164E+00
  5.975000E+00  1.539599E+01  8.290373E+00
Li      O_s     
  2.500000E-02  0.000000E+00  0.000000E+00
  7.500000E-02  0.000000E+00  0.000000E+00
  1.250000E-01  0.000000E+00  0.000000E+00
  1.750000E-01  0.000000E+00  0.000000E+00
  2.250000E-01  0.000000E+00  0.000000E+00
  2.750000E-01  0.000000E+00  0.000000E+00
  3.250000E-01  0.000000E+00  0.000000E+00
  3.750000E-01  0.000000E+00  0.000000E+00
  4.250000E-01  1.029049E-03  3.189487E-08
  4.750000E-01  8.239983E-04  6.378975E-08
  5.250000E-01  0.000000E+00  6.378975E-08
  5.750000E-01  5.624774E-04  9.568462E-08
  6.250000E-01  4.761269E-04  1.275795E-07
  6.750000E-01  2.857632E-03  3.508436E-07
  7.250000E-01  5.662213E-03  8.611616E-07
  7.750000E-01  8.362268E-03  1.722323E-06
  8.250000E-01  2.405228E-02  4.529072E-06
  8.750000E-01  9.865205E-02  1.747839E-05
  9.250000E-01  1.724460E+02  2.531330E-02
  9.750000E-01  2.290548E+02  6.264265E-02
  1.025000E+00  1.095807E+03  2.600096E-01
  1.075000E+00  5.408149E+03  1.331407E+00
  1.125000E+00  2.184323E+03  1.805321E+00
  1.175000E+00  3.733027E+02  1.893671E+00
  1.225000E+00  1.321041E+02  1.927654E+00
  1.275000E+00  4.978684E+01  1.941528E+00
  1.325000E+00  2.238303E+01  1.948264E+00
  1.375000E+00  9.882830E+00  1.951467E+00
  1.425000E+00  4.113293E+00  1.952899E+00
  1.475000E+00  2.296494E+00  1.953755E+00
  1.525000E+00  1.447113E+00  1.954332E+00
  1.575000E+00  9.819505E-01  1.954749E+00
  1.625000E+00  9.892579E-01  1.955197E+00
  1.675000E+00  8.854546E-01  1.955623E+00
  1.725000E+00  9.578727E-01  1.956112E+00
  1.775000E+00  1.289444E+00  1.956808E+00
  1.825000E+00  1.380102E+00  1.957596E+00
  1.875000E+00  2.193763E+00  1.958918E+00
  1.925000E+00  2.916504E+00  1.960770E+00
  1.975000E+00  6.721813E+00  1.965264E+00
  2.025000E+00  1.683357E+01  1.977096E+00
  2.075000E+00  4.222926E+01  2.008262E+00
  2.125000E+00  1.944649E+01  2.023314E+00
  2.175000E+00  1.016647E+01  2.031557E+00
  2.225000E+00  1.193458E+01  2.041685E+00
  2.275000E+00  2.391926E+01  2.062904E+00
  2.325000E+00  4.725908E+01  2.106692E+00
  2.375000E+00  5.597984E+01  2.160815E+00
  2.425000E+00  6.211385E+01  2.223424E+00
  2.475000E+00  8.190950E+01  2.309425E+00
  2.525000E+00  9.058319E+01  2.408415E+00
  2.575000E+00  1.025413E+02  2.524955E+00
  2.625000E+00  1.078069E+02  2.652283E+00
  2.675000E+00  1.053466E+02  2.781490E+00
  2.725000E+00  9.239920E+01  2.899094E+00
  2.775000E+00  8.132267E+01  3.006432E+00
  2.825000E+00  6.805747E+01  3.099528E+00
  2.875000E+00  5.820892E+01  3.181996E+00
  2.925000E+00  4.891300E+01  3.253724E+00
  2.975000E+00  4.082248E+01  3.315653E+00
  3.025000E+00  3.602495E+01  3.372156E+00
  3.075000E+00  3.249977E+01  3.424828E+00
  3.125000E+00  3.058624E+01  3.476025E+00
  3.175000E+00  2.857560E+01  3.525399E+00
  3.225000E+00  2.655992E+01  3.572747E+00
  3.275000E+00  2.577580E+01  3.620133E+00
  3.325000E+00  2.622765E+01  3.669833E+00
  3.375000E+00  2.705539E+01  3.722655E+00
  3.425000E+00  2.816274E+01  3.779281E+00
  3.475000E+00  2.731581E+01  3.835818E+00
  3.525000E+00  2.785572E+01  3.895144E+00
  3.575000E+00  2.738956E+01  3.955144E+00
  3.625000E+00  2.762570E+01  4.017366E+00
  3.675000E+00  2.799201E+01  4.082164E+00
  3.725000E+00  2.882685E+01  4.150723E+00
  3.775000E+00  2.931202E+01  4.222320E+00
  3.825000E+00  2.981937E+01  4.297098E+00
  3.875000E+00  3.049144E+01  4.375573E+00
  3.925000E+00  3.172105E+01  4.459334E+00
  3.975000E+00  3.151778E+01  4.544691E+00
  4.025000E+00  3.136856E+01  4.631795E+00
  4.075000E+00  3.276662E+01  4.725056E+00
  4.125000E+00  3.293499E+01  4.821110E+00
  4.175000E+00  3.328444E+01  4.920552E+00
  4.225000E+00  3.346975E+01  5.022956E+00
  4.275000E+00  3.261537E+01  5.125122E+00
  4.325000E+00  3.329379E+01  5.231866E+00
  4.375000E+00  3.239258E+01  5.338137E+00
  4.425000E+00  3.249999E+01  5.447211E+00
  4.475000E+00  3.201208E+01  5.557089E+00
  4.525000E+00  3.055850E+01  5.664335E+00
  4.575000E+00  2.935719E+01  5.769654E+00
  4.625000E+00  2.795422E+01  5.872144E+00
  4.675000E+00  2.728869E+01  5.974369E+00
  4.725000E+00  2.605587E+01  6.074075E+00
  4.775000E+00  2.512335E+01  6.172257E+00
  4.825000E+00  2.348188E+01  6.265957E+00
  4.875000E+00  2.255880E+01  6.357848E+00
  4.925000E+00  2.170683E+01  6.448093E+00
  4.975000E+00  2.128151E+01  6.538374E+00
  5.025000E+00  2.022541E+01  6.625909E+00
  5.075000E+00  1.988310E+01  6.713683E+00
  5.125000E+00  1.945046E+01  6.801247E+00
  5.175000E+00  1.919011E+01  6.889333E+00
  5.225000E+00  1.886006E+01  6.977586E+00
  5.275000E+00  1.838635E+01  7.065276E+00
  5.325000E+00  1.804259E+01  7.152965E+00
  5.375000E+00  1.796486E+01  7.241924E+00
  5.425000E+00  1.755781E+01  7.330493E+00
  5.475000E+00  1.740212E+01  7.419902E+00
  5.525000E+00  1.714276E+01  7.509594E+00
  5.575000E+00  1.685389E+01  7.599378E+00
  5.625000E+00  1.689141E+01  7.690983E+00
  5.675000E+00  1.649665E+01  7.782045E+00
  5.725000E+00  1.621886E+01  7.873158E+00
  5.775000E+00  1.626472E+01  7.966132E+00
  5.825000E+00  1.608459E+01  8.059675E+00
  5.875000E+00  1.603914E+01  8.154561E+00
  5.925000E+00  1.605819E+01  8.251185E+00
  5.975000E+00  1.563124E+01  8.346833E+00
La      La      
  2.500000E-02  0.000000E+00  0.000000E+00
  7.500000E-02  0.000000E+00  0.000000E+00
  1.250000E-01  0.000000E+00  0.000000E+00
  1.750000E-01  0.000000E+00  0.000000E+00
  2.250000E-01  0.000000E+00  0.000000E+00
  2.750000E-01  0.000000E+00  0.000000E+00
  3.250000E-01  0.000000E+00  0.000000E+00
  3.750000E-01  0.000000E+00  0.000000E+00
  4.250000E-01  0.000000E+00  0.000000E+00
  4.750000E-01  0.000000E+00  0.000000E+00
  5.250000E-01  0.000000E+00  0.000000E+00
  5.750000E-01  0.000000E+00  0.000000E+00
  6.250000E-01  0.000000E+00  0.000000E+00
  6.750000E-01  0.000000E+00  0.000000E+00
  7.250000E-01  0.000000E+00  0.000000E+00
  7.750000E-01  0.000000E+00  0.000000E+00
  8.250000E-01  0.000000E+00  0.000000E+00
  8.750000E-01  0.000000E+00  0.000000E+00
  9.250000E-01  0.000000E+00  0.000000E+00
  9.750000E-01  0.000000E+00  0.000000E+00
  1.025000E+00  0.000000E+00  0.000000E+00
  1.075000E+00  0.000000E+00  0.000000E+00
  1.125000E+00  0.000000E+00  0.000000E+00
  1.175000E+00  0.000000E+00  0.000000E+00
  1.225000E+00  0.000000E+00  0.000000E+00
  1.275000E+00  0.000000E+00  0.000000E+00
  1.325000E+00  0.000000E+00  0.000000E+00
  1.375000E+00  0.000000E+00  0.000000E+00
  1.425000E+00  0.000000E+00  0.000000E+00
  1.475000E+00  0.000000E+00  0.000000E+00
  1.525000E+00  0.000000E+00  0.000000E+00
  1.575000E+00  0.000000E+00  0.000000E+00
  1.625000E+00  0.000000E+00  0.000000E+00
  1.675000E+00  0.000000E+00  0.000000E+00
  1.725000E+00  0.000000E+00  0.000000E+00
  1.775000E+00  0.000000E+00  0.000000E+00
  1.825000E+00  0.000000E+00  0.000000E+00
  1.875000E+00  0.000000E+00  0.000000E+00
  1.925000E+00  0.000000E+00  0.000000E+00
  1.975000E+00  0.000000E+00  0.000000E+00
  2.025000E+00  0.000000E+00  0.000000E+00
  2.075000E+00  0.000000E+00  0.000000E+00
  2.125000E+00  0.000000E+00  0.000000E+00
  2.175000E+00  0.000000E+00  0.000000E+00
  2.225000E+00  0.000000E+00  0.000000E+00
  2.275000E+00  0.000000E+00  0.000000E+00
  2.325000E+00  0.000000E+00  0.000000E+00
  2.375000E+00  0.000000E+00  0.000000E+00
  2.425000E+00  5.908633E-04  1.488924E-07
  2.475000E+00  0.000000E+00  1.488924E-07
  2.525000E+00  1.198979E-02  3.424525E-06
  2.575000E+00  1.834112E-02  8.635758E-06
  2.625000E+00  1.966612E-02  1.444256E-05
  2.675000E+00  2.088018E-02  2.084493E-05
  2.725000E+00  2.292856E-02  2.814066E-05
  2.775000E+00  2.436587E-02  3.618085E-05
  2.825000E+00  2.568796E-02  4.496550E-05
  2.875000E+00  2.858566E-02  5.509018E-05
  2.925000E+00  3.208416E-02  6.685268E-05
  2.975000E+00  3.415553E-02  7.980631E-05
  3.025000E+00  3.911132E-02  9.514223E-05
  3.075000E+00  5.953072E-02  1.192628E-04
  3.125000E+00  1.309376E-01  1.740552E-04
  3.175000E+00  2.633436E-01  2.878090E-04
  3.225000E+00  4.967853E-01  5.092119E-04
  3.275000E+00  9.330123E-01  9.380220E-04
  3.325000E+00  1.390431E+00  1.596722E-03
  3.375000E+00  2.408366E+00  2.772227E-03
  3.425000E+00  3.861370E+00  4.713188E-03
  3.475000E+00  5.621112E+00  7.621801E-03
  3.525000E+00  7.493532E+00  1.161167E-02
  3.575000E+00  1.083796E+01  1.754712E-02
  3.625000E+00  1.365254E+01  2.523458E-02
  3.675000E+00  1.596880E+01  3.447603E-02
  3.725000E+00  1.732948E+01  4.477968E-02
  3.775000E+00  1.992962E+01  5.694955E-02
  3.825000E+00  2.154946E+01  7.045945E-02
  3.875000E+00  2.195821E+01  8.458784E-02
  3.925000E+00  2.501676E+01  1.011022E-01
  3.975000E+00  2.601519E+01  1.187161E-01
  4.025000E+00  2.769077E+01  1.379390E-01
  4.075000E+00  2.989323E+01  1.592096E-01
  4.125000E+00  2.882661E+01  1.802277E-01
  4.175000E+00  2.791683E+01  2.010789E-01
  4.225000E+00  2.601264E+01  2.209759E-01
  4.275000E+00  2.595795E+01  2.413039E-01
  4.325000E+00  2.574669E+01  2.619409E-01
  4.375000E+00  2.462821E+01  2.821403E-01
  4.425000E+00  2.429821E+01  3.025273E-01
  4.475000E+00  2.697905E+01  3.256780E-01
  4.525000E+00  2.813371E+01  3.503619E-01
  4.575000E+00  2.873850E+01  3.761368E-01
  4.625000E+00  2.875353E+01  4.024920E-01
  4.675000E+00  2.873686E+01  4.294044E-01
  4.725000E+00  2.832784E+01  4.565043E-01
  4.775000E+00  2.663191E+01  4.825239E-01
  4.825000E+00  2.595774E+01  5.084186E-01
  4.875000E+00  2.431727E+01  5.331823E-01
  4.925000E+00  2.299586E+01  5.570831E-01
  4.975000E+00  2.251041E+01  5.809568E-01
  5.025000E+00  2.104058E+01  6.037224E-01
  5.075000E+00  1.977930E+01  6.255514E-01
  5.125000E+00  1.888857E+01  6.468101E-01
  5.175000E+00  1.959472E+01  6.692960E-01
  5.225000E+00  1.778073E+01  6.900964E-01
  5.275000E+00  1.619999E+01  7.094120E-01
  5.325000E+00  1.681148E+01  7.298386E-01
  5.375000E+00  1.595305E+01  7.495878E-01
  5.425000E+00  1.475218E+01  7.681918E-01
  5.475000E+00  1.448848E+01  7.868015E-01
  5.525000E+00  1.421196E+01  8.053910E-01
  5.575000E+00  1.262991E+01  8.222116E-01
  5.625000E+00  1.290254E+01  8.397048E-01
  5.675000E+00  1.273466E+01  8.572787E-01
  5.725000E+00  1.193721E+01  8.740437E-01
  5.775000E+00  1.244374E+01  8.918266E-01
  5.825000E+00  1.293354E+01  9.106310E-01
  5.875000E+00  1.316424E+01  9.301008E-01
  5.925000E+00  1.305910E+01  9.497452E-01
  5.975000E+00  1.350544E+01  9.704053E-01
La      Zr      
  2.500000E-02  0.000000E+00  0.000000E+00
  7.500000E-02  0.000000E+00  0.000000E+00
  1.250000E-01  0.000000E+00  0.000000E+00
  1.750000E-01  0.000000E+00  0.000000E+00
  2.250000E-01  0.000000E+00  0.000000E+00
  2.750000E-01  0.000000E+00  0.000000E+00
  3.250000E-01  0.000000E+00  0.000000E+00
  3.750000E-01  0.000000E+00  0.000000E+00
  4.250000E-01  0.000000E+00  0.000000E+00
  4.750000E-01  0.000000E+00  0.000000E+00
  5.250000E-01  0.000000E+00  0.000000E+00
  5.750000E-01  0.000000E+00  0.000000E+00
  6.250000E-01  0.000000E+00  0.000000E+00
  6.750000E-01  0.000000E+00  0.000000E+00
  7.250000E-01  0.000000E+00  0.000000E+00
  7.750000E-01  0.000000E+00  0.000000E+00
  8.250000E-01  0.000000E+00  0.000000E+00
  8.750000E-01  0.000000E+00  0.000000E+00
  9.250000E-01  0.000000E+00  0.000000E+00
  9.750000E-01  0.000000E+00  0.000000E+00
  1.025000E+00  0.000000E+00  0.000000E+00
  1.075000E+00  0.000000E+00  0.000000E+00
  1.125000E+00  0.000000E+00  0.000000E+00
  1.175000E+00  0.000000E+00  0.000000E+00
  1.225000E+00  0.000000E+00  0.000000E+00
  1.275000E+00  0.000000E+00  0.000000E+00
  1.325000E+00  0.000000E+00  0.000000E+00
  1.375000E+00  0.000000E+00  0.000000E+00
  1.425000E+00  0.000000E+00  0.000000E+00
  1.475000E+00  0.000000E+00  0.000000E+00
  1.525000E+00  0.000000E+00  0.000000E+00
  1.575000E+00  0.000000E+00  0.000000E+00
  1.625000E+00  0.000000E+00  0.000000E+00
  1.675000E+00  0.000000E+00  0.000000E+00
  1.725000E+00  0.000000E+00  0.000000E+00
  1.775000E+00  0.000000E+00  0.000000E+00
  1.825000E+00  0.000000E+00  0.000000E+00
  1.875000E+00  0.000000E+00  0.000000E+00
  1.925000E+00  0.000000E+00  0.000000E+00
  1.975000E+00  0.000000E+00  0.000000E+00
  2.025000E+00  0.000000E+00  0.000000E+00
  2.075000E+00  0.000000E+00  0.000000E+00
  2.125000E+00  0.000000E+00  0.000000E+00
  2.175000E+00  0.000000E+00  0.000000E+00
  2.225000E+00  0.000000E+00  0.000000E+00
  2.275000E+00  0.000000E+00  0.000000E+00
  2.325000E+00  4.819253E-04  7.442137E-08
  2.375000E+00  1.385544E-03  2.976855E-07
  2.425000E+00  4.429998E-03  1.041899E-06
  2.475000E+00  1.233318E-02  3.200119E-06
  2.525000E+00  1.389263E-02  5.730446E-06
  2.575000E+00  1.414415E-02  8.409615E-06
  2.625000E+00  1.512275E-02  1.138647E-05
  2.675000E+00  1.638305E-02  1.473543E-05
  2.725000E+00  1.789235E-02  1.853092E-05
  2.775000E+00  1.962152E-02  2.284736E-05
  2.825000E+00  2.317675E-02  2.813128E-05
  2.875000E+00  3.529992E-02  3.646647E-05
  2.925000E+00  8.038666E-02  5.611372E-05
  2.975000E+00  1.451126E-01  9.280345E-05
  3.025000E+00  4.515282E-01  2.108358E-04
  3.075000E+00  1.023256E+00  4.872367E-04
  3.125000E+00  1.658227E+00  9.498400E-04
  3.175000E+00  3.267095E+00  1.890675E-03
  3.225000E+00  6.726909E+00  3.889335E-03
  3.275000E+00  1.373524E+01  8.097790E-03
  3.325000E+00  1.978301E+01  1.434576E-02
  3.375000E+00  3.144844E+01  2.457892E-02
  3.425000E+00  4.950010E+01  4.116678E-02
  3.475000E+00  5.912497E+01  6.156270E-02
  3.525000E+00  6.976520E+01  8.632664E-02
  3.575000E+00  7.897831E+01  1.151618E-01
  3.625000E+00  8.240261E+01  1.460946E-01
  3.675000E+00  8.666580E+01  1.795314E-01
  3.725000E+00  8.112327E+01  2.116872E-01
  3.775000E+00  8.143056E+01  2.448372E-01
  3.825000E+00  7.839520E+01  2.776024E-01
  3.875000E+00  7.721276E+01  3.107227E-01
  3.925000E+00  7.109085E+01  3.420090E-01
  3.975000E+00  6.794551E+01  3.726778E-01
  4.025000E+00  6.659196E+01  4.034965E-01
  4.075000E+00  6.605098E+01  4.348290E-01
  4.125000E+00  6.563195E+01  4.667314E-01
  4.175000E+00  6.055496E+01  4.968839E-01
  4.225000E+00  5.759926E+01  5.262557E-01
  4.275000E+00  5.457573E+01  5.547483E-01
  4.325000E+00  5.039617E+01  5.816779E-01
  4.375000E+00  4.631978E+01  6.070048E-01
  4.425000E+00  4.350885E+01  6.313417E-01
  4.475000E+00  4.028154E+01  6.543854E-01
  4.525000E+00  3.750889E+01  6.763251E-01
  4.575000E+00  3.408616E+01  6.967058E-01
  4.625000E+00  3.044065E+01  7.153068E-01
  4.675000E+00  2.763656E+01  7.325615E-01
  4.725000E+00  2.533054E+01  7.487165E-01
  4.775000E+00  2.500862E+01  7.650056E-01
  4.825000E+00  2.400790E+01  7.809720E-01
  4.875000E+00  2.132490E+01  7.954496E-01
  4.925000E+00  2.026751E+01  8.094930E-01
  4.975000E+00  1.894738E+01  8.228896E-01
  5.025000E+00  1.793397E+01  8.358258E-01
  5.075000E+00  1.755442E+01  8.487415E-01
  5.125000E+00  1.648445E+01  8.611101E-01
  5.175000E+00  1.567590E+01  8.731026E-01
  5.225000E+00  1.562686E+01  8.852898E-01
  5.275000E+00  1.621266E+01  8.981770E-01
  5.325000E+00  1.481622E+01  9.101785E-01
  5.375000E+00  1.528471E+01  9.227930E-01
  5.425000E+00  1.436232E+01  9.348679E-01
  5.475000E+00  1.376546E+01  9.466553E-01
  5.525000E+00  1.406893E+01  9.589236E-01
  5.575000E+00  1.401905E+01  9.713706E-01
  5.625000E+00  1.402905E+01  9.840510E-01
  5.675000E+00  1.377347E+01  9.967226E-01
  5.725000E+00  1.396650E+01  1.009799E+00
  5.775000E+00  1.587653E+01  1.024925E+00
  5.825000E+00  1.530793E+01  1.039763E+00
  5.875000E+00  1.555924E+01  1.055104E+00
  5.925000E+00  1.614931E+01  1.071299E+00
  5.975000E+00  1.616833E+01  1.087788E+00
La      O       
  2.500000E-02  0.000000E+00  0.000000E+00
  7.500000E-02  0.000000E+00  0.000000E+00
  1.250000E-01  0.000000E+00  0.000000E+00
  1.750000E-01  0.000000E+00  0.000000E+00
  2.250000E-01  0.000000E+00  0.000000E+00
  2.750000E-01  0.000000E+00  0.000000E+00
  3.250000E-01  4.102690E-03  7.442137E-08
  3.750000E-01  0.000000E+00  7.442137E-08
  4.250000E-01  0.000000E+00  7.442137E-08
  4.750000E-01  0.000000E+00  7.442137E-08
  5.250000E-01  4.722431E-03  2.976855E-07
  5.750000E-01  1.312447E-03  3.721069E-07
  6.250000E-01  2.221926E-03  5.209496E-07
  6.750000E-01  9.525440E-04  5.953710E-07
  7.250000E-01  3.302958E-03  8.930565E-07
  7.750000E-01  2.890661E-03  1.190742E-06
  8.250000E-01  1.275500E-03  1.339585E-06
  8.750000E-01  5.669658E-04  1.414006E-06
  9.250000E-01  1.014687E-03  1.562849E-06
  9.750000E-01  2.739921E-03  2.009377E-06
  1.025000E+00  1.239591E-03  2.232641E-06
  1.075000E+00  1.502643E-03  2.530327E-06
  1.125000E+00  3.773178E-03  3.348962E-06
  1.175000E+00  1.886692E-03  3.795490E-06
  1.225000E+00  2.025148E-03  4.316440E-06
  1.275000E+00  1.602383E-03  4.762968E-06
  1.325000E+00  2.720198E-03  5.581603E-06
  1.375000E+00  2.985254E-03  6.549081E-06
  1.425000E+00  2.779459E-03  7.516559E-06
  1.475000E+00  1.995563E-03  8.260772E-06
  1.525000E+00  5.227218E-03  1.034457E-05
  1.575000E+00  4.375559E-03  1.220511E-05
  1.625000E+00  5.590222E-03  1.473543E-05
  1.675000E+00  6.808978E-03  1.800997E-05
  1.725000E+00  7.441367E-03  2.180546E-05
  1.775000E+00  1.005978E-02  2.723822E-05
  1.825000E+00  1.029829E-02  3.311751E-05
  1.875000E+00  1.766033E-02  4.375977E-05
  1.925000E+00  2.343340E-02  5.864404E-05
  1.975000E+00  3.517392E-02  8.216120E-05
  2.025000E+00  6.998750E-02  1.313537E-04
  2.075000E+00  1.958318E-01  2.758800E-04
  2.125000E+00  1.563990E+00  1.486418E-03
  2.175000E+00  1.283523E+01  1.189395E-02
  2.225000E+00  3.287044E+01  3.978663E-02
  2.275000E+00  5.798553E+01  9.122728E-02
  2.325000E+00  8.831032E+01  1.730513E-01
  2.375000E+00  1.170343E+02  2.862035E-01
  2.425000E+00  1.400565E+02  4.273755E-01
  2.475000E+00  1.666514E+02  6.023524E-01
  2.525000E+00  2.038641E+02  8.251365E-01
  2.575000E+00  2.558651E+02  1.115931E+00
  2.625000E+00  2.644887E+02  1.428312E+00
  2.675000E+00  2.234890E+02  1.702421E+00
  2.725000E+00  1.839953E+02  1.936606E+00
  2.775000E+00  1.494936E+02  2.133924E+00
  2.825000E+00  1.208789E+02  2.299274E+00
  2.875000E+00  9.545509E+01  2.434510E+00
  2.925000E+00  7.747630E+01  2.548126E+00
  2.975000E+00  6.544269E+01  2.647404E+00
  3.025000E+00  5.445466E+01  2.732812E+00
  3.075000E+00  4.484282E+01  2.805490E+00
  3.125000E+00  3.916691E+01  2.871049E+00
  3.175000E+00  3.454212E+01  2.930732E+00
  3.225000E+00  3.078583E+01  2.985614E+00
  3.275000E+00  3.011403E+01  3.040975E+00
  3.325000E+00  2.801171E+01  3.094056E+00
  3.375000E+00  2.749227E+01  3.147731E+00
  3.425000E+00  2.596069E+01  3.199929E+00
  3.475000E+00  2.525425E+01  3.252199E+00
  3.525000E+00  2.581492E+01  3.307179E+00
  3.575000E+00  2.542351E+01  3.362872E+00
  3.625000E+00  2.750815E+01  3.424829E+00
  3.675000E+00  2.786185E+01  3.489326E+00
  3.725000E+00  2.758507E+01  3.554931E+00
  3.775000E+00  2.937509E+01  3.626682E+00
  3.825000E+00  2.948792E+01  3.700629E+00
  3.875000E+00  2.855920E+01  3.774131E+00
  3.925000E+00  2.924436E+01  3.851352E+00
  3.975000E+00  2.784524E+01  3.926764E+00
  4.025000E+00  2.957220E+01  4.008880E+00
  4.075000E+00  2.894292E+01  4.091257E+00
  4.125000E+00  2.784433E+01  4.172465E+00
  4.175000E+00  2.867604E+01  4.258138E+00
  4.225000E+00  2.841101E+01  4.345064E+00
  4.275000E+00  2.726332E+01  4.430465E+00
  4.325000E+00  2.741669E+01  4.518367E+00
  4.375000E+00  2.722172E+01  4.607674E+00
  4.425000E+00  2.664295E+01  4.697091E+00
  4.475000E+00  2.561165E+01  4.785000E+00
  4.525000E+00  2.554957E+01  4.874667E+00
  4.575000E+00  2.494571E+01  4.964160E+00
  4.625000E+00  2.549604E+01  5.057637E+00
  4.675000E+00  2.555696E+01  5.153375E+00
  4.725000E+00  2.495414E+01  5.248865E+00
  4.775000E+00  2.428466E+01  5.343770E+00
  4.825000E+00  2.376162E+01  5.438586E+00
  4.875000E+00  2.341786E+01  5.533976E+00
  4.925000E+00  2.330597E+01  5.630869E+00
  4.975000E+00  2.247170E+01  5.726199E+00
  5.025000E+00  2.263610E+01  5.824167E+00
  5.075000E+00  2.257745E+01  5.923836E+00
  5.125000E+00  2.223402E+01  6.023931E+00
  5.175000E+00  2.227612E+01  6.126183E+00
  5.225000E+00  2.227552E+01  6.230417E+00
  5.275000E+00  2.241183E+01  6.337306E+00
  5.325000E+00  2.197835E+01  6.444124E+00
  5.375000E+00  2.228938E+01  6.554497E+00
  5.425000E+00  2.298576E+01  6.670447E+00
  5.475000E+00  2.297373E+01  6.788481E+00
  5.525000E+00  2.274891E+01  6.907505E+00
  5.575000E+00  2.211227E+01  7.025302E+00
  5.625000E+00  2.139220E+01  7.141316E+00
  5.675000E+00  2.097518E+01  7.257099E+00
  5.725000E+00  2.102059E+01  7.375187E+00
  5.775000E+00  2.041538E+01  7.491887E+00
  5.825000E+00  1.982589E+01  7.607188E+00
  5.875000E+00  1.952163E+01  7.722677E+00
  5.925000E+00  1.899962E+01  7.836999E+00
  5.975000E+00  1.885177E+01  7.952355E+00
La      O_s     
  2.500000E-02  0.000000E+00  0.000000E+00
  7.500000E-02  0.000000E+00  0.000000E+00
  1.250000E-01  0.000000E+00  0.000000E+00
  1.750000E-01  0.000000E+00  0.000000E+00
  2.250000E-01  0.000000E+00  0.000000E+00
  2.750000E-01  0.000000E+00  0.000000E+00
  3.250000E-01  0.000000E+00  0.000000E+00
  3.750000E-01  0.000000E+00  0.000000E+00
  4.250000E-01  0.000000E+00  0.000000E+00
  4.750000E-01  0.000000E+00  0.000000E+00
  5.250000E-01  0.000000E+00  0.000000E+00
  5.750000E-01  0.000000E+00  0.000000E+00
  6.250000E-01  0.000000E+00  0.000000E+00
  6.750000E-01  0.000000E+00  0.000000E+00
  7.250000E-01  0.000000E+00  0.000000E+00
  7.750000E-01  0.000000E+00  0.000000E+00
  8.250000E-01  0.000000E+00  0.000000E+00
  8.750000E-01  0.000000E+00  0.000000E+00
  9.250000E-01  0.000000E+00  0.000000E+00
  9.750000E-01  4.566534E-04  7.442137E-08
  1.025000E+00  0.000000E+00  7.442137E-08
  1.075000E+00  3.756608E-04  1.488427E-07
  1.125000E+00  0.000000E+00  1.488427E-07
  1.175000E+00  3.144487E-04  2.232641E-07
  1.225000E+00  0.000000E+00  2.232641E-07
  1.275000E+00  5.341277E-04  3.721069E-07
  1.325000E+00  7.418722E-04  5.953710E-07
  1.375000E+00  6.889047E-04  8.186351E-07
  1.425000E+00  8.552180E-04  1.116321E-06
  1.475000E+00  1.396894E-03  1.637270E-06
  1.525000E+00  1.493491E-03  2.232641E-06
  1.575000E+00  2.100268E-03  3.125698E-06
  1.625000E+00  1.973020E-03  4.018754E-06
  1.675000E+00  2.475992E-03  5.209496E-06
  1.725000E+00  4.231365E-03  7.367716E-06
  1.775000E+00  4.134157E-03  9.600357E-06
  1.825000E+00  6.387550E-03  1.324700E-05
  1.875000E+00  1.284388E-02  2.098683E-05
  1.925000E+00  1.605188E-02  3.118256E-05
  1.975000E+00  3.517392E-02  5.469971E-05
  2.025000E+00  2.763500E-01  2.489395E-04
  2.075000E+00  9.603017E-01  9.576542E-04
  2.125000E+00  3.293456E+00  3.506810E-03
  2.175000E+00  1.134241E+01  1.270388E-02
  2.225000E+00  3.133064E+01  3.928995E-02
  2.275000E+00  6.952554E+01  1.009681E-01
  2.325000E+00  1.065207E+02  1.996649E-01
  2.375000E+00  1.350473E+02  3.302326E-01
  2.425000E+00  1.546165E+02  4.860806E-01
  2.475000E+00  1.622862E+02  6.564742E-01
  2.525000E+00  1.834679E+02  8.569692E-01
  2.575000E+00  2.138627E+02  1.100027E+00
  2.625000E+00  2.318408E+02  1.373849E+00
  2.675000E+00  2.142975E+02  1.636684E+00
  2.725000E+00  1.776904E+02  1.862844E+00
  2.775000E+00  1.499731E+02  2.060795E+00
  2.825000E+00  1.242781E+02  2.230795E+00
  2.875000E+00  1.026611E+02  2.376241E+00
  2.925000E+00  8.376214E+01  2.499074E+00
  2.975000E+00  6.688725E+01  2.600543E+00
  3.025000E+00  5.671424E+01  2.689496E+00
  3.075000E+00  4.928084E+01  2.769366E+00
  3.125000E+00  4.464565E+01  2.844096E+00
  3.175000E+00  4.037514E+01  2.913858E+00
  3.225000E+00  3.650055E+01  2.978927E+00
  3.275000E+00  3.373436E+01  3.040944E+00
  3.325000E+00  3.238678E+01  3.102315E+00
  3.375000E+00  3.245027E+01  3.165670E+00
  3.425000E+00  3.244516E+01  3.230906E+00
  3.475000E+00  3.286794E+01  3.298935E+00
  3.525000E+00  3.216040E+01  3.367429E+00
  3.575000E+00  3.275689E+01  3.439187E+00
  3.625000E+00  3.207523E+01  3.511430E+00
  3.675000E+00  3.204472E+01  3.585610E+00
  3.725000E+00  3.224581E+01  3.662300E+00
  3.775000E+00  3.131383E+01  3.738786E+00
  3.825000E+00  3.070931E+01  3.815796E+00
  3.875000E+00  3.004535E+01  3.893123E+00
  3.925000E+00  2.932469E+01  3.970556E+00
  3.975000E+00  2.928412E+01  4.049864E+00
  4.025000E+00  2.983506E+01  4.132710E+00
  4.075000E+00  2.886163E+01  4.214857E+00
  4.125000E+00  2.800723E+01  4.296539E+00
  4.175000E+00  2.729643E+01  4.378091E+00
  4.225000E+00  2.718158E+01  4.461255E+00
  4.275000E+00  2.768242E+01  4.547969E+00
  4.325000E+00  2.720242E+01  4.635184E+00
  4.375000E+00  2.736021E+01  4.724945E+00
  4.425000E+00  2.641151E+01  4.813585E+00
  4.475000E+00  2.582986E+01  4.902243E+00
  4.525000E+00  2.633687E+01  4.994673E+00
  4.575000E+00  2.602185E+01  5.088027E+00
  4.625000E+00  2.547233E+01  5.181418E+00
  4.675000E+00  2.509753E+01  5.275434E+00
  4.725000E+00  2.441888E+01  5.368876E+00
  4.775000E+00  2.373381E+01  5.461628E+00
  4.825000E+00  2.302969E+01  5.553523E+00
  4.875000E+00  2.266921E+01  5.645865E+00
  4.925000E+00  2.252748E+01  5.739521E+00
  4.975000E+00  2.313084E+01  5.837647E+00
  5.025000E+00  2.295016E+01  5.936975E+00
  5.075000E+00  2.287827E+01  6.037971E+00
  5.125000E+00  2.217987E+01  6.137823E+00
  5.175000E+00  2.286801E+01  6.242791E+00
  5.225000E+00  2.228446E+01  6.347067E+00
  5.275000E+00  2.279499E+01  6.455784E+00
  5.325000E+00  2.363229E+01  6.570640E+00
  5.375000E+00  2.306880E+01  6.684873E+00
  5.425000E+00  2.338948E+01  6.802859E+00
  5.475000E+00  2.217739E+01  6.916802E+00
  5.525000E+00  2.217050E+01  7.032800E+00
  5.575000E+00  2.147347E+01  7.147193E+00
  5.625000E+00  2.115265E+01  7.261908E+00
  5.675000E+00  2.048758E+01  7.375000E+00
  5.725000E+00  2.003180E+01  7.487533E+00
  5.775000E+00  1.965975E+01  7.599913E+00
  5.825000E+00  1.926787E+01  7.711969E+00
  5.875000E+00  1.927188E+01  7.825981E+00
  5.925000E+00  1.845439E+01  7.937022E+00
  5.975000E+00  1.777388E+01  8.045782E+00
Zr      Zr      
  2.500000E-02  0.000000E+00  0.000000E+00
  7.500000E-02  0.000000E+00  0.000000E+00
  1.250000E-01  0.000000E+00  0.000000E+00
  1.750000E-01  0.000000E+00  0.000000E+00
  2.250000E-01  0.000000E+00  0.000000E+00
  2.750000E-01  0.000000E+00  0.000000E+00
  3.250000E-01  0.000000E+00  0.000000E+00
  3.750000E-01  0.000000E+00  0.000000E+00
  4.250000E-01  0.000000E+00  0.000000E+00
  4.750000E-01  0.000000E+00  0.000000E+00
  5.250000E-01  0.000000E+00  0.000000E+00
  5.750000E-01  0.000000E+00  0.000000E+00
  6.250000E-01  0.000000E+00  0.000000E+00
  6.750000E-01  0.000000E+00  0.000000E+00
  7.250000E-01  0.000000E+00  0.000000E+00
  7.750000E-01  0.000000E+00  0.000000E+00
  8.250000E-01  0.000000E+00  0.000000E+00
  8.750000E-01  0.000000E+00  0.000000E+00
  9.250000E-01  0.000000E+00  0.000000E+00
  9.750000E-01  0.000000E+00  0.000000E+00
  1.025000E+00  0.000000E+00  0.000000E+00
  1.075000E+00  0.000000E+00  0.000000E+00
  1.125000E+00  0.000000E+00  0.000000E+00
  1.175000E+00  0.000000E+00  0.000000E+00
  1.225000E+00  0.000000E+00  0.000000E+00
  1.275000E+00  0.000000E+00  0.000000E+00
  1.325000E+00  0.000000E+00  0.000000E+00
  1.375000E+00  0.000000E+00  0.000000E+00
  1.425000E+00  0.000000E+00  0.000000E+00
  1.475000E+00  0.000000E+00  0.000000E+00
  1.525000E+00  0.000000E+00  0.000000E+00
  1.575000E+00  0.000000E+00  0.000000E+00
  1.625000E+00  0.000000E+00  0.000000E+00
  1.675000E+00  0.000000E+00  0.000000E+00
  1.725000E+00  0.000000E+00  0.000000E+00
  1.775000E+00  0.000000E+00  0.000000E+00
  1.825000E+00  0.000000E+00  0.000000E+00
  1.875000E+00  0.000000E+00  0.000000E+00
  1.925000E+00  0.000000E+00  0.000000E+00
  1.975000E+00  0.000000E+00  0.000000E+00
  2.025000E+00  0.000000E+00  0.000000E+00
  2.075000E+00  0.000000E+00  0.000000E+00
  2.125000E+00  0.000000E+00  0.000000E+00
  2.175000E+00  0.000000E+00  0.000000E+00
  2.225000E+00  0.000000E+00  0.000000E+00
  2.275000E+00  0.000000E+00  0.000000E+00
  2.325000E+00  0.000000E+00  0.000000E+00
  2.375000E+00  0.000000E+00  0.000000E+00
  2.425000E+00  0.000000E+00  0.000000E+00
  2.475000E+00  0.000000E+00  0.000000E+00
  2.525000E+00  0.000000E+00  0.000000E+00
  2.575000E+00  1.179269E-03  2.233758E-07
  2.625000E+00  0.000000E+00  2.233758E-07
  2.675000E+00  1.092750E-03  4.467516E-07
  2.725000E+00  1.053018E-03  6.701274E-07
  2.775000E+00  6.092484E-03  2.010382E-06
  2.825000E+00  9.797891E-03  4.244140E-06
  2.875000E+00  1.513611E-02  7.818153E-06
  2.925000E+00  2.376249E-02  1.362592E-05
  2.975000E+00  5.830967E-02  2.836873E-05
  3.025000E+00  1.738940E+00  4.829385E-04
  3.075000E+00  2.117001E+00  1.054781E-03
  3.125000E+00  2.497793E+01  8.022989E-03
  3.175000E+00  2.398025E+01  1.492865E-02
  3.225000E+00  2.196587E+01  2.145502E-02
  3.275000E+00  1.917660E+01  2.733070E-02
  3.325000E+00  2.197226E+01  3.427009E-02
  3.375000E+00  2.078855E+01  4.103458E-02
  3.425000E+00  2.089727E+01  4.803741E-02
  3.475000E+00  2.895780E+01  5.802678E-02
  3.525000E+00  4.025421E+01  7.231546E-02
  3.575000E+00  3.814986E+01  8.624406E-02
  3.625000E+00  3.979021E+01  1.011808E-01
  3.675000E+00  3.655587E+01  1.152845E-01
  3.725000E+00  3.265805E+01  1.282296E-01
  3.775000E+00  2.800601E+01  1.396307E-01
  3.825000E+00  3.060080E+01  1.524203E-01
  3.875000E+00  2.476595E+01  1.630436E-01
  3.925000E+00  2.114180E+01  1.723478E-01
  3.975000E+00  2.212811E+01  1.823359E-01
  4.025000E+00  1.994168E+01  1.915649E-01
  4.075000E+00  1.738482E+01  1.998117E-01
  4.125000E+00  1.533776E+01  2.072671E-01
  4.175000E+00  1.373848E+01  2.141079E-01
  4.225000E+00  1.264646E+01  2.205568E-01
  4.275000E+00  1.116420E+01  2.263854E-01
  4.325000E+00  9.836163E+00  2.316414E-01
  4.375000E+00  9.515803E+00  2.368445E-01
  4.425000E+00  1.047405E+01  2.427032E-01
  4.475000E+00  8.828188E+00  2.477535E-01
  4.525000E+00  8.213708E+00  2.525578E-01
  4.575000E+00  1.085837E+01  2.590503E-01
  4.625000E+00  9.241605E+00  2.646974E-01
  4.675000E+00  1.041312E+01  2.711988E-01
  4.725000E+00  1.095745E+01  2.781871E-01
  4.775000E+00  8.632724E+00  2.838099E-01
  4.825000E+00  8.324415E+00  2.893461E-01
  4.875000E+00  9.529198E+00  2.958155E-01
  4.925000E+00  9.826064E+00  3.026240E-01
  4.975000E+00  1.122310E+01  3.105592E-01
  5.025000E+00  1.091819E+01  3.184347E-01
  5.075000E+00  1.140331E+01  3.268247E-01
  5.125000E+00  9.557897E+00  3.339962E-01
  5.175000E+00  1.052830E+01  3.420507E-01
  5.225000E+00  1.023869E+01  3.500357E-01
  5.275000E+00  1.127328E+01  3.589966E-01
  5.325000E+00  1.233357E+01  3.689871E-01
  5.375000E+00  1.252632E+01  3.793252E-01
  5.425000E+00  1.244474E+01  3.897879E-01
  5.475000E+00  1.329192E+01  4.011698E-01
  5.525000E+00  1.319537E+01  4.126763E-01
  5.575000E+00  1.605930E+01  4.269348E-01
  5.625000E+00  1.615171E+01  4.415338E-01
  5.675000E+00  1.867874E+01  4.587183E-01
  5.725000E+00  1.561744E+01  4.733407E-01
  5.775000E+00  1.403378E+01  4.867109E-01
  5.825000E+00  1.373720E+01  5.000261E-01
  5.875000E+00  1.408411E+01  5.139129E-01
  5.925000E+00  1.408641E+01  5.280394E-01
  5.975000E+00  1.388493E+01  5.421999E-01
Zr      O       
  2.500000E-02  0.000000E+00  0.000000E+00
  7.500000E-02  0.000000E+00  0.000000E+00
  1.250000E-01  0.000000E+00  0.000000E+00
  1.750000E-01  0.000000E+00  0.000000E+00
  2.250000E-01  1.281250E-02  1.116321E-07
  2.750000E-01  0.000000E+00  1.116321E-07
  3.250000E-01  0.000000E+00  1.116321E-07
  3.750000E-01  0.000000E+00  1.116321E-07
  4.250000E-01  0.000000E+00  1.116321E-07
  4.750000E-01  2.883994E-03  2.232641E-07
  5.250000E-01  2.361216E-03  3.348962E-07
  5.750000E-01  0.000000E+00  3.348962E-07
  6.250000E-01  1.666444E-03  4.465282E-07
  6.750000E-01  1.428816E-03  5.581603E-07
  7.250000E-01  1.238609E-03  6.697924E-07
  7.750000E-01  3.251993E-03  1.004689E-06
  8.250000E-01  1.913249E-03  1.227953E-06
  8.750000E-01  1.700897E-03  1.451217E-06
  9.250000E-01  1.522030E-03  1.674481E-06
  9.750000E-01  2.054940E-03  2.009377E-06
  1.025000E+00  1.239591E-03  2.232641E-06
  1.075000E+00  3.380948E-03  2.902434E-06
  1.125000E+00  2.058097E-03  3.348962E-06
  1.175000E+00  1.886692E-03  3.795490E-06
  1.225000E+00  1.735841E-03  4.242018E-06
  1.275000E+00  3.204766E-03  5.135075E-06
  1.325000E+00  4.451233E-03  6.474660E-06
  1.375000E+00  5.166785E-03  8.149140E-06
  1.425000E+00  4.489895E-03  9.711989E-06
  1.475000E+00  7.483362E-03  1.250279E-05
  1.525000E+00  6.160649E-03  1.495870E-05
  1.575000E+00  1.207654E-02  2.009377E-05
  1.625000E+00  2.145659E-02  2.980576E-05
  1.675000E+00  2.483730E-02  4.175039E-05
  1.725000E+00  4.333502E-02  6.385354E-05
  1.775000E+00  7.875569E-02  1.063854E-04
  1.825000E+00  1.843916E-01  2.116544E-04
  1.875000E+00  9.995996E-01  8.140210E-04
  1.925000E+00  3.344690E+01  2.205861E-02
  1.975000E+00  1.371376E+02  1.137483E-01
  2.025000E+00  3.270260E+02  3.436069E-01
  2.075000E+00  1.009734E+03  1.088803E+00
  2.125000E+00  9.501453E+02  1.824221E+00
  2.175000E+00  6.229146E+02  2.329316E+00
  2.225000E+00  3.607736E+02  2.635456E+00
  2.275000E+00  1.971707E+02  2.810372E+00
  2.325000E+00  1.129010E+02  2.914980E+00
  2.375000E+00  7.628829E+01  2.988738E+00
  2.425000E+00  5.246745E+01  3.041623E+00
  2.475000E+00  3.766799E+01  3.081173E+00
  2.525000E+00  2.622499E+01  3.109832E+00
  2.575000E+00  1.974827E+01  3.132276E+00
  2.625000E+00  1.596376E+01  3.151130E+00
  2.675000E+00  1.292495E+01  3.166983E+00
  2.725000E+00  1.162862E+01  3.181783E+00
  2.775000E+00  1.042063E+01  3.195538E+00
  2.825000E+00  8.831973E+00  3.207619E+00
  2.875000E+00  9.074996E+00  3.220476E+00
  2.925000E+00  8.654050E+00  3.233167E+00
  2.975000E+00  8.858786E+00  3.246606E+00
  3.025000E+00  9.095191E+00  3.260871E+00
  3.075000E+00  9.802006E+00  3.276757E+00
  3.125000E+00  1.075287E+01  3.294756E+00
  3.175000E+00  1.162601E+01  3.314844E+00
  3.225000E+00  1.261884E+01  3.337339E+00
  3.275000E+00  1.342719E+01  3.362024E+00
  3.325000E+00  1.531472E+01  3.391044E+00
  3.375000E+00  1.745047E+01  3.425114E+00
  3.425000E+00  2.241313E+01  3.470179E+00
  3.475000E+00  2.785309E+01  3.527829E+00
  3.525000E+00  3.113135E+01  3.594131E+00
  3.575000E+00  3.195794E+01  3.664139E+00
  3.625000E+00  3.218348E+01  3.736626E+00
  3.675000E+00  3.367228E+01  3.814573E+00
  3.725000E+00  3.800916E+01  3.904970E+00
  3.775000E+00  4.238768E+01  4.008505E+00
  3.825000E+00  4.449145E+01  4.120076E+00
  3.875000E+00  4.699363E+01  4.241023E+00
  3.925000E+00  4.551224E+01  4.361200E+00
  3.975000E+00  4.674655E+01  4.487800E+00
  4.025000E+00  4.090714E+01  4.601391E+00
  4.075000E+00  3.699421E+01  4.706685E+00
  4.125000E+00  3.349909E+01  4.804384E+00
  4.175000E+00  2.900165E+01  4.891030E+00
  4.225000E+00  2.527036E+01  4.968347E+00
  4.275000E+00  2.290429E+01  5.040094E+00
  4.325000E+00  2.085776E+01  5.106967E+00
  4.375000E+00  1.908766E+01  5.169588E+00
  4.425000E+00  1.794317E+01  5.229807E+00
  4.475000E+00  1.686134E+01  5.287682E+00
  4.525000E+00  1.655741E+01  5.345791E+00
  4.575000E+00  1.691196E+01  5.406462E+00
  4.625000E+00  1.660426E+01  5.467339E+00
  4.675000E+00  1.563670E+01  5.525915E+00
  4.725000E+00  1.613967E+01  5.587676E+00
  4.775000E+00  1.679121E+01  5.653296E+00
  4.825000E+00  1.676447E+01  5.720191E+00
  4.875000E+00  1.669541E+01  5.788199E+00
  4.925000E+00  1.644825E+01  5.856581E+00
  4.975000E+00  1.667440E+01  5.927318E+00
  5.025000E+00  1.759853E+01  6.003483E+00
  5.075000E+00  1.754104E+01  6.080918E+00
  5.125000E+00  1.792736E+01  6.161626E+00
  5.175000E+00  1.805004E+01  6.244479E+00
  5.225000E+00  1.831825E+01  6.330196E+00
  5.275000E+00  1.866698E+01  6.419224E+00
  5.325000E+00  1.878258E+01  6.510510E+00
  5.375000E+00  1.918905E+01  6.605531E+00
  5.425000E+00  1.930450E+01  6.702911E+00
  5.475000E+00  1.914103E+01  6.801254E+00
  5.525000E+00  1.952568E+01  6.903414E+00
  5.575000E+00  2.018659E+01  7.010952E+00
  5.625000E+00  1.980025E+01  7.118332E+00
  5.675000E+00  1.925672E+01  7.224630E+00
  5.725000E+00  1.878442E+01  7.330156E+00
  5.775000E+00  1.822981E+01  7.434362E+00
  5.825000E+00  1.843851E+01  7.541595E+00
  5.875000E+00  1.775505E+01  7.646633E+00
  5.925000E+00  1.717903E+01  7.750001E+00
  5.975000E+00  1.682626E+01  7.852961E+00
Zr      O_s     
  2.500000E-02  0.000000E+00  0.000000E+00
  7.500000E-02  0.000000E+00  0.000000E+00
  1.250000E-01  0.000000E+00  0.000000E+00
  1.750000E-01  0.000000E+00  0.000000E+00
  2.250000E-01  1.281250E-02  1.116321E-07
  2.750000E-01  0.000000E+00  1.116321E-07
  3.250000E-01  0.000000E+00  1.116321E-07
  3.750000E-01  0.000000E+00  1.116321E-07
  4.250000E-01  0.000000E+00  1.116321E-07
  4.750000E-01  0.000000E+00  1.116321E-07
  5.250000E-01  0.000000E+00  1.116321E-07
  5.750000E-01  0.000000E+00  1.116321E-07
  6.250000E-01  0.000000E+00  1.116321E-07
  6.750000E-01  0.000000E+00  1.116321E-07
  7.250000E-01  0.000000E+00  1.116321E-07
  7.750000E-01  0.000000E+00  1.116321E-07
  8.250000E-01  0.000000E+00  1.116321E-07
  8.750000E-01  8.504487E-04  2.232641E-07
  9.250000E-01  0.000000E+00  2.232641E-07
  9.750000E-01  1.369960E-03  4.465282E-07
  1.025000E+00  0.000000E+00  4.465282E-07
  1.075000E+00  3.380948E-03  1.116321E-06
  1.125000E+00  5.145243E-04  1.227953E-06
  1.175000E+00  1.415019E-03  1.562849E-06
  1.225000E+00  2.169801E-03  2.121009E-06
  1.275000E+00  3.204766E-03  3.014066E-06
  1.325000E+00  3.338425E-03  4.018754E-06
  1.375000E+00  5.511237E-03  5.804867E-06
  1.425000E+00  4.169188E-03  7.256084E-06
  1.475000E+00  1.047671E-02  1.116321E-05
  1.525000E+00  2.212233E-02  1.998214E-05
  1.575000E+00  4.053518E-01  1.923420E-04
  1.625000E+00  8.115029E+00  3.865483E-03
  1.675000E+00  2.670938E+01  1.671043E-02
  1.725000E+00  2.885193E+01  3.142643E-02
  1.775000E+00  6.526325E+01  6.667169E-02
  1.825000E+00  1.825530E+02  1.708910E-01
  1.875000E+00  5.895066E+02  5.261324E-01
  1.925000E+00  6.116774E+02  9.146537E-01
  1.975000E+00  6.048543E+02  1.319057E+00
  2.025000E+00  5.440762E+02  1.701475E+00
  2.075000E+00  5.331245E+02  2.094928E+00
  2.125000E+00  4.231624E+02  2.422458E+00
  2.175000E+00  2.572866E+02  2.631081E+00
  2.225000E+00  1.593087E+02  2.766264E+00
  2.275000E+00  1.075761E+02  2.861698E+00
  2.325000E+00  7.824009E+01  2.934192E+00
  2.375000E+00  5.710335E+01  2.989401E+00
  2.425000E+00  4.502395E+01  3.034783E+00
  2.475000E+00  3.270091E+01  3.069118E+00
  2.525000E+00  2.551779E+01  3.097004E+00
  2.575000E+00  2.111220E+01  3.120998E+00
  2.625000E+00  1.678653E+01  3.140825E+00
  2.675000E+00  1.509898E+01  3.159343E+00
  2.725000E+00  1.313825E+01  3.176065E+00
  2.775000E+00  1.122901E+01  3.190887E+00
  2.825000E+00  1.159604E+01  3.206749E+00
  2.875000E+00  1.121371E+01  3.222636E+00
  2.925000E+00  1.118417E+01  3.239037E+00
  2.975000E+00  1.218850E+01  3.257527E+00
  3.025000E+00  1.243980E+01  3.277038E+00
  3.075000E+00  1.335640E+01  3.298685E+00
  3.125000E+00  1.485782E+01  3.323555E+00
  3.175000E+00  1.885034E+01  3.356125E+00
  3.225000E+00  2.266287E+01  3.396526E+00
  3.275000E+00  2.782984E+01  3.447688E+00
  3.325000E+00  3.014750E+01  3.504816E+00
  3.375000E+00  3.032072E+01  3.564013E+00
  3.425000E+00  3.104996E+01  3.626444E+00
  3.475000E+00  2.939248E+01  3.687280E+00
  3.525000E+00  3.205947E+01  3.755559E+00
  3.575000E+00  3.702543E+01  3.836667E+00
  3.625000E+00  4.158934E+01  3.930340E+00
  3.675000E+00  4.321171E+01  4.030370E+00
  3.725000E+00  4.503876E+01  4.137485E+00
  3.775000E+00  4.785062E+01  4.254363E+00
  3.825000E+00  4.649964E+01  4.370971E+00
  3.875000E+00  4.317734E+01  4.482096E+00
  3.925000E+00  4.072262E+01  4.589625E+00
  3.975000E+00  3.642602E+01  4.688275E+00
  4.025000E+00  3.161346E+01  4.776059E+00
  4.075000E+00  2.787993E+01  4.855412E+00
  4.125000E+00  2.527322E+01  4.929121E+00
  4.175000E+00  2.225086E+01  4.995598E+00
  4.225000E+00  2.029464E+01  5.057691E+00
  4.275000E+00  1.832411E+01  5.115090E+00
  4.325000E+00  1.784498E+01  5.172304E+00
  4.375000E+00  1.694462E+01  5.227894E+00
  4.425000E+00  1.620735E+01  5.282288E+00
  4.475000E+00  1.674334E+01  5.339758E+00
  4.525000E+00  1.582318E+01  5.395290E+00
  4.575000E+00  1.556817E+01  5.451141E+00
  4.625000E+00  1.619794E+01  5.510528E+00
  4.675000E+00  1.600699E+01  5.570491E+00
  4.725000E+00  1.657011E+01  5.633899E+00
  4.775000E+00  1.648182E+01  5.698310E+00
  4.825000E+00  1.666873E+01  5.764823E+00
  4.875000E+00  1.742208E+01  5.835791E+00
  4.925000E+00  1.773027E+01  5.909503E+00
  4.975000E+00  1.791075E+01  5.985484E+00
  5.025000E+00  1.801421E+01  6.063449E+00
  5.075000E+00  1.878198E+01  6.146362E+00
  5.125000E+00  1.812015E+01  6.227938E+00
  5.175000E+00  1.764074E+01  6.308912E+00
  5.225000E+00  1.827624E+01  6.394432E+00
  5.275000E+00  1.889716E+01  6.484559E+00
  5.325000E+00  1.880219E+01  6.575940E+00
  5.375000E+00  1.921957E+01  6.671112E+00
  5.425000E+00  1.931986E+01  6.768569E+00
  5.475000E+00  1.967627E+01  6.869662E+00
  5.525000E+00  1.924217E+01  6.970339E+00
  5.575000E+00  1.906279E+01  7.071890E+00
  5.625000E+00  1.869292E+01  7.173265E+00
  5.675000E+00  1.858702E+01  7.275866E+00
  5.725000E+00  1.839715E+01  7.379216E+00
  5.775000E+00  1.768330E+01  7.480299E+00
  5.825000E+00  1.716105E+01  7.580102E+00
  5.875000E+00  1.673252E+01  7.679091E+00
  5.925000E+00  1.602491E+01  7.775514E+00
  5.975000E+00  1.594169E+01  7.873062E+00
O       O       
  2.500000E-02  0.000000E+00  0.000000E+00
  7.500000E-02  0.000000E+00  0.000000E+00
  1.250000E-01  1.371276E-02  3.721379E-08
  1.750000E-01  0.000000E+00  3.721379E-08
  2.250000E-01  4.271189E-03  7.442758E-08
  2.750000E-01  8.589313E-03  1.860689E-07
  3.250000E-01  1.025758E-02  3.721379E-07
  3.750000E-01  6.166686E-03  5.209930E-07
  4.250000E-01  3.601970E-03  6.326344E-07
  4.750000E-01  6.729880E-03  8.931309E-07
  5.250000E-01  2.361412E-03  1.004772E-06
  5.750000E-01  3.281392E-03  1.190841E-06
  6.250000E-01  3.888694E-03  1.451338E-06
  6.750000E-01  7.144676E-03  2.009545E-06
  7.250000E-01  2.890329E-03  2.270041E-06
  7.750000E-01  4.697715E-03  2.753820E-06
  8.250000E-01  6.059128E-03  3.460882E-06
  8.750000E-01  3.685585E-03  3.944662E-06
  9.250000E-01  4.820163E-03  4.651724E-06
  9.750000E-01  5.023606E-03  5.470427E-06
  1.025000E+00  5.785242E-03  6.512413E-06
  1.075000E+00  6.386766E-03  7.777682E-06
  1.125000E+00  5.660239E-03  9.005737E-06
  1.175000E+00  4.559887E-03  1.008494E-05
  1.225000E+00  6.654611E-03  1.179677E-05
  1.275000E+00  6.410067E-03  1.358303E-05
  1.325000E+00  6.430095E-03  1.551815E-05
  1.375000E+00  7.348929E-03  1.789983E-05
  1.425000E+00  8.232159E-03  2.076529E-05
  1.475000E+00  6.885267E-03  2.333305E-05
  1.525000E+00  7.001321E-03  2.612408E-05
  1.575000E+00  9.714551E-03  3.025481E-05
  1.625000E+00  9.125976E-03  3.438554E-05
  1.675000E+00  1.129766E-02  3.981875E-05
  1.725000E+00  1.437325E-02  4.714987E-05
  1.775000E+00  2.039687E-02  5.816515E-05
  1.825000E+00  2.776860E-02  7.401822E-05
  1.875000E+00  1.565478E-01  1.683552E-04
  1.925000E+00  3.344224E-01  3.807715E-04
  1.975000E+00  3.760361E-01  6.321878E-04
  2.025000E+00  7.998406E-01  1.194377E-03
  2.075000E+00  3.445898E+00  3.737492E-03
  2.125000E+00  6.133687E+00  8.485004E-03
  2.175000E+00  1.235551E+01  1.850355E-02
  2.225000E+00  1.765234E+01  3.348270E-02
  2.275000E+00  3.012620E+01  6.020852E-02
  2.325000E+00  4.934993E+01  1.059337E-01
  2.375000E+00  1.767439E+02  2.768149E-01
  2.425000E+00  4.130000E+02  6.931045E-01
  2.475000E+00  3.108690E+02  1.019504E+00
  2.525000E+00  6.252353E+01  1.087830E+00
  2.575000E+00  9.660210E+00  1.098809E+00
  2.625000E+00  5.508509E+00  1.105315E+00
  2.675000E+00  6.361370E+00  1.113117E+00
  2.725000E+00  8.289906E+00  1.123668E+00
  2.775000E+00  1.077782E+01  1.137894E+00
  2.825000E+00  1.368375E+01  1.156612E+00
  2.875000E+00  1.631489E+01  1.179726E+00
  2.925000E+00  1.834286E+01  1.206625E+00
  2.975000E+00  2.104252E+01  1.238547E+00
  3.025000E+00  2.505419E+01  1.277843E+00
  3.075000E+00  3.047759E+01  1.327238E+00
  3.125000E+00  3.776145E+01  1.390445E+00
  3.175000E+00  3.934063E+01  1.458419E+00
  3.225000E+00  4.092816E+01  1.531382E+00
  3.275000E+00  4.323556E+01  1.610865E+00
  3.325000E+00  4.515704E+01  1.696436E+00
  3.375000E+00  5.106122E+01  1.796126E+00
  3.425000E+00  5.493399E+01  1.906579E+00
  3.475000E+00  5.724921E+01  2.025072E+00
  3.525000E+00  5.723296E+01  2.146965E+00
  3.575000E+00  5.533029E+01  2.268172E+00
  3.625000E+00  5.414565E+01  2.390125E+00
  3.675000E+00  5.152099E+01  2.509390E+00
  3.725000E+00  5.181904E+01  2.632631E+00
  3.775000E+00  5.159854E+01  2.758664E+00
  3.825000E+00  4.887995E+01  2.881240E+00
  3.875000E+00  4.661552E+01  3.001214E+00
  3.925000E+00  4.336546E+01  3.115722E+00
  3.975000E+00  4.098673E+01  3.226724E+00
  4.025000E+00  3.927507E+01  3.335783E+00
  4.075000E+00  3.647438E+01  3.439596E+00
  4.125000E+00  3.483152E+01  3.541182E+00
  4.175000E+00  3.055425E+01  3.632466E+00
  4.225000E+00  2.866643E+01  3.720174E+00
  4.275000E+00  2.605362E+01  3.801786E+00
  4.325000E+00  2.478226E+01  3.881241E+00
  4.375000E+00  2.345521E+01  3.958191E+00
  4.425000E+00  2.280498E+01  4.034727E+00
  4.475000E+00  2.207937E+01  4.110512E+00
  4.525000E+00  2.131241E+01  4.185309E+00
  4.575000E+00  2.057620E+01  4.259126E+00
  4.625000E+00  2.042708E+01  4.334019E+00
  4.675000E+00  2.009223E+01  4.409286E+00
  4.725000E+00  1.989594E+01  4.485420E+00
  4.775000E+00  1.991572E+01  4.563251E+00
  4.825000E+00  1.972200E+01  4.641947E+00
  4.875000E+00  1.960574E+01  4.721810E+00
  4.925000E+00  1.999187E+01  4.804924E+00
  4.975000E+00  1.987196E+01  4.889226E+00
  5.025000E+00  1.975556E+01  4.974727E+00
  5.075000E+00  1.988028E+01  5.062489E+00
  5.125000E+00  2.009868E+01  5.152971E+00
  5.175000E+00  2.027845E+01  5.246053E+00
  5.225000E+00  2.005410E+01  5.339893E+00
  5.275000E+00  1.995452E+01  5.435062E+00
  5.325000E+00  1.960197E+01  5.530330E+00
  5.375000E+00  1.957089E+01  5.627242E+00
  5.425000E+00  1.918502E+01  5.724019E+00
  5.475000E+00  1.899941E+01  5.821634E+00
  5.525000E+00  1.855631E+01  5.918722E+00
  5.575000E+00  1.829044E+01  6.016159E+00
  5.625000E+00  1.840374E+01  6.115966E+00
  5.675000E+00  1.808891E+01  6.215817E+00
  5.725000E+00  1.749277E+01  6.314087E+00
  5.775000E+00  1.680265E+01  6.410136E+00
  5.825000E+00  1.670438E+01  6.507283E+00
  5.875000E+00  1.623968E+01  6.603356E+00
  5.925000E+00  1.583212E+01  6.698619E+00
  5.975000E+00  1.530853E+01  6.792293E+00
O       O_s     
  2.500000E-02  1.447052E+05  2.066853E-02
  7.500000E-02  4.188208E+04  6.254322E-02
  1.250000E-01  4.314689E+04  1.796355E-01
  1.750000E-01  7.583042E+04  5.803827E-01
  2.250000E-01  3.353147E+04  8.725340E-01
  2.750000E-01  8.899084E+03  9.882017E-01
  3.250000E-01  6.330173E+02  9.996844E-01
  3.750000E-01  1.034067E+01  9.999340E-01
  4.250000E-01  7.755596E-01  9.999580E-01
  4.750000E-01  2.754214E-01  9.999687E-01
  5.250000E-01  1.235703E-01  9.999745E-01
  5.750000E-01  6.890348E-02  9.999785E-01
  6.250000E-01  4.055014E-02  9.999812E-01
  6.750000E-01  2.786191E-02  9.999833E-01
  7.250000E-01  1.878557E-02  9.999850E-01
  7.750000E-01  1.391130E-02  9.999865E-01
  8.250000E-01  9.566247E-03  9.999876E-01
  8.750000E-01  8.079263E-03  9.999887E-01
  9.250000E-01  7.229642E-03  9.999897E-01
  9.750000E-01  7.991435E-03  9.999910E-01
  1.025000E+00  5.681460E-03  9.999920E-01
  1.075000E+00  5.353167E-03  9.999931E-01
  1.125000E+00  5.059489E-03  9.999942E-01
  1.175000E+00  6.760648E-03  9.999958E-01
  1.225000E+00  5.496830E-03  9.999972E-01
  1.275000E+00  5.942171E-03  9.999989E-01
  1.325000E+00  6.429559E-03  1.000001E+00
  1.375000E+00  6.314960E-03  1.000003E+00
  1.425000E+00  7.055549E-03  1.000005E+00
  1.475000E+00  6.535470E-03  1.000008E+00
  1.525000E+00  6.627365E-03  1.000010E+00
  1.575000E+00  6.957139E-03  1.000013E+00
  1.625000E+00  7.522137E-03  1.000017E+00
  1.675000E+00  7.737475E-03  1.000020E+00
  1.725000E+00  1.849398E-02  1.000030E+00
  1.775000E+00  1.394589E-01  1.000105E+00
  1.825000E+00  3.793097E-01  1.000322E+00
  1.875000E+00  7.229622E-01  1.000757E+00
  1.925000E+00  1.719425E+00  1.001850E+00
  1.975000E+00  7.058410E+00  1.006569E+00
  2.025000E+00  1.782458E+01  1.019097E+00
  2.075000E+00  2.704936E+01  1.039060E+00
  2.125000E+00  1.377385E+01  1.049721E+00
  2.175000E+00  1.906948E+01  1.065184E+00
  2.225000E+00  1.015880E+02  1.151388E+00
  2.275000E+00  4.965532E+02  1.591894E+00
  2.325000E+00  4.787703E+02  2.035499E+00
  2.375000E+00  4.344408E+01  2.077502E+00
  2.425000E+00  1.081438E+01  2.088403E+00
  2.475000E+00  4.737467E+00  2.093377E+00
  2.525000E+00  4.472557E+00  2.098265E+00
  2.575000E+00  5.731572E+00  2.104779E+00
  2.625000E+00  7.785457E+00  2.113974E+00
  2.675000E+00  1.041974E+01  2.126754E+00
  2.725000E+00  1.278623E+01  2.143028E+00
  2.775000E+00  1.502264E+01  2.162856E+00
  2.825000E+00  1.877046E+01  2.188532E+00
  2.875000E+00  2.326847E+01  2.221498E+00
  2.925000E+00  2.923210E+01  2.264366E+00
  2.975000E+00  3.026385E+01  2.310276E+00
  3.025000E+00  3.285872E+01  2.361813E+00
  3.075000E+00  3.689121E+01  2.421603E+00
  3.125000E+00  3.996593E+01  2.488500E+00
  3.175000E+00  4.383478E+01  2.564240E+00
  3.225000E+00  4.846215E+01  2.650632E+00
  3.275000E+00  5.384825E+01  2.749626E+00
  3.325000E+00  5.621786E+01  2.856157E+00
  3.375000E+00  5.850745E+01  2.970385E+00
  3.425000E+00  5.755729E+01  3.086112E+00
  3.475000E+00  5.692375E+01  3.203931E+00
  3.525000E+00  5.629604E+01  3.323829E+00
  3.575000E+00  5.624006E+01  3.447029E+00
  3.625000E+00  5.429850E+01  3.569327E+00
  3.675000E+00  5.053605E+01  3.686311E+00
  3.725000E+00  4.853678E+01  3.801746E+00
  3.775000E+00  4.683485E+01  3.916143E+00
  3.825000E+00  4.520393E+01  4.029501E+00
  3.875000E+00  4.306188E+01  4.140329E+00
  3.925000E+00  4.022987E+01  4.246558E+00
  3.975000E+00  3.587815E+01  4.343724E+00
  4.025000E+00  3.313165E+01  4.435724E+00
  4.075000E+00  3.149903E+01  4.525377E+00
  4.125000E+00  2.836911E+01  4.608115E+00
  4.175000E+00  2.664248E+01  4.687712E+00
  4.225000E+00  2.487040E+01  4.763806E+00
  4.275000E+00  2.416608E+01  4.839505E+00
  4.325000E+00  2.341165E+01  4.914566E+00
  4.375000E+00  2.255849E+01  4.988574E+00
  4.425000E+00  2.253090E+01  5.064190E+00
  4.475000E+00  2.229187E+01  5.140705E+00
  4.525000E+00  2.164433E+01  5.216666E+00
  4.575000E+00  2.121856E+01  5.292788E+00
  4.625000E+00  2.127590E+01  5.370793E+00
  4.675000E+00  2.082397E+01  5.448800E+00
  4.725000E+00  2.074849E+01  5.528197E+00
  4.775000E+00  2.067672E+01  5.609002E+00
  4.825000E+00  2.064205E+01  5.691370E+00
  4.875000E+00  2.046680E+01  5.774740E+00
  4.925000E+00  2.062779E+01  5.860498E+00
  4.975000E+00  2.092027E+01  5.949247E+00
  5.025000E+00  2.099032E+01  6.040092E+00
  5.075000E+00  2.078847E+01  6.131863E+00
  5.125000E+00  2.082548E+01  6.225618E+00
  5.175000E+00  2.099246E+01  6.321977E+00
  5.225000E+00  2.094046E+01  6.419964E+00
  5.275000E+00  2.025611E+01  6.516571E+00
  5.325000E+00  2.010654E+01  6.614292E+00
  5.375000E+00  1.987700E+01  6.712720E+00
  5.425000E+00  1.945211E+01  6.810844E+00
  5.475000E+00  1.920829E+01  6.909532E+00
  5.525000E+00  1.875421E+01  7.007656E+00
  5.575000E+00  1.830608E+01  7.105176E+00
  5.625000E+00  1.776603E+01  7.201525E+00
  5.675000E+00  1.736623E+01  7.297387E+00
  5.725000E+00  1.684322E+01  7.392007E+00
  5.775000E+00  1.627858E+01  7.485060E+00
  5.825000E+00  1.598249E+01  7.578009E+00
  5.875000E+00  1.555753E+01  7.670047E+00
  5.925000E+00  1.541608E+01  7.762807E+00
  5.975000E+00  1.502457E+01  7.854743E+00
O_s     O_s     
  2.500000E-02  0.000000E+00  0.000000E+00
  7.500000E-02  0.000000E+00  0.000000E+00
  1.250000E-01  0.000000E+00  0.000000E+00
  1.750000E-01  0.000000E+00  0.000000E+00
  2.250000E-01  4.271189E-03  3.721379E-08
  2.750000E-01  0.000000E+00  3.721379E-08
  3.250000E-01  0.000000E+00  3.721379E-08
  3.750000E-01  0.000000E+00  3.721379E-08
  4.250000E-01  0.000000E+00  3.721379E-08
  4.750000E-01  0.000000E+00  3.721379E-08
  5.250000E-01  0.000000E+00  3.721379E-08
  5.750000E-01  6.562783E-04  7.442758E-08
  6.250000E-01  0.000000E+00  7.442758E-08
  6.750000E-01  4.763117E-04  1.116414E-07
  7.250000E-01  4.129041E-04  1.488552E-07
  7.750000E-01  7.227254E-04  2.232827E-07
  8.250000E-01  0.000000E+00  2.232827E-07
  8.750000E-01  2.835065E-04  2.604965E-07
  9.250000E-01  5.073856E-04  3.349241E-07
  9.750000E-01  0.000000E+00  3.349241E-07
  1.025000E+00  1.033079E-03  5.209930E-07
  1.075000E+00  9.392304E-04  7.070620E-07
  1.125000E+00  3.258925E-03  1.414124E-06
  1.175000E+00  1.886850E-03  1.860689E-06
  1.225000E+00  2.603978E-03  2.530538E-06
  1.275000E+00  2.537318E-03  3.237600E-06
  1.325000E+00  3.215047E-03  4.205158E-06
  1.375000E+00  3.444810E-03  5.321572E-06
  1.425000E+00  3.314246E-03  6.475199E-06
  1.475000E+00  4.490392E-03  8.149820E-06
  1.525000E+00  3.453985E-03  9.526730E-06
  1.575000E+00  4.025850E-03  1.123856E-05
  1.625000E+00  5.402413E-01  2.557704E-04
  1.675000E+00  4.490431E-01  4.717220E-04
  1.725000E+00  3.073832E-01  6.285037E-04
  1.775000E+00  2.720847E+00  2.097890E-03
  1.825000E+00  3.106635E+01  1.983365E-02
  1.875000E+00  1.346632E+01  2.794856E-02
  1.925000E+00  1.882380E+01  3.990494E-02
  1.975000E+00  1.049979E+01  4.692506E-02
  2.025000E+00  1.423136E+01  5.692794E-02
  2.075000E+00  8.965869E+01  1.230972E-01
  2.125000E+00  5.103058E+02  5.180770E-01
  2.175000E+00  5.764557E+02  9.855001E-01
  2.225000E+00  7.206673E+01  1.046653E+00
  2.275000E+00  2.833420E+01  1.071789E+00
  2.325000E+00  1.184442E+01  1.082764E+00
  2.375000E+00  6.494895E+00  1.089043E+00
  2.425000E+00  5.420037E+00  1.094507E+00
  2.475000E+00  5.914467E+00  1.100717E+00
  2.525000E+00  7.511906E+00  1.108926E+00
  2.575000E+00  1.055457E+01  1.120921E+00
  2.625000E+00  1.363650E+01  1.137027E+00
  2.675000E+00  1.871182E+01  1.159977E+00
  2.725000E+00  2.440945E+01  1.191045E+00
  2.775000E+00  2.342362E+01  1.221962E+00
  2.825000E+00  2.455501E+01  1.255550E+00
  2.875000E+00  2.886863E+01  1.296450E+00
  2.925000E+00  3.182260E+01  1.343116E+00
  2.975000E+00  3.545426E+01  1.396901E+00
  3.025000E+00  4.082588E+01  1.460934E+00
  3.075000E+00  4.514402E+01  1.534100E+00
  3.125000E+00  5.051461E+01  1.618653E+00
  3.175000E+00  5.456473E+01  1.712932E+00
  3.225000E+00  5.856399E+01  1.817334E+00
  3.275000E+00  5.888710E+01  1.925591E+00
  3.325000E+00  6.083798E+01  2.040876E+00
  3.375000E+00  6.031745E+01  2.158638E+00
  3.425000E+00  5.868014E+01  2.276623E+00
  3.475000E+00  5.663028E+01  2.393835E+00
  3.525000E+00  5.268422E+01  2.506040E+00
  3.575000E+00  5.107085E+01  2.617917E+00
  3.625000E+00  5.068547E+01  2.732076E+00
  3.675000E+00  4.893405E+01  2.845353E+00
  3.725000E+00  4.689213E+01  2.956876E+00
  3.775000E+00  4.203291E+01  3.059544E+00
  3.825000E+00  4.076155E+01  3.161762E+00
  3.875000E+00  3.725291E+01  3.257639E+00
  3.925000E+00  3.382782E+01  3.346963E+00
  3.975000E+00  3.008296E+01  3.428435E+00
  4.025000E+00  2.822303E+01  3.506804E+00
  4.075000E+00  2.647448E+01  3.582156E+00
  4.125000E+00  2.546878E+01  3.656435E+00
  4.175000E+00  2.432015E+01  3.729095E+00
  4.225000E+00  2.375538E+01  3.801777E+00
  4.275000E+00  2.329721E+01  3.874754E+00
  4.325000E+00  2.275935E+01  3.947724E+00
  4.375000E+00  2.263334E+01  4.021977E+00
  4.425000E+00  2.270427E+01  4.098175E+00
  4.475000E+00  2.260006E+01  4.175748E+00
  4.525000E+00  2.239795E+01  4.254354E+00
  4.575000E+00  2.197120E+01  4.333176E+00
  4.625000E+00  2.209530E+01  4.414185E+00
  4.675000E+00  2.134957E+01  4.494162E+00
  4.725000E+00  2.140360E+01  4.576065E+00
  4.775000E+00  2.179587E+01  4.661244E+00
  4.825000E+00  2.177359E+01  4.748127E+00
  4.875000E+00  2.173961E+01  4.836681E+00
  4.925000E+00  2.175346E+01  4.927119E+00
  4.975000E+00  2.174443E+01  5.019365E+00
  5.025000E+00  2.201093E+01  5.114627E+00
  5.075000E+00  2.187422E+01  5.211191E+00
  5.125000E+00  2.139248E+01  5.307498E+00
  5.175000E+00  2.131120E+01  5.405320E+00
  5.225000E+00  2.096965E+01  5.503444E+00
  5.275000E+00  2.063766E+01  5.601871E+00
  5.325000E+00  2.025579E+01  5.700317E+00
  5.375000E+00  1.994953E+01  5.799104E+00
  5.425000E+00  1.923061E+01  5.896111E+00
  5.475000E+00  1.848918E+01  5.991105E+00
  5.525000E+00  1.847857E+01  6.087786E+00
  5.575000E+00  1.793312E+01  6.183320E+00
  5.625000E+00  1.733541E+01  6.277333E+00
  5.675000E+00  1.662665E+01  6.369112E+00
  5.725000E+00  1.622422E+01  6.460255E+00
  5.775000E+00  1.588626E+01  6.551066E+00
  5.825000E+00  1.550263E+01  6.641224E+00
  5.875000E+00  1.497533E+01  6.729817E+00
  5.925000E+00  1.493834E+01  6.819703E+00
  5.975000E+00  1.443435E+01  6.908027E+00
