title: # Li56 La24 Zr16 O96                                                    
energy unitS: electron Volts
         0  0.000000E+00        52
 -5.390368E+05  5.500000E+02 -5.407429E+05  6.307024E+04 -6.038132E+05
  0.000000E+00  0.000000E+00  0.000000E+00  0.000000E+00 -5.390366E+05
  0.000000E+00  1.563293E+05 -4.473454E+05  6.036747E+05  0.000000E+00
  0.000000E+00  0.000000E+00  0.000000E+00  2.781571E+05  0.000000E+00
  0.000000E+00  0.000000E+00  9.000000E+01  9.000000E+01  9.000000E+01
  0.000000E+00 -2.897599E+02  0.000000E+00 -3.031393E+02 -2.208517E-02
  2.258106E-03 -2.208517E-02 -3.031111E+02  3.839108E-02  2.258106E-03
  3.839108E-02 -2.630292E+02  0.000000E+00  0.000000E+00  0.000000E+00
  0.000000E+00  0.000000E+00  6.618035E+01  0.000000E+00  0.000000E+00
  0.000000E+00  6.618035E+01  0.000000E+00  0.000000E+00  0.000000E+00
  6.350853E+01 -5.097232E+04
      1000  5.000000E-01        52
 -5.733033E+05  5.500000E+02 -5.750128E+05  1.126458E+05 -6.928762E+05
  0.000000E+00  0.000000E+00  0.000000E+00  0.000000E+00 -5.733065E+05
  0.000000E+00  9.440215E+03 -6.936234E+05  6.926285E+05  0.000000E+00
  0.000000E+00  0.000000E+00  0.000000E+00  2.724573E+05  1.832060E-02
  5.217539E+03  1.043508E+04  9.000000E+01  9.000000E+01  9.000000E+01
  0.000000E+00 -1.166107E+01  3.396949E+00 -2.457105E+01 -1.846320E-02
 -3.832032E-02 -1.846320E-02 -2.424695E+01 -8.696149E-01 -3.832032E-02
 -8.696149E-01  1.383479E+01  2.114675E+00  7.809884E-01  8.191020E-01
  1.545014E+00  1.551606E+00  6.572518E+01  0.000000E+00  0.000000E+00
  0.000000E+00  6.572518E+01  0.000000E+00  0.000000E+00  0.000000E+00
  6.307174E+01 -2.009291E+03
      2000  1.000000E+00        52
 -5.740417E+05  5.499517E+02 -5.757511E+05  1.128525E+05 -6.939102E+05
  0.000000E+00  0.000000E+00  0.000000E+00  0.000000E+00 -5.740449E+05
  0.000000E+00  1.006737E+04 -6.942100E+05  6.936641E+05  0.000000E+00
  0.000000E+00  0.000000E+00  0.000000E+00  2.702261E+05  3.282735E-01
  5.306648E+03  1.061330E+04  9.000000E+01  9.000000E+01  9.000000E+01
  0.000000E+00 -1.298121E+01  3.362715E+00 -1.739199E+01  6.571196E-02
  7.244968E-02  6.571196E-02 -2.022557E+01 -7.344493E-01  7.244968E-02
 -7.344493E-01 -1.326071E+00  2.712368E+00  1.295810E+00  1.335622E+00
  2.311455E+00  2.281702E+00  6.554528E+01  0.000000E+00  0.000000E+00
  0.000000E+00  6.554528E+01  0.000000E+00  0.000000E+00  0.000000E+00
  6.289910E+01 -2.218444E+03
      3000  1.500000E+00        52
  3.684892E+07  3.110777E+03 -5.585825E+05  7.623756E+04 -6.443441E+05
  0.000000E+00  0.000000E+00  0.000000E+00  0.000000E+00 -5.489322E+05
  0.000000E+00  1.997083E+05 -4.626189E+05  6.432793E+05  0.000000E+00
  0.000000E+00  0.000000E+00  0.000000E+00  3.931724E+05  5.216820E+03
  9.523987E+03  1.904797E+04  9.000000E+01  9.000000E+01  9.000000E+01
  0.000000E+00 -2.418500E+02  3.739786E+07 -2.734835E+02  2.633197E+00
 -3.170042E+00  2.633197E+00 -2.336982E+02  2.262517E+01 -3.170042E+00
  2.262517E+01 -2.183684E+02  3.215716E+00  1.516863E+00  1.559710E+00
  2.765909E+00  1.070529E+03  7.427226E+01  0.000000E+00  0.000000E+00
  0.000000E+00  7.427226E+01  0.000000E+00  0.000000E+00  0.000000E+00
  7.127376E+01 -6.013609E+04
      4000  2.000000E+00        52
  3.685408E+07  5.500000E+02 -5.678327E+05  1.113276E+05 -6.856886E+05
  0.000000E+00  0.000000E+00  0.000000E+00  0.000000E+00 -5.661262E+05
  0.000000E+00  3.695423E+04 -6.592567E+05  6.831545E+05  0.000000E+00
  0.000000E+00  0.000000E+00  0.000000E+00  4.926818E+05  1.835629E-02
  6.528213E+03  1.305643E+04  9.000000E+01  9.000000E+01  9.000000E+01
  0.000000E+00 -3.588341E+01  3.742021E+07 -3.568846E+01 -6.353823E-01
  7.254635E-01 -6.353823E-01 -3.666519E+01  4.887248E-02  7.254635E-01
  4.887248E-02 -3.529658E+01  6.439374E+00  4.586399E+00  3.500846E+00
  6.345792E+00  1.867852E+03  8.007332E+01  0.000000E+00  0.000000E+00
  0.000000E+00  8.007332E+01  0.000000E+00  0.000000E+00  0.000000E+00
  7.684062E+01 -1.118063E+04
      5000  2.500000E+00        52
  3.685202E+07  5.515478E+02 -5.699004E+05  1.126468E+05 -6.891858E+05
  0.000000E+00  0.000000E+00  0.000000E+00  0.000000E+00 -5.681891E+05
  0.000000E+00  2.980481E+04 -6.704850E+05  6.870125E+05  0.000000E+00
  0.000000E+00  0.000000E+00  0.000000E+00  4.743472E+05  2.633283E+00
  6.638669E+03  1.327734E+04  9.000000E+01  9.000000E+01  9.000000E+01
  0.000000E+00 -2.931556E+01  3.742021E+07 -3.011314E+01 -9.952174E-02
  1.397344E-01 -9.952174E-02 -2.924863E+01 -4.019482E-01  1.397344E-01
 -4.019482E-01 -2.858493E+01  8.753130E+00  7.165664E+00  5.546128E+00
  8.821299E+00  1.870258E+03  7.906746E+01  0.000000E+00  0.000000E+00
  0.000000E+00  7.906746E+01  0.000000E+00  0.000000E+00  0.000000E+00
  7.587536E+01 -8.794287E+03
      6000  3.000000E+00        52
  3.739952E+07  1.056682E+04 -5.603978E+05  1.026699E+05 -6.738946E+05
  0.000000E+00  0.000000E+00  0.000000E+00  0.000000E+00 -5.276178E+05
  0.000000E+00  7.896897E+04 -6.097665E+05  6.670819E+05  0.000000E+00
  0.000000E+00  0.000000E+00  0.000000E+00  6.584194E+05  2.002641E+04
  1.082683E+04  2.165366E+04  9.000000E+01  9.000000E+01  9.000000E+01
  0.000000E+00 -1.073468E+01  3.792714E+07  1.349543E+01 -5.570431E+01
 -4.933671E+00 -5.570431E+01  5.166109E-01 -2.106526E+00 -4.933671E+00
 -2.106526E+00 -4.621609E+01  1.110935E+01  7.859493E+00  6.123935E+00
  1.230285E+01  3.211947E+03  8.819958E+01  0.000000E+00  0.000000E+00
  0.000000E+00  8.819958E+01  0.000000E+00  0.000000E+00  0.000000E+00
  8.463881E+01 -4.469901E+03
      7000  3.500000E+00        52
  1.840664E+11  5.500000E+02 -5.615929E+05  1.053020E+05 -6.730025E+05
  0.000000E+00  0.000000E+00  0.000000E+00  0.000000E+00 -5.598861E+05
  0.000000E+00  4.548270E+04 -6.184026E+05  6.516699E+05  0.000000E+00
  0.000000E+00  0.000000E+00  0.000000E+00  9.661533E+05  1.875597E-02
  6.107700E+03  1.221540E+04  9.000000E+01  9.000000E+01  9.000000E+01
  0.000000E+00 -2.295106E+01  1.840670E+11 -2.306679E+01 -3.358892E-01
 -5.875724E-02 -3.358892E-01 -2.285328E+01  9.623246E-03 -5.875724E-02
  9.623246E-03 -2.293313E+01  1.349068E+01  1.008927E+01  8.079269E+00
  1.797439E+01  4.826294E+03  1.002261E+02  0.000000E+00  0.000000E+00
  0.000000E+00  1.002261E+02  0.000000E+00  0.000000E+00  0.000000E+00
  9.617983E+01 -1.402345E+04
      8000  4.000000E+00        52
  1.840664E+11  5.507004E+02 -5.668445E+05  1.143629E+05 -6.886332E+05
  0.000000E+00  0.000000E+00  0.000000E+00  0.000000E+00 -5.651356E+05
  0.000000E+00  8.328540E+03 -6.741728E+05  6.676497E+05  0.000000E+00
  0.000000E+00  0.000000E+00  0.000000E+00  9.491355E+05  5.647529E-01
  7.425807E+03  1.485161E+04  9.000000E+01  9.000000E+01  9.000000E+01
  0.000000E+00 -2.727657E+00  1.840670E+11 -2.612688E+00  7.395379E-02
 -5.675878E-01  7.395379E-02 -1.835530E+00 -5.702640E-01 -5.675878E-01
 -5.702640E-01 -3.734752E+00  2.002416E+01  1.684990E+01  1.374171E+01
  2.491075E+01  4.831571E+03  9.963419E+01  0.000000E+00  0.000000E+00
  0.000000E+00  9.963419E+01  0.000000E+00  0.000000E+00  0.000000E+00
  9.561178E+01 -1.637284E+03
      9000  4.500000E+00        52
  1.840664E+11  5.505677E+02 -5.683150E+05  1.145904E+05 -6.903464E+05
  0.000000E+00  0.000000E+00  0.000000E+00  0.000000E+00 -5.666065E+05
  0.000000E+00  5.610081E+03 -6.787170E+05  6.694452E+05  0.000000E+00
  0.000000E+00  0.000000E+00  0.000000E+00  9.444231E+05  1.185321E+00
  7.440944E+03  1.488189E+04  9.000000E+01  9.000000E+01  9.000000E+01
  0.000000E+00 -1.224576E+00  1.840670E+11 -9.732698E-01  3.533571E-02
 -7.472331E-01  3.533571E-02 -4.604711E-01 -1.064537E-01 -7.472331E-01
 -1.064537E-01 -2.239986E+00  2.514604E+01  2.220034E+01  1.906809E+01
  3.038418E+01  4.838591E+03  9.946903E+01  0.000000E+00  0.000000E+00
  0.000000E+00  9.946903E+01  0.000000E+00  0.000000E+00  0.000000E+00
  9.545328E+01 -7.314055E+02
     10000  5.000000E+00        52
  1.840664E+11  5.500000E+02 -5.690919E+05  1.144765E+05 -6.909542E+05
  0.000000E+00  0.000000E+00  0.000000E+00  0.000000E+00 -5.673851E+05
  0.000000E+00  4.926896E+03 -6.797774E+05  6.699327E+05  0.000000E+00
  0.000000E+00  0.000000E+00  0.000000E+00  9.422144E+05  1.827317E-02
  7.385821E+03  1.477164E+04  9.000000E+01  9.000000E+01  9.000000E+01
  0.000000E+00 -8.472421E-01  1.840670E+11 -5.450758E-01 -6.240201E-02
  6.766941E-02 -6.240201E-02 -1.090430E-01 -2.214482E-01  6.766941E-02
 -2.214482E-01 -1.887608E+00  2.962858E+01  2.632273E+01  2.316847E+01
  3.474804E+01  4.841977E+03  9.939142E+01  0.000000E+00  0.000000E+00
  0.000000E+00  9.939142E+01  0.000000E+00  0.000000E+00  0.000000E+00
  9.537881E+01 -5.048511E+02
     11000  5.500000E+00        52
  1.840664E+11  5.363402E+02 -5.695764E+05  1.147968E+05 -6.918035E+05
  0.000000E+00  0.000000E+00  0.000000E+00  0.000000E+00 -5.679120E+05
  0.000000E+00  3.605091E+03 -6.827644E+05  6.715089E+05  0.000000E+00
  0.000000E+00  0.000000E+00  0.000000E+00  9.263541E+05  1.384934E+00
  7.430311E+03  1.486062E+04  9.000000E+01  9.000000E+01  9.000000E+01
  0.000000E+00 -1.578902E-01  1.840670E+11  3.433124E-01 -1.203592E-01
 -2.402227E-01 -1.203592E-01  8.814748E-01 -8.223387E-03 -2.402227E-01
 -8.223387E-03 -1.698458E+00  1.364950E+00  1.228829E+00  1.126759E+00
  1.549573E+00  1.384381E+00  9.883058E+01  0.000000E+00  0.000000E+00
  0.000000E+00  9.883058E+01  0.000000E+00  0.000000E+00  0.000000E+00
  9.484061E+01 -9.249926E+01
     12000  6.000000E+00        52
  1.840664E+11  5.505663E+02 -5.698566E+05  1.145817E+05 -6.918278E+05
  0.000000E+00  0.000000E+00  0.000000E+00  0.000000E+00 -5.681481E+05
  0.000000E+00  3.468613E+03 -6.821133E+05  6.708030E+05  0.000000E+00
  0.000000E+00  0.000000E+00  0.000000E+00  9.350685E+05  1.709408E+00
  7.389452E+03  1.477890E+04  9.000000E+01  9.000000E+01  9.000000E+01
  0.000000E+00 -2.973764E-02  1.840670E+11  5.753007E-01 -2.363014E-01
 -1.962964E-01 -2.363014E-01  1.112081E+00  4.845911E-02 -1.962964E-01
  4.845911E-02 -1.776595E+00  2.047383E+00  1.864602E+00  1.765751E+00
  2.278300E+00  2.087101E+00  9.913952E+01  0.000000E+00  0.000000E+00
  0.000000E+00  9.913952E+01  0.000000E+00  0.000000E+00  0.000000E+00
  9.513708E+01 -1.758555E+01
     13000  6.500000E+00        52
  1.840664E+11  5.551217E+02 -5.701006E+05  1.142581E+05 -6.916953E+05
  0.000000E+00  0.000000E+00  0.000000E+00  0.000000E+00 -5.683779E+05
  0.000000E+00  3.967927E+03 -6.809246E+05  6.702193E+05  0.000000E+00
  0.000000E+00  0.000000E+00  0.000000E+00  9.387014E+05  1.907513E+00
  7.336632E+03  1.467326E+04  9.000000E+01  9.000000E+01  9.000000E+01
  0.000000E+00 -2.941154E-01  1.840670E+11  4.677003E-01 -2.082678E-01
 -3.515620E-01 -2.082678E-01  6.645102E-01 -2.055077E-01 -3.515620E-01
 -2.055077E-01 -2.014557E+00  2.463124E+00  2.210290E+00  2.085933E+00
  2.707347E+00  2.494895E+00  9.926774E+01  0.000000E+00  0.000000E+00
  0.000000E+00  9.926774E+01  0.000000E+00  0.000000E+00  0.000000E+00
  9.526013E+01 -1.746028E+02
     14000  7.000000E+00        52
  1.840664E+11  5.496344E+02 -5.703080E+05  1.141874E+05 -6.918018E+05
  0.000000E+00  0.000000E+00  0.000000E+00  0.000000E+00 -5.686024E+05
  0.000000E+00  3.347383E+03 -6.810282E+05  6.697628E+05  0.000000E+00
  0.000000E+00  0.000000E+00  0.000000E+00  9.452577E+05  2.069869E+00
  7.306395E+03  1.461279E+04  9.000000E+01  9.000000E+01  9.000000E+01
  0.000000E+00  3.495649E-02  1.840670E+11  6.208191E-01 -1.377994E-01
 -9.272610E-02 -1.377994E-01  1.309269E+00 -1.464002E-01 -9.272610E-02
 -1.464002E-01 -1.825219E+00  2.725905E+00  2.419554E+00  2.350182E+00
  2.982029E+00  2.763607E+00  9.949832E+01  0.000000E+00  0.000000E+00
  0.000000E+00  9.949832E+01  0.000000E+00  0.000000E+00  0.000000E+00
  9.548139E+01  2.089701E+01
     15000  7.500000E+00        52
  1.840664E+11  5.485747E+02 -5.704471E+05  1.140691E+05 -6.917756E+05
  0.000000E+00  0.000000E+00  0.000000E+00  0.000000E+00 -5.687447E+05
  0.000000E+00  3.131893E+03 -6.805441E+05  6.691571E+05  0.000000E+00
  0.000000E+00  0.000000E+00  0.000000E+00  9.520719E+05  2.198419E+00
  7.259429E+03  1.451886E+04  9.000000E+01  9.000000E+01  9.000000E+01
  0.000000E+00  1.503638E-01  1.840670E+11  5.728448E-01 -8.246354E-03
 -2.399852E-01 -8.246354E-03  1.075151E+00 -3.863502E-01 -2.399852E-01
 -3.863502E-01 -1.196905E+00  2.995298E+00  2.641690E+00  2.535838E+00
  3.241438E+00  3.010941E+00  9.973683E+01  0.000000E+00  0.000000E+00
  0.000000E+00  9.973683E+01  0.000000E+00  0.000000E+00  0.000000E+00
  9.571028E+01  9.053553E+01
     16000  8.000000E+00        52
  1.840664E+11  5.484814E+02 -5.705640E+05  1.138447E+05 -6.916513E+05
  0.000000E+00  0.000000E+00  0.000000E+00  0.000000E+00 -5.688620E+05
  0.000000E+00  3.440671E+03 -6.795379E+05  6.684935E+05  0.000000E+00
  0.000000E+00  0.000000E+00  0.000000E+00  9.588545E+05  2.295174E+00
  7.242567E+03  1.448513E+04  9.000000E+01  9.000000E+01  9.000000E+01
  0.000000E+00 -2.075124E-02  1.840670E+11  4.914669E-01 -1.512253E-03
  9.862402E-02 -1.512253E-03  9.447915E-01 -2.001260E-02  9.862402E-02
 -2.001260E-02 -1.498512E+00  3.229280E+00  2.899635E+00  2.775988E+00
  3.508772E+00  3.269618E+00  9.997312E+01  0.000000E+00  0.000000E+00
  0.000000E+00  9.997312E+01  0.000000E+00  0.000000E+00  0.000000E+00
  9.593702E+01 -1.258354E+01
     17000  8.500000E+00        52
  1.840664E+11  5.483441E+02 -5.706332E+05  1.136290E+05 -6.914358E+05
  0.000000E+00  0.000000E+00  0.000000E+00  0.000000E+00 -5.689316E+05
  0.000000E+00  3.374753E+03 -6.786251E+05  6.676526E+05  0.000000E+00
  0.000000E+00  0.000000E+00  0.000000E+00  9.660517E+05  2.359359E+00
  7.173632E+03  1.434726E+04  9.000000E+01  9.000000E+01  9.000000E+01
  0.000000E+00  1.490370E-02  1.840670E+11  9.831365E-01 -1.156828E-01
 -6.457939E-03 -1.156828E-01  8.078377E-01 -1.929971E-01 -6.457939E-03
 -1.929971E-01 -1.746263E+00  3.483107E+00  3.075452E+00  3.037137E+00
  3.760967E+00  3.516205E+00  1.002226E+02  0.000000E+00  0.000000E+00
  0.000000E+00  1.002226E+02  0.000000E+00  0.000000E+00  0.000000E+00
  9.617646E+01  9.105430E+00
     18000  9.000000E+00        52
  1.840664E+11  5.496209E+02 -5.707227E+05  1.136142E+05 -6.915616E+05
  0.000000E+00  0.000000E+00  0.000000E+00  0.000000E+00 -5.690171E+05
  0.000000E+00  3.468998E+03 -6.786244E+05  6.676439E+05  0.000000E+00
  0.000000E+00  0.000000E+00  0.000000E+00  9.676382E+05  2.397510E+00
  7.224707E+03  1.444941E+04  9.000000E+01  9.000000E+01  9.000000E+01
  0.000000E+00 -3.214154E-02  1.840670E+11  6.833668E-01 -4.803896E-02
 -2.078705E-01 -4.803896E-02  1.312816E+00 -1.720077E-01 -2.078705E-01
 -1.720077E-01 -2.092608E+00  3.625034E+00  3.222539E+00  3.132059E+00
  3.910067E+00  3.662177E+00  1.002775E+02  0.000000E+00  0.000000E+00
  0.000000E+00  1.002775E+02  0.000000E+00  0.000000E+00  0.000000E+00
  9.622908E+01 -1.966916E+01
     19000  9.500000E+00        52
  1.840664E+11  5.542136E+02 -5.707323E+05  1.135045E+05 -6.914131E+05
  0.000000E+00  0.000000E+00  0.000000E+00  0.000000E+00 -5.690124E+05
  0.000000E+00  3.140960E+03 -6.779644E+05  6.667528E+05  0.000000E+00
  0.000000E+00  0.000000E+00  0.000000E+00  9.780755E+05  2.541873E+00
  7.176251E+03  1.435250E+04  9.000000E+01  9.000000E+01  9.000000E+01
  0.000000E+00  1.603330E-01  1.840670E+11  8.128902E-01 -2.716381E-01
 -1.472572E-01 -2.716381E-01  1.477009E+00 -1.734887E-01 -1.472572E-01
 -1.734887E-01 -1.808900E+00  3.770343E+00  3.338693E+00  3.268837E+00
  4.051771E+00  3.799472E+00  1.006367E+02  0.000000E+00  0.000000E+00
  0.000000E+00  1.006367E+02  0.000000E+00  0.000000E+00  0.000000E+00
  9.657383E+01  9.917482E+01
     20000  1.000000E+01        52
  1.840664E+11  5.527268E+02 -5.708149E+05  1.132565E+05 -6.912711E+05
  0.000000E+00  0.000000E+00  0.000000E+00  0.000000E+00 -5.690996E+05
  0.000000E+00  3.593143E+03 -6.768210E+05  6.660147E+05  0.000000E+00
  0.000000E+00  0.000000E+00  0.000000E+00  9.851285E+05  2.536773E+00
  7.199742E+03  1.439948E+04  9.000000E+01  9.000000E+01  9.000000E+01
  0.000000E+00 -8.768277E-02  1.840670E+11  3.378286E-01 -2.679929E-01
 -2.974452E-01 -2.679929E-01  1.154451E+00 -1.845523E-01 -2.974452E-01
 -1.845523E-01 -1.755328E+00  3.825817E+00  3.373519E+00  3.318477E+00
  4.111052E+00  3.855343E+00  1.008780E+02  0.000000E+00  0.000000E+00
  0.000000E+00  1.008780E+02  0.000000E+00  0.000000E+00  0.000000E+00
  9.680541E+01 -5.462773E+01
     21000  1.050000E+01        52
  1.840664E+11  5.431192E+02 -5.708857E+05  1.131416E+05 -6.911907E+05
  0.000000E+00  0.000000E+00  0.000000E+00  0.000000E+00 -5.692003E+05
  0.000000E+00  3.407888E+03 -6.762318E+05  6.653129E+05  0.000000E+00
  0.000000E+00  0.000000E+00  0.000000E+00  9.944370E+05  2.572073E+00
  7.163387E+03  1.432677E+04  9.000000E+01  9.000000E+01  9.000000E+01
  0.000000E+00 -2.026602E-02  1.840670E+11  5.795854E-01 -2.072200E-01
  5.069248E-02 -2.072200E-01  1.196034E+00  1.439638E-01  5.069248E-02
  1.439638E-01 -1.836417E+00  3.945498E+00  3.527576E+00  3.402256E+00
  4.246364E+00  3.984249E+00  1.011948E+02  0.000000E+00  0.000000E+00
  0.000000E+00  1.011948E+02  0.000000E+00  0.000000E+00  0.000000E+00
  9.710936E+01 -1.274535E+01
     22000  1.100000E+01        52
  1.840664E+11  5.393015E+02 -5.709259E+05  1.129948E+05 -6.910192E+05
  0.000000E+00  0.000000E+00  0.000000E+00  0.000000E+00 -5.692523E+05
  0.000000E+00  2.971195E+03 -6.757952E+05  6.645695E+05  0.000000E+00
  0.000000E+00  0.000000E+00  0.000000E+00  1.001952E+06  2.562352E+00
  7.098452E+03  1.419690E+04  9.000000E+01  9.000000E+01  9.000000E+01
  0.000000E+00  1.971476E-01  1.840670E+11  8.203414E-01 -1.443292E-01
 -4.769529E-02 -1.443292E-01  1.091303E+00  2.598735E-03 -4.769529E-02
  2.598735E-03 -1.320201E+00  4.041285E+00  3.597236E+00  3.511157E+00
  4.350415E+00  4.083743E+00  1.014490E+02  0.000000E+00  0.000000E+00
  0.000000E+00  1.014490E+02  0.000000E+00  0.000000E+00  0.000000E+00
  9.735337E+01  1.249236E+02
     23000  1.150000E+01        52
  1.840664E+11  5.481691E+02 -5.709343E+05  1.127704E+05 -6.907935E+05
  0.000000E+00  0.000000E+00  0.000000E+00  0.000000E+00 -5.692332E+05
  0.000000E+00  3.470196E+03 -6.743998E+05  6.636923E+05  0.000000E+00
  0.000000E+00  0.000000E+00  0.000000E+00  1.011200E+06  2.614616E+00
  7.088842E+03  1.417768E+04  9.000000E+01  9.000000E+01  9.000000E+01
  0.000000E+00 -3.607627E-02  1.840670E+11  6.484819E-01  7.985337E-04
  1.717535E-01  7.985337E-04  1.032515E+00 -3.045782E-02  1.717535E-01
 -3.045782E-02 -1.789226E+00  4.161726E+00  3.715698E+00  3.639114E+00
  4.460905E+00  4.199871E+00  1.017602E+02  0.000000E+00  0.000000E+00
  0.000000E+00  1.017602E+02  0.000000E+00  0.000000E+00  0.000000E+00
  9.765198E+01 -2.307091E+01
     24000  1.200000E+01        52
  1.840664E+11  5.531138E+02 -5.710157E+05  1.125181E+05 -6.906004E+05
  0.000000E+00  0.000000E+00  0.000000E+00  0.000000E+00 -5.692992E+05
  0.000000E+00  3.640824E+03 -6.730765E+05  6.625840E+05  0.000000E+00
  0.000000E+00  0.000000E+00  0.000000E+00  1.024729E+06  2.698244E+00
  7.066651E+03  1.413330E+04  9.000000E+01  9.000000E+01  9.000000E+01
  0.000000E+00 -1.075842E-01  1.840670E+11 -3.016517E-02 -3.180887E-01
  1.787771E-01 -3.180887E-01  1.173287E+00 -1.039209E-01  1.787771E-01
 -1.039209E-01 -1.465875E+00  4.361200E+00  3.885264E+00  3.846820E+00
  4.667806E+00  4.403791E+00  1.022120E+02  0.000000E+00  0.000000E+00
  0.000000E+00  1.022120E+02  0.000000E+00  0.000000E+00  0.000000E+00
  9.808555E+01 -6.972102E+01
     25000  1.250000E+01        52
  1.840664E+11  5.509035E+02 -5.710935E+05  1.123793E+05 -6.905208E+05
  0.000000E+00  0.000000E+00  0.000000E+00  0.000000E+00 -5.693839E+05
  0.000000E+00  3.159206E+03 -6.724862E+05  6.615495E+05  0.000000E+00
  0.000000E+00  0.000000E+00  0.000000E+00  1.035600E+06  2.620850E+00
  7.047988E+03  1.409598E+04  9.000000E+01  9.000000E+01  9.000000E+01
  0.000000E+00  1.316882E-01  1.840670E+11  3.948131E-01 -1.514070E-01
  2.093275E-01 -1.514070E-01  1.328579E+00 -6.632911E-02  2.093275E-01
 -6.632911E-02 -1.328327E+00  4.577916E+00  4.087389E+00  4.041582E+00
  4.878813E+00  4.612532E+00  1.025722E+02  0.000000E+00  0.000000E+00
  0.000000E+00  1.025722E+02  0.000000E+00  0.000000E+00  0.000000E+00
  9.843119E+01  8.624723E+01
     26000  1.300000E+01        52
  1.840664E+11  5.496365E+02 -5.711886E+05  1.119230E+05 -6.901287E+05
  0.000000E+00  0.000000E+00  0.000000E+00  0.000000E+00 -5.694829E+05
  0.000000E+00  3.826827E+03 -6.700656E+05  6.598581E+05  0.000000E+00
  0.000000E+00  0.000000E+00  0.000000E+00  1.053800E+06  2.611115E+00
  7.017182E+03  1.403436E+04  9.000000E+01  9.000000E+01  9.000000E+01
  0.000000E+00 -2.084394E-01  1.840670E+11  3.722822E-01 -1.171567E-01
 -3.064800E-02 -1.171567E-01  6.123678E-01 -1.433625E-01 -3.064800E-02
 -1.433625E-01 -1.609968E+00  4.857262E+00  4.307537E+00  4.295658E+00
  5.161578E+00  4.887441E+00  1.031696E+02  0.000000E+00  0.000000E+00
  0.000000E+00  1.031696E+02  0.000000E+00  0.000000E+00  0.000000E+00
  9.900444E+01 -1.389133E+02
     27000  1.350000E+01        52
  1.840664E+11  5.488635E+02 -5.712465E+05  1.115416E+05 -6.897254E+05
  0.000000E+00  0.000000E+00  0.000000E+00  0.000000E+00 -5.695432E+05
  0.000000E+00  3.443846E+03 -6.680536E+05  6.576227E+05  0.000000E+00
  0.000000E+00  0.000000E+00  0.000000E+00  1.077749E+06  2.614280E+00
  6.937332E+03  1.387466E+04  9.000000E+01  9.000000E+01  9.000000E+01
  0.000000E+00 -1.885505E-02  1.840670E+11  5.895351E-01 -3.173994E-01
  1.294271E-02 -3.173994E-01  6.809761E-01  1.055590E-02  1.294271E-02
  1.055590E-02 -1.327076E+00  5.264756E+00  4.706689E+00  4.631697E+00
  5.550662E+00  5.274344E+00  1.039453E+02  0.000000E+00  0.000000E+00
  0.000000E+00  1.039453E+02  0.000000E+00  0.000000E+00  0.000000E+00
  9.974885E+01 -1.285143E+01
     28000  1.400000E+01        52
  1.840664E+11  5.492383E+02 -5.713537E+05  1.111089E+05 -6.893548E+05
  0.000000E+00  0.000000E+00  0.000000E+00  0.000000E+00 -5.696492E+05
  0.000000E+00  3.234299E+03 -6.656651E+05  6.551151E+05  0.000000E+00
  0.000000E+00  0.000000E+00  0.000000E+00  1.105794E+06  2.557484E+00
  6.892153E+03  1.378431E+04  9.000000E+01  9.000000E+01  9.000000E+01
  0.000000E+00  8.261135E-02  1.840670E+11  3.416441E-01  3.182566E-02
 -1.200689E-01  3.182566E-02  1.250819E+00  8.883603E-02 -1.200689E-01
  8.883603E-02 -1.344629E+00  5.744546E+00  5.123799E+00  4.994456E+00
  5.981881E+00  5.704842E+00  1.048392E+02  0.000000E+00  0.000000E+00
  0.000000E+00  1.048392E+02  0.000000E+00  0.000000E+00  0.000000E+00
  1.006067E+02  5.777237E+01
     29000  1.450000E+01        52
  1.840664E+11  5.485732E+02 -5.715119E+05  1.104075E+05 -6.887396E+05
  0.000000E+00  0.000000E+00  0.000000E+00  0.000000E+00 -5.698094E+05
  0.000000E+00  3.301133E+03 -6.620838E+05  6.517446E+05  0.000000E+00
  0.000000E+00  0.000000E+00  0.000000E+00  1.142229E+06  2.535204E+00
  6.820156E+03  1.364031E+04  9.000000E+01  9.000000E+01  9.000000E+01
  0.000000E+00  4.723235E-02  1.840670E+11  3.501383E-01 -1.418425E-01
 -8.882203E-02 -1.418425E-01  1.030378E+00  2.029231E-01 -8.882203E-02
  2.029231E-01 -1.238819E+00  6.241108E+00  5.605788E+00  5.483339E+00
  6.493005E+00  6.209904E+00  1.059782E+02  0.000000E+00  0.000000E+00
  0.000000E+00  1.059782E+02  0.000000E+00  0.000000E+00  0.000000E+00
  1.016997E+02  3.411918E+01
     30000  1.500000E+01        52
  1.840664E+11  5.483933E+02 -5.717872E+05  1.089524E+05 -6.874190E+05
  0.000000E+00  0.000000E+00  0.000000E+00  0.000000E+00 -5.700853E+05
  0.000000E+00  3.363580E+03 -6.542063E+05  6.442112E+05  0.000000E+00
  0.000000E+00  0.000000E+00  0.000000E+00  1.221195E+06  2.352362E+00
  6.679342E+03  1.335868E+04  9.000000E+01  9.000000E+01  9.000000E+01
  0.000000E+00  1.674378E-02  1.840670E+11  3.660816E-01 -6.616510E-02
 -1.674075E-01 -6.616510E-02  8.462619E-01 -3.573579E-02 -1.674075E-01
 -3.573579E-02 -1.162112E+00  7.065932E+00  6.429041E+00  6.293414E+00
  7.353544E+00  7.055261E+00  1.083662E+02  0.000000E+00  0.000000E+00
  0.000000E+00  1.083662E+02  0.000000E+00  0.000000E+00  0.000000E+00
  1.039913E+02  1.293137E+01
     31000  1.550000E+01        52
  1.840664E+11  5.732862E+02 -5.727417E+05  1.052893E+05 -6.844191E+05
  0.000000E+00  0.000000E+00  0.000000E+00  0.000000E+00 -5.709624E+05
  0.000000E+00  2.996131E+03 -6.336286E+05  6.238486E+05  0.000000E+00
  0.000000E+00  0.000000E+00  0.000000E+00  1.445914E+06  1.983993E+00
  6.388047E+03  1.277609E+04  9.000000E+01  9.000000E+01  9.000000E+01
  0.000000E+00  2.043850E-01  1.840670E+11  6.551437E-01 -2.068268E-01
  2.189867E-01 -2.068268E-01  9.678128E-01  1.330492E-01  2.189867E-01
  1.330492E-01 -1.009801E+00  8.836185E+00  8.121621E+00  7.945311E+00
  9.109765E+00  8.795277E+00  1.146427E+02  0.000000E+00  0.000000E+00
  0.000000E+00  1.146427E+02  0.000000E+00  0.000000E+00  0.000000E+00
  1.100144E+02  1.868950E+02
     32000  1.600000E+01        52
  1.840664E+11  5.585142E+02 -5.816435E+05  9.059477E+04 -6.782694E+05
  0.000000E+00  0.000000E+00  0.000000E+00  0.000000E+00 -5.799090E+05
  0.000000E+00 -2.973973E+03 -5.426554E+05  5.276190E+05  0.000000E+00
  0.000000E+00  0.000000E+00  0.000000E+00  3.037939E+06  5.103454E-01
  6.031184E+03  1.206237E+04  9.000000E+01  9.000000E+01  9.000000E+01
  0.000000E+00  1.117176E+00  1.840670E+11  8.556319E-01 -4.020080E-02
 -9.792268E-02 -4.020080E-02  1.339960E+00 -1.923312E-01 -9.792268E-02
 -1.923312E-01  1.155935E+00  1.580571E+01  1.421135E+01  1.386215E+01
  1.574391E+01  1.532145E+01  1.468336E+02  0.000000E+00  0.000000E+00
  0.000000E+00  1.468336E+02  0.000000E+00  0.000000E+00  0.000000E+00
  1.409056E+02  2.146380E+03
     33000  1.650000E+01        52
  1.840664E+11  3.917333E+02 -5.942949E+05  7.953919E+04 -6.802372E+05
  0.000000E+00  0.000000E+00  0.000000E+00  0.000000E+00 -5.930738E+05
  0.000000E+00 -5.961640E+02 -4.560780E+05  4.426756E+05  0.000000E+00
  0.000000E+00  0.000000E+00  0.000000E+00  9.304121E+06  2.217106E-01
  6.403114E+03  1.280623E+04  9.000000E+01  9.000000E+01  9.000000E+01
  0.000000E+00  1.714547E-01  1.840670E+11  1.644232E-01  7.084869E-03
  1.257465E-03  7.084869E-03  1.814356E-01 -5.084267E-02  1.257465E-03
 -5.084267E-02  1.685052E-01  2.896255E+01  2.368301E+01  2.329205E+01
  2.779890E+01  2.698384E+01  2.132345E+02  0.000000E+00  0.000000E+00
  0.000000E+00  2.132345E+02  0.000000E+00  0.000000E+00  0.000000E+00
  2.046258E+02  1.008860E+03
     34000  1.700000E+01        52
  1.840664E+11  4.689151E+02 -5.988886E+05  7.858288E+04 -6.843910E+05
  0.000000E+00  0.000000E+00  0.000000E+00  0.000000E+00 -5.974171E+05
  0.000000E+00  2.014360E+03 -4.368145E+05  4.249899E+05  0.000000E+00
  0.000000E+00  0.000000E+00  0.000000E+00  2.663492E+07  4.048165E-01
  6.919488E+03  1.383898E+04  9.000000E+01  9.000000E+01  9.000000E+01
  0.000000E+00  1.770930E-02  1.840670E+11  1.801090E-02  1.592553E-03
  1.001199E-03  1.592553E-03  1.779844E-02 -3.510184E-03  1.001199E-03
 -3.510184E-03  1.731855E-02  4.775774E+01  3.770045E+01  3.840128E+01
  4.557634E+01  4.431778E+01  3.027723E+02  0.000000E+00  0.000000E+00
  0.000000E+00  3.027723E+02  0.000000E+00  0.000000E+00  0.000000E+00
  2.905488E+02  2.983037E+02
     35000  1.750000E+01        52
  1.840664E+11  4.798188E+02 -6.005805E+05  7.900902E+04 -6.867775E+05
  0.000000E+00  0.000000E+00  0.000000E+00  0.000000E+00 -5.990465E+05
  0.000000E+00  2.654415E+03 -4.346057E+05  4.228843E+05  0.000000E+00
  0.000000E+00  0.000000E+00  0.000000E+00  7.205095E+07  6.926302E-01
  7.187899E+03  1.437580E+04  9.000000E+01  9.000000E+01  9.000000E+01
  0.000000E+00  2.359224E-03  1.840670E+11  3.966665E-03  3.698067E-04
 -1.540030E-03  3.698067E-04 -2.378802E-04 -1.282604E-03 -1.540030E-03
 -1.282604E-03  3.348887E-03  7.050937E+01  5.625134E+01  6.083462E+01
  6.867654E+01  6.694826E+01  4.218703E+02  0.000000E+00  0.000000E+00
  0.000000E+00  4.218703E+02  0.000000E+00  0.000000E+00  0.000000E+00
  4.048386E+02  1.075016E+02
