title: # Li56 La24 Zr16 O96                                                    
energy unitS: electron Volts
         0  0.000000E+00        52
 -5.376408E+05  1.000000E+03 -5.407429E+05  6.307024E+04 -6.038132E+05
  0.000000E+00  0.000000E+00  0.000000E+00  0.000000E+00 -5.376406E+05
  0.000000E+00  1.563293E+05 -4.473454E+05  6.036747E+05  0.000000E+00
  0.000000E+00  0.000000E+00  0.000000E+00  2.781571E+05  0.000000E+00
  0.000000E+00  0.000000E+00  9.000000E+01  9.000000E+01  9.000000E+01
  0.000000E+00 -2.844695E+02  0.000000E+00 -2.978421E+02 -4.015485E-02
  4.105647E-03 -4.015485E-02 -2.977910E+02  6.980197E-02  4.105647E-03
  6.980197E-02 -2.577755E+02  0.000000E+00  0.000000E+00  0.000000E+00
  0.000000E+00  0.000000E+00  6.618035E+01  0.000000E+00  0.000000E+00
  0.000000E+00  6.618035E+01  0.000000E+00  0.000000E+00  0.000000E+00
  6.350853E+01 -5.004168E+04
      1000  1.674490E-01        52
 -5.695252E+05  9.996511E+02 -5.726266E+05  1.125672E+05 -6.906085E+05
  0.000000E+00  0.000000E+00  0.000000E+00  0.000000E+00 -5.695254E+05
  0.000000E+00  6.552842E+03 -6.946314E+05  6.903550E+05  0.000000E+00
  0.000000E+00  0.000000E+00  0.000000E+00  2.773519E+05  1.218475E+00
  5.414591E+03  1.082918E+04  9.000000E+01  9.000000E+01  9.000000E+01
  0.000000E+00 -6.665566E-01  3.991774E-01 -2.008964E+01 -1.939823E-01
 -1.969309E-01 -1.939823E-01 -2.164144E+01  1.710941E+00 -1.969309E-01
  1.710941E+00  3.973141E+01  1.548027E+00  1.495336E-01  1.506871E-01
  7.371146E-01  7.835225E-01  6.611643E+01  0.000000E+00  0.000000E+00
  0.000000E+00  6.611643E+01  0.000000E+00  0.000000E+00  0.000000E+00
  6.344719E+01 -1.169161E+02
      2000  3.348980E-01        52
 -1.718221E+05  3.461044E+03 -5.431275E+05  9.454959E+04 -6.734072E+05
  0.000000E+00  0.000000E+00  0.000000E+00  0.000000E+00 -5.323907E+05
  0.000000E+00  1.523898E+05 -5.921008E+05  6.730305E+05  0.000000E+00
  0.000000E+00  0.000000E+00  0.000000E+00  3.037556E+05  4.853984E+03
  3.573007E+04  7.146014E+04  9.000000E+01  9.000000E+01  9.000000E+01
  0.000000E+00 -2.271659E+02  3.605689E+05 -2.245574E+02  4.187769E+01
  1.481670E+01  4.187769E+01 -2.712533E+02  8.353932E+00  1.481670E+01
  8.353932E+00 -1.856870E+02  1.990440E+00  5.478991E-01  5.448415E-01
  1.305388E+00  3.428037E+02  6.815124E+01  0.000000E+00  0.000000E+00
  0.000000E+00  6.815124E+01  0.000000E+00  0.000000E+00  0.000000E+00
  6.539985E+01 -4.363887E+04
      3000  5.023470E-01        52
  1.413008E+10  1.000000E+03 -5.461348E+05  9.057918E+04 -6.428841E+05
  0.000000E+00  0.000000E+00  0.000000E+00  0.000000E+00 -5.430323E+05
  0.000000E+00  1.395758E+05 -5.102680E+05  6.375038E+05  0.000000E+00
  0.000000E+00  0.000000E+00  0.000000E+00  6.096516E+05  3.390669E-02
  6.170054E+03  1.234011E+04  9.000000E+01  9.000000E+01  9.000000E+01
  0.000000E+00 -1.153066E+02  1.413062E+10 -1.203188E+02 -4.466421E-01
  6.616951E-01 -4.466421E-01 -1.209765E+02 -3.383927E-01  6.616951E-01
 -3.383927E-01 -1.046245E+02  3.527957E+00  6.669382E-01  6.112977E-01
  2.620986E+00  4.460848E+03  8.596591E+01  0.000000E+00  0.000000E+00
  0.000000E+00  8.596591E+01  0.000000E+00  0.000000E+00  0.000000E+00
  8.249531E+01 -4.445719E+04
      4000  6.697960E-01        52
  1.413044E+10  1.066195E+03 -5.474829E+05  9.591858E+04 -6.527172E+05
  0.000000E+00  0.000000E+00  0.000000E+00  0.000000E+00 -5.441749E+05
  0.000000E+00  1.123010E+05 -5.476602E+05  6.413298E+05  0.000000E+00
  0.000000E+00  0.000000E+00  0.000000E+00  7.812280E+05  1.360928E+02
  9.315717E+03  1.863143E+04  9.000000E+01  9.000000E+01  9.000000E+01
  0.000000E+00 -7.130376E+01  1.413099E+10 -7.466413E+01  2.425907E+00
 -2.083758E+00  2.425907E+00 -6.990878E+01 -2.474013E+00 -2.083758E+00
 -2.474013E+00 -6.933837E+01  5.002016E+00  1.312559E+00  1.068231E+00
  4.921618E+00  5.377298E+03  9.337378E+01  0.000000E+00  0.000000E+00
  0.000000E+00  9.337378E+01  0.000000E+00  0.000000E+00  0.000000E+00
  8.960411E+01 -3.522867E+04
      5000  8.372450E-01        52
  1.413043E+10  1.029429E+03 -5.565992E+05  1.115858E+05 -6.760373E+05
  0.000000E+00  0.000000E+00  0.000000E+00  0.000000E+00 -5.534053E+05
  0.000000E+00  3.993075E+04 -6.404765E+05  6.647027E+05  0.000000E+00
  0.000000E+00  0.000000E+00  0.000000E+00  7.778750E+05  6.252282E+01
  7.852292E+03  1.570458E+04  9.000000E+01  9.000000E+01  9.000000E+01
  0.000000E+00 -2.272880E+01  1.413099E+10 -2.300488E+01  1.193718E+00
  1.368601E+00  1.193718E+00 -1.944138E+01  5.570277E-01  1.368601E+00
  5.570277E-01 -2.574015E+01  6.463930E+00  2.743585E+00  2.065467E+00
  8.132052E+00  5.378691E+03  9.324000E+01  0.000000E+00  0.000000E+00
  0.000000E+00  9.324000E+01  0.000000E+00  0.000000E+00  0.000000E+00
  8.947573E+01 -1.118130E+04
      6000  1.004694E+00        52
  1.419303E+10  1.000000E+03 -5.323195E+05  1.104469E+05 -6.781379E+05
  0.000000E+00  0.000000E+00  0.000000E+00  0.000000E+00 -5.292168E+05
  0.000000E+00  9.754253E+04 -6.392095E+05  6.660089E+05  0.000000E+00
  0.000000E+00  0.000000E+00  0.000000E+00  7.946904E+05  5.917692E-01
  3.537156E+04  7.074313E+04  9.000000E+01  9.000000E+01  9.000000E+01
  0.000000E+00 -6.057976E+01  1.419356E+10 -5.781521E+01  2.885458E+01
 -2.189173E+01  2.885458E+01 -7.122596E+01  3.240373E+01 -2.189173E+01
  3.240373E+01 -5.269811E+01  7.364428E+00  3.763166E+00  2.772038E+00
  1.196533E+01  5.436774E+03  9.390708E+01  0.000000E+00  0.000000E+00
  0.000000E+00  9.390708E+01  0.000000E+00  0.000000E+00  0.000000E+00
  9.011588E+01 -3.044609E+04
      7000  1.172143E+00        52
  1.419323E+10  3.046101E+03 -4.055858E+05  8.804162E+04 -6.525531E+05
  0.000000E+00  0.000000E+00  0.000000E+00  0.000000E+00 -3.961357E+05
  0.000000E+00  4.214819E+05 -5.226178E+05  6.262483E+05  0.000000E+00
  0.000000E+00  0.000000E+00  0.000000E+00  1.073587E+06  4.093221E+03
  1.589257E+05  3.178514E+05  9.000000E+01  9.000000E+01  9.000000E+01
  0.000000E+00 -1.976473E+02  1.419362E+10 -1.711322E+02  8.266428E+01
 -7.332481E+01  8.266428E+01 -2.210857E+02  2.448668E+01 -7.332481E+01
  2.448668E+01 -2.007240E+02  8.364935E+00  4.651392E+00  3.557294E+00
  1.479493E+01  6.755532E+03  1.038113E+02  0.000000E+00  0.000000E+00
  0.000000E+00  1.038113E+02  0.000000E+00  0.000000E+00  0.000000E+00
  9.962029E+01 -1.341944E+05
      8000  1.339592E+00        52
  1.419319E+10  1.000781E+03 -5.592882E+05  1.101472E+05 -6.762177E+05
  0.000000E+00  0.000000E+00  0.000000E+00  0.000000E+00 -5.561830E+05
  0.000000E+00  2.268036E+04 -6.368968E+05  6.460126E+05  0.000000E+00
  0.000000E+00  0.000000E+00  0.000000E+00  1.125655E+06  1.137939E+00
  6.782266E+03  1.356453E+04  9.000000E+01  9.000000E+01  9.000000E+01
  0.000000E+00 -7.712477E+00  1.419374E+10 -7.729965E+00  7.438653E-01
 -2.494393E+00  7.438653E-01 -8.125768E+00 -5.981771E-01 -2.494393E+00
 -5.981771E-01 -7.281699E+00  9.669728E+00  5.875101E+00  4.623299E+00
  1.819398E+01  6.958225E+03  1.054632E+02  0.000000E+00  0.000000E+00
  0.000000E+00  1.054632E+02  0.000000E+00  0.000000E+00  0.000000E+00
  1.012054E+02 -5.490418E+03
      9000  1.507041E+00        52
  1.419328E+10  1.000000E+03 -5.609762E+05  1.117425E+05 -6.800507E+05
  0.000000E+00  0.000000E+00  0.000000E+00  0.000000E+00 -5.578733E+05
  0.000000E+00  1.566059E+04 -6.471404E+05  6.481369E+05  0.000000E+00
  0.000000E+00  0.000000E+00  0.000000E+00  1.139452E+06  2.199792E-02
  7.332069E+03  1.466414E+04  9.000000E+01  9.000000E+01  9.000000E+01
  0.000000E+00 -4.374207E+00  1.419384E+10 -4.810183E+00 -1.449410E-01
  1.195411E+00 -1.449410E-01 -4.097318E+00 -1.265201E+00  1.195411E+00
 -1.265201E+00 -4.215120E+00  1.043533E+01  6.780252E+00  5.346728E+00
  2.365881E+01  7.169473E+03  1.058923E+02  0.000000E+00  0.000000E+00
  0.000000E+00  1.058923E+02  0.000000E+00  0.000000E+00  0.000000E+00
  1.016172E+02 -3.152111E+03
     10000  1.674490E+00        52
  1.419329E+10  1.000252E+03 -5.621295E+05  1.122093E+05 -6.819063E+05
  0.000000E+00  0.000000E+00  0.000000E+00  0.000000E+00 -5.590258E+05
  0.000000E+00  1.015765E+04 -6.517051E+05  6.467277E+05  0.000000E+00
  0.000000E+00  0.000000E+00  0.000000E+00  1.179502E+06  1.826063E-01
  7.567554E+03  1.513511E+04  9.000000E+01  9.000000E+01  9.000000E+01
  0.000000E+00 -1.765922E+00  1.419385E+10 -1.448055E+00  8.377796E-01
 -1.082992E-01  8.377796E-01  2.943181E+00  1.756192E+00 -1.082992E-01
  1.756192E+00 -6.792893E+00  1.148705E+01  7.898319E+00  6.287009E+00
  3.038761E+01  7.274924E+03  1.071187E+02  0.000000E+00  0.000000E+00
  0.000000E+00  1.071187E+02  0.000000E+00  0.000000E+00  0.000000E+00
  1.027941E+02 -1.317275E+03
     11000  1.841939E+00        52
  1.500974E+10  1.000771E+03 -5.629828E+05  1.140686E+05 -6.845843E+05
  0.000000E+00  0.000000E+00  0.000000E+00  0.000000E+00 -5.598775E+05
  0.000000E+00  2.158464E+03 -6.617353E+05  6.488280E+05  0.000000E+00
  0.000000E+00  0.000000E+00  0.000000E+00  1.179228E+06  6.169470E-01
  7.532902E+03  1.506580E+04  9.000000E+01  9.000000E+01  9.000000E+01
  0.000000E+00  1.810472E+00  1.501030E+10  5.075467E+00 -1.572309E+00
 -7.122892E-01 -1.572309E+00  2.516229E+00  1.507516E+00 -7.122892E-01
  1.507516E+00 -2.160279E+00  1.219737E+01  8.620054E+00  6.896967E+00
  3.523155E+01  7.285866E+03  1.071104E+02  0.000000E+00  0.000000E+00
  0.000000E+00  1.071104E+02  0.000000E+00  0.000000E+00  0.000000E+00
  1.027861E+02  1.350192E+03
     12000  2.009388E+00        52
  1.500974E+10  1.000000E+03 -5.635634E+05  1.138334E+05 -6.852410E+05
  0.000000E+00  0.000000E+00  0.000000E+00  0.000000E+00 -5.604605E+05
  0.000000E+00 -1.164572E+03 -6.627116E+05  6.458585E+05  0.000000E+00
  0.000000E+00  0.000000E+00  0.000000E+00  1.222648E+06  3.188013E-02
  7.844239E+03  1.568848E+04  9.000000E+01  9.000000E+01  9.000000E+01
  0.000000E+00  3.176652E+00  1.501030E+10  5.447619E+00 -1.952297E+00
 -8.655107E-01 -1.952297E+00  4.988861E+00  1.102994E+00 -8.655107E-01
  1.102994E+00 -9.065228E-01  1.321502E+01  9.678559E+00  7.882278E+00
  4.534499E+01  7.445980E+03  1.084092E+02  0.000000E+00  0.000000E+00
  0.000000E+00  1.084092E+02  0.000000E+00  0.000000E+00  0.000000E+00
  1.040325E+02  2.456277E+03
     13000  2.176837E+00        52
  1.500974E+10  1.030220E+03 -5.616215E+05  1.136391E+05 -6.854686E+05
  0.000000E+00  0.000000E+00  0.000000E+00  0.000000E+00 -5.584249E+05
  0.000000E+00  3.751222E+03 -6.622476E+05  6.455828E+05  0.000000E+00
  0.000000E+00  0.000000E+00  0.000000E+00  1.225083E+06  7.123108E+01
  1.020801E+04  2.041602E+04  9.000000E+01  9.000000E+01  9.000000E+01
  0.000000E+00  1.136051E+00  1.501030E+10  7.723350E-01  1.810334E-01
  4.865449E-01  1.810334E-01  2.871279E+00  2.225013E+00  4.865449E-01
  2.225013E+00 -2.354603E-01  1.375094E+01  1.018852E+01  8.359941E+00
  5.159492E+01  7.473396E+03  1.084811E+02  0.000000E+00  0.000000E+00
  0.000000E+00  1.084811E+02  0.000000E+00  0.000000E+00  0.000000E+00
  1.041015E+02  8.801758E+02
     14000  2.344286E+00        52
  1.500974E+10  1.000917E+03 -5.644671E+05  1.139069E+05 -6.861678E+05
  0.000000E+00  0.000000E+00  0.000000E+00  0.000000E+00 -5.613614E+05
  0.000000E+00 -2.700539E+03 -6.641230E+05  6.458349E+05  0.000000E+00
  0.000000E+00  0.000000E+00  0.000000E+00  1.226355E+06  4.230387E+00
  7.793743E+03  1.558749E+04  9.000000E+01  9.000000E+01  9.000000E+01
  0.000000E+00  3.829640E+00  1.501030E+10  6.088441E+00  3.370072E+00
 -9.705484E-01  3.370072E+00  6.082295E+00 -2.427444E-01 -9.705484E-01
 -2.427444E-01 -6.818155E-01  1.431177E+01  1.068658E+01  8.825887E+00
  5.740684E+01  7.484663E+03  1.085186E+02  0.000000E+00  0.000000E+00
  0.000000E+00  1.085186E+02  0.000000E+00  0.000000E+00  0.000000E+00
  1.041376E+02  2.970162E+03
     15000  2.511735E+00        52
  1.500974E+10  1.000000E+03 -5.651388E+05  1.144202E+05 -6.874080E+05
  0.000000E+00  0.000000E+00  0.000000E+00  0.000000E+00 -5.620359E+05
  0.000000E+00 -5.822137E+03 -6.681051E+05  6.465850E+05  0.000000E+00
  0.000000E+00  0.000000E+00  0.000000E+00  1.227298E+06  2.138268E-02
  7.848982E+03  1.569796E+04  9.000000E+01  9.000000E+01  9.000000E+01
  0.000000E+00  5.164855E+00  1.501030E+10  8.299235E+00  9.538550E-01
 -1.627268E+00  9.538550E-01  4.816729E+00  7.609120E-01 -1.627268E+00
  7.609120E-01  2.378602E+00  1.539197E+01  1.165524E+01  9.749982E+00
  6.659091E+01  7.496131E+03  1.085465E+02  0.000000E+00  0.000000E+00
  0.000000E+00  1.085465E+02  0.000000E+00  0.000000E+00  0.000000E+00
  1.041643E+02  4.008799E+03
     16000  2.679184E+00        52
  1.500974E+10  1.000570E+03 -5.656114E+05  1.133801E+05 -6.863651E+05
  0.000000E+00  0.000000E+00  0.000000E+00  0.000000E+00 -5.625067E+05
  0.000000E+00 -5.210576E+03 -6.626791E+05  6.427214E+05  0.000000E+00
  0.000000E+00  0.000000E+00  0.000000E+00  1.266917E+06  7.288046E-01
  7.373528E+03  1.474706E+04  9.000000E+01  9.000000E+01  9.000000E+01
  0.000000E+00  4.750383E+00  1.501030E+10  7.953407E+00  3.605670E+00
  5.121568E-01  3.605670E+00  6.172684E+00  8.882589E-01  5.121568E-01
  8.882589E-01  1.250591E-01  1.603239E+01  1.217104E+01  1.025662E+01
  7.378524E+01  7.570229E+03  1.097021E+02  0.000000E+00  0.000000E+00
  0.000000E+00  1.097021E+02  0.000000E+00  0.000000E+00  0.000000E+00
  1.052733E+02  3.806124E+03
     17000  2.846633E+00        52
  1.500974E+10  1.000793E+03 -5.657837E+05  1.136295E+05 -6.871215E+05
  0.000000E+00  0.000000E+00  0.000000E+00  0.000000E+00 -5.626783E+05
  0.000000E+00 -6.686398E+03 -6.649593E+05  6.428562E+05  0.000000E+00
  0.000000E+00  0.000000E+00  0.000000E+00  1.269475E+06  8.720252E-01
  7.708332E+03  1.541666E+04  9.000000E+01  9.000000E+01  9.000000E+01
  0.000000E+00  5.354136E+00  1.501030E+10  4.113582E+00  5.021575E-01
  3.374737E-01  5.021575E-01  7.980279E+00  4.094945E+00  3.374737E-01
  4.094945E+00  3.968548E+00  1.635568E+01  1.248114E+01  1.060052E+01
  7.761159E+01  7.584681E+03  1.097759E+02  0.000000E+00  0.000000E+00
  0.000000E+00  1.097759E+02  0.000000E+00  0.000000E+00  0.000000E+00
  1.053441E+02  4.298527E+03
     18000  3.014082E+00        52
  1.500974E+10  1.000000E+03 -5.661843E+05  1.117961E+05 -6.856811E+05
  0.000000E+00  0.000000E+00  0.000000E+00  0.000000E+00 -5.630813E+05
  0.000000E+00 -3.136950E+03 -6.556756E+05  6.371373E+05  0.000000E+00
  0.000000E+00  0.000000E+00  0.000000E+00  1.327847E+06  2.991816E-02
  7.700636E+03  1.540127E+04  9.000000E+01  9.000000E+01  9.000000E+01
  0.000000E+00  3.707899E+00  1.501031E+10  8.183755E+00 -1.510556E+00
 -5.757655E-01 -1.510556E+00  3.451418E+00  7.462584E-01 -5.757655E-01
  7.462584E-01 -5.114767E-01  1.701114E+01  1.291974E+01  1.105492E+01
  8.302438E+01  7.815160E+03  1.114333E+02  0.000000E+00  0.000000E+00
  0.000000E+00  1.114333E+02  0.000000E+00  0.000000E+00  0.000000E+00
  1.069345E+02  3.113736E+03
     19000  3.181531E+00        52
  1.500974E+10  9.932926E+02 -5.664841E+05  1.128587E+05 -6.871069E+05
  0.000000E+00  0.000000E+00  0.000000E+00  0.000000E+00 -5.634019E+05
  0.000000E+00 -8.372894E+03 -6.617868E+05  6.378857E+05  0.000000E+00
  0.000000E+00  0.000000E+00  0.000000E+00  1.329372E+06  2.389365E+00
  7.764111E+03  1.552822E+04  9.000000E+01  9.000000E+01  9.000000E+01
  0.000000E+00  5.763114E+00  1.501031E+10  8.318525E+00  1.293591E+00
  2.557564E+00  1.293591E+00  5.307613E+00  1.286067E+00  2.557564E+00
  1.286067E+00  3.663204E+00  1.828853E+01  1.373699E+01  1.180991E+01
  9.099359E+01  7.849110E+03  1.114760E+02  0.000000E+00  0.000000E+00
  0.000000E+00  1.114760E+02  0.000000E+00  0.000000E+00  0.000000E+00
  1.069755E+02  4.845180E+03
     20000  3.348980E+00        52
  1.501005E+10  1.022427E+03 -5.662792E+05  1.112409E+05 -6.855278E+05
  0.000000E+00  0.000000E+00  0.000000E+00  0.000000E+00 -5.631066E+05
  0.000000E+00 -6.172088E+03 -6.531180E+05  6.309303E+05  0.000000E+00
  0.000000E+00  0.000000E+00  0.000000E+00  1.400186E+06  4.856243E+01
  8.007791E+03  1.601558E+04  9.000000E+01  9.000000E+01  9.000000E+01
  0.000000E+00  4.711233E+00  1.501061E+10  6.540276E+00 -1.353955E+00
 -4.028251E-01 -1.353955E+00  6.211429E+00  7.669108E-01 -4.028251E-01
  7.669108E-01  1.381996E+00  2.251232E+01  1.440096E+01  1.246678E+01
  9.540885E+01  8.085539E+03  1.134212E+02  0.000000E+00  0.000000E+00
  0.000000E+00  1.134212E+02  0.000000E+00  0.000000E+00  0.000000E+00
  1.088422E+02  4.171829E+03
     21000  3.516429E+00        52
  1.501005E+10  1.000000E+03 -5.670988E+05  1.119949E+05 -6.867340E+05
  0.000000E+00  0.000000E+00  0.000000E+00  0.000000E+00 -5.639958E+05
  0.000000E+00 -1.115166E+04 -6.579596E+05  6.315273E+05  0.000000E+00
  0.000000E+00  0.000000E+00  0.000000E+00  1.402519E+06  2.544052E-02
  7.640346E+03  1.528069E+04  9.000000E+01  9.000000E+01  9.000000E+01
  0.000000E+00  6.522462E+00  1.501061E+10  7.837197E+00  8.873439E-01
 -2.061155E+00  8.873439E-01  6.500109E+00 -4.856521E-01 -2.061155E+00
 -4.856521E-01  5.230081E+00  2.524011E+01  1.491910E+01  1.299777E+01
  1.000016E+02  8.095503E+03  1.134842E+02  0.000000E+00  0.000000E+00
  0.000000E+00  1.134842E+02  0.000000E+00  0.000000E+00  0.000000E+00
  1.089026E+02  5.785306E+03
     22000  3.683878E+00        52
  1.501006E+10  9.998084E+02 -5.673557E+05  1.076834E+05 -6.819770E+05
  0.000000E+00  0.000000E+00  0.000000E+00  0.000000E+00 -5.642532E+05
  0.000000E+00  2.084212E+03 -6.296748E+05  6.178831E+05  0.000000E+00
  0.000000E+00  0.000000E+00  0.000000E+00  1.543210E+06  2.823767E-01
  6.937943E+03  1.387589E+04  9.000000E+01  9.000000E+01  9.000000E+01
  0.000000E+00  1.406775E+00  1.501062E+10  1.207211E+00 -8.939564E-01
 -1.498101E-02 -8.939564E-01  5.902900E+00 -2.708601E-01 -1.498101E-02
 -2.708601E-01 -2.889787E+00  2.566800E+01  1.519343E+01  1.328969E+01
  1.042064E+02  8.457604E+03  1.171586E+02  0.000000E+00  0.000000E+00
  0.000000E+00  1.171586E+02  0.000000E+00  0.000000E+00  0.000000E+00
  1.124286E+02  1.372953E+03
     23000  3.851327E+00        52
  1.501007E+10  1.655606E+03 -5.571482E+05  1.104618E+05 -6.860302E+05
  0.000000E+00  0.000000E+00  0.000000E+00  0.000000E+00 -5.520113E+05
  0.000000E+00  6.684815E+03 -6.502703E+05  6.201147E+05  0.000000E+00
  0.000000E+00  0.000000E+00  0.000000E+00  1.545557E+06  1.308193E+03
  1.842020E+04  3.684039E+04  9.000000E+01  9.000000E+01  9.000000E+01
  0.000000E+00  1.223259E+00  1.501062E+10  3.636698E+00 -2.926179E+00
  7.714592E+00 -2.926179E+00  3.331301E+00  9.354778E+00  7.714592E+00
  9.354778E+00 -3.298221E+00  2.717372E+01  1.616226E+01  1.428118E+01
  1.132009E+02  8.552018E+03  1.172179E+02  0.000000E+00  0.000000E+00
  0.000000E+00  1.172179E+02  0.000000E+00  0.000000E+00  0.000000E+00
  1.124856E+02  1.195665E+03
     24000  4.018776E+00        52
  1.501006E+10  1.000000E+03 -5.686780E+05  1.100626E+05 -6.861652E+05
  0.000000E+00  0.000000E+00  0.000000E+00  0.000000E+00 -5.655749E+05
  0.000000E+00 -1.386189E+04 -6.480437E+05  6.193327E+05  0.000000E+00
  0.000000E+00  0.000000E+00  0.000000E+00  1.550593E+06  2.420522E-02
  7.424531E+03  1.484906E+04  9.000000E+01  9.000000E+01  9.000000E+01
  0.000000E+00  6.820857E+00  1.501062E+10  6.251843E+00 -2.369316E-01
  1.071932E-01 -2.369316E-01  1.110612E+01  1.818580E+00  1.071932E-01
  1.818580E+00  3.104607E+00  2.768790E+01  1.645282E+01  1.457868E+01
  1.165907E+02  8.567327E+03  1.173451E+02  0.000000E+00  0.000000E+00
  0.000000E+00  1.173451E+02  0.000000E+00  0.000000E+00  0.000000E+00
  1.126077E+02  6.688715E+03
     25000  4.186225E+00        52
  1.501006E+10  1.005036E+03 -5.688874E+05  1.106114E+05 -6.872413E+05
  0.000000E+00  0.000000E+00  0.000000E+00  0.000000E+00 -5.657687E+05
  0.000000E+00 -1.696782E+04 -6.518054E+05  6.193525E+05  0.000000E+00
  0.000000E+00  0.000000E+00  0.000000E+00  1.553486E+06  1.159199E+01
  7.742539E+03  1.548508E+04  9.000000E+01  9.000000E+01  9.000000E+01
  0.000000E+00  7.872553E+00  1.501062E+10  9.947089E+00  3.382563E-02
  1.451663E+00  3.382563E-02  7.730248E+00  5.774514E-01  1.451663E+00
  5.774514E-01  5.940324E+00  2.887518E+01  1.737465E+01  1.553204E+01
  1.258387E+02  8.583069E+03  1.174180E+02  0.000000E+00  0.000000E+00
  0.000000E+00  1.174180E+02  0.000000E+00  0.000000E+00  0.000000E+00
  1.126776E+02  7.734441E+03
     26000  4.353674E+00        52
  1.501007E+10  1.000261E+03 -5.697784E+05  1.076367E+05 -6.843116E+05
  0.000000E+00  0.000000E+00  0.000000E+00  0.000000E+00 -5.666744E+05
  0.000000E+00 -1.714650E+04 -6.379460E+05  6.070067E+05  0.000000E+00
  0.000000E+00  0.000000E+00  0.000000E+00  1.690661E+06  2.468071E+00
  6.896419E+03  1.379284E+04  9.000000E+01  9.000000E+01  9.000000E+01
  0.000000E+00  7.280267E+00  1.501063E+10  1.128025E+01 -2.044562E-01
 -6.975040E-03 -2.044562E-01  6.847070E+00  2.958923E-01 -6.975040E-03
  2.958923E-01  3.713480E+00  3.023649E+01  1.841472E+01  1.659997E+01
  1.347650E+02  8.872139E+03  1.207771E+02  0.000000E+00  0.000000E+00
  0.000000E+00  1.207771E+02  0.000000E+00  0.000000E+00  0.000000E+00
  1.159011E+02  7.784127E+03
     27000  4.521123E+00        52
  1.501007E+10  1.000000E+03 -5.702568E+05  1.091223E+05 -6.866885E+05
  0.000000E+00  0.000000E+00  0.000000E+00  0.000000E+00 -5.671536E+05
  0.000000E+00 -2.139212E+04 -6.443393E+05  6.083283E+05  0.000000E+00
  0.000000E+00  0.000000E+00  0.000000E+00  1.694456E+06  2.743785E-02
  7.309409E+03  1.461882E+04  9.000000E+01  9.000000E+01  9.000000E+01
  0.000000E+00  8.584096E+00  1.501063E+10  8.616239E+00 -3.442590E-01
 -5.865253E-01 -3.442590E-01  1.024700E+01  1.634638E+00 -5.865253E-01
  1.634638E+00  6.889051E+00  3.065059E+01  1.883122E+01  1.705206E+01
  1.400693E+02  8.920495E+03  1.208674E+02  0.000000E+00  0.000000E+00
  0.000000E+00  1.208674E+02  0.000000E+00  0.000000E+00  0.000000E+00
  1.159877E+02  9.198793E+03
     28000  4.688572E+00        52
  1.501007E+10  1.000217E+03 -5.705990E+05  1.097770E+05 -6.878725E+05
  0.000000E+00  0.000000E+00  0.000000E+00  0.000000E+00 -5.674951E+05
  0.000000E+00 -2.477264E+04 -6.482761E+05  6.085103E+05  0.000000E+00
  0.000000E+00  0.000000E+00  0.000000E+00  1.699044E+06  1.642709E-01
  7.496560E+03  1.499312E+04  9.000000E+01  9.000000E+01  9.000000E+01
  0.000000E+00  9.610035E+00  1.501063E+10  1.151500E+01  2.102393E+00
  8.344877E-02  2.102393E+00  1.090380E+01 -8.791345E-02  8.344877E-02
 -8.791345E-02  6.411304E+00  3.115242E+01  1.926409E+01  1.748965E+01
  1.464515E+02  8.934346E+03  1.209764E+02  0.000000E+00  0.000000E+00
  0.000000E+00  1.209764E+02  0.000000E+00  0.000000E+00  0.000000E+00
  1.160923E+02  1.032608E+04
     29000  4.856021E+00        52
  1.501007E+10  9.990028E+02 -5.709541E+05  1.100185E+05 -6.885599E+05
  0.000000E+00  0.000000E+00  0.000000E+00  0.000000E+00 -5.678540E+05
  0.000000E+00 -2.663971E+04 -6.500279E+05  6.082136E+05  0.000000E+00
  0.000000E+00  0.000000E+00  0.000000E+00  1.703317E+06  2.778959E+00
  7.587309E+03  1.517462E+04  9.000000E+01  9.000000E+01  9.000000E+01
  0.000000E+00  1.016134E+01  1.501063E+10  1.006027E+01  3.724377E-01
 -2.120780E-01  3.724377E-01  1.047028E+01 -5.072451E-01 -2.120780E-01
 -5.072451E-01  9.953462E+00  3.209872E+01  2.014995E+01  1.842080E+01
  1.600728E+02  8.949223E+03  1.210777E+02  0.000000E+00  0.000000E+00
  0.000000E+00  1.210777E+02  0.000000E+00  0.000000E+00  0.000000E+00
  1.161896E+02  1.094593E+04
     30000  5.023470E+00        52
  1.501007E+10  1.000000E+03 -5.712618E+05  1.105130E+05 -6.893830E+05
  0.000000E+00  0.000000E+00  0.000000E+00  0.000000E+00 -5.681586E+05
  0.000000E+00 -2.945820E+04 -6.531674E+05  6.084928E+05  0.000000E+00
  0.000000E+00  0.000000E+00  0.000000E+00  1.708024E+06  2.374648E-02
  7.608238E+03  1.521648E+04  9.000000E+01  9.000000E+01  9.000000E+01
  0.000000E+00  1.100500E+01  1.501063E+10  1.265349E+01  9.330480E-01
  1.215301E+00  9.330480E-01  1.091880E+01  1.212825E+00  1.215301E+00
  1.212825E+00  9.442703E+00  3.357788E+01  2.139711E+01  1.966741E+01
  1.774645E+02  8.967382E+03  1.211891E+02  0.000000E+00  0.000000E+00
  0.000000E+00  1.211891E+02  0.000000E+00  0.000000E+00  0.000000E+00
  1.162965E+02  1.188749E+04
     31000  5.190919E+00        52
  1.501007E+10  1.000216E+03 -5.717150E+05  1.101466E+05 -6.894015E+05
  0.000000E+00  0.000000E+00  0.000000E+00  0.000000E+00 -5.686111E+05
  0.000000E+00 -2.984211E+04 -6.515242E+05  6.066021E+05  0.000000E+00
  0.000000E+00  0.000000E+00  0.000000E+00  1.727128E+06  9.984356E-02
  7.539961E+03  1.507992E+04  9.000000E+01  9.000000E+01  9.000000E+01
  0.000000E+00  1.100084E+01  1.501063E+10  1.204901E+01  1.192126E+00
  7.189318E-01  1.192126E+00  1.115209E+01  1.066178E+00  7.189318E-01
  1.066178E+00  9.801428E+00  3.383863E+01  2.159046E+01  1.988244E+01
  1.870051E+02  9.003527E+03  1.216393E+02  0.000000E+00  0.000000E+00
  0.000000E+00  1.216393E+02  0.000000E+00  0.000000E+00  0.000000E+00
  1.167285E+02  1.201590E+04
     32000  5.358368E+00        52
  1.501007E+10  1.439108E+03 -5.716607E+05  1.101193E+05 -6.895659E+05
  0.000000E+00  0.000000E+00  0.000000E+00  0.000000E+00 -5.671953E+05
  0.000000E+00 -3.018035E+04 -6.515559E+05  6.058039E+05  0.000000E+00
  0.000000E+00  0.000000E+00  0.000000E+00  1.732197E+06  8.296006E+02
  7.785843E+03  1.557169E+04  9.000000E+01  9.000000E+01  9.000000E+01
  0.000000E+00  1.190013E+01  1.501063E+10  1.390305E+01  3.965026E-01
 -6.706625E-01  3.965026E-01  1.293575E+01 -9.628263E-01 -6.706625E-01
 -9.628263E-01  8.861582E+00  3.426949E+01  2.189248E+01  2.018746E+01
  1.972133E+02  9.006230E+03  1.217582E+02  0.000000E+00  0.000000E+00
  0.000000E+00  1.217582E+02  0.000000E+00  0.000000E+00  0.000000E+00
  1.168426E+02  1.303632E+04
     33000  5.525817E+00        52
  1.501008E+10  1.000000E+03 -5.729508E+05  1.071708E+05 -6.874150E+05
  0.000000E+00  0.000000E+00  0.000000E+00  0.000000E+00 -5.698474E+05
  0.000000E+00 -3.090328E+04 -6.347909E+05  5.893009E+05  0.000000E+00
  0.000000E+00  0.000000E+00  0.000000E+00  1.966855E+06  3.306426E-02
  7.293366E+03  1.458673E+04  9.000000E+01  9.000000E+01  9.000000E+01
  0.000000E+00  9.944033E+00  1.501065E+10  1.002256E+01  3.887205E-01
  7.736058E-02  3.887205E-01  1.177398E+01 -7.444036E-01  7.736058E-02
 -7.444036E-01  8.035561E+00  3.529961E+01  2.284880E+01  2.115352E+01
  2.040918E+02  9.821748E+03  1.270252E+02  0.000000E+00  0.000000E+00
  0.000000E+00  1.270252E+02  0.000000E+00  0.000000E+00  0.000000E+00
  1.218969E+02  1.236918E+04
     34000  5.693266E+00        52
  1.501020E+10  1.000042E+03 -5.737053E+05  1.071936E+05 -6.882569E+05
  0.000000E+00  0.000000E+00  0.000000E+00  0.000000E+00 -5.706018E+05
  0.000000E+00 -3.173880E+04 -6.354934E+05  5.890385E+05  0.000000E+00
  0.000000E+00  0.000000E+00  0.000000E+00  1.972309E+06  1.236937E-01
  7.358060E+03  1.471612E+04  9.000000E+01  9.000000E+01  9.000000E+01
  0.000000E+00  1.013989E+01  1.501077E+10  9.525103E+00 -3.327129E-01
  4.213244E-02 -3.327129E-01  1.256637E+01 -1.682713E+00  4.213244E-02
 -1.682713E+00  8.328197E+00  3.602460E+01  2.340016E+01  2.172633E+01
  2.097315E+02  9.852327E+03  1.271425E+02  0.000000E+00  0.000000E+00
  0.000000E+00  1.271425E+02  0.000000E+00  0.000000E+00  0.000000E+00
  1.220095E+02  1.264777E+04
     35000  5.860715E+00        52
  1.501020E+10  1.000065E+03 -5.740516E+05  1.076524E+05 -6.891253E+05
  0.000000E+00  0.000000E+00  0.000000E+00  0.000000E+00 -5.709481E+05
  0.000000E+00 -3.460995E+04 -6.383659E+05  5.889134E+05  0.000000E+00
  0.000000E+00  0.000000E+00  0.000000E+00  1.977828E+06  4.523470E-01
  7.421270E+03  1.484254E+04  9.000000E+01  9.000000E+01  9.000000E+01
  0.000000E+00  1.087677E+01  1.501077E+10  1.082602E+01 -6.433586E-01
  2.968906E-01 -6.433586E-01  1.228448E+01 -1.176021E+00  2.968906E-01
 -1.176021E+00  9.519804E+00  3.702795E+01  2.425513E+01  2.271548E+01
  2.219644E+02  9.867053E+03  1.272610E+02  0.000000E+00  0.000000E+00
  0.000000E+00  1.272610E+02  0.000000E+00  0.000000E+00  0.000000E+00
  1.221232E+02  1.360487E+04
     36000  6.028164E+00        52
  1.501020E+10  1.000000E+03 -5.742442E+05  1.079369E+05 -6.898081E+05
  0.000000E+00  0.000000E+00  0.000000E+00  0.000000E+00 -5.711409E+05
  0.000000E+00 -3.583015E+04 -6.398168E+05  5.887328E+05  0.000000E+00
  0.000000E+00  0.000000E+00  0.000000E+00  1.984446E+06  2.947364E-02
  7.626957E+03  1.525391E+04  9.000000E+01  9.000000E+01  9.000000E+01
  0.000000E+00  1.116448E+01  1.501077E+10  1.136376E+01 -6.893933E-01
  2.482031E-01 -6.893933E-01  1.293457E+01  2.036473E-01  2.482031E-01
  2.036473E-01  9.195089E+00  3.865726E+01  2.563461E+01  2.403866E+01
  2.415530E+02  9.884891E+03  1.274027E+02  0.000000E+00  0.000000E+00
  0.000000E+00  1.274027E+02  0.000000E+00  0.000000E+00  0.000000E+00
  1.222593E+02  1.401147E+04
     37000  6.195613E+00        52
  1.501020E+10  9.998129E+02 -5.748752E+05  1.078053E+05 -6.902632E+05
  0.000000E+00  0.000000E+00  0.000000E+00  0.000000E+00 -5.717724E+05
  0.000000E+00 -3.652688E+04 -6.395445E+05  5.878522E+05  0.000000E+00
  0.000000E+00  0.000000E+00  0.000000E+00  1.994572E+06  2.048230E-01
  7.582699E+03  1.516540E+04  9.000000E+01  9.000000E+01  9.000000E+01
  0.000000E+00  1.129161E+01  1.501077E+10  1.154674E+01 -2.015165E-01
  1.192709E+00 -2.015165E-01  1.074452E+01  5.066717E-01  1.192709E+00
  5.066717E-01  1.158355E+01  3.875365E+01  2.575033E+01  2.416895E+01
  2.466189E+02  9.901270E+03  1.276191E+02  0.000000E+00  0.000000E+00
  0.000000E+00  1.276191E+02  0.000000E+00  0.000000E+00  0.000000E+00
  1.224669E+02  1.424333E+04
     38000  6.363062E+00        52
  1.501020E+10  1.042916E+03 -5.743966E+05  1.075364E+05 -6.901838E+05
  0.000000E+00  0.000000E+00  0.000000E+00  0.000000E+00 -5.711601E+05
  0.000000E+00 -3.479957E+04 -6.381128E+05  5.868118E+05  0.000000E+00
  0.000000E+00  0.000000E+00  0.000000E+00  2.001368E+06  8.828419E+01
  8.250737E+03  1.650147E+04  9.000000E+01  9.000000E+01  9.000000E+01
  0.000000E+00  1.086879E+01  1.501077E+10  1.141242E+01 -1.288043E+00
  6.345119E-02 -1.288043E+00  1.183288E+01 -1.364031E-01  6.345119E-02
 -1.364031E-01  9.361070E+00  3.909147E+01  2.608012E+01  2.441383E+01
  2.561024E+02  9.913917E+03  1.277638E+02  0.000000E+00  0.000000E+00
  0.000000E+00  1.277638E+02  0.000000E+00  0.000000E+00  0.000000E+00
  1.226058E+02  1.375670E+04
     39000  6.530511E+00        52
  1.501020E+10  1.000000E+03 -5.754234E+05  1.076629E+05 -6.906483E+05
  0.000000E+00  0.000000E+00  0.000000E+00  0.000000E+00 -5.723200E+05
  0.000000E+00 -3.764982E+04 -6.392132E+05  5.864395E+05  0.000000E+00
  0.000000E+00  0.000000E+00  0.000000E+00  2.008431E+06  2.217901E-02
  7.561947E+03  1.512389E+04  9.000000E+01  9.000000E+01  9.000000E+01
  0.000000E+00  1.150869E+01  1.501077E+10  1.187189E+01 -1.230309E-01
 -6.781533E-01 -1.230309E-01  1.339320E+01 -1.203342E-01 -6.781533E-01
 -1.203342E-01  9.260972E+00  3.970833E+01  2.662525E+01  2.495210E+01
  2.649810E+02  9.923521E+03  1.279140E+02  0.000000E+00  0.000000E+00
  0.000000E+00  1.279140E+02  0.000000E+00  0.000000E+00  0.000000E+00
  1.227498E+02  1.461803E+04
     40000  6.697960E+00        52
  1.501020E+10  1.032009E+03 -5.731203E+05  1.076995E+05 -6.907725E+05
  0.000000E+00  0.000000E+00  0.000000E+00  0.000000E+00 -5.699176E+05
  0.000000E+00 -3.361465E+04 -6.394971E+05  5.859769E+05  0.000000E+00
  0.000000E+00  0.000000E+00  0.000000E+00  2.015614E+06  6.493206E+01
  9.952773E+03  1.990555E+04  9.000000E+01  9.000000E+01  9.000000E+01
  0.000000E+00  1.046442E+01  1.501077E+10  1.113820E+01  1.942406E-01
  2.428685E-01  1.942406E-01  1.210765E+01 -3.147111E-01  2.428685E-01
 -3.147111E-01  8.147424E+00  4.092846E+01  2.776967E+01  2.594824E+01
  2.832966E+02  9.941691E+03  1.280663E+02  0.000000E+00  0.000000E+00
  0.000000E+00  1.280663E+02  0.000000E+00  0.000000E+00  0.000000E+00
  1.228960E+02  1.333917E+04
     41000  6.865409E+00        52
  1.501020E+10  9.999500E+02 -5.763468E+05  1.064316E+05 -6.902874E+05
  0.000000E+00  0.000000E+00  0.000000E+00  0.000000E+00 -5.732435E+05
  0.000000E+00 -3.750610E+04 -6.323011E+05  5.797770E+05  0.000000E+00
  0.000000E+00  0.000000E+00  0.000000E+00  2.110260E+06  8.516567E-01
  7.509011E+03  1.501802E+04  9.000000E+01  9.000000E+01  9.000000E+01
  0.000000E+00  1.091737E+01  1.501077E+10  1.096835E+01 -8.121570E-01
  1.280213E+00 -8.121570E-01  1.071601E+01 -1.160222E+00  1.280213E+00
 -1.160222E+00  1.106775E+01  4.155871E+01  2.832172E+01  2.652455E+01
  2.912685E+02  1.013380E+04  1.300402E+02  0.000000E+00  0.000000E+00
  0.000000E+00  1.300402E+02  0.000000E+00  0.000000E+00  0.000000E+00
  1.247903E+02  1.457002E+04
     42000  7.032858E+00        52
  1.501020E+10  1.000000E+03 -5.766915E+05  1.062457E+05 -6.903225E+05
  0.000000E+00  0.000000E+00  0.000000E+00  0.000000E+00 -5.735880E+05
  0.000000E+00 -3.778825E+04 -6.313566E+05  5.787978E+05  0.000000E+00
  0.000000E+00  0.000000E+00  0.000000E+00  2.117806E+06  2.913291E-02
  7.385279E+03  1.477056E+04  9.000000E+01  9.000000E+01  9.000000E+01
  0.000000E+00  1.094877E+01  1.501077E+10  1.048855E+01  8.626768E-02
 -2.554657E-01  8.626768E-02  1.146558E+01 -1.580903E+00 -2.554657E-01
 -1.580903E+00  1.089218E+01  4.202573E+01  2.866020E+01  2.692911E+01
  3.027901E+02  1.018537E+04  1.301950E+02  0.000000E+00  0.000000E+00
  0.000000E+00  1.301950E+02  0.000000E+00  0.000000E+00  0.000000E+00
  1.249388E+02  1.466417E+04
     43000  7.200307E+00        52
  1.501023E+10  1.000712E+03 -5.776166E+05  1.009550E+05 -6.857356E+05
  0.000000E+00  0.000000E+00  0.000000E+00  0.000000E+00 -5.745107E+05
  0.000000E+00 -2.105001E+04 -5.967164E+05  5.613382E+05  0.000000E+00
  0.000000E+00  0.000000E+00  0.000000E+00  2.346140E+06  6.710334E-01
  7.164072E+03  1.432814E+04  9.000000E+01  9.000000E+01  9.000000E+01
  0.000000E+00  6.123838E+00  1.501080E+10  7.296236E+00 -3.714640E-01
 -8.967854E-01 -3.714640E-01  6.451032E+00 -8.706505E-02 -8.967854E-01
 -8.706505E-02  4.624246E+00  4.298492E+01  2.952184E+01  2.779873E+01
  3.238499E+02  1.079203E+04  1.347153E+02  0.000000E+00  0.000000E+00
  0.000000E+00  1.347153E+02  0.000000E+00  0.000000E+00  0.000000E+00
  1.292766E+02  9.086229E+03
     44000  7.367756E+00        52
  1.501023E+10  1.000610E+03 -5.782456E+05  1.037554E+05 -6.892702E+05
  0.000000E+00  0.000000E+00  0.000000E+00  0.000000E+00 -5.751401E+05
  0.000000E+00 -3.666370E+04 -6.167252E+05  5.655230E+05  0.000000E+00
  0.000000E+00  0.000000E+00  0.000000E+00  2.353808E+06  9.347915E-01
  7.269244E+03  1.453849E+04  9.000000E+01  9.000000E+01  9.000000E+01
  0.000000E+00  9.600033E+00  1.501080E+10  1.127243E+01 -1.171815E+00
 -1.116906E+00 -1.171815E+00  9.206949E+00  4.902561E-01 -1.116906E+00
  4.902561E-01  8.320717E+00  4.384447E+01  3.023283E+01  2.849403E+01
  3.346334E+02  1.089731E+04  1.348619E+02  0.000000E+00  0.000000E+00
  0.000000E+00  1.348619E+02  0.000000E+00  0.000000E+00  0.000000E+00
  1.294173E+02  1.429058E+04
     45000  7.535205E+00        52
  1.501023E+10  1.000000E+03 -5.760147E+05  1.032043E+05 -6.889799E+05
  0.000000E+00  0.000000E+00  0.000000E+00  0.000000E+00 -5.729111E+05
  0.000000E+00 -3.069143E+04 -6.141597E+05  5.639466E+05  0.000000E+00
  0.000000E+00  0.000000E+00  0.000000E+00  2.361609E+06  3.970451E-02
  9.760867E+03  1.952173E+04  9.000000E+01  9.000000E+01  9.000000E+01
  0.000000E+00  8.234557E+00  1.501080E+10  9.247279E+00 -7.126744E-01
  3.702090E-01 -7.126744E-01  7.847398E+00  2.056503E-01  3.702090E-01
  2.056503E-01  7.608995E+00  4.436415E+01  3.052846E+01  2.889542E+01
  3.444680E+02  1.092470E+04  1.350108E+02  0.000000E+00  0.000000E+00
  0.000000E+00  1.350108E+02  0.000000E+00  0.000000E+00  0.000000E+00
  1.295601E+02  1.229856E+04
     46000  7.702654E+00        52
  1.501023E+10  1.000149E+03 -5.788872E+05  1.035508E+05 -6.898362E+05
  0.000000E+00  0.000000E+00  0.000000E+00  0.000000E+00 -5.757831E+05
  0.000000E+00 -3.736714E+04 -6.163378E+05  5.641741E+05  0.000000E+00
  0.000000E+00  0.000000E+00  0.000000E+00  2.369533E+06  4.797491E-01
  7.398279E+03  1.479656E+04  9.000000E+01  9.000000E+01  9.000000E+01
  0.000000E+00  9.692160E+00  1.501080E+10  1.053267E+01 -3.718777E-01
  5.162883E-01 -3.718777E-01  1.018812E+01 -2.941594E-01  5.162883E-01
 -2.941594E-01  8.355693E+00  4.536734E+01  3.138467E+01  2.961818E+01
  3.613152E+02  1.094521E+04  1.351616E+02  0.000000E+00  0.000000E+00
  0.000000E+00  1.351616E+02  0.000000E+00  0.000000E+00  0.000000E+00
  1.297049E+02  1.452411E+04
     47000  7.870103E+00        52
  1.501023E+10  9.998076E+02 -5.789440E+05  1.034051E+05 -6.898429E+05
  0.000000E+00  0.000000E+00  0.000000E+00  0.000000E+00 -5.758410E+05
  0.000000E+00 -3.677898E+04 -6.153608E+05  5.635942E+05  0.000000E+00
  0.000000E+00  0.000000E+00  0.000000E+00  2.378001E+06  7.084731E-01
  7.493798E+03  1.498760E+04  9.000000E+01  9.000000E+01  9.000000E+01
  0.000000E+00  9.526816E+00  1.501080E+10  1.020511E+01 -2.772397E-01
  4.770013E-01 -2.772397E-01  9.759989E+00 -1.090436E-01  4.770013E-01
 -1.090436E-01  8.615345E+00  4.712028E+01  3.266569E+01  3.090998E+01
  3.828714E+02  1.096585E+04  1.353224E+02  0.000000E+00  0.000000E+00
  0.000000E+00  1.353224E+02  0.000000E+00  0.000000E+00  0.000000E+00
  1.298592E+02  1.432735E+04
     48000  8.037552E+00        52
  1.501022E+10  1.000000E+03 -5.794714E+05  1.038663E+05 -6.907837E+05
  0.000000E+00  0.000000E+00  0.000000E+00  0.000000E+00 -5.763677E+05
  0.000000E+00 -3.989646E+04 -6.183544E+05  5.635659E+05  0.000000E+00
  0.000000E+00  0.000000E+00  0.000000E+00  2.389088E+06  2.399066E-02
  7.446046E+03  1.489209E+04  9.000000E+01  9.000000E+01  9.000000E+01
  0.000000E+00  1.017064E+01  1.501080E+10  1.023847E+01 -9.750572E-01
  8.029368E-01 -9.750572E-01  1.030247E+01 -3.125347E-01  8.029368E-01
 -3.125347E-01  9.970975E+00  4.799128E+01  3.334897E+01  3.162769E+01
  4.022446E+02  1.100623E+04  1.355324E+02  0.000000E+00  0.000000E+00
  0.000000E+00  1.355324E+02  0.000000E+00  0.000000E+00  0.000000E+00
  1.300607E+02  1.536691E+04
     49000  8.205001E+00        52
  1.501022E+10  9.994461E+02 -5.794690E+05  1.035186E+05 -6.904398E+05
  0.000000E+00  0.000000E+00  0.000000E+00  0.000000E+00 -5.763670E+05
  0.000000E+00 -3.919158E+04 -6.164641E+05  5.623681E+05  0.000000E+00
  0.000000E+00  0.000000E+00  0.000000E+00  2.397962E+06  2.459709E-01
  7.452227E+03  1.490445E+04  9.000000E+01  9.000000E+01  9.000000E+01
  0.000000E+00  9.977311E+00  1.501080E+10  9.935018E+00 -2.397868E-01
  1.264010E-01 -2.397868E-01  9.645287E+00  3.230424E-01  1.264010E-01
  3.230424E-01  1.035163E+01  4.827447E+01  3.346120E+01  3.186019E+01
  4.247656E+02  1.103509E+04  1.357000E+02  0.000000E+00  0.000000E+00
  0.000000E+00  1.357000E+02  0.000000E+00  0.000000E+00  0.000000E+00
  1.302215E+02  1.513080E+04
     50000  8.372450E+00        52
  1.501034E+10  6.607557E+03 -4.837342E+05  1.033156E+05 -6.904424E+05
  0.000000E+00  0.000000E+00  0.000000E+00  0.000000E+00 -4.632352E+05
  0.000000E+00  1.523762E+05 -6.155733E+05  5.611644E+05  0.000000E+00
  0.000000E+00  0.000000E+00  0.000000E+00  2.412825E+06  1.121838E+04
  1.033926E+05  2.067852E+05  9.000000E+01  9.000000E+01  9.000000E+01
  0.000000E+00 -2.433093E+01  1.501080E+10 -1.190893E+01  6.214940E+00
  1.289236E+01  6.214940E+00 -5.566269E+01 -1.235800E+01  1.289236E+01
 -1.235800E+01 -5.421183E+00  4.865877E+01  3.373255E+01  3.210298E+01
  4.333055E+02  1.105843E+04  1.359798E+02  0.000000E+00  0.000000E+00
  0.000000E+00  1.359798E+02  0.000000E+00  0.000000E+00  0.000000E+00
  1.304900E+02 -3.712707E+04
     51000  8.539899E+00        52
  1.501022E+10  1.000000E+03 -5.799731E+05  1.031487E+05 -6.905126E+05
  0.000000E+00  0.000000E+00  0.000000E+00  0.000000E+00 -5.768694E+05
  0.000000E+00 -3.953008E+04 -6.146304E+05  5.603187E+05  0.000000E+00
  0.000000E+00  0.000000E+00  0.000000E+00  2.421513E+06  1.728762E-02
  7.390813E+03  1.478163E+04  9.000000E+01  9.000000E+01  9.000000E+01
  0.000000E+00  9.954704E+00  1.501080E+10  9.980422E+00 -8.591075E-02
  3.055889E-01 -8.591075E-02  1.014036E+01 -5.436154E-01  3.055889E-01
 -5.436154E-01  9.743330E+00  4.895583E+01  3.393829E+01  3.231256E+01
  4.421565E+02  1.107548E+04  1.361428E+02  0.000000E+00  0.000000E+00
  0.000000E+00  1.361428E+02  0.000000E+00  0.000000E+00  0.000000E+00
  1.306464E+02  1.524478E+04
     52000  8.707348E+00        52
  1.501023E+10  1.030575E+03 -5.777261E+05  1.030443E+05 -6.904802E+05
  0.000000E+00  0.000000E+00  0.000000E+00  0.000000E+00 -5.745276E+05
  0.000000E+00 -3.501129E+04 -6.141406E+05  5.597097E+05  0.000000E+00
  0.000000E+00  0.000000E+00  0.000000E+00  2.430518E+06  6.283158E+01
  9.709841E+03  1.941968E+04  9.000000E+01  9.000000E+01  9.000000E+01
  0.000000E+00  8.979027E+00  1.501080E+10  9.276650E+00  1.317993E-01
  3.062819E-01  1.317993E-01  9.400722E+00  3.641881E-01  3.062819E-01
  3.641881E-01  8.259708E+00  4.963396E+01  3.439702E+01  3.283257E+01
  4.561879E+02  1.109199E+04  1.363113E+02  0.000000E+00  0.000000E+00
  0.000000E+00  1.363113E+02  0.000000E+00  0.000000E+00  0.000000E+00
  1.308082E+02  1.380175E+04
     53000  8.874797E+00        52
  1.502654E+10  1.000009E+03 -5.804188E+05  1.025647E+05 -6.903359E+05
  0.000000E+00  0.000000E+00  0.000000E+00  0.000000E+00 -5.773151E+05
  0.000000E+00 -3.909039E+04 -6.112912E+05  5.574960E+05  0.000000E+00
  0.000000E+00  0.000000E+00  0.000000E+00  2.473301E+06  2.977759E-01
  7.352401E+03  1.470480E+04  9.000000E+01  9.000000E+01  9.000000E+01
  0.000000E+00  9.652577E+00  1.502711E+10  1.172048E+01  1.148853E+00
 -1.543096E-02  1.148853E+00  9.222884E+00  1.023550E-01 -1.543096E-02
  1.023550E-01  8.014368E+00  4.975241E+01  3.452973E+01  3.295943E+01
  4.646858E+02  1.115689E+04  1.371065E+02  0.000000E+00  0.000000E+00
  0.000000E+00  1.371065E+02  0.000000E+00  0.000000E+00  0.000000E+00
  1.315712E+02  1.509824E+04
     54000  9.042246E+00        52
  1.502668E+10  1.000000E+03 -5.800748E+05  1.021980E+05 -6.897179E+05
  0.000000E+00  0.000000E+00  0.000000E+00  0.000000E+00 -5.769711E+05
  0.000000E+00 -3.867395E+04 -6.094600E+05  5.558958E+05  0.000000E+00
  0.000000E+00  0.000000E+00  0.000000E+00  2.487774E+06  2.910295E-02
  7.445139E+03  1.489028E+04  9.000000E+01  9.000000E+01  9.000000E+01
  0.000000E+00  9.508177E+00  1.502726E+10  9.309508E+00  5.124658E-01
  2.637916E-01  5.124658E-01  1.024338E+01 -5.147622E-01  2.637916E-01
 -5.147622E-01  8.971644E+00  5.025552E+01  3.476124E+01  3.322585E+01
  4.788599E+02  1.120191E+04  1.373734E+02  0.000000E+00  0.000000E+00
  0.000000E+00  1.373734E+02  0.000000E+00  0.000000E+00  0.000000E+00
  1.318274E+02  1.495940E+04
     55000  9.209695E+00        52
  1.502668E+10  1.000020E+03 -5.805150E+05  1.020401E+05 -6.899235E+05
  0.000000E+00  0.000000E+00  0.000000E+00  0.000000E+00 -5.774112E+05
  0.000000E+00 -3.820261E+04 -6.084141E+05  5.554746E+05  0.000000E+00
  0.000000E+00  0.000000E+00  0.000000E+00  2.496711E+06  1.840779E-01
  7.368417E+03  1.473683E+04  9.000000E+01  9.000000E+01  9.000000E+01
  0.000000E+00  9.374666E+00  1.502726E+10  1.005298E+01 -1.298098E+00
 -9.658704E-01 -1.298098E+00  9.496129E+00  9.496650E-01 -9.658704E-01
  9.496650E-01  8.574888E+00  5.589667E+01  3.499049E+01  3.351065E+01
  4.838661E+02  1.121746E+04  1.375377E+02  0.000000E+00  0.000000E+00
  0.000000E+00  1.375377E+02  0.000000E+00  0.000000E+00  0.000000E+00
  1.319851E+02  1.480233E+04
     56000  9.377144E+00        52
  1.502668E+10  9.999716E+02 -5.807421E+05  1.021926E+05 -6.903042E+05
  0.000000E+00  0.000000E+00  0.000000E+00  0.000000E+00 -5.776384E+05
  0.000000E+00 -3.902879E+04 -6.091776E+05  5.554097E+05  0.000000E+00
  0.000000E+00  0.000000E+00  0.000000E+00  2.505895E+06  1.097649E+00
  7.369574E+03  1.473915E+04  9.000000E+01  9.000000E+01  9.000000E+01
  0.000000E+00  9.514020E+00  1.502726E+10  1.013268E+01 -2.817797E-01
 -7.705165E-01 -2.817797E-01  9.855872E+00  2.264244E-01 -7.705165E-01
  2.264244E-01  8.553509E+00  5.788944E+01  3.531404E+01  3.370473E+01
  4.936491E+02  1.122999E+04  1.377061E+02  0.000000E+00  0.000000E+00
  0.000000E+00  1.377061E+02  0.000000E+00  0.000000E+00  0.000000E+00
  1.321467E+02  1.507762E+04
     57000  9.544593E+00        52
  1.502668E+10  1.000000E+03 -5.808640E+05  1.021864E+05 -6.904177E+05
  0.000000E+00  0.000000E+00  0.000000E+00  0.000000E+00 -5.777603E+05
  0.000000E+00 -3.934665E+04 -6.091719E+05  5.550906E+05  0.000000E+00
  0.000000E+00  0.000000E+00  0.000000E+00  2.515139E+06  2.181897E-02
  7.367304E+03  1.473461E+04  9.000000E+01  9.000000E+01  9.000000E+01
  0.000000E+00  9.545702E+00  1.502726E+10  8.842919E+00  1.116339E-01
 -5.940086E-01  1.116339E-01  8.901221E+00 -9.685608E-01 -5.940086E-01
 -9.685608E-01  1.089297E+01  5.838664E+01  3.574588E+01  3.415218E+01
  5.133265E+02  1.125070E+04  1.378752E+02  0.000000E+00  0.000000E+00
  0.000000E+00  1.378752E+02  0.000000E+00  0.000000E+00  0.000000E+00
  1.323090E+02  1.518364E+04
     58000  9.712042E+00        52
  1.502668E+10  9.997439E+02 -5.810410E+05  1.021200E+05 -6.905664E+05
  0.000000E+00  0.000000E+00  0.000000E+00  0.000000E+00 -5.779381E+05
  0.000000E+00 -3.941816E+04 -6.087884E+05  5.545595E+05  0.000000E+00
  0.000000E+00  0.000000E+00  0.000000E+00  2.524499E+06  1.417677E-01
  7.405397E+03  1.481079E+04  9.000000E+01  9.000000E+01  9.000000E+01
  0.000000E+00  9.524906E+00  1.502726E+10  9.171561E+00  8.322888E-02
 -5.938898E-01  8.322888E-02  9.227356E+00 -9.451398E-01 -5.938898E-01
 -9.451398E-01  1.017580E+01  5.890007E+01  3.604235E+01  3.441762E+01
  5.321052E+02  1.127057E+04  1.380461E+02  0.000000E+00  0.000000E+00
  0.000000E+00  1.380461E+02  0.000000E+00  0.000000E+00  0.000000E+00
  1.324729E+02  1.520694E+04
     59000  9.879491E+00        52
  1.502672E+10  1.000295E+03 -5.815991E+05  1.002899E+05 -6.892834E+05
  0.000000E+00  0.000000E+00  0.000000E+00  0.000000E+00 -5.784944E+05
  0.000000E+00 -3.424546E+04 -5.985515E+05  5.495174E+05  0.000000E+00
  0.000000E+00  0.000000E+00  0.000000E+00  2.596029E+06  1.129483E-01
  7.394338E+03  1.478868E+04  9.000000E+01  9.000000E+01  9.000000E+01
  0.000000E+00  8.212935E+00  1.502730E+10  7.265916E+00 -1.766817E-01
 -3.153409E-01 -1.766817E-01  7.370235E+00  7.920264E-01 -3.153409E-01
  7.920264E-01  1.000265E+01  5.952268E+01  3.635310E+01  3.472137E+01
  5.403218E+02  1.148854E+04  1.393378E+02  0.000000E+00  0.000000E+00
  0.000000E+00  1.393378E+02  0.000000E+00  0.000000E+00  0.000000E+00
  1.337124E+02  1.348385E+04
     60000  1.004694E+01        52
  1.502672E+10  1.000000E+03 -5.816650E+05  1.011785E+05 -6.901838E+05
  0.000000E+00  0.000000E+00  0.000000E+00  0.000000E+00 -5.785612E+05
  0.000000E+00 -3.804673E+04 -6.031882E+05  5.504608E+05  0.000000E+00
  0.000000E+00  0.000000E+00  0.000000E+00  2.605399E+06  2.092820E-02
  7.340333E+03  1.468067E+04  9.000000E+01  9.000000E+01  9.000000E+01
  0.000000E+00  8.952027E+00  1.502730E+10  8.901012E+00 -2.564216E-01
 -2.001922E-01 -2.564216E-01  8.315299E+00  7.171196E-02 -2.001922E-01
  7.171196E-02  9.639771E+00  5.990091E+01  3.662656E+01  3.499062E+01
  5.504932E+02  1.150543E+04  1.395052E+02  0.000000E+00  0.000000E+00
  0.000000E+00  1.395052E+02  0.000000E+00  0.000000E+00  0.000000E+00
  1.338731E+02  1.475033E+04
     61000  1.021439E+01        52
  1.502673E+10  1.048257E+03 -5.779667E+05  1.013080E+05 -6.903200E+05
  0.000000E+00  0.000000E+00  0.000000E+00  0.000000E+00 -5.747132E+05
  0.000000E+00 -3.151144E+04 -6.037501E+05  5.501482E+05  0.000000E+00
  0.000000E+00  0.000000E+00  0.000000E+00  2.614945E+06  1.025379E+02
  1.104526E+04  2.209051E+04  9.000000E+01  9.000000E+01  9.000000E+01
  0.000000E+00  7.662425E+00  1.502730E+10  8.044470E+00  1.016434E+00
  2.777387E+00  1.016434E+00  8.072270E+00 -2.552826E-01  2.777387E+00
 -2.552826E-01  6.870536E+00  6.058637E+01  3.708021E+01  3.539235E+01
  5.682836E+02  1.152233E+04  1.396754E+02  0.000000E+00  0.000000E+00
  0.000000E+00  1.396754E+02  0.000000E+00  0.000000E+00  0.000000E+00
  1.340364E+02  1.267170E+04
     62000  1.038184E+01        52
  1.503059E+10  1.015961E+03 -5.820658E+05  8.477570E+04 -6.745824E+05
  0.000000E+00  0.000000E+00  0.000000E+00  0.000000E+00 -5.789121E+05
  0.000000E+00  1.661125E+04 -4.999507E+05  5.010802E+05  0.000000E+00
  0.000000E+00  0.000000E+00  0.000000E+00  3.304396E+06  4.159971E+00
  7.740857E+03  1.548171E+04  9.000000E+01  9.000000E+01  9.000000E+01
  0.000000E+00 -1.644195E+00  1.503117E+10 -2.026460E+00 -5.479115E-01
  3.648645E-01 -5.479115E-01 -9.937284E-01 -5.957947E-01  3.648645E-01
 -5.957947E-01 -1.912397E+00  6.101248E+01  3.735943E+01  3.565438E+01
  5.749041E+02  1.285880E+04  1.510068E+02  0.000000E+00  0.000000E+00
  0.000000E+00  1.510068E+02  0.000000E+00  0.000000E+00  0.000000E+00
  1.449103E+02 -3.435987E+03
     63000  1.054929E+01        52
  2.523664E+12  1.000000E+03 -5.841797E+05  9.256666E+04 -6.837149E+05
  0.000000E+00  0.000000E+00  0.000000E+00  0.000000E+00 -5.810754E+05
  0.000000E+00 -1.896229E+04 -5.498592E+05  5.169598E+05  0.000000E+00
  0.000000E+00  0.000000E+00  0.000000E+00  3.312669E+06  2.761139E-02
  6.968572E+03  1.393714E+04  9.000000E+01  9.000000E+01  9.000000E+01
  0.000000E+00  4.004224E+00  2.523664E+12  3.872613E+00  1.125569E+00
  2.451350E-01  1.125569E+00  5.201199E+00  4.402455E-01  2.451350E-01
  4.402455E-01  2.938859E+00  6.180771E+01  3.813097E+01  3.647923E+01
  5.779356E+02  1.290775E+04  1.511327E+02  0.000000E+00  0.000000E+00
  0.000000E+00  1.511327E+02  0.000000E+00  0.000000E+00  0.000000E+00
  1.450312E+02  8.388848E+03
     64000  1.071674E+01        52
  2.523664E+12  9.999030E+02 -5.846412E+05  9.557529E+04 -6.873438E+05
  0.000000E+00  0.000000E+00  0.000000E+00  0.000000E+00 -5.815373E+05
  0.000000E+00 -3.062481E+04 -5.674176E+05  5.225381E+05  0.000000E+00
  0.000000E+00  0.000000E+00  0.000000E+00  3.321183E+06  1.615267E-01
  7.127347E+03  1.425469E+04  9.000000E+01  9.000000E+01  9.000000E+01
  0.000000E+00  5.844718E+00  2.523664E+12  5.732435E+00  8.070464E-01
  3.372752E-01  8.070464E-01  6.680202E+00  5.346113E-01  3.372752E-01
  5.346113E-01  5.121516E+00  6.307365E+01  3.911761E+01  3.756192E+01
  5.892531E+02  1.292600E+04  1.512620E+02  0.000000E+00  0.000000E+00
  0.000000E+00  1.512620E+02  0.000000E+00  0.000000E+00  0.000000E+00
  1.451553E+02  1.227616E+04
     65000  1.088418E+01        52
  2.550753E+12  9.995025E+02 -5.847056E+05  9.537935E+04 -6.871573E+05
  0.000000E+00  0.000000E+00  0.000000E+00  0.000000E+00 -5.816029E+05
  0.000000E+00 -2.999912E+04 -5.656124E+05  5.214685E+05  0.000000E+00
  0.000000E+00  0.000000E+00  0.000000E+00  3.332191E+06  6.050421E-01
  7.072356E+03  1.414471E+04  9.000000E+01  9.000000E+01  9.000000E+01
  0.000000E+00  5.726047E+00  2.550754E+12  5.231754E+00 -3.326014E-01
  9.261403E-01 -3.326014E-01  5.193568E+00 -5.670855E-01  9.261403E-01
 -5.670855E-01  6.752820E+00  6.364999E+01  3.935521E+01  3.782685E+01
  5.932470E+02  1.292585E+04  1.514290E+02  0.000000E+00  0.000000E+00
  0.000000E+00  1.514290E+02  0.000000E+00  0.000000E+00  0.000000E+00
  1.453155E+02  1.206676E+04
     66000  1.105163E+01        52
  2.550753E+12  1.000000E+03 -5.850580E+05  9.529488E+04 -6.875400E+05
  0.000000E+00  0.000000E+00  0.000000E+00  0.000000E+00 -5.819537E+05
  0.000000E+00 -2.984460E+04 -5.651417E+05  5.209228E+05  0.000000E+00
  0.000000E+00  0.000000E+00  0.000000E+00  3.341893E+06  1.756200E-02
  7.187171E+03  1.437434E+04  9.000000E+01  9.000000E+01  9.000000E+01
  0.000000E+00  5.685540E+00  2.550754E+12  5.137269E+00 -2.098616E-01
 -3.540689E-02 -2.098616E-01  5.268312E+00  9.537923E-02 -3.540689E-02
  9.537923E-02  6.651040E+00  6.451212E+01  3.972923E+01  3.818967E+01
  6.011202E+02  1.293846E+04  1.515758E+02  0.000000E+00  0.000000E+00
  0.000000E+00  1.515758E+02  0.000000E+00  0.000000E+00  0.000000E+00
  1.454564E+02  1.201629E+04
     67000  1.121908E+01        52
  2.550753E+12  1.004490E+03 -5.851192E+05  9.564755E+04 -6.882710E+05
  0.000000E+00  0.000000E+00  0.000000E+00  0.000000E+00 -5.820010E+05
  0.000000E+00 -3.079531E+04 -5.669995E+05  5.211957E+05  0.000000E+00
  0.000000E+00  0.000000E+00  0.000000E+00  3.351741E+06  8.860254E+00
  7.504221E+03  1.500844E+04  9.000000E+01  9.000000E+01  9.000000E+01
  0.000000E+00  5.822719E+00  2.550754E+12  6.032470E+00 -1.266090E+00
  2.150691E-01 -1.266090E+00  6.479110E+00 -1.869622E-01  2.150691E-01
 -1.869622E-01  4.956576E+00  6.905971E+01  4.058600E+01  3.911219E+01
  6.159985E+02  1.295359E+04  1.517245E+02  0.000000E+00  0.000000E+00
  0.000000E+00  1.517245E+02  0.000000E+00  0.000000E+00  0.000000E+00
  1.455991E+02  1.234248E+04
     68000  1.138653E+01        52
  2.550753E+12  1.000149E+03 -5.857919E+05  9.575400E+04 -6.887562E+05
  0.000000E+00  0.000000E+00  0.000000E+00  0.000000E+00 -5.826871E+05
  0.000000E+00 -3.218878E+04 -5.675959E+05  5.209865E+05  0.000000E+00
  0.000000E+00  0.000000E+00  0.000000E+00  3.361842E+06  2.180811E-01
  7.210319E+03  1.442064E+04  9.000000E+01  9.000000E+01  9.000000E+01
  0.000000E+00  6.019471E+00  2.550754E+12  5.441982E+00 -8.488884E-01
 -2.958040E-01 -8.488884E-01  7.154491E+00  9.393372E-01 -2.958040E-01
  9.393372E-01  5.461941E+00  7.022450E+01  4.106775E+01  3.962680E+01
  6.242672E+02  1.296163E+04  1.518768E+02  0.000000E+00  0.000000E+00
  0.000000E+00  1.518768E+02  0.000000E+00  0.000000E+00  0.000000E+00
  1.457453E+02  1.279799E+04
     69000  1.155398E+01        52
  2.550753E+12  1.000000E+03 -5.860943E+05  9.581543E+04 -6.891849E+05
  0.000000E+00  0.000000E+00  0.000000E+00  0.000000E+00 -5.829900E+05
  0.000000E+00 -3.257052E+04 -5.680158E+05  5.208950E+05  0.000000E+00
  0.000000E+00  0.000000E+00  0.000000E+00  3.372398E+06  2.106317E-02
  7.275172E+03  1.455034E+04  9.000000E+01  9.000000E+01  9.000000E+01
  0.000000E+00  6.060147E+00  2.550754E+12  5.576745E+00 -8.465842E-01
 -2.079952E-01 -8.465842E-01  7.221123E+00  6.761042E-01 -2.079952E-01
  6.761042E-01  5.382573E+00  7.090201E+01  4.168714E+01  4.024898E+01
  6.437974E+02  1.298075E+04  1.520356E+02  0.000000E+00  0.000000E+00
  0.000000E+00  1.520356E+02  0.000000E+00  0.000000E+00  0.000000E+00
  1.458976E+02  1.292493E+04
     70000  1.172143E+01        52
  2.550753E+12  1.000581E+03 -5.865385E+05  9.261990E+04 -6.865930E+05
  0.000000E+00  0.000000E+00  0.000000E+00  0.000000E+00 -5.834323E+05
  0.000000E+00 -2.151091E+04 -5.485281E+05  5.121478E+05  0.000000E+00
  0.000000E+00  0.000000E+00  0.000000E+00  3.518094E+06  2.257977E-01
  7.434663E+03  1.486933E+04  9.000000E+01  9.000000E+01  9.000000E+01
  0.000000E+00  4.152783E+00  2.550754E+12  5.758729E+00 -4.152947E-01
  5.142229E-01 -4.152947E-01  3.468295E+00 -9.924443E-02  5.142229E-01
 -9.924443E-02  3.231325E+00  7.200228E+01  4.271104E+01  4.118712E+01
  6.748434E+02  1.314795E+04  1.541942E+02  0.000000E+00  0.000000E+00
  0.000000E+00  1.541942E+02  0.000000E+00  0.000000E+00  0.000000E+00
  1.479691E+02  9.239590E+03
     71000  1.188888E+01        52
  2.550753E+12  9.998434E+02 -5.869058E+05  9.468771E+04 -6.888614E+05
  0.000000E+00  0.000000E+00  0.000000E+00  0.000000E+00 -5.838020E+05
  0.000000E+00 -3.046180E+04 -5.608708E+05  5.158733E+05  0.000000E+00
  0.000000E+00  0.000000E+00  0.000000E+00  3.528786E+06  1.927247E-01
  7.267882E+03  1.453576E+04  9.000000E+01  9.000000E+01  9.000000E+01
  0.000000E+00  5.476463E+00  2.550754E+12  7.032030E+00 -3.304423E-01
  4.116896E-01 -3.304423E-01  4.781298E+00 -6.880599E-02  4.116896E-01
 -6.880599E-02  4.616061E+00  7.247806E+01  4.303249E+01  4.159909E+01
  6.877261E+02  1.320424E+04  1.543503E+02  0.000000E+00  0.000000E+00
  0.000000E+00  1.543503E+02  0.000000E+00  0.000000E+00  0.000000E+00
  1.481189E+02  1.222170E+04
     72000  1.205633E+01        52
  2.550753E+12  1.000000E+03 -5.871034E+05  9.477180E+04 -6.890280E+05
  0.000000E+00  0.000000E+00  0.000000E+00  0.000000E+00 -5.839990E+05
  0.000000E+00 -3.131793E+04 -5.609733E+05  5.153497E+05  0.000000E+00
  0.000000E+00  0.000000E+00  0.000000E+00  3.539368E+06  2.415395E-02
  7.152787E+03  1.430557E+04  9.000000E+01  9.000000E+01  9.000000E+01
  0.000000E+00  5.587727E+00  2.550754E+12  5.848524E+00  2.018129E-01
 -6.441302E-01  2.018129E-01  5.121806E+00  2.308299E-01 -6.441302E-01
  2.308299E-01  5.792850E+00  7.296312E+01  4.339020E+01  4.197304E+01
  7.042465E+02  1.324254E+04  1.545044E+02  0.000000E+00  0.000000E+00
  0.000000E+00  1.545044E+02  0.000000E+00  0.000000E+00  0.000000E+00
  1.482668E+02  1.250740E+04
     73000  1.222378E+01        52
  2.550753E+12  1.000113E+03 -5.871006E+05  9.486755E+04 -6.892229E+05
  0.000000E+00  0.000000E+00  0.000000E+00  0.000000E+00 -5.839958E+05
  0.000000E+00 -3.177058E+04 -5.617580E+05  5.154779E+05  0.000000E+00
  0.000000E+00  0.000000E+00  0.000000E+00  3.550073E+06  9.136609E-02
  7.254782E+03  1.450956E+04  9.000000E+01  9.000000E+01  9.000000E+01
  0.000000E+00  5.638185E+00  2.550754E+12  6.142228E+00  1.183600E-01
 -4.805591E-01  1.183600E-01  5.134699E+00  8.334099E-02 -4.805591E-01
  8.334099E-02  5.637628E+00  7.401658E+01  4.423476E+01  4.298364E+01
  7.318097E+02  1.327958E+04  1.546600E+02  0.000000E+00  0.000000E+00
  0.000000E+00  1.546600E+02  0.000000E+00  0.000000E+00  0.000000E+00
  1.484161E+02  1.265851E+04
     74000  1.239123E+01        52
  2.550753E+12  1.005138E+03 -5.879184E+05  9.309539E+04 -6.881013E+05
  0.000000E+00  0.000000E+00  0.000000E+00  0.000000E+00 -5.847979E+05
  0.000000E+00 -2.867234E+04 -5.499976E+05  5.071502E+05  0.000000E+00
  0.000000E+00  0.000000E+00  0.000000E+00  3.843343E+06  6.208879E+00
  7.087540E+03  1.417508E+04  9.000000E+01  9.000000E+01  9.000000E+01
  0.000000E+00  4.787342E+00  2.550754E+12  4.107204E+00 -2.073568E-01
 -3.334662E-01 -2.073568E-01  4.280204E+00  2.264571E-01 -3.334662E-01
  2.264571E-01  5.974617E+00  7.457264E+01  4.467483E+01  4.349048E+01
  7.388579E+02  1.346445E+04  1.588067E+02  0.000000E+00  0.000000E+00
  0.000000E+00  1.588067E+02  0.000000E+00  0.000000E+00  0.000000E+00
  1.523953E+02  1.163616E+04
     75000  1.255867E+01        52
  2.550753E+12  1.000000E+03 -5.880834E+05  9.306903E+04 -6.883607E+05
  0.000000E+00  0.000000E+00  0.000000E+00  0.000000E+00 -5.849789E+05
  0.000000E+00 -2.862586E+04 -5.500398E+05  5.069975E+05  0.000000E+00
  0.000000E+00  0.000000E+00  0.000000E+00  3.853373E+06  2.765125E-02
  7.208241E+03  1.441648E+04  9.000000E+01  9.000000E+01  9.000000E+01
  0.000000E+00  4.764163E+00  2.550754E+12  4.191488E+00 -6.824129E-02
 -2.215069E-01 -6.824129E-02  4.270897E+00 -1.209225E-01 -2.215069E-01
 -1.209225E-01  5.830105E+00  7.529447E+01  4.508153E+01  4.395011E+01
  7.503832E+02  1.347778E+04  1.589447E+02  0.000000E+00  0.000000E+00
  0.000000E+00  1.589447E+02  0.000000E+00  0.000000E+00  0.000000E+00
  1.525278E+02  1.161004E+04
     76000  1.272612E+01        52
  2.550753E+12  9.998920E+02 -5.882102E+05  9.323845E+04 -6.886771E+05
  0.000000E+00  0.000000E+00  0.000000E+00  0.000000E+00 -5.851060E+05
  0.000000E+00 -2.907437E+04 -5.505880E+05  5.070568E+05  0.000000E+00
  0.000000E+00  0.000000E+00  0.000000E+00  3.864181E+06  1.292632E-01
  7.228417E+03  1.445683E+04  9.000000E+01  9.000000E+01  9.000000E+01
  0.000000E+00  4.811923E+00  2.550754E+12  4.243671E+00  3.234646E-02
  2.450844E-01  3.234646E-02  4.181106E+00  1.273435E-01  2.450844E-01
  1.273435E-01  6.010991E+00  7.696659E+01  4.592511E+01  4.476079E+01
  7.703852E+02  1.349991E+04  1.590932E+02  0.000000E+00  0.000000E+00
  0.000000E+00  1.590932E+02  0.000000E+00  0.000000E+00  0.000000E+00
  1.526703E+02  1.175932E+04
     77000  1.289357E+01        52
  2.550753E+12  1.000077E+03 -5.884056E+05  9.327279E+04 -6.889272E+05
  0.000000E+00  0.000000E+00  0.000000E+00  0.000000E+00 -5.853008E+05
  0.000000E+00 -2.918509E+04 -5.507240E+05  5.070413E+05  0.000000E+00
  0.000000E+00  0.000000E+00  0.000000E+00  3.875064E+06  2.826765E-01
  7.248809E+03  1.449762E+04  9.000000E+01  9.000000E+01  9.000000E+01
  0.000000E+00  4.813625E+00  2.550754E+12  4.188689E+00  2.202141E-02
  1.347230E-01  2.202141E-02  4.528972E+00 -1.701065E-01  1.347230E-01
 -1.701065E-01  5.723213E+00  8.012453E+01  4.676822E+01  4.565688E+01
  7.955697E+02  1.352662E+04  1.592424E+02  0.000000E+00  0.000000E+00
  0.000000E+00  1.592424E+02  0.000000E+00  0.000000E+00  0.000000E+00
  1.528135E+02  1.179661E+04
     78000  1.306102E+01        52
  2.550753E+12  1.000000E+03 -5.890761E+05  9.254185E+04 -6.881198E+05
  0.000000E+00  0.000000E+00  0.000000E+00  0.000000E+00 -5.859714E+05
  0.000000E+00 -2.975880E+04 -5.434999E+05  5.007375E+05  0.000000E+00
  0.000000E+00  0.000000E+00  0.000000E+00  4.092005E+06  3.173522E-02
  6.501773E+03  1.300355E+04  9.000000E+01  9.000000E+01  9.000000E+01
  0.000000E+00  4.632263E+00  2.550754E+12  3.904112E+00 -2.240572E-01
 -6.085827E-02 -2.240572E-01  5.952647E+00  6.402770E-01 -6.085827E-02
  6.402770E-01  4.040028E+00  8.418900E+01  4.768953E+01  4.654100E+01
  8.230469E+02  1.371362E+04  1.621602E+02  0.000000E+00  0.000000E+00
  0.000000E+00  1.621602E+02  0.000000E+00  0.000000E+00  0.000000E+00
  1.556135E+02  1.198769E+04
     79000  1.322847E+01        52
  2.550753E+12  1.013672E+03 -5.882671E+05  9.213543E+04 -6.885415E+05
  0.000000E+00  0.000000E+00  0.000000E+00  0.000000E+00 -5.851200E+05
  0.000000E+00 -2.492159E+04 -5.427455E+05  5.015461E+05  0.000000E+00
  0.000000E+00  0.000000E+00  0.000000E+00  4.102975E+06  2.690444E+01
  8.138921E+03  1.627784E+04  9.000000E+01  9.000000E+01  9.000000E+01
  0.000000E+00  4.009378E+00  2.550754E+12  3.604264E+00  2.648420E-02
 -3.286417E-01  2.648420E-02  4.077229E+00 -1.787513E-02 -3.286417E-01
 -1.787513E-02  4.346641E+00  8.450071E+01  4.805120E+01  4.691708E+01
  8.297208E+02  1.378821E+04  1.623050E+02  0.000000E+00  0.000000E+00
  0.000000E+00  1.623050E+02  0.000000E+00  0.000000E+00  0.000000E+00
  1.557525E+02  1.040356E+04
     80000  1.339592E+01        52
  2.550753E+12  1.000034E+03 -5.894231E+05  9.202729E+04 -6.886067E+05
  0.000000E+00  0.000000E+00  0.000000E+00  0.000000E+00 -5.863183E+05
  0.000000E+00 -2.686900E+04 -5.423199E+05  5.011382E+05  0.000000E+00
  0.000000E+00  0.000000E+00  0.000000E+00  4.113916E+06  2.927491E-01
  7.156313E+03  1.431263E+04  9.000000E+01  9.000000E+01  9.000000E+01
  0.000000E+00  4.237377E+00  2.550754E+12  3.732676E+00  1.303905E-01
 -1.946756E-01  1.303905E-01  4.161331E+00 -9.074150E-01 -1.946756E-01
 -9.074150E-01  4.818123E+00  8.469389E+01  4.819686E+01  4.705114E+01
  8.279435E+02  1.378185E+04  1.624492E+02  0.000000E+00  0.000000E+00
  0.000000E+00  1.624492E+02  0.000000E+00  0.000000E+00  0.000000E+00
  1.558908E+02  1.102449E+04
     81000  1.356337E+01        52
  2.550753E+12  1.000000E+03 -5.901407E+05  9.027272E+04 -6.875348E+05
  0.000000E+00  0.000000E+00  0.000000E+00  0.000000E+00 -5.870357E+05
  0.000000E+00 -2.360956E+04 -5.290152E+05  4.911629E+05  0.000000E+00
  0.000000E+00  0.000000E+00  0.000000E+00  4.661346E+06  3.274160E-02
  7.121362E+03  1.424272E+04  9.000000E+01  9.000000E+01  9.000000E+01
  0.000000E+00  3.371157E+00  2.550754E+12  3.879959E+00  2.684940E-01
  8.348951E-01  2.684940E-01  2.927577E+00  1.953531E-01  8.348951E-01
  1.953531E-01  3.305933E+00  8.540028E+01  4.887908E+01  4.774598E+01
  8.342808E+02  1.462790E+04  1.693569E+02  0.000000E+00  0.000000E+00
  0.000000E+00  1.693569E+02  0.000000E+00  0.000000E+00  0.000000E+00
  1.625196E+02  9.937939E+03
     82000  1.373082E+01        52
  2.550753E+12  1.000035E+03 -5.905277E+05  8.979781E+04 -6.874683E+05
  0.000000E+00  0.000000E+00  0.000000E+00  0.000000E+00 -5.874225E+05
  0.000000E+00 -2.228291E+04 -5.265982E+05  4.900296E+05  0.000000E+00
  0.000000E+00  0.000000E+00  0.000000E+00  4.671882E+06  1.150362E-01
  7.142832E+03  1.428566E+04  9.000000E+01  9.000000E+01  9.000000E+01
  0.000000E+00  3.213909E+00  2.550754E+12  3.574986E+00  4.380698E-01
  7.237698E-01  4.380698E-01  2.927717E+00  3.032859E-01  7.237698E-01
  3.032859E-01  3.139023E+00  8.668388E+01  4.989984E+01  4.872734E+01
  8.515557E+02  1.479479E+04  1.694844E+02  0.000000E+00  0.000000E+00
  0.000000E+00  1.694844E+02  0.000000E+00  0.000000E+00  0.000000E+00
  1.626420E+02  9.495798E+03
     83000  1.389827E+01        52
  2.550753E+12  9.980189E+02 -5.908796E+05  8.965767E+04 -6.876955E+05
  0.000000E+00  0.000000E+00  0.000000E+00  0.000000E+00 -5.877806E+05
  0.000000E+00 -2.187463E+04 -5.260348E+05  4.898438E+05  0.000000E+00
  0.000000E+00  0.000000E+00  0.000000E+00  4.683082E+06  3.138703E+00
  7.158199E+03  1.431640E+04  9.000000E+01  9.000000E+01  9.000000E+01
  0.000000E+00  3.158863E+00  2.550754E+12  2.924896E+00  3.487353E-02
 -4.982183E-01  3.487353E-02  2.789989E+00 -3.509562E-01 -4.982183E-01
 -3.509562E-01  3.761702E+00  8.723840E+01  5.039631E+01  4.924046E+01
  8.641840E+02  1.482201E+04  1.696197E+02  0.000000E+00  0.000000E+00
  0.000000E+00  1.696197E+02  0.000000E+00  0.000000E+00  0.000000E+00
  1.627718E+02  9.355533E+03
     84000  1.406572E+01        52
  2.550753E+12  1.000000E+03 -5.913009E+05  8.854504E+04 -6.869819E+05
  0.000000E+00  0.000000E+00  0.000000E+00  0.000000E+00 -5.881957E+05
  0.000000E+00 -1.939310E+04 -5.193801E+05  4.857150E+05  0.000000E+00
  0.000000E+00  0.000000E+00  0.000000E+00  4.821857E+06  2.846896E-02
  7.135985E+03  1.427197E+04  9.000000E+01  9.000000E+01  9.000000E+01
  0.000000E+00  2.798037E+00  2.550754E+12  2.200036E+00 -3.753012E-01
  1.592876E-01 -3.753012E-01  3.865779E+00 -5.646964E-01  1.592876E-01
 -5.646964E-01  2.328297E+00  8.770341E+01  5.079910E+01  4.966631E+01
  8.778218E+02  1.494853E+04  1.712789E+02  0.000000E+00  0.000000E+00
  0.000000E+00  1.712789E+02  0.000000E+00  0.000000E+00  0.000000E+00
  1.643640E+02  8.532453E+03
     85000  1.423316E+01        52
  2.550753E+12  1.000106E+03 -5.914181E+05  8.946680E+04 -6.880062E+05
  0.000000E+00  0.000000E+00  0.000000E+00  0.000000E+00 -5.883126E+05
  0.000000E+00 -2.213060E+04 -5.242045E+05  4.878313E+05  0.000000E+00
  0.000000E+00  0.000000E+00  0.000000E+00  4.832718E+06  5.883163E-02
  7.121303E+03  1.424261E+04  9.000000E+01  9.000000E+01  9.000000E+01
  0.000000E+00  3.090384E+00  2.550754E+12  2.479211E+00 -2.872457E-01
  1.036998E-01 -2.872457E-01  4.155688E+00 -4.956321E-01  1.036998E-01
 -4.956321E-01  2.636252E+00  8.879924E+01  5.158231E+01  5.041586E+01
  8.912067E+02  1.500859E+04  1.714074E+02  0.000000E+00  0.000000E+00
  0.000000E+00  1.714074E+02  0.000000E+00  0.000000E+00  0.000000E+00
  1.644873E+02  9.445173E+03
     86000  1.440061E+01        52
  2.550753E+12  1.000218E+03 -5.916023E+05  8.972507E+04 -6.885068E+05
  0.000000E+00  0.000000E+00  0.000000E+00  0.000000E+00 -5.884964E+05
  0.000000E+00 -2.292932E+04 -5.256243E+05  4.883361E+05  0.000000E+00
  0.000000E+00  0.000000E+00  0.000000E+00  4.843916E+06  1.822199E-01
  7.179433E+03  1.435887E+04  9.000000E+01  9.000000E+01  9.000000E+01
  0.000000E+00  3.170225E+00  2.550754E+12  2.539749E+00 -1.052112E-01
  1.707080E-01 -1.052112E-01  3.159300E+00 -1.244850E-01  1.707080E-01
 -1.244850E-01  3.811626E+00  9.022505E+01  5.252812E+01  5.145117E+01
  9.104847E+02  1.504690E+04  1.715397E+02  0.000000E+00  0.000000E+00
  0.000000E+00  1.715397E+02  0.000000E+00  0.000000E+00  0.000000E+00
  1.646143E+02  9.711644E+03
     87000  1.456806E+01        52
  2.550753E+12  1.000000E+03 -5.917298E+05  8.956474E+04 -6.884585E+05
  0.000000E+00  0.000000E+00  0.000000E+00  0.000000E+00 -5.886246E+05
  0.000000E+00 -2.250304E+04 -5.243717E+05  4.875408E+05  0.000000E+00
  0.000000E+00  0.000000E+00  0.000000E+00  4.875598E+06  2.056433E-02
  7.163909E+03  1.432782E+04  9.000000E+01  9.000000E+01  9.000000E+01
  0.000000E+00  3.103395E+00  2.550754E+12  3.913637E+00 -7.444550E-01
  1.470145E-01 -7.444550E-01  2.949794E+00 -6.528215E-02  1.470145E-01
 -6.528215E-02  2.446755E+00  9.074394E+01  5.283622E+01  5.184609E+01
  9.172950E+02  1.506662E+04  1.719128E+02  0.000000E+00  0.000000E+00
  0.000000E+00  1.719128E+02  0.000000E+00  0.000000E+00  0.000000E+00
  1.649724E+02  9.569098E+03
     88000  1.473551E+01        52
  2.550753E+12  1.000109E+03 -5.919263E+05  8.957984E+04 -6.886575E+05
  0.000000E+00  0.000000E+00  0.000000E+00  0.000000E+00 -5.888208E+05
  0.000000E+00 -2.262342E+04 -5.243061E+05  4.873800E+05  0.000000E+00
  0.000000E+00  0.000000E+00  0.000000E+00  4.887911E+06  7.651597E-02
  7.151328E+03  1.430266E+04  9.000000E+01  9.000000E+01  9.000000E+01
  0.000000E+00  3.108632E+00  2.550754E+12  3.355237E+00 -8.583375E-01
 -4.586423E-01 -8.583375E-01  3.314468E+00  4.191402E-01 -4.586423E-01
  4.191402E-01  2.656191E+00  9.145535E+01  5.316990E+01  5.222498E+01
  9.332041E+02  1.510624E+04  1.720574E+02  0.000000E+00  0.000000E+00
  0.000000E+00  1.720574E+02  0.000000E+00  0.000000E+00  0.000000E+00
  1.651112E+02  9.609452E+03
     89000  1.490296E+01        52
  2.550753E+12  9.995991E+02 -5.920602E+05  8.950322E+04 -6.887445E+05
  0.000000E+00  0.000000E+00  0.000000E+00  0.000000E+00 -5.889562E+05
  0.000000E+00 -2.237295E+04 -5.239235E+05  4.871884E+05  0.000000E+00
  0.000000E+00  0.000000E+00  0.000000E+00  4.899299E+06  9.170457E-01
  7.181089E+03  1.436218E+04  9.000000E+01  9.000000E+01  9.000000E+01
  0.000000E+00  3.074119E+00  2.550754E+12  3.326841E+00 -8.237746E-01
 -4.649479E-01 -8.237746E-01  3.255760E+00  3.973111E-01 -4.649479E-01
  3.973111E-01  2.639758E+00  9.176707E+01  5.348651E+01  5.260197E+01
  9.500401E+02  1.514601E+04  1.721910E+02  0.000000E+00  0.000000E+00
  0.000000E+00  1.721910E+02  0.000000E+00  0.000000E+00  0.000000E+00
  1.652393E+02  9.524907E+03
     90000  1.507041E+01        52
  2.550753E+12  1.000000E+03 -5.922025E+05  8.957210E+04 -6.889870E+05
  0.000000E+00  0.000000E+00  0.000000E+00  0.000000E+00 -5.890973E+05
  0.000000E+00 -2.261601E+04 -5.243025E+05  4.872618E+05  0.000000E+00
  0.000000E+00  0.000000E+00  0.000000E+00  4.909781E+06  1.853789E-02
  7.212334E+03  1.442467E+04  9.000000E+01  9.000000E+01  9.000000E+01
  0.000000E+00  3.093917E+00  2.550754E+12  2.822440E+00 -7.504807E-01
 -2.606379E-01 -7.504807E-01  3.894684E+00  4.667737E-01 -2.606379E-01
  4.667737E-01  2.564627E+00  9.248179E+01  5.410693E+01  5.329369E+01
  9.751834E+02  1.518871E+04  1.723137E+02  0.000000E+00  0.000000E+00
  0.000000E+00  1.723137E+02  0.000000E+00  0.000000E+00  0.000000E+00
  1.653570E+02  9.606756E+03
     91000  1.523786E+01        52
  2.550753E+12  1.000048E+03 -5.922608E+05  8.954355E+04 -6.890135E+05
  0.000000E+00  0.000000E+00  0.000000E+00  0.000000E+00 -5.891554E+05
  0.000000E+00 -2.250190E+04 -5.240202E+05  4.870999E+05  0.000000E+00
  0.000000E+00  0.000000E+00  0.000000E+00  4.921261E+06  3.865429E-02
  7.209223E+03  1.441845E+04  9.000000E+01  9.000000E+01  9.000000E+01
  0.000000E+00  3.074510E+00  2.550754E+12  2.712811E+00 -5.473321E-01
 -1.642155E-01 -5.473321E-01  3.975006E+00  4.316192E-01 -1.642155E-01
  4.316192E-01  2.535712E+00  9.301392E+01  5.452352E+01  5.379203E+01
  9.889069E+02  1.519967E+04  1.724479E+02  0.000000E+00  0.000000E+00
  0.000000E+00  1.724479E+02  0.000000E+00  0.000000E+00  0.000000E+00
  1.654858E+02  9.568818E+03
     92000  1.540531E+01        52
  2.550753E+12  1.000312E+03 -5.923829E+05  8.961867E+04 -6.892171E+05
  0.000000E+00  0.000000E+00  0.000000E+00  0.000000E+00 -5.892767E+05
  0.000000E+00 -2.281124E+04 -5.243025E+05  4.870602E+05  0.000000E+00
  0.000000E+00  0.000000E+00  0.000000E+00  4.932835E+06  1.466854E-01
  7.215531E+03  1.443106E+04  9.000000E+01  9.000000E+01  9.000000E+01
  0.000000E+00  3.100525E+00  2.550754E+12  2.725542E+00 -5.009205E-01
 -1.639704E-01 -5.009205E-01  3.962980E+00  4.584752E-01 -1.639704E-01
  4.584752E-01  2.613052E+00  9.411777E+01  5.543159E+01  5.477576E+01
  1.018736E+03  1.523184E+04  1.725829E+02  0.000000E+00  0.000000E+00
  0.000000E+00  1.725829E+02  0.000000E+00  0.000000E+00  0.000000E+00
  1.656155E+02  9.672480E+03
     93000  1.557276E+01        52
  2.550753E+12  1.000000E+03 -5.925220E+05  8.965529E+04 -6.894208E+05
  0.000000E+00  0.000000E+00  0.000000E+00  0.000000E+00 -5.894168E+05
  0.000000E+00 -2.299137E+04 -5.245729E+05  4.870946E+05  0.000000E+00
  0.000000E+00  0.000000E+00  0.000000E+00  4.944195E+06  1.866418E-02
  7.243455E+03  1.448691E+04  9.000000E+01  9.000000E+01  9.000000E+01
  0.000000E+00  3.112396E+00  2.550754E+12  2.453772E+00 -3.968841E-02
  7.356382E-02 -3.968841E-02  3.317074E+00 -7.792897E-01  7.356382E-02
 -7.792897E-01  3.566343E+00  9.508150E+01  5.626066E+01  5.567100E+01
  1.049266E+03  1.526475E+04  1.727153E+02  0.000000E+00  0.000000E+00
  0.000000E+00  1.727153E+02  0.000000E+00  0.000000E+00  0.000000E+00
  1.657425E+02  9.731876E+03
     94000  1.574021E+01        52
  2.550753E+12  1.001892E+03 -5.923097E+05  8.962998E+04 -6.894658E+05
  0.000000E+00  0.000000E+00  0.000000E+00  0.000000E+00 -5.891986E+05
  0.000000E+00 -2.243337E+04 -5.243163E+05  4.868307E+05  0.000000E+00
  0.000000E+00  0.000000E+00  0.000000E+00  4.955689E+06  8.565059E+00
  7.526104E+03  1.505221E+04  9.000000E+01  9.000000E+01  9.000000E+01
  0.000000E+00  3.047080E+00  2.550754E+12  2.608092E+00 -2.128221E-02
  1.922644E-01 -2.128221E-02  2.802486E+00  6.617783E-01  1.922644E-01
  6.617783E-01  3.730661E+00  9.530690E+01  5.643599E+01  5.589360E+01
  1.062242E+03  1.527667E+04  1.728491E+02  0.000000E+00  0.000000E+00
  0.000000E+00  1.728491E+02  0.000000E+00  0.000000E+00  0.000000E+00
  1.658708E+02  9.549791E+03
     95000  1.590765E+01        52
  2.550753E+12  9.999594E+02 -5.926299E+05  8.963943E+04 -6.895371E+05
  0.000000E+00  0.000000E+00  0.000000E+00  0.000000E+00 -5.895247E+05
  0.000000E+00 -2.298905E+04 -5.242920E+05  4.867673E+05  0.000000E+00
  0.000000E+00  0.000000E+00  0.000000E+00  4.967427E+06  2.109807E-01
  7.267797E+03  1.453559E+04  9.000000E+01  9.000000E+01  9.000000E+01
  0.000000E+00  3.097567E+00  2.550754E+12  2.984747E+00  1.603298E-01
  2.105575E-01  1.603298E-01  3.082927E+00  5.325566E-01  2.105575E-01
  5.325566E-01  3.225029E+00  9.572154E+01  5.659451E+01  5.628651E+01
  1.071409E+03  1.528870E+04  1.729854E+02  0.000000E+00  0.000000E+00
  0.000000E+00  1.729854E+02  0.000000E+00  0.000000E+00  0.000000E+00
  1.660017E+02  9.731019E+03
     96000  1.607510E+01        52
  2.550753E+12  1.000000E+03 -5.926767E+05  8.955265E+04 -6.896051E+05
  0.000000E+00  0.000000E+00  0.000000E+00  0.000000E+00 -5.895714E+05
  0.000000E+00 -2.256593E+04 -5.237213E+05  4.864037E+05  0.000000E+00
  0.000000E+00  0.000000E+00  0.000000E+00  4.979937E+06  1.832740E-02
  7.375830E+03  1.475166E+04  9.000000E+01  9.000000E+01  9.000000E+01
  0.000000E+00  3.045031E+00  2.550754E+12  4.047692E+00  2.415239E-01
 -2.728444E-02  2.415239E-01  2.606146E+00  4.328195E-02 -2.728444E-02
  4.328195E-02  2.481253E+00  9.608459E+01  5.686037E+01  5.661102E+01
  1.086224E+03  1.531555E+04  1.731305E+02  0.000000E+00  0.000000E+00
  0.000000E+00  1.731305E+02  0.000000E+00  0.000000E+00  0.000000E+00
  1.661409E+02  9.590064E+03
     97000  1.624255E+01        52
  2.550753E+12  1.000030E+03 -5.928557E+05  8.962303E+04 -6.897507E+05
  0.000000E+00  0.000000E+00  0.000000E+00  0.000000E+00 -5.897504E+05
  0.000000E+00 -2.297161E+04 -5.240356E+05  4.865201E+05  0.000000E+00
  0.000000E+00  0.000000E+00  0.000000E+00  4.991720E+06  4.631651E-02
  7.271932E+03  1.454386E+04  9.000000E+01  9.000000E+01  9.000000E+01
  0.000000E+00  3.080697E+00  2.550754E+12  3.528877E+00  1.428342E-01
  1.041521E-01  1.428342E-01  2.633725E+00 -3.832515E-02  1.041521E-01
 -3.832515E-02  3.079491E+00  9.677557E+01  5.740574E+01  5.717005E+01
  1.114132E+03  1.535102E+04  1.732670E+02  0.000000E+00  0.000000E+00
  0.000000E+00  1.732670E+02  0.000000E+00  0.000000E+00  0.000000E+00
  1.662719E+02  9.725351E+03
     98000  1.641000E+01        52
  2.550753E+12  1.000050E+03 -5.928731E+05  8.958045E+04 -6.897280E+05
  0.000000E+00  0.000000E+00  0.000000E+00  0.000000E+00 -5.897677E+05
  0.000000E+00 -2.303898E+04 -5.238162E+05  4.862284E+05  0.000000E+00
  0.000000E+00  0.000000E+00  0.000000E+00  5.003361E+06  1.542425E-01
  7.274428E+03  1.454886E+04  9.000000E+01  9.000000E+01  9.000000E+01
  0.000000E+00  3.080640E+00  2.550754E+12  2.655771E+00 -4.824317E-02
 -6.479360E-02 -4.824317E-02  3.492604E+00  5.192783E-01 -6.479360E-02
  5.192783E-01  3.093545E+00  9.731362E+01  5.773693E+01  5.758227E+01
  1.137155E+03  1.537839E+04  1.734015E+02  0.000000E+00  0.000000E+00
  0.000000E+00  1.734015E+02  0.000000E+00  0.000000E+00  0.000000E+00
  1.664010E+02  9.747850E+03
     99000  1.657745E+01        52
  2.550753E+12  1.000000E+03 -5.930074E+05  8.930681E+04 -6.895056E+05
  0.000000E+00  0.000000E+00  0.000000E+00  0.000000E+00 -5.899020E+05
  0.000000E+00 -2.254846E+04 -5.217284E+05  4.847971E+05  0.000000E+00
  0.000000E+00  0.000000E+00  0.000000E+00  5.069561E+06  1.688523E-02
  7.191406E+03  1.438281E+04  9.000000E+01  9.000000E+01  9.000000E+01
  0.000000E+00  2.989381E+00  2.550754E+12  3.964686E+00 -3.501896E-01
 -5.097947E-01 -3.501896E-01  2.538817E+00  1.298317E-01 -5.097947E-01
  1.298317E-01  2.464641E+00  9.744193E+01  5.782972E+01  5.765883E+01
  1.142601E+03  1.544638E+04  1.741629E+02  0.000000E+00  0.000000E+00
  0.000000E+00  1.741629E+02  0.000000E+00  0.000000E+00  0.000000E+00
  1.671317E+02  9.584240E+03
    100000  1.674490E+01        52
  2.550753E+12  1.000005E+03 -5.931138E+05  8.923755E+04 -6.896137E+05
  0.000000E+00  0.000000E+00  0.000000E+00  0.000000E+00 -5.900085E+05
  0.000000E+00 -2.221772E+04 -5.215469E+05  4.848045E+05  0.000000E+00
  0.000000E+00  0.000000E+00  0.000000E+00  5.081363E+06  4.289304E-02
  7.262327E+03  1.452465E+04  9.000000E+01  9.000000E+01  9.000000E+01
  0.000000E+00  2.948135E+00  2.550754E+12  3.955412E+00 -3.185290E-01
 -4.522257E-01 -3.185290E-01  2.476731E+00  9.971851E-02 -4.522257E-01
  9.971851E-02  2.412261E+00  9.781813E+01  5.808335E+01  5.793798E+01
  1.160437E+03  1.547217E+04  1.742980E+02  0.000000E+00  0.000000E+00
  0.000000E+00  1.742980E+02  0.000000E+00  0.000000E+00  0.000000E+00
  1.672613E+02  9.474005E+03
    101000  1.691235E+01        52
  2.550753E+12  1.000178E+03 -5.931825E+05  8.927808E+04 -6.897189E+05
  0.000000E+00  0.000000E+00  0.000000E+00  0.000000E+00 -5.900766E+05
  0.000000E+00 -2.242040E+04 -5.217335E+05  4.847964E+05  0.000000E+00
  0.000000E+00  0.000000E+00  0.000000E+00  5.093144E+06  1.192852E-01
  7.258346E+03  1.451669E+04  9.000000E+01  9.000000E+01  9.000000E+01
  0.000000E+00  2.962401E+00  2.550754E+12  3.194840E+00 -5.381601E-01
 -4.597481E-01 -5.381601E-01  3.054432E+00  4.743672E-01 -4.597481E-01
  4.743672E-01  2.637930E+00  9.835590E+01  5.854903E+01  5.842752E+01
  1.189237E+03  1.550872E+04  1.744326E+02  0.000000E+00  0.000000E+00
  0.000000E+00  1.744326E+02  0.000000E+00  0.000000E+00  0.000000E+00
  1.673904E+02  9.541922E+03
    102000  1.707980E+01        52
  2.550753E+12  1.000000E+03 -5.932761E+05  8.925819E+04 -6.897995E+05
  0.000000E+00  0.000000E+00  0.000000E+00  0.000000E+00 -5.901707E+05
  0.000000E+00 -2.237577E+04 -5.215412E+05  4.846351E+05  0.000000E+00
  0.000000E+00  0.000000E+00  0.000000E+00  5.104982E+06  1.925208E-02
  7.265191E+03  1.453038E+04  9.000000E+01  9.000000E+01  9.000000E+01
  0.000000E+00  2.950809E+00  2.550754E+12  3.159330E+00 -5.479381E-01
 -4.418951E-01 -5.479381E-01  3.075990E+00  4.783984E-01 -4.418951E-01
  4.783984E-01  2.617107E+00  9.899783E+01  5.911427E+01  5.895370E+01
  1.222276E+03  1.554661E+04  1.745676E+02  0.000000E+00  0.000000E+00
  0.000000E+00  1.745676E+02  0.000000E+00  0.000000E+00  0.000000E+00
  1.675200E+02  9.526675E+03
    103000  1.724725E+01        52
  2.550753E+12  1.451268E+03 -5.931112E+05  8.913868E+04 -6.895801E+05
  0.000000E+00  0.000000E+00  0.000000E+00  0.000000E+00 -5.886060E+05
  0.000000E+00 -2.200584E+04 -5.207248E+05  4.840585E+05  0.000000E+00
  0.000000E+00  0.000000E+00  0.000000E+00  5.124431E+06  8.723250E+02
  7.330246E+03  1.466049E+04  9.000000E+01  9.000000E+01  9.000000E+01
  0.000000E+00  3.189534E+00  2.550754E+12  3.279123E+00 -1.945919E-01
 -8.424072E-02 -1.945919E-01  3.309762E+00 -2.814262E-01 -8.424072E-02
 -2.814262E-01  2.979717E+00  9.937641E+01  5.925245E+01  5.911545E+01
  1.235569E+03  1.557129E+04  1.747891E+02  0.000000E+00  0.000000E+00
  0.000000E+00  1.747891E+02  0.000000E+00  0.000000E+00  0.000000E+00
  1.677325E+02  1.033663E+04
    104000  1.741470E+01        52
  2.550753E+12  1.000177E+03 -5.932414E+05  8.906504E+04 -6.895757E+05
  0.000000E+00  0.000000E+00  0.000000E+00  0.000000E+00 -5.901354E+05
  0.000000E+00 -2.195007E+04 -5.202508E+05  4.837623E+05  0.000000E+00
  0.000000E+00  0.000000E+00  0.000000E+00  5.136202E+06  5.931274E-01
  7.269258E+03  1.453852E+04  9.000000E+01  9.000000E+01  9.000000E+01
  0.000000E+00  2.889300E+00  2.550754E+12  2.697231E+00 -2.782937E-01
 -3.643323E-01 -2.782937E-01  2.940300E+00  2.781627E-01 -3.643323E-01
  2.781627E-01  3.030369E+00  9.978684E+01  5.943568E+01  5.929059E+01
  1.253350E+03  1.559550E+04  1.749228E+02  0.000000E+00  0.000000E+00
  0.000000E+00  1.749228E+02  0.000000E+00  0.000000E+00  0.000000E+00
  1.678608E+02  9.385140E+03
    105000  1.758214E+01        52
  2.550753E+12  1.000000E+03 -5.932476E+05  8.914623E+04 -6.896791E+05
  0.000000E+00  0.000000E+00  0.000000E+00  0.000000E+00 -5.901422E+05
  0.000000E+00 -2.224519E+04 -5.206251E+05  4.838092E+05  0.000000E+00
  0.000000E+00  0.000000E+00  0.000000E+00  5.148035E+06  1.967329E-02
  7.285319E+03  1.457064E+04  9.000000E+01  9.000000E+01  9.000000E+01
  0.000000E+00  2.912763E+00  2.550754E+12  2.958344E+00 -2.462269E-01
 -3.970109E-01 -2.462269E-01  2.930209E+00  2.550576E-01 -3.970109E-01
  2.550576E-01  2.849735E+00  1.003602E+02  5.984229E+01  5.964718E+01
  1.284464E+03  1.563424E+04  1.750570E+02  0.000000E+00  0.000000E+00
  0.000000E+00  1.750570E+02  0.000000E+00  0.000000E+00  0.000000E+00
  1.679896E+02  9.483151E+03
    106000  1.774959E+01        52
  2.550753E+12  9.999085E+02 -5.934115E+05  8.902687E+04 -6.896970E+05
  0.000000E+00  0.000000E+00  0.000000E+00  0.000000E+00 -5.903064E+05
  0.000000E+00 -2.194349E+04 -5.198614E+05  4.834005E+05  0.000000E+00
  0.000000E+00  0.000000E+00  0.000000E+00  5.168794E+06  7.260806E-02
  7.258686E+03  1.451737E+04  9.000000E+01  9.000000E+01  9.000000E+01
  0.000000E+00  2.870241E+00  2.550754E+12  3.591983E+00 -2.141183E-01
 -5.585948E-01 -2.141183E-01  2.479686E+00  1.875477E-01 -5.585948E-01
  1.875477E-01  2.539054E+00  1.005422E+02  5.993844E+01  5.974022E+01
  1.305992E+03  1.567889E+04  1.752920E+02  0.000000E+00  0.000000E+00
  0.000000E+00  1.752920E+02  0.000000E+00  0.000000E+00  0.000000E+00
  1.682151E+02  9.382393E+03
    107000  1.791704E+01        52
  2.550753E+12  1.000306E+03 -5.934476E+05  8.902104E+04 -6.896826E+05
  0.000000E+00  0.000000E+00  0.000000E+00  0.000000E+00 -5.903412E+05
  0.000000E+00 -2.203808E+04 -5.194271E+05  4.829610E+05  0.000000E+00
  0.000000E+00  0.000000E+00  0.000000E+00  5.195291E+06  2.916056E-01
  7.214007E+03  1.442801E+04  9.000000E+01  9.000000E+01  9.000000E+01
  0.000000E+00  2.865450E+00  2.550754E+12  3.048545E+00  9.006743E-01
  1.024961E-01  9.006743E-01  3.333930E+00  1.362697E-01  1.024961E-01
  1.362697E-01  2.213875E+00  1.007893E+02  6.016416E+01  5.995430E+01
  1.338440E+03  1.572723E+04  1.755910E+02  0.000000E+00  0.000000E+00
  0.000000E+00  1.755910E+02  0.000000E+00  0.000000E+00  0.000000E+00
  1.685021E+02  9.414748E+03
    108000  1.808449E+01        52
  2.550753E+12  1.000000E+03 -5.935354E+05  8.892196E+04 -6.897299E+05
  0.000000E+00  0.000000E+00  0.000000E+00  0.000000E+00 -5.904300E+05
  0.000000E+00 -2.165810E+04 -5.191110E+05  4.829078E+05  0.000000E+00
  0.000000E+00  0.000000E+00  0.000000E+00  5.207114E+06  1.883131E-02
  7.272560E+03  1.454512E+04  9.000000E+01  9.000000E+01  9.000000E+01
  0.000000E+00  2.820288E+00  2.550754E+12  2.935426E+00  8.033764E-01
 -2.205162E-02  8.033764E-01  3.321805E+00  1.354051E-02 -2.205162E-02
  1.354051E-02  2.203634E+00  1.009504E+02  6.038365E+01  6.012905E+01
  1.349506E+03  1.574229E+04  1.757241E+02  0.000000E+00  0.000000E+00
  0.000000E+00  1.757241E+02  0.000000E+00  0.000000E+00  0.000000E+00
  1.686298E+02  9.287452E+03
    109000  1.825194E+01        52
  2.550753E+12  1.003113E+03 -5.936709E+05  8.894759E+04 -6.899103E+05
  0.000000E+00  0.000000E+00  0.000000E+00  0.000000E+00 -5.905559E+05
  0.000000E+00 -2.170275E+04 -5.191374E+05  4.828511E+05  0.000000E+00
  0.000000E+00  0.000000E+00  0.000000E+00  5.218854E+06  6.204208E+00
  7.291756E+03  1.458351E+04  9.000000E+01  9.000000E+01  9.000000E+01
  0.000000E+00  2.820404E+00  2.550754E+12  2.806032E+00  4.553762E-01
  5.106611E-01  4.553762E-01  2.727079E+00  3.647407E-01  5.106611E-01
  3.647407E-01  2.928101E+00  1.013865E+02  6.067308E+01  6.044045E+01
  1.367275E+03  1.575989E+04  1.758561E+02  0.000000E+00  0.000000E+00
  0.000000E+00  1.758561E+02  0.000000E+00  0.000000E+00  0.000000E+00
  1.687565E+02  9.308774E+03
    110000  1.841939E+01        52
  2.550753E+12  9.999592E+02 -5.939414E+05  8.814317E+04 -6.892888E+05
  0.000000E+00  0.000000E+00  0.000000E+00  0.000000E+00 -5.908360E+05
  0.000000E+00 -1.993046E+04 -5.140077E+05  4.796688E+05  0.000000E+00
  0.000000E+00  0.000000E+00  0.000000E+00  5.425823E+06  1.024194E-01
  7.204206E+03  1.440841E+04  9.000000E+01  9.000000E+01  9.000000E+01
  0.000000E+00  2.538755E+00  2.550754E+12  2.047856E+00 -1.141631E-01
  3.363159E-01 -1.141631E-01  2.211702E+00 -4.661227E-01  3.363159E-01
 -4.661227E-01  3.356706E+00  1.016920E+02  6.095332E+01  6.070483E+01
  1.376952E+03  1.610172E+04  1.781507E+02  0.000000E+00  0.000000E+00
  0.000000E+00  1.781507E+02  0.000000E+00  0.000000E+00  0.000000E+00
  1.709584E+02  8.711489E+03
    111000  1.858684E+01        52
  2.550753E+12  1.000000E+03 -5.939981E+05  8.817972E+04 -6.894180E+05
  0.000000E+00  0.000000E+00  0.000000E+00  0.000000E+00 -5.908925E+05
  0.000000E+00 -1.997791E+04 -5.139738E+05  4.795155E+05  0.000000E+00
  0.000000E+00  0.000000E+00  0.000000E+00  5.437378E+06  2.620437E-02
  7.240188E+03  1.448038E+04  9.000000E+01  9.000000E+01  9.000000E+01
  0.000000E+00  2.537984E+00  2.550754E+12  2.021795E+00 -1.029839E-01
  2.884795E-01 -1.029839E-01  2.232832E+00 -4.838164E-01  2.884795E-01
 -4.838164E-01  3.359324E+00  1.020674E+02  6.128722E+01  6.103522E+01
  1.401264E+03  1.621696E+04  1.782771E+02  0.000000E+00  0.000000E+00
  0.000000E+00  1.782771E+02  0.000000E+00  0.000000E+00  0.000000E+00
  1.710797E+02  8.727390E+03
    112000  1.875429E+01        52
  2.550753E+12  9.999388E+02 -5.941319E+05  8.824291E+04 -6.896336E+05
  0.000000E+00  0.000000E+00  0.000000E+00  0.000000E+00 -5.910265E+05
  0.000000E+00 -2.007393E+04 -5.143104E+05  4.797188E+05  0.000000E+00
  0.000000E+00  0.000000E+00  0.000000E+00  5.448993E+06  5.167252E-02
  7.258820E+03  1.451764E+04  9.000000E+01  9.000000E+01  9.000000E+01
  0.000000E+00  2.541825E+00  2.550754E+12  2.045805E+00 -9.330022E-02
  2.775191E-01 -9.330022E-02  2.267798E+00 -4.994816E-01  2.775191E-01
 -4.994816E-01  3.311873E+00  1.027138E+02  6.185870E+01  6.157545E+01
  1.440906E+03  1.634568E+04  1.784039E+02  0.000000E+00  0.000000E+00
  0.000000E+00  1.784039E+02  0.000000E+00  0.000000E+00  0.000000E+00
  1.712014E+02  8.759270E+03
    113000  1.892174E+01        52
  2.550753E+12  1.000118E+03 -5.941870E+05  8.834752E+04 -6.898020E+05
  0.000000E+00  0.000000E+00  0.000000E+00  0.000000E+00 -5.910811E+05
  0.000000E+00 -2.038929E+04 -5.148184E+05  4.798941E+05  0.000000E+00
  0.000000E+00  0.000000E+00  0.000000E+00  5.460738E+06  1.057586E-01
  7.267510E+03  1.453502E+04  9.000000E+01  9.000000E+01  9.000000E+01
  0.000000E+00  2.566904E+00  2.550754E+12  2.054048E+00 -7.860058E-02
  2.250739E-01 -7.860058E-02  2.345368E+00 -5.475682E-01  2.250739E-01
 -5.475682E-01  3.301296E+00  1.034874E+02  6.260061E+01  6.230227E+01
  1.496855E+03  1.648968E+04  1.785320E+02  0.000000E+00  0.000000E+00
  0.000000E+00  1.785320E+02  0.000000E+00  0.000000E+00  0.000000E+00
  1.713244E+02  8.864760E+03
    114000  1.908919E+01        52
  2.550753E+12  1.000000E+03 -5.942832E+05  8.843302E+04 -6.899948E+05
  0.000000E+00  0.000000E+00  0.000000E+00  0.000000E+00 -5.911776E+05
  0.000000E+00 -2.060116E+04 -5.151883E+05  4.800299E+05  0.000000E+00
  0.000000E+00  0.000000E+00  0.000000E+00  5.472594E+06  2.454823E-02
  7.278608E+03  1.455722E+04  9.000000E+01  9.000000E+01  9.000000E+01
  0.000000E+00  2.581678E+00  2.550754E+12  2.060130E+00 -6.113913E-02
  1.634605E-01 -6.113913E-02  2.368075E+00 -5.574612E-01  1.634605E-01
 -5.574612E-01  3.316829E+00  1.043751E+02  6.337339E+01  6.320575E+01
  1.568410E+03  1.664949E+04  1.786611E+02  0.000000E+00  0.000000E+00
  0.000000E+00  1.786611E+02  0.000000E+00  0.000000E+00  0.000000E+00
  1.714483E+02  8.935140E+03
    115000  1.925663E+01        52
  2.550753E+12  9.998809E+02 -5.943413E+05  8.839264E+04 -6.900187E+05
  0.000000E+00  0.000000E+00  0.000000E+00  0.000000E+00 -5.912361E+05
  0.000000E+00 -2.041134E+04 -5.148632E+05  4.798823E+05  0.000000E+00
  0.000000E+00  0.000000E+00  0.000000E+00  5.484497E+06  9.580597E-02
  7.284790E+03  1.456958E+04  9.000000E+01  9.000000E+01  9.000000E+01
  0.000000E+00  2.557762E+00  2.550754E+12  2.044007E+00 -5.532639E-02
  1.510990E-01 -5.532639E-02  2.362073E+00 -5.525786E-01  1.510990E-01
 -5.525786E-01  3.267206E+00  1.053193E+02  6.422442E+01  6.413397E+01
  1.655335E+03  1.682307E+04  1.787906E+02  0.000000E+00  0.000000E+00
  0.000000E+00  1.787906E+02  0.000000E+00  0.000000E+00  0.000000E+00
  1.715725E+02  8.871621E+03
    116000  1.942408E+01        52
  2.550753E+12  1.000040E+03 -5.943411E+05  8.852440E+04 -6.901707E+05
  0.000000E+00  0.000000E+00  0.000000E+00  0.000000E+00 -5.912354E+05
  0.000000E+00 -2.080926E+04 -5.155149E+05  4.800953E+05  0.000000E+00
  0.000000E+00  0.000000E+00  0.000000E+00  5.496463E+06  9.635155E-02
  7.305180E+03  1.461036E+04  9.000000E+01  9.000000E+01  9.000000E+01
  0.000000E+00  2.590446E+00  2.550754E+12  2.089140E+00  1.281841E-02
  7.705308E-02  1.281841E-02  2.580438E+00 -4.775807E-01  7.705308E-02
 -4.775807E-01  3.101761E+00  1.065744E+02  6.533553E+01  6.521898E+01
  1.752813E+03  1.700254E+04  1.789205E+02  0.000000E+00  0.000000E+00
  0.000000E+00  1.789205E+02  0.000000E+00  0.000000E+00  0.000000E+00
  1.716972E+02  9.004589E+03
    117000  1.959153E+01        52
  2.550753E+12  1.000000E+03 -5.943274E+05  8.872402E+04 -6.903929E+05
  0.000000E+00  0.000000E+00  0.000000E+00  0.000000E+00 -5.912218E+05
  0.000000E+00 -2.127189E+04 -5.165258E+05  4.805708E+05  0.000000E+00
  0.000000E+00  0.000000E+00  0.000000E+00  5.508632E+06  2.648458E-02
  7.341545E+03  1.468309E+04  9.000000E+01  9.000000E+01  9.000000E+01
  0.000000E+00  2.628965E+00  2.550754E+12  2.122025E+00  2.112242E-02
  3.323136E-02  2.112242E-02  2.767731E+00 -4.389581E-01  3.323136E-02
 -4.389581E-01  2.997138E+00  1.086377E+02  6.661222E+01  6.648627E+01
  1.855727E+03  1.717913E+04  1.790524E+02  0.000000E+00  0.000000E+00
  0.000000E+00  1.790524E+02  0.000000E+00  0.000000E+00  0.000000E+00
  1.718238E+02  9.158716E+03
    118000  1.975898E+01        52
  2.550753E+12  1.000075E+03 -5.943861E+05  8.882532E+04 -6.905651E+05
  0.000000E+00  0.000000E+00  0.000000E+00  0.000000E+00 -5.912802E+05
  0.000000E+00 -2.154586E+04 -5.171069E+05  4.808536E+05  0.000000E+00
  0.000000E+00  0.000000E+00  0.000000E+00  5.520963E+06  7.392290E-02
  7.353704E+03  1.470741E+04  9.000000E+01  9.000000E+01  9.000000E+01
  0.000000E+00  2.649293E+00  2.550754E+12  2.182399E+00  4.575998E-02
 -8.967993E-03  4.575998E-02  2.784438E+00 -3.966868E-01 -8.967993E-03
 -3.966868E-01  2.981042E+00  1.136921E+02  6.785806E+01  6.782876E+01
  1.969326E+03  1.736374E+04  1.791859E+02  0.000000E+00  0.000000E+00
  0.000000E+00  1.791859E+02  0.000000E+00  0.000000E+00  0.000000E+00
  1.719519E+02  9.250195E+03
    119000  1.992643E+01        52
  2.550753E+12  1.001642E+03 -5.944172E+05  8.879461E+04 -6.906046E+05
  0.000000E+00  0.000000E+00  0.000000E+00  0.000000E+00 -5.913065E+05
  0.000000E+00 -2.132060E+04 -5.167928E+05  4.806866E+05  0.000000E+00
  0.000000E+00  0.000000E+00  0.000000E+00  5.533384E+06  3.806482E+00
  7.392799E+03  1.478560E+04  9.000000E+01  9.000000E+01  9.000000E+01
  0.000000E+00  2.622815E+00  2.550754E+12  2.185247E+00  1.029706E-03
  2.225475E-02  1.029706E-03  2.964207E+00 -2.876202E-01  2.225475E-02
 -2.876202E-01  2.718992E+00  1.225147E+02  6.917356E+01  6.925872E+01
  2.090058E+03  1.755144E+04  1.793202E+02  0.000000E+00  0.000000E+00
  0.000000E+00  1.793202E+02  0.000000E+00  0.000000E+00  0.000000E+00
  1.720807E+02  9.178349E+03
    120000  2.009388E+01        52
  2.550753E+12  9.408554E+02 -5.956830E+05  8.175440E+04 -6.843529E+05
  0.000000E+00  0.000000E+00  0.000000E+00  0.000000E+00 -5.927600E+05
  0.000000E+00 -3.113979E+03 -4.722181E+05  4.552731E+05  0.000000E+00
  0.000000E+00  0.000000E+00  0.000000E+00  6.854458E+06  6.972760E+01
  6.915525E+03  1.383105E+04  9.000000E+01  9.000000E+01  9.000000E+01
  0.000000E+00  6.883118E-01  2.550754E+12  3.179315E-01  1.932735E-01
  4.992064E-02  1.932735E-01  1.270882E+00  4.368627E-01  4.992064E-02
  4.368627E-01  4.761218E-01  7.655819E-02  2.758791E-02  3.268345E-02
  2.449459E+00  2.442494E+00  1.925854E+02  0.000000E+00  0.000000E+00
  0.000000E+00  1.925854E+02  0.000000E+00  0.000000E+00  0.000000E+00
  1.848104E+02  2.983763E+03
    121000  2.026133E+01        52
  2.550753E+12  6.123330E+02 -5.968032E+05  7.727950E+04 -6.805124E+05
  0.000000E+00  0.000000E+00  0.000000E+00  0.000000E+00 -5.948962E+05
  0.000000E+00  3.374983E+03 -4.389156E+05  4.294311E+05  0.000000E+00
  0.000000E+00  0.000000E+00  0.000000E+00  1.180933E+07  4.386971E+01
  6.429774E+03  1.285955E+04  9.000000E+01  9.000000E+01  9.000000E+01
  0.000000E+00  1.892802E-02  2.550754E+12 -6.533897E-02  2.764315E-02
  3.687978E-03  2.764315E-02  1.827565E-01  1.021633E-01  3.687978E-03
  1.021633E-01 -6.063344E-02  8.980962E-01  4.721966E-01  5.450407E-01
  1.333052E+01  1.324663E+01  2.308735E+02  0.000000E+00  0.000000E+00
  0.000000E+00  2.308735E+02  0.000000E+00  0.000000E+00  0.000000E+00
  2.215527E+02  1.413632E+02
    122000  2.042878E+01        52
  2.550753E+12  7.389426E+02 -5.976715E+05  7.724503E+04 -6.816683E+05
  0.000000E+00  0.000000E+00  0.000000E+00  0.000000E+00 -5.953674E+05
  0.000000E+00  3.189195E+03 -4.330136E+05  4.226993E+05  0.000000E+00
  0.000000E+00  0.000000E+00  0.000000E+00  1.871667E+07  4.145890E+01
  6.751768E+03  1.350354E+04  9.000000E+01  9.000000E+01  9.000000E+01
  0.000000E+00  3.929541E-02  2.550754E+12  6.263614E-03  8.680718E-03
 -2.630226E-03  8.680718E-03  8.861351E-02  3.358254E-02 -2.630226E-03
  3.358254E-02  2.300910E-02  2.948036E+00  1.794523E+00  2.093488E+00
  2.562852E+01  2.537013E+01  2.691794E+02  0.000000E+00  0.000000E+00
  0.000000E+00  2.691794E+02  0.000000E+00  0.000000E+00  0.000000E+00
  2.583122E+02  4.651321E+02
    123000  2.059623E+01        52
  2.550756E+12  8.681267E-01 -5.983161E+05  7.534075E+04 -6.803351E+05
  0.000000E+00  0.000000E+00  0.000000E+00  0.000000E+00 -5.982968E+05
  0.000000E+00  8.083277E+03 -4.184833E+05  4.132102E+05  0.000000E+00
  0.000000E+00  0.000000E+00  0.000000E+00  2.628807E+07  8.350753E-04
  6.678200E+03  1.335640E+04  9.000000E+01  9.000000E+01  9.000000E+01
  0.000000E+00 -1.619616E-01  2.550757E+12 -1.777735E-01  3.498251E-03
 -7.090196E-03  3.498251E-03 -1.367476E-01  4.427314E-03 -7.090196E-03
  4.427314E-03 -1.713636E-01  4.819020E+00  3.099646E+00  3.696469E+00
  3.282719E+01  2.182279E+02  3.014523E+02  0.000000E+00  0.000000E+00
  0.000000E+00  3.014523E+02  0.000000E+00  0.000000E+00  0.000000E+00
  2.892821E+02 -2.692630E+03
    124000  2.076368E+01        52
  2.550756E+12  4.007535E-01 -5.984994E+05  7.670478E+04 -6.818216E+05
  0.000000E+00  0.000000E+00  0.000000E+00  0.000000E+00 -5.984816E+05
  0.000000E+00  4.367286E+03 -4.261796E+05  4.173119E+05  0.000000E+00
  0.000000E+00  0.000000E+00  0.000000E+00  2.612417E+07  2.946649E-04
  6.617464E+03  1.323493E+04  9.000000E+01  9.000000E+01  9.000000E+01
  0.000000E+00 -8.806322E-02  2.550757E+12 -1.003151E-01  2.852777E-03
 -5.665918E-03  2.852777E-03 -6.602784E-02  3.452650E-03 -5.665918E-03
  3.452650E-03 -9.784676E-02  4.839134E+00  3.119940E+00  3.727157E+00
  3.284380E+01  2.182596E+02  3.008245E+02  0.000000E+00  0.000000E+00
  0.000000E+00  3.008245E+02  0.000000E+00  0.000000E+00  0.000000E+00
  2.886797E+02 -1.454933E+03
    125000  2.093112E+01        52
  2.550756E+12  3.047508E-01 -5.986025E+05  7.719136E+04 -6.824327E+05
  0.000000E+00  0.000000E+00  0.000000E+00  0.000000E+00 -5.985851E+05
  0.000000E+00  3.226723E+03 -4.291511E+05  4.191000E+05  0.000000E+00
  0.000000E+00  0.000000E+00  0.000000E+00  2.601109E+07  1.407285E-04
  6.638874E+03  1.327775E+04  9.000000E+01  9.000000E+01  9.000000E+01
  0.000000E+00 -6.534636E-02  2.550757E+12 -7.637391E-02  2.821689E-03
 -4.896616E-03  2.821689E-03 -4.439196E-02  2.834141E-03 -4.896616E-03
  2.834141E-03 -7.527320E-02  4.853500E+00  3.137876E+00  3.751731E+00
  3.285455E+01  2.182834E+02  3.003898E+02  0.000000E+00  0.000000E+00
  0.000000E+00  3.003898E+02  0.000000E+00  0.000000E+00  0.000000E+00
  2.882625E+02 -1.074944E+03
    126000  2.109857E+01        52
  2.550756E+12  2.633614E-01 -5.986898E+05  7.750830E+04 -6.828619E+05
  0.000000E+00  0.000000E+00  0.000000E+00  0.000000E+00 -5.986726E+05
  0.000000E+00  2.539738E+03 -4.310920E+05  4.203042E+05  0.000000E+00
  0.000000E+00  0.000000E+00  0.000000E+00  2.591875E+07  1.269689E-04
  6.663757E+03  1.332751E+04  9.000000E+01  9.000000E+01  9.000000E+01
  0.000000E+00 -5.161408E-02  2.550757E+12 -6.230848E-02  2.418031E-03
 -4.762462E-03  2.418031E-03 -3.081040E-02  2.465640E-03 -4.762462E-03
  2.465640E-03 -6.172334E-02  4.868584E+00  3.154451E+00  3.774198E+00
  3.286694E+01  2.183062E+02  3.000339E+02  0.000000E+00  0.000000E+00
  0.000000E+00  3.000339E+02  0.000000E+00  0.000000E+00  0.000000E+00
  2.879210E+02 -8.460347E+02
    127000  2.126602E+01        52
  2.550756E+12  2.612095E-01 -5.987593E+05  7.775454E+04 -6.832041E+05
  0.000000E+00  0.000000E+00  0.000000E+00  0.000000E+00 -5.987421E+05
  0.000000E+00  2.060670E+03 -4.325802E+05  4.212603E+05  0.000000E+00
  0.000000E+00  0.000000E+00  0.000000E+00  2.584011E+07  2.035524E-04
  6.690303E+03  1.338061E+04  9.000000E+01  9.000000E+01  9.000000E+01
  0.000000E+00 -4.199959E-02  2.550757E+12 -5.216411E-02  2.169940E-03
 -4.429688E-03  2.169940E-03 -2.176825E-02  2.209937E-03 -4.429688E-03
  2.209937E-03 -5.206640E-02  4.883296E+00  3.170577E+00  3.796168E+00
  3.288081E+01  2.183286E+02  2.997302E+02  0.000000E+00  0.000000E+00
  0.000000E+00  2.997302E+02  0.000000E+00  0.000000E+00  0.000000E+00
  2.876295E+02 -6.863497E+02
