#Li56 La24 Zr16 O96                                                     
        15       120
Li      Li      
  2.500000E-02  0.000000E+00  0.000000E+00
  7.500000E-02  0.000000E+00  0.000000E+00
  1.250000E-01  0.000000E+00  0.000000E+00
  1.750000E-01  0.000000E+00  0.000000E+00
  2.250000E-01  0.000000E+00  0.000000E+00
  2.750000E-01  0.000000E+00  0.000000E+00
  3.250000E-01  0.000000E+00  0.000000E+00
  3.750000E-01  0.000000E+00  0.000000E+00
  4.250000E-01  0.000000E+00  0.000000E+00
  4.750000E-01  0.000000E+00  0.000000E+00
  5.250000E-01  0.000000E+00  0.000000E+00
  5.750000E-01  0.000000E+00  0.000000E+00
  6.250000E-01  0.000000E+00  0.000000E+00
  6.750000E-01  0.000000E+00  0.000000E+00
  7.250000E-01  0.000000E+00  0.000000E+00
  7.750000E-01  0.000000E+00  0.000000E+00
  8.250000E-01  0.000000E+00  0.000000E+00
  8.750000E-01  0.000000E+00  0.000000E+00
  9.250000E-01  0.000000E+00  0.000000E+00
  9.750000E-01  9.157274E-05  1.322304E-06
  1.025000E+00  0.000000E+00  1.322304E-06
  1.075000E+00  0.000000E+00  1.322304E-06
  1.125000E+00  1.375701E-04  3.966913E-06
  1.175000E+00  2.333088E-03  5.289218E-05
  1.225000E+00  1.479375E-02  3.900798E-04
  1.275000E+00  7.920686E-02  2.345768E-03
  1.325000E+00  3.216357E-01  1.092223E-02
  1.375000E+00  7.196491E-01  3.158721E-02
  1.425000E+00  1.504628E+00  7.799216E-02
  1.475000E+00  2.299059E+00  1.539612E-01
  1.525000E+00  3.546446E+00  2.792271E-01
  1.575000E+00  4.502836E+00  4.488734E-01
  1.625000E+00  5.445789E+00  6.672785E-01
  1.675000E+00  5.357507E+00  8.955677E-01
  1.725000E+00  4.040428E+00  1.078166E+00
  1.775000E+00  3.074928E+00  1.225303E+00
  1.825000E+00  2.521666E+00  1.352859E+00
  1.875000E+00  1.943129E+00  1.456610E+00
  1.925000E+00  1.448357E+00  1.538122E+00
  1.975000E+00  1.038193E+00  1.599625E+00
  2.025000E+00  6.772490E-01  1.641802E+00
  2.075000E+00  4.987633E-01  1.674417E+00
  2.125000E+00  4.478045E-01  1.705127E+00
  2.175000E+00  3.890792E-01  1.733081E+00
  2.225000E+00  3.793169E-01  1.761600E+00
  2.275000E+00  3.457022E-01  1.788774E+00
  2.325000E+00  3.127448E-01  1.814449E+00
  2.375000E+00  2.957333E-01  1.839783E+00
  2.425000E+00  3.772221E-01  1.873473E+00
  2.475000E+00  3.738615E-01  1.908253E+00
  2.525000E+00  4.083513E-01  1.947793E+00
  2.575000E+00  4.165461E-01  1.989739E+00
  2.625000E+00  4.456733E-01  2.036378E+00
  2.675000E+00  4.902996E-01  2.089660E+00
  2.725000E+00  5.494025E-01  2.151618E+00
  2.775000E+00  4.967904E-01  2.209717E+00
  2.825000E+00  5.885695E-01  2.281053E+00
  2.875000E+00  6.423179E-01  2.361683E+00
  2.925000E+00  6.636145E-01  2.447909E+00
  2.975000E+00  7.338607E-01  2.546551E+00
  3.025000E+00  7.303544E-01  2.648048E+00
  3.075000E+00  6.979108E-01  2.748270E+00
  3.125000E+00  7.215128E-01  2.855277E+00
  3.175000E+00  7.269433E-01  2.966568E+00
  3.225000E+00  7.648774E-01  3.087383E+00
  3.275000E+00  7.380968E-01  3.207610E+00
  3.325000E+00  7.781170E-01  3.338257E+00
  3.375000E+00  7.844631E-01  3.473960E+00
  3.425000E+00  7.630478E-01  3.609898E+00
  3.475000E+00  7.676233E-01  3.750673E+00
  3.525000E+00  7.710803E-01  3.896181E+00
  3.575000E+00  7.571158E-01  4.043135E+00
  3.625000E+00  7.085916E-01  4.184545E+00
  3.675000E+00  7.361493E-01  4.335535E+00
  3.725000E+00  7.515655E-01  4.493910E+00
  3.775000E+00  8.076852E-01  4.668711E+00
  3.825000E+00  8.449932E-01  4.856462E+00
  3.875000E+00  8.231539E-01  5.044174E+00
  3.925000E+00  8.960844E-01  5.253824E+00
  3.975000E+00  9.153594E-01  5.473474E+00
  4.025000E+00  8.937963E-01  5.693380E+00
  4.075000E+00  9.144059E-01  5.923981E+00
  4.125000E+00  9.441983E-01  6.167974E+00
  4.175000E+00  9.158341E-01  6.410409E+00
  4.225000E+00  9.467015E-01  6.667054E+00
  4.275000E+00  9.300221E-01  6.925179E+00
  4.325000E+00  9.062368E-01  7.182621E+00
  4.375000E+00  9.423256E-01  7.456541E+00
  4.425000E+00  9.251216E-01  7.731641E+00
  4.475000E+00  9.481954E-01  8.020010E+00
  4.525000E+00  9.216587E-01  8.306608E+00
  4.575000E+00  9.559727E-01  8.610482E+00
  4.625000E+00  9.597725E-01  8.922268E+00
  4.675000E+00  9.061950E-01  9.223048E+00
  4.725000E+00  9.297447E-01  9.538282E+00
  4.775000E+00  9.305234E-01  9.860492E+00
  4.825000E+00  9.319343E-01  1.018998E+01
  4.875000E+00  9.666914E-01  1.053888E+01
  4.925000E+00  9.230116E-01  1.087889E+01
  4.975000E+00  9.852944E-01  1.124924E+01
  5.025000E+00  9.807909E-01  1.162535E+01
  5.075000E+00  9.885883E-01  1.201203E+01
  5.125000E+00  9.814197E-01  1.240351E+01
  5.175000E+00  1.017853E+00  1.281748E+01
  5.225000E+00  1.012796E+00  1.323739E+01
  5.275000E+00  1.019452E+00  1.366819E+01
  5.325000E+00  1.022638E+00  1.410857E+01
  5.375000E+00  1.050689E+00  1.456956E+01
  5.425000E+00  1.042875E+00  1.503568E+01
  5.475000E+00  1.026819E+00  1.550312E+01
  5.525000E+00  1.029793E+00  1.598052E+01
  5.575000E+00  1.039506E+00  1.647118E+01
  5.625000E+00  1.050401E+00  1.697591E+01
  5.675000E+00  1.043061E+00  1.748607E+01
  5.725000E+00  1.042744E+00  1.800510E+01
  5.775000E+00  1.033193E+00  1.852840E+01
  5.825000E+00  1.013343E+00  1.905057E+01
  5.875000E+00  1.022220E+00  1.958639E+01
  5.925000E+00  1.020085E+00  2.013024E+01
  5.975000E+00  9.892432E-01  2.066658E+01
Li      La      
  2.500000E-02  0.000000E+00  0.000000E+00
  7.500000E-02  0.000000E+00  0.000000E+00
  1.250000E-01  0.000000E+00  0.000000E+00
  1.750000E-01  0.000000E+00  0.000000E+00
  2.250000E-01  0.000000E+00  0.000000E+00
  2.750000E-01  0.000000E+00  0.000000E+00
  3.250000E-01  0.000000E+00  0.000000E+00
  3.750000E-01  0.000000E+00  0.000000E+00
  4.250000E-01  0.000000E+00  0.000000E+00
  4.750000E-01  0.000000E+00  0.000000E+00
  5.250000E-01  0.000000E+00  0.000000E+00
  5.750000E-01  0.000000E+00  0.000000E+00
  6.250000E-01  0.000000E+00  0.000000E+00
  6.750000E-01  0.000000E+00  0.000000E+00
  7.250000E-01  0.000000E+00  0.000000E+00
  7.750000E-01  0.000000E+00  0.000000E+00
  8.250000E-01  0.000000E+00  0.000000E+00
  8.750000E-01  0.000000E+00  0.000000E+00
  9.250000E-01  0.000000E+00  0.000000E+00
  9.750000E-01  0.000000E+00  0.000000E+00
  1.025000E+00  0.000000E+00  0.000000E+00
  1.075000E+00  0.000000E+00  0.000000E+00
  1.125000E+00  0.000000E+00  0.000000E+00
  1.175000E+00  0.000000E+00  0.000000E+00
  1.225000E+00  0.000000E+00  0.000000E+00
  1.275000E+00  0.000000E+00  0.000000E+00
  1.325000E+00  0.000000E+00  0.000000E+00
  1.375000E+00  0.000000E+00  0.000000E+00
  1.425000E+00  0.000000E+00  0.000000E+00
  1.475000E+00  0.000000E+00  0.000000E+00
  1.525000E+00  0.000000E+00  0.000000E+00
  1.575000E+00  0.000000E+00  0.000000E+00
  1.625000E+00  0.000000E+00  0.000000E+00
  1.675000E+00  0.000000E+00  0.000000E+00
  1.725000E+00  0.000000E+00  0.000000E+00
  1.775000E+00  0.000000E+00  0.000000E+00
  1.825000E+00  0.000000E+00  0.000000E+00
  1.875000E+00  0.000000E+00  0.000000E+00
  1.925000E+00  0.000000E+00  0.000000E+00
  1.975000E+00  0.000000E+00  0.000000E+00
  2.025000E+00  0.000000E+00  0.000000E+00
  2.075000E+00  0.000000E+00  0.000000E+00
  2.125000E+00  0.000000E+00  0.000000E+00
  2.175000E+00  3.004142E-04  9.250009E-06
  2.225000E+00  2.317022E-03  8.391080E-05
  2.275000E+00  1.121879E-02  4.618397E-04
  2.325000E+00  5.537863E-02  2.410288E-03
  2.375000E+00  1.841217E-01  9.170063E-03
  2.425000E+00  4.853558E-01  2.774738E-02
  2.475000E+00  9.746597E-01  6.660733E-02
  2.525000E+00  1.599842E+00  1.329966E-01
  2.575000E+00  2.022650E+00  2.202883E-01
  2.625000E+00  2.195522E+00  3.187560E-01
  2.675000E+00  2.317989E+00  4.267142E-01
  2.725000E+00  2.566530E+00  5.507581E-01
  2.775000E+00  2.738011E+00  6.879906E-01
  2.825000E+00  2.696620E+00  8.280628E-01
  2.875000E+00  2.850373E+00  9.814088E-01
  2.925000E+00  2.928816E+00  1.144503E+00
  2.975000E+00  2.887594E+00  1.310846E+00
  3.025000E+00  2.543268E+00  1.462319E+00
  3.075000E+00  2.389938E+00  1.609405E+00
  3.125000E+00  2.163150E+00  1.746898E+00
  3.175000E+00  1.964283E+00  1.875778E+00
  3.225000E+00  1.620566E+00  1.985481E+00
  3.275000E+00  1.516776E+00  2.091366E+00
  3.325000E+00  1.389663E+00  2.191363E+00
  3.375000E+00  1.277061E+00  2.286041E+00
  3.425000E+00  1.111428E+00  2.370900E+00
  3.475000E+00  1.065939E+00  2.454678E+00
  3.525000E+00  9.702546E-01  2.533147E+00
  3.575000E+00  9.390237E-01  2.611259E+00
  3.625000E+00  8.375381E-01  2.682892E+00
  3.675000E+00  7.857849E-01  2.751965E+00
  3.725000E+00  7.876137E-01  2.823096E+00
  3.775000E+00  7.472632E-01  2.892406E+00
  3.825000E+00  7.477612E-01  2.963612E+00
  3.875000E+00  7.018510E-01  3.032205E+00
  3.925000E+00  7.049258E-01  3.102887E+00
  3.975000E+00  7.203842E-01  3.176972E+00
  4.025000E+00  6.601329E-01  3.246579E+00
  4.075000E+00  6.893074E-01  3.321079E+00
  4.125000E+00  6.914373E-01  3.397655E+00
  4.175000E+00  7.192367E-01  3.479252E+00
  4.225000E+00  7.057890E-01  3.561252E+00
  4.275000E+00  7.303245E-01  3.648124E+00
  4.325000E+00  7.157016E-01  3.735259E+00
  4.375000E+00  7.444054E-01  3.827996E+00
  4.425000E+00  7.087807E-01  3.918325E+00
  4.475000E+00  7.403669E-01  4.014824E+00
  4.525000E+00  7.718592E-01  4.117688E+00
  4.575000E+00  7.791849E-01  4.223836E+00
  4.625000E+00  7.946523E-01  4.334470E+00
  4.675000E+00  8.115964E-01  4.449919E+00
  4.725000E+00  7.904322E-01  4.564776E+00
  4.775000E+00  8.543731E-01  4.691565E+00
  4.825000E+00  8.946777E-01  4.827131E+00
  4.875000E+00  8.612986E-01  4.960357E+00
  4.925000E+00  9.369190E-01  5.108269E+00
  4.975000E+00  9.796870E-01  5.266088E+00
  5.025000E+00  9.735145E-01  5.426082E+00
  5.075000E+00  1.011455E+00  5.595635E+00
  5.125000E+00  1.030125E+00  5.771738E+00
  5.175000E+00  1.020402E+00  5.949598E+00
  5.225000E+00  1.101742E+00  6.145365E+00
  5.275000E+00  1.075990E+00  6.340233E+00
  5.325000E+00  1.094038E+00  6.542144E+00
  5.375000E+00  1.138432E+00  6.756211E+00
  5.425000E+00  1.160125E+00  6.978436E+00
  5.475000E+00  1.201718E+00  7.212890E+00
  5.525000E+00  1.152577E+00  7.441882E+00
  5.575000E+00  1.170049E+00  7.678573E+00
  5.625000E+00  1.196061E+00  7.924885E+00
  5.675000E+00  1.195176E+00  8.175409E+00
  5.725000E+00  1.168862E+00  8.424754E+00
  5.775000E+00  1.173222E+00  8.679420E+00
  5.825000E+00  1.156105E+00  8.934735E+00
  5.875000E+00  1.176369E+00  9.199004E+00
  5.925000E+00  1.148438E+00  9.461408E+00
  5.975000E+00  1.151892E+00  9.729063E+00
Li      Zr      
  2.500000E-02  0.000000E+00  0.000000E+00
  7.500000E-02  0.000000E+00  0.000000E+00
  1.250000E-01  0.000000E+00  0.000000E+00
  1.750000E-01  0.000000E+00  0.000000E+00
  2.250000E-01  0.000000E+00  0.000000E+00
  2.750000E-01  0.000000E+00  0.000000E+00
  3.250000E-01  0.000000E+00  0.000000E+00
  3.750000E-01  0.000000E+00  0.000000E+00
  4.250000E-01  0.000000E+00  0.000000E+00
  4.750000E-01  0.000000E+00  0.000000E+00
  5.250000E-01  0.000000E+00  0.000000E+00
  5.750000E-01  0.000000E+00  0.000000E+00
  6.250000E-01  0.000000E+00  0.000000E+00
  6.750000E-01  0.000000E+00  0.000000E+00
  7.250000E-01  0.000000E+00  0.000000E+00
  7.750000E-01  0.000000E+00  0.000000E+00
  8.250000E-01  0.000000E+00  0.000000E+00
  8.750000E-01  0.000000E+00  0.000000E+00
  9.250000E-01  0.000000E+00  0.000000E+00
  9.750000E-01  0.000000E+00  0.000000E+00
  1.025000E+00  0.000000E+00  0.000000E+00
  1.075000E+00  0.000000E+00  0.000000E+00
  1.125000E+00  0.000000E+00  0.000000E+00
  1.175000E+00  0.000000E+00  0.000000E+00
  1.225000E+00  0.000000E+00  0.000000E+00
  1.275000E+00  0.000000E+00  0.000000E+00
  1.325000E+00  0.000000E+00  0.000000E+00
  1.375000E+00  0.000000E+00  0.000000E+00
  1.425000E+00  0.000000E+00  0.000000E+00
  1.475000E+00  0.000000E+00  0.000000E+00
  1.525000E+00  0.000000E+00  0.000000E+00
  1.575000E+00  0.000000E+00  0.000000E+00
  1.625000E+00  0.000000E+00  0.000000E+00
  1.675000E+00  5.426996E-05  6.607149E-07
  1.725000E+00  0.000000E+00  6.607149E-07
  1.775000E+00  0.000000E+00  6.607149E-07
  1.825000E+00  0.000000E+00  6.607149E-07
  1.875000E+00  0.000000E+00  6.607149E-07
  1.925000E+00  0.000000E+00  6.607149E-07
  1.975000E+00  7.807176E-05  1.982145E-06
  2.025000E+00  1.002566E-03  1.982145E-05
  2.075000E+00  8.452049E-03  1.777323E-04
  2.125000E+00  6.838351E-02  1.517662E-03
  2.175000E+00  1.910956E-01  5.440327E-03
  2.225000E+00  3.095685E-01  1.209042E-02
  2.275000E+00  6.052554E-01  2.568331E-02
  2.325000E+00  9.512674E-01  4.799632E-02
  2.375000E+00  1.138797E+00  7.586924E-02
  2.425000E+00  1.538200E+00  1.151197E-01
  2.475000E+00  2.472991E+00  1.808522E-01
  2.525000E+00  3.382228E+00  2.744213E-01
  2.575000E+00  3.777765E+00  3.831129E-01
  2.625000E+00  4.050974E+00  5.042352E-01
  2.675000E+00  4.275666E+00  6.369920E-01
  2.725000E+00  3.957594E+00  7.645093E-01
  2.775000E+00  3.593775E+00  8.845923E-01
  2.825000E+00  2.861336E+00  9.836777E-01
  2.875000E+00  2.192355E+00  1.062308E+00
  2.925000E+00  1.796765E+00  1.129011E+00
  2.975000E+00  1.444646E+00  1.184491E+00
  3.025000E+00  1.182226E+00  1.231433E+00
  3.075000E+00  9.994022E-01  1.272437E+00
  3.125000E+00  8.517330E-01  1.308529E+00
  3.175000E+00  7.847274E-01  1.342854E+00
  3.225000E+00  7.013927E-01  1.374507E+00
  3.275000E+00  6.272144E-01  1.403697E+00
  3.325000E+00  6.323892E-01  1.434034E+00
  3.375000E+00  5.676312E-01  1.462089E+00
  3.425000E+00  5.679761E-01  1.491000E+00
  3.475000E+00  5.178798E-01  1.518135E+00
  3.525000E+00  5.634377E-01  1.548514E+00
  3.575000E+00  5.510045E-01  1.579070E+00
  3.625000E+00  6.222380E-01  1.614549E+00
  3.675000E+00  6.890002E-01  1.654926E+00
  3.725000E+00  6.334044E-01  1.693062E+00
  3.775000E+00  6.197073E-01  1.731382E+00
  3.825000E+00  6.849580E-01  1.774865E+00
  3.875000E+00  7.426305E-01  1.823251E+00
  3.925000E+00  7.551040E-01  1.873727E+00
  3.975000E+00  7.449778E-01  1.924803E+00
  4.025000E+00  8.106587E-01  1.981789E+00
  4.075000E+00  8.078517E-01  2.039997E+00
  4.125000E+00  8.802375E-01  2.104987E+00
  4.175000E+00  9.310889E-01  2.175408E+00
  4.225000E+00  9.196315E-01  2.246638E+00
  4.275000E+00  9.318733E-01  2.320535E+00
  4.325000E+00  9.093285E-01  2.394341E+00
  4.375000E+00  9.013198E-01  2.469198E+00
  4.425000E+00  8.562123E-01  2.541944E+00
  4.475000E+00  8.902302E-01  2.619298E+00
  4.525000E+00  9.311109E-01  2.702023E+00
  4.575000E+00  8.672419E-01  2.780785E+00
  4.625000E+00  8.873956E-01  2.863149E+00
  4.675000E+00  8.894588E-01  2.947500E+00
  4.725000E+00  9.096311E-01  3.035618E+00
  4.775000E+00  9.028825E-01  3.124943E+00
  4.825000E+00  8.772031E-01  3.213555E+00
  4.875000E+00  9.272949E-01  3.309178E+00
  4.925000E+00  8.822208E-01  3.402029E+00
  4.975000E+00  9.378498E-01  3.502749E+00
  5.025000E+00  9.323591E-01  3.604902E+00
  5.075000E+00  9.883703E-01  3.715358E+00
  5.125000E+00  1.014497E+00  3.830979E+00
  5.175000E+00  1.052620E+00  3.953296E+00
  5.225000E+00  1.055138E+00  4.078287E+00
  5.275000E+00  1.028176E+00  4.202426E+00
  5.325000E+00  1.068362E+00  4.333874E+00
  5.375000E+00  1.129445E+00  4.475459E+00
  5.425000E+00  1.094194E+00  4.615189E+00
  5.475000E+00  1.087121E+00  4.756587E+00
  5.525000E+00  1.078179E+00  4.899394E+00
  5.575000E+00  1.144360E+00  5.053723E+00
  5.625000E+00  1.152355E+00  5.211931E+00
  5.675000E+00  1.105336E+00  5.366393E+00
  5.725000E+00  1.064050E+00  5.517717E+00
  5.775000E+00  1.079263E+00  5.673898E+00
  5.825000E+00  1.084792E+00  5.833608E+00
  5.875000E+00  1.050855E+00  5.990990E+00
  5.925000E+00  1.075017E+00  6.154742E+00
  5.975000E+00  1.078559E+00  6.321818E+00
Li      O       
  2.500000E-02  0.000000E+00  0.000000E+00
  7.500000E-02  0.000000E+00  0.000000E+00
  1.250000E-01  0.000000E+00  0.000000E+00
  1.750000E-01  0.000000E+00  0.000000E+00
  2.250000E-01  0.000000E+00  0.000000E+00
  2.750000E-01  0.000000E+00  0.000000E+00
  3.250000E-01  0.000000E+00  0.000000E+00
  3.750000E-01  0.000000E+00  0.000000E+00
  4.250000E-01  0.000000E+00  0.000000E+00
  4.750000E-01  0.000000E+00  0.000000E+00
  5.250000E-01  0.000000E+00  0.000000E+00
  5.750000E-01  0.000000E+00  0.000000E+00
  6.250000E-01  0.000000E+00  0.000000E+00
  6.750000E-01  5.567549E-05  6.607149E-07
  7.250000E-01  0.000000E+00  6.607149E-07
  7.750000E-01  0.000000E+00  6.607149E-07
  8.250000E-01  0.000000E+00  6.607149E-07
  8.750000E-01  6.627746E-05  1.982145E-06
  9.250000E-01  2.965384E-04  8.589294E-06
  9.750000E-01  1.281171E-03  4.030361E-05
  1.025000E+00  1.504611E-02  4.519290E-04
  1.075000E+00  2.442068E-01  7.800401E-03
  1.125000E+00  2.068018E+00  7.595183E-02
  1.175000E+00  1.395885E+01  5.777569E-01
  1.225000E+00  2.475529E+01  1.545020E+00
  1.275000E+00  8.314763E+00  1.896961E+00
  1.325000E+00  2.147063E+00  1.995107E+00
  1.375000E+00  7.096339E-01  2.030039E+00
  1.425000E+00  1.993601E-01  2.040580E+00
  1.475000E+00  9.192334E-02  2.045787E+00
  1.525000E+00  5.264884E-02  2.048975E+00
  1.575000E+00  4.338512E-02  2.051777E+00
  1.625000E+00  3.879608E-02  2.054444E+00
  1.675000E+00  3.671363E-02  2.057126E+00
  1.725000E+00  4.144744E-02  2.060337E+00
  1.775000E+00  4.204508E-02  2.063786E+00
  1.825000E+00  4.345308E-02  2.067554E+00
  1.875000E+00  5.462896E-02  2.072554E+00
  1.925000E+00  5.486876E-02  2.077848E+00
  1.975000E+00  5.990706E-02  2.083932E+00
  2.025000E+00  6.975879E-02  2.091380E+00
  2.075000E+00  9.510619E-02  2.102041E+00
  2.125000E+00  1.119381E-01  2.115201E+00
  2.175000E+00  1.475356E-01  2.133372E+00
  2.225000E+00  1.926717E-01  2.158206E+00
  2.275000E+00  2.342510E-01  2.189771E+00
  2.325000E+00  3.231875E-01  2.235255E+00
  2.375000E+00  4.406925E-01  2.299973E+00
  2.425000E+00  5.810434E-01  2.388932E+00
  2.475000E+00  7.084947E-01  2.501923E+00
  2.525000E+00  8.255711E-01  2.638960E+00
  2.575000E+00  9.541476E-01  2.803673E+00
  2.625000E+00  1.023292E+00  2.987248E+00
  2.675000E+00  1.044968E+00  3.181922E+00
  2.725000E+00  1.110904E+00  3.396688E+00
  2.775000E+00  1.082837E+00  3.613780E+00
  2.825000E+00  1.082821E+00  3.838763E+00
  2.875000E+00  1.050688E+00  4.064865E+00
  2.925000E+00  1.054742E+00  4.299803E+00
  2.975000E+00  1.046025E+00  4.540832E+00
  3.025000E+00  1.043068E+00  4.789327E+00
  3.075000E+00  1.042962E+00  5.046078E+00
  3.125000E+00  1.007839E+00  5.302317E+00
  3.175000E+00  1.016486E+00  5.569090E+00
  3.225000E+00  1.015783E+00  5.844141E+00
  3.275000E+00  1.002611E+00  6.124108E+00
  3.325000E+00  1.044632E+00  6.424784E+00
  3.375000E+00  1.077660E+00  6.744365E+00
  3.425000E+00  1.084911E+00  7.075700E+00
  3.475000E+00  1.124385E+00  7.429189E+00
  3.525000E+00  1.144963E+00  7.799581E+00
  3.575000E+00  1.128226E+00  8.174985E+00
  3.625000E+00  1.187764E+00  8.581332E+00
  3.675000E+00  1.189989E+00  8.999748E+00
  3.725000E+00  1.191460E+00  9.430158E+00
  3.775000E+00  1.213792E+00  9.880486E+00
  3.825000E+00  1.169550E+00  1.032597E+01
  3.875000E+00  1.193565E+00  1.079256E+01
  3.925000E+00  1.135412E+00  1.124795E+01
  3.975000E+00  1.134275E+00  1.171455E+01
  4.025000E+00  1.106716E+00  1.218134E+01
  4.075000E+00  1.084308E+00  1.265010E+01
  4.125000E+00  1.051180E+00  1.311577E+01
  4.175000E+00  1.040726E+00  1.358805E+01
  4.225000E+00  9.983929E-01  1.405203E+01
  4.275000E+00  9.803052E-01  1.451846E+01
  4.325000E+00  9.670763E-01  1.498942E+01
  4.375000E+00  9.832164E-01  1.547937E+01
  4.425000E+00  9.562609E-01  1.596684E+01
  4.475000E+00  9.536244E-01  1.646402E+01
  4.525000E+00  9.667277E-01  1.697936E+01
  4.575000E+00  9.665581E-01  1.750605E+01
  4.625000E+00  9.768133E-01  1.805003E+01
  4.675000E+00  9.746401E-01  1.860460E+01
  4.725000E+00  9.812675E-01  1.917495E+01
  4.775000E+00  9.910515E-01  1.976324E+01
  4.825000E+00  1.005313E+00  2.037256E+01
  4.875000E+00  9.981948E-01  2.099016E+01
  4.925000E+00  1.016059E+00  2.163178E+01
  4.975000E+00  1.006986E+00  2.228065E+01
  5.025000E+00  1.019856E+00  2.295109E+01
  5.075000E+00  1.011790E+00  2.362953E+01
  5.125000E+00  1.002572E+00  2.431510E+01
  5.175000E+00  9.984917E-01  2.501126E+01
  5.225000E+00  1.000791E+00  2.572258E+01
  5.275000E+00  9.937708E-01  2.644249E+01
  5.325000E+00  9.825505E-01  2.716783E+01
  5.375000E+00  9.721886E-01  2.789906E+01
  5.425000E+00  9.650513E-01  2.863849E+01
  5.475000E+00  9.535259E-01  2.938262E+01
  5.525000E+00  9.502714E-01  3.013782E+01
  5.575000E+00  9.527576E-01  3.090875E+01
  5.625000E+00  9.350352E-01  3.167898E+01
  5.675000E+00  9.398568E-01  3.246701E+01
  5.725000E+00  9.412529E-01  3.327017E+01
  5.775000E+00  9.452405E-01  3.409089E+01
  5.825000E+00  9.537932E-01  3.493343E+01
  5.875000E+00  9.678424E-01  3.580313E+01
  5.925000E+00  9.738837E-01  3.669321E+01
  5.975000E+00  9.766564E-01  3.760096E+01
Li      O_s     
  2.500000E-02  0.000000E+00  0.000000E+00
  7.500000E-02  0.000000E+00  0.000000E+00
  1.250000E-01  0.000000E+00  0.000000E+00
  1.750000E-01  0.000000E+00  0.000000E+00
  2.250000E-01  0.000000E+00  0.000000E+00
  2.750000E-01  0.000000E+00  0.000000E+00
  3.250000E-01  0.000000E+00  0.000000E+00
  3.750000E-01  0.000000E+00  0.000000E+00
  4.250000E-01  0.000000E+00  0.000000E+00
  4.750000E-01  0.000000E+00  0.000000E+00
  5.250000E-01  0.000000E+00  0.000000E+00
  5.750000E-01  0.000000E+00  0.000000E+00
  6.250000E-01  0.000000E+00  0.000000E+00
  6.750000E-01  0.000000E+00  0.000000E+00
  7.250000E-01  1.930554E-04  2.642860E-06
  7.750000E-01  8.447848E-05  3.964290E-06
  8.250000E-01  7.455200E-05  5.285720E-06
  8.750000E-01  2.651098E-04  1.057144E-05
  9.250000E-01  1.512346E-03  4.426790E-05
  9.750000E-01  1.628154E-02  4.473040E-04
  1.025000E+00  1.808577E+00  4.992560E-02
  1.075000E+00  2.677909E+01  8.557402E-01
  1.125000E+00  2.635905E+01  1.724401E+00
  1.175000E+00  5.255945E+00  1.913347E+00
  1.225000E+00  1.714515E+00  1.980338E+00
  1.275000E+00  7.570540E-01  2.012382E+00
  1.325000E+00  3.515781E-01  2.028453E+00
  1.375000E+00  1.801365E-01  2.037320E+00
  1.425000E+00  9.701199E-02  2.042450E+00
  1.475000E+00  6.008084E-02  2.045853E+00
  1.525000E+00  4.377765E-02  2.048504E+00
  1.575000E+00  3.238795E-02  2.050596E+00
  1.625000E+00  3.254950E-02  2.052833E+00
  1.675000E+00  3.281523E-02  2.055230E+00
  1.725000E+00  2.679586E-02  2.057306E+00
  1.775000E+00  2.839251E-02  2.059635E+00
  1.825000E+00  3.794430E-02  2.062926E+00
  1.875000E+00  5.501154E-02  2.067961E+00
  1.925000E+00  6.164175E-02  2.073908E+00
  1.975000E+00  7.283444E-02  2.081305E+00
  2.025000E+00  8.485298E-02  2.090364E+00
  2.075000E+00  1.195547E-01  2.103766E+00
  2.125000E+00  1.423813E-01  2.120505E+00
  2.175000E+00  2.121461E-01  2.146634E+00
  2.225000E+00  2.874184E-01  2.183679E+00
  2.275000E+00  4.418917E-01  2.243224E+00
  2.325000E+00  5.764194E-01  2.324347E+00
  2.375000E+00  7.362212E-01  2.432464E+00
  2.425000E+00  8.283647E-01  2.559289E+00
  2.475000E+00  9.549726E-01  2.711589E+00
  2.525000E+00  9.433966E-01  2.868183E+00
  2.575000E+00  1.050376E+00  3.049508E+00
  2.625000E+00  1.044785E+00  3.236940E+00
  2.675000E+00  1.027767E+00  3.428409E+00
  2.725000E+00  9.865362E-01  3.619132E+00
  2.775000E+00  1.024429E+00  3.824514E+00
  2.825000E+00  9.473042E-01  4.021340E+00
  2.875000E+00  9.168708E-01  4.218645E+00
  2.925000E+00  9.164230E-01  4.422773E+00
  2.975000E+00  9.199286E-01  4.634747E+00
  3.025000E+00  9.555821E-01  4.862400E+00
  3.075000E+00  9.975825E-01  5.107979E+00
  3.125000E+00  9.653286E-01  5.353410E+00
  3.175000E+00  9.884706E-01  5.612830E+00
  3.225000E+00  9.831157E-01  5.879036E+00
  3.275000E+00  1.014375E+00  6.162288E+00
  3.325000E+00  1.009419E+00  6.452829E+00
  3.375000E+00  1.033147E+00  6.759210E+00
  3.425000E+00  1.038350E+00  7.076324E+00
  3.475000E+00  1.100298E+00  7.422241E+00
  3.525000E+00  1.128346E+00  7.787257E+00
  3.575000E+00  1.135200E+00  8.164982E+00
  3.625000E+00  1.160500E+00  8.562001E+00
  3.675000E+00  1.210490E+00  8.987626E+00
  3.725000E+00  1.204748E+00  9.422836E+00
  3.775000E+00  1.204456E+00  9.869700E+00
  3.825000E+00  1.181014E+00  1.031955E+01
  3.875000E+00  1.151610E+00  1.076974E+01
  3.925000E+00  1.137735E+00  1.122606E+01
  3.975000E+00  1.127235E+00  1.168977E+01
  4.025000E+00  1.081510E+00  1.214592E+01
  4.075000E+00  1.053062E+00  1.260118E+01
  4.125000E+00  1.058095E+00  1.306991E+01
  4.175000E+00  1.022155E+00  1.353376E+01
  4.225000E+00  9.843891E-01  1.399124E+01
  4.275000E+00  9.980050E-01  1.446608E+01
  4.325000E+00  9.840272E-01  1.494530E+01
  4.375000E+00  9.580562E-01  1.542271E+01
  4.425000E+00  9.603462E-01  1.591227E+01
  4.475000E+00  9.559486E-01  1.641066E+01
  4.525000E+00  9.640456E-01  1.692456E+01
  4.575000E+00  9.608097E-01  1.744813E+01
  4.625000E+00  9.465072E-01  1.797523E+01
  4.675000E+00  9.466438E-01  1.851387E+01
  4.725000E+00  9.630285E-01  1.907361E+01
  4.775000E+00  9.723766E-01  1.965082E+01
  4.825000E+00  9.822323E-01  2.024615E+01
  4.875000E+00  9.968215E-01  2.086290E+01
  4.925000E+00  9.784757E-01  2.148079E+01
  4.975000E+00  9.861222E-01  2.211622E+01
  5.025000E+00  9.875804E-01  2.276544E+01
  5.075000E+00  1.007240E+00  2.344083E+01
  5.125000E+00  1.019843E+00  2.413820E+01
  5.175000E+00  1.018265E+00  2.484816E+01
  5.225000E+00  9.993379E-01  2.555844E+01
  5.275000E+00  1.005328E+00  2.628672E+01
  5.325000E+00  9.822166E-01  2.701182E+01
  5.375000E+00  9.722624E-01  2.774310E+01
  5.425000E+00  9.810016E-01  2.849475E+01
  5.475000E+00  9.656557E-01  2.924835E+01
  5.525000E+00  9.518045E-01  3.000476E+01
  5.575000E+00  9.538665E-01  3.077660E+01
  5.625000E+00  9.525127E-01  3.156122E+01
  5.675000E+00  9.591663E-01  3.236544E+01
  5.725000E+00  9.515234E-01  3.317737E+01
  5.775000E+00  9.487935E-01  3.400117E+01
  5.825000E+00  9.624358E-01  3.485135E+01
  5.875000E+00  9.844972E-01  3.573601E+01
  5.925000E+00  9.756924E-01  3.662774E+01
  5.975000E+00  9.812750E-01  3.753978E+01
La      La      
  2.500000E-02  0.000000E+00  0.000000E+00
  7.500000E-02  0.000000E+00  0.000000E+00
  1.250000E-01  0.000000E+00  0.000000E+00
  1.750000E-01  0.000000E+00  0.000000E+00
  2.250000E-01  0.000000E+00  0.000000E+00
  2.750000E-01  0.000000E+00  0.000000E+00
  3.250000E-01  0.000000E+00  0.000000E+00
  3.750000E-01  0.000000E+00  0.000000E+00
  4.250000E-01  0.000000E+00  0.000000E+00
  4.750000E-01  0.000000E+00  0.000000E+00
  5.250000E-01  0.000000E+00  0.000000E+00
  5.750000E-01  0.000000E+00  0.000000E+00
  6.250000E-01  0.000000E+00  0.000000E+00
  6.750000E-01  0.000000E+00  0.000000E+00
  7.250000E-01  0.000000E+00  0.000000E+00
  7.750000E-01  0.000000E+00  0.000000E+00
  8.250000E-01  0.000000E+00  0.000000E+00
  8.750000E-01  0.000000E+00  0.000000E+00
  9.250000E-01  0.000000E+00  0.000000E+00
  9.750000E-01  0.000000E+00  0.000000E+00
  1.025000E+00  0.000000E+00  0.000000E+00
  1.075000E+00  0.000000E+00  0.000000E+00
  1.125000E+00  0.000000E+00  0.000000E+00
  1.175000E+00  0.000000E+00  0.000000E+00
  1.225000E+00  0.000000E+00  0.000000E+00
  1.275000E+00  0.000000E+00  0.000000E+00
  1.325000E+00  0.000000E+00  0.000000E+00
  1.375000E+00  0.000000E+00  0.000000E+00
  1.425000E+00  0.000000E+00  0.000000E+00
  1.475000E+00  0.000000E+00  0.000000E+00
  1.525000E+00  0.000000E+00  0.000000E+00
  1.575000E+00  0.000000E+00  0.000000E+00
  1.625000E+00  0.000000E+00  0.000000E+00
  1.675000E+00  0.000000E+00  0.000000E+00
  1.725000E+00  0.000000E+00  0.000000E+00
  1.775000E+00  0.000000E+00  0.000000E+00
  1.825000E+00  0.000000E+00  0.000000E+00
  1.875000E+00  0.000000E+00  0.000000E+00
  1.925000E+00  0.000000E+00  0.000000E+00
  1.975000E+00  0.000000E+00  0.000000E+00
  2.025000E+00  0.000000E+00  0.000000E+00
  2.075000E+00  0.000000E+00  0.000000E+00
  2.125000E+00  0.000000E+00  0.000000E+00
  2.175000E+00  0.000000E+00  0.000000E+00
  2.225000E+00  0.000000E+00  0.000000E+00
  2.275000E+00  0.000000E+00  0.000000E+00
  2.325000E+00  0.000000E+00  0.000000E+00
  2.375000E+00  0.000000E+00  0.000000E+00
  2.425000E+00  0.000000E+00  0.000000E+00
  2.475000E+00  0.000000E+00  0.000000E+00
  2.525000E+00  0.000000E+00  0.000000E+00
  2.575000E+00  0.000000E+00  0.000000E+00
  2.625000E+00  0.000000E+00  0.000000E+00
  2.675000E+00  0.000000E+00  0.000000E+00
  2.725000E+00  0.000000E+00  0.000000E+00
  2.775000E+00  0.000000E+00  0.000000E+00
  2.825000E+00  0.000000E+00  0.000000E+00
  2.875000E+00  0.000000E+00  0.000000E+00
  2.925000E+00  0.000000E+00  0.000000E+00
  2.975000E+00  0.000000E+00  0.000000E+00
  3.025000E+00  0.000000E+00  0.000000E+00
  3.075000E+00  0.000000E+00  0.000000E+00
  3.125000E+00  1.943382E-04  1.235241E-05
  3.175000E+00  5.177306E-04  4.632153E-05
  3.225000E+00  1.094840E-03  1.204360E-04
  3.275000E+00  2.831109E-03  3.180745E-04
  3.325000E+00  8.711885E-03  9.449592E-04
  3.375000E+00  1.991040E-02  2.421072E-03
  3.425000E+00  7.065967E-02  7.815986E-03
  3.475000E+00  1.648640E-01  2.077366E-02
  3.525000E+00  2.431943E-01  4.044178E-02
  3.575000E+00  5.372507E-01  8.513280E-02
  3.625000E+00  6.625532E-01  1.417995E-01
  3.675000E+00  1.017384E+00  2.312309E-01
  3.725000E+00  1.237785E+00  3.430171E-01
  3.775000E+00  1.490211E+00  4.812375E-01
  3.825000E+00  2.045677E+00  6.760380E-01
  3.875000E+00  2.147804E+00  8.859456E-01
  3.925000E+00  2.009939E+00  1.087481E+00
  3.975000E+00  2.325405E+00  1.326627E+00
  4.025000E+00  2.282516E+00  1.567304E+00
  4.075000E+00  2.215019E+00  1.806703E+00
  4.125000E+00  2.246527E+00  2.055502E+00
  4.175000E+00  1.961942E+00  2.278084E+00
  4.225000E+00  1.847338E+00  2.492713E+00
  4.275000E+00  1.660085E+00  2.690178E+00
  4.325000E+00  1.623116E+00  2.887789E+00
  4.375000E+00  1.592252E+00  3.086150E+00
  4.425000E+00  1.440308E+00  3.269707E+00
  4.475000E+00  1.489071E+00  3.463791E+00
  4.525000E+00  1.340114E+00  3.642385E+00
  4.575000E+00  1.186737E+00  3.804054E+00
  4.625000E+00  1.135997E+00  3.962211E+00
  4.675000E+00  1.048893E+00  4.111416E+00
  4.725000E+00  9.144950E-01  4.244300E+00
  4.775000E+00  9.120704E-01  4.379651E+00
  4.825000E+00  8.376274E-01  4.506572E+00
  4.875000E+00  9.039845E-01  4.646402E+00
  4.925000E+00  9.025061E-01  4.788880E+00
  4.975000E+00  8.118222E-01  4.919658E+00
  5.025000E+00  7.864459E-01  5.048908E+00
  5.075000E+00  7.620545E-01  5.176653E+00
  5.125000E+00  6.810528E-01  5.293081E+00
  5.175000E+00  7.225413E-01  5.419023E+00
  5.225000E+00  7.286088E-01  5.548489E+00
  5.275000E+00  7.817032E-01  5.690060E+00
  5.325000E+00  8.017123E-01  5.838020E+00
  5.375000E+00  7.382054E-01  5.976830E+00
  5.425000E+00  7.338661E-01  6.117403E+00
  5.475000E+00  7.549185E-01  6.264687E+00
  5.525000E+00  7.184527E-01  6.407429E+00
  5.575000E+00  7.485963E-01  6.558863E+00
  5.625000E+00  8.560756E-01  6.735160E+00
  5.675000E+00  7.552999E-01  6.893481E+00
  5.725000E+00  7.680914E-01  7.057332E+00
  5.775000E+00  7.930330E-01  7.229472E+00
  5.825000E+00  8.125899E-01  7.408925E+00
  5.875000E+00  7.852361E-01  7.585327E+00
  5.925000E+00  8.011242E-01  7.768374E+00
  5.975000E+00  8.232305E-01  7.959660E+00
La      Zr      
  2.500000E-02  0.000000E+00  0.000000E+00
  7.500000E-02  0.000000E+00  0.000000E+00
  1.250000E-01  0.000000E+00  0.000000E+00
  1.750000E-01  0.000000E+00  0.000000E+00
  2.250000E-01  0.000000E+00  0.000000E+00
  2.750000E-01  0.000000E+00  0.000000E+00
  3.250000E-01  0.000000E+00  0.000000E+00
  3.750000E-01  0.000000E+00  0.000000E+00
  4.250000E-01  0.000000E+00  0.000000E+00
  4.750000E-01  0.000000E+00  0.000000E+00
  5.250000E-01  0.000000E+00  0.000000E+00
  5.750000E-01  0.000000E+00  0.000000E+00
  6.250000E-01  0.000000E+00  0.000000E+00
  6.750000E-01  0.000000E+00  0.000000E+00
  7.250000E-01  0.000000E+00  0.000000E+00
  7.750000E-01  0.000000E+00  0.000000E+00
  8.250000E-01  0.000000E+00  0.000000E+00
  8.750000E-01  0.000000E+00  0.000000E+00
  9.250000E-01  0.000000E+00  0.000000E+00
  9.750000E-01  0.000000E+00  0.000000E+00
  1.025000E+00  0.000000E+00  0.000000E+00
  1.075000E+00  0.000000E+00  0.000000E+00
  1.125000E+00  0.000000E+00  0.000000E+00
  1.175000E+00  0.000000E+00  0.000000E+00
  1.225000E+00  0.000000E+00  0.000000E+00
  1.275000E+00  0.000000E+00  0.000000E+00
  1.325000E+00  0.000000E+00  0.000000E+00
  1.375000E+00  0.000000E+00  0.000000E+00
  1.425000E+00  0.000000E+00  0.000000E+00
  1.475000E+00  0.000000E+00  0.000000E+00
  1.525000E+00  0.000000E+00  0.000000E+00
  1.575000E+00  0.000000E+00  0.000000E+00
  1.625000E+00  0.000000E+00  0.000000E+00
  1.675000E+00  0.000000E+00  0.000000E+00
  1.725000E+00  0.000000E+00  0.000000E+00
  1.775000E+00  0.000000E+00  0.000000E+00
  1.825000E+00  0.000000E+00  0.000000E+00
  1.875000E+00  0.000000E+00  0.000000E+00
  1.925000E+00  0.000000E+00  0.000000E+00
  1.975000E+00  0.000000E+00  0.000000E+00
  2.025000E+00  0.000000E+00  0.000000E+00
  2.075000E+00  0.000000E+00  0.000000E+00
  2.125000E+00  0.000000E+00  0.000000E+00
  2.175000E+00  0.000000E+00  0.000000E+00
  2.225000E+00  0.000000E+00  0.000000E+00
  2.275000E+00  0.000000E+00  0.000000E+00
  2.325000E+00  0.000000E+00  0.000000E+00
  2.375000E+00  0.000000E+00  0.000000E+00
  2.425000E+00  0.000000E+00  0.000000E+00
  2.475000E+00  0.000000E+00  0.000000E+00
  2.525000E+00  0.000000E+00  0.000000E+00
  2.575000E+00  0.000000E+00  0.000000E+00
  2.625000E+00  0.000000E+00  0.000000E+00
  2.675000E+00  0.000000E+00  0.000000E+00
  2.725000E+00  0.000000E+00  0.000000E+00
  2.775000E+00  0.000000E+00  0.000000E+00
  2.825000E+00  0.000000E+00  0.000000E+00
  2.875000E+00  0.000000E+00  0.000000E+00
  2.925000E+00  0.000000E+00  0.000000E+00
  2.975000E+00  8.028677E-05  3.083336E-06
  3.025000E+00  3.882733E-04  1.850002E-05
  3.075000E+00  1.615723E-03  8.479175E-05
  3.125000E+00  1.313397E-02  6.413340E-04
  3.175000E+00  3.961576E-02  2.374169E-03
  3.225000E+00  9.199545E-02  6.525882E-03
  3.275000E+00  2.926669E-01  2.014652E-02
  3.325000E+00  5.046488E-01  4.435534E-02
  3.375000E+00  9.597453E-01  9.179093E-02
  3.425000E+00  1.551437E+00  1.707598E-01
  3.475000E+00  2.608225E+00  3.074241E-01
  3.525000E+00  3.273138E+00  4.838988E-01
  3.575000E+00  3.743331E+00  6.914906E-01
  3.625000E+00  4.151448E+00  9.281999E-01
  3.675000E+00  4.053275E+00  1.165731E+00
  3.725000E+00  4.099751E+00  1.412567E+00
  3.775000E+00  3.997928E+00  1.659778E+00
  3.825000E+00  3.690952E+00  1.894094E+00
  3.875000E+00  3.490052E+00  2.121485E+00
  3.925000E+00  3.328707E+00  2.343997E+00
  3.975000E+00  2.987621E+00  2.548829E+00
  4.025000E+00  2.974847E+00  2.757949E+00
  4.075000E+00  2.657948E+00  2.949463E+00
  4.125000E+00  2.378102E+00  3.125043E+00
  4.175000E+00  2.037561E+00  3.279150E+00
  4.225000E+00  1.853975E+00  3.422750E+00
  4.275000E+00  1.586200E+00  3.548535E+00
  4.325000E+00  1.344011E+00  3.657622E+00
  4.375000E+00  1.208922E+00  3.758026E+00
  4.425000E+00  1.021587E+00  3.844822E+00
  4.475000E+00  9.513901E-01  3.927491E+00
  4.525000E+00  8.293869E-01  4.001178E+00
  4.575000E+00  7.549833E-01  4.069745E+00
  4.625000E+00  7.060592E-01  4.135278E+00
  4.675000E+00  5.947817E-01  4.191683E+00
  4.725000E+00  5.811623E-01  4.247982E+00
  4.775000E+00  6.004858E-01  4.307390E+00
  4.825000E+00  5.615500E-01  4.364116E+00
  4.875000E+00  5.235088E-01  4.418100E+00
  4.925000E+00  4.987246E-01  4.470590E+00
  4.975000E+00  4.817882E-01  4.522331E+00
  5.025000E+00  4.122216E-01  4.567496E+00
  5.075000E+00  4.628921E-01  4.619226E+00
  5.125000E+00  4.806068E-01  4.674000E+00
  5.175000E+00  5.464561E-01  4.737500E+00
  5.225000E+00  5.830425E-01  4.806567E+00
  5.275000E+00  6.130937E-01  4.880590E+00
  5.325000E+00  5.793057E-01  4.951866E+00
  5.375000E+00  5.674221E-01  5.022997E+00
  5.425000E+00  5.761096E-01  5.096567E+00
  5.475000E+00  6.107120E-01  5.176000E+00
  5.525000E+00  5.975319E-01  5.255145E+00
  5.575000E+00  5.592890E-01  5.330571E+00
  5.625000E+00  5.439554E-01  5.405251E+00
  5.675000E+00  5.938102E-01  5.488231E+00
  5.725000E+00  6.225520E-01  5.576767E+00
  5.775000E+00  6.197448E-01  5.666451E+00
  5.825000E+00  7.014877E-01  5.769729E+00
  5.875000E+00  6.396215E-01  5.865522E+00
  5.925000E+00  6.577366E-01  5.965712E+00
  5.975000E+00  6.925448E-01  6.072992E+00
La      O       
  2.500000E-02  0.000000E+00  0.000000E+00
  7.500000E-02  0.000000E+00  0.000000E+00
  1.250000E-01  0.000000E+00  0.000000E+00
  1.750000E-01  0.000000E+00  0.000000E+00
  2.250000E-01  0.000000E+00  0.000000E+00
  2.750000E-01  0.000000E+00  0.000000E+00
  3.250000E-01  0.000000E+00  0.000000E+00
  3.750000E-01  0.000000E+00  0.000000E+00
  4.250000E-01  0.000000E+00  0.000000E+00
  4.750000E-01  0.000000E+00  0.000000E+00
  5.250000E-01  0.000000E+00  0.000000E+00
  5.750000E-01  0.000000E+00  0.000000E+00
  6.250000E-01  0.000000E+00  0.000000E+00
  6.750000E-01  0.000000E+00  0.000000E+00
  7.250000E-01  0.000000E+00  0.000000E+00
  7.750000E-01  0.000000E+00  0.000000E+00
  8.250000E-01  0.000000E+00  0.000000E+00
  8.750000E-01  0.000000E+00  0.000000E+00
  9.250000E-01  0.000000E+00  0.000000E+00
  9.750000E-01  0.000000E+00  0.000000E+00
  1.025000E+00  0.000000E+00  0.000000E+00
  1.075000E+00  0.000000E+00  0.000000E+00
  1.125000E+00  0.000000E+00  0.000000E+00
  1.175000E+00  0.000000E+00  0.000000E+00
  1.225000E+00  0.000000E+00  0.000000E+00
  1.275000E+00  0.000000E+00  0.000000E+00
  1.325000E+00  3.372590E-05  1.541668E-06
  1.375000E+00  0.000000E+00  1.541668E-06
  1.425000E+00  0.000000E+00  1.541668E-06
  1.475000E+00  0.000000E+00  1.541668E-06
  1.525000E+00  2.546058E-05  3.083336E-06
  1.575000E+00  0.000000E+00  3.083336E-06
  1.625000E+00  0.000000E+00  3.083336E-06
  1.675000E+00  0.000000E+00  3.083336E-06
  1.725000E+00  0.000000E+00  3.083336E-06
  1.775000E+00  3.758819E-05  6.166673E-06
  1.825000E+00  0.000000E+00  6.166673E-06
  1.875000E+00  1.684297E-05  7.708341E-06
  1.925000E+00  0.000000E+00  7.708341E-06
  1.975000E+00  0.000000E+00  7.708341E-06
  2.025000E+00  1.732830E-04  2.620836E-05
  2.075000E+00  1.884127E-03  2.374169E-04
  2.125000E+00  1.717830E-02  2.257002E-03
  2.175000E+00  1.009642E-01  1.469210E-02
  2.225000E+00  3.975607E-01  6.593407E-02
  2.275000E+00  1.314167E+00  2.430162E-01
  2.325000E+00  3.063290E+00  6.741330E-01
  2.375000E+00  5.303669E+00  1.453001E+00
  2.425000E+00  6.446576E+00  2.439989E+00
  2.475000E+00  6.204060E+00  3.429419E+00
  2.525000E+00  5.032978E+00  4.264842E+00
  2.575000E+00  3.739619E+00  4.910406E+00
  2.625000E+00  2.721292E+00  5.398598E+00
  2.675000E+00  1.991398E+00  5.769588E+00
  2.725000E+00  1.499862E+00  6.059550E+00
  2.775000E+00  1.141082E+00  6.288320E+00
  2.825000E+00  9.099852E-01  6.477391E+00
  2.875000E+00  7.248111E-01  6.633367E+00
  2.925000E+00  6.076166E-01  6.768710E+00
  2.975000E+00  5.388915E-01  6.892883E+00
  3.025000E+00  4.715579E-01  7.005225E+00
  3.075000E+00  4.396581E-01  7.113458E+00
  3.125000E+00  4.473372E-01  7.227191E+00
  3.175000E+00  4.338231E-01  7.341046E+00
  3.225000E+00  4.109847E-01  7.452332E+00
  3.275000E+00  4.084252E-01  7.566380E+00
  3.325000E+00  4.166093E-01  7.686292E+00
  3.375000E+00  4.677806E-01  7.825013E+00
  3.425000E+00  4.798867E-01  7.971572E+00
  3.475000E+00  4.943340E-01  8.126983E+00
  3.525000E+00  5.674116E-01  8.310538E+00
  3.575000E+00  5.685672E-01  8.499722E+00
  3.625000E+00  5.945260E-01  8.703116E+00
  3.675000E+00  6.635497E-01  8.936429E+00
  3.725000E+00  6.944774E-01  9.187307E+00
  3.775000E+00  7.358651E-01  9.460319E+00
  3.825000E+00  7.856196E-01  9.759563E+00
  3.875000E+00  8.410171E-01  1.008834E+01
  3.925000E+00  8.349558E-01  1.042322E+01
  3.975000E+00  8.115233E-01  1.075705E+01
  4.025000E+00  8.504157E-01  1.111573E+01
  4.075000E+00  8.982712E-01  1.150407E+01
  4.125000E+00  8.763870E-01  1.189231E+01
  4.175000E+00  8.585283E-01  1.228191E+01
  4.225000E+00  8.796923E-01  1.269073E+01
  4.275000E+00  8.642673E-01  1.310194E+01
  4.325000E+00  8.755156E-01  1.352831E+01
  4.375000E+00  8.787628E-01  1.396621E+01
  4.425000E+00  9.095995E-01  1.442990E+01
  4.475000E+00  9.499501E-01  1.492516E+01
  4.525000E+00  1.014067E+00  1.546573E+01
  4.575000E+00  9.919015E-01  1.600624E+01
  4.625000E+00  1.035552E+00  1.658293E+01
  4.675000E+00  1.040929E+00  1.717522E+01
  4.725000E+00  1.059000E+00  1.779074E+01
  4.775000E+00  1.093014E+00  1.843956E+01
  4.825000E+00  1.120119E+00  1.911846E+01
  4.875000E+00  1.135196E+00  1.982083E+01
  4.925000E+00  1.173339E+00  2.056177E+01
  4.975000E+00  1.184524E+00  2.132504E+01
  5.025000E+00  1.230255E+00  2.213380E+01
  5.075000E+00  1.248946E+00  2.297125E+01
  5.125000E+00  1.244432E+00  2.382221E+01
  5.175000E+00  1.231736E+00  2.468100E+01
  5.225000E+00  1.253394E+00  2.557185E+01
  5.275000E+00  1.224851E+00  2.645916E+01
  5.325000E+00  1.249484E+00  2.738156E+01
  5.375000E+00  1.213482E+00  2.829428E+01
  5.425000E+00  1.192917E+00  2.920830E+01
  5.475000E+00  1.154830E+00  3.010953E+01
  5.525000E+00  1.140867E+00  3.101619E+01
  5.575000E+00  1.100615E+00  3.190677E+01
  5.625000E+00  1.078957E+00  3.279555E+01
  5.675000E+00  1.085934E+00  3.370606E+01
  5.725000E+00  1.070462E+00  3.461947E+01
  5.775000E+00  1.027333E+00  3.551147E+01
  5.825000E+00  1.019081E+00  3.641169E+01
  5.875000E+00  1.008913E+00  3.731829E+01
  5.925000E+00  1.013665E+00  3.824473E+01
  5.975000E+00  1.013434E+00  3.918666E+01
La      O_s     
  2.500000E-02  0.000000E+00  0.000000E+00
  7.500000E-02  0.000000E+00  0.000000E+00
  1.250000E-01  0.000000E+00  0.000000E+00
  1.750000E-01  0.000000E+00  0.000000E+00
  2.250000E-01  0.000000E+00  0.000000E+00
  2.750000E-01  0.000000E+00  0.000000E+00
  3.250000E-01  0.000000E+00  0.000000E+00
  3.750000E-01  0.000000E+00  0.000000E+00
  4.250000E-01  0.000000E+00  0.000000E+00
  4.750000E-01  0.000000E+00  0.000000E+00
  5.250000E-01  0.000000E+00  0.000000E+00
  5.750000E-01  0.000000E+00  0.000000E+00
  6.250000E-01  0.000000E+00  0.000000E+00
  6.750000E-01  0.000000E+00  0.000000E+00
  7.250000E-01  0.000000E+00  0.000000E+00
  7.750000E-01  0.000000E+00  0.000000E+00
  8.250000E-01  0.000000E+00  0.000000E+00
  8.750000E-01  0.000000E+00  0.000000E+00
  9.250000E-01  0.000000E+00  0.000000E+00
  9.750000E-01  0.000000E+00  0.000000E+00
  1.025000E+00  0.000000E+00  0.000000E+00
  1.075000E+00  0.000000E+00  0.000000E+00
  1.125000E+00  0.000000E+00  0.000000E+00
  1.175000E+00  0.000000E+00  0.000000E+00
  1.225000E+00  0.000000E+00  0.000000E+00
  1.275000E+00  0.000000E+00  0.000000E+00
  1.325000E+00  0.000000E+00  0.000000E+00
  1.375000E+00  3.131797E-05  1.541668E-06
  1.425000E+00  0.000000E+00  1.541668E-06
  1.475000E+00  0.000000E+00  1.541668E-06
  1.525000E+00  0.000000E+00  1.541668E-06
  1.575000E+00  0.000000E+00  1.541668E-06
  1.625000E+00  0.000000E+00  1.541668E-06
  1.675000E+00  0.000000E+00  1.541668E-06
  1.725000E+00  1.989932E-05  3.083336E-06
  1.775000E+00  0.000000E+00  3.083336E-06
  1.825000E+00  1.777845E-05  4.625005E-06
  1.875000E+00  0.000000E+00  4.625005E-06
  1.925000E+00  6.391768E-05  1.079168E-05
  1.975000E+00  1.518062E-05  1.233335E-05
  2.025000E+00  1.444025E-05  1.387501E-05
  2.075000E+00  0.000000E+00  1.387501E-05
  2.125000E+00  2.491510E-04  4.316671E-05
  2.175000E+00  5.157111E-03  6.783340E-04
  2.225000E+00  6.552252E-02  9.123592E-03
  2.275000E+00  3.799121E-01  6.031623E-02
  2.325000E+00  1.462518E+00  2.661459E-01
  2.375000E+00  3.233645E+00  7.410213E-01
  2.425000E+00  5.265323E+00  1.547157E+00
  2.475000E+00  6.110930E+00  2.521734E+00
  2.525000E+00  5.660179E+00  3.461266E+00
  2.575000E+00  4.588951E+00  4.253449E+00
  2.625000E+00  3.565854E+00  4.893153E+00
  2.675000E+00  2.533715E+00  5.365175E+00
  2.725000E+00  1.867804E+00  5.726269E+00
  2.775000E+00  1.461450E+00  6.019268E+00
  2.825000E+00  1.165512E+00  6.261431E+00
  2.875000E+00  9.046940E-01  6.456116E+00
  2.925000E+00  7.703629E-01  6.627710E+00
  2.975000E+00  6.500619E-01  6.777500E+00
  3.025000E+00  5.628797E-01  6.911598E+00
  3.075000E+00  5.422816E-01  7.045094E+00
  3.125000E+00  5.312891E-01  7.180172E+00
  3.175000E+00  4.979520E-01  7.310857E+00
  3.225000E+00  4.994559E-01  7.446099E+00
  3.275000E+00  5.317417E-01  7.594581E+00
  3.325000E+00  5.186606E-01  7.743867E+00
  3.375000E+00  5.311107E-01  7.901369E+00
  3.425000E+00  5.646272E-01  8.073807E+00
  3.475000E+00  6.176000E-01  8.267971E+00
  3.525000E+00  6.022770E-01  8.462806E+00
  3.575000E+00  6.604172E-01  8.682552E+00
  3.625000E+00  6.609765E-01  8.908679E+00
  3.675000E+00  7.193300E-01  9.161605E+00
  3.725000E+00  7.623115E-01  9.436987E+00
  3.775000E+00  7.559936E-01  9.717468E+00
  3.825000E+00  8.026025E-01  1.002318E+01
  3.875000E+00  8.176037E-01  1.034280E+01
  3.925000E+00  8.385536E-01  1.067913E+01
  3.975000E+00  8.552105E-01  1.103093E+01
  4.025000E+00  8.316828E-01  1.138171E+01
  4.075000E+00  8.138024E-01  1.173353E+01
  4.125000E+00  8.123286E-01  1.209339E+01
  4.175000E+00  8.296346E-01  1.246988E+01
  4.225000E+00  8.380399E-01  1.285934E+01
  4.275000E+00  8.502859E-01  1.326390E+01
  4.325000E+00  9.034561E-01  1.370388E+01
  4.375000E+00  9.028446E-01  1.415378E+01
  4.425000E+00  9.374134E-01  1.463165E+01
  4.475000E+00  9.657022E-01  1.513512E+01
  4.525000E+00  9.538028E-01  1.564357E+01
  4.575000E+00  9.891261E-01  1.618256E+01
  4.625000E+00  1.018353E+00  1.674967E+01
  4.675000E+00  1.041923E+00  1.734253E+01
  4.725000E+00  1.082524E+00  1.797173E+01
  4.775000E+00  1.095494E+00  1.862201E+01
  4.825000E+00  1.091107E+00  1.928333E+01
  4.875000E+00  1.167710E+00  2.000582E+01
  4.925000E+00  1.195292E+00  2.076063E+01
  4.975000E+00  1.227420E+00  2.155153E+01
  5.025000E+00  1.273861E+00  2.238895E+01
  5.075000E+00  1.216291E+00  2.320451E+01
  5.125000E+00  1.230195E+00  2.404573E+01
  5.175000E+00  1.257948E+00  2.492280E+01
  5.225000E+00  1.260283E+00  2.581855E+01
  5.275000E+00  1.222927E+00  2.670447E+01
  5.325000E+00  1.228291E+00  2.761122E+01
  5.375000E+00  1.187013E+00  2.850403E+01
  5.425000E+00  1.154269E+00  2.938844E+01
  5.475000E+00  1.130030E+00  3.027031E+01
  5.525000E+00  1.098387E+00  3.114321E+01
  5.575000E+00  1.071913E+00  3.201057E+01
  5.625000E+00  1.056797E+00  3.288110E+01
  5.675000E+00  1.039310E+00  3.375251E+01
  5.725000E+00  1.013537E+00  3.461735E+01
  5.775000E+00  1.015809E+00  3.549934E+01
  5.825000E+00  9.875516E-01  3.637171E+01
  5.875000E+00  9.911117E-01  3.726231E+01
  5.925000E+00  9.894320E-01  3.816660E+01
  5.975000E+00  9.942612E-01  3.909071E+01
Zr      Zr      
  2.500000E-02  0.000000E+00  0.000000E+00
  7.500000E-02  0.000000E+00  0.000000E+00
  1.250000E-01  0.000000E+00  0.000000E+00
  1.750000E-01  0.000000E+00  0.000000E+00
  2.250000E-01  0.000000E+00  0.000000E+00
  2.750000E-01  0.000000E+00  0.000000E+00
  3.250000E-01  0.000000E+00  0.000000E+00
  3.750000E-01  0.000000E+00  0.000000E+00
  4.250000E-01  0.000000E+00  0.000000E+00
  4.750000E-01  0.000000E+00  0.000000E+00
  5.250000E-01  0.000000E+00  0.000000E+00
  5.750000E-01  0.000000E+00  0.000000E+00
  6.250000E-01  0.000000E+00  0.000000E+00
  6.750000E-01  0.000000E+00  0.000000E+00
  7.250000E-01  0.000000E+00  0.000000E+00
  7.750000E-01  0.000000E+00  0.000000E+00
  8.250000E-01  0.000000E+00  0.000000E+00
  8.750000E-01  0.000000E+00  0.000000E+00
  9.250000E-01  0.000000E+00  0.000000E+00
  9.750000E-01  0.000000E+00  0.000000E+00
  1.025000E+00  0.000000E+00  0.000000E+00
  1.075000E+00  0.000000E+00  0.000000E+00
  1.125000E+00  0.000000E+00  0.000000E+00
  1.175000E+00  0.000000E+00  0.000000E+00
  1.225000E+00  0.000000E+00  0.000000E+00
  1.275000E+00  0.000000E+00  0.000000E+00
  1.325000E+00  0.000000E+00  0.000000E+00
  1.375000E+00  0.000000E+00  0.000000E+00
  1.425000E+00  0.000000E+00  0.000000E+00
  1.475000E+00  0.000000E+00  0.000000E+00
  1.525000E+00  0.000000E+00  0.000000E+00
  1.575000E+00  0.000000E+00  0.000000E+00
  1.625000E+00  0.000000E+00  0.000000E+00
  1.675000E+00  0.000000E+00  0.000000E+00
  1.725000E+00  0.000000E+00  0.000000E+00
  1.775000E+00  0.000000E+00  0.000000E+00
  1.825000E+00  0.000000E+00  0.000000E+00
  1.875000E+00  0.000000E+00  0.000000E+00
  1.925000E+00  0.000000E+00  0.000000E+00
  1.975000E+00  0.000000E+00  0.000000E+00
  2.025000E+00  0.000000E+00  0.000000E+00
  2.075000E+00  0.000000E+00  0.000000E+00
  2.125000E+00  0.000000E+00  0.000000E+00
  2.175000E+00  0.000000E+00  0.000000E+00
  2.225000E+00  0.000000E+00  0.000000E+00
  2.275000E+00  0.000000E+00  0.000000E+00
  2.325000E+00  0.000000E+00  0.000000E+00
  2.375000E+00  0.000000E+00  0.000000E+00
  2.425000E+00  0.000000E+00  0.000000E+00
  2.475000E+00  0.000000E+00  0.000000E+00
  2.525000E+00  0.000000E+00  0.000000E+00
  2.575000E+00  0.000000E+00  0.000000E+00
  2.625000E+00  0.000000E+00  0.000000E+00
  2.675000E+00  0.000000E+00  0.000000E+00
  2.725000E+00  0.000000E+00  0.000000E+00
  2.775000E+00  0.000000E+00  0.000000E+00
  2.825000E+00  0.000000E+00  0.000000E+00
  2.875000E+00  0.000000E+00  0.000000E+00
  2.925000E+00  4.994863E-04  1.854294E-05
  2.975000E+00  1.448515E-03  7.417177E-05
  3.025000E+00  5.545731E-02  2.276146E-03
  3.075000E+00  2.779465E-02  3.416537E-03
  3.125000E+00  3.643014E-02  4.960237E-03
  3.175000E+00  1.132941E-01  9.915838E-03
  3.225000E+00  1.675374E-01  1.747672E-02
  3.275000E+00  2.203332E-01  2.773097E-02
  3.325000E+00  7.461187E-01  6.352348E-02
  3.375000E+00  6.974446E-01  9.799481E-02
  3.425000E+00  7.682138E-01  1.370972E-01
  3.475000E+00  7.279525E-01  1.752401E-01
  3.525000E+00  8.481124E-01  2.209670E-01
  3.575000E+00  7.254147E-01  2.611959E-01
  3.625000E+00  9.797743E-01  3.170611E-01
  3.675000E+00  9.347058E-01  3.718370E-01
  3.725000E+00  9.856227E-01  4.311790E-01
  3.775000E+00  7.986519E-01  4.805635E-01
  3.825000E+00  9.620717E-01  5.416393E-01
  3.875000E+00  7.925426E-01  5.932768E-01
  3.925000E+00  7.572225E-01  6.438944E-01
  3.975000E+00  7.564815E-01  6.957590E-01
  4.025000E+00  8.057943E-01  7.524030E-01
  4.075000E+00  5.608956E-01  7.928174E-01
  4.125000E+00  5.682889E-01  8.347754E-01
  4.175000E+00  5.407842E-01  8.756765E-01
  4.225000E+00  4.968185E-01  9.141578E-01
  4.275000E+00  5.295183E-01  9.561483E-01
  4.325000E+00  5.439044E-01  1.000294E+00
  4.375000E+00  5.400835E-01  1.045150E+00
  4.425000E+00  4.712568E-01  1.085189E+00
  4.475000E+00  4.524622E-01  1.124504E+00
  4.525000E+00  5.340380E-01  1.171951E+00
  4.575000E+00  5.861821E-01  1.225188E+00
  4.625000E+00  4.938132E-01  1.271021E+00
  4.675000E+00  5.082373E-01  1.319219E+00
  4.725000E+00  6.316727E-01  1.380411E+00
  4.775000E+00  6.157488E-01  1.441329E+00
  4.825000E+00  7.847358E-01  1.520600E+00
  4.875000E+00  7.248008E-01  1.595342E+00
  4.925000E+00  7.006889E-01  1.669087E+00
  4.975000E+00  7.461144E-01  1.749216E+00
  5.025000E+00  8.038609E-01  1.837290E+00
  5.075000E+00  9.828117E-01  1.947125E+00
  5.125000E+00  1.045487E+00  2.066277E+00
  5.175000E+00  1.093241E+00  2.193315E+00
  5.225000E+00  9.821363E-01  2.309658E+00
  5.275000E+00  1.220048E+00  2.456963E+00
  5.325000E+00  1.145852E+00  2.597945E+00
  5.375000E+00  1.232281E+00  2.752422E+00
  5.425000E+00  1.144401E+00  2.898563E+00
  5.475000E+00  1.072378E+00  3.038043E+00
  5.525000E+00  1.262527E+00  3.205268E+00
  5.575000E+00  1.186874E+00  3.365331E+00
  5.625000E+00  1.331625E+00  3.548150E+00
  5.675000E+00  1.394481E+00  3.743018E+00
  5.725000E+00  1.319445E+00  3.930663E+00
  5.775000E+00  1.276226E+00  4.115346E+00
  5.825000E+00  1.362254E+00  4.315907E+00
  5.875000E+00  1.410884E+00  4.527208E+00
  5.925000E+00  1.493049E+00  4.754637E+00
  5.975000E+00  1.596518E+00  5.001949E+00
Zr      O       
  2.500000E-02  0.000000E+00  0.000000E+00
  7.500000E-02  0.000000E+00  0.000000E+00
  1.250000E-01  0.000000E+00  0.000000E+00
  1.750000E-01  0.000000E+00  0.000000E+00
  2.250000E-01  0.000000E+00  0.000000E+00
  2.750000E-01  0.000000E+00  0.000000E+00
  3.250000E-01  0.000000E+00  0.000000E+00
  3.750000E-01  0.000000E+00  0.000000E+00
  4.250000E-01  0.000000E+00  0.000000E+00
  4.750000E-01  0.000000E+00  0.000000E+00
  5.250000E-01  0.000000E+00  0.000000E+00
  5.750000E-01  0.000000E+00  0.000000E+00
  6.250000E-01  0.000000E+00  0.000000E+00
  6.750000E-01  0.000000E+00  0.000000E+00
  7.250000E-01  0.000000E+00  0.000000E+00
  7.750000E-01  0.000000E+00  0.000000E+00
  8.250000E-01  0.000000E+00  0.000000E+00
  8.750000E-01  0.000000E+00  0.000000E+00
  9.250000E-01  1.037884E-04  2.312502E-06
  9.750000E-01  0.000000E+00  2.312502E-06
  1.025000E+00  0.000000E+00  2.312502E-06
  1.075000E+00  0.000000E+00  2.312502E-06
  1.125000E+00  0.000000E+00  2.312502E-06
  1.175000E+00  0.000000E+00  2.312502E-06
  1.225000E+00  0.000000E+00  2.312502E-06
  1.275000E+00  0.000000E+00  2.312502E-06
  1.325000E+00  5.058886E-05  4.625005E-06
  1.375000E+00  0.000000E+00  4.625005E-06
  1.425000E+00  0.000000E+00  4.625005E-06
  1.475000E+00  8.164743E-05  9.250009E-06
  1.525000E+00  0.000000E+00  9.250009E-06
  1.575000E+00  3.580474E-05  1.156251E-05
  1.625000E+00  3.363544E-05  1.387501E-05
  1.675000E+00  3.165747E-05  1.618752E-05
  1.725000E+00  2.984898E-05  1.850002E-05
  1.775000E+00  1.127646E-04  2.775003E-05
  1.825000E+00  4.160158E-03  3.885004E-04
  1.875000E+00  7.010885E-02  6.805694E-03
  1.925000E+00  5.694346E-01  6.174381E-02
  1.975000E+00  2.859687E+00  3.521594E-01
  2.025000E+00  8.324430E+00  1.240891E+00
  2.075000E+00  1.110549E+01  2.485804E+00
  2.125000E+00  9.283188E+00  3.577191E+00
  2.175000E+00  5.965269E+00  4.311894E+00
  2.225000E+00  3.235542E+00  4.728926E+00
  2.275000E+00  1.942161E+00  4.990630E+00
  2.325000E+00  1.159994E+00  5.153883E+00
  2.375000E+00  7.796759E-01  5.268382E+00
  2.425000E+00  5.181061E-01  5.347706E+00
  2.475000E+00  3.701892E-01  5.406744E+00
  2.525000E+00  2.738954E-01  5.452208E+00
  2.575000E+00  2.137842E-01  5.489113E+00
  2.625000E+00  1.890893E-01  5.523035E+00
  2.675000E+00  1.721439E-01  5.555105E+00
  2.725000E+00  1.599878E-01  5.586034E+00
  2.775000E+00  1.736987E-01  5.620858E+00
  2.825000E+00  1.898866E-01  5.660312E+00
  2.875000E+00  1.681122E-01  5.696489E+00
  2.925000E+00  1.954700E-01  5.740028E+00
  2.975000E+00  2.088058E-01  5.788142E+00
  3.025000E+00  1.980485E-01  5.835324E+00
  3.075000E+00  2.328613E-01  5.892649E+00
  3.125000E+00  2.695647E-01  5.961185E+00
  3.175000E+00  3.077975E-01  6.041965E+00
  3.225000E+00  4.030566E-01  6.151104E+00
  3.275000E+00  4.429755E-01  6.274799E+00
  3.325000E+00  5.070993E-01  6.420757E+00
  3.375000E+00  5.699940E-01  6.589790E+00
  3.425000E+00  6.290723E-01  6.781910E+00
  3.475000E+00  7.301365E-01  7.011454E+00
  3.525000E+00  8.146244E-01  7.274982E+00
  3.575000E+00  8.869749E-01  7.570113E+00
  3.625000E+00  9.330828E-01  7.889331E+00
  3.675000E+00  1.007676E+00  8.243643E+00
  3.725000E+00  9.942620E-01  8.602816E+00
  3.775000E+00  1.008719E+00  8.977060E+00
  3.825000E+00  1.054578E+00  9.378751E+00
  3.875000E+00  1.034549E+00  9.783182E+00
  3.925000E+00  9.827483E-01  1.017734E+01
  3.975000E+00  9.631785E-01  1.057356E+01
  4.025000E+00  9.340628E-01  1.096752E+01
  4.075000E+00  8.675908E-01  1.134260E+01
  4.125000E+00  8.711373E-01  1.172851E+01
  4.175000E+00  8.490108E-01  1.211378E+01
  4.225000E+00  8.461923E-01  1.250704E+01
  4.275000E+00  8.961329E-01  1.293341E+01
  4.325000E+00  8.951968E-01  1.336937E+01
  4.375000E+00  9.459422E-01  1.384074E+01
  4.425000E+00  9.822296E-01  1.434146E+01
  4.475000E+00  1.018056E+00  1.487223E+01
  4.525000E+00  1.061344E+00  1.543800E+01
  4.575000E+00  1.112593E+00  1.604427E+01
  4.625000E+00  1.121875E+00  1.666903E+01
  4.675000E+00  1.113645E+00  1.730270E+01
  4.725000E+00  1.171814E+00  1.798380E+01
  4.775000E+00  1.157227E+00  1.867073E+01
  4.825000E+00  1.128533E+00  1.935473E+01
  4.875000E+00  1.140123E+00  2.006015E+01
  4.925000E+00  1.166514E+00  2.079678E+01
  4.975000E+00  1.164039E+00  2.154685E+01
  5.025000E+00  1.154343E+00  2.230570E+01
  5.075000E+00  1.148088E+00  2.307553E+01
  5.125000E+00  1.102153E+00  2.382919E+01
  5.175000E+00  1.132776E+00  2.461898E+01
  5.225000E+00  1.111614E+00  2.540907E+01
  5.275000E+00  1.097532E+00  2.620415E+01
  5.325000E+00  1.089032E+00  2.700809E+01
  5.375000E+00  1.103546E+00  2.783812E+01
  5.425000E+00  1.090719E+00  2.867384E+01
  5.475000E+00  1.100456E+00  2.953263E+01
  5.525000E+00  1.075879E+00  3.038765E+01
  5.575000E+00  1.092420E+00  3.127160E+01
  5.625000E+00  1.071362E+00  3.215412E+01
  5.675000E+00  1.078804E+00  3.305865E+01
  5.725000E+00  1.077002E+00  3.397765E+01
  5.775000E+00  1.044334E+00  3.488440E+01
  5.825000E+00  1.069386E+00  3.582906E+01
  5.875000E+00  1.049164E+00  3.677183E+01
  5.925000E+00  1.077146E+00  3.775629E+01
  5.975000E+00  1.072759E+00  3.875336E+01
Zr      O_s     
  2.500000E-02  0.000000E+00  0.000000E+00
  7.500000E-02  0.000000E+00  0.000000E+00
  1.250000E-01  0.000000E+00  0.000000E+00
  1.750000E-01  0.000000E+00  0.000000E+00
  2.250000E-01  0.000000E+00  0.000000E+00
  2.750000E-01  0.000000E+00  0.000000E+00
  3.250000E-01  0.000000E+00  0.000000E+00
  3.750000E-01  0.000000E+00  0.000000E+00
  4.250000E-01  0.000000E+00  0.000000E+00
  4.750000E-01  0.000000E+00  0.000000E+00
  5.250000E-01  0.000000E+00  0.000000E+00
  5.750000E-01  0.000000E+00  0.000000E+00
  6.250000E-01  0.000000E+00  0.000000E+00
  6.750000E-01  0.000000E+00  0.000000E+00
  7.250000E-01  0.000000E+00  0.000000E+00
  7.750000E-01  0.000000E+00  0.000000E+00
  8.250000E-01  0.000000E+00  0.000000E+00
  8.750000E-01  0.000000E+00  0.000000E+00
  9.250000E-01  0.000000E+00  0.000000E+00
  9.750000E-01  0.000000E+00  0.000000E+00
  1.025000E+00  8.452872E-05  2.312502E-06
  1.075000E+00  0.000000E+00  2.312502E-06
  1.125000E+00  0.000000E+00  2.312502E-06
  1.175000E+00  0.000000E+00  2.312502E-06
  1.225000E+00  0.000000E+00  2.312502E-06
  1.275000E+00  0.000000E+00  2.312502E-06
  1.325000E+00  0.000000E+00  2.312502E-06
  1.375000E+00  0.000000E+00  2.312502E-06
  1.425000E+00  4.373850E-05  4.625005E-06
  1.475000E+00  4.082371E-05  6.937507E-06
  1.525000E+00  1.145726E-04  1.387501E-05
  1.575000E+00  2.506332E-04  3.006253E-05
  1.625000E+00  3.027190E-04  5.087505E-05
  1.675000E+00  7.281219E-04  1.040626E-04
  1.725000E+00  1.408872E-02  1.195564E-03
  1.775000E+00  2.440507E-01  2.121490E-02
  1.825000E+00  1.378132E+00  1.407204E-01
  1.875000E+00  4.370952E+00  5.408018E-01
  1.925000E+00  6.685637E+00  1.185821E+00
  1.975000E+00  8.167135E+00  2.015235E+00
  2.025000E+00  7.518988E+00  2.817976E+00
  2.075000E+00  6.386717E+00  3.533920E+00
  2.125000E+00  4.829647E+00  4.101722E+00
  2.175000E+00  3.060113E+00  4.478616E+00
  2.225000E+00  2.216750E+00  4.764335E+00
  2.275000E+00  1.332667E+00  4.943910E+00
  2.325000E+00  9.940196E-01  5.083805E+00
  2.375000E+00  7.249082E-01  5.190261E+00
  2.425000E+00  5.503084E-01  5.274515E+00
  2.475000E+00  4.189823E-01  5.341335E+00
  2.525000E+00  2.993484E-01  5.391023E+00
  2.575000E+00  2.591158E-01  5.435754E+00
  2.625000E+00  2.294104E-01  5.476910E+00
  2.675000E+00  1.764016E-01  5.509773E+00
  2.725000E+00  1.707174E-01  5.542777E+00
  2.775000E+00  1.773551E-01  5.578334E+00
  2.825000E+00  1.792465E-01  5.615577E+00
  2.875000E+00  2.064436E-01  5.660002E+00
  2.925000E+00  1.955011E-01  5.703549E+00
  2.975000E+00  2.214108E-01  5.754567E+00
  3.025000E+00  2.446898E-01  5.812861E+00
  3.075000E+00  3.172734E-01  5.890966E+00
  3.125000E+00  3.504151E-01  5.980057E+00
  3.175000E+00  4.749486E-01  6.104705E+00
  3.225000E+00  5.181961E-01  6.245021E+00
  3.275000E+00  5.429907E-01  6.396645E+00
  3.325000E+00  5.784035E-01  6.563127E+00
  3.375000E+00  6.251414E-01  6.748513E+00
  3.425000E+00  7.259103E-01  6.970208E+00
  3.475000E+00  8.291509E-01  7.230880E+00
  3.525000E+00  8.391794E-01  7.502352E+00
  3.575000E+00  9.896320E-01  7.831641E+00
  3.625000E+00  9.524691E-01  8.157491E+00
  3.675000E+00  1.002730E+00  8.510064E+00
  3.725000E+00  1.010714E+00  8.875180E+00
  3.775000E+00  9.577208E-01  9.230503E+00
  3.825000E+00  9.280562E-01  9.584002E+00
  3.875000E+00  9.013627E-01  9.936367E+00
  3.925000E+00  8.155830E-01  1.026348E+01
  3.975000E+00  8.208345E-01  1.060114E+01
  4.025000E+00  8.144340E-01  1.094465E+01
  4.075000E+00  7.647765E-01  1.127528E+01
  4.125000E+00  7.414891E-01  1.160375E+01
  4.175000E+00  7.336756E-01  1.193669E+01
  4.225000E+00  7.653921E-01  1.229239E+01
  4.275000E+00  8.096880E-01  1.267764E+01
  4.325000E+00  8.327391E-01  1.308318E+01
  4.375000E+00  8.890480E-01  1.352620E+01
  4.425000E+00  9.208890E-01  1.399565E+01
  4.475000E+00  1.020452E+00  1.452766E+01
  4.525000E+00  1.031567E+00  1.507756E+01
  4.575000E+00  1.057131E+00  1.565361E+01
  4.625000E+00  1.112108E+00  1.627294E+01
  4.675000E+00  1.184512E+00  1.694692E+01
  4.725000E+00  1.184310E+00  1.763529E+01
  4.775000E+00  1.117424E+00  1.829859E+01
  4.825000E+00  1.132017E+00  1.898470E+01
  4.875000E+00  1.121197E+00  1.967841E+01
  4.925000E+00  1.169213E+00  2.041675E+01
  4.975000E+00  1.175850E+00  2.117443E+01
  5.025000E+00  1.220255E+00  2.197661E+01
  5.075000E+00  1.188207E+00  2.277334E+01
  5.125000E+00  1.152917E+00  2.356171E+01
  5.175000E+00  1.133818E+00  2.435223E+01
  5.225000E+00  1.119754E+00  2.514810E+01
  5.275000E+00  1.137904E+00  2.597243E+01
  5.325000E+00  1.106248E+00  2.678908E+01
  5.375000E+00  1.110749E+00  2.762453E+01
  5.425000E+00  1.118362E+00  2.848143E+01
  5.475000E+00  1.103840E+00  2.934286E+01
  5.525000E+00  1.096836E+00  3.021453E+01
  5.575000E+00  1.093037E+00  3.109898E+01
  5.625000E+00  1.091760E+00  3.199831E+01
  5.675000E+00  1.071854E+00  3.289701E+01
  5.725000E+00  1.080238E+00  3.381877E+01
  5.775000E+00  1.073748E+00  3.475106E+01
  5.825000E+00  1.062881E+00  3.568997E+01
  5.875000E+00  1.064090E+00  3.664615E+01
  5.925000E+00  1.053044E+00  3.760858E+01
  5.975000E+00  1.048488E+00  3.858309E+01
O       O       
  2.500000E-02  0.000000E+00  0.000000E+00
  7.500000E-02  0.000000E+00  0.000000E+00
  1.250000E-01  0.000000E+00  0.000000E+00
  1.750000E-01  0.000000E+00  0.000000E+00
  2.250000E-01  0.000000E+00  0.000000E+00
  2.750000E-01  0.000000E+00  0.000000E+00
  3.250000E-01  0.000000E+00  0.000000E+00
  3.750000E-01  0.000000E+00  0.000000E+00
  4.250000E-01  0.000000E+00  0.000000E+00
  4.750000E-01  0.000000E+00  0.000000E+00
  5.250000E-01  0.000000E+00  0.000000E+00
  5.750000E-01  0.000000E+00  0.000000E+00
  6.250000E-01  0.000000E+00  0.000000E+00
  6.750000E-01  6.497980E-05  7.711316E-07
  7.250000E-01  0.000000E+00  7.711316E-07
  7.750000E-01  0.000000E+00  7.711316E-07
  8.250000E-01  0.000000E+00  7.711316E-07
  8.750000E-01  0.000000E+00  7.711316E-07
  9.250000E-01  0.000000E+00  7.711316E-07
  9.750000E-01  3.115158E-05  1.542263E-06
  1.025000E+00  0.000000E+00  1.542263E-06
  1.075000E+00  0.000000E+00  1.542263E-06
  1.125000E+00  0.000000E+00  1.542263E-06
  1.175000E+00  2.145079E-05  2.313395E-06
  1.225000E+00  5.920703E-05  4.626790E-06
  1.275000E+00  0.000000E+00  4.626790E-06
  1.325000E+00  5.060838E-05  6.940184E-06
  1.375000E+00  1.566503E-04  1.465150E-05
  1.425000E+00  2.917025E-04  3.007413E-05
  1.475000E+00  1.905842E-04  4.086998E-05
  1.525000E+00  2.419689E-04  5.552148E-05
  1.575000E+00  2.626694E-04  7.248637E-05
  1.625000E+00  3.252681E-04  9.484919E-05
  1.675000E+00  3.378101E-04  1.195254E-04
  1.725000E+00  4.678145E-04  1.557686E-04
  1.775000E+00  1.090478E-03  2.452199E-04
  1.825000E+00  2.000848E-03  4.187245E-04
  1.875000E+00  4.928469E-03  8.698365E-04
  1.925000E+00  1.000698E-02  1.835293E-03
  1.975000E+00  2.021320E-02  3.888046E-03
  2.025000E+00  3.979825E-02  8.136981E-03
  2.075000E+00  7.774681E-02  1.685231E-02
  2.125000E+00  1.294839E-01  3.207522E-02
  2.175000E+00  2.045483E-01  5.726809E-02
  2.225000E+00  3.806930E-01  1.063360E-01
  2.275000E+00  6.997369E-01  2.006245E-01
  2.325000E+00  1.370280E+00  3.934730E-01
  2.375000E+00  2.399303E+00  7.458215E-01
  2.425000E+00  2.344627E+00  1.104790E+00
  2.475000E+00  1.209060E+00  1.297612E+00
  2.525000E+00  6.451522E-01  1.404701E+00
  2.575000E+00  5.811036E-01  1.505016E+00
  2.625000E+00  6.914715E-01  1.629064E+00
  2.675000E+00  9.310678E-01  1.802519E+00
  2.725000E+00  1.151846E+00  2.025200E+00
  2.775000E+00  1.270743E+00  2.279965E+00
  2.825000E+00  1.404459E+00  2.571776E+00
  2.875000E+00  1.464856E+00  2.887004E+00
  2.925000E+00  1.562331E+00  3.235004E+00
  2.975000E+00  1.554205E+00  3.593131E+00
  3.025000E+00  1.538492E+00  3.959653E+00
  3.075000E+00  1.553186E+00  4.342008E+00
  3.125000E+00  1.500059E+00  4.723392E+00
  3.175000E+00  1.497268E+00  5.116344E+00
  3.225000E+00  1.424108E+00  5.501960E+00
  3.275000E+00  1.360518E+00  5.881869E+00
  3.325000E+00  1.276825E+00  6.249377E+00
  3.375000E+00  1.237493E+00  6.616357E+00
  3.425000E+00  1.178430E+00  6.976253E+00
  3.475000E+00  1.128277E+00  7.330965E+00
  3.525000E+00  1.071422E+00  7.677567E+00
  3.575000E+00  1.030886E+00  8.020582E+00
  3.625000E+00  9.936506E-01  8.360521E+00
  3.675000E+00  9.445081E-01  8.692623E+00
  3.725000E+00  9.483923E-01  9.035226E+00
  3.775000E+00  9.330823E-01  9.381407E+00
  3.825000E+00  8.941500E-01  9.721991E+00
  3.875000E+00  8.850896E-01  1.006799E+01
  3.925000E+00  8.821810E-01  1.042182E+01
  3.975000E+00  8.903759E-01  1.078808E+01
  4.025000E+00  9.132662E-01  1.117328E+01
  4.075000E+00  9.567614E-01  1.158690E+01
  4.125000E+00  9.481300E-01  1.200692E+01
  4.175000E+00  9.661831E-01  1.244537E+01
  4.225000E+00  9.502038E-01  1.288696E+01
  4.275000E+00  9.275690E-01  1.332830E+01
  4.325000E+00  9.012190E-01  1.376718E+01
  4.375000E+00  8.653201E-01  1.419838E+01
  4.425000E+00  8.802457E-01  1.464711E+01
  4.475000E+00  9.013175E-01  1.511702E+01
  4.525000E+00  9.476164E-01  1.562216E+01
  4.575000E+00  9.443268E-01  1.613674E+01
  4.625000E+00  9.644321E-01  1.667383E+01
  4.675000E+00  1.004213E+00  1.724522E+01
  4.725000E+00  1.040294E+00  1.784988E+01
  4.775000E+00  1.037751E+00  1.846589E+01
  4.825000E+00  1.035936E+00  1.909377E+01
  4.875000E+00  1.034912E+00  1.973409E+01
  4.925000E+00  1.046653E+00  2.039504E+01
  4.975000E+00  1.013233E+00  2.104793E+01
  5.025000E+00  1.001695E+00  2.170643E+01
  5.075000E+00  9.924016E-01  2.237187E+01
  5.125000E+00  9.743062E-01  2.303811E+01
  5.175000E+00  9.634958E-01  2.370987E+01
  5.225000E+00  9.562084E-01  2.438950E+01
  5.275000E+00  9.667048E-01  2.508981E+01
  5.325000E+00  9.727398E-01  2.580790E+01
  5.375000E+00  9.661959E-01  2.653463E+01
  5.425000E+00  9.679273E-01  2.727626E+01
  5.475000E+00  9.782230E-01  2.803966E+01
  5.525000E+00  9.834422E-01  2.882122E+01
  5.575000E+00  9.902512E-01  2.962249E+01
  5.625000E+00  1.008049E+00  3.045287E+01
  5.675000E+00  1.001630E+00  3.129269E+01
  5.725000E+00  1.017767E+00  3.216114E+01
  5.775000E+00  1.029108E+00  3.305468E+01
  5.825000E+00  1.043277E+00  3.397627E+01
  5.875000E+00  1.037559E+00  3.490861E+01
  5.925000E+00  1.037587E+00  3.585691E+01
  5.975000E+00  1.042633E+00  3.682598E+01
O       O_s     
  2.500000E-02  2.890030E+02  6.269965E-03
  7.500000E-02  5.345093E+02  8.744381E-02
  1.250000E-01  7.721207E+02  4.057181E-01
  1.750000E-01  4.483638E+02  7.656290E-01
  2.250000E-01  1.369889E+02  9.469207E-01
  2.750000E-01  2.411664E+01  9.945332E-01
  3.250000E-01  1.854567E+00  9.996431E-01
  3.750000E-01  8.314917E-02  9.999480E-01
  4.250000E-01  5.321349E-03  9.999730E-01
  4.750000E-01  1.376633E-03  9.999811E-01
  5.250000E-01  5.367106E-04  9.999850E-01
  5.750000E-01  2.684905E-04  9.999873E-01
  6.250000E-01  3.409085E-04  9.999907E-01
  6.750000E-01  6.495473E-05  9.999915E-01
  7.250000E-01  2.815391E-05  9.999919E-01
  7.750000E-01  7.391867E-05  9.999931E-01
  8.250000E-01  1.304660E-04  9.999954E-01
  8.750000E-01  1.933092E-05  9.999958E-01
  9.250000E-01  0.000000E+00  9.999958E-01
  9.750000E-01  0.000000E+00  9.999958E-01
  1.025000E+00  2.817624E-05  9.999965E-01
  1.075000E+00  3.842492E-05  9.999977E-01
  1.125000E+00  1.169527E-05  9.999981E-01
  1.175000E+00  0.000000E+00  9.999981E-01
  1.225000E+00  2.959209E-05  9.999992E-01
  1.275000E+00  3.642259E-05  1.000001E+00
  1.325000E+00  2.529443E-05  1.000002E+00
  1.375000E+00  0.000000E+00  1.000002E+00
  1.425000E+00  8.747699E-05  1.000007E+00
  1.475000E+00  5.443162E-05  1.000010E+00
  1.525000E+00  1.018423E-04  1.000016E+00
  1.575000E+00  8.951186E-05  1.000022E+00
  1.625000E+00  9.530042E-05  1.000028E+00
  1.675000E+00  1.582874E-04  1.000040E+00
  1.725000E+00  2.935150E-04  1.000062E+00
  1.775000E+00  7.517639E-04  1.000124E+00
  1.825000E+00  1.773401E-03  1.000278E+00
  1.875000E+00  6.046625E-03  1.000831E+00
  1.925000E+00  1.724179E-02  1.002495E+00
  1.975000E+00  4.465759E-02  1.007030E+00
  2.025000E+00  8.256575E-02  1.015845E+00
  2.075000E+00  1.626779E-01  1.034081E+00
  2.125000E+00  2.801801E-01  1.067021E+00
  2.175000E+00  6.082261E-01  1.141932E+00
  2.225000E+00  1.530013E+00  1.339137E+00
  2.275000E+00  2.997188E+00  1.743004E+00
  2.325000E+00  2.597405E+00  2.108553E+00
  2.375000E+00  8.559119E-01  2.234248E+00
  2.425000E+00  3.218666E-01  2.283526E+00
  2.475000E+00  2.448087E-01  2.322569E+00
  2.525000E+00  3.285630E-01  2.377107E+00
  2.575000E+00  4.835631E-01  2.460583E+00
  2.625000E+00  7.315302E-01  2.591818E+00
  2.675000E+00  9.648775E-01  2.771571E+00
  2.725000E+00  1.155835E+00  2.995023E+00
  2.775000E+00  1.327240E+00  3.261115E+00
  2.825000E+00  1.457152E+00  3.563874E+00
  2.875000E+00  1.490099E+00  3.884535E+00
  2.925000E+00  1.545621E+00  4.228813E+00
  2.975000E+00  1.544602E+00  4.584727E+00
  3.025000E+00  1.507518E+00  4.943869E+00
  3.075000E+00  1.548560E+00  5.325086E+00
  3.125000E+00  1.521435E+00  5.711904E+00
  3.175000E+00  1.476601E+00  6.099433E+00
  3.225000E+00  1.401016E+00  6.478796E+00
  3.275000E+00  1.350019E+00  6.855773E+00
  3.325000E+00  1.273490E+00  7.222321E+00
  3.375000E+00  1.218138E+00  7.583562E+00
  3.425000E+00  1.157755E+00  7.937143E+00
  3.475000E+00  1.119910E+00  8.289225E+00
  3.525000E+00  1.076533E+00  8.637480E+00
  3.575000E+00  1.016938E+00  8.975855E+00
  3.625000E+00  9.966244E-01  9.316811E+00
  3.675000E+00  9.777031E-01  9.660584E+00
  3.725000E+00  9.566214E-01  1.000616E+01
  3.775000E+00  9.361515E-01  1.035348E+01
  3.825000E+00  9.185226E-01  1.070335E+01
  3.875000E+00  9.034015E-01  1.105651E+01
  3.925000E+00  9.287630E-01  1.142902E+01
  3.975000E+00  9.316424E-01  1.181226E+01
  4.025000E+00  9.341478E-01  1.220626E+01
  4.075000E+00  9.328021E-01  1.260953E+01
  4.125000E+00  9.357839E-01  1.302407E+01
  4.175000E+00  9.175828E-01  1.344047E+01
  4.225000E+00  8.962292E-01  1.385698E+01
  4.275000E+00  8.842600E-01  1.427770E+01
  4.325000E+00  8.593270E-01  1.469619E+01
  4.375000E+00  8.593750E-01  1.512443E+01
  4.425000E+00  8.727938E-01  1.556936E+01
  4.475000E+00  9.135482E-01  1.604564E+01
  4.525000E+00  9.294713E-01  1.654111E+01
  4.575000E+00  9.442037E-01  1.705563E+01
  4.625000E+00  9.873168E-01  1.760546E+01
  4.675000E+00  1.005651E+00  1.817767E+01
  4.725000E+00  1.037629E+00  1.878078E+01
  4.775000E+00  1.052683E+00  1.940565E+01
  4.825000E+00  1.064613E+00  2.005091E+01
  4.875000E+00  1.073210E+00  2.071493E+01
  4.925000E+00  1.061460E+00  2.138522E+01
  4.975000E+00  1.037732E+00  2.205390E+01
  5.025000E+00  1.010306E+00  2.271806E+01
  5.075000E+00  9.983460E-01  2.338749E+01
  5.125000E+00  9.876745E-01  2.406287E+01
  5.175000E+00  9.741678E-01  2.474208E+01
  5.225000E+00  9.673344E-01  2.542961E+01
  5.275000E+00  9.568143E-01  2.612275E+01
  5.325000E+00  9.592679E-01  2.683090E+01
  5.375000E+00  9.530772E-01  2.754776E+01
  5.425000E+00  9.621505E-01  2.828497E+01
  5.475000E+00  9.618303E-01  2.903558E+01
  5.525000E+00  9.750214E-01  2.981044E+01
  5.575000E+00  9.863540E-01  3.060856E+01
  5.625000E+00  1.006411E+00  3.143759E+01
  5.675000E+00  1.013744E+00  3.228756E+01
  5.725000E+00  1.022729E+00  3.316025E+01
  5.775000E+00  1.026985E+00  3.405194E+01
  5.825000E+00  1.036783E+00  3.496780E+01
  5.875000E+00  1.030406E+00  3.589371E+01
  5.925000E+00  1.036636E+00  3.684115E+01
  5.975000E+00  1.039557E+00  3.780736E+01
O_s     O_s     
  2.500000E-02  0.000000E+00  0.000000E+00
  7.500000E-02  0.000000E+00  0.000000E+00
  1.250000E-01  0.000000E+00  0.000000E+00
  1.750000E-01  0.000000E+00  0.000000E+00
  2.250000E-01  0.000000E+00  0.000000E+00
  2.750000E-01  0.000000E+00  0.000000E+00
  3.250000E-01  0.000000E+00  0.000000E+00
  3.750000E-01  0.000000E+00  0.000000E+00
  4.250000E-01  0.000000E+00  0.000000E+00
  4.750000E-01  0.000000E+00  0.000000E+00
  5.250000E-01  0.000000E+00  0.000000E+00
  5.750000E-01  0.000000E+00  0.000000E+00
  6.250000E-01  0.000000E+00  0.000000E+00
  6.750000E-01  0.000000E+00  0.000000E+00
  7.250000E-01  5.632956E-05  7.711316E-07
  7.750000E-01  0.000000E+00  7.711316E-07
  8.250000E-01  4.350545E-05  1.542263E-06
  8.750000E-01  0.000000E+00  1.542263E-06
  9.250000E-01  0.000000E+00  1.542263E-06
  9.750000E-01  0.000000E+00  1.542263E-06
  1.025000E+00  0.000000E+00  1.542263E-06
  1.075000E+00  0.000000E+00  1.542263E-06
  1.125000E+00  0.000000E+00  1.542263E-06
  1.175000E+00  0.000000E+00  1.542263E-06
  1.225000E+00  0.000000E+00  1.542263E-06
  1.275000E+00  0.000000E+00  1.542263E-06
  1.325000E+00  0.000000E+00  1.542263E-06
  1.375000E+00  0.000000E+00  1.542263E-06
  1.425000E+00  0.000000E+00  1.542263E-06
  1.475000E+00  0.000000E+00  1.542263E-06
  1.525000E+00  2.547041E-05  3.084526E-06
  1.575000E+00  3.581856E-05  5.397921E-06
  1.625000E+00  1.121614E-05  6.169053E-06
  1.675000E+00  2.111313E-05  7.711316E-06
  1.725000E+00  1.990700E-05  9.253579E-06
  1.775000E+00  2.350169E-04  2.853187E-05
  1.825000E+00  6.767312E-03  6.153630E-04
  1.875000E+00  1.059832E-02  1.585447E-03
  1.925000E+00  3.544005E-02  5.004644E-03
  1.975000E+00  1.458965E-01  1.982117E-02
  2.025000E+00  2.076082E-01  4.198580E-02
  2.075000E+00  5.185620E-01  1.001160E-01
  2.125000E+00  1.816192E+00  3.136385E-01
  2.175000E+00  4.136121E+00  8.230573E-01
  2.225000E+00  2.384969E+00  1.130458E+00
  2.275000E+00  6.160761E-01  1.213474E+00
  2.325000E+00  1.944096E-01  1.240834E+00
  2.375000E+00  1.022893E-01  1.255856E+00
  2.425000E+00  1.179896E-01  1.273920E+00
  2.475000E+00  1.899481E-01  1.304213E+00
  2.525000E+00  2.967137E-01  1.353465E+00
  2.575000E+00  4.612718E-01  1.433093E+00
  2.625000E+00  7.755923E-01  1.572232E+00
  2.675000E+00  1.095947E+00  1.776403E+00
  2.725000E+00  1.357838E+00  2.038908E+00
  2.775000E+00  1.438197E+00  2.327245E+00
  2.825000E+00  1.434084E+00  2.625211E+00
  2.875000E+00  1.505499E+00  2.949186E+00
  2.925000E+00  1.437503E+00  3.269381E+00
  2.975000E+00  1.493402E+00  3.613497E+00
  3.025000E+00  1.494121E+00  3.969449E+00
  3.075000E+00  1.500304E+00  4.338786E+00
  3.125000E+00  1.434885E+00  4.703599E+00
  3.175000E+00  1.435156E+00  5.080251E+00
  3.225000E+00  1.379900E+00  5.453896E+00
  3.275000E+00  1.309211E+00  5.819478E+00
  3.325000E+00  1.272006E+00  6.185599E+00
  3.375000E+00  1.197768E+00  6.540798E+00
  3.425000E+00  1.150549E+00  6.892179E+00
  3.475000E+00  1.119793E+00  7.244225E+00
  3.525000E+00  1.084721E+00  7.595128E+00
  3.575000E+00  1.050270E+00  7.944593E+00
  3.625000E+00  1.002074E+00  8.287414E+00
  3.675000E+00  9.861358E-01  8.634152E+00
  3.725000E+00  9.663745E-01  8.983251E+00
  3.775000E+00  9.351878E-01  9.330214E+00
  3.825000E+00  9.313763E-01  9.684977E+00
  3.875000E+00  9.411918E-01  1.005291E+01
  3.925000E+00  9.435173E-01  1.043134E+01
  3.975000E+00  9.418894E-01  1.081879E+01
  4.025000E+00  9.390214E-01  1.121485E+01
  4.075000E+00  9.163123E-01  1.161099E+01
  4.125000E+00  9.040217E-01  1.201147E+01
  4.175000E+00  8.847244E-01  1.241295E+01
  4.225000E+00  8.626473E-01  1.281385E+01
  4.275000E+00  8.565540E-01  1.322140E+01
  4.325000E+00  8.549677E-01  1.363776E+01
  4.375000E+00  8.653325E-01  1.406897E+01
  4.425000E+00  8.752008E-01  1.451512E+01
  4.475000E+00  8.921826E-01  1.498026E+01
  4.525000E+00  9.512314E-01  1.548734E+01
  4.575000E+00  9.501331E-01  1.600508E+01
  4.625000E+00  9.785436E-01  1.655003E+01
  4.675000E+00  1.018789E+00  1.712972E+01
  4.725000E+00  1.039506E+00  1.773391E+01
  4.775000E+00  1.055773E+00  1.836062E+01
  4.825000E+00  1.088258E+00  1.902021E+01
  4.875000E+00  1.063101E+00  1.967798E+01
  4.925000E+00  1.072361E+00  2.035515E+01
  4.975000E+00  1.071274E+00  2.104545E+01
  5.025000E+00  1.021917E+00  2.171724E+01
  5.075000E+00  9.953537E-01  2.238466E+01
  5.125000E+00  9.929764E-01  2.306367E+01
  5.175000E+00  9.746842E-01  2.374323E+01
  5.225000E+00  9.605113E-01  2.442592E+01
  5.275000E+00  9.520054E-01  2.511557E+01
  5.325000E+00  9.539227E-01  2.581978E+01
  5.375000E+00  9.646899E-01  2.654537E+01
  5.425000E+00  9.466847E-01  2.727073E+01
  5.475000E+00  9.674514E-01  2.802572E+01
  5.525000E+00  9.804439E-01  2.880490E+01
  5.575000E+00  9.929721E-01  2.960838E+01
  5.625000E+00  1.018157E+00  3.044708E+01
  5.675000E+00  1.010728E+00  3.129452E+01
  5.725000E+00  1.010937E+00  3.215715E+01
  5.775000E+00  1.034928E+00  3.305574E+01
  5.825000E+00  1.032132E+00  3.396748E+01
  5.875000E+00  1.022371E+00  3.488618E+01
  5.925000E+00  1.031218E+00  3.582866E+01
  5.975000E+00  1.036425E+00  3.679196E+01
