title: #Li56 La24 Zr16 O96                                                     
energy unitS: electron Volts
         0  0.000000E+00        52
 -1.163974E+05  6.000000E+02 -1.167994E+05  1.362317E+04 -1.304225E+05
  0.000000E+00  0.000000E+00  0.000000E+00  0.000000E+00 -1.163974E+05
  0.000000E+00  3.377908E+04 -9.662661E+04  1.304057E+05  0.000000E+00
  0.000000E+00  0.000000E+00  0.000000E+00  6.008194E+04  0.000000E+00
  0.000000E+00  0.000000E+00  9.000000E+01  9.000000E+01  9.000000E+01
  0.000000E+00 -2.892780E+02  0.000000E+00 -3.027898E+02 -9.519279E-02
 -3.038848E-02 -9.519279E-02 -3.025893E+02 -5.157759E-02 -3.038848E-02
 -5.157759E-02 -2.624547E+02  0.000000E+00  0.000000E+00  0.000000E+00
  0.000000E+00  0.000000E+00  3.970821E+01  0.000000E+00  0.000000E+00
  0.000000E+00  3.970821E+01  0.000000E+00  0.000000E+00  0.000000E+00
  3.810512E+01 -1.099171E+04
      1000  5.000000E-01        52
 -1.237453E+05  6.000000E+02 -1.241480E+05  2.430125E+04 -1.495969E+05
  0.000000E+00  0.000000E+00  0.000000E+00  0.000000E+00 -1.237460E+05
  0.000000E+00  2.173671E+03 -1.496846E+05  1.495629E+05  0.000000E+00
  0.000000E+00  0.000000E+00  0.000000E+00  5.896491E+04  1.999028E-02
  1.147639E+03  2.295278E+03  9.000000E+01  9.000000E+01  9.000000E+01
  0.000000E+00 -1.224366E+01  7.251949E-01 -2.616459E+01 -5.948834E-01
 -3.967018E+00 -5.948834E-01 -2.342118E+01 -1.324209E+00 -3.967018E+00
 -1.324209E+00  1.285480E+01  2.118317E+00  7.775157E-01  8.327623E-01
  1.579274E+00  1.584333E+00  3.946059E+01  0.000000E+00  0.000000E+00
  0.000000E+00  3.946059E+01  0.000000E+00  0.000000E+00  0.000000E+00
  3.786749E+01 -4.565736E+02
      2000  1.000000E+00        52
  8.324422E+05  6.106230E+02 -1.235394E+05  2.346924E+04 -1.482599E+05
  0.000000E+00  0.000000E+00  0.000000E+00  0.000000E+00 -1.231303E+05
  0.000000E+00  9.243860E+03 -1.414180E+05  1.481594E+05  0.000000E+00
  0.000000E+00  0.000000E+00  0.000000E+00  7.729280E+04  2.186646E+01
  1.251266E+03  2.502531E+03  9.000000E+01  9.000000E+01  9.000000E+01
  0.000000E+00 -5.745640E+01  9.555725E+05 -6.049776E+01  2.323706E-01
 -2.169571E+00  2.323706E-01 -5.999907E+01  1.154776E-01 -2.169571E+00
  1.154776E-01 -5.187236E+01  3.867820E+00  1.999633E+00  1.498763E+00
  3.272695E+00  1.096754E+03  4.318624E+01  0.000000E+00  0.000000E+00
  0.000000E+00  4.318624E+01  0.000000E+00  0.000000E+00  0.000000E+00
  4.144273E+01 -2.808558E+03
      3000  1.500000E+00        52
  8.321815E+05  6.000842E+02 -1.237932E+05  2.400381E+04 -1.490854E+05
  0.000000E+00  0.000000E+00  0.000000E+00  0.000000E+00 -1.233911E+05
  0.000000E+00  6.728602E+03 -1.448465E+05  1.489983E+05  0.000000E+00
  0.000000E+00  0.000000E+00  0.000000E+00  7.432839E+04  2.432789E+00
  1.288387E+03  2.576774E+03  9.000000E+01  9.000000E+01  9.000000E+01
  0.000000E+00 -4.201192E+01  9.555726E+05 -4.075000E+01 -3.369862E-01
 -2.316310E-01 -3.369862E-01 -4.297109E+01  1.955314E-01 -2.316310E-01
  1.955314E-01 -4.231469E+01  4.751847E+00  2.828125E+00  2.233676E+00
  4.342928E+00  1.098012E+03  4.262691E+01  0.000000E+00  0.000000E+00
  0.000000E+00  4.262691E+01  0.000000E+00  0.000000E+00  0.000000E+00
  4.090599E+01 -1.974846E+03
      4000  2.000000E+00        52
  8.320257E+05  6.000000E+02 -1.239490E+05  2.430029E+04 -1.495530E+05
  0.000000E+00  0.000000E+00  0.000000E+00  0.000000E+00 -1.235469E+05
  0.000000E+00  5.368425E+03 -1.467152E+05  1.494761E+05  0.000000E+00
  0.000000E+00  0.000000E+00  0.000000E+00  7.210980E+04  1.998844E-02
  1.303769E+03  2.607538E+03  9.000000E+01  9.000000E+01  9.000000E+01
  0.000000E+00 -3.336332E+01  9.555727E+05 -3.726211E+01  2.041501E-01
  4.737089E-01  2.041501E-01 -3.410671E+01 -2.329185E+00  4.737089E-01
 -2.329185E+00 -2.872113E+01  5.045267E+00  3.093126E+00  2.317395E+00
  4.661871E+00  1.097954E+03  4.219851E+01  0.000000E+00  0.000000E+00
  0.000000E+00  4.219851E+01  0.000000E+00  0.000000E+00  0.000000E+00
  4.049488E+01 -1.521492E+03
      5000  2.500000E+00        52
  8.319378E+05  5.997909E+02 -1.240366E+05  2.433135E+04 -1.496702E+05
  0.000000E+00  0.000000E+00  0.000000E+00  0.000000E+00 -1.236347E+05
  0.000000E+00  5.045640E+03 -1.471595E+05  1.496007E+05  0.000000E+00
  0.000000E+00  0.000000E+00  0.000000E+00  7.036997E+04  3.455655E-01
  1.302220E+03  2.604441E+03  9.000000E+01  9.000000E+01  9.000000E+01
  0.000000E+00 -3.177261E+01  9.555726E+05 -3.289034E+01  9.912015E-01
  5.829694E-02  9.912015E-01 -3.251700E+01 -6.547356E-01  5.829694E-02
 -6.547356E-01 -2.991049E+01  5.388380E+00  3.411621E+00  2.585178E+00
  5.057428E+00  1.098116E+03  4.185636E+01  0.000000E+00  0.000000E+00
  0.000000E+00  4.185636E+01  0.000000E+00  0.000000E+00  0.000000E+00
  4.016654E+01 -1.413990E+03
      6000  3.000000E+00        52
  8.318585E+05  6.004240E+02 -1.241164E+05  2.445792E+04 -1.498812E+05
  0.000000E+00  0.000000E+00  0.000000E+00  0.000000E+00 -1.237141E+05
  0.000000E+00  4.409245E+03 -1.480213E+05  1.498166E+05  0.000000E+00
  0.000000E+00  0.000000E+00  0.000000E+00  6.901301E+04  1.898725E+00
  1.306945E+03  2.613891E+03  9.000000E+01  9.000000E+01  9.000000E+01
  0.000000E+00 -2.753050E+01  9.555726E+05 -2.966803E+01  1.056345E+00
  5.783469E-01  1.056345E+00 -2.728717E+01  2.816295E+00  5.783469E-01
  2.816295E+00 -2.563629E+01  5.503651E+00  3.490049E+00  2.705011E+00
  5.266284E+00  1.098470E+03  4.158557E+01  0.000000E+00  0.000000E+00
  0.000000E+00  4.158557E+01  0.000000E+00  0.000000E+00  0.000000E+00
  3.990668E+01 -1.201575E+03
      7000  3.500000E+00        52
  8.318053E+05  6.000000E+02 -1.241692E+05  2.469984E+04 -1.501938E+05
  0.000000E+00  0.000000E+00  0.000000E+00  0.000000E+00 -1.237672E+05
  0.000000E+00  3.254665E+03 -1.495289E+05  1.501341E+05  0.000000E+00
  0.000000E+00  0.000000E+00  0.000000E+00  6.777227E+04  1.999430E-02
  1.324737E+03  2.649473E+03  9.000000E+01  9.000000E+01  9.000000E+01
  0.000000E+00 -1.905958E+01  9.555726E+05 -2.141988E+01 -3.568262E-01
  2.309001E+00 -3.568262E-01 -1.928169E+01  1.496785E+00  2.309001E+00
  1.496785E+00 -1.647718E+01  5.665822E+00  3.553047E+00  2.793635E+00
  5.421600E+00  1.097955E+03  4.133485E+01  0.000000E+00  0.000000E+00
  0.000000E+00  4.133485E+01  0.000000E+00  0.000000E+00  0.000000E+00
  3.966609E+01 -8.169048E+02
      8000  4.000000E+00        52
  8.317527E+05  5.998591E+02 -1.242217E+05  2.465351E+04 -1.501737E+05
  0.000000E+00  0.000000E+00  0.000000E+00  0.000000E+00 -1.238198E+05
  0.000000E+00  3.301279E+03 -1.494138E+05  1.501182E+05  0.000000E+00
  0.000000E+00  0.000000E+00  0.000000E+00  6.677580E+04  3.532815E-01
  1.298446E+03  2.596892E+03  9.000000E+01  9.000000E+01  9.000000E+01
  0.000000E+00 -1.971343E+01  9.555725E+05 -2.126230E+01  8.981316E-02
  4.898926E-01  8.981316E-02 -1.840388E+01  2.981542E+00  4.898926E-01
  2.981542E+00 -1.947411E+01  5.724120E+00  3.615116E+00  2.759246E+00
  5.550714E+00  1.098746E+03  4.113126E+01  0.000000E+00  0.000000E+00
  0.000000E+00  4.113126E+01  0.000000E+00  0.000000E+00  0.000000E+00
  3.947072E+01 -8.325059E+02
      9000  4.500000E+00        52
  8.317261E+05  6.000437E+02 -1.242484E+05  2.463721E+04 -1.501722E+05
  0.000000E+00  0.000000E+00  0.000000E+00  0.000000E+00 -1.238463E+05
  0.000000E+00  3.207350E+03 -1.494854E+05  1.501196E+05  0.000000E+00
  0.000000E+00  0.000000E+00  0.000000E+00  6.580977E+04  1.941940E+00
  1.286588E+03  2.573176E+03  9.000000E+01  9.000000E+01  9.000000E+01
  0.000000E+00 -1.924854E+01  9.555725E+05 -2.050794E+01  3.446055E-01
  1.849652E+00  3.446055E-01 -2.091050E+01  1.030448E+00  1.849652E+00
  1.030448E+00 -1.632718E+01  5.823475E+00  3.669384E+00  2.860448E+00
  5.741849E+00  1.099689E+03  4.093195E+01  0.000000E+00  0.000000E+00
  0.000000E+00  4.093195E+01  0.000000E+00  0.000000E+00  0.000000E+00
  3.927946E+01 -8.011137E+02
     10000  5.000000E+00        52
  8.316910E+05  6.000000E+02 -1.242835E+05  2.461728E+04 -1.502020E+05
  0.000000E+00  0.000000E+00  0.000000E+00  0.000000E+00 -1.238815E+05
  0.000000E+00  3.184500E+03 -1.495703E+05  1.501525E+05  0.000000E+00
  0.000000E+00  0.000000E+00  0.000000E+00  6.501533E+04  1.997685E-02
  1.301135E+03  2.602271E+03  9.000000E+01  9.000000E+01  9.000000E+01
  0.000000E+00 -1.929897E+01  9.555725E+05 -2.188611E+01  2.004076E+00
 -2.095440E-01  2.004076E+00 -2.018305E+01  1.106537E+00 -2.095440E-01
  1.106537E+00 -1.582776E+01  5.957682E+00  3.680676E+00  2.893770E+00
  5.837903E+00  1.099441E+03  4.076658E+01  0.000000E+00  0.000000E+00
  0.000000E+00  4.076658E+01  0.000000E+00  0.000000E+00  0.000000E+00
  3.912076E+01 -7.935165E+02
     11000  5.500000E+00        52
  8.316910E+05  5.957928E+02 -1.243364E+05  2.503258E+04 -1.506825E+05
  0.000000E+00  0.000000E+00  0.000000E+00  0.000000E+00 -1.239372E+05
  0.000000E+00  7.504216E+02 -1.525178E+05  1.506413E+05  0.000000E+00
  0.000000E+00  0.000000E+00  0.000000E+00  6.213203E+04  2.103806E+00
  1.313435E+03  2.626869E+03  9.000000E+01  9.000000E+01  9.000000E+01
  0.000000E+00  4.062707E-01  9.556283E+05 -2.584212E+00  6.162965E-01
  2.439805E+00  6.162965E-01 -3.618093E-01 -7.091156E-03  2.439805E+00
 -7.091156E-03  4.164834E+00  4.267037E-01  3.874854E-01  3.334041E-01
  5.452213E-01  4.583400E-01  4.015480E+01  0.000000E+00  0.000000E+00
  0.000000E+00  4.015480E+01  0.000000E+00  0.000000E+00  0.000000E+00
  3.853368E+01  1.596383E+01
     12000  6.000000E+00        52
  8.316910E+05  5.899284E+02 -1.243766E+05  2.492449E+04 -1.505920E+05
  0.000000E+00  0.000000E+00  0.000000E+00  0.000000E+00 -1.239813E+05
  0.000000E+00  9.448305E+02 -1.521903E+05  1.505532E+05  0.000000E+00
  0.000000E+00  0.000000E+00  0.000000E+00  6.162973E+04  2.519973E+00
  1.290984E+03  2.581969E+03  9.000000E+01  9.000000E+01  9.000000E+01
  0.000000E+00 -1.320262E+00  9.556723E+05 -2.048538E+00 -4.631662E-01
  1.013792E+00 -4.631662E-01 -3.544643E+00  2.376500E+00  1.013792E+00
  2.376500E+00  1.632395E+00  5.402682E-01  4.642227E-01  3.885241E-01
  6.583059E-01  5.651543E-01  4.004630E+01  0.000000E+00  0.000000E+00
  0.000000E+00  4.004630E+01  0.000000E+00  0.000000E+00  0.000000E+00
  3.842956E+01 -5.145841E+01
     13000  6.500000E+00        52
  8.316909E+05  5.898178E+02 -1.243960E+05  2.500259E+04 -1.506839E+05
  0.000000E+00  0.000000E+00  0.000000E+00  0.000000E+00 -1.240008E+05
  0.000000E+00  5.472879E+02 -1.526682E+05  1.506449E+05  0.000000E+00
  0.000000E+00  0.000000E+00  0.000000E+00  6.104256E+04  2.742160E+00
  1.285283E+03  2.570566E+03  9.000000E+01  9.000000E+01  9.000000E+01
  0.000000E+00  2.098363E+00  9.556918E+05  5.015932E-01 -1.745817E-01
 -9.084203E-01 -1.745817E-01  8.473239E-01  1.670737E+00 -9.084203E-01
  1.670737E+00  4.946171E+00  6.712764E-01  5.351657E-01  4.683747E-01
  7.964409E-01  6.947064E-01  3.991872E+01  0.000000E+00  0.000000E+00
  0.000000E+00  3.991872E+01  0.000000E+00  0.000000E+00  0.000000E+00
  3.830713E+01  8.100640E+01
     14000  7.000000E+00        52
  8.316909E+05  6.115230E+02 -1.244134E+05  2.488601E+04 -1.505752E+05
  0.000000E+00  0.000000E+00  0.000000E+00  0.000000E+00 -1.240037E+05
  0.000000E+00  9.154772E+02 -1.521736E+05  1.505374E+05  0.000000E+00
  0.000000E+00  0.000000E+00  0.000000E+00  6.088019E+04  2.966125E+00
  1.275802E+03  2.551605E+03  9.000000E+01  9.000000E+01  9.000000E+01
  0.000000E+00 -8.318807E-01  9.556947E+05 -3.225656E-01 -1.845025E+00
  1.236146E+00 -1.845025E+00 -1.756779E+00  2.845328E-01  1.236146E+00
  2.845328E-01 -4.162973E-01  8.166332E-01  6.666424E-01  5.617649E-01
  9.385174E-01  8.303078E-01  3.988329E+01  0.000000E+00  0.000000E+00
  0.000000E+00  3.988329E+01  0.000000E+00  0.000000E+00  0.000000E+00
  3.827313E+01 -3.202898E+01
     15000  7.500000E+00        52
  8.316909E+05  6.096073E+02 -1.244219E+05  2.484832E+04 -1.505201E+05
  0.000000E+00  0.000000E+00  0.000000E+00  0.000000E+00 -1.240134E+05
  0.000000E+00  9.710700E+02 -1.520107E+05  1.504819E+05  0.000000E+00
  0.000000E+00  0.000000E+00  0.000000E+00  6.087067E+04  3.184159E+00
  1.249934E+03  2.499868E+03  9.000000E+01  9.000000E+01  9.000000E+01
  0.000000E+00 -1.335612E+00  9.557043E+05 -3.105114E+00 -1.380007E+00
 -1.376569E+00 -1.380007E+00 -1.179403E+00  6.818078E-01 -1.376569E+00
  6.818078E-01  2.776798E-01  8.558980E-01  7.105544E-01  5.816642E-01
  9.744209E-01  8.646156E-01  3.988121E+01  0.000000E+00  0.000000E+00
  0.000000E+00  3.988121E+01  0.000000E+00  0.000000E+00  0.000000E+00
  3.827114E+01 -5.141556E+01
     16000  8.000000E+00        52
  8.316909E+05  6.069238E+02 -1.244489E+05  2.491057E+04 -1.506379E+05
  0.000000E+00  0.000000E+00  0.000000E+00  0.000000E+00 -1.240423E+05
  0.000000E+00  7.796877E+02 -1.523770E+05  1.505999E+05  0.000000E+00
  0.000000E+00  0.000000E+00  0.000000E+00  6.064164E+04  3.127018E+00
  1.278406E+03  2.556812E+03  9.000000E+01  9.000000E+01  9.000000E+01
  0.000000E+00  2.915176E-01  9.557332E+05 -2.506754E+00 -3.199824E-01
  6.569490E-01 -3.199824E-01  2.043389E+00  4.419107E-01  6.569490E-01
  4.419107E-01  1.337918E+00  8.903151E-01  7.132970E-01  6.073682E-01
  1.017887E+00  8.964097E-01  3.983113E+01  0.000000E+00  0.000000E+00
  0.000000E+00  3.983113E+01  0.000000E+00  0.000000E+00  0.000000E+00
  3.822308E+01  1.118000E+01
     17000  8.500000E+00        52
  8.316909E+05  5.972057E+02 -1.244544E+05  2.488233E+04 -1.505878E+05
  0.000000E+00  0.000000E+00  0.000000E+00  0.000000E+00 -1.240543E+05
  0.000000E+00  8.094700E+02 -1.522436E+05  1.505508E+05  0.000000E+00
  0.000000E+00  0.000000E+00  0.000000E+00  6.054546E+04  3.211842E+00
  1.251104E+03  2.502207E+03  9.000000E+01  9.000000E+01  9.000000E+01
  0.000000E+00 -8.064565E-02  9.557452E+05 -3.342405E+00 -2.180480E+00
 -6.237907E-01 -2.180480E+00 -1.243657E+00  1.659531E+00 -6.237907E-01
  1.659531E+00  4.344125E+00  9.401415E-01  7.692895E-01  6.177810E-01
  1.079042E+00  9.509103E-01  3.981006E+01  0.000000E+00  0.000000E+00
  0.000000E+00  3.981006E+01  0.000000E+00  0.000000E+00  0.000000E+00
  3.820286E+01 -3.087938E+00
     18000  9.000000E+00        52
  8.316909E+05  6.084186E+02 -1.244577E+05  2.493448E+04 -1.506383E+05
  0.000000E+00  0.000000E+00  0.000000E+00  0.000000E+00 -1.240501E+05
  0.000000E+00  4.415319E+02 -1.526523E+05  1.506018E+05  0.000000E+00
  0.000000E+00  0.000000E+00  0.000000E+00  6.025736E+04  3.280177E+00
  1.246048E+03  2.492095E+03  9.000000E+01  9.000000E+01  9.000000E+01
  0.000000E+00  3.268768E+00  9.557410E+05  4.205685E+00 -6.747664E-01
 -1.509778E+00 -6.747664E-01  1.756144E+00  3.401567E+00 -1.509778E+00
  3.401567E+00  3.844475E+00  9.888873E-01  8.335025E-01  6.701235E-01
  1.119443E+00  9.963689E-01  3.974682E+01  0.000000E+00  0.000000E+00
  0.000000E+00  3.974682E+01  0.000000E+00  0.000000E+00  0.000000E+00
  3.814217E+01  1.245662E+02
     19000  9.500000E+00        52
  8.316909E+05  6.083056E+02 -1.244540E+05  2.488831E+04 -1.505897E+05
  0.000000E+00  0.000000E+00  0.000000E+00  0.000000E+00 -1.240464E+05
  0.000000E+00  7.028062E+02 -1.523451E+05  1.505530E+05  0.000000E+00
  0.000000E+00  0.000000E+00  0.000000E+00  6.025298E+04  3.319166E+00
  1.247440E+03  2.494880E+03  9.000000E+01  9.000000E+01  9.000000E+01
  0.000000E+00  9.821307E-01  9.557374E+05 -5.752010E-01 -2.343496E-01
  7.546134E-02 -2.343496E-01  1.478543E+00  2.015582E+00  7.546134E-02
  2.015582E+00  2.043050E+00  1.006274E+00  8.354575E-01  7.088765E-01
  1.144455E+00  1.021698E+00  3.974586E+01  0.000000E+00  0.000000E+00
  0.000000E+00  3.974586E+01  0.000000E+00  0.000000E+00  0.000000E+00
  3.814124E+01  3.742431E+01
     20000  1.000000E+01        52
  8.316909E+05  5.940602E+02 -1.244679E+05  2.488776E+04 -1.506037E+05
  0.000000E+00  0.000000E+00  0.000000E+00  0.000000E+00 -1.240699E+05
  0.000000E+00  5.803423E+02 -1.524834E+05  1.505678E+05  0.000000E+00
  0.000000E+00  0.000000E+00  0.000000E+00  6.008962E+04  3.320860E+00
  1.247969E+03  2.495938E+03  9.000000E+01  9.000000E+01  9.000000E+01
  0.000000E+00  1.891564E+00  9.557609E+05 -1.667085E+00 -2.016353E+00
  2.270760E+00 -2.016353E+00  1.783358E+00  3.697401E+00  2.270760E+00
  3.697401E+00  5.558418E+00  1.056156E+00  9.187570E-01  7.272165E-01
  1.191356E+00  1.064853E+00  3.970990E+01  0.000000E+00  0.000000E+00
  0.000000E+00  3.970990E+01  0.000000E+00  0.000000E+00  0.000000E+00
  3.810674E+01  7.188305E+01
     21000  1.050000E+01        52
  8.316909E+05  5.895191E+02 -1.244878E+05  2.481566E+04 -1.505318E+05
  0.000000E+00  0.000000E+00  0.000000E+00  0.000000E+00 -1.240929E+05
  0.000000E+00  7.325705E+02 -1.522202E+05  1.504962E+05  0.000000E+00
  0.000000E+00  0.000000E+00  0.000000E+00  5.987001E+04  3.239498E+00
  1.228291E+03  2.456582E+03  9.000000E+01  9.000000E+01  9.000000E+01
  0.000000E+00  5.047698E-01  9.557838E+05  5.087775E-02 -7.994099E-01
 -9.268287E-01 -7.994099E-01  1.065582E+00  1.062623E+00 -9.268287E-01
  1.062623E+00  3.978495E-01  1.055595E+00  9.440232E-01  7.350825E-01
  1.204836E+00  1.075706E+00  3.966147E+01  0.000000E+00  0.000000E+00
  0.000000E+00  3.966147E+01  0.000000E+00  0.000000E+00  0.000000E+00
  3.806026E+01  1.911211E+01
     22000  1.100000E+01        52
  8.316908E+05  5.882564E+02 -1.244844E+05  2.476224E+04 -1.504868E+05
  0.000000E+00  0.000000E+00  0.000000E+00  0.000000E+00 -1.240903E+05
  0.000000E+00  1.019927E+03 -1.519112E+05  1.504509E+05  0.000000E+00
  0.000000E+00  0.000000E+00  0.000000E+00  5.987563E+04  3.290335E+00
  1.240103E+03  2.480205E+03  9.000000E+01  9.000000E+01  9.000000E+01
  0.000000E+00 -2.039719E+00  9.557812E+05 -4.491490E+00  5.139350E-01
  1.754882E+00  5.139350E-01 -9.957540E-01  4.447169E+00  1.754882E+00
  4.447169E+00 -6.319142E-01  1.077799E+00  9.519229E-01  7.346137E-01
  1.245839E+00  1.110315E+00  3.966271E+01  0.000000E+00  0.000000E+00
  0.000000E+00  3.966271E+01  0.000000E+00  0.000000E+00  0.000000E+00
  3.806145E+01 -7.723720E+01
     23000  1.150000E+01        52
  8.316909E+05  6.155083E+02 -1.244890E+05  2.482805E+04 -1.505561E+05
  0.000000E+00  0.000000E+00  0.000000E+00  0.000000E+00 -1.240766E+05
  0.000000E+00  7.111957E+02 -1.522878E+05  1.505208E+05  0.000000E+00
  0.000000E+00  0.000000E+00  0.000000E+00  5.966617E+04  3.495386E+00
  1.239105E+03  2.478209E+03  9.000000E+01  9.000000E+01  9.000000E+01
  0.000000E+00  1.002934E+00  9.557676E+05 -1.459092E-01 -1.282252E+00
  1.570073E+00 -1.282252E+00  2.743121E+00  2.703290E+00  1.570073E+00
  2.703290E+00  4.115911E-01  1.094301E+00  9.659951E-01  7.573765E-01
  1.256695E+00  1.124651E+00  3.961640E+01  0.000000E+00  0.000000E+00
  0.000000E+00  3.961640E+01  0.000000E+00  0.000000E+00  0.000000E+00
  3.801702E+01  3.784483E+01
     24000  1.200000E+01        52
  8.316909E+05  6.103793E+02 -1.244876E+05  2.485057E+04 -1.505868E+05
  0.000000E+00  0.000000E+00  0.000000E+00  0.000000E+00 -1.240787E+05
  0.000000E+00  7.254109E+02 -1.523232E+05  1.505514E+05  0.000000E+00
  0.000000E+00  0.000000E+00  0.000000E+00  5.974963E+04  3.463389E+00
  1.248609E+03  2.497218E+03  9.000000E+01  9.000000E+01  9.000000E+01
  0.000000E+00  8.155110E-01  9.557696E+05  9.564441E-02 -6.203683E-01
 -8.732594E-02 -6.203683E-01  3.928953E-01  4.464702E+00 -8.732594E-02
  4.464702E+00  1.957993E+00  1.115354E+00  9.532101E-01  7.625077E-01
  1.280791E+00  1.144665E+00  3.963487E+01  0.000000E+00  0.000000E+00
  0.000000E+00  3.963487E+01  0.000000E+00  0.000000E+00  0.000000E+00
  3.803474E+01  3.081563E+01
     25000  1.250000E+01        52
  8.316909E+05  5.917985E+02 -1.245003E+05  2.484492E+04 -1.505764E+05
  0.000000E+00  0.000000E+00  0.000000E+00  0.000000E+00 -1.241038E+05
  0.000000E+00  6.159088E+02 -1.523869E+05  1.505405E+05  0.000000E+00
  0.000000E+00  0.000000E+00  0.000000E+00  5.968269E+04  3.404181E+00
  1.231155E+03  2.462310E+03  9.000000E+01  9.000000E+01  9.000000E+01
  0.000000E+00  1.563600E+00  9.557947E+05 -2.394893E-01 -1.560085E+00
  1.064815E+00 -1.560085E+00 -1.113000E+00  3.559141E-01  1.064815E+00
  3.559141E-01  6.043289E+00  1.156639E+00  1.000767E+00  7.922797E-01
  1.316521E+00  1.179000E+00  3.962006E+01  0.000000E+00  0.000000E+00
  0.000000E+00  3.962006E+01  0.000000E+00  0.000000E+00  0.000000E+00
  3.802053E+01  5.901741E+01
     26000  1.300000E+01        52
  8.316909E+05  5.947766E+02 -1.245065E+05  2.487439E+04 -1.506285E+05
  0.000000E+00  0.000000E+00  0.000000E+00  0.000000E+00 -1.241080E+05
  0.000000E+00  5.746122E+02 -1.525140E+05  1.505934E+05  0.000000E+00
  0.000000E+00  0.000000E+00  0.000000E+00  5.956332E+04  3.366740E+00
  1.247594E+03  2.495189E+03  9.000000E+01  9.000000E+01  9.000000E+01
  0.000000E+00  1.967478E+00  9.557989E+05  7.346312E-01 -1.618789E+00
  1.834945E+00 -1.618789E+00  2.752175E+00  2.262024E+00  1.834945E+00
  2.262024E+00  2.415629E+00  1.145380E+00  9.961359E-01  7.856861E-01
  1.318087E+00  1.178467E+00  3.959363E+01  0.000000E+00  0.000000E+00
  0.000000E+00  3.959363E+01  0.000000E+00  0.000000E+00  0.000000E+00
  3.799516E+01  7.411309E+01
     27000  1.350000E+01        52
  8.316909E+05  5.969762E+02 -1.244969E+05  2.484088E+04 -1.505751E+05
  0.000000E+00  0.000000E+00  0.000000E+00  0.000000E+00 -1.240969E+05
  0.000000E+00  7.591566E+02 -1.522551E+05  1.505396E+05  0.000000E+00
  0.000000E+00  0.000000E+00  0.000000E+00  5.961757E+04  3.450573E+00
  1.237354E+03  2.474707E+03  9.000000E+01  9.000000E+01  9.000000E+01
  0.000000E+00  3.601982E-01  9.557879E+05  5.334411E-02 -1.197749E+00
  2.148880E-01 -1.197749E+00  1.858333E-01  1.885147E+00  2.148880E-01
  1.885147E+00  8.414173E-01  1.172574E+00  1.011913E+00  8.127961E-01
  1.347576E+00  1.205664E+00  3.960564E+01  0.000000E+00  0.000000E+00
  0.000000E+00  3.960564E+01  0.000000E+00  0.000000E+00  0.000000E+00
  3.800669E+01  1.358069E+01
     28000  1.400000E+01        52
  8.316909E+05  6.077071E+02 -1.245033E+05  2.483189E+04 -1.505759E+05
  0.000000E+00  0.000000E+00  0.000000E+00  0.000000E+00 -1.240962E+05
  0.000000E+00  6.918771E+02 -1.523302E+05  1.505408E+05  0.000000E+00
  0.000000E+00  0.000000E+00  0.000000E+00  5.948100E+04  3.449274E+00
  1.240649E+03  2.481298E+03  9.000000E+01  9.000000E+01  9.000000E+01
  0.000000E+00  1.084617E+00  9.557871E+05 -1.826456E+00 -8.191580E-01
  2.047159E+00 -8.191580E-01  2.130908E+00  4.781762E+00  2.047159E+00
  4.781762E+00  2.949400E+00  1.161224E+00  9.896950E-01  7.649592E-01
  1.327839E+00  1.188123E+00  3.957538E+01  0.000000E+00  0.000000E+00
  0.000000E+00  3.957538E+01  0.000000E+00  0.000000E+00  0.000000E+00
  3.797765E+01  4.080005E+01
     29000  1.450000E+01        52
  8.316909E+05  5.958601E+02 -1.245063E+05  2.473915E+04 -1.504985E+05
  0.000000E+00  0.000000E+00  0.000000E+00  0.000000E+00 -1.241071E+05
  0.000000E+00  1.110182E+03 -1.518586E+05  1.504627E+05  0.000000E+00
  0.000000E+00  0.000000E+00  0.000000E+00  5.953613E+04  3.400064E+00
  1.253056E+03  2.506112E+03  9.000000E+01  9.000000E+01  9.000000E+01
  0.000000E+00 -2.760184E+00  9.557980E+05 -6.543281E+00 -1.376628E+00
  2.827450E+00 -1.376628E+00 -3.207891E+00  2.077365E+00  2.827450E+00
  2.077365E+00  1.470621E+00  1.187333E+00  1.031886E+00  8.045207E-01
  1.374141E+00  1.228637E+00  3.958760E+01  0.000000E+00  0.000000E+00
  0.000000E+00  3.958760E+01  0.000000E+00  0.000000E+00  0.000000E+00
  3.798938E+01 -1.039261E+02
     30000  1.500000E+01        52
  8.316909E+05  5.986780E+02 -1.245153E+05  2.480697E+04 -1.505662E+05
  0.000000E+00  0.000000E+00  0.000000E+00  0.000000E+00 -1.241141E+05
  0.000000E+00  8.511248E+02 -1.521676E+05  1.505308E+05  0.000000E+00
  0.000000E+00  0.000000E+00  0.000000E+00  5.951995E+04  3.378311E+00
  1.243950E+03  2.487900E+03  9.000000E+01  9.000000E+01  9.000000E+01
  0.000000E+00 -4.334364E-01  9.558051E+05 -3.902963E+00 -2.580128E+00
  3.088909E+00 -2.580128E+00  1.669438E+00  4.132188E+00  3.088909E+00
  4.132188E+00  9.332157E-01  1.190760E+00  1.038061E+00  8.102059E-01
  1.376706E+00  1.232884E+00  3.958402E+01  0.000000E+00  0.000000E+00
  0.000000E+00  3.958402E+01  0.000000E+00  0.000000E+00  0.000000E+00
  3.798594E+01 -1.631526E+01
     31000  1.550000E+01        52
  8.316909E+05  6.001024E+02 -1.245164E+05  2.482539E+04 -1.505695E+05
  0.000000E+00  0.000000E+00  0.000000E+00  0.000000E+00 -1.241143E+05
  0.000000E+00  5.951849E+02 -1.523950E+05  1.505348E+05  0.000000E+00
  0.000000E+00  0.000000E+00  0.000000E+00  5.937383E+04  3.346802E+00
  1.227718E+03  2.455435E+03  9.000000E+01  9.000000E+01  9.000000E+01
  0.000000E+00  1.854479E+00  9.558052E+05  3.813380E-01 -1.714102E+00
  2.530452E+00 -1.714102E+00  8.403347E-01  3.901362E+00  2.530452E+00
  3.901362E+00  4.341763E+00  1.188044E+00  1.028722E+00  7.823636E-01
  1.373965E+00  1.231951E+00  3.955160E+01  0.000000E+00  0.000000E+00
  0.000000E+00  3.955160E+01  0.000000E+00  0.000000E+00  0.000000E+00
  3.795483E+01  6.963426E+01
     32000  1.600000E+01        52
  8.316909E+05  6.058144E+02 -1.245093E+05  2.477166E+04 -1.505262E+05
  0.000000E+00  0.000000E+00  0.000000E+00  0.000000E+00 -1.241034E+05
  0.000000E+00  9.673667E+02 -1.520141E+05  1.504911E+05  0.000000E+00
  0.000000E+00  0.000000E+00  0.000000E+00  5.944044E+04  3.517114E+00
  1.245216E+03  2.490432E+03  9.000000E+01  9.000000E+01  9.000000E+01
  0.000000E+00 -1.379975E+00  9.557944E+05 -2.206387E+00 -1.849022E+00
  2.037078E+00 -1.849022E+00 -3.734890E+00  5.731401E+00  2.037078E+00
  5.731401E+00  1.801353E+00  1.233727E+00  1.043824E+00  8.134871E-01
  1.419677E+00  1.273555E+00  3.956638E+01  0.000000E+00  0.000000E+00
  0.000000E+00  3.956638E+01  0.000000E+00  0.000000E+00  0.000000E+00
  3.796902E+01 -5.187514E+01
     33000  1.650000E+01        52
  8.316909E+05  5.930938E+02 -1.245082E+05  2.477682E+04 -1.505306E+05
  0.000000E+00  0.000000E+00  0.000000E+00  0.000000E+00 -1.241108E+05
  0.000000E+00  9.863082E+02 -1.520001E+05  1.504952E+05  0.000000E+00
  0.000000E+00  0.000000E+00  0.000000E+00  5.954016E+04  3.521671E+00
  1.245615E+03  2.491229E+03  9.000000E+01  9.000000E+01  9.000000E+01
  0.000000E+00 -1.696229E+00  9.558017E+05 -4.848385E+00 -1.441040E+00
 -1.068188E+00 -1.441040E+00  2.240144E-01  2.676036E+00 -1.068188E+00
  2.676036E+00 -4.643156E-01  1.241549E+00  1.068046E+00  8.475334E-01
  1.439357E+00  1.290228E+00  3.958849E+01  0.000000E+00  0.000000E+00
  0.000000E+00  3.958849E+01  0.000000E+00  0.000000E+00  0.000000E+00
  3.799024E+01 -6.387052E+01
     34000  1.700000E+01        52
  8.316909E+05  5.998339E+02 -1.245248E+05  2.481244E+04 -1.505807E+05
  0.000000E+00  0.000000E+00  0.000000E+00  0.000000E+00 -1.241229E+05
  0.000000E+00  8.155348E+02 -1.522167E+05  1.505453E+05  0.000000E+00
  0.000000E+00  0.000000E+00  0.000000E+00  5.953897E+04  3.426132E+00
  1.243485E+03  2.486969E+03  9.000000E+01  9.000000E+01  9.000000E+01
  0.000000E+00 -1.045231E-01  9.558138E+05 -9.892274E-01 -1.156128E+00
 -8.275978E-01 -1.156128E+00 -9.393626E-01  3.894442E+00 -8.275978E-01
  3.894442E+00  1.615021E+00  1.234661E+00  1.081746E+00  8.336107E-01
  1.426769E+00  1.284652E+00  3.958823E+01  0.000000E+00  0.000000E+00
  0.000000E+00  3.958823E+01  0.000000E+00  0.000000E+00  0.000000E+00
  3.798998E+01 -3.935677E+00
     35000  1.750000E+01        52
  8.316909E+05  6.007268E+02 -1.245225E+05  2.473922E+04 -1.505010E+05
  0.000000E+00  0.000000E+00  0.000000E+00  0.000000E+00 -1.241200E+05
  0.000000E+00  1.032910E+03 -1.519115E+05  1.504657E+05  0.000000E+00
  0.000000E+00  0.000000E+00  0.000000E+00  5.949931E+04  3.410785E+00
  1.239351E+03  2.478702E+03  9.000000E+01  9.000000E+01  9.000000E+01
  0.000000E+00 -2.019613E+00  9.558109E+05 -3.263269E+00 -2.102895E+00
 -6.011970E-02 -2.102895E+00 -3.098083E+00  2.565513E+00 -6.011970E-02
  2.565513E+00  3.025137E-01  1.225581E+00  1.078476E+00  8.307419E-01
  1.435758E+00  1.289451E+00  3.957944E+01  0.000000E+00  0.000000E+00
  0.000000E+00  3.957944E+01  0.000000E+00  0.000000E+00  0.000000E+00
  3.798155E+01 -7.599518E+01
     36000  1.800000E+01        52
  8.316909E+05  5.983664E+02 -1.245177E+05  2.478388E+04 -1.505488E+05
  0.000000E+00  0.000000E+00  0.000000E+00  0.000000E+00 -1.241168E+05
  0.000000E+00  8.900689E+02 -1.521178E+05  1.505134E+05  0.000000E+00
  0.000000E+00  0.000000E+00  0.000000E+00  5.945709E+04  3.318801E+00
  1.247231E+03  2.494463E+03  9.000000E+01  9.000000E+01  9.000000E+01
  0.000000E+00 -7.828282E-01  9.558077E+05 -2.731760E+00 -2.389469E+00
 -8.526596E-01 -2.389469E+00 -2.113480E+00  3.863690E+00 -8.526596E-01
  3.863690E+00  2.496756E+00  1.230701E+00  1.079905E+00  8.523426E-01
  1.437079E+00  1.292970E+00  3.957008E+01  0.000000E+00  0.000000E+00
  0.000000E+00  3.957008E+01  0.000000E+00  0.000000E+00  0.000000E+00
  3.797256E+01 -2.943582E+01
     37000  1.850000E+01        52
  8.316909E+05  6.023419E+02 -1.245227E+05  2.477362E+04 -1.505391E+05
  0.000000E+00  0.000000E+00  0.000000E+00  0.000000E+00 -1.241191E+05
  0.000000E+00  8.918685E+02 -1.520975E+05  1.505037E+05  0.000000E+00
  0.000000E+00  0.000000E+00  0.000000E+00  5.946461E+04  3.400059E+00
  1.242872E+03  2.485744E+03  9.000000E+01  9.000000E+01  9.000000E+01
  0.000000E+00 -7.514647E-01  9.558101E+05 -1.691188E+00 -2.960136E+00
 -4.495130E-01 -2.960136E+00  9.738669E-01  3.092818E-01 -4.495130E-01
  3.092818E-01 -1.537073E+00  1.228315E+00  1.077594E+00  8.307816E-01
  1.446195E+00  1.299467E+00  3.957174E+01  0.000000E+00  0.000000E+00
  0.000000E+00  3.957174E+01  0.000000E+00  0.000000E+00  0.000000E+00
  3.797416E+01 -2.826007E+01
     38000  1.900000E+01        52
  8.316908E+05  6.000133E+02 -1.245275E+05  2.480658E+04 -1.505561E+05
  0.000000E+00  0.000000E+00  0.000000E+00  0.000000E+00 -1.241254E+05
  0.000000E+00  6.670743E+02 -1.522981E+05  1.505210E+05  0.000000E+00
  0.000000E+00  0.000000E+00  0.000000E+00  5.938515E+04  3.499239E+00
  1.222095E+03  2.444190E+03  9.000000E+01  9.000000E+01  9.000000E+01
  0.000000E+00  1.215008E+00  9.558163E+05 -1.286742E+00  1.817060E-01
 -9.573892E-01  1.817060E-01  1.559808E+00  2.639061E+00 -9.573892E-01
  2.639061E+00  3.371957E+00  1.276727E+00  1.093973E+00  8.434920E-01
  1.468217E+00  1.325152E+00  3.955411E+01  0.000000E+00  0.000000E+00
  0.000000E+00  3.955411E+01  0.000000E+00  0.000000E+00  0.000000E+00
  3.795724E+01  4.563131E+01
     39000  1.950000E+01        52
  8.316909E+05  6.029950E+02 -1.245267E+05  2.475340E+04 -1.505047E+05
  0.000000E+00  0.000000E+00  0.000000E+00  0.000000E+00 -1.241227E+05
  0.000000E+00  8.107304E+02 -1.521087E+05  1.504702E+05  0.000000E+00
  0.000000E+00  0.000000E+00  0.000000E+00  5.927892E+04  3.450390E+00
  1.224630E+03  2.449260E+03  9.000000E+01  9.000000E+01  9.000000E+01
  0.000000E+00 -2.460248E-02  9.558136E+05  7.550233E-01 -8.920523E-01
 -1.058777E+00 -8.920523E-01 -2.633893E-01  2.061823E+00 -1.058777E+00
  2.061823E+00 -5.654415E-01  1.290086E+00  1.115024E+00  8.671840E-01
  1.494067E+00  1.347083E+00  3.953051E+01  0.000000E+00  0.000000E+00
  0.000000E+00  3.953051E+01  0.000000E+00  0.000000E+00  0.000000E+00
  3.793459E+01 -9.223275E-01
     40000  2.000000E+01        52
  4.401677E+08  2.126958E-03 -1.237123E+05  1.850182E+04 -1.434894E+05
  0.000000E+00  0.000000E+00  0.000000E+00  0.000000E+00 -1.237122E+05
  0.000000E+00  3.085605E+04 -1.151083E+05  1.434138E+05  0.000000E+00
  0.000000E+00  0.000000E+00  0.000000E+00  7.247946E+04  7.964150E-06
  1.275312E+03  2.550624E+03  9.000000E+01  9.000000E+01  9.000000E+01
  0.000000E+00 -2.243872E+02  4.402914E+08 -2.286141E+02  1.577478E+00
  2.020747E-01  1.577478E+00 -2.277923E+02  2.379294E-01  2.020747E-01
  2.379294E-01 -2.167551E+02  1.255314E+00  1.103181E+00  8.526960E-01
  1.480082E+00  9.032718E+02  4.227049E+01  0.000000E+00  0.000000E+00
  0.000000E+00  4.227049E+01  0.000000E+00  0.000000E+00  0.000000E+00
  4.056396E+01 -1.028535E+04
     41000  2.050000E+01        52
  4.401678E+08  6.321188E-04 -1.240225E+05  1.975607E+04 -1.448762E+05
  0.000000E+00  0.000000E+00  0.000000E+00  0.000000E+00 -1.240225E+05
  0.000000E+00  2.539369E+04 -1.216074E+05  1.448059E+05  0.000000E+00
  0.000000E+00  0.000000E+00  0.000000E+00  7.114235E+04  1.117586E-06
  1.097633E+03  2.195265E+03  9.000000E+01  9.000000E+01  9.000000E+01
  0.000000E+00 -1.881353E+02  4.402918E+08 -1.918509E+02  1.387538E+00
  4.142386E-01  1.387538E+00 -1.905837E+02  5.557385E-01  4.142386E-01
  5.557385E-01 -1.819713E+02  1.252656E+00  1.102784E+00  8.521421E-01
  1.476118E+00  9.032478E+02  4.200894E+01  0.000000E+00  0.000000E+00
  0.000000E+00  4.200894E+01  0.000000E+00  0.000000E+00  0.000000E+00
  4.031296E+01 -8.464564E+03
     42000  2.100000E+01        52
  4.401678E+08  3.522135E-04 -1.242035E+05  2.047681E+04 -1.457240E+05
  0.000000E+00  0.000000E+00  0.000000E+00  0.000000E+00 -1.242034E+05
  0.000000E+00  2.209384E+04 -1.256514E+05  1.456578E+05  0.000000E+00
  0.000000E+00  0.000000E+00  0.000000E+00  7.001957E+04  4.646865E-07
  1.043739E+03  2.087478E+03  9.000000E+01  9.000000E+01  9.000000E+01
  0.000000E+00 -1.663123E+02  4.402920E+08 -1.696242E+02  1.184247E+00
  3.989777E-01  1.184247E+00 -1.684432E+02  6.316682E-01  3.989777E-01
  6.316682E-01 -1.608696E+02  1.251206E+00  1.102398E+00  8.516036E-01
  1.473987E+00  9.032385E+02  4.178677E+01  0.000000E+00  0.000000E+00
  0.000000E+00  4.178677E+01  0.000000E+00  0.000000E+00  0.000000E+00
  4.009976E+01 -7.364612E+03
     43000  2.150000E+01        52
  4.401678E+08  2.298468E-04 -1.243340E+05  2.099840E+04 -1.463569E+05
  0.000000E+00  0.000000E+00  0.000000E+00  0.000000E+00 -1.243340E+05
  0.000000E+00  1.962642E+04 -1.287167E+05  1.462942E+05  0.000000E+00
  0.000000E+00  0.000000E+00  0.000000E+00  6.904059E+04  2.582472E-07
  1.024485E+03  2.048969E+03  9.000000E+01  9.000000E+01  9.000000E+01
  0.000000E+00 -1.498336E+02  4.402921E+08 -1.528398E+02  1.036079E+00
  3.631489E-01  1.036079E+00 -1.518820E+02  5.749848E-01  3.631489E-01
  5.749848E-01 -1.447791E+02  1.250274E+00  1.102034E+00  8.510942E-01
  1.472647E+00  9.032315E+02  4.159111E+01  0.000000E+00  0.000000E+00
  0.000000E+00  4.159111E+01  0.000000E+00  0.000000E+00  0.000000E+00
  3.991200E+01 -6.542140E+03
     44000  2.200000E+01        52
  4.401678E+08  1.686576E-04 -1.244347E+05  2.141699E+04 -1.468703E+05
  0.000000E+00  0.000000E+00  0.000000E+00  0.000000E+00 -1.244346E+05
  0.000000E+00  1.760857E+04 -1.312392E+05  1.468105E+05  0.000000E+00
  0.000000E+00  0.000000E+00  0.000000E+00  6.817306E+04  1.760739E-07
  1.018627E+03  2.037254E+03  9.000000E+01  9.000000E+01  9.000000E+01
  0.000000E+00 -1.361394E+02  4.402922E+08 -1.388844E+02  9.380764E-01
  3.698319E-01  9.380764E-01 -1.381452E+02  5.172662E-01  3.698319E-01
  5.172662E-01 -1.313887E+02  1.249620E+00  1.101686E+00  8.506227E-01
  1.471750E+00  9.032280E+02  4.141617E+01  0.000000E+00  0.000000E+00
  0.000000E+00  4.141617E+01  0.000000E+00  0.000000E+00  0.000000E+00
  3.974412E+01 -5.869522E+03
     45000  2.250000E+01        52
  4.401678E+08  1.254867E-04 -1.245145E+05  2.177190E+04 -1.473050E+05
  0.000000E+00  0.000000E+00  0.000000E+00  0.000000E+00 -1.245144E+05
  0.000000E+00  1.587953E+04 -1.334056E+05  1.472478E+05  0.000000E+00
  0.000000E+00  0.000000E+00  0.000000E+00  6.739762E+04  1.140329E-07
  1.018655E+03  2.037309E+03  9.000000E+01  9.000000E+01  9.000000E+01
  0.000000E+00 -1.241841E+02  4.402923E+08 -1.267193E+02  8.340756E-01
  3.709453E-01  8.340756E-01 -1.261360E+02  4.944838E-01  3.709453E-01
  4.944838E-01 -1.196969E+02  1.249169E+00  1.101352E+00  8.501926E-01
  1.471146E+00  9.032260E+02  4.125854E+01  0.000000E+00  0.000000E+00
  0.000000E+00  4.125854E+01  0.000000E+00  0.000000E+00  0.000000E+00
  3.959286E+01 -5.293178E+03
     46000  2.300000E+01        52
  4.401678E+08  1.002113E-04 -1.245788E+05  2.208034E+04 -1.476808E+05
  0.000000E+00  0.000000E+00  0.000000E+00  0.000000E+00 -1.245788E+05
  0.000000E+00  1.436713E+04 -1.353018E+05  1.476257E+05  0.000000E+00
  0.000000E+00  0.000000E+00  0.000000E+00  6.670087E+04  8.158212E-08
  1.021580E+03  2.043161E+03  9.000000E+01  9.000000E+01  9.000000E+01
  0.000000E+00 -1.135302E+02  4.402924E+08 -1.158814E+02  7.201479E-01
  3.552286E-01  7.201479E-01 -1.154424E+02  4.822671E-01  3.552286E-01
  4.822671E-01 -1.092667E+02  1.248864E+00  1.101030E+00  8.498063E-01
  1.470753E+00  9.032237E+02  4.111587E+01  0.000000E+00  0.000000E+00
  0.000000E+00  4.111587E+01  0.000000E+00  0.000000E+00  0.000000E+00
  3.945595E+01 -4.789043E+03
     47000  2.350000E+01        52
  4.401678E+08  8.391535E-05 -1.246316E+05  2.235202E+04 -1.480096E+05
  0.000000E+00  0.000000E+00  0.000000E+00  0.000000E+00 -1.246316E+05
  0.000000E+00  1.302846E+04 -1.369802E+05  1.479567E+05  0.000000E+00
  0.000000E+00  0.000000E+00  0.000000E+00  6.607247E+04  6.209726E-08
  1.025970E+03  2.051940E+03  9.000000E+01  9.000000E+01  9.000000E+01
  0.000000E+00 -1.039310E+02  4.402924E+08 -1.061154E+02  6.046100E-01
  3.408586E-01  6.046100E-01 -1.058114E+02  4.705221E-01  3.408586E-01
  4.705221E-01 -9.986622E+01  1.248655E+00  1.100718E+00  8.494643E-01
  1.470502E+00  9.032212E+02  4.098634E+01  0.000000E+00  0.000000E+00
  0.000000E+00  4.098634E+01  0.000000E+00  0.000000E+00  0.000000E+00
  3.933165E+01 -4.342819E+03
     48000  2.400000E+01        52
  4.401678E+08  7.239534E-05 -1.246754E+05  2.259363E+04 -1.483001E+05
  0.000000E+00  0.000000E+00  0.000000E+00  0.000000E+00 -1.246753E+05
  0.000000E+00  1.183323E+04 -1.384778E+05  1.482489E+05  0.000000E+00
  0.000000E+00  0.000000E+00  0.000000E+00  6.550411E+04  4.997757E-08
  1.031069E+03  2.062138E+03  9.000000E+01  9.000000E+01  9.000000E+01
  0.000000E+00 -9.521550E+01  4.402925E+08 -9.725106E+01  4.922707E-01
  3.281479E-01  4.922707E-01 -9.706529E+01  4.602161E-01  3.281479E-01
  4.602161E-01 -9.133014E+01  1.248514E+00  1.100417E+00  8.491643E-01
  1.470349E+00  9.032186E+02  4.086848E+01  0.000000E+00  0.000000E+00
  0.000000E+00  4.086848E+01  0.000000E+00  0.000000E+00  0.000000E+00
  3.921855E+01 -3.944412E+03
     49000  2.450000E+01        52
  4.401678E+08  6.365914E-05 -1.247119E+05  2.280991E+04 -1.485582E+05
  0.000000E+00  0.000000E+00  0.000000E+00  0.000000E+00 -1.247118E+05
  0.000000E+00  1.075978E+04 -1.398218E+05  1.485086E+05  0.000000E+00
  0.000000E+00  0.000000E+00  0.000000E+00  6.498896E+04  4.204837E-08
  1.036478E+03  2.072955E+03  9.000000E+01  9.000000E+01  9.000000E+01
  0.000000E+00 -8.726428E+01  4.402925E+08 -8.917025E+01  3.839347E-01
  3.120869E-01  3.839347E-01 -8.908211E+01  4.535881E-01  3.120869E-01
  4.535881E-01 -8.354048E+01  1.248427E+00  1.100129E+00  8.489022E-01
  1.470264E+00  9.032161E+02  4.076107E+01  0.000000E+00  0.000000E+00
  0.000000E+00  4.076107E+01  0.000000E+00  0.000000E+00  0.000000E+00
  3.911547E+01 -3.586593E+03
     50000  2.500000E+01        52
  4.401678E+08  5.671624E-05 -1.247425E+05  2.300439E+04 -1.487888E+05
  0.000000E+00  0.000000E+00  0.000000E+00  0.000000E+00 -1.247424E+05
  0.000000E+00  9.791937E+03 -1.410325E+05  1.487405E+05  0.000000E+00
  0.000000E+00  0.000000E+00  0.000000E+00  6.452123E+04  3.637841E-08
  1.041971E+03  2.083941E+03  9.000000E+01  9.000000E+01  9.000000E+01
  0.000000E+00 -7.999055E+01  4.402925E+08 -8.178595E+01  2.816850E-01
  2.940141E-01  2.816850E-01 -8.177297E+01  4.520743E-01  2.940141E-01
  4.520743E-01 -7.641273E+01  1.248380E+00  1.099853E+00  8.486731E-01
  1.470229E+00  9.032137E+02  4.066304E+01  0.000000E+00  0.000000E+00
  0.000000E+00  4.066304E+01  0.000000E+00  0.000000E+00  0.000000E+00
  3.902140E+01 -3.263979E+03
     51000  2.550000E+01        52
  4.401678E+08  5.105465E-05 -1.247682E+05  2.317989E+04 -1.489955E+05
  0.000000E+00  0.000000E+00  0.000000E+00  0.000000E+00 -1.247681E+05
  0.000000E+00  8.916611E+03 -1.421266E+05  1.489483E+05  0.000000E+00
  0.000000E+00  0.000000E+00  0.000000E+00  6.409598E+04  3.193090E-08
  1.047417E+03  2.094834E+03  9.000000E+01  9.000000E+01  9.000000E+01
  0.000000E+00 -7.332326E+01  4.402926E+08 -7.502468E+01  1.864835E-01
  2.724386E-01  1.864835E-01 -7.506628E+01  4.566913E-01  2.724386E-01
  4.566913E-01 -6.987881E+01  1.248362E+00  1.099591E+00  8.484724E-01
  1.470232E+00  9.032113E+02  4.057351E+01  0.000000E+00  0.000000E+00
  0.000000E+00  4.057351E+01  0.000000E+00  0.000000E+00  0.000000E+00
  3.893549E+01 -2.972204E+03
     52000  2.600000E+01        52
  4.401678E+08  4.638828E-05 -1.247899E+05  2.333850E+04 -1.491811E+05
  0.000000E+00  0.000000E+00  0.000000E+00  0.000000E+00 -1.247898E+05
  0.000000E+00  8.123873E+03 -1.431166E+05  1.491350E+05  0.000000E+00
  0.000000E+00  0.000000E+00  0.000000E+00  6.370888E+04  2.827483E-08
  1.052732E+03  2.105464E+03  9.000000E+01  9.000000E+01  9.000000E+01
  0.000000E+00 -6.721030E+01  4.402926E+08 -6.882959E+01  9.923336E-02
  2.497661E-01  9.923336E-02 -6.891137E+01  4.667760E-01  2.497661E-01
  4.667760E-01 -6.388995E+01  1.248362E+00  1.099343E+00  8.482958E-01
  1.470263E+00  9.032092E+02  4.049167E+01  0.000000E+00  0.000000E+00
  0.000000E+00  4.049167E+01  0.000000E+00  0.000000E+00  0.000000E+00
  3.885695E+01 -2.707958E+03
     53000  2.650000E+01        52
  4.401678E+08  4.250621E-05 -1.248082E+05  2.348206E+04 -1.493481E+05
  0.000000E+00  0.000000E+00  0.000000E+00  0.000000E+00 -1.248082E+05
  0.000000E+00  7.405145E+03 -1.440136E+05  1.493030E+05  0.000000E+00
  0.000000E+00  0.000000E+00  0.000000E+00  6.335615E+04  2.538508E-08
  1.057861E+03  2.115722E+03  9.000000E+01  9.000000E+01  9.000000E+01
  0.000000E+00 -6.160522E+01  4.402926E+08 -6.315024E+01  1.907135E-02
  2.276798E-01  1.907135E-02 -6.326605E+01  4.815623E-01  2.276798E-01
  4.815623E-01 -5.839939E+01  1.248375E+00  1.099108E+00  8.481399E-01
  1.470313E+00  9.032072E+02  4.041680E+01  0.000000E+00  0.000000E+00
  0.000000E+00  4.041680E+01  0.000000E+00  0.000000E+00  0.000000E+00
  3.878510E+01 -2.468382E+03
     54000  2.700000E+01        52
  4.401678E+08  3.923286E-05 -1.248238E+05  2.361205E+04 -1.494986E+05
  0.000000E+00  0.000000E+00  0.000000E+00  0.000000E+00 -1.248238E+05
  0.000000E+00  6.753126E+03 -1.448269E+05  1.494544E+05  0.000000E+00
  0.000000E+00  0.000000E+00  0.000000E+00  6.303441E+04  2.275058E-08
  1.062768E+03  2.125537E+03  9.000000E+01  9.000000E+01  9.000000E+01
  0.000000E+00 -5.646766E+01  4.402926E+08 -5.794511E+01 -5.430976E-02
  2.061470E-01 -5.430976E-02 -5.809022E+01  4.995704E-01  2.061470E-01
  4.995704E-01 -5.336766E+01  1.248396E+00  1.098885E+00  8.480018E-01
  1.470379E+00  9.032053E+02  4.034827E+01  0.000000E+00  0.000000E+00
  0.000000E+00  4.034827E+01  0.000000E+00  0.000000E+00  0.000000E+00
  3.871934E+01 -2.251042E+03
     55000  2.750000E+01        52
  4.401678E+08  3.642430E-05 -1.248371E+05  2.372977E+04 -1.496343E+05
  0.000000E+00  0.000000E+00  0.000000E+00  0.000000E+00 -1.248370E+05
  0.000000E+00  6.161508E+03 -1.455643E+05  1.495910E+05  0.000000E+00
  0.000000E+00  0.000000E+00  0.000000E+00  6.274068E+04  2.064210E-08
  1.067433E+03  2.134866E+03  9.000000E+01  9.000000E+01  9.000000E+01
  0.000000E+00 -5.176193E+01  4.402926E+08 -5.317671E+01 -1.212512E-01
  1.857129E-01 -1.212512E-01 -5.334848E+01  5.190616E-01  1.857129E-01
  5.190616E-01 -4.876060E+01  1.248421E+00  1.098675E+00  8.478794E-01
  1.470454E+00  9.032035E+02  4.028550E+01  0.000000E+00  0.000000E+00
  0.000000E+00  4.028550E+01  0.000000E+00  0.000000E+00  0.000000E+00
  3.865910E+01 -2.053836E+03
     56000  2.800000E+01        52
  4.401678E+08  3.397359E-05 -1.248484E+05  2.383641E+04 -1.497567E+05
  0.000000E+00  0.000000E+00  0.000000E+00  0.000000E+00 -1.248484E+05
  0.000000E+00  5.624451E+03 -1.462333E+05  1.497140E+05  0.000000E+00
  0.000000E+00  0.000000E+00  0.000000E+00  6.247227E+04  1.893795E-08
  1.071845E+03  2.143689E+03  9.000000E+01  9.000000E+01  9.000000E+01
  0.000000E+00 -4.745321E+01  4.402927E+08 -4.880984E+01 -1.823368E-01
  1.665172E-01 -1.823368E-01 -4.900625E+01  5.391166E-01  1.665172E-01
  5.391166E-01 -4.454352E+01  1.248449E+00  1.098476E+00  8.477706E-01
  1.470535E+00  9.032016E+02  4.022797E+01  0.000000E+00  0.000000E+00
  0.000000E+00  4.022797E+01  0.000000E+00  0.000000E+00  0.000000E+00
  3.860389E+01 -1.874817E+03
     57000  2.850000E+01        52
  4.401678E+08  3.180579E-05 -1.248582E+05  2.393302E+04 -1.498672E+05
  0.000000E+00  0.000000E+00  0.000000E+00  0.000000E+00 -1.248582E+05
  0.000000E+00  5.136901E+03 -1.468403E+05  1.498252E+05  0.000000E+00
  0.000000E+00  0.000000E+00  0.000000E+00  6.222678E+04  1.736153E-08
  1.076000E+03  2.152000E+03  9.000000E+01  9.000000E+01  9.000000E+01
  0.000000E+00 -4.351075E+01  4.402927E+08 -4.481380E+01 -2.373333E-01
  1.489373E-01 -2.373333E-01 -4.503245E+01  5.602836E-01  1.489373E-01
  5.602836E-01 -4.068601E+01  1.248479E+00  1.098289E+00  8.476738E-01
  1.470621E+00  9.031998E+02  4.017520E+01  0.000000E+00  0.000000E+00
  0.000000E+00  4.017520E+01  0.000000E+00  0.000000E+00  0.000000E+00
  3.855326E+01 -1.712300E+03
     58000  2.900000E+01        52
  4.401678E+08  2.986679E-05 -1.248666E+05  2.402059E+04 -1.499671E+05
  0.000000E+00  0.000000E+00  0.000000E+00  0.000000E+00 -1.248665E+05
  0.000000E+00  4.694074E+03 -1.473913E+05  1.499256E+05  0.000000E+00
  0.000000E+00  0.000000E+00  0.000000E+00  6.200204E+04  1.604387E-08
  1.079903E+03  2.159806E+03  9.000000E+01  9.000000E+01  9.000000E+01
  0.000000E+00 -3.990402E+01  4.402927E+08 -4.115759E+01 -2.874047E-01
  1.322189E-01 -2.874047E-01 -4.139644E+01  5.804607E-01  1.322189E-01
  5.804607E-01 -3.715803E+01  1.248509E+00  1.098112E+00  8.475877E-01
  1.470709E+00  9.031979E+02  4.012678E+01  0.000000E+00  0.000000E+00
  0.000000E+00  4.012678E+01  0.000000E+00  0.000000E+00  0.000000E+00
  3.850679E+01 -1.564691E+03
     59000  2.950000E+01        52
  4.401678E+08  2.812186E-05 -1.248738E+05  2.409994E+04 -1.500573E+05
  0.000000E+00  0.000000E+00  0.000000E+00  0.000000E+00 -1.248738E+05
  0.000000E+00  4.291856E+03 -1.478916E+05  1.500163E+05  0.000000E+00
  0.000000E+00  0.000000E+00  0.000000E+00  6.179614E+04  1.489663E-08
  1.083558E+03  2.167117E+03  9.000000E+01  9.000000E+01  9.000000E+01
  0.000000E+00 -3.660636E+01  4.402927E+08 -3.781365E+01 -3.324220E-01
  1.166716E-01 -3.324220E-01 -3.807150E+01  6.005236E-01  1.166716E-01
  6.005236E-01 -3.393394E+01  1.248540E+00  1.097946E+00  8.475108E-01
  1.470798E+00  9.031960E+02  4.008231E+01  0.000000E+00  0.000000E+00
  0.000000E+00  4.008231E+01  0.000000E+00  0.000000E+00  0.000000E+00
  3.846412E+01 -1.430619E+03
     60000  3.000000E+01        52
  4.401678E+08  2.654292E-05 -1.248801E+05  2.417187E+04 -1.501389E+05
  0.000000E+00  0.000000E+00  0.000000E+00  0.000000E+00 -1.248800E+05
  0.000000E+00  3.926407E+03 -1.483460E+05  1.500984E+05  0.000000E+00
  0.000000E+00  0.000000E+00  0.000000E+00  6.160731E+04  1.383673E-08
  1.086975E+03  2.173950E+03  9.000000E+01  9.000000E+01  9.000000E+01
  0.000000E+00 -3.359199E+01  4.402927E+08 -3.475657E+01 -3.740871E-01
  1.023083E-01 -3.740871E-01 -3.503113E+01  6.198472E-01  1.023083E-01
  6.198472E-01 -3.098828E+01  1.248570E+00  1.097789E+00  8.474420E-01
  1.470887E+00  9.031941E+02  4.004145E+01  0.000000E+00  0.000000E+00
  0.000000E+00  4.004145E+01  0.000000E+00  0.000000E+00  0.000000E+00
  3.842490E+01 -1.308802E+03
     61000  3.050000E+01        52
  4.401678E+08  2.511076E-05 -1.248855E+05  2.423707E+04 -1.502127E+05
  0.000000E+00  0.000000E+00  0.000000E+00  0.000000E+00 -1.248855E+05
  0.000000E+00  3.594364E+03 -1.487586E+05  1.501727E+05  0.000000E+00
  0.000000E+00  0.000000E+00  0.000000E+00  6.143400E+04  1.291806E-08
  1.090162E+03  2.180325E+03  9.000000E+01  9.000000E+01  9.000000E+01
  0.000000E+00 -3.083798E+01  4.402927E+08 -3.196289E+01 -4.121205E-01
  8.917678E-02 -4.121205E-01 -3.225218E+01  6.383434E-01  8.917678E-02
  6.383434E-01 -2.829889E+01  1.248599E+00  1.097641E+00  8.473805E-01
  1.470975E+00  9.031920E+02  4.000386E+01  0.000000E+00  0.000000E+00
  0.000000E+00  4.000386E+01  0.000000E+00  0.000000E+00  0.000000E+00
  3.838883E+01 -1.198121E+03
     62000  3.100000E+01        52
  4.401678E+08  2.380422E-05 -1.248902E+05  2.429620E+04 -1.502796E+05
  0.000000E+00  0.000000E+00  0.000000E+00  0.000000E+00 -1.248902E+05
  0.000000E+00  3.292526E+03 -1.491336E+05  1.502399E+05  0.000000E+00
  0.000000E+00  0.000000E+00  0.000000E+00  6.127478E+04  1.209029E-08
  1.093133E+03  2.186267E+03  9.000000E+01  9.000000E+01  9.000000E+01
  0.000000E+00 -2.832175E+01  4.402927E+08 -2.941006E+01 -4.469875E-01
  7.652151E-02 -4.469875E-01 -2.971301E+01  6.559242E-01  7.652151E-02
  6.559242E-01 -2.584219E+01  1.248628E+00  1.097502E+00  8.473252E-01
  1.471061E+00  9.031899E+02  3.996927E+01  0.000000E+00  0.000000E+00
  0.000000E+00  3.996927E+01  0.000000E+00  0.000000E+00  0.000000E+00
  3.835564E+01 -1.097509E+03
     63000  3.150000E+01        52
  4.401678E+08  2.260331E-05 -1.248944E+05  2.434984E+04 -1.503401E+05
  0.000000E+00  0.000000E+00  0.000000E+00  0.000000E+00 -1.248943E+05
  0.000000E+00  3.018005E+03 -1.494746E+05  1.503008E+05  0.000000E+00
  0.000000E+00  0.000000E+00  0.000000E+00  6.112837E+04  1.133381E-08
  1.095901E+03  2.191802E+03  9.000000E+01  9.000000E+01  9.000000E+01
  0.000000E+00 -2.602255E+01  4.402927E+08 -2.707653E+01 -4.789938E-01
  6.384530E-02 -4.789938E-01 -2.739268E+01  6.721347E-01  6.384530E-02
  6.721347E-01 -2.359844E+01  1.248656E+00  1.097371E+00  8.472755E-01
  1.471145E+00  9.031876E+02  3.993741E+01  0.000000E+00  0.000000E+00
  0.000000E+00  3.993741E+01  0.000000E+00  0.000000E+00  0.000000E+00
  3.832507E+01 -1.006002E+03
     64000  3.200000E+01        52
  4.401678E+08  2.149100E-05 -1.248980E+05  2.439853E+04 -1.503950E+05
  0.000000E+00  0.000000E+00  0.000000E+00  0.000000E+00 -1.248980E+05
  0.000000E+00  2.768208E+03 -1.497848E+05  1.503560E+05  0.000000E+00
  0.000000E+00  0.000000E+00  0.000000E+00  6.099364E+04  1.063267E-08
  1.098480E+03  2.196959E+03  9.000000E+01  9.000000E+01  9.000000E+01
  0.000000E+00 -2.392142E+01  4.402927E+08 -2.494329E+01 -5.081788E-01
  5.096854E-02 -5.081788E-01 -2.527261E+01  6.864354E-01  5.096854E-02
  6.864354E-01 -2.154836E+01  1.248683E+00  1.097248E+00  8.472306E-01
  1.471226E+00  9.031852E+02  3.990805E+01  0.000000E+00  0.000000E+00
  0.000000E+00  3.990805E+01  0.000000E+00  0.000000E+00  0.000000E+00
  3.829689E+01 -9.227361E+02
     65000  3.250000E+01        52
  4.401678E+08  2.045826E-05 -1.249012E+05  2.444276E+04 -1.504448E+05
  0.000000E+00  0.000000E+00  0.000000E+00  0.000000E+00 -1.249012E+05
  0.000000E+00  2.540779E+03 -1.500672E+05  1.504062E+05  0.000000E+00
  0.000000E+00  0.000000E+00  0.000000E+00  6.086953E+04  9.970481E-09
  1.100884E+03  2.201768E+03  9.000000E+01  9.000000E+01  9.000000E+01
  0.000000E+00 -2.200086E+01  4.402927E+08 -2.299230E+01 -5.349510E-01
  3.758610E-02 -5.349510E-01 -2.333542E+01  6.987314E-01  3.758610E-02
  6.987314E-01 -1.967486E+01  1.248709E+00  1.097131E+00  8.471902E-01
  1.471304E+00  9.031827E+02  3.988096E+01  0.000000E+00  0.000000E+00
  0.000000E+00  3.988096E+01  0.000000E+00  0.000000E+00  0.000000E+00
  3.827090E+01 -8.469263E+02
     66000  3.300000E+01        52
  4.401678E+08  1.950137E-05 -1.249040E+05  2.448294E+04 -1.504901E+05
  0.000000E+00  0.000000E+00  0.000000E+00  0.000000E+00 -1.249040E+05
  0.000000E+00  2.333648E+03 -1.503243E+05  1.504517E+05  0.000000E+00
  0.000000E+00  0.000000E+00  0.000000E+00  6.075512E+04  9.329075E-09
  1.103127E+03  2.206253E+03  9.000000E+01  9.000000E+01  9.000000E+01
  0.000000E+00 -2.024535E+01  4.402927E+08 -2.120855E+01 -5.590645E-01
  2.373745E-02 -5.590645E-01 -2.156528E+01  7.091246E-01  2.373745E-02
  7.091246E-01 -1.796220E+01  1.248734E+00  1.097022E+00  8.471536E-01
  1.471379E+00  9.031799E+02  3.985596E+01  0.000000E+00  0.000000E+00
  0.000000E+00  3.985596E+01  0.000000E+00  0.000000E+00  0.000000E+00
  3.824690E+01 -7.778827E+02
     67000  3.350000E+01        52
  4.401678E+08  1.861985E-05 -1.249065E+05  2.451946E+04 -1.505312E+05
  0.000000E+00  0.000000E+00  0.000000E+00  0.000000E+00 -1.249065E+05
  0.000000E+00  2.144952E+03 -1.505585E+05  1.504930E+05  0.000000E+00
  0.000000E+00  0.000000E+00  0.000000E+00  6.064955E+04  8.713765E-09
  1.105219E+03  2.210439E+03  9.000000E+01  9.000000E+01  9.000000E+01
  0.000000E+00 -1.864072E+01  4.402927E+08 -1.957792E+01 -5.809948E-01
  9.368798E-03 -5.809948E-01 -1.994804E+01  7.179679E-01  9.368798E-03
  7.179679E-01 -1.639620E+01  1.248756E+00  1.096918E+00  8.471206E-01
  1.471450E+00  9.031769E+02  3.983286E+01  0.000000E+00  0.000000E+00
  0.000000E+00  3.983286E+01  0.000000E+00  0.000000E+00  0.000000E+00
  3.822474E+01 -7.149839E+02
     68000  3.400000E+01        52
  4.401678E+08  1.781320E-05 -1.249088E+05  2.455267E+04 -1.505686E+05
  0.000000E+00  0.000000E+00  0.000000E+00  0.000000E+00 -1.249087E+05
  0.000000E+00  1.972968E+03 -1.507720E+05  1.505306E+05  0.000000E+00
  0.000000E+00  0.000000E+00  0.000000E+00  6.055205E+04  8.178138E-09
  1.107171E+03  2.214343E+03  9.000000E+01  9.000000E+01  9.000000E+01
  0.000000E+00 -1.717370E+01  4.402927E+08 -1.808607E+01 -6.014285E-01
 -4.747405E-03 -6.014285E-01 -1.847031E+01  7.255379E-01 -4.747405E-03
  7.255379E-01 -1.496472E+01  1.248777E+00  1.096821E+00  8.470907E-01
  1.471518E+00  9.031737E+02  3.981151E+01  0.000000E+00  0.000000E+00
  0.000000E+00  3.981151E+01  0.000000E+00  0.000000E+00  0.000000E+00
  3.820424E+01 -6.576559E+02
     69000  3.450000E+01        52
  4.401678E+08  1.707743E-05 -1.249108E+05  2.458286E+04 -1.506026E+05
  0.000000E+00  0.000000E+00  0.000000E+00  0.000000E+00 -1.249107E+05
  0.000000E+00  1.816189E+03 -1.509666E+05  1.505648E+05  0.000000E+00
  0.000000E+00  0.000000E+00  0.000000E+00  6.046192E+04  7.714948E-09
  1.108989E+03  2.217977E+03  9.000000E+01  9.000000E+01  9.000000E+01
  0.000000E+00 -1.583259E+01  4.402927E+08 -1.672201E+01 -6.201894E-01
 -1.966275E-02 -6.201894E-01 -1.711940E+01  7.318623E-01 -1.966275E-02
  7.318623E-01 -1.365636E+01  1.248796E+00  1.096729E+00  8.470636E-01
  1.471584E+00  9.031701E+02  3.979174E+01  0.000000E+00  0.000000E+00
  0.000000E+00  3.979174E+01  0.000000E+00  0.000000E+00  0.000000E+00
  3.818528E+01 -6.053964E+02
     70000  3.500000E+01        52
  4.401678E+08  1.640410E-05 -1.249125E+05  2.461032E+04 -1.506336E+05
  0.000000E+00  0.000000E+00  0.000000E+00  0.000000E+00 -1.249125E+05
  0.000000E+00  1.673201E+03 -1.511441E+05  1.505959E+05  0.000000E+00
  0.000000E+00  0.000000E+00  0.000000E+00  6.037853E+04  7.366365E-09
  1.110680E+03  2.221359E+03  9.000000E+01  9.000000E+01  9.000000E+01
  0.000000E+00 -1.460623E+01  4.402927E+08 -1.547334E+01 -6.380172E-01
 -3.440060E-02 -6.380172E-01 -1.588459E+01  7.375772E-01 -3.440060E-02
  7.375772E-01 -1.246077E+01  1.248813E+00  1.096642E+00  8.470391E-01
  1.471645E+00  9.031663E+02  3.977344E+01  0.000000E+00  0.000000E+00
  0.000000E+00  3.977344E+01  0.000000E+00  0.000000E+00  0.000000E+00
  3.816772E+01 -5.577336E+02
     71000  3.550000E+01        52
  4.401678E+08  1.578257E-05 -1.249141E+05  2.463531E+04 -1.506617E+05
  0.000000E+00  0.000000E+00  0.000000E+00  0.000000E+00 -1.249141E+05
  0.000000E+00  1.542689E+03 -1.513061E+05  1.506243E+05  0.000000E+00
  0.000000E+00  0.000000E+00  0.000000E+00  6.030130E+04  7.017825E-09
  1.112249E+03  2.224498E+03  9.000000E+01  9.000000E+01  9.000000E+01
  0.000000E+00 -1.348418E+01  4.402927E+08 -1.433049E+01 -6.547579E-01
 -4.969673E-02 -6.547579E-01 -1.475478E+01  7.431560E-01 -4.969673E-02
  7.431560E-01 -1.136727E+01  1.248828E+00  1.096560E+00  8.470170E-01
  1.471705E+00  9.031621E+02  3.975648E+01  0.000000E+00  0.000000E+00
  0.000000E+00  3.975648E+01  0.000000E+00  0.000000E+00  0.000000E+00
  3.815144E+01 -5.142298E+02
     72000  3.600000E+01        52
  4.401678E+08  1.520218E-05 -1.249156E+05  2.465804E+04 -1.506874E+05
  0.000000E+00  0.000000E+00  0.000000E+00  0.000000E+00 -1.249156E+05
  0.000000E+00  1.423627E+03 -1.514539E+05  1.506501E+05  0.000000E+00
  0.000000E+00  0.000000E+00  0.000000E+00  6.022971E+04  6.797649E-09
  1.113705E+03  2.227410E+03  9.000000E+01  9.000000E+01  9.000000E+01
  0.000000E+00 -1.245828E+01  4.402927E+08 -1.328441E+01 -6.701124E-01
 -6.487822E-02 -6.701124E-01 -1.372175E+01  7.487401E-01 -6.487822E-02
  7.487401E-01 -1.036869E+01  1.248841E+00  1.096482E+00  8.469973E-01
  1.471761E+00  9.031578E+02  3.974074E+01  0.000000E+00  0.000000E+00
  0.000000E+00  3.974074E+01  0.000000E+00  0.000000E+00  0.000000E+00
  3.813633E+01 -4.745423E+02
     73000  3.650000E+01        52
  4.401678E+08  1.465367E-05 -1.249169E+05  2.467875E+04 -1.507107E+05
  0.000000E+00  0.000000E+00  0.000000E+00  0.000000E+00 -1.249169E+05
  0.000000E+00  1.314773E+03 -1.515890E+05  1.506736E+05  0.000000E+00
  0.000000E+00  0.000000E+00  0.000000E+00  6.016328E+04  6.500121E-09
  1.115054E+03  2.230108E+03  9.000000E+01  9.000000E+01  9.000000E+01
  0.000000E+00 -1.151839E+01  4.402927E+08 -1.232491E+01 -6.838341E-01
 -7.986311E-02 -6.838341E-01 -1.277581E+01  7.546009E-01 -7.986311E-02
  7.546009E-01 -9.454467E+00  1.248853E+00  1.096409E+00  8.469798E-01
  1.471815E+00  9.031535E+02  3.972612E+01  0.000000E+00  0.000000E+00
  0.000000E+00  3.972612E+01  0.000000E+00  0.000000E+00  0.000000E+00
  3.812231E+01 -4.382576E+02
     74000  3.700000E+01        52
  4.401678E+08  1.414114E-05 -1.249181E+05  2.469761E+04 -1.507320E+05
  0.000000E+00  0.000000E+00  0.000000E+00  0.000000E+00 -1.249181E+05
  0.000000E+00  1.215265E+03 -1.517124E+05  1.506951E+05  0.000000E+00
  0.000000E+00  0.000000E+00  0.000000E+00  6.010159E+04  6.262940E-09
  1.116304E+03  2.232608E+03  9.000000E+01  9.000000E+01  9.000000E+01
  0.000000E+00 -1.065756E+01  4.402927E+08 -1.144547E+01 -6.965730E-01
 -9.424814E-02 -6.965730E-01 -1.190947E+01  7.614082E-01 -9.424814E-02
  7.614082E-01 -8.617752E+00  1.248864E+00  1.096340E+00  8.469648E-01
  1.471867E+00  9.031493E+02  3.971254E+01  0.000000E+00  0.000000E+00
  0.000000E+00  3.971254E+01  0.000000E+00  0.000000E+00  0.000000E+00
  3.810927E+01 -4.050884E+02
     75000  3.750000E+01        52
  4.401678E+08  1.367630E-05 -1.249192E+05  2.471479E+04 -1.507515E+05
  0.000000E+00  0.000000E+00  0.000000E+00  0.000000E+00 -1.249192E+05
  0.000000E+00  1.124310E+03 -1.518253E+05  1.507147E+05  0.000000E+00
  0.000000E+00  0.000000E+00  0.000000E+00  6.004423E+04  6.108264E-09
  1.117462E+03  2.234925E+03  9.000000E+01  9.000000E+01  9.000000E+01
  0.000000E+00 -9.869322E+00  4.402927E+08 -1.063929E+01 -7.080439E-01
 -1.081415E-01 -7.080439E-01 -1.111631E+01  7.688375E-01 -1.081415E-01
  7.688375E-01 -7.852364E+00  1.248873E+00  1.096274E+00  8.469523E-01
  1.471916E+00  9.031454E+02  3.969990E+01  0.000000E+00  0.000000E+00
  0.000000E+00  3.969990E+01  0.000000E+00  0.000000E+00  0.000000E+00
  3.809715E+01 -3.747699E+02
     76000  3.800000E+01        52
  4.401678E+08  1.327589E-05 -1.249202E+05  2.473044E+04 -1.507692E+05
  0.000000E+00  0.000000E+00  0.000000E+00  0.000000E+00 -1.249202E+05
  0.000000E+00  1.041144E+03 -1.519285E+05  1.507325E+05  0.000000E+00
  0.000000E+00  0.000000E+00  0.000000E+00  5.999086E+04  6.122501E-09
  1.118536E+03  2.237072E+03  9.000000E+01  9.000000E+01  9.000000E+01
  0.000000E+00 -9.147415E+00  4.402927E+08 -9.900022E+00 -7.182809E-01
 -1.221620E-01 -7.182809E-01 -1.039023E+01  7.772436E-01 -1.221620E-01
  7.772436E-01 -7.151989E+00  1.248881E+00  1.096212E+00  8.469424E-01
  1.471963E+00  9.031416E+02  3.968814E+01  0.000000E+00  0.000000E+00
  0.000000E+00  3.968814E+01  0.000000E+00  0.000000E+00  0.000000E+00
  3.808585E+01 -3.470480E+02
     77000  3.850000E+01        52
  4.401678E+08  1.296576E-05 -1.249211E+05  2.474468E+04 -1.507854E+05
  0.000000E+00  0.000000E+00  0.000000E+00  0.000000E+00 -1.249211E+05
  0.000000E+00  9.651190E+02 -1.520227E+05  1.507488E+05  0.000000E+00
  0.000000E+00  0.000000E+00  0.000000E+00  5.994114E+04  6.412149E-09
  1.119532E+03  2.239063E+03  9.000000E+01  9.000000E+01  9.000000E+01
  0.000000E+00 -8.486499E+00  4.402927E+08 -9.221991E+00 -7.283659E-01
 -1.366355E-01 -7.283659E-01 -9.725937E+00  7.872191E-01 -1.366355E-01
  7.872191E-01 -6.511570E+00  1.248888E+00  1.096152E+00  8.469351E-01
  1.472006E+00  9.031380E+02  3.967717E+01  0.000000E+00  0.000000E+00
  0.000000E+00  3.967717E+01  0.000000E+00  0.000000E+00  0.000000E+00
  3.807533E+01 -3.217063E+02
     78000  3.900000E+01        52
  4.401678E+08  1.279615E-05 -1.249220E+05  2.475762E+04 -1.508001E+05
  0.000000E+00  0.000000E+00  0.000000E+00  0.000000E+00 -1.249220E+05
  0.000000E+00  8.956621E+02 -1.521089E+05  1.507636E+05  0.000000E+00
  0.000000E+00  0.000000E+00  0.000000E+00  5.989476E+04  7.340276E-09
  1.120455E+03  2.240910E+03  9.000000E+01  9.000000E+01  9.000000E+01
  0.000000E+00 -7.881848E+00  4.402927E+08 -8.600074E+00 -7.380934E-01
 -1.522144E-01 -7.380934E-01 -9.119178E+00  7.993586E-01 -1.522144E-01
  7.993586E-01 -5.926292E+00  1.248893E+00  1.096096E+00  8.469302E-01
  1.472045E+00  9.031344E+02  3.966693E+01  0.000000E+00  0.000000E+00
  0.000000E+00  3.966693E+01  0.000000E+00  0.000000E+00  0.000000E+00
  3.806551E+01 -2.985540E+02
     79000  3.950000E+01        52
  4.401678E+08  1.288140E-05 -1.249228E+05  2.476935E+04 -1.508135E+05
  0.000000E+00  0.000000E+00  0.000000E+00  0.000000E+00 -1.249228E+05
  0.000000E+00  8.322205E+02 -1.521875E+05  1.507771E+05  0.000000E+00
  0.000000E+00  0.000000E+00  0.000000E+00  5.985146E+04  9.840304E-09
  1.121313E+03  2.242626E+03  9.000000E+01  9.000000E+01  9.000000E+01
  0.000000E+00 -7.328860E+00  4.402927E+08 -8.028303E+00 -7.479587E-01
 -1.694195E-01 -7.479587E-01 -8.566110E+00  8.151605E-01 -1.694195E-01
  8.151605E-01 -5.392165E+00  1.248895E+00  1.096042E+00  8.469275E-01
  1.472079E+00  9.031304E+02  3.965737E+01  0.000000E+00  0.000000E+00
  0.000000E+00  3.965737E+01  0.000000E+00  0.000000E+00  0.000000E+00
  3.805633E+01 -2.774068E+02
     80000  4.000000E+01        52
  4.401678E+08  1.336457E-05 -1.249236E+05  2.478002E+04 -1.508257E+05
  0.000000E+00  0.000000E+00  0.000000E+00  0.000000E+00 -1.249236E+05
  0.000000E+00  7.741714E+02 -1.522595E+05  1.507894E+05  0.000000E+00
  0.000000E+00  0.000000E+00  0.000000E+00  5.981096E+04  1.548995E-08
  1.122120E+03  2.244240E+03  9.000000E+01  9.000000E+01  9.000000E+01
  0.000000E+00 -6.822272E+00  4.402927E+08 -7.500970E+00 -7.582253E-01
 -1.882981E-01 -7.582253E-01 -8.061890E+00  8.353993E-01 -1.882981E-01
  8.353993E-01 -4.903956E+00  1.248895E+00  1.095991E+00  8.469264E-01
  1.472106E+00  9.031258E+02  3.964842E+01  0.000000E+00  0.000000E+00
  0.000000E+00  3.964842E+01  0.000000E+00  0.000000E+00  0.000000E+00
  3.804775E+01 -2.580571E+02
     81000  4.050000E+01        52
  4.401678E+08  1.332668E-05 -1.249244E+05  2.478993E+04 -1.508372E+05
  0.000000E+00  0.000000E+00  0.000000E+00  0.000000E+00 -1.249243E+05
  0.000000E+00  7.203777E+02 -1.523264E+05  1.508010E+05  0.000000E+00
  0.000000E+00  0.000000E+00  0.000000E+00  5.977306E+04  1.526736E-08
  1.122905E+03  2.245810E+03  9.000000E+01  9.000000E+01  9.000000E+01
  0.000000E+00 -6.352249E+00  4.402927E+08 -7.012931E+00 -7.656864E-01
 -2.087188E-01 -7.656864E-01 -7.591548E+00  8.543742E-01 -2.087188E-01
  8.543742E-01 -4.452266E+00  1.248892E+00  1.095942E+00  8.469262E-01
  1.472128E+00  9.031212E+02  3.964005E+01  0.000000E+00  0.000000E+00
  0.000000E+00  3.964005E+01  0.000000E+00  0.000000E+00  0.000000E+00
  3.803971E+01 -2.401259E+02
     82000  4.100000E+01        52
  4.401678E+08  1.216242E-05 -1.249251E+05  2.479924E+04 -1.508480E+05
  0.000000E+00  0.000000E+00  0.000000E+00  0.000000E+00 -1.249250E+05
  0.000000E+00  6.701275E+02 -1.523890E+05  1.508118E+05  0.000000E+00
  0.000000E+00  0.000000E+00  0.000000E+00  5.973759E+04  7.863054E-09
  1.123659E+03  2.247317E+03  9.000000E+01  9.000000E+01  9.000000E+01
  0.000000E+00 -5.912654E+00  4.402927E+08 -6.567232E+00 -7.670538E-01
 -2.268102E-01 -7.670538E-01 -7.140331E+00  8.629307E-01 -2.268102E-01
  8.629307E-01 -4.030400E+00  1.248891E+00  1.095896E+00  8.469278E-01
  1.472153E+00  9.031182E+02  3.963220E+01  0.000000E+00  0.000000E+00
  0.000000E+00  3.963220E+01  0.000000E+00  0.000000E+00  0.000000E+00
  3.803218E+01 -2.233758E+02
     83000  4.150000E+01        52
  4.401678E+08  1.142642E-05 -1.249257E+05  2.480775E+04 -1.508578E+05
  0.000000E+00  0.000000E+00  0.000000E+00  0.000000E+00 -1.249256E+05
  0.000000E+00  6.240227E+02 -1.524464E+05  1.508217E+05  0.000000E+00
  0.000000E+00  0.000000E+00  0.000000E+00  5.970438E+04  5.443342E-09
  1.124349E+03  2.248698E+03  9.000000E+01  9.000000E+01  9.000000E+01
  0.000000E+00 -5.508926E+00  4.402927E+08 -6.163262E+00 -7.656363E-01
 -2.415779E-01 -7.656363E-01 -6.719804E+00  8.669794E-01 -2.415779E-01
  8.669794E-01 -3.643712E+00  1.248894E+00  1.095851E+00  8.469329E-01
  1.472188E+00  9.031164E+02  3.962486E+01  0.000000E+00  0.000000E+00
  0.000000E+00  3.962486E+01  0.000000E+00  0.000000E+00  0.000000E+00
  3.802513E+01 -2.080076E+02
     84000  4.200000E+01        52
  4.401678E+08  1.095348E-05 -1.249262E+05  2.481546E+04 -1.508667E+05
  0.000000E+00  0.000000E+00  0.000000E+00  0.000000E+00 -1.249262E+05
  0.000000E+00  5.818112E+02 -1.524988E+05  1.508307E+05  0.000000E+00
  0.000000E+00  0.000000E+00  0.000000E+00  5.967325E+04  4.594764E-09
  1.124979E+03  2.249957E+03  9.000000E+01  9.000000E+01  9.000000E+01
  0.000000E+00 -5.138958E+00  4.402927E+08 -5.794610E+00 -7.629707E-01
 -2.533460E-01 -7.629707E-01 -6.332910E+00  8.699513E-01 -2.533460E-01
  8.699513E-01 -3.289353E+00  1.248896E+00  1.095808E+00  8.469412E-01
  1.472227E+00  9.031149E+02  3.961797E+01  0.000000E+00  0.000000E+00
  0.000000E+00  3.961797E+01  0.000000E+00  0.000000E+00  0.000000E+00
  3.801852E+01 -1.939370E+02
     85000  4.250000E+01        52
  4.401678E+08  1.060911E-05 -1.249268E+05  2.482248E+04 -1.508748E+05
  0.000000E+00  0.000000E+00  0.000000E+00  0.000000E+00 -1.249267E+05
  0.000000E+00  5.430253E+02 -1.525470E+05  1.508389E+05  0.000000E+00
  0.000000E+00  0.000000E+00  0.000000E+00  5.964403E+04  4.194932E-09
  1.125556E+03  2.251111E+03  9.000000E+01  9.000000E+01  9.000000E+01
  0.000000E+00 -4.798724E+00  4.402927E+08 -5.456257E+00 -7.593932E-01
 -2.631272E-01 -7.593932E-01 -5.976201E+00  8.725650E-01 -2.631272E-01
  8.725650E-01 -2.963713E+00  1.248897E+00  1.095766E+00  8.469518E-01
  1.472269E+00  9.031133E+02  3.961150E+01  0.000000E+00  0.000000E+00
  0.000000E+00  3.961150E+01  0.000000E+00  0.000000E+00  0.000000E+00
  3.801232E+01 -1.810084E+02
     86000  4.300000E+01        52
  4.401678E+08  1.035885E-05 -1.249273E+05  2.482886E+04 -1.508822E+05
  0.000000E+00  0.000000E+00  0.000000E+00  0.000000E+00 -1.249272E+05
  0.000000E+00  5.074043E+02 -1.525911E+05  1.508464E+05  0.000000E+00
  0.000000E+00  0.000000E+00  0.000000E+00  5.961658E+04  4.036180E-09
  1.126086E+03  2.252171E+03  9.000000E+01  9.000000E+01  9.000000E+01
  0.000000E+00 -4.486005E+00  4.402927E+08 -5.146286E+00 -7.551348E-01
 -2.709656E-01 -7.551348E-01 -5.647366E+00  8.748051E-01 -2.709656E-01
  8.748051E-01 -2.664364E+00  1.248894E+00  1.095725E+00  8.469639E-01
  1.472310E+00  9.031117E+02  3.960543E+01  0.000000E+00  0.000000E+00
  0.000000E+00  3.960543E+01  0.000000E+00  0.000000E+00  0.000000E+00
  3.800648E+01 -1.691348E+02
     87000  4.350000E+01        52
  4.401678E+08  1.020427E-05 -1.249277E+05  2.483465E+04 -1.508890E+05
  0.000000E+00  0.000000E+00  0.000000E+00  0.000000E+00 -1.249277E+05
  0.000000E+00  4.746858E+02 -1.526316E+05  1.508531E+05  0.000000E+00
  0.000000E+00  0.000000E+00  0.000000E+00  5.959075E+04  4.050200E-09
  1.126572E+03  2.253144E+03  9.000000E+01  9.000000E+01  9.000000E+01
  0.000000E+00 -4.198557E+00  4.402927E+08 -4.862722E+00 -7.497448E-01
 -2.773751E-01 -7.497448E-01 -5.343854E+00  8.768080E-01 -2.773751E-01
  8.768080E-01 -2.389095E+00  1.248888E+00  1.095686E+00  8.469767E-01
  1.472350E+00  9.031101E+02  3.959971E+01  0.000000E+00  0.000000E+00
  0.000000E+00  3.959971E+01  0.000000E+00  0.000000E+00  0.000000E+00
  3.800099E+01 -1.582286E+02
     88000  4.400000E+01        52
  4.401678E+08  1.015551E-05 -1.249282E+05  2.483990E+04 -1.508951E+05
  0.000000E+00  0.000000E+00  0.000000E+00  0.000000E+00 -1.249281E+05
  0.000000E+00  4.446278E+02 -1.526687E+05  1.508593E+05  0.000000E+00
  0.000000E+00  0.000000E+00  0.000000E+00  5.956642E+04  4.340069E-09
  1.127016E+03  2.254032E+03  9.000000E+01  9.000000E+01  9.000000E+01
  0.000000E+00 -3.934303E+00  4.402927E+08 -4.603669E+00 -7.433680E-01
 -2.826593E-01 -7.433680E-01 -5.063070E+00  8.783440E-01 -2.826593E-01
  8.783440E-01 -2.136169E+00  1.248879E+00  1.095648E+00  8.469897E-01
  1.472390E+00  9.031086E+02  3.959432E+01  0.000000E+00  0.000000E+00
  0.000000E+00  3.959432E+01  0.000000E+00  0.000000E+00  0.000000E+00
  3.799582E+01 -1.482092E+02
     89000  4.450000E+01        52
  4.401678E+08  1.019701E-05 -1.249286E+05  2.484463E+04 -1.509007E+05
  0.000000E+00  0.000000E+00  0.000000E+00  0.000000E+00 -1.249286E+05
  0.000000E+00  4.170166E+02 -1.527028E+05  1.508649E+05  0.000000E+00
  0.000000E+00  0.000000E+00  0.000000E+00  5.954347E+04  4.898721E-09
  1.127421E+03  2.254842E+03  9.000000E+01  9.000000E+01  9.000000E+01
  0.000000E+00 -3.691406E+00  4.402927E+08 -4.367125E+00 -7.359950E-01
 -2.870877E-01 -7.359950E-01 -4.802724E+00  8.791590E-01 -2.870877E-01
  8.791590E-01 -1.904370E+00  1.248867E+00  1.095611E+00  8.470026E-01
  1.472428E+00  9.031071E+02  3.958923E+01  0.000000E+00  0.000000E+00
  0.000000E+00  3.958923E+01  0.000000E+00  0.000000E+00  0.000000E+00
  3.799094E+01 -1.390055E+02
     90000  4.500000E+01        52
  4.401678E+08  1.021629E-05 -1.249290E+05  2.484894E+04 -1.509058E+05
  0.000000E+00  0.000000E+00  0.000000E+00  0.000000E+00 -1.249290E+05
  0.000000E+00  3.915089E+02 -1.527342E+05  1.508701E+05  0.000000E+00
  0.000000E+00  0.000000E+00  0.000000E+00  5.952180E+04  5.409504E-09
  1.127793E+03  2.255586E+03  9.000000E+01  9.000000E+01  9.000000E+01
  0.000000E+00 -3.466876E+00  4.402927E+08 -4.147866E+00 -7.281114E-01
 -2.907971E-01 -7.281114E-01 -4.561097E+00  8.792257E-01 -2.907971E-01
  8.792257E-01 -1.691666E+00  1.248852E+00  1.095575E+00  8.470149E-01
  1.472466E+00  9.031057E+02  3.958443E+01  0.000000E+00  0.000000E+00
  0.000000E+00  3.958443E+01  0.000000E+00  0.000000E+00  0.000000E+00
  3.798633E+01 -1.305030E+02
     91000  4.550000E+01        52
  4.401678E+08  1.010464E-05 -1.249294E+05  2.485295E+04 -1.509105E+05
  0.000000E+00  0.000000E+00  0.000000E+00  0.000000E+00 -1.249294E+05
  0.000000E+00  3.676783E+02 -1.527635E+05  1.508749E+05  0.000000E+00
  0.000000E+00  0.000000E+00  0.000000E+00  5.950131E+04  5.597362E-09
  1.128146E+03  2.256292E+03  9.000000E+01  9.000000E+01  9.000000E+01
  0.000000E+00 -3.256973E+00  4.402927E+08 -3.939803E+00 -7.208665E-01
 -2.943364E-01 -7.208665E-01 -4.335168E+00  8.794374E-01 -2.943364E-01
  8.794374E-01 -1.495949E+00  1.248836E+00  1.095540E+00  8.470263E-01
  1.472502E+00  9.031043E+02  3.957988E+01  0.000000E+00  0.000000E+00
  0.000000E+00  3.957988E+01  0.000000E+00  0.000000E+00  0.000000E+00
  3.798197E+01 -1.225594E+02
     92000  4.600000E+01        52
  4.401678E+08  1.004503E-05 -1.249298E+05  2.485671E+04 -1.509150E+05
  0.000000E+00  0.000000E+00  0.000000E+00  0.000000E+00 -1.249298E+05
  0.000000E+00  3.454004E+02 -1.527910E+05  1.508794E+05  0.000000E+00
  0.000000E+00  0.000000E+00  0.000000E+00  5.948194E+04  6.295781E-09
  1.128490E+03  2.256981E+03  9.000000E+01  9.000000E+01  9.000000E+01
  0.000000E+00 -3.060627E+00  4.402927E+08 -3.740366E+00 -7.149209E-01
 -2.968813E-01 -7.149209E-01 -4.124424E+00  8.802531E-01 -2.968813E-01
  8.802531E-01 -1.317091E+00  1.248818E+00  1.095506E+00  8.470367E-01
  1.472536E+00  9.031029E+02  3.957559E+01  0.000000E+00  0.000000E+00
  0.000000E+00  3.957559E+01  0.000000E+00  0.000000E+00  0.000000E+00
  3.797785E+01 -1.151335E+02
     93000  4.650000E+01        52
  4.401678E+08  1.005747E-05 -1.249302E+05  2.486023E+04 -1.509192E+05
  0.000000E+00  0.000000E+00  0.000000E+00  0.000000E+00 -1.249301E+05
  0.000000E+00  3.245582E+02 -1.528168E+05  1.508837E+05  0.000000E+00
  0.000000E+00  0.000000E+00  0.000000E+00  5.946363E+04  7.345167E-09
  1.128827E+03  2.257654E+03  9.000000E+01  9.000000E+01  9.000000E+01
  0.000000E+00 -2.876828E+00  4.402927E+08 -3.551420E+00 -7.097652E-01
 -2.972919E-01 -7.097652E-01 -3.926910E+00  8.813512E-01 -2.972919E-01
  8.813512E-01 -1.152155E+00  1.248800E+00  1.095473E+00  8.470456E-01
  1.472566E+00  9.031016E+02  3.957153E+01  0.000000E+00  0.000000E+00
  0.000000E+00  3.957153E+01  0.000000E+00  0.000000E+00  0.000000E+00
  3.797395E+01 -1.081861E+02
     94000  4.700000E+01        52
  4.401678E+08  9.592249E-06 -1.249305E+05  2.486358E+04 -1.509232E+05
  0.000000E+00  0.000000E+00  0.000000E+00  0.000000E+00 -1.249305E+05
  0.000000E+00  3.049036E+02 -1.528411E+05  1.508877E+05  0.000000E+00
  0.000000E+00  0.000000E+00  0.000000E+00  5.944630E+04  6.121234E-09
  1.129146E+03  2.258291E+03  9.000000E+01  9.000000E+01  9.000000E+01
  0.000000E+00 -2.703401E+00  4.402928E+08 -3.375202E+00 -7.046191E-01
 -2.968544E-01 -7.046191E-01 -3.741851E+00  8.819688E-01 -2.968544E-01
  8.819688E-01 -9.931500E-01  1.248782E+00  1.095441E+00  8.470531E-01
  1.472594E+00  9.031004E+02  3.956768E+01  0.000000E+00  0.000000E+00
  0.000000E+00  3.956768E+01  0.000000E+00  0.000000E+00  0.000000E+00
  3.797026E+01 -1.016345E+02
     95000  4.750000E+01        52
  4.401678E+08  8.859826E-06 -1.249308E+05  2.486676E+04 -1.509270E+05
  0.000000E+00  0.000000E+00  0.000000E+00  0.000000E+00 -1.249308E+05
  0.000000E+00  2.865043E+02 -1.528639E+05  1.508916E+05  0.000000E+00
  0.000000E+00  0.000000E+00  0.000000E+00  5.942991E+04  3.891565E-09
  1.129436E+03  2.258872E+03  9.000000E+01  9.000000E+01  9.000000E+01
  0.000000E+00 -2.540965E+00  4.402928E+08 -3.212720E+00 -7.002611E-01
 -2.981532E-01 -7.002611E-01 -3.571899E+00  8.826143E-01 -2.981532E-01
  8.826143E-01 -8.382779E-01  1.248768E+00  1.095409E+00  8.470603E-01
  1.472618E+00  9.030991E+02  3.956405E+01  0.000000E+00  0.000000E+00
  0.000000E+00  3.956405E+01  0.000000E+00  0.000000E+00  0.000000E+00
  3.796677E+01 -9.550143E+01
     96000  4.800000E+01        52
  4.401678E+08  8.396180E-06 -1.249311E+05  2.486970E+04 -1.509305E+05
  0.000000E+00  0.000000E+00  0.000000E+00  0.000000E+00 -1.249311E+05
  0.000000E+00  2.695049E+02 -1.528850E+05  1.508951E+05  0.000000E+00
  0.000000E+00  0.000000E+00  0.000000E+00  5.941440E+04  2.925657E-09
  1.129709E+03  2.259418E+03  9.000000E+01  9.000000E+01  9.000000E+01
  0.000000E+00 -2.390824E+00  4.402928E+08 -3.062099E+00 -6.961360E-01
 -3.010092E-01 -6.961360E-01 -3.416662E+00  8.840262E-01 -3.010092E-01
  8.840262E-01 -6.937123E-01  1.248757E+00  1.095377E+00  8.470687E-01
  1.472640E+00  9.030980E+02  3.956060E+01  0.000000E+00  0.000000E+00
  0.000000E+00  3.956060E+01  0.000000E+00  0.000000E+00  0.000000E+00
  3.796347E+01 -8.983497E+01
     97000  4.850000E+01        52
  4.401678E+08  8.102510E-06 -1.249314E+05  2.487240E+04 -1.509338E+05
  0.000000E+00  0.000000E+00  0.000000E+00  0.000000E+00 -1.249313E+05
  0.000000E+00  2.538106E+02 -1.529045E+05  1.508984E+05  0.000000E+00
  0.000000E+00  0.000000E+00  0.000000E+00  5.939971E+04  2.592053E-09
  1.129972E+03  2.259944E+03  9.000000E+01  9.000000E+01  9.000000E+01
  0.000000E+00 -2.252154E+00  4.402928E+08 -2.921824E+00 -6.919853E-01
 -3.045002E-01 -6.919853E-01 -3.273415E+00  8.862820E-01 -3.045002E-01
  8.862820E-01 -5.612237E-01  1.248747E+00  1.095346E+00  8.470788E-01
  1.472659E+00  9.030968E+02  3.955734E+01  0.000000E+00  0.000000E+00
  0.000000E+00  3.955734E+01  0.000000E+00  0.000000E+00  0.000000E+00
  3.796034E+01 -8.460352E+01
     98000  4.900000E+01        52
  4.401678E+08  7.878297E-06 -1.249316E+05  2.487489E+04 -1.509368E+05
  0.000000E+00  0.000000E+00  0.000000E+00  0.000000E+00 -1.249316E+05
  0.000000E+00  2.392705E+02 -1.529226E+05  1.509014E+05  0.000000E+00
  0.000000E+00  0.000000E+00  0.000000E+00  5.938576E+04  2.439466E-09
  1.130226E+03  2.260453E+03  9.000000E+01  9.000000E+01  9.000000E+01
  0.000000E+00 -2.123634E+00  4.402928E+08 -2.791208E+00 -6.880877E-01
 -3.081317E-01 -6.880877E-01 -3.140327E+00  8.891412E-01 -3.081317E-01
  8.891412E-01 -4.393657E-01  1.248738E+00  1.095315E+00  8.470908E-01
  1.472678E+00  9.030957E+02  3.955425E+01  0.000000E+00  0.000000E+00
  0.000000E+00  3.955425E+01  0.000000E+00  0.000000E+00  0.000000E+00
  3.795737E+01 -7.975684E+01
     99000  4.950000E+01        52
  4.401678E+08  7.690202E-06 -1.249319E+05  2.487719E+04 -1.509395E+05
  0.000000E+00  0.000000E+00  0.000000E+00  0.000000E+00 -1.249318E+05
  0.000000E+00  2.257830E+02 -1.529394E+05  1.509042E+05  0.000000E+00
  0.000000E+00  0.000000E+00  0.000000E+00  5.937252E+04  2.339890E-09
  1.130470E+03  2.260941E+03  9.000000E+01  9.000000E+01  9.000000E+01
  0.000000E+00 -2.004373E+00  4.402928E+08 -2.669962E+00 -6.838634E-01
 -3.118613E-01 -6.838634E-01 -3.016125E+00  8.923568E-01 -3.118613E-01
  8.923568E-01 -3.270307E-01  1.248729E+00  1.095284E+00  8.471044E-01
  1.472695E+00  9.030946E+02  3.955131E+01  0.000000E+00  0.000000E+00
  0.000000E+00  3.955131E+01  0.000000E+00  0.000000E+00  0.000000E+00
  3.795455E+01 -7.526100E+01
    100000  5.000000E+01        52
  4.401678E+08  7.525826E-06 -1.249321E+05  2.487930E+04 -1.509421E+05
  0.000000E+00  0.000000E+00  0.000000E+00  0.000000E+00 -1.249321E+05
  0.000000E+00  2.132469E+02 -1.529550E+05  1.509068E+05  0.000000E+00
  0.000000E+00  0.000000E+00  0.000000E+00  5.935993E+04  2.268423E-09
  1.130703E+03  2.261407E+03  9.000000E+01  9.000000E+01  9.000000E+01
  0.000000E+00 -1.893486E+00  4.402928E+08 -2.557232E+00 -6.796571E-01
 -3.156537E-01 -6.796571E-01 -2.900230E+00  8.958377E-01 -3.156537E-01
  8.958377E-01 -2.229954E-01  1.248720E+00  1.095254E+00  8.471192E-01
  1.472712E+00  9.030936E+02  3.954851E+01  0.000000E+00  0.000000E+00
  0.000000E+00  3.954851E+01  0.000000E+00  0.000000E+00  0.000000E+00
  3.795187E+01 -7.108229E+01
