#Li56 La24 Zr16 O96                                                     
        15       120
Li      Li      
  2.500000E-02  0.000000E+00  0.000000E+00
  7.500000E-02  0.000000E+00  0.000000E+00
  1.250000E-01  0.000000E+00  0.000000E+00
  1.750000E-01  0.000000E+00  0.000000E+00
  2.250000E-01  0.000000E+00  0.000000E+00
  2.750000E-01  0.000000E+00  0.000000E+00
  3.250000E-01  0.000000E+00  0.000000E+00
  3.750000E-01  0.000000E+00  0.000000E+00
  4.250000E-01  0.000000E+00  0.000000E+00
  4.750000E-01  0.000000E+00  0.000000E+00
  5.250000E-01  0.000000E+00  0.000000E+00
  5.750000E-01  0.000000E+00  0.000000E+00
  6.250000E-01  0.000000E+00  0.000000E+00
  6.750000E-01  0.000000E+00  0.000000E+00
  7.250000E-01  0.000000E+00  0.000000E+00
  7.750000E-01  0.000000E+00  0.000000E+00
  8.250000E-01  0.000000E+00  0.000000E+00
  8.750000E-01  0.000000E+00  0.000000E+00
  9.250000E-01  0.000000E+00  0.000000E+00
  9.750000E-01  0.000000E+00  0.000000E+00
  1.025000E+00  0.000000E+00  0.000000E+00
  1.075000E+00  2.367317E-04  1.322304E-06
  1.125000E+00  6.484797E-03  4.099144E-05
  1.175000E+00  7.504222E-01  5.048558E-03
  1.225000E+00  1.822590E+00  1.826764E-02
  1.275000E+00  2.771847E-01  2.044547E-02
  1.325000E+00  3.398788E-01  2.332942E-02
  1.375000E+00  9.401806E-01  3.192043E-02
  1.425000E+00  2.144966E+00  5.297152E-02
  1.475000E+00  5.306870E+00  1.087728E-01
  1.525000E+00  9.243594E+00  2.126689E-01
  1.575000E+00  1.102438E+01  3.448385E-01
  1.625000E+00  1.113437E+01  4.869360E-01
  1.675000E+00  1.140993E+01  6.416482E-01
  1.725000E+00  9.965342E+00  7.849596E-01
  1.775000E+00  9.332659E+00  9.270650E-01
  1.825000E+00  7.989007E+00  1.055660E+00
  1.875000E+00  6.381090E+00  1.164079E+00
  1.925000E+00  5.029164E+00  1.254145E+00
  1.975000E+00  4.402696E+00  1.337141E+00
  2.025000E+00  3.544625E+00  1.407387E+00
  2.075000E+00  2.790535E+00  1.465453E+00
  2.125000E+00  2.500017E+00  1.520011E+00
  2.175000E+00  1.863197E+00  1.562608E+00
  2.225000E+00  1.623772E+00  1.601457E+00
  2.275000E+00  1.202053E+00  1.631524E+00
  2.325000E+00  9.162027E-01  1.655459E+00
  2.375000E+00  5.682162E-01  1.670949E+00
  2.425000E+00  6.440382E-01  1.689252E+00
  2.475000E+00  4.946867E-01  1.703896E+00
  2.525000E+00  5.115963E-01  1.719660E+00
  2.575000E+00  6.690321E-01  1.741098E+00
  2.625000E+00  7.708945E-01  1.766769E+00
  2.675000E+00  1.015363E+00  1.801882E+00
  2.725000E+00  8.152848E-01  1.831139E+00
  2.775000E+00  9.661379E-01  1.867094E+00
  2.825000E+00  1.052273E+00  1.907678E+00
  2.875000E+00  1.134401E+00  1.952992E+00
  2.925000E+00  9.308652E-01  1.991480E+00
  2.975000E+00  1.171550E+00  2.041590E+00
  3.025000E+00  1.003280E+00  2.085958E+00
  3.075000E+00  9.170390E-01  2.127863E+00
  3.125000E+00  1.155504E+00  2.182396E+00
  3.175000E+00  1.149255E+00  2.238384E+00
  3.225000E+00  1.083668E+00  2.292852E+00
  3.275000E+00  1.299892E+00  2.360230E+00
  3.325000E+00  1.379913E+00  2.433957E+00
  3.375000E+00  1.397990E+00  2.510912E+00
  3.425000E+00  1.448766E+00  2.593043E+00
  3.475000E+00  1.401281E+00  2.674818E+00
  3.525000E+00  1.341530E+00  2.755376E+00
  3.575000E+00  1.350082E+00  2.838763E+00
  3.625000E+00  1.243654E+00  2.917740E+00
  3.675000E+00  1.309721E+00  3.003223E+00
  3.725000E+00  1.395105E+00  3.096774E+00
  3.775000E+00  1.356953E+00  3.190225E+00
  3.825000E+00  1.265100E+00  3.279673E+00
  3.875000E+00  1.312677E+00  3.374928E+00
  3.925000E+00  1.198243E+00  3.464137E+00
  3.975000E+00  1.391141E+00  3.570363E+00
  4.025000E+00  1.362502E+00  3.677036E+00
  4.075000E+00  1.495958E+00  3.797086E+00
  4.125000E+00  1.377822E+00  3.910385E+00
  4.175000E+00  1.389851E+00  4.027460E+00
  4.225000E+00  1.342404E+00  4.143264E+00
  4.275000E+00  1.465351E+00  4.272683E+00
  4.325000E+00  1.530462E+00  4.411033E+00
  4.375000E+00  1.492249E+00  4.549066E+00
  4.425000E+00  1.278802E+00  4.670074E+00
  4.475000E+00  1.328595E+00  4.798651E+00
  4.525000E+00  1.528308E+00  4.949879E+00
  4.575000E+00  1.408047E+00  5.092303E+00
  4.625000E+00  1.422205E+00  5.239321E+00
  4.675000E+00  1.512572E+00  5.399079E+00
  4.725000E+00  1.513673E+00  5.562391E+00
  4.775000E+00  1.470223E+00  5.724391E+00
  4.825000E+00  1.599435E+00  5.904338E+00
  4.875000E+00  1.769060E+00  6.107515E+00
  4.925000E+00  1.660178E+00  6.302119E+00
  4.975000E+00  1.509914E+00  6.482720E+00
  5.025000E+00  1.473438E+00  6.662519E+00
  5.075000E+00  1.591282E+00  6.860582E+00
  5.125000E+00  1.518653E+00  7.053348E+00
  5.175000E+00  1.369510E+00  7.230591E+00
  5.225000E+00  1.567047E+00  7.437337E+00
  5.275000E+00  1.413570E+00  7.627421E+00
  5.325000E+00  1.449428E+00  7.826039E+00
  5.375000E+00  1.548863E+00  8.042287E+00
  5.425000E+00  1.490814E+00  8.254321E+00
  5.475000E+00  1.454289E+00  8.464991E+00
  5.525000E+00  1.436046E+00  8.676835E+00
  5.575000E+00  1.410007E+00  8.888619E+00
  5.625000E+00  1.329965E+00  9.091980E+00
  5.675000E+00  1.317398E+00  9.297017E+00
  5.725000E+00  1.274977E+00  9.498963E+00
  5.775000E+00  1.270659E+00  9.703756E+00
  5.825000E+00  1.278381E+00  9.913377E+00
  5.875000E+00  1.167237E+00  1.010807E+01
  5.925000E+00  1.186412E+00  1.030935E+01
  5.975000E+00  1.192245E+00  1.051505E+01
Li      La      
  2.500000E-02  0.000000E+00  0.000000E+00
  7.500000E-02  0.000000E+00  0.000000E+00
  1.250000E-01  0.000000E+00  0.000000E+00
  1.750000E-01  0.000000E+00  0.000000E+00
  2.250000E-01  0.000000E+00  0.000000E+00
  2.750000E-01  0.000000E+00  0.000000E+00
  3.250000E-01  0.000000E+00  0.000000E+00
  3.750000E-01  0.000000E+00  0.000000E+00
  4.250000E-01  0.000000E+00  0.000000E+00
  4.750000E-01  0.000000E+00  0.000000E+00
  5.250000E-01  0.000000E+00  0.000000E+00
  5.750000E-01  0.000000E+00  0.000000E+00
  6.250000E-01  0.000000E+00  0.000000E+00
  6.750000E-01  0.000000E+00  0.000000E+00
  7.250000E-01  0.000000E+00  0.000000E+00
  7.750000E-01  0.000000E+00  0.000000E+00
  8.250000E-01  0.000000E+00  0.000000E+00
  8.750000E-01  0.000000E+00  0.000000E+00
  9.250000E-01  0.000000E+00  0.000000E+00
  9.750000E-01  0.000000E+00  0.000000E+00
  1.025000E+00  0.000000E+00  0.000000E+00
  1.075000E+00  0.000000E+00  0.000000E+00
  1.125000E+00  0.000000E+00  0.000000E+00
  1.175000E+00  0.000000E+00  0.000000E+00
  1.225000E+00  0.000000E+00  0.000000E+00
  1.275000E+00  0.000000E+00  0.000000E+00
  1.325000E+00  0.000000E+00  0.000000E+00
  1.375000E+00  0.000000E+00  0.000000E+00
  1.425000E+00  0.000000E+00  0.000000E+00
  1.475000E+00  0.000000E+00  0.000000E+00
  1.525000E+00  0.000000E+00  0.000000E+00
  1.575000E+00  0.000000E+00  0.000000E+00
  1.625000E+00  0.000000E+00  0.000000E+00
  1.675000E+00  0.000000E+00  0.000000E+00
  1.725000E+00  0.000000E+00  0.000000E+00
  1.775000E+00  0.000000E+00  0.000000E+00
  1.825000E+00  0.000000E+00  0.000000E+00
  1.875000E+00  0.000000E+00  0.000000E+00
  1.925000E+00  8.608455E-05  6.607149E-07
  1.975000E+00  0.000000E+00  6.607149E-07
  2.025000E+00  1.555855E-04  1.982145E-06
  2.075000E+00  0.000000E+00  1.982145E-06
  2.125000E+00  2.825747E-04  4.625005E-06
  2.175000E+00  1.213797E-03  1.651787E-05
  2.225000E+00  7.861269E-03  9.712510E-05
  2.275000E+00  1.706687E-01  1.926645E-03
  2.325000E+00  3.909618E-01  6.303881E-03
  2.375000E+00  1.495416E+00  2.377451E-02
  2.425000E+00  4.215012E+00  7.511272E-02
  2.475000E+00  6.208568E+00  1.538825E-01
  2.525000E+00  6.443511E+00  2.389694E-01
  2.575000E+00  6.637132E+00  3.301183E-01
  2.625000E+00  5.398340E+00  4.071616E-01
  2.675000E+00  5.075025E+00  4.823761E-01
  2.725000E+00  5.765769E+00  5.710520E-01
  2.775000E+00  5.848279E+00  6.643277E-01
  2.825000E+00  5.711331E+00  7.587313E-01
  2.875000E+00  5.613442E+00  8.548304E-01
  2.925000E+00  5.240024E+00  9.476839E-01
  2.975000E+00  5.196860E+00  1.042948E+00
  3.025000E+00  4.612676E+00  1.130369E+00
  3.075000E+00  4.692802E+00  1.222273E+00
  3.125000E+00  4.454657E+00  1.312373E+00
  3.175000E+00  3.979193E+00  1.395453E+00
  3.225000E+00  3.249429E+00  1.465450E+00
  3.275000E+00  3.058707E+00  1.533397E+00
  3.325000E+00  3.051406E+00  1.603268E+00
  3.375000E+00  2.620297E+00  1.665085E+00
  3.425000E+00  2.667733E+00  1.729900E+00
  3.475000E+00  2.257519E+00  1.786361E+00
  3.525000E+00  2.007208E+00  1.838017E+00
  3.575000E+00  2.217933E+00  1.896727E+00
  3.625000E+00  1.695916E+00  1.942883E+00
  3.675000E+00  1.397226E+00  1.981966E+00
  3.725000E+00  1.251245E+00  2.017925E+00
  3.775000E+00  1.182436E+00  2.052825E+00
  3.825000E+00  1.108378E+00  2.086411E+00
  3.875000E+00  9.850781E-01  2.117046E+00
  3.925000E+00  1.021435E+00  2.149637E+00
  3.975000E+00  9.757307E-01  2.181568E+00
  4.025000E+00  9.875960E-01  2.214706E+00
  4.075000E+00  8.764644E-01  2.244850E+00
  4.125000E+00  1.021192E+00  2.280838E+00
  4.175000E+00  1.082366E+00  2.319913E+00
  4.225000E+00  1.124525E+00  2.361488E+00
  4.275000E+00  1.035447E+00  2.400681E+00
  4.325000E+00  1.038778E+00  2.440925E+00
  4.375000E+00  1.076220E+00  2.483589E+00
  4.425000E+00  1.006614E+00  2.524411E+00
  4.475000E+00  1.216970E+00  2.574886E+00
  4.525000E+00  1.201006E+00  2.625818E+00
  4.575000E+00  1.113109E+00  2.674071E+00
  4.625000E+00  1.068666E+00  2.721416E+00
  4.675000E+00  1.176027E+00  2.774650E+00
  4.725000E+00  1.022510E+00  2.821930E+00
  4.775000E+00  1.181166E+00  2.877708E+00
  4.825000E+00  1.135135E+00  2.932441E+00
  4.875000E+00  1.121460E+00  2.987641E+00
  4.925000E+00  1.206981E+00  3.048276E+00
  4.975000E+00  1.179001E+00  3.108713E+00
  5.025000E+00  1.122441E+00  3.167414E+00
  5.075000E+00  1.185947E+00  3.230676E+00
  5.125000E+00  1.044099E+00  3.287474E+00
  5.175000E+00  1.130919E+00  3.350202E+00
  5.225000E+00  1.268297E+00  3.421915E+00
  5.275000E+00  1.228684E+00  3.492725E+00
  5.325000E+00  1.270701E+00  3.567351E+00
  5.375000E+00  1.360882E+00  3.648780E+00
  5.425000E+00  1.349429E+00  3.731034E+00
  5.475000E+00  1.329247E+00  3.813558E+00
  5.525000E+00  1.251884E+00  3.892705E+00
  5.575000E+00  1.430243E+00  3.984773E+00
  5.625000E+00  1.435409E+00  4.078837E+00
  5.675000E+00  1.338768E+00  4.168135E+00
  5.725000E+00  1.490519E+00  4.269315E+00
  5.775000E+00  1.386719E+00  4.365101E+00
  5.825000E+00  1.440732E+00  4.466347E+00
  5.875000E+00  1.434428E+00  4.568889E+00
  5.925000E+00  1.362277E+00  4.667937E+00
  5.975000E+00  1.406493E+00  4.771934E+00
Li      Zr      
  2.500000E-02  0.000000E+00  0.000000E+00
  7.500000E-02  0.000000E+00  0.000000E+00
  1.250000E-01  0.000000E+00  0.000000E+00
  1.750000E-01  0.000000E+00  0.000000E+00
  2.250000E-01  0.000000E+00  0.000000E+00
  2.750000E-01  0.000000E+00  0.000000E+00
  3.250000E-01  0.000000E+00  0.000000E+00
  3.750000E-01  0.000000E+00  0.000000E+00
  4.250000E-01  0.000000E+00  0.000000E+00
  4.750000E-01  0.000000E+00  0.000000E+00
  5.250000E-01  0.000000E+00  0.000000E+00
  5.750000E-01  0.000000E+00  0.000000E+00
  6.250000E-01  0.000000E+00  0.000000E+00
  6.750000E-01  0.000000E+00  0.000000E+00
  7.250000E-01  0.000000E+00  0.000000E+00
  7.750000E-01  0.000000E+00  0.000000E+00
  8.250000E-01  0.000000E+00  0.000000E+00
  8.750000E-01  0.000000E+00  0.000000E+00
  9.250000E-01  0.000000E+00  0.000000E+00
  9.750000E-01  0.000000E+00  0.000000E+00
  1.025000E+00  0.000000E+00  0.000000E+00
  1.075000E+00  0.000000E+00  0.000000E+00
  1.125000E+00  0.000000E+00  0.000000E+00
  1.175000E+00  0.000000E+00  0.000000E+00
  1.225000E+00  0.000000E+00  0.000000E+00
  1.275000E+00  0.000000E+00  0.000000E+00
  1.325000E+00  0.000000E+00  0.000000E+00
  1.375000E+00  0.000000E+00  0.000000E+00
  1.425000E+00  0.000000E+00  0.000000E+00
  1.475000E+00  0.000000E+00  0.000000E+00
  1.525000E+00  0.000000E+00  0.000000E+00
  1.575000E+00  0.000000E+00  0.000000E+00
  1.625000E+00  0.000000E+00  0.000000E+00
  1.675000E+00  0.000000E+00  0.000000E+00
  1.725000E+00  0.000000E+00  0.000000E+00
  1.775000E+00  1.518717E-04  6.607149E-07
  1.825000E+00  0.000000E+00  6.607149E-07
  1.875000E+00  0.000000E+00  6.607149E-07
  1.925000E+00  0.000000E+00  6.607149E-07
  1.975000E+00  1.717406E-03  9.910724E-06
  2.025000E+00  1.143553E-02  7.466079E-05
  2.075000E+00  1.189129E-01  7.816258E-04
  2.125000E+00  1.008792E+00  7.071632E-03
  2.175000E+00  1.320510E+00  1.569727E-02
  2.225000E+00  2.209822E+00  3.080319E-02
  2.275000E+00  2.126887E+00  4.600294E-02
  2.325000E+00  2.932833E+00  6.789375E-02
  2.375000E+00  3.298773E+00  9.358631E-02
  2.425000E+00  4.703828E+00  1.317809E-01
  2.475000E+00  6.882835E+00  1.899972E-01
  2.525000E+00  7.729361E+00  2.580416E-01
  2.575000E+00  7.612964E+00  3.277417E-01
  2.625000E+00  8.424172E+00  4.078930E-01
  2.675000E+00  7.202212E+00  4.790534E-01
  2.725000E+00  6.588886E+00  5.466101E-01
  2.775000E+00  7.493659E+00  6.262891E-01
  2.825000E+00  5.703477E+00  6.891382E-01
  2.875000E+00  4.239404E+00  7.375224E-01
  2.925000E+00  4.278151E+00  7.880618E-01
  2.975000E+00  2.992349E+00  8.246304E-01
  3.025000E+00  2.600258E+00  8.574844E-01
  3.075000E+00  2.568258E+00  8.910157E-01
  3.125000E+00  1.775797E+00  9.149607E-01
  3.175000E+00  1.479025E+00  9.355473E-01
  3.225000E+00  1.241206E+00  9.533720E-01
  3.275000E+00  1.079124E+00  9.693534E-01
  3.325000E+00  9.365436E-01  9.836499E-01
  3.375000E+00  8.099420E-01  9.963885E-01
  3.425000E+00  7.174064E-01  1.008009E+00
  3.475000E+00  7.463644E-01  1.020453E+00
  3.525000E+00  8.246210E-01  1.034601E+00
  3.575000E+00  8.982383E-01  1.050452E+00
  3.625000E+00  7.238560E-01  1.063586E+00
  3.675000E+00  6.636544E-01  1.075962E+00
  3.725000E+00  7.013426E-01  1.089399E+00
  3.775000E+00  7.221742E-01  1.103609E+00
  3.825000E+00  7.956496E-01  1.119682E+00
  3.875000E+00  1.132488E+00  1.143162E+00
  3.925000E+00  1.100154E+00  1.166564E+00
  3.975000E+00  1.398878E+00  1.197083E+00
  4.025000E+00  1.109702E+00  1.221906E+00
  4.075000E+00  1.214329E+00  1.249748E+00
  4.125000E+00  1.008996E+00  1.273454E+00
  4.175000E+00  1.180491E+00  1.301865E+00
  4.225000E+00  1.146524E+00  1.330124E+00
  4.275000E+00  1.201790E+00  1.360450E+00
  4.325000E+00  1.181301E+00  1.390961E+00
  4.375000E+00  1.308830E+00  1.425551E+00
  4.425000E+00  1.198699E+00  1.457959E+00
  4.475000E+00  1.305398E+00  1.494054E+00
  4.525000E+00  1.288090E+00  1.530471E+00
  4.575000E+00  1.672750E+00  1.578813E+00
  4.625000E+00  1.507791E+00  1.623346E+00
  4.675000E+00  1.424193E+00  1.666324E+00
  4.725000E+00  1.159492E+00  1.702067E+00
  4.775000E+00  1.178424E+00  1.739166E+00
  4.825000E+00  1.288779E+00  1.780594E+00
  4.875000E+00  1.358803E+00  1.825182E+00
  4.925000E+00  1.380299E+00  1.871410E+00
  4.975000E+00  1.384208E+00  1.918714E+00
  5.025000E+00  1.176937E+00  1.959748E+00
  5.075000E+00  1.089447E+00  1.998491E+00
  5.125000E+00  1.310726E+00  2.046026E+00
  5.175000E+00  1.321721E+00  2.094900E+00
  5.225000E+00  1.233394E+00  2.141393E+00
  5.275000E+00  1.293236E+00  2.191079E+00
  5.325000E+00  1.439390E+00  2.247434E+00
  5.375000E+00  1.318077E+00  2.300013E+00
  5.425000E+00  1.373986E+00  2.355847E+00
  5.475000E+00  1.223643E+00  2.406492E+00
  5.525000E+00  1.405901E+00  2.465749E+00
  5.575000E+00  1.457253E+00  2.528286E+00
  5.625000E+00  1.495888E+00  2.593638E+00
  5.675000E+00  1.369872E+00  2.654553E+00
  5.725000E+00  1.263209E+00  2.711719E+00
  5.775000E+00  1.486453E+00  2.780169E+00
  5.825000E+00  1.583373E+00  2.854349E+00
  5.875000E+00  1.495633E+00  2.925627E+00
  5.925000E+00  1.610158E+00  3.003675E+00
  5.975000E+00  1.481656E+00  3.076711E+00
Li      O       
  2.500000E-02  0.000000E+00  0.000000E+00
  7.500000E-02  0.000000E+00  0.000000E+00
  1.250000E-01  0.000000E+00  0.000000E+00
  1.750000E-01  0.000000E+00  0.000000E+00
  2.250000E-01  0.000000E+00  0.000000E+00
  2.750000E-01  0.000000E+00  0.000000E+00
  3.250000E-01  0.000000E+00  0.000000E+00
  3.750000E-01  0.000000E+00  0.000000E+00
  4.250000E-01  0.000000E+00  0.000000E+00
  4.750000E-01  0.000000E+00  0.000000E+00
  5.250000E-01  0.000000E+00  0.000000E+00
  5.750000E-01  0.000000E+00  0.000000E+00
  6.250000E-01  0.000000E+00  0.000000E+00
  6.750000E-01  0.000000E+00  0.000000E+00
  7.250000E-01  4.550135E-04  1.982145E-06
  7.750000E-01  0.000000E+00  1.982145E-06
  8.250000E-01  1.171414E-04  2.642860E-06
  8.750000E-01  3.124195E-04  4.625005E-06
  9.250000E-01  1.863768E-03  1.783930E-05
  9.750000E-01  2.935721E-03  4.096433E-05
  1.025000E+00  8.500321E-03  1.149644E-04
  1.075000E+00  6.210098E-02  7.096079E-04
  1.125000E+00  3.199139E+00  3.425807E-02
  1.175000E+00  4.115432E+01  5.050399E-01
  1.225000E+00  8.635676E+01  1.578762E+00
  1.275000E+00  2.765345E+01  1.951229E+00
  1.325000E+00  1.912909E+00  1.979055E+00
  1.375000E+00  4.429655E-01  1.985994E+00
  1.425000E+00  1.193459E-01  1.988001E+00
  1.475000E+00  5.149936E-02  1.988930E+00
  1.525000E+00  3.497621E-02  1.989604E+00
  1.575000E+00  3.118353E-02  1.990245E+00
  1.625000E+00  3.104583E-02  1.990924E+00
  1.675000E+00  3.012972E-02  1.991624E+00
  1.725000E+00  2.366482E-02  1.992208E+00
  1.775000E+00  2.890625E-02  1.992962E+00
  1.825000E+00  2.550045E-02  1.993666E+00
  1.875000E+00  4.425681E-02  1.994955E+00
  1.925000E+00  4.794910E-02  1.996427E+00
  1.975000E+00  6.123371E-02  1.998406E+00
  2.025000E+00  6.909939E-02  2.000753E+00
  2.075000E+00  1.174496E-01  2.004943E+00
  2.125000E+00  1.512304E-01  2.010601E+00
  2.175000E+00  2.632085E-01  2.020916E+00
  2.225000E+00  3.565279E-01  2.035539E+00
  2.275000E+00  5.517147E-01  2.059196E+00
  2.325000E+00  6.632188E-01  2.088898E+00
  2.375000E+00  8.003747E-01  2.126300E+00
  2.425000E+00  9.784724E-01  2.173971E+00
  2.475000E+00  1.350864E+00  2.242526E+00
  2.525000E+00  1.640261E+00  2.329165E+00
  2.575000E+00  1.732351E+00  2.424328E+00
  2.625000E+00  1.819126E+00  2.528176E+00
  2.675000E+00  1.960700E+00  2.644410E+00
  2.725000E+00  1.993362E+00  2.767039E+00
  2.775000E+00  1.919030E+00  2.889468E+00
  2.825000E+00  1.969042E+00  3.019654E+00
  2.875000E+00  1.928978E+00  3.151746E+00
  2.925000E+00  1.831585E+00  3.281570E+00
  2.975000E+00  1.882165E+00  3.419578E+00
  3.025000E+00  1.869920E+00  3.561335E+00
  3.075000E+00  1.887412E+00  3.709188E+00
  3.125000E+00  1.912979E+00  3.863957E+00
  3.175000E+00  1.871432E+00  4.020248E+00
  3.225000E+00  1.788181E+00  4.174326E+00
  3.275000E+00  1.700188E+00  4.325401E+00
  3.325000E+00  1.777967E+00  4.488247E+00
  3.375000E+00  1.787026E+00  4.656883E+00
  3.425000E+00  1.851277E+00  4.836796E+00
  3.475000E+00  1.698714E+00  5.006738E+00
  3.525000E+00  1.727450E+00  5.184563E+00
  3.575000E+00  1.652611E+00  5.359545E+00
  3.625000E+00  1.639461E+00  5.538024E+00
  3.675000E+00  1.760232E+00  5.734973E+00
  3.725000E+00  1.832732E+00  5.945652E+00
  3.775000E+00  1.786352E+00  6.156549E+00
  3.825000E+00  1.905973E+00  6.387569E+00
  3.875000E+00  1.793996E+00  6.610738E+00
  3.925000E+00  1.818432E+00  6.842822E+00
  3.975000E+00  1.818774E+00  7.080901E+00
  4.025000E+00  1.841370E+00  7.328040E+00
  4.075000E+00  1.912952E+00  7.591205E+00
  4.125000E+00  1.868593E+00  7.854614E+00
  4.175000E+00  1.861976E+00  8.123492E+00
  4.225000E+00  1.870882E+00  8.400166E+00
  4.275000E+00  1.820026E+00  8.675727E+00
  4.325000E+00  1.789773E+00  8.953083E+00
  4.375000E+00  1.878873E+00  9.251018E+00
  4.425000E+00  1.738908E+00  9.533097E+00
  4.475000E+00  1.753956E+00  9.824083E+00
  4.525000E+00  1.744957E+00  1.012008E+01
  4.575000E+00  1.681537E+00  1.041166E+01
  4.625000E+00  1.561718E+00  1.068841E+01
  4.675000E+00  1.577028E+00  1.097396E+01
  4.725000E+00  1.569156E+00  1.126418E+01
  4.775000E+00  1.517987E+00  1.155092E+01
  4.825000E+00  1.515164E+00  1.184315E+01
  4.875000E+00  1.505624E+00  1.213958E+01
  4.925000E+00  1.475030E+00  1.243598E+01
  4.975000E+00  1.420358E+00  1.272722E+01
  5.025000E+00  1.371438E+00  1.301411E+01
  5.075000E+00  1.355454E+00  1.330333E+01
  5.125000E+00  1.370868E+00  1.360163E+01
  5.175000E+00  1.309124E+00  1.389208E+01
  5.225000E+00  1.277292E+00  1.418096E+01
  5.275000E+00  1.321800E+00  1.448567E+01
  5.325000E+00  1.300194E+00  1.479110E+01
  5.375000E+00  1.273473E+00  1.509590E+01
  5.425000E+00  1.255364E+00  1.540198E+01
  5.475000E+00  1.193144E+00  1.569827E+01
  5.525000E+00  1.171208E+00  1.599446E+01
  5.575000E+00  1.256527E+00  1.631800E+01
  5.625000E+00  1.217118E+00  1.663704E+01
  5.675000E+00  1.161799E+00  1.694701E+01
  5.725000E+00  1.172439E+00  1.726537E+01
  5.775000E+00  1.117577E+00  1.757414E+01
  5.825000E+00  1.151778E+00  1.789791E+01
  5.875000E+00  1.213138E+00  1.824480E+01
  5.925000E+00  1.108032E+00  1.856705E+01
  5.975000E+00  1.207062E+00  1.892405E+01
Li      O_s     
  2.500000E-02  0.000000E+00  0.000000E+00
  7.500000E-02  0.000000E+00  0.000000E+00
  1.250000E-01  0.000000E+00  0.000000E+00
  1.750000E-01  0.000000E+00  0.000000E+00
  2.250000E-01  0.000000E+00  0.000000E+00
  2.750000E-01  0.000000E+00  0.000000E+00
  3.250000E-01  7.535788E-04  6.607149E-07
  3.750000E-01  0.000000E+00  6.607149E-07
  4.250000E-01  0.000000E+00  6.607149E-07
  4.750000E-01  3.531531E-04  1.321430E-06
  5.250000E-01  0.000000E+00  1.321430E-06
  5.750000E-01  0.000000E+00  1.321430E-06
  6.250000E-01  8.162431E-04  3.964290E-06
  6.750000E-01  1.749625E-04  4.625005E-06
  7.250000E-01  0.000000E+00  4.625005E-06
  7.750000E-01  7.964314E-04  8.589294E-06
  8.250000E-01  1.054272E-03  1.453573E-05
  8.750000E-01  1.978657E-03  2.708931E-05
  9.250000E-01  2.797516E-01  2.010556E-03
  9.750000E-01  9.375015E-01  9.395367E-03
  1.025000E+00  2.234218E+00  2.884549E-02
  1.075000E+00  6.081003E+01  6.111276E-01
  1.125000E+00  8.830092E+01  1.537114E+00
  1.175000E+00  2.927229E+01  1.871973E+00
  1.225000E+00  6.434520E+00  1.951977E+00
  1.275000E+00  1.915120E+00  1.977772E+00
  1.325000E+00  4.339634E-01  1.984084E+00
  1.375000E+00  1.802315E-01  1.986907E+00
  1.425000E+00  7.661858E-02  1.988196E+00
  1.475000E+00  4.251904E-02  1.988963E+00
  1.525000E+00  3.141001E-02  1.989568E+00
  1.575000E+00  2.227854E-02  1.990026E+00
  1.625000E+00  2.150256E-02  1.990496E+00
  1.675000E+00  2.128978E-02  1.990991E+00
  1.725000E+00  1.924274E-02  1.991466E+00
  1.775000E+00  2.667880E-02  1.992162E+00
  1.825000E+00  5.741791E-02  1.993746E+00
  1.875000E+00  6.163288E-02  1.995541E+00
  1.925000E+00  1.031293E-01  1.998708E+00
  1.975000E+00  1.759115E-01  2.004392E+00
  2.025000E+00  1.682073E-01  2.010107E+00
  2.075000E+00  3.824290E-01  2.023749E+00
  2.125000E+00  3.658812E-01  2.037437E+00
  2.175000E+00  5.647695E-01  2.059571E+00
  2.225000E+00  7.104944E-01  2.088712E+00
  2.275000E+00  1.039143E+00  2.133270E+00
  2.325000E+00  1.379549E+00  2.195052E+00
  2.375000E+00  1.522167E+00  2.266184E+00
  2.425000E+00  1.690798E+00  2.348559E+00
  2.475000E+00  1.597462E+00  2.429629E+00
  2.525000E+00  1.797058E+00  2.524550E+00
  2.575000E+00  2.081107E+00  2.638870E+00
  2.625000E+00  2.006994E+00  2.753443E+00
  2.675000E+00  1.891599E+00  2.865581E+00
  2.725000E+00  1.858747E+00  2.979929E+00
  2.775000E+00  1.774578E+00  3.093142E+00
  2.825000E+00  1.891526E+00  3.218203E+00
  2.875000E+00  1.824918E+00  3.343169E+00
  2.925000E+00  1.903044E+00  3.478058E+00
  2.975000E+00  1.951882E+00  3.621178E+00
  3.025000E+00  1.732686E+00  3.752532E+00
  3.075000E+00  1.792188E+00  3.892925E+00
  3.125000E+00  1.808267E+00  4.039222E+00
  3.175000E+00  1.785632E+00  4.188347E+00
  3.225000E+00  1.782231E+00  4.341913E+00
  3.275000E+00  1.738289E+00  4.496373E+00
  3.325000E+00  1.732182E+00  4.655026E+00
  3.375000E+00  1.712501E+00  4.816629E+00
  3.425000E+00  1.598436E+00  4.971970E+00
  3.475000E+00  1.758708E+00  5.147914E+00
  3.525000E+00  1.669190E+00  5.319742E+00
  3.575000E+00  1.697465E+00  5.499473E+00
  3.625000E+00  1.704656E+00  5.685050E+00
  3.675000E+00  1.826617E+00  5.889427E+00
  3.725000E+00  1.763696E+00  6.092170E+00
  3.775000E+00  1.712708E+00  6.294372E+00
  3.825000E+00  1.846971E+00  6.518240E+00
  3.875000E+00  1.886195E+00  6.752879E+00
  3.925000E+00  1.813400E+00  6.984321E+00
  3.975000E+00  1.926507E+00  7.236502E+00
  4.025000E+00  1.857517E+00  7.485809E+00
  4.075000E+00  1.827069E+00  7.737158E+00
  4.125000E+00  1.894831E+00  8.004266E+00
  4.175000E+00  1.836285E+00  8.269434E+00
  4.225000E+00  1.758982E+00  8.529560E+00
  4.275000E+00  1.703083E+00  8.787415E+00
  4.325000E+00  1.746902E+00  9.058128E+00
  4.375000E+00  1.701681E+00  9.327965E+00
  4.425000E+00  1.769179E+00  9.614954E+00
  4.475000E+00  1.700944E+00  9.897146E+00
  4.525000E+00  1.587134E+00  1.016637E+01
  4.575000E+00  1.601722E+00  1.044411E+01
  4.625000E+00  1.575722E+00  1.072335E+01
  4.675000E+00  1.566464E+00  1.100698E+01
  4.725000E+00  1.500486E+00  1.128450E+01
  4.775000E+00  1.516987E+00  1.157105E+01
  4.825000E+00  1.507179E+00  1.186174E+01
  4.875000E+00  1.440645E+00  1.214538E+01
  4.925000E+00  1.391255E+00  1.242495E+01
  4.975000E+00  1.478382E+00  1.272808E+01
  5.025000E+00  1.403576E+00  1.302170E+01
  5.075000E+00  1.381078E+00  1.331638E+01
  5.125000E+00  1.352188E+00  1.361061E+01
  5.175000E+00  1.314133E+00  1.390217E+01
  5.225000E+00  1.359725E+00  1.420970E+01
  5.275000E+00  1.317624E+00  1.451344E+01
  5.325000E+00  1.297111E+00  1.481815E+01
  5.375000E+00  1.296617E+00  1.512849E+01
  5.425000E+00  1.272588E+00  1.543877E+01
  5.475000E+00  1.253409E+00  1.575003E+01
  5.525000E+00  1.243639E+00  1.606453E+01
  5.575000E+00  1.244769E+00  1.638505E+01
  5.625000E+00  1.220838E+00  1.670506E+01
  5.675000E+00  1.249114E+00  1.703833E+01
  5.725000E+00  1.206673E+00  1.736598E+01
  5.775000E+00  1.193268E+00  1.769567E+01
  5.825000E+00  1.167260E+00  1.802379E+01
  5.875000E+00  1.180958E+00  1.836147E+01
  5.925000E+00  1.233497E+00  1.872021E+01
  5.975000E+00  1.165510E+00  1.906493E+01
La      La      
  2.500000E-02  0.000000E+00  0.000000E+00
  7.500000E-02  0.000000E+00  0.000000E+00
  1.250000E-01  0.000000E+00  0.000000E+00
  1.750000E-01  0.000000E+00  0.000000E+00
  2.250000E-01  0.000000E+00  0.000000E+00
  2.750000E-01  0.000000E+00  0.000000E+00
  3.250000E-01  0.000000E+00  0.000000E+00
  3.750000E-01  0.000000E+00  0.000000E+00
  4.250000E-01  0.000000E+00  0.000000E+00
  4.750000E-01  0.000000E+00  0.000000E+00
  5.250000E-01  0.000000E+00  0.000000E+00
  5.750000E-01  0.000000E+00  0.000000E+00
  6.250000E-01  0.000000E+00  0.000000E+00
  6.750000E-01  0.000000E+00  0.000000E+00
  7.250000E-01  0.000000E+00  0.000000E+00
  7.750000E-01  0.000000E+00  0.000000E+00
  8.250000E-01  0.000000E+00  0.000000E+00
  8.750000E-01  0.000000E+00  0.000000E+00
  9.250000E-01  0.000000E+00  0.000000E+00
  9.750000E-01  0.000000E+00  0.000000E+00
  1.025000E+00  0.000000E+00  0.000000E+00
  1.075000E+00  0.000000E+00  0.000000E+00
  1.125000E+00  0.000000E+00  0.000000E+00
  1.175000E+00  0.000000E+00  0.000000E+00
  1.225000E+00  0.000000E+00  0.000000E+00
  1.275000E+00  0.000000E+00  0.000000E+00
  1.325000E+00  0.000000E+00  0.000000E+00
  1.375000E+00  0.000000E+00  0.000000E+00
  1.425000E+00  0.000000E+00  0.000000E+00
  1.475000E+00  0.000000E+00  0.000000E+00
  1.525000E+00  0.000000E+00  0.000000E+00
  1.575000E+00  0.000000E+00  0.000000E+00
  1.625000E+00  0.000000E+00  0.000000E+00
  1.675000E+00  0.000000E+00  0.000000E+00
  1.725000E+00  0.000000E+00  0.000000E+00
  1.775000E+00  0.000000E+00  0.000000E+00
  1.825000E+00  0.000000E+00  0.000000E+00
  1.875000E+00  0.000000E+00  0.000000E+00
  1.925000E+00  0.000000E+00  0.000000E+00
  1.975000E+00  0.000000E+00  0.000000E+00
  2.025000E+00  0.000000E+00  0.000000E+00
  2.075000E+00  0.000000E+00  0.000000E+00
  2.125000E+00  0.000000E+00  0.000000E+00
  2.175000E+00  0.000000E+00  0.000000E+00
  2.225000E+00  0.000000E+00  0.000000E+00
  2.275000E+00  0.000000E+00  0.000000E+00
  2.325000E+00  0.000000E+00  0.000000E+00
  2.375000E+00  0.000000E+00  0.000000E+00
  2.425000E+00  0.000000E+00  0.000000E+00
  2.475000E+00  0.000000E+00  0.000000E+00
  2.525000E+00  0.000000E+00  0.000000E+00
  2.575000E+00  0.000000E+00  0.000000E+00
  2.625000E+00  0.000000E+00  0.000000E+00
  2.675000E+00  0.000000E+00  0.000000E+00
  2.725000E+00  0.000000E+00  0.000000E+00
  2.775000E+00  0.000000E+00  0.000000E+00
  2.825000E+00  0.000000E+00  0.000000E+00
  2.875000E+00  0.000000E+00  0.000000E+00
  2.925000E+00  0.000000E+00  0.000000E+00
  2.975000E+00  0.000000E+00  0.000000E+00
  3.025000E+00  0.000000E+00  0.000000E+00
  3.075000E+00  1.576844E-04  3.088102E-06
  3.125000E+00  3.053580E-04  9.264306E-06
  3.175000E+00  1.774898E-03  4.632153E-05
  3.225000E+00  5.447586E-03  1.636694E-04
  3.275000E+00  1.431841E-02  4.817439E-04
  3.325000E+00  3.190890E-01  7.788193E-03
  3.375000E+00  1.845662E-01  1.214242E-02
  3.425000E+00  1.919273E-01  1.680545E-02
  3.475000E+00  2.854693E-01  2.394514E-02
  3.525000E+00  6.603324E-01  4.093897E-02
  3.575000E+00  1.186569E+00  7.234805E-02
  3.625000E+00  1.321992E+00  1.083275E-01
  3.675000E+00  2.331969E+00  1.735575E-01
  3.725000E+00  2.681235E+00  2.506118E-01
  3.775000E+00  2.747639E+00  3.317085E-01
  3.825000E+00  2.722645E+00  4.142102E-01
  3.875000E+00  3.426664E+00  5.207775E-01
  3.925000E+00  2.854353E+00  6.118518E-01
  3.975000E+00  3.147150E+00  7.148431E-01
  4.025000E+00  2.920627E+00  8.128409E-01
  4.075000E+00  2.770021E+00  9.081089E-01
  4.125000E+00  2.518473E+00  9.968640E-01
  4.175000E+00  2.313949E+00  1.080400E+00
  4.225000E+00  2.516520E+00  1.173439E+00
  4.275000E+00  2.468034E+00  1.266857E+00
  4.325000E+00  2.130881E+00  1.349411E+00
  4.375000E+00  2.518918E+00  1.449268E+00
  4.425000E+00  2.371015E+00  1.545422E+00
  4.475000E+00  2.487119E+00  1.648577E+00
  4.525000E+00  2.431585E+00  1.751695E+00
  4.575000E+00  2.331069E+00  1.852747E+00
  4.625000E+00  1.690822E+00  1.927655E+00
  4.675000E+00  1.990567E+00  2.017760E+00
  4.725000E+00  2.319654E+00  2.125019E+00
  4.775000E+00  1.998441E+00  2.219391E+00
  4.825000E+00  1.848488E+00  2.308520E+00
  4.875000E+00  1.428686E+00  2.378842E+00
  4.925000E+00  1.786540E+00  2.468592E+00
  4.975000E+00  1.530627E+00  2.547054E+00
  5.025000E+00  1.404423E+00  2.620502E+00
  5.075000E+00  1.151052E+00  2.681902E+00
  5.125000E+00  1.019369E+00  2.737355E+00
  5.175000E+00  1.123700E+00  2.799683E+00
  5.225000E+00  1.096398E+00  2.861676E+00
  5.275000E+00  1.230840E+00  2.932610E+00
  5.325000E+00  9.281443E-01  2.987118E+00
  5.375000E+00  8.463421E-01  3.037760E+00
  5.425000E+00  7.217371E-01  3.081753E+00
  5.475000E+00  8.836049E-01  3.136610E+00
  5.525000E+00  1.102727E+00  3.206327E+00
  5.575000E+00  9.205520E-01  3.265584E+00
  5.625000E+00  9.805529E-01  3.329842E+00
  5.675000E+00  9.591377E-01  3.393818E+00
  5.725000E+00  7.950179E-01  3.447786E+00
  5.775000E+00  8.983110E-01  3.509835E+00
  5.825000E+00  8.696847E-01  3.570951E+00
  5.875000E+00  1.020655E+00  3.643914E+00
  5.925000E+00  9.617506E-01  3.713841E+00
  5.975000E+00  7.773680E-01  3.771320E+00
La      Zr      
  2.500000E-02  0.000000E+00  0.000000E+00
  7.500000E-02  0.000000E+00  0.000000E+00
  1.250000E-01  0.000000E+00  0.000000E+00
  1.750000E-01  0.000000E+00  0.000000E+00
  2.250000E-01  0.000000E+00  0.000000E+00
  2.750000E-01  0.000000E+00  0.000000E+00
  3.250000E-01  0.000000E+00  0.000000E+00
  3.750000E-01  0.000000E+00  0.000000E+00
  4.250000E-01  0.000000E+00  0.000000E+00
  4.750000E-01  0.000000E+00  0.000000E+00
  5.250000E-01  0.000000E+00  0.000000E+00
  5.750000E-01  0.000000E+00  0.000000E+00
  6.250000E-01  0.000000E+00  0.000000E+00
  6.750000E-01  0.000000E+00  0.000000E+00
  7.250000E-01  0.000000E+00  0.000000E+00
  7.750000E-01  0.000000E+00  0.000000E+00
  8.250000E-01  0.000000E+00  0.000000E+00
  8.750000E-01  0.000000E+00  0.000000E+00
  9.250000E-01  0.000000E+00  0.000000E+00
  9.750000E-01  0.000000E+00  0.000000E+00
  1.025000E+00  0.000000E+00  0.000000E+00
  1.075000E+00  0.000000E+00  0.000000E+00
  1.125000E+00  0.000000E+00  0.000000E+00
  1.175000E+00  0.000000E+00  0.000000E+00
  1.225000E+00  0.000000E+00  0.000000E+00
  1.275000E+00  0.000000E+00  0.000000E+00
  1.325000E+00  0.000000E+00  0.000000E+00
  1.375000E+00  0.000000E+00  0.000000E+00
  1.425000E+00  0.000000E+00  0.000000E+00
  1.475000E+00  0.000000E+00  0.000000E+00
  1.525000E+00  0.000000E+00  0.000000E+00
  1.575000E+00  0.000000E+00  0.000000E+00
  1.625000E+00  0.000000E+00  0.000000E+00
  1.675000E+00  0.000000E+00  0.000000E+00
  1.725000E+00  0.000000E+00  0.000000E+00
  1.775000E+00  0.000000E+00  0.000000E+00
  1.825000E+00  0.000000E+00  0.000000E+00
  1.875000E+00  0.000000E+00  0.000000E+00
  1.925000E+00  0.000000E+00  0.000000E+00
  1.975000E+00  0.000000E+00  0.000000E+00
  2.025000E+00  0.000000E+00  0.000000E+00
  2.075000E+00  0.000000E+00  0.000000E+00
  2.125000E+00  0.000000E+00  0.000000E+00
  2.175000E+00  0.000000E+00  0.000000E+00
  2.225000E+00  0.000000E+00  0.000000E+00
  2.275000E+00  0.000000E+00  0.000000E+00
  2.325000E+00  0.000000E+00  0.000000E+00
  2.375000E+00  0.000000E+00  0.000000E+00
  2.425000E+00  0.000000E+00  0.000000E+00
  2.475000E+00  0.000000E+00  0.000000E+00
  2.525000E+00  0.000000E+00  0.000000E+00
  2.575000E+00  0.000000E+00  0.000000E+00
  2.625000E+00  0.000000E+00  0.000000E+00
  2.675000E+00  0.000000E+00  0.000000E+00
  2.725000E+00  0.000000E+00  0.000000E+00
  2.775000E+00  0.000000E+00  0.000000E+00
  2.825000E+00  0.000000E+00  0.000000E+00
  2.875000E+00  2.701609E-04  3.083336E-06
  2.925000E+00  6.525095E-04  1.079168E-05
  2.975000E+00  2.270740E-03  3.854171E-05
  3.025000E+00  6.954940E-03  1.264168E-04
  3.075000E+00  2.326192E-02  4.301254E-04
  3.125000E+00  3.640348E-01  5.338797E-03
  3.175000E+00  3.315045E-01  9.953010E-03
  3.225000E+00  4.859835E-01  1.693214E-02
  3.275000E+00  9.682283E-01  3.127120E-02
  3.325000E+00  1.309868E+00  5.126663E-02
  3.375000E+00  3.270701E+00  1.027075E-01
  3.425000E+00  3.741375E+00  1.633074E-01
  3.475000E+00  5.122103E+00  2.487112E-01
  3.525000E+00  6.403595E+00  3.585766E-01
  3.575000E+00  6.033271E+00  4.650458E-01
  3.625000E+00  6.728289E+00  5.871243E-01
  3.675000E+00  5.777110E+00  6.948561E-01
  3.725000E+00  5.359935E+00  7.975466E-01
  3.775000E+00  4.941690E+00  8.947827E-01
  3.825000E+00  5.351286E+00  1.002886E+00
  3.875000E+00  4.916797E+00  1.104826E+00
  3.925000E+00  4.542866E+00  1.201459E+00
  3.975000E+00  5.441069E+00  1.320166E+00
  4.025000E+00  5.010789E+00  1.432253E+00
  4.075000E+00  4.516886E+00  1.535818E+00
  4.125000E+00  4.084158E+00  1.631773E+00
  4.175000E+00  4.399506E+00  1.737657E+00
  4.225000E+00  3.528454E+00  1.824624E+00
  4.275000E+00  3.254870E+00  1.906758E+00
  4.325000E+00  2.507162E+00  1.971513E+00
  4.375000E+00  1.921390E+00  2.022293E+00
  4.425000E+00  1.970192E+00  2.075559E+00
  4.475000E+00  1.650979E+00  2.121209E+00
  4.525000E+00  1.336537E+00  2.158995E+00
  4.575000E+00  1.662013E+00  2.207028E+00
  4.625000E+00  9.711906E-01  2.235712E+00
  4.675000E+00  9.648322E-01  2.264828E+00
  4.725000E+00  1.052046E+00  2.297258E+00
  4.775000E+00  7.326374E-01  2.320323E+00
  4.825000E+00  6.880844E-01  2.342442E+00
  4.875000E+00  9.376551E-01  2.373210E+00
  4.925000E+00  9.882221E-01  2.406307E+00
  4.975000E+00  9.766235E-01  2.439682E+00
  5.025000E+00  1.235375E+00  2.482753E+00
  5.075000E+00  1.074379E+00  2.520961E+00
  5.125000E+00  1.042338E+00  2.558762E+00
  5.175000E+00  1.178931E+00  2.602356E+00
  5.225000E+00  9.729661E-01  2.639032E+00
  5.275000E+00  8.721489E-01  2.672540E+00
  5.325000E+00  9.359786E-01  2.709186E+00
  5.375000E+00  1.004830E+00  2.749269E+00
  5.425000E+00  9.592292E-01  2.788249E+00
  5.475000E+00  9.828742E-01  2.828929E+00
  5.525000E+00  1.134335E+00  2.876739E+00
  5.575000E+00  1.189952E+00  2.927805E+00
  5.625000E+00  1.047534E+00  2.973570E+00
  5.675000E+00  8.180560E-01  3.009947E+00
  5.725000E+00  9.337242E-01  3.052202E+00
  5.775000E+00  1.039222E+00  3.100057E+00
  5.825000E+00  7.971654E-01  3.137404E+00
  5.875000E+00  9.706316E-01  3.183662E+00
  5.925000E+00  9.803674E-01  3.231182E+00
  5.975000E+00  9.462640E-01  3.277827E+00
La      O       
  2.500000E-02  0.000000E+00  0.000000E+00
  7.500000E-02  0.000000E+00  0.000000E+00
  1.250000E-01  0.000000E+00  0.000000E+00
  1.750000E-01  0.000000E+00  0.000000E+00
  2.250000E-01  0.000000E+00  0.000000E+00
  2.750000E-01  0.000000E+00  0.000000E+00
  3.250000E-01  0.000000E+00  0.000000E+00
  3.750000E-01  0.000000E+00  0.000000E+00
  4.250000E-01  0.000000E+00  0.000000E+00
  4.750000E-01  0.000000E+00  0.000000E+00
  5.250000E-01  0.000000E+00  0.000000E+00
  5.750000E-01  0.000000E+00  0.000000E+00
  6.250000E-01  0.000000E+00  0.000000E+00
  6.750000E-01  0.000000E+00  0.000000E+00
  7.250000E-01  0.000000E+00  0.000000E+00
  7.750000E-01  0.000000E+00  0.000000E+00
  8.250000E-01  0.000000E+00  0.000000E+00
  8.750000E-01  0.000000E+00  0.000000E+00
  9.250000E-01  0.000000E+00  0.000000E+00
  9.750000E-01  0.000000E+00  0.000000E+00
  1.025000E+00  0.000000E+00  0.000000E+00
  1.075000E+00  0.000000E+00  0.000000E+00
  1.125000E+00  1.470115E-04  1.541668E-06
  1.175000E+00  1.347680E-04  3.083336E-06
  1.225000E+00  0.000000E+00  3.083336E-06
  1.275000E+00  0.000000E+00  3.083336E-06
  1.325000E+00  0.000000E+00  3.083336E-06
  1.375000E+00  0.000000E+00  3.083336E-06
  1.425000E+00  0.000000E+00  3.083336E-06
  1.475000E+00  8.552681E-05  4.625005E-06
  1.525000E+00  0.000000E+00  4.625005E-06
  1.575000E+00  1.500239E-04  7.708341E-06
  1.625000E+00  0.000000E+00  7.708341E-06
  1.675000E+00  6.632329E-05  9.250009E-06
  1.725000E+00  0.000000E+00  9.250009E-06
  1.775000E+00  0.000000E+00  9.250009E-06
  1.825000E+00  1.117391E-04  1.233335E-05
  1.875000E+00  5.292972E-05  1.387501E-05
  1.925000E+00  2.008640E-04  2.004169E-05
  1.975000E+00  2.862344E-04  2.929170E-05
  2.025000E+00  9.983400E-04  6.320840E-05
  2.075000E+00  6.396353E-03  2.913753E-04
  2.125000E+00  4.310441E-02  1.903960E-03
  2.175000E+00  4.112973E-01  1.802364E-02
  2.225000E+00  2.780838E+00  1.320793E-01
  2.275000E+00  7.287811E+00  4.445724E-01
  2.325000E+00  1.281204E+01  1.018350E+00
  2.375000E+00  1.677224E+01  1.802136E+00
  2.425000E+00  1.622661E+01  2.592687E+00
  2.475000E+00  1.236686E+01  3.220294E+00
  2.525000E+00  9.088163E+00  3.700332E+00
  2.575000E+00  6.282583E+00  4.045451E+00
  2.625000E+00  3.775133E+00  4.260961E+00
  2.675000E+00  2.797220E+00  4.426786E+00
  2.725000E+00  2.204887E+00  4.562428E+00
  2.775000E+00  1.635210E+00  4.666750E+00
  2.825000E+00  1.350449E+00  4.756037E+00
  2.875000E+00  1.118826E+00  4.832652E+00
  2.925000E+00  1.071682E+00  4.908613E+00
  2.975000E+00  9.247591E-01  4.976420E+00
  3.025000E+00  8.148668E-01  5.038195E+00
  3.075000E+00  8.311906E-01  5.103307E+00
  3.125000E+00  8.884401E-01  5.175186E+00
  3.175000E+00  9.166493E-01  5.251739E+00
  3.225000E+00  7.758882E-01  5.318593E+00
  3.275000E+00  8.178047E-01  5.391262E+00
  3.325000E+00  8.088631E-01  5.465346E+00
  3.375000E+00  8.782283E-01  5.548222E+00
  3.425000E+00  8.948442E-01  5.635186E+00
  3.475000E+00  8.084854E-01  5.716068E+00
  3.525000E+00  1.019836E+00  5.821051E+00
  3.575000E+00  1.102429E+00  5.937778E+00
  3.625000E+00  1.046114E+00  6.051663E+00
  3.675000E+00  1.091145E+00  6.173749E+00
  3.725000E+00  1.224875E+00  6.314553E+00
  3.775000E+00  1.287107E+00  6.466509E+00
  3.825000E+00  1.170418E+00  6.608373E+00
  3.875000E+00  1.201656E+00  6.757856E+00
  3.925000E+00  1.323725E+00  6.926802E+00
  3.975000E+00  1.378905E+00  7.107302E+00
  4.025000E+00  1.325895E+00  7.285256E+00
  4.075000E+00  1.271268E+00  7.460145E+00
  4.125000E+00  1.309482E+00  7.644738E+00
  4.175000E+00  1.343920E+00  7.838806E+00
  4.225000E+00  1.420656E+00  8.048899E+00
  4.275000E+00  1.366938E+00  8.255860E+00
  4.325000E+00  1.251054E+00  8.449732E+00
  4.375000E+00  1.351258E+00  8.664003E+00
  4.425000E+00  1.444718E+00  8.898359E+00
  4.475000E+00  1.461178E+00  9.140773E+00
  4.525000E+00  1.406826E+00  9.379414E+00
  4.575000E+00  1.513234E+00  9.641809E+00
  4.625000E+00  1.575170E+00  9.920946E+00
  4.675000E+00  1.442395E+00  1.018211E+01
  4.725000E+00  1.428467E+00  1.044632E+01
  4.775000E+00  1.518807E+00  1.073321E+01
  4.825000E+00  1.445551E+00  1.101201E+01
  4.875000E+00  1.523615E+00  1.131199E+01
  4.925000E+00  1.417121E+00  1.159675E+01
  4.975000E+00  1.479273E+00  1.190007E+01
  5.025000E+00  1.406434E+00  1.219428E+01
  5.075000E+00  1.555529E+00  1.252619E+01
  5.125000E+00  1.499699E+00  1.285252E+01
  5.175000E+00  1.624197E+00  1.321287E+01
  5.225000E+00  1.640819E+00  1.358398E+01
  5.275000E+00  1.904188E+00  1.402294E+01
  5.325000E+00  1.751459E+00  1.443437E+01
  5.375000E+00  1.665164E+00  1.483292E+01
  5.425000E+00  1.799446E+00  1.527166E+01
  5.475000E+00  1.666972E+00  1.568562E+01
  5.525000E+00  1.610102E+00  1.609280E+01
  5.575000E+00  1.590242E+00  1.650227E+01
  5.625000E+00  1.449557E+00  1.688224E+01
  5.675000E+00  1.533901E+00  1.729149E+01
  5.725000E+00  1.403686E+00  1.767263E+01
  5.775000E+00  1.450706E+00  1.807345E+01
  5.825000E+00  1.394620E+00  1.846548E+01
  5.875000E+00  1.379792E+00  1.886002E+01
  5.925000E+00  1.459308E+00  1.928443E+01
  5.975000E+00  1.346613E+00  1.968271E+01
La      O_s     
  2.500000E-02  0.000000E+00  0.000000E+00
  7.500000E-02  0.000000E+00  0.000000E+00
  1.250000E-01  0.000000E+00  0.000000E+00
  1.750000E-01  0.000000E+00  0.000000E+00
  2.250000E-01  0.000000E+00  0.000000E+00
  2.750000E-01  0.000000E+00  0.000000E+00
  3.250000E-01  0.000000E+00  0.000000E+00
  3.750000E-01  0.000000E+00  0.000000E+00
  4.250000E-01  0.000000E+00  0.000000E+00
  4.750000E-01  0.000000E+00  0.000000E+00
  5.250000E-01  0.000000E+00  0.000000E+00
  5.750000E-01  0.000000E+00  0.000000E+00
  6.250000E-01  0.000000E+00  0.000000E+00
  6.750000E-01  0.000000E+00  0.000000E+00
  7.250000E-01  0.000000E+00  0.000000E+00
  7.750000E-01  0.000000E+00  0.000000E+00
  8.250000E-01  0.000000E+00  0.000000E+00
  8.750000E-01  0.000000E+00  0.000000E+00
  9.250000E-01  0.000000E+00  0.000000E+00
  9.750000E-01  0.000000E+00  0.000000E+00
  1.025000E+00  0.000000E+00  0.000000E+00
  1.075000E+00  0.000000E+00  0.000000E+00
  1.125000E+00  0.000000E+00  0.000000E+00
  1.175000E+00  0.000000E+00  0.000000E+00
  1.225000E+00  0.000000E+00  0.000000E+00
  1.275000E+00  0.000000E+00  0.000000E+00
  1.325000E+00  0.000000E+00  0.000000E+00
  1.375000E+00  9.841803E-05  1.541668E-06
  1.425000E+00  0.000000E+00  1.541668E-06
  1.475000E+00  0.000000E+00  1.541668E-06
  1.525000E+00  0.000000E+00  1.541668E-06
  1.575000E+00  0.000000E+00  1.541668E-06
  1.625000E+00  7.046718E-05  3.083336E-06
  1.675000E+00  1.989699E-04  7.708341E-06
  1.725000E+00  0.000000E+00  7.708341E-06
  1.775000E+00  5.906123E-05  9.250009E-06
  1.825000E+00  1.117391E-04  1.233335E-05
  1.875000E+00  5.292972E-05  1.387501E-05
  1.925000E+00  1.506480E-04  1.850002E-05
  1.975000E+00  3.339401E-04  2.929170E-05
  2.025000E+00  2.722745E-04  3.854171E-05
  2.075000E+00  6.314237E-02  2.290919E-03
  2.125000E+00  4.837914E-02  4.100837E-03
  2.175000E+00  5.616788E-01  2.611432E-02
  2.225000E+00  1.762428E+00  9.840006E-02
  2.275000E+00  5.721365E+00  3.437257E-01
  2.325000E+00  1.132949E+01  8.511088E-01
  2.375000E+00  1.472319E+01  1.539140E+00
  2.425000E+00  1.532099E+01  2.285569E+00
  2.475000E+00  1.406480E+01  2.999345E+00
  2.525000E+00  9.484640E+00  3.500325E+00
  2.575000E+00  6.457566E+00  3.855057E+00
  2.625000E+00  5.120532E+00  4.147371E+00
  2.675000E+00  3.170557E+00  4.335328E+00
  2.725000E+00  2.552120E+00  4.492332E+00
  2.775000E+00  1.909292E+00  4.614139E+00
  2.825000E+00  1.538807E+00  4.715880E+00
  2.875000E+00  1.314671E+00  4.805906E+00
  2.925000E+00  1.141043E+00  4.886783E+00
  2.975000E+00  9.861532E-01  4.959092E+00
  3.025000E+00  9.651911E-01  5.032262E+00
  3.075000E+00  9.237659E-01  5.104627E+00
  3.125000E+00  9.083911E-01  5.178120E+00
  3.175000E+00  8.584449E-01  5.249812E+00
  3.225000E+00  9.662415E-01  5.333068E+00
  3.275000E+00  1.099966E+00  5.430808E+00
  3.325000E+00  9.652158E-01  5.519214E+00
  3.375000E+00  1.013564E+00  5.614860E+00
  3.425000E+00  1.083715E+00  5.720180E+00
  3.475000E+00  1.073666E+00  5.827591E+00
  3.525000E+00  1.139885E+00  5.944932E+00
  3.575000E+00  1.250070E+00  6.077292E+00
  3.625000E+00  1.309657E+00  6.219867E+00
  3.675000E+00  1.204791E+00  6.354668E+00
  3.725000E+00  1.241827E+00  6.497421E+00
  3.775000E+00  1.269492E+00  6.647297E+00
  3.825000E+00  1.240297E+00  6.797631E+00
  3.875000E+00  1.252765E+00  6.953472E+00
  3.925000E+00  1.381778E+00  7.129827E+00
  3.975000E+00  1.312928E+00  7.301691E+00
  4.025000E+00  1.287507E+00  7.474493E+00
  4.075000E+00  1.351114E+00  7.660366E+00
  4.125000E+00  1.374914E+00  7.854183E+00
  4.175000E+00  1.380848E+00  8.053584E+00
  4.225000E+00  1.366561E+00  8.255676E+00
  4.275000E+00  1.464832E+00  8.477459E+00
  4.325000E+00  1.435108E+00  8.699854E+00
  4.375000E+00  1.398469E+00  8.921611E+00
  4.425000E+00  1.446553E+00  9.156265E+00
  4.475000E+00  1.494037E+00  9.404130E+00
  4.525000E+00  1.447551E+00  9.649679E+00
  4.575000E+00  1.466637E+00  9.903994E+00
  4.625000E+00  1.586132E+00  1.018507E+01
  4.675000E+00  1.527540E+00  1.046166E+01
  4.725000E+00  1.462542E+00  1.073216E+01
  4.775000E+00  1.485491E+00  1.101276E+01
  4.825000E+00  1.507236E+00  1.130346E+01
  4.875000E+00  1.378012E+00  1.157477E+01
  4.925000E+00  1.409594E+00  1.185802E+01
  4.975000E+00  1.517896E+00  1.216926E+01
  5.025000E+00  1.531521E+00  1.248964E+01
  5.075000E+00  1.592364E+00  1.282941E+01
  5.125000E+00  1.584110E+00  1.317411E+01
  5.175000E+00  1.590788E+00  1.352704E+01
  5.225000E+00  1.650941E+00  1.390044E+01
  5.275000E+00  1.722522E+00  1.429752E+01
  5.325000E+00  1.727820E+00  1.470340E+01
  5.375000E+00  1.839811E+00  1.514375E+01
  5.425000E+00  1.698322E+00  1.555783E+01
  5.475000E+00  1.547939E+00  1.594224E+01
  5.525000E+00  1.502333E+00  1.632216E+01
  5.575000E+00  1.523483E+00  1.671444E+01
  5.625000E+00  1.467742E+00  1.709917E+01
  5.675000E+00  1.416049E+00  1.747699E+01
  5.725000E+00  1.426670E+00  1.786437E+01
  5.775000E+00  1.378057E+00  1.824512E+01
  5.825000E+00  1.293881E+00  1.860882E+01
  5.875000E+00  1.281263E+00  1.897519E+01
  5.925000E+00  1.248587E+00  1.933832E+01
  5.975000E+00  1.281212E+00  1.971725E+01
Zr      Zr      
  2.500000E-02  0.000000E+00  0.000000E+00
  7.500000E-02  0.000000E+00  0.000000E+00
  1.250000E-01  0.000000E+00  0.000000E+00
  1.750000E-01  0.000000E+00  0.000000E+00
  2.250000E-01  0.000000E+00  0.000000E+00
  2.750000E-01  0.000000E+00  0.000000E+00
  3.250000E-01  0.000000E+00  0.000000E+00
  3.750000E-01  0.000000E+00  0.000000E+00
  4.250000E-01  0.000000E+00  0.000000E+00
  4.750000E-01  0.000000E+00  0.000000E+00
  5.250000E-01  0.000000E+00  0.000000E+00
  5.750000E-01  0.000000E+00  0.000000E+00
  6.250000E-01  0.000000E+00  0.000000E+00
  6.750000E-01  0.000000E+00  0.000000E+00
  7.250000E-01  0.000000E+00  0.000000E+00
  7.750000E-01  0.000000E+00  0.000000E+00
  8.250000E-01  0.000000E+00  0.000000E+00
  8.750000E-01  0.000000E+00  0.000000E+00
  9.250000E-01  0.000000E+00  0.000000E+00
  9.750000E-01  0.000000E+00  0.000000E+00
  1.025000E+00  0.000000E+00  0.000000E+00
  1.075000E+00  0.000000E+00  0.000000E+00
  1.125000E+00  0.000000E+00  0.000000E+00
  1.175000E+00  0.000000E+00  0.000000E+00
  1.225000E+00  0.000000E+00  0.000000E+00
  1.275000E+00  0.000000E+00  0.000000E+00
  1.325000E+00  0.000000E+00  0.000000E+00
  1.375000E+00  0.000000E+00  0.000000E+00
  1.425000E+00  0.000000E+00  0.000000E+00
  1.475000E+00  0.000000E+00  0.000000E+00
  1.525000E+00  0.000000E+00  0.000000E+00
  1.575000E+00  0.000000E+00  0.000000E+00
  1.625000E+00  0.000000E+00  0.000000E+00
  1.675000E+00  0.000000E+00  0.000000E+00
  1.725000E+00  0.000000E+00  0.000000E+00
  1.775000E+00  0.000000E+00  0.000000E+00
  1.825000E+00  0.000000E+00  0.000000E+00
  1.875000E+00  0.000000E+00  0.000000E+00
  1.925000E+00  0.000000E+00  0.000000E+00
  1.975000E+00  0.000000E+00  0.000000E+00
  2.025000E+00  0.000000E+00  0.000000E+00
  2.075000E+00  0.000000E+00  0.000000E+00
  2.125000E+00  0.000000E+00  0.000000E+00
  2.175000E+00  0.000000E+00  0.000000E+00
  2.225000E+00  0.000000E+00  0.000000E+00
  2.275000E+00  0.000000E+00  0.000000E+00
  2.325000E+00  0.000000E+00  0.000000E+00
  2.375000E+00  0.000000E+00  0.000000E+00
  2.425000E+00  0.000000E+00  0.000000E+00
  2.475000E+00  0.000000E+00  0.000000E+00
  2.525000E+00  0.000000E+00  0.000000E+00
  2.575000E+00  0.000000E+00  0.000000E+00
  2.625000E+00  0.000000E+00  0.000000E+00
  2.675000E+00  0.000000E+00  0.000000E+00
  2.725000E+00  0.000000E+00  0.000000E+00
  2.775000E+00  0.000000E+00  0.000000E+00
  2.825000E+00  0.000000E+00  0.000000E+00
  2.875000E+00  4.061816E-04  4.635735E-06
  2.925000E+00  3.924141E-04  9.271471E-06
  2.975000E+00  4.172683E-03  6.026456E-05
  3.025000E+00  1.603348E-01  2.086081E-03
  3.075000E+00  1.871189E-01  4.529114E-03
  3.125000E+00  3.451686E-01  9.183392E-03
  3.175000E+00  1.192322E-01  1.084299E-02
  3.225000E+00  1.299608E+00  2.950646E-02
  3.275000E+00  1.022019E+00  4.464213E-02
  3.325000E+00  2.030705E+00  7.564130E-02
  3.375000E+00  1.251207E+00  9.531999E-02
  3.425000E+00  2.465374E+00  1.352522E-01
  3.475000E+00  1.798290E+00  1.652362E-01
  3.525000E+00  1.773847E+00  1.956698E-01
  3.575000E+00  1.966516E+00  2.303729E-01
  3.625000E+00  7.825840E-01  2.445721E-01
  3.675000E+00  1.204175E+00  2.670276E-01
  3.725000E+00  1.308532E+00  2.920977E-01
  3.775000E+00  1.767200E+00  3.268703E-01
  3.825000E+00  2.088693E+00  3.690648E-01
  3.875000E+00  1.508356E+00  4.003375E-01
  3.925000E+00  1.897537E+00  4.407008E-01
  3.975000E+00  9.432179E-01  4.612789E-01
  4.025000E+00  9.068738E-01  4.815648E-01
  4.075000E+00  7.832598E-01  4.995237E-01
  4.125000E+00  5.143926E-01  5.116090E-01
  4.175000E+00  6.535406E-01  5.273381E-01
  4.225000E+00  8.397884E-01  5.480367E-01
  4.275000E+00  8.331189E-01  5.690597E-01
  4.325000E+00  7.039429E-01  5.872411E-01
  4.375000E+00  8.040641E-01  6.084913E-01
  4.425000E+00  7.090082E-01  6.276600E-01
  4.475000E+00  6.629075E-01  6.459897E-01
  4.525000E+00  6.475189E-01  6.642963E-01
  4.575000E+00  6.573434E-01  6.832935E-01
  4.625000E+00  9.861574E-01  7.124198E-01
  4.675000E+00  6.823671E-01  7.330118E-01
  4.725000E+00  6.792807E-01  7.539514E-01
  4.775000E+00  7.383130E-01  7.771950E-01
  4.825000E+00  1.972852E-01  7.835366E-01
  4.875000E+00  2.746313E-01  7.925485E-01
  4.925000E+00  8.893318E-01  8.223331E-01
  4.975000E+00  7.855442E-01  8.491787E-01
  5.025000E+00  8.802158E-01  8.798672E-01
  5.075000E+00  7.324708E-01  9.059154E-01
  5.125000E+00  9.928166E-01  9.419212E-01
  5.175000E+00  1.029889E+00  9.800038E-01
  5.225000E+00  1.186379E+00  1.024725E+00
  5.275000E+00  9.348638E-01  1.060642E+00
  5.325000E+00  9.060235E-01  1.096115E+00
  5.375000E+00  1.575122E+00  1.158948E+00
  5.425000E+00  1.306999E+00  1.212059E+00
  5.475000E+00  1.031226E+00  1.254741E+00
  5.525000E+00  1.173556E+00  1.304204E+00
  5.575000E+00  1.150116E+00  1.353561E+00
  5.625000E+00  1.445015E+00  1.416690E+00
  5.675000E+00  1.682059E+00  1.491488E+00
  5.725000E+00  1.375410E+00  1.553732E+00
  5.775000E+00  1.362368E+00  1.616467E+00
  5.825000E+00  1.225387E+00  1.673876E+00
  5.875000E+00  8.767139E-01  1.715658E+00
  5.925000E+00  1.222819E+00  1.774930E+00
  5.975000E+00  7.360781E-01  1.811214E+00
Zr      O       
  2.500000E-02  0.000000E+00  0.000000E+00
  7.500000E-02  0.000000E+00  0.000000E+00
  1.250000E-01  0.000000E+00  0.000000E+00
  1.750000E-01  0.000000E+00  0.000000E+00
  2.250000E-01  0.000000E+00  0.000000E+00
  2.750000E-01  0.000000E+00  0.000000E+00
  3.250000E-01  0.000000E+00  0.000000E+00
  3.750000E-01  0.000000E+00  0.000000E+00
  4.250000E-01  0.000000E+00  0.000000E+00
  4.750000E-01  0.000000E+00  0.000000E+00
  5.250000E-01  0.000000E+00  0.000000E+00
  5.750000E-01  0.000000E+00  0.000000E+00
  6.250000E-01  0.000000E+00  0.000000E+00
  6.750000E-01  0.000000E+00  0.000000E+00
  7.250000E-01  0.000000E+00  0.000000E+00
  7.750000E-01  0.000000E+00  0.000000E+00
  8.250000E-01  0.000000E+00  0.000000E+00
  8.750000E-01  0.000000E+00  0.000000E+00
  9.250000E-01  0.000000E+00  0.000000E+00
  9.750000E-01  0.000000E+00  0.000000E+00
  1.025000E+00  0.000000E+00  0.000000E+00
  1.075000E+00  0.000000E+00  0.000000E+00
  1.125000E+00  2.205173E-04  2.312502E-06
  1.175000E+00  0.000000E+00  2.312502E-06
  1.225000E+00  0.000000E+00  2.312502E-06
  1.275000E+00  0.000000E+00  2.312502E-06
  1.325000E+00  0.000000E+00  2.312502E-06
  1.375000E+00  0.000000E+00  2.312502E-06
  1.425000E+00  1.374500E-04  4.625005E-06
  1.475000E+00  1.282902E-04  6.937507E-06
  1.525000E+00  0.000000E+00  6.937507E-06
  1.575000E+00  0.000000E+00  6.937507E-06
  1.625000E+00  1.057008E-04  9.250009E-06
  1.675000E+00  1.989699E-04  1.387501E-05
  1.725000E+00  2.814050E-04  2.081252E-05
  1.775000E+00  6.201429E-04  3.700004E-05
  1.825000E+00  3.603585E-03  1.364376E-04
  1.875000E+00  5.557621E-02  1.755189E-03
  1.925000E+00  3.927317E+00  1.223267E-01
  1.975000E+00  2.261423E+01  8.531330E-01
  2.025000E+00  2.982979E+01  1.866543E+00
  2.075000E+00  3.080615E+01  2.965442E+00
  2.125000E+00  1.732970E+01  3.613766E+00
  2.175000E+00  7.467665E+00  3.906441E+00
  2.225000E+00  4.313340E+00  4.083352E+00
  2.275000E+00  1.957158E+00  4.167273E+00
  2.325000E+00  1.454393E+00  4.232406E+00
  2.375000E+00  9.488305E-01  4.276746E+00
  2.425000E+00  8.249546E-01  4.316938E+00
  2.475000E+00  5.183744E-01  4.343245E+00
  2.525000E+00  4.292255E-01  4.365916E+00
  2.575000E+00  3.342080E-01  4.384275E+00
  2.625000E+00  3.810646E-01  4.406029E+00
  2.675000E+00  3.438597E-01  4.426414E+00
  2.725000E+00  3.395142E-01  4.447300E+00
  2.775000E+00  3.076349E-01  4.466927E+00
  2.825000E+00  3.447241E-01  4.489719E+00
  2.875000E+00  4.405987E-01  4.519890E+00
  2.925000E+00  3.966932E-01  4.548008E+00
  2.975000E+00  3.387188E-01  4.572844E+00
  3.025000E+00  3.932896E-01  4.602659E+00
  3.075000E+00  4.518067E-01  4.638052E+00
  3.125000E+00  5.221853E-01  4.680299E+00
  3.175000E+00  5.613868E-01  4.727183E+00
  3.225000E+00  8.179971E-01  4.797665E+00
  3.275000E+00  7.584680E-01  4.865061E+00
  3.325000E+00  9.592741E-01  4.952922E+00
  3.375000E+00  9.895813E-01  5.046306E+00
  3.425000E+00  1.279875E+00  5.170688E+00
  3.475000E+00  1.439259E+00  5.314674E+00
  3.525000E+00  1.315489E+00  5.450092E+00
  3.575000E+00  1.283646E+00  5.586007E+00
  3.625000E+00  1.421284E+00  5.740734E+00
  3.675000E+00  1.200272E+00  5.875030E+00
  3.725000E+00  1.449218E+00  6.041623E+00
  3.775000E+00  1.574169E+00  6.227469E+00
  3.825000E+00  1.612804E+00  6.422954E+00
  3.875000E+00  1.645978E+00  6.627710E+00
  3.925000E+00  1.621251E+00  6.834628E+00
  3.975000E+00  1.512089E+00  7.032562E+00
  4.025000E+00  1.462953E+00  7.228912E+00
  4.075000E+00  1.569651E+00  7.444849E+00
  4.125000E+00  1.277640E+00  7.624954E+00
  4.175000E+00  1.310782E+00  7.814237E+00
  4.225000E+00  1.224835E+00  7.995370E+00
  4.275000E+00  1.148546E+00  8.169266E+00
  4.325000E+00  1.124024E+00  8.343453E+00
  4.375000E+00  1.214140E+00  8.535980E+00
  4.425000E+00  1.010942E+00  8.699971E+00
  4.475000E+00  1.125734E+00  8.886734E+00
  4.525000E+00  1.071615E+00  9.068513E+00
  4.575000E+00  1.161718E+00  9.269955E+00
  4.625000E+00  1.325639E+00  9.504872E+00
  4.675000E+00  1.321089E+00  9.744073E+00
  4.725000E+00  1.412155E+00  1.000526E+01
  4.775000E+00  1.473147E+00  1.028353E+01
  4.825000E+00  1.511309E+00  1.057501E+01
  4.875000E+00  1.482240E+00  1.086684E+01
  4.925000E+00  1.437532E+00  1.115571E+01
  4.975000E+00  1.500980E+00  1.146348E+01
  5.025000E+00  1.454798E+00  1.176781E+01
  5.075000E+00  1.467143E+00  1.208086E+01
  5.125000E+00  1.544313E+00  1.241690E+01
  5.175000E+00  1.586285E+00  1.276884E+01
  5.225000E+00  1.495358E+00  1.310704E+01
  5.275000E+00  1.346113E+00  1.341735E+01
  5.325000E+00  1.466478E+00  1.376184E+01
  5.375000E+00  1.559148E+00  1.413502E+01
  5.425000E+00  1.638370E+00  1.453448E+01
  5.475000E+00  1.643773E+00  1.494268E+01
  5.525000E+00  1.596453E+00  1.534641E+01
  5.575000E+00  1.596676E+00  1.575753E+01
  5.625000E+00  1.528850E+00  1.615829E+01
  5.675000E+00  1.510219E+00  1.656122E+01
  5.725000E+00  1.478096E+00  1.696257E+01
  5.775000E+00  1.566131E+00  1.739528E+01
  5.825000E+00  1.467952E+00  1.780792E+01
  5.875000E+00  1.368088E+00  1.819912E+01
  5.925000E+00  1.395316E+00  1.860492E+01
  5.975000E+00  1.429678E+00  1.902776E+01
Zr      O_s     
  2.500000E-02  0.000000E+00  0.000000E+00
  7.500000E-02  0.000000E+00  0.000000E+00
  1.250000E-01  0.000000E+00  0.000000E+00
  1.750000E-01  0.000000E+00  0.000000E+00
  2.250000E-01  0.000000E+00  0.000000E+00
  2.750000E-01  0.000000E+00  0.000000E+00
  3.250000E-01  0.000000E+00  0.000000E+00
  3.750000E-01  0.000000E+00  0.000000E+00
  4.250000E-01  0.000000E+00  0.000000E+00
  4.750000E-01  0.000000E+00  0.000000E+00
  5.250000E-01  0.000000E+00  0.000000E+00
  5.750000E-01  8.437425E-04  2.312502E-06
  6.250000E-01  0.000000E+00  2.312502E-06
  6.750000E-01  0.000000E+00  2.312502E-06
  7.250000E-01  0.000000E+00  2.312502E-06
  7.750000E-01  0.000000E+00  2.312502E-06
  8.250000E-01  0.000000E+00  2.312502E-06
  8.750000E-01  0.000000E+00  2.312502E-06
  9.250000E-01  0.000000E+00  2.312502E-06
  9.750000E-01  0.000000E+00  2.312502E-06
  1.025000E+00  0.000000E+00  2.312502E-06
  1.075000E+00  0.000000E+00  2.312502E-06
  1.125000E+00  0.000000E+00  2.312502E-06
  1.175000E+00  0.000000E+00  2.312502E-06
  1.225000E+00  0.000000E+00  2.312502E-06
  1.275000E+00  0.000000E+00  2.312502E-06
  1.325000E+00  0.000000E+00  2.312502E-06
  1.375000E+00  0.000000E+00  2.312502E-06
  1.425000E+00  1.374500E-04  4.625005E-06
  1.475000E+00  1.282902E-04  6.937507E-06
  1.525000E+00  3.600492E-04  1.387501E-05
  1.575000E+00  1.012661E-03  3.468753E-05
  1.625000E+00  1.232471E-01  2.731065E-03
  1.675000E+00  5.207041E-01  1.483470E-02
  1.725000E+00  1.080689E+00  4.147704E-02
  1.775000E+00  7.644413E+00  2.410182E-01
  1.825000E+00  1.687450E+01  7.066545E-01
  1.875000E+00  2.052048E+01  1.304348E+00
  1.925000E+00  2.337062E+01  2.021844E+00
  1.975000E+00  2.278332E+01  2.758115E+00
  2.025000E+00  1.644600E+01  3.316836E+00
  2.075000E+00  9.197912E+00  3.644938E+00
  2.125000E+00  6.520737E+00  3.888887E+00
  2.175000E+00  3.228817E+00  4.015431E+00
  2.225000E+00  2.417493E+00  4.114584E+00
  2.275000E+00  1.855767E+00  4.194158E+00
  2.325000E+00  1.066603E+00  4.241925E+00
  2.375000E+00  7.942385E-01  4.279040E+00
  2.425000E+00  6.539356E-01  4.310900E+00
  2.475000E+00  5.337306E-01  4.337986E+00
  2.525000E+00  3.866707E-01  4.358410E+00
  2.575000E+00  3.967220E-01  4.380203E+00
  2.625000E+00  3.955261E-01  4.402782E+00
  2.675000E+00  3.877442E-01  4.425769E+00
  2.725000E+00  3.266583E-01  4.445864E+00
  2.775000E+00  2.961081E-01  4.464755E+00
  2.825000E+00  4.287016E-01  4.493099E+00
  2.875000E+00  4.520130E-01  4.524052E+00
  2.925000E+00  4.835096E-01  4.558324E+00
  2.975000E+00  5.563314E-01  4.599116E+00
  3.025000E+00  7.650434E-01  4.657114E+00
  3.075000E+00  7.377394E-01  4.714905E+00
  3.125000E+00  7.732310E-01  4.777463E+00
  3.175000E+00  7.482665E-01  4.839954E+00
  3.225000E+00  1.010694E+00  4.927041E+00
  3.275000E+00  1.151001E+00  5.029316E+00
  3.325000E+00  1.031155E+00  5.123760E+00
  3.375000E+00  1.279604E+00  5.244512E+00
  3.425000E+00  1.369583E+00  5.377613E+00
  3.475000E+00  1.118648E+00  5.489524E+00
  3.525000E+00  1.286937E+00  5.622003E+00
  3.575000E+00  1.610312E+00  5.792506E+00
  3.625000E+00  1.642987E+00  5.971369E+00
  3.675000E+00  1.390562E+00  6.126956E+00
  3.725000E+00  1.418721E+00  6.290043E+00
  3.775000E+00  1.393337E+00  6.454541E+00
  3.825000E+00  1.576401E+00  6.645614E+00
  3.875000E+00  1.530518E+00  6.836007E+00
  3.925000E+00  1.439010E+00  7.019666E+00
  3.975000E+00  1.242046E+00  7.182251E+00
  4.025000E+00  1.503960E+00  7.384104E+00
  4.075000E+00  1.364220E+00  7.571780E+00
  4.125000E+00  1.221159E+00  7.743923E+00
  4.175000E+00  1.163805E+00  7.911982E+00
  4.225000E+00  1.039675E+00  8.065733E+00
  4.275000E+00  1.174053E+00  8.243490E+00
  4.325000E+00  1.007598E+00  8.399635E+00
  4.375000E+00  9.699701E-01  8.553444E+00
  4.425000E+00  9.847112E-01  8.713180E+00
  4.475000E+00  1.100114E+00  8.895692E+00
  4.525000E+00  1.194240E+00  9.098272E+00
  4.575000E+00  1.223305E+00  9.310393E+00
  4.625000E+00  1.279392E+00  9.537116E+00
  4.675000E+00  1.413505E+00  9.793050E+00
  4.725000E+00  1.420919E+00  1.005586E+01
  4.775000E+00  1.462214E+00  1.033206E+01
  4.825000E+00  1.347225E+00  1.059190E+01
  4.875000E+00  1.609994E+00  1.090888E+01
  4.925000E+00  1.415839E+00  1.119339E+01
  4.975000E+00  1.433684E+00  1.148736E+01
  5.025000E+00  1.438481E+00  1.178828E+01
  5.075000E+00  1.419467E+00  1.209115E+01
  5.125000E+00  1.469443E+00  1.241090E+01
  5.175000E+00  1.481366E+00  1.273956E+01
  5.225000E+00  1.447640E+00  1.306698E+01
  5.275000E+00  1.361812E+00  1.338090E+01
  5.325000E+00  1.544404E+00  1.374370E+01
  5.375000E+00  1.567370E+00  1.411884E+01
  5.425000E+00  1.569086E+00  1.450142E+01
  5.475000E+00  1.492330E+00  1.487201E+01
  5.525000E+00  1.590088E+00  1.527413E+01
  5.575000E+00  1.659866E+00  1.570152E+01
  5.625000E+00  1.503195E+00  1.609555E+01
  5.675000E+00  1.536516E+00  1.650550E+01
  5.725000E+00  1.502870E+00  1.691357E+01
  5.775000E+00  1.476365E+00  1.732148E+01
  5.825000E+00  1.414849E+00  1.771920E+01
  5.875000E+00  1.490787E+00  1.814548E+01
  5.925000E+00  1.332763E+00  1.853309E+01
  5.975000E+00  1.382694E+00  1.894203E+01
O       O       
  2.500000E-02  0.000000E+00  0.000000E+00
  7.500000E-02  0.000000E+00  0.000000E+00
  1.250000E-01  0.000000E+00  0.000000E+00
  1.750000E-01  0.000000E+00  0.000000E+00
  2.250000E-01  0.000000E+00  0.000000E+00
  2.750000E-01  0.000000E+00  0.000000E+00
  3.250000E-01  0.000000E+00  0.000000E+00
  3.750000E-01  0.000000E+00  0.000000E+00
  4.250000E-01  0.000000E+00  0.000000E+00
  4.750000E-01  4.121710E-04  7.711316E-07
  5.250000E-01  0.000000E+00  7.711316E-07
  5.750000E-01  0.000000E+00  7.711316E-07
  6.250000E-01  2.381628E-04  1.542263E-06
  6.750000E-01  0.000000E+00  1.542263E-06
  7.250000E-01  0.000000E+00  1.542263E-06
  7.750000E-01  1.549214E-04  2.313395E-06
  8.250000E-01  0.000000E+00  2.313395E-06
  8.750000E-01  2.430867E-04  3.855658E-06
  9.250000E-01  1.087618E-04  4.626790E-06
  9.750000E-01  1.957903E-04  6.169053E-06
  1.025000E+00  0.000000E+00  6.169053E-06
  1.075000E+00  1.610647E-04  7.711316E-06
  1.125000E+00  1.470683E-04  9.253579E-06
  1.175000E+00  1.348200E-04  1.079584E-05
  1.225000E+00  6.202018E-05  1.156697E-05
  1.275000E+00  5.725184E-05  1.233811E-05
  1.325000E+00  5.301298E-05  1.310924E-05
  1.375000E+00  1.476840E-04  1.542263E-05
  1.425000E+00  9.166873E-05  1.696490E-05
  1.475000E+00  2.138996E-04  2.082055E-05
  1.525000E+00  1.600836E-04  2.390508E-05
  1.575000E+00  1.876022E-04  2.776074E-05
  1.625000E+00  2.819775E-04  3.392979E-05
  1.675000E+00  9.952333E-05  3.624319E-05
  1.725000E+00  4.691894E-04  4.781016E-05
  1.775000E+00  3.249621E-04  5.629261E-05
  1.825000E+00  4.750743E-04  6.940184E-05
  1.875000E+00  9.531027E-04  9.716258E-05
  1.925000E+00  1.205649E-03  1.341769E-04
  1.975000E+00  2.505517E-03  2.151457E-04
  2.025000E+00  5.606481E-03  4.056152E-04
  2.075000E+00  2.021249E-02  1.126623E-03
  2.125000E+00  8.098594E-02  4.156399E-03
  2.175000E+00  1.497903E-01  1.002702E-02
  2.225000E+00  4.838507E-01  2.987210E-02
  2.275000E+00  1.067564E+00  7.564801E-02
  2.325000E+00  4.010172E+00  2.552407E-01
  2.375000E+00  6.805794E+00  5.732831E-01
  2.425000E+00  7.197096E+00  9.239213E-01
  2.475000E+00  3.608384E+00  1.107043E+00
  2.525000E+00  9.929780E-01  1.159493E+00
  2.575000E+00  4.473409E-01  1.184066E+00
  2.625000E+00  3.962596E-01  1.206688E+00
  2.675000E+00  7.526338E-01  1.251305E+00
  2.725000E+00  1.116219E+00  1.319974E+00
  2.775000E+00  1.349724E+00  1.406082E+00
  2.825000E+00  1.593576E+00  1.511444E+00
  2.875000E+00  1.948162E+00  1.644850E+00
  2.925000E+00  2.139208E+00  1.796478E+00
  2.975000E+00  2.293544E+00  1.964650E+00
  3.025000E+00  2.371828E+00  2.144457E+00
  3.075000E+00  2.513907E+00  2.341387E+00
  3.125000E+00  2.537103E+00  2.546650E+00
  3.175000E+00  2.621546E+00  2.765586E+00
  3.225000E+00  2.650556E+00  2.993971E+00
  3.275000E+00  2.587174E+00  3.223861E+00
  3.325000E+00  2.553705E+00  3.457758E+00
  3.375000E+00  2.534651E+00  3.696945E+00
  3.425000E+00  2.536164E+00  3.943417E+00
  3.475000E+00  2.573625E+00  4.200887E+00
  3.525000E+00  2.500894E+00  4.458331E+00
  3.575000E+00  2.269311E+00  4.698611E+00
  3.625000E+00  2.134955E+00  4.931031E+00
  3.675000E+00  2.000515E+00  5.154865E+00
  3.725000E+00  1.908022E+00  5.374199E+00
  3.775000E+00  1.757833E+00  5.581729E+00
  3.825000E+00  1.796220E+00  5.799446E+00
  3.875000E+00  1.669109E+00  6.007079E+00
  3.925000E+00  1.597207E+00  6.210928E+00
  3.975000E+00  1.489398E+00  6.405892E+00
  4.025000E+00  1.449562E+00  6.600445E+00
  4.075000E+00  1.506837E+00  6.807740E+00
  4.125000E+00  1.534062E+00  7.023992E+00
  4.175000E+00  1.484311E+00  7.238333E+00
  4.225000E+00  1.525847E+00  7.463982E+00
  4.275000E+00  1.543282E+00  7.697642E+00
  4.325000E+00  1.434175E+00  7.919893E+00
  4.375000E+00  1.446598E+00  8.149281E+00
  4.425000E+00  1.459528E+00  8.386040E+00
  4.475000E+00  1.466529E+00  8.629341E+00
  4.525000E+00  1.423298E+00  8.870776E+00
  4.575000E+00  1.449112E+00  9.122053E+00
  4.625000E+00  1.378643E+00  9.366363E+00
  4.675000E+00  1.451218E+00  9.629126E+00
  4.725000E+00  1.323749E+00  9.873962E+00
  4.775000E+00  1.356673E+00  1.013023E+01
  4.825000E+00  1.298667E+00  1.038070E+01
  4.875000E+00  1.341312E+00  1.064479E+01
  4.925000E+00  1.353788E+00  1.091682E+01
  4.975000E+00  1.328910E+00  1.118931E+01
  5.025000E+00  1.304221E+00  1.146214E+01
  5.075000E+00  1.243185E+00  1.172740E+01
  5.125000E+00  1.336797E+00  1.201829E+01
  5.175000E+00  1.295815E+00  1.230578E+01
  5.225000E+00  1.209834E+00  1.257941E+01
  5.275000E+00  1.233753E+00  1.286382E+01
  5.325000E+00  1.220134E+00  1.315044E+01
  5.375000E+00  1.252849E+00  1.345031E+01
  5.425000E+00  1.316536E+00  1.377130E+01
  5.475000E+00  1.292659E+00  1.409231E+01
  5.525000E+00  1.257104E+00  1.441022E+01
  5.575000E+00  1.299605E+00  1.474485E+01
  5.625000E+00  1.305149E+00  1.508696E+01
  5.675000E+00  1.319313E+00  1.543897E+01
  5.725000E+00  1.255145E+00  1.577977E+01
  5.775000E+00  1.258950E+00  1.612761E+01
  5.825000E+00  1.213558E+00  1.646874E+01
  5.875000E+00  1.234040E+00  1.682161E+01
  5.925000E+00  1.253436E+00  1.718615E+01
  5.975000E+00  1.204924E+00  1.754252E+01
O       O_s     
  2.500000E-02  1.258076E+03  8.685373E-03
  7.500000E-02  1.283589E+03  7.071594E-02
  1.250000E-01  1.768287E+03  3.026626E-01
  1.750000E-01  1.338027E+03  6.444439E-01
  2.250000E-01  6.211244E+02  9.060153E-01
  2.750000E-01  1.366035E+02  9.918346E-01
  3.250000E-01  9.111332E+00  9.998231E-01
  3.750000E-01  7.696945E-02  9.999129E-01
  4.250000E-01  1.595075E-02  9.999368E-01
  4.750000E-01  7.210210E-03  9.999503E-01
  5.250000E-01  5.397233E-03  9.999626E-01
  5.750000E-01  3.234346E-03  9.999715E-01
  6.250000E-01  1.190355E-03  9.999753E-01
  6.750000E-01  1.020615E-03  9.999792E-01
  7.250000E-01  6.193239E-04  9.999819E-01
  7.750000E-01  2.322925E-04  9.999830E-01
  8.250000E-01  1.366649E-04  9.999838E-01
  8.750000E-01  1.214965E-04  9.999846E-01
  9.250000E-01  5.435991E-05  9.999850E-01
  9.750000E-01  1.467860E-04  9.999861E-01
  1.025000E+00  8.854501E-05  9.999869E-01
  1.075000E+00  1.207519E-04  9.999881E-01
  1.125000E+00  1.837644E-04  9.999900E-01
  1.175000E+00  1.684599E-04  9.999919E-01
  1.225000E+00  9.299438E-05  9.999931E-01
  1.275000E+00  8.584463E-05  9.999942E-01
  1.325000E+00  1.324813E-04  9.999961E-01
  1.375000E+00  4.920901E-05  9.999969E-01
  1.425000E+00  6.872502E-05  9.999981E-01
  1.475000E+00  1.282902E-04  1.000000E+00
  1.525000E+00  2.000273E-04  1.000004E+00
  1.575000E+00  2.250358E-04  1.000009E+00
  1.625000E+00  1.057008E-04  1.000011E+00
  1.675000E+00  1.658082E-04  1.000015E+00
  1.725000E+00  2.657714E-04  1.000022E+00
  1.775000E+00  1.919490E-04  1.000027E+00
  1.825000E+00  5.307605E-04  1.000041E+00
  1.875000E+00  1.204151E-03  1.000076E+00
  1.925000E+00  2.613742E-02  1.000879E+00
  1.975000E+00  8.484464E-02  1.003621E+00
  2.025000E+00  8.965774E-02  1.006667E+00
  2.075000E+00  1.615943E-01  1.012431E+00
  2.125000E+00  1.728194E-01  1.018896E+00
  2.175000E+00  8.590984E-01  1.052566E+00
  2.225000E+00  3.341586E+00  1.189621E+00
  2.275000E+00  7.800264E+00  1.524087E+00
  2.325000E+00  9.443957E+00  1.947028E+00
  2.375000E+00  3.570370E+00  2.113876E+00
  2.425000E+00  6.470689E-01  2.145401E+00
  2.475000E+00  2.474384E-01  2.157958E+00
  2.525000E+00  2.772118E-01  2.172600E+00
  2.575000E+00  4.867394E-01  2.199338E+00
  2.625000E+00  7.130529E-01  2.240044E+00
  2.675000E+00  1.075717E+00  2.303815E+00
  2.725000E+00  1.555035E+00  2.399479E+00
  2.775000E+00  1.966702E+00  2.524948E+00
  2.825000E+00  1.979721E+00  2.655841E+00
  2.875000E+00  2.125474E+00  2.801389E+00
  2.925000E+00  2.369028E+00  2.969306E+00
  2.975000E+00  2.334137E+00  3.140455E+00
  3.025000E+00  2.469009E+00  3.327629E+00
  3.075000E+00  2.662467E+00  3.536197E+00
  3.125000E+00  2.681727E+00  3.753160E+00
  3.175000E+00  2.651810E+00  3.974624E+00
  3.225000E+00  2.570048E+00  4.196072E+00
  3.275000E+00  2.601530E+00  4.427238E+00
  3.325000E+00  2.479821E+00  4.654368E+00
  3.375000E+00  2.460847E+00  4.886589E+00
  3.425000E+00  2.449574E+00  5.124647E+00
  3.475000E+00  2.471313E+00  5.371881E+00
  3.525000E+00  2.261283E+00  5.604660E+00
  3.575000E+00  2.103315E+00  5.827363E+00
  3.625000E+00  2.038868E+00  6.049323E+00
  3.675000E+00  1.887347E+00  6.260495E+00
  3.725000E+00  1.759997E+00  6.462813E+00
  3.775000E+00  1.661007E+00  6.658912E+00
  3.825000E+00  1.671665E+00  6.861531E+00
  3.875000E+00  1.547654E+00  7.054056E+00
  3.925000E+00  1.465588E+00  7.241107E+00
  3.975000E+00  1.462150E+00  7.432504E+00
  4.025000E+00  1.517945E+00  7.636235E+00
  4.075000E+00  1.554909E+00  7.850143E+00
  4.125000E+00  1.494228E+00  8.060779E+00
  4.175000E+00  1.469088E+00  8.272923E+00
  4.225000E+00  1.450179E+00  8.487381E+00
  4.275000E+00  1.439414E+00  8.705316E+00
  4.325000E+00  1.435934E+00  8.927838E+00
  4.375000E+00  1.475992E+00  9.161888E+00
  4.425000E+00  1.479837E+00  9.401941E+00
  4.475000E+00  1.473916E+00  9.646468E+00
  4.525000E+00  1.473003E+00  9.896335E+00
  4.575000E+00  1.429049E+00  1.014413E+01
  4.625000E+00  1.461782E+00  1.040318E+01
  4.675000E+00  1.436782E+00  1.066332E+01
  4.725000E+00  1.403172E+00  1.092285E+01
  4.775000E+00  1.412508E+00  1.118966E+01
  4.825000E+00  1.452947E+00  1.146989E+01
  4.875000E+00  1.391525E+00  1.174386E+01
  4.925000E+00  1.364872E+00  1.201813E+01
  4.975000E+00  1.349660E+00  1.229487E+01
  5.025000E+00  1.373893E+00  1.258227E+01
  5.075000E+00  1.336521E+00  1.286745E+01
  5.125000E+00  1.274538E+00  1.314479E+01
  5.175000E+00  1.293249E+00  1.343171E+01
  5.225000E+00  1.304691E+00  1.372680E+01
  5.275000E+00  1.231975E+00  1.401079E+01
  5.325000E+00  1.226816E+00  1.429899E+01
  5.375000E+00  1.246325E+00  1.459729E+01
  5.425000E+00  1.219314E+00  1.489458E+01
  5.475000E+00  1.324009E+00  1.522338E+01
  5.525000E+00  1.335747E+00  1.556117E+01
  5.575000E+00  1.278094E+00  1.589026E+01
  5.625000E+00  1.276988E+00  1.622500E+01
  5.675000E+00  1.256683E+00  1.656029E+01
  5.725000E+00  1.233844E+00  1.689531E+01
  5.775000E+00  1.203659E+00  1.722788E+01
  5.825000E+00  1.201352E+00  1.756557E+01
  5.875000E+00  1.214668E+00  1.791290E+01
  5.925000E+00  1.241377E+00  1.827393E+01
  5.975000E+00  1.228213E+00  1.863719E+01
O_s     O_s     
  2.500000E-02  0.000000E+00  0.000000E+00
  7.500000E-02  0.000000E+00  0.000000E+00
  1.250000E-01  0.000000E+00  0.000000E+00
  1.750000E-01  0.000000E+00  0.000000E+00
  2.250000E-01  0.000000E+00  0.000000E+00
  2.750000E-01  1.227454E-03  7.711316E-07
  3.250000E-01  0.000000E+00  7.711316E-07
  3.750000E-01  0.000000E+00  7.711316E-07
  4.250000E-01  0.000000E+00  7.711316E-07
  4.750000E-01  0.000000E+00  7.711316E-07
  5.250000E-01  0.000000E+00  7.711316E-07
  5.750000E-01  2.813560E-04  1.542263E-06
  6.250000E-01  2.381628E-04  2.313395E-06
  6.750000E-01  0.000000E+00  2.313395E-06
  7.250000E-01  0.000000E+00  2.313395E-06
  7.750000E-01  0.000000E+00  2.313395E-06
  8.250000E-01  1.367177E-04  3.084526E-06
  8.750000E-01  0.000000E+00  3.084526E-06
  9.250000E-01  0.000000E+00  3.084526E-06
  9.750000E-01  0.000000E+00  3.084526E-06
  1.025000E+00  0.000000E+00  3.084526E-06
  1.075000E+00  0.000000E+00  3.084526E-06
  1.125000E+00  0.000000E+00  3.084526E-06
  1.175000E+00  0.000000E+00  3.084526E-06
  1.225000E+00  0.000000E+00  3.084526E-06
  1.275000E+00  0.000000E+00  3.084526E-06
  1.325000E+00  0.000000E+00  3.084526E-06
  1.375000E+00  0.000000E+00  3.084526E-06
  1.425000E+00  4.583436E-05  3.855658E-06
  1.475000E+00  4.277991E-05  4.626790E-06
  1.525000E+00  4.002091E-05  5.397921E-06
  1.575000E+00  7.504088E-05  6.940184E-06
  1.625000E+00  2.114831E-04  1.156697E-05
  1.675000E+00  3.317444E-05  1.233811E-05
  1.725000E+00  5.317479E-04  2.544734E-05
  1.775000E+00  4.726722E-04  3.778545E-05
  1.825000E+00  5.633822E-02  1.592387E-03
  1.875000E+00  1.738354E-01  6.655637E-03
  1.925000E+00  6.322121E-02  8.596575E-03
  1.975000E+00  1.196444E-01  1.246303E-02
  2.025000E+00  1.970440E-01  1.915722E-02
  2.075000E+00  9.838837E-01  5.425374E-02
  2.125000E+00  3.537369E+00  1.865907E-01
  2.175000E+00  9.680432E+00  5.659890E-01
  2.225000E+00  8.401291E+00  9.105669E-01
  2.275000E+00  3.738001E+00  1.070848E+00
  2.325000E+00  1.133772E+00  1.121623E+00
  2.375000E+00  4.424370E-01  1.142299E+00
  2.425000E+00  2.797128E-01  1.155926E+00
  2.475000E+00  4.916338E-01  1.180876E+00
  2.525000E+00  4.633051E-01  1.205348E+00
  2.575000E+00  9.342261E-01  1.256668E+00
  2.625000E+00  1.550458E+00  1.345178E+00
  2.675000E+00  1.757841E+00  1.449387E+00
  2.725000E+00  2.002636E+00  1.572586E+00
  2.775000E+00  1.852614E+00  1.690778E+00
  2.825000E+00  2.096400E+00  1.829385E+00
  2.875000E+00  2.183821E+00  1.978928E+00
  2.925000E+00  2.315345E+00  2.143040E+00
  2.975000E+00  2.542318E+00  2.329454E+00
  3.025000E+00  2.665248E+00  2.531505E+00
  3.075000E+00  2.692799E+00  2.742449E+00
  3.125000E+00  2.777399E+00  2.967152E+00
  3.175000E+00  2.734407E+00  3.195514E+00
  3.225000E+00  2.645419E+00  3.423457E+00
  3.275000E+00  2.508166E+00  3.646326E+00
  3.325000E+00  2.407808E+00  3.866860E+00
  3.375000E+00  2.406446E+00  4.093949E+00
  3.425000E+00  2.406121E+00  4.327783E+00
  3.475000E+00  2.096562E+00  4.537527E+00
  3.525000E+00  1.952702E+00  4.738540E+00
  3.575000E+00  2.010898E+00  4.951458E+00
  3.625000E+00  1.921638E+00  5.160656E+00
  3.675000E+00  1.708667E+00  5.351835E+00
  3.725000E+00  1.659785E+00  5.542633E+00
  3.775000E+00  1.566148E+00  5.727533E+00
  3.825000E+00  1.552071E+00  5.915657E+00
  3.875000E+00  1.484319E+00  6.100303E+00
  3.925000E+00  1.455831E+00  6.286108E+00
  3.975000E+00  1.486870E+00  6.480741E+00
  4.025000E+00  1.421512E+00  6.671529E+00
  4.075000E+00  1.570918E+00  6.887640E+00
  4.125000E+00  1.421013E+00  7.087956E+00
  4.175000E+00  1.391517E+00  7.288897E+00
  4.225000E+00  1.412517E+00  7.497786E+00
  4.275000E+00  1.470353E+00  7.720405E+00
  4.325000E+00  1.522953E+00  7.956413E+00
  4.375000E+00  1.444954E+00  8.185540E+00
  4.425000E+00  1.514462E+00  8.431211E+00
  4.475000E+00  1.433319E+00  8.669002E+00
  4.525000E+00  1.528337E+00  8.928255E+00
  4.575000E+00  1.525919E+00  9.192850E+00
  4.625000E+00  1.430721E+00  9.446389E+00
  4.675000E+00  1.495153E+00  9.717107E+00
  4.725000E+00  1.441059E+00  9.983640E+00
  4.775000E+00  1.488297E+00  1.026477E+01
  4.825000E+00  1.517465E+00  1.055744E+01
  4.875000E+00  1.497872E+00  1.085235E+01
  4.925000E+00  1.383675E+00  1.113039E+01
  4.975000E+00  1.390793E+00  1.141557E+01
  5.025000E+00  1.402922E+00  1.170905E+01
  5.075000E+00  1.367915E+00  1.200092E+01
  5.125000E+00  1.301883E+00  1.228421E+01
  5.175000E+00  1.282659E+00  1.256879E+01
  5.225000E+00  1.271052E+00  1.285626E+01
  5.275000E+00  1.237827E+00  1.314161E+01
  5.325000E+00  1.247258E+00  1.343460E+01
  5.375000E+00  1.261229E+00  1.373647E+01
  5.425000E+00  1.265578E+00  1.404504E+01
  5.475000E+00  1.254163E+00  1.435649E+01
  5.525000E+00  1.265173E+00  1.467644E+01
  5.575000E+00  1.276294E+00  1.500507E+01
  5.625000E+00  1.284321E+00  1.534173E+01
  5.675000E+00  1.281330E+00  1.568359E+01
  5.725000E+00  1.213511E+00  1.601310E+01
  5.775000E+00  1.174330E+00  1.633756E+01
  5.825000E+00  1.200168E+00  1.667492E+01
  5.875000E+00  1.213224E+00  1.702183E+01
  5.925000E+00  1.228875E+00  1.737923E+01
  5.975000E+00  1.226838E+00  1.774208E+01
