title: #Li56 La24 Zr16 O96                                                     
energy unitS: electron Volts
         0  0.000000E+00        52
 -1.163304E+05  7.000000E+02 -1.167994E+05  1.362317E+04 -1.304225E+05
  0.000000E+00  0.000000E+00  0.000000E+00  0.000000E+00 -1.163304E+05
  0.000000E+00  3.377908E+04 -9.662661E+04  1.304057E+05  0.000000E+00
  0.000000E+00  0.000000E+00  0.000000E+00  6.008194E+04  0.000000E+00
  0.000000E+00  0.000000E+00  9.000000E+01  9.000000E+01  9.000000E+01
  0.000000E+00 -2.881025E+02  0.000000E+00 -3.016338E+02 -1.110583E-01
 -3.545322E-02 -1.110583E-01 -3.013999E+02 -6.017385E-02 -3.545322E-02
 -6.017385E-02 -2.612738E+02  0.000000E+00  0.000000E+00  0.000000E+00
  0.000000E+00  0.000000E+00  3.970821E+01  0.000000E+00  0.000000E+00
  0.000000E+00  3.970821E+01  0.000000E+00  0.000000E+00  0.000000E+00
  3.810512E+01 -1.094705E+04
      1000  5.000000E-01        52
  4.419233E+05  7.000000E+02 -1.025506E+05  1.715895E+04 -1.392247E+05
  0.000000E+00  0.000000E+00  0.000000E+00  0.000000E+00 -1.020816E+05
  0.000000E+00  7.536649E+04 -1.027320E+05  1.390682E+05  0.000000E+00
  0.000000E+00  0.000000E+00  0.000000E+00  8.727771E+04  5.138730E+00
  1.951514E+04  3.903027E+04  9.000000E+01  9.000000E+01  9.000000E+01
  0.000000E+00 -4.494785E+02  5.440050E+05 -6.735487E+02  3.030876E+02
 -4.319773E+01  3.030876E+02 -4.716455E+02  3.751418E+01 -4.319773E+01
  3.751418E+01 -2.032413E+02  2.388271E+00  6.801634E-01  7.057567E-01
  1.599908E+00  1.960379E+03  4.497109E+01  0.000000E+00  0.000000E+00
  0.000000E+00  4.497109E+01  0.000000E+00  0.000000E+00  0.000000E+00
  4.315553E+01 -2.480952E+04
      2000  1.000000E+00        52
  3.488409E+06  7.397098E+02 -1.203986E+05  2.355849E+04 -1.454534E+05
  0.000000E+00  0.000000E+00  0.000000E+00  0.000000E+00 -1.199029E+05
  0.000000E+00  1.045724E+04 -1.362969E+05  1.437615E+05  0.000000E+00
  0.000000E+00  0.000000E+00  0.000000E+00  1.666828E+05  6.632251E+01
  1.496336E+03  2.992671E+03  9.000000E+01  9.000000E+01  9.000000E+01
  0.000000E+00 -2.993316E+01  3.608312E+06 -2.854231E+01 -1.833009E-01
  4.232553E-01 -1.833009E-01 -3.022655E+01 -2.889785E-02  4.232553E-01
 -2.889785E-02 -3.103061E+01  6.393208E+00  2.832233E+00  2.452975E+00
  6.350795E+00  4.537398E+03  5.579508E+01  0.000000E+00  0.000000E+00
  0.000000E+00  5.579508E+01  0.000000E+00  0.000000E+00  0.000000E+00
  5.354254E+01 -3.155363E+03
      3000  1.500000E+00        52
  3.486757E+06  7.025245E+02 -1.220258E+05  2.483180E+04 -1.485208E+05
  0.000000E+00  0.000000E+00  0.000000E+00  0.000000E+00 -1.215550E+05
  0.000000E+00  4.580191E+03 -1.457418E+05  1.469956E+05  0.000000E+00
  0.000000E+00  0.000000E+00  0.000000E+00  1.625591E+05  4.239849E+00
  1.663180E+03  3.326360E+03  9.000000E+01  9.000000E+01  9.000000E+01
  0.000000E+00 -1.179852E+01  3.608312E+06 -1.073881E+01  7.322388E-01
 -1.414436E+00  7.322388E-01 -1.196680E+01  3.918508E-01 -1.414436E+00
  3.918508E-01 -1.268996E+01  1.202285E+01  9.509988E+00  7.950895E+00
  1.253823E+01  4.542100E+03  5.533111E+01  0.000000E+00  0.000000E+00
  0.000000E+00  5.533111E+01  0.000000E+00  0.000000E+00  0.000000E+00
  5.309729E+01 -1.212955E+03
      4000  2.000000E+00        52
  3.486389E+06  7.000000E+02 -1.223924E+05  2.474267E+04 -1.487893E+05
  0.000000E+00  0.000000E+00  0.000000E+00  0.000000E+00 -1.219234E+05
  0.000000E+00  4.491309E+03 -1.461367E+05  1.473196E+05  0.000000E+00
  0.000000E+00  0.000000E+00  0.000000E+00  1.597294E+05  2.326257E-02
  1.654209E+03  3.308418E+03  9.000000E+01  9.000000E+01  9.000000E+01
  0.000000E+00 -1.172541E+01  3.608312E+06 -1.175064E+01 -4.033901E-01
 -1.291166E+00 -4.033901E-01 -1.080330E+01  3.309599E-01 -1.291166E+00
  3.309599E-01 -1.262228E+01  1.670013E+01  1.440462E+01  1.229923E+01
  1.736768E+01  4.548348E+03  5.500818E+01  0.000000E+00  0.000000E+00
  0.000000E+00  5.500818E+01  0.000000E+00  0.000000E+00  0.000000E+00
  5.278740E+01 -1.184456E+03
      5000  2.500000E+00        52
  3.486180E+06  6.998655E+02 -1.226006E+05  2.473510E+04 -1.489689E+05
  0.000000E+00  0.000000E+00  0.000000E+00  0.000000E+00 -1.221316E+05
  0.000000E+00  4.292257E+03 -1.465583E+05  1.475842E+05  0.000000E+00
  0.000000E+00  0.000000E+00  0.000000E+00  1.572134E+05  3.501356E-01
  1.633198E+03  3.266396E+03  9.000000E+01  9.000000E+01  9.000000E+01
  0.000000E+00 -1.124631E+01  3.608312E+06 -1.059006E+01  4.365885E-01
 -9.596335E-01  4.365885E-01 -1.131110E+01  4.863566E-01 -9.596335E-01
  4.863566E-01 -1.183778E+01  2.026101E+01  1.778095E+01  1.575063E+01
  2.111650E+01  4.556563E+03  5.471783E+01  0.000000E+00  0.000000E+00
  0.000000E+00  5.471783E+01  0.000000E+00  0.000000E+00  0.000000E+00
  5.250877E+01 -1.118165E+03
      6000  3.000000E+00        52
  3.486031E+06  7.005177E+02 -1.227499E+05  2.471142E+04 -1.490577E+05
  0.000000E+00  0.000000E+00  0.000000E+00  0.000000E+00 -1.222805E+05
  0.000000E+00  4.146002E+03 -1.467911E+05  1.477442E+05  0.000000E+00
  0.000000E+00  0.000000E+00  0.000000E+00  1.547601E+05  1.797532E+00
  1.596417E+03  3.192835E+03  9.000000E+01  9.000000E+01  9.000000E+01
  0.000000E+00 -1.092351E+01  3.608312E+06 -1.050660E+01  3.872566E-01
 -1.319412E+00  3.872566E-01 -1.020353E+01  7.261064E-01 -1.319412E+00
  7.261064E-01 -1.206040E+01  2.248621E+01  2.035659E+01  1.748079E+01
  2.344486E+01  4.554934E+03  5.443171E+01  0.000000E+00  0.000000E+00
  0.000000E+00  5.443171E+01  0.000000E+00  0.000000E+00  0.000000E+00
  5.223421E+01 -1.069122E+03
      7000  3.500000E+00        52
  3.485941E+06  7.000000E+02 -1.228398E+05  2.482545E+04 -1.492615E+05
  0.000000E+00  0.000000E+00  0.000000E+00  0.000000E+00 -1.223707E+05
  0.000000E+00  3.680657E+03 -1.475243E+05  1.480125E+05  0.000000E+00
  0.000000E+00  0.000000E+00  0.000000E+00  1.525574E+05  2.328226E-02
  1.596234E+03  3.192467E+03  9.000000E+01  9.000000E+01  9.000000E+01
  0.000000E+00 -9.475890E+00  3.608312E+06 -9.212218E+00 -2.010190E-01
 -4.414715E-01 -2.010190E-01 -8.356453E+00  1.425761E-01 -4.414715E-01
  1.425761E-01 -1.085900E+01  2.420137E+01  2.268923E+01  1.944145E+01
  2.545997E+01  4.556032E+03  5.417224E+01  0.000000E+00  0.000000E+00
  0.000000E+00  5.417224E+01  0.000000E+00  0.000000E+00  0.000000E+00
  5.198521E+01 -9.142383E+02
      8000  4.000000E+00        52
  3.485860E+06  6.995297E+02 -1.229206E+05  2.485809E+04 -1.493761E+05
  0.000000E+00  0.000000E+00  0.000000E+00  0.000000E+00 -1.224519E+05
  0.000000E+00  3.516730E+03 -1.478431E+05  1.481651E+05  0.000000E+00
  0.000000E+00  0.000000E+00  0.000000E+00  1.505549E+05  3.744924E-01
  1.597329E+03  3.194658E+03  9.000000E+01  9.000000E+01  9.000000E+01
  0.000000E+00 -9.030248E+00  3.608312E+06 -8.109058E+00 -7.816200E-03
 -7.521779E-01 -7.816200E-03 -8.891420E+00 -6.230386E-01 -7.521779E-01
 -6.230386E-01 -1.009027E+01  2.569575E+01  2.459076E+01  2.101797E+01
  2.685099E+01  4.553637E+03  5.393416E+01  0.000000E+00  0.000000E+00
  0.000000E+00  5.393416E+01  0.000000E+00  0.000000E+00  0.000000E+00
  5.175674E+01 -8.598061E+02
      9000  4.500000E+00        52
  3.485800E+06  7.005378E+02 -1.229817E+05  2.482469E+04 -1.493968E+05
  0.000000E+00  0.000000E+00  0.000000E+00  0.000000E+00 -1.225123E+05
  0.000000E+00  3.641225E+03 -1.478032E+05  1.482637E+05  0.000000E+00
  0.000000E+00  0.000000E+00  0.000000E+00  1.485353E+05  1.944852E+00
  1.590365E+03  3.180729E+03  9.000000E+01  9.000000E+01  9.000000E+01
  0.000000E+00 -9.590002E+00  3.608312E+06 -9.482951E+00 -2.749760E-01
 -1.054959E+00 -2.749760E-01 -8.459751E+00 -1.242512E-01 -1.054959E+00
 -1.242512E-01 -1.082730E+01  2.734749E+01  2.608201E+01  2.221559E+01
  2.841570E+01  4.555468E+03  5.369191E+01  0.000000E+00  0.000000E+00
  0.000000E+00  5.369191E+01  0.000000E+00  0.000000E+00  0.000000E+00
  5.152428E+01 -9.008540E+02
     10000  5.000000E+00        52
  3.504619E+06  7.000000E+02 -1.212692E+05  2.272939E+04 -1.463334E+05
  0.000000E+00  0.000000E+00  0.000000E+00  0.000000E+00 -1.208001E+05
  0.000000E+00  1.308343E+04 -1.350766E+05  1.434902E+05  0.000000E+00
  0.000000E+00  0.000000E+00  0.000000E+00  1.989926E+05  9.662921E-02
  2.334869E+03  4.669738E+03  9.000000E+01  9.000000E+01  9.000000E+01
  0.000000E+00 -3.216998E+01  3.625419E+06 -2.802302E+01  1.028001E+00
  3.778812E+00  1.028001E+00 -2.755412E+01 -3.967765E+00  3.778812E+00
 -3.967765E+00 -4.093280E+01  2.868483E+01  2.693261E+01  2.268832E+01
  3.206939E+01  5.734717E+03  5.918949E+01  0.000000E+00  0.000000E+00
  0.000000E+00  5.918949E+01  0.000000E+00  0.000000E+00  0.000000E+00
  5.679991E+01 -4.048495E+03
     11000  5.500000E+00        52
  6.737227E+06  1.787228E-01 -1.225236E+05  2.305936E+04 -1.467916E+05
  0.000000E+00  0.000000E+00  0.000000E+00  0.000000E+00 -1.225233E+05
  0.000000E+00  9.208298E+03 -1.370175E+05  1.438086E+05  0.000000E+00
  0.000000E+00  0.000000E+00  0.000000E+00  2.018293E+05  1.711902E-04
  1.208607E+03  2.417214E+03  9.000000E+01  9.000000E+01  9.000000E+01
  0.000000E+00 -2.404676E+01  6.859750E+06 -2.293417E+01 -6.751556E-01
 -8.394677E-01 -6.751556E-01 -2.456749E+01 -4.321992E-01 -8.394677E-01
 -4.321992E-01 -2.463860E+01  1.289348E-02  5.066226E-03  4.253378E-03
  2.649796E-02  4.024625E+02  5.946943E+01  0.000000E+00  0.000000E+00
  0.000000E+00  5.946943E+01  0.000000E+00  0.000000E+00  0.000000E+00
  5.706854E+01 -3.069353E+03
     12000  6.000000E+00        52
  6.737227E+06  1.841237E-01 -1.227588E+05  2.401480E+04 -1.480525E+05
  0.000000E+00  0.000000E+00  0.000000E+00  0.000000E+00 -1.227586E+05
  0.000000E+00  5.384207E+03 -1.426728E+05  1.454993E+05  0.000000E+00
  0.000000E+00  0.000000E+00  0.000000E+00  1.902802E+05  8.647393E-04
  1.278839E+03  2.557678E+03  9.000000E+01  9.000000E+01  9.000000E+01
  0.000000E+00 -1.491355E+01  6.859986E+06 -1.363306E+01 -8.747433E-01
 -7.604048E-01 -8.747433E-01 -1.531958E+01 -2.176910E-01 -7.604048E-01
 -2.176910E-01 -1.578800E+01  1.944634E-02  8.315202E-03  6.822002E-03
  3.634891E-02  4.022937E+02  5.831275E+01  0.000000E+00  0.000000E+00
  0.000000E+00  5.831275E+01  0.000000E+00  0.000000E+00  0.000000E+00
  5.595856E+01 -1.794654E+03
     13000  6.500000E+00        52
  4.022933E+15  0.000000E+00 -1.094638E+05  2.360510E+04 -1.477450E+05
  0.000000E+00  0.000000E+00  0.000000E+00  0.000000E+00 -1.094637E+05
  0.000000E+00  3.386747E+04 -1.408258E+05  1.453411E+05  0.000000E+00
  0.000000E+00  0.000000E+00  0.000000E+00  1.864341E+05  0.000000E+00
  1.467611E+04  2.935222E+04  9.000000E+01  9.000000E+01  9.000000E+01
  0.000000E+00 -9.574809E+01  4.022933E+15 -3.362129E+01 -3.912571E+01
  5.389884E-01 -3.912571E+01 -2.199394E+02 -2.717723E+00  5.389884E-01
 -2.717723E+00 -3.368360E+01  3.034448E-02  1.206245E-02  1.039613E-02
  5.472113E-02  5.690969E+02  5.791718E+01  0.000000E+00  0.000000E+00
  0.000000E+00  5.791718E+01  0.000000E+00  0.000000E+00  0.000000E+00
  5.557896E+01 -1.128916E+04
     14000  7.000000E+00        52
  4.022971E+15  0.000000E+00 -1.228786E+05  2.376403E+04 -1.480064E+05
  0.000000E+00  0.000000E+00  0.000000E+00  0.000000E+00 -1.228785E+05
  0.000000E+00  6.800296E+03 -1.415336E+05  1.456063E+05  0.000000E+00
  0.000000E+00  0.000000E+00  0.000000E+00  1.864341E+05  0.000000E+00
  1.363834E+03  2.727668E+03  9.000000E+01  9.000000E+01  9.000000E+01
  0.000000E+00 -1.922539E+01  4.022971E+15 -1.791754E+01 -9.187934E-01
 -8.444709E-01 -9.187934E-01 -1.948889E+01 -2.129681E-01 -8.444709E-01
 -2.129681E-01 -2.026974E+01  3.034448E-02  1.206245E-02  1.039613E-02
  5.472113E-02  5.690969E+02  5.791718E+01  0.000000E+00  0.000000E+00
  0.000000E+00  5.791718E+01  0.000000E+00  0.000000E+00  0.000000E+00
  5.557896E+01 -2.266765E+03
     15000  7.500000E+00        52
  4.022971E+15  0.000000E+00 -1.228887E+05  2.377197E+04 -1.480160E+05
  0.000000E+00  0.000000E+00  0.000000E+00  0.000000E+00 -1.228886E+05
  0.000000E+00  6.776061E+03 -1.415519E+05  1.456174E+05  0.000000E+00
  0.000000E+00  0.000000E+00  0.000000E+00  1.864341E+05  0.000000E+00
  1.355278E+03  2.710555E+03  9.000000E+01  9.000000E+01  9.000000E+01
  0.000000E+00 -1.915688E+01  4.022971E+15 -1.780144E+01 -8.576198E-01
 -8.363704E-01 -8.576198E-01 -1.943413E+01 -2.191085E-01 -8.363704E-01
 -2.191085E-01 -2.023506E+01  3.034448E-02  1.206245E-02  1.039613E-02
  5.472113E-02  5.690969E+02  5.791718E+01  0.000000E+00  0.000000E+00
  0.000000E+00  5.791718E+01  0.000000E+00  0.000000E+00  0.000000E+00
  5.557896E+01 -2.258687E+03
     16000  8.000000E+00        52
  4.022971E+15  0.000000E+00 -1.228953E+05  2.376138E+04 -1.480084E+05
  0.000000E+00  0.000000E+00  0.000000E+00  0.000000E+00 -1.228951E+05
  0.000000E+00  6.825051E+03 -1.414893E+05  1.456109E+05  0.000000E+00
  0.000000E+00  0.000000E+00  0.000000E+00  1.864341E+05  0.000000E+00
  1.351704E+03  2.703408E+03  9.000000E+01  9.000000E+01  9.000000E+01
  0.000000E+00 -1.929538E+01  4.022971E+15 -1.789517E+01 -8.395992E-01
 -8.361765E-01 -8.395992E-01 -1.959029E+01 -2.204874E-01 -8.361765E-01
 -2.204874E-01 -2.040067E+01  3.034448E-02  1.206245E-02  1.039613E-02
  5.472113E-02  5.690969E+02  5.791718E+01  0.000000E+00  0.000000E+00
  0.000000E+00  5.791718E+01  0.000000E+00  0.000000E+00  0.000000E+00
  5.557896E+01 -2.275017E+03
     17000  8.500000E+00        52
  4.022971E+15  0.000000E+00 -1.229000E+05  2.374648E+04 -1.479967E+05
  0.000000E+00  0.000000E+00  0.000000E+00  0.000000E+00 -1.228999E+05
  0.000000E+00  6.893436E+03 -1.414069E+05  1.456000E+05  0.000000E+00
  0.000000E+00  0.000000E+00  0.000000E+00  1.864341E+05  0.000000E+00
  1.350147E+03  2.700294E+03  9.000000E+01  9.000000E+01  9.000000E+01
  0.000000E+00 -1.948871E+01  4.022971E+15 -1.807040E+01 -8.413106E-01
 -8.316014E-01 -8.413106E-01 -1.978965E+01 -2.314698E-01 -8.316014E-01
 -2.314698E-01 -2.060609E+01  3.034448E-02  1.206245E-02  1.039613E-02
  5.472113E-02  5.690969E+02  5.791718E+01  0.000000E+00  0.000000E+00
  0.000000E+00  5.791718E+01  0.000000E+00  0.000000E+00  0.000000E+00
  5.557896E+01 -2.297812E+03
     18000  9.000000E+00        52
  4.022971E+15  0.000000E+00 -1.229044E+05  2.373090E+04 -1.479847E+05
  0.000000E+00  0.000000E+00  0.000000E+00  0.000000E+00 -1.229042E+05
  0.000000E+00  6.964352E+03 -1.413231E+05  1.455886E+05  0.000000E+00
  0.000000E+00  0.000000E+00  0.000000E+00  1.864341E+05  0.000000E+00
  1.349415E+03  2.698829E+03  9.000000E+01  9.000000E+01  9.000000E+01
  0.000000E+00 -1.968920E+01  4.022971E+15 -1.826229E+01 -8.419745E-01
 -8.311869E-01 -8.419745E-01 -1.999438E+01 -2.427556E-01 -8.311869E-01
 -2.427556E-01 -2.081094E+01  3.034448E-02  1.206245E-02  1.039613E-02
  5.472113E-02  5.690969E+02  5.791718E+01  0.000000E+00  0.000000E+00
  0.000000E+00  5.791718E+01  0.000000E+00  0.000000E+00  0.000000E+00
  5.557896E+01 -2.321451E+03
     19000  9.500000E+00        52
  4.022971E+15  0.000000E+00 -1.229086E+05  2.371598E+04 -1.479735E+05
  0.000000E+00  0.000000E+00  0.000000E+00  0.000000E+00 -1.229085E+05
  0.000000E+00  7.031636E+03 -1.412443E+05  1.455779E+05  0.000000E+00
  0.000000E+00  0.000000E+00  0.000000E+00  1.864341E+05  0.000000E+00
  1.348998E+03  2.697996E+03  9.000000E+01  9.000000E+01  9.000000E+01
  0.000000E+00 -1.987942E+01  4.022971E+15 -1.844310E+01 -8.433616E-01
 -8.330847E-01 -8.433616E-01 -2.019686E+01 -2.511803E-01 -8.330847E-01
 -2.511803E-01 -2.099831E+01  3.034448E-02  1.206245E-02  1.039613E-02
  5.472113E-02  5.690969E+02  5.791718E+01  0.000000E+00  0.000000E+00
  0.000000E+00  5.791718E+01  0.000000E+00  0.000000E+00  0.000000E+00
  5.557896E+01 -2.343879E+03
     20000  1.000000E+01        52
  4.022971E+15  0.000000E+00 -1.229133E+05  2.370328E+04 -1.479655E+05
  0.000000E+00  0.000000E+00  0.000000E+00  0.000000E+00 -1.229132E+05
  0.000000E+00  7.090452E+03 -1.411772E+05  1.455700E+05  0.000000E+00
  0.000000E+00  0.000000E+00  0.000000E+00  1.864341E+05  0.000000E+00
  1.348820E+03  2.697641E+03  9.000000E+01  9.000000E+01  9.000000E+01
  0.000000E+00 -2.004570E+01  4.022971E+15 -1.860555E+01 -8.465924E-01
 -8.492355E-01 -8.465924E-01 -2.039113E+01 -2.624538E-01 -8.492355E-01
 -2.624538E-01 -2.114043E+01  3.034448E-02  1.206245E-02  1.039613E-02
  5.472113E-02  5.690969E+02  5.791718E+01  0.000000E+00  0.000000E+00
  0.000000E+00  5.791718E+01  0.000000E+00  0.000000E+00  0.000000E+00
  5.557896E+01 -2.363484E+03
     21000  1.050000E+01        52
  4.022971E+15  0.000000E+00 -1.229175E+05  2.369325E+04 -1.479595E+05
  0.000000E+00  0.000000E+00  0.000000E+00  0.000000E+00 -1.229174E+05
  0.000000E+00  7.137743E+03 -1.411238E+05  1.455642E+05  0.000000E+00
  0.000000E+00  0.000000E+00  0.000000E+00  1.864341E+05  0.000000E+00
  1.348682E+03  2.697364E+03  9.000000E+01  9.000000E+01  9.000000E+01
  0.000000E+00 -2.017940E+01  4.022971E+15 -1.873302E+01 -8.366470E-01
 -8.571815E-01 -8.366470E-01 -2.052564E+01 -2.830937E-01 -8.571815E-01
 -2.830937E-01 -2.127955E+01  3.034448E-02  1.206245E-02  1.039613E-02
  5.472113E-02  5.690969E+02  5.791718E+01  0.000000E+00  0.000000E+00
  0.000000E+00  5.791718E+01  0.000000E+00  0.000000E+00  0.000000E+00
  5.557896E+01 -2.379248E+03
     22000  1.100000E+01        52
  4.022971E+15  0.000000E+00 -1.229215E+05  2.368482E+04 -1.479550E+05
  0.000000E+00  0.000000E+00  0.000000E+00  0.000000E+00 -1.229214E+05
  0.000000E+00  7.177665E+03 -1.410795E+05  1.455598E+05  0.000000E+00
  0.000000E+00  0.000000E+00  0.000000E+00  1.864341E+05  0.000000E+00
  1.348709E+03  2.697419E+03  9.000000E+01  9.000000E+01  9.000000E+01
  0.000000E+00 -2.029227E+01  4.022971E+15 -1.883862E+01 -8.312439E-01
 -8.615407E-01 -8.312439E-01 -2.063776E+01 -2.869803E-01 -8.615407E-01
 -2.869803E-01 -2.140041E+01  3.034448E-02  1.206245E-02  1.039613E-02
  5.472113E-02  5.690969E+02  5.791718E+01  0.000000E+00  0.000000E+00
  0.000000E+00  5.791718E+01  0.000000E+00  0.000000E+00  0.000000E+00
  5.557896E+01 -2.392555E+03
     23000  1.150000E+01        52
  4.022971E+15  0.000000E+00 -1.229250E+05  2.367814E+04 -1.479519E+05
  0.000000E+00  0.000000E+00  0.000000E+00  0.000000E+00 -1.229249E+05
  0.000000E+00  7.209768E+03 -1.410444E+05  1.455567E+05  0.000000E+00
  0.000000E+00  0.000000E+00  0.000000E+00  1.864341E+05  0.000000E+00
  1.348717E+03  2.697433E+03  9.000000E+01  9.000000E+01  9.000000E+01
  0.000000E+00 -2.038303E+01  4.022971E+15 -1.892990E+01 -8.281281E-01
 -8.659690E-01 -8.281281E-01 -2.072285E+01 -2.773093E-01 -8.659690E-01
 -2.773093E-01 -2.149633E+01  3.034448E-02  1.206245E-02  1.039613E-02
  5.472113E-02  5.690969E+02  5.791718E+01  0.000000E+00  0.000000E+00
  0.000000E+00  5.791718E+01  0.000000E+00  0.000000E+00  0.000000E+00
  5.557896E+01 -2.403256E+03
     24000  1.200000E+01        52
  4.022971E+15  0.000000E+00 -1.229282E+05  2.367215E+04 -1.479491E+05
  0.000000E+00  0.000000E+00  0.000000E+00  0.000000E+00 -1.229281E+05
  0.000000E+00  7.237860E+03 -1.410136E+05  1.455540E+05  0.000000E+00
  0.000000E+00  0.000000E+00  0.000000E+00  1.864341E+05  0.000000E+00
  1.348766E+03  2.697531E+03  9.000000E+01  9.000000E+01  9.000000E+01
  0.000000E+00 -2.046245E+01  4.022971E+15 -1.901048E+01 -8.258696E-01
 -8.700388E-01 -8.258696E-01 -2.079939E+01 -2.672554E-01 -8.700388E-01
 -2.672554E-01 -2.157747E+01  3.034448E-02  1.206245E-02  1.039613E-02
  5.472113E-02  5.690969E+02  5.791718E+01  0.000000E+00  0.000000E+00
  0.000000E+00  5.791718E+01  0.000000E+00  0.000000E+00  0.000000E+00
  5.557896E+01 -2.412620E+03
     25000  1.250000E+01        52
  4.022971E+15  0.000000E+00 -1.229312E+05  2.366669E+04 -1.479468E+05
  0.000000E+00  0.000000E+00  0.000000E+00  0.000000E+00 -1.229311E+05
  0.000000E+00  7.262703E+03 -1.409865E+05  1.455515E+05  0.000000E+00
  0.000000E+00  0.000000E+00  0.000000E+00  1.864341E+05  0.000000E+00
  1.348843E+03  2.697686E+03  9.000000E+01  9.000000E+01  9.000000E+01
  0.000000E+00 -2.053268E+01  4.022971E+15 -1.908111E+01 -8.236982E-01
 -8.737532E-01 -8.236982E-01 -2.086900E+01 -2.597304E-01 -8.737532E-01
 -2.597304E-01 -2.164793E+01  3.034448E-02  1.206245E-02  1.039613E-02
  5.472113E-02  5.690969E+02  5.791718E+01  0.000000E+00  0.000000E+00
  0.000000E+00  5.791718E+01  0.000000E+00  0.000000E+00  0.000000E+00
  5.557896E+01 -2.420901E+03
     26000  1.300000E+01        52
  4.022971E+15  0.000000E+00 -1.229341E+05  2.366188E+04 -1.479450E+05
  0.000000E+00  0.000000E+00  0.000000E+00  0.000000E+00 -1.229340E+05
  0.000000E+00  7.284029E+03 -1.409634E+05  1.455496E+05  0.000000E+00
  0.000000E+00  0.000000E+00  0.000000E+00  1.864341E+05  0.000000E+00
  1.348928E+03  2.697856E+03  9.000000E+01  9.000000E+01  9.000000E+01
  0.000000E+00 -2.059297E+01  4.022971E+15 -1.914205E+01 -8.207542E-01
 -8.771614E-01 -8.207542E-01 -2.092879E+01 -2.533286E-01 -8.771614E-01
 -2.533286E-01 -2.170808E+01  3.034448E-02  1.206245E-02  1.039613E-02
  5.472113E-02  5.690969E+02  5.791718E+01  0.000000E+00  0.000000E+00
  0.000000E+00  5.791718E+01  0.000000E+00  0.000000E+00  0.000000E+00
  5.557896E+01 -2.428010E+03
     27000  1.350000E+01        52
  4.022971E+15  0.000000E+00 -1.229369E+05  2.365803E+04 -1.479440E+05
  0.000000E+00  0.000000E+00  0.000000E+00  0.000000E+00 -1.229368E+05
  0.000000E+00  7.301003E+03 -1.409455E+05  1.455485E+05  0.000000E+00
  0.000000E+00  0.000000E+00  0.000000E+00  1.864341E+05  0.000000E+00
  1.349037E+03  2.698073E+03  9.000000E+01  9.000000E+01  9.000000E+01
  0.000000E+00 -2.064096E+01  4.022971E+15 -1.919089E+01 -8.174843E-01
 -8.807280E-01 -8.174843E-01 -2.097691E+01 -2.457952E-01 -8.807280E-01
 -2.457952E-01 -2.175508E+01  3.034448E-02  1.206245E-02  1.039613E-02
  5.472113E-02  5.690969E+02  5.791718E+01  0.000000E+00  0.000000E+00
  0.000000E+00  5.791718E+01  0.000000E+00  0.000000E+00  0.000000E+00
  5.557896E+01 -2.433668E+03
     28000  1.400000E+01        52
  4.022971E+15  0.000000E+00 -1.229396E+05  2.365506E+04 -1.479438E+05
  0.000000E+00  0.000000E+00  0.000000E+00  0.000000E+00 -1.229395E+05
  0.000000E+00  7.314176E+03 -1.409322E+05  1.455480E+05  0.000000E+00
  0.000000E+00  0.000000E+00  0.000000E+00  1.864341E+05  0.000000E+00
  1.349166E+03  2.698333E+03  9.000000E+01  9.000000E+01  9.000000E+01
  0.000000E+00 -2.067820E+01  4.022971E+15 -1.922732E+01 -8.153030E-01
 -8.850700E-01 -8.153030E-01 -2.101647E+01 -2.375969E-01 -8.850700E-01
 -2.375969E-01 -2.179082E+01  3.034448E-02  1.206245E-02  1.039613E-02
  5.472113E-02  5.690969E+02  5.791718E+01  0.000000E+00  0.000000E+00
  0.000000E+00  5.791718E+01  0.000000E+00  0.000000E+00  0.000000E+00
  5.557896E+01 -2.438059E+03
     29000  1.450000E+01        52
  4.022971E+15  0.000000E+00 -1.229421E+05  2.365262E+04 -1.479440E+05
  0.000000E+00  0.000000E+00  0.000000E+00  0.000000E+00 -1.229420E+05
  0.000000E+00  7.324683E+03 -1.409219E+05  1.455480E+05  0.000000E+00
  0.000000E+00  0.000000E+00  0.000000E+00  1.864341E+05  0.000000E+00
  1.349294E+03  2.698588E+03  9.000000E+01  9.000000E+01  9.000000E+01
  0.000000E+00 -2.070791E+01  4.022971E+15 -1.925466E+01 -8.137735E-01
 -8.897020E-01 -8.137735E-01 -2.104935E+01 -2.300551E-01 -8.897020E-01
 -2.300551E-01 -2.181972E+01  3.034448E-02  1.206245E-02  1.039613E-02
  5.472113E-02  5.690969E+02  5.791718E+01  0.000000E+00  0.000000E+00
  0.000000E+00  5.791718E+01  0.000000E+00  0.000000E+00  0.000000E+00
  5.557896E+01 -2.441561E+03
     30000  1.500000E+01        52
  4.022971E+15  0.000000E+00 -1.229446E+05  2.365064E+04 -1.479447E+05
  0.000000E+00  0.000000E+00  0.000000E+00  0.000000E+00 -1.229445E+05
  0.000000E+00  7.332932E+03 -1.409141E+05  1.455482E+05  0.000000E+00
  0.000000E+00  0.000000E+00  0.000000E+00  1.864341E+05  0.000000E+00
  1.349414E+03  2.698829E+03  9.000000E+01  9.000000E+01  9.000000E+01
  0.000000E+00 -2.073123E+01  4.022971E+15 -1.927471E+01 -8.121852E-01
 -8.942557E-01 -8.121852E-01 -2.107602E+01 -2.229832E-01 -8.942557E-01
 -2.229832E-01 -2.184295E+01  3.034448E-02  1.206245E-02  1.039613E-02
  5.472113E-02  5.690969E+02  5.791718E+01  0.000000E+00  0.000000E+00
  0.000000E+00  5.791718E+01  0.000000E+00  0.000000E+00  0.000000E+00
  5.557896E+01 -2.444311E+03
     31000  1.550000E+01        52
  4.022971E+15  0.000000E+00 -1.229470E+05  2.364908E+04 -1.479456E+05
  0.000000E+00  0.000000E+00  0.000000E+00  0.000000E+00 -1.229469E+05
  0.000000E+00  7.339133E+03 -1.409088E+05  1.455489E+05  0.000000E+00
  0.000000E+00  0.000000E+00  0.000000E+00  1.864341E+05  0.000000E+00
  1.349533E+03  2.699066E+03  9.000000E+01  9.000000E+01  9.000000E+01
  0.000000E+00 -2.074876E+01  4.022971E+15 -1.928823E+01 -8.103568E-01
 -8.987495E-01 -8.103568E-01 -2.109726E+01 -2.165098E-01 -8.987495E-01
 -2.165098E-01 -2.186080E+01  3.034448E-02  1.206245E-02  1.039613E-02
  5.472113E-02  5.690969E+02  5.791718E+01  0.000000E+00  0.000000E+00
  0.000000E+00  5.791718E+01  0.000000E+00  0.000000E+00  0.000000E+00
  5.557896E+01 -2.446378E+03
     32000  1.600000E+01        52
  4.022971E+15  0.000000E+00 -1.229494E+05  2.364787E+04 -1.479469E+05
  0.000000E+00  0.000000E+00  0.000000E+00  0.000000E+00 -1.229493E+05
  0.000000E+00  7.343637E+03 -1.409054E+05  1.455498E+05  0.000000E+00
  0.000000E+00  0.000000E+00  0.000000E+00  1.864341E+05  0.000000E+00
  1.349655E+03  2.699309E+03  9.000000E+01  9.000000E+01  9.000000E+01
  0.000000E+00 -2.076149E+01  4.022971E+15 -1.929601E+01 -8.079395E-01
 -9.032408E-01 -8.079395E-01 -2.111449E+01 -2.105181E-01 -9.032408E-01
 -2.105181E-01 -2.187399E+01  3.034448E-02  1.206245E-02  1.039613E-02
  5.472113E-02  5.690969E+02  5.791718E+01  0.000000E+00  0.000000E+00
  0.000000E+00  5.791718E+01  0.000000E+00  0.000000E+00  0.000000E+00
  5.557896E+01 -2.447879E+03
     33000  1.650000E+01        52
  4.022971E+15  0.000000E+00 -1.229518E+05  2.364690E+04 -1.479485E+05
  0.000000E+00  0.000000E+00  0.000000E+00  0.000000E+00 -1.229517E+05
  0.000000E+00  7.346914E+03 -1.409035E+05  1.455509E+05  0.000000E+00
  0.000000E+00  0.000000E+00  0.000000E+00  1.864341E+05  0.000000E+00
  1.349781E+03  2.699562E+03  9.000000E+01  9.000000E+01  9.000000E+01
  0.000000E+00 -2.077076E+01  4.022971E+15 -1.929900E+01 -8.044146E-01
 -9.079474E-01 -8.044146E-01 -2.112993E+01 -2.049993E-01 -9.079474E-01
 -2.049993E-01 -2.188334E+01  3.034448E-02  1.206245E-02  1.039613E-02
  5.472113E-02  5.690969E+02  5.791718E+01  0.000000E+00  0.000000E+00
  0.000000E+00  5.791718E+01  0.000000E+00  0.000000E+00  0.000000E+00
  5.557896E+01 -2.448971E+03
     34000  1.700000E+01        52
  4.022971E+15  0.000000E+00 -1.229542E+05  2.364598E+04 -1.479501E+05
  0.000000E+00  0.000000E+00  0.000000E+00  0.000000E+00 -1.229541E+05
  0.000000E+00  7.349725E+03 -1.409021E+05  1.455520E+05  0.000000E+00
  0.000000E+00  0.000000E+00  0.000000E+00  1.864341E+05  0.000000E+00
  1.349909E+03  2.699817E+03  9.000000E+01  9.000000E+01  9.000000E+01
  0.000000E+00 -2.077871E+01  4.022971E+15 -1.929857E+01 -7.984231E-01
 -9.131428E-01 -7.984231E-01 -2.114724E+01 -2.000386E-01 -9.131428E-01
 -2.000386E-01 -2.189030E+01  3.034448E-02  1.206245E-02  1.039613E-02
  5.472113E-02  5.690969E+02  5.791718E+01  0.000000E+00  0.000000E+00
  0.000000E+00  5.791718E+01  0.000000E+00  0.000000E+00  0.000000E+00
  5.557896E+01 -2.449908E+03
     35000  1.750000E+01        52
  4.022971E+15  0.000000E+00 -1.229568E+05  2.364483E+04 -1.479516E+05
  0.000000E+00  0.000000E+00  0.000000E+00  0.000000E+00 -1.229567E+05
  0.000000E+00  7.353013E+03 -1.409001E+05  1.455531E+05  0.000000E+00
  0.000000E+00  0.000000E+00  0.000000E+00  1.864341E+05  0.000000E+00
  1.350021E+03  2.700042E+03  9.000000E+01  9.000000E+01  9.000000E+01
  0.000000E+00 -2.078800E+01  4.022971E+15 -1.929672E+01 -7.885905E-01
 -9.189003E-01 -7.885905E-01 -2.117063E+01 -1.956231E-01 -9.189003E-01
 -1.956231E-01 -2.189665E+01  3.034448E-02  1.206245E-02  1.039613E-02
  5.472113E-02  5.690969E+02  5.791718E+01  0.000000E+00  0.000000E+00
  0.000000E+00  5.791718E+01  0.000000E+00  0.000000E+00  0.000000E+00
  5.557896E+01 -2.451004E+03
     36000  1.800000E+01        52
  4.022971E+15  0.000000E+00 -1.229595E+05  2.364424E+04 -1.479538E+05
  0.000000E+00  0.000000E+00  0.000000E+00  0.000000E+00 -1.229594E+05
  0.000000E+00  7.353729E+03 -1.409011E+05  1.455547E+05  0.000000E+00
  0.000000E+00  0.000000E+00  0.000000E+00  1.864341E+05  0.000000E+00
  1.350045E+03  2.700091E+03  9.000000E+01  9.000000E+01  9.000000E+01
  0.000000E+00 -2.079002E+01  4.022971E+15 -1.929137E+01 -7.855417E-01
 -9.228030E-01 -7.855417E-01 -2.117650E+01 -1.925424E-01 -9.228030E-01
 -1.925424E-01 -2.190221E+01  3.034448E-02  1.206245E-02  1.039613E-02
  5.472113E-02  5.690969E+02  5.791718E+01  0.000000E+00  0.000000E+00
  0.000000E+00  5.791718E+01  0.000000E+00  0.000000E+00  0.000000E+00
  5.557896E+01 -2.451243E+03
     37000  1.850000E+01        52
  4.022971E+15  0.000000E+00 -1.229618E+05  2.364495E+04 -1.479568E+05
  0.000000E+00  0.000000E+00  0.000000E+00  0.000000E+00 -1.229617E+05
  0.000000E+00  7.349533E+03 -1.409078E+05  1.455573E+05  0.000000E+00
  0.000000E+00  0.000000E+00  0.000000E+00  1.864341E+05  0.000000E+00
  1.350038E+03  2.700075E+03  9.000000E+01  9.000000E+01  9.000000E+01
  0.000000E+00 -2.077816E+01  4.022971E+15 -1.928067E+01 -7.934101E-01
 -9.231459E-01 -7.934101E-01 -2.115588E+01 -1.909881E-01 -9.231459E-01
 -1.909881E-01 -2.189793E+01  3.034448E-02  1.206245E-02  1.039613E-02
  5.472113E-02  5.690969E+02  5.791718E+01  0.000000E+00  0.000000E+00
  0.000000E+00  5.791718E+01  0.000000E+00  0.000000E+00  0.000000E+00
  5.557896E+01 -2.449844E+03
     38000  1.900000E+01        52
  4.022971E+15  0.000000E+00 -1.229640E+05  2.364584E+04 -1.479599E+05
  0.000000E+00  0.000000E+00  0.000000E+00  0.000000E+00 -1.229639E+05
  0.000000E+00  7.344579E+03 -1.409155E+05  1.455599E+05  0.000000E+00
  0.000000E+00  0.000000E+00  0.000000E+00  1.864341E+05  0.000000E+00
  1.350085E+03  2.700171E+03  9.000000E+01  9.000000E+01  9.000000E+01
  0.000000E+00 -2.076416E+01  4.022971E+15 -1.926827E+01 -7.984280E-01
 -9.231950E-01 -7.984280E-01 -2.113622E+01 -1.901047E-01 -9.231950E-01
 -1.901047E-01 -2.188798E+01  3.034448E-02  1.206245E-02  1.039613E-02
  5.472113E-02  5.690969E+02  5.791718E+01  0.000000E+00  0.000000E+00
  0.000000E+00  5.791718E+01  0.000000E+00  0.000000E+00  0.000000E+00
  5.557896E+01 -2.448193E+03
     39000  1.950000E+01        52
  4.022971E+15  0.000000E+00 -1.229661E+05  2.364681E+04 -1.479631E+05
  0.000000E+00  0.000000E+00  0.000000E+00  0.000000E+00 -1.229660E+05
  0.000000E+00  7.339281E+03 -1.409236E+05  1.455626E+05  0.000000E+00
  0.000000E+00  0.000000E+00  0.000000E+00  1.864341E+05  0.000000E+00
  1.350166E+03  2.700332E+03  9.000000E+01  9.000000E+01  9.000000E+01
  0.000000E+00 -2.074918E+01  4.022971E+15 -1.925512E+01 -8.010868E-01
 -9.235434E-01 -8.010868E-01 -2.111703E+01 -1.896446E-01 -9.235434E-01
 -1.896446E-01 -2.187539E+01  3.034448E-02  1.206245E-02  1.039613E-02
  5.472113E-02  5.690969E+02  5.791718E+01  0.000000E+00  0.000000E+00
  0.000000E+00  5.791718E+01  0.000000E+00  0.000000E+00  0.000000E+00
  5.557896E+01 -2.446427E+03
     40000  2.000000E+01        52
  4.022971E+15  0.000000E+00 -1.229682E+05  2.364786E+04 -1.479663E+05
  0.000000E+00  0.000000E+00  0.000000E+00  0.000000E+00 -1.229680E+05
  0.000000E+00  7.333629E+03 -1.409322E+05  1.455653E+05  0.000000E+00
  0.000000E+00  0.000000E+00  0.000000E+00  1.864341E+05  0.000000E+00
  1.350270E+03  2.700540E+03  9.000000E+01  9.000000E+01  9.000000E+01
  0.000000E+00 -2.073320E+01  4.022971E+15 -1.924128E+01 -8.022343E-01
 -9.239377E-01 -8.022343E-01 -2.109746E+01 -1.894621E-01 -9.239377E-01
 -1.894621E-01 -2.186085E+01  3.034448E-02  1.206245E-02  1.039613E-02
  5.472113E-02  5.690969E+02  5.791718E+01  0.000000E+00  0.000000E+00
  0.000000E+00  5.791718E+01  0.000000E+00  0.000000E+00  0.000000E+00
  5.557896E+01 -2.444543E+03
     41000  2.050000E+01        52
  4.022971E+15  0.000000E+00 -1.229701E+05  2.364899E+04 -1.479695E+05
  0.000000E+00  0.000000E+00  0.000000E+00  0.000000E+00 -1.229700E+05
  0.000000E+00  7.327684E+03 -1.409412E+05  1.455681E+05  0.000000E+00
  0.000000E+00  0.000000E+00  0.000000E+00  1.864341E+05  0.000000E+00
  1.350393E+03  2.700786E+03  9.000000E+01  9.000000E+01  9.000000E+01
  0.000000E+00 -2.071639E+01  4.022971E+15 -1.922697E+01 -8.023958E-01
 -9.240456E-01 -8.023958E-01 -2.107755E+01 -1.894927E-01 -9.240456E-01
 -1.894927E-01 -2.184466E+01  3.034448E-02  1.206245E-02  1.039613E-02
  5.472113E-02  5.690969E+02  5.791718E+01  0.000000E+00  0.000000E+00
  0.000000E+00  5.791718E+01  0.000000E+00  0.000000E+00  0.000000E+00
  5.557896E+01 -2.442561E+03
     42000  2.100000E+01        52
  4.022971E+15  0.000000E+00 -1.229721E+05  2.365018E+04 -1.479728E+05
  0.000000E+00  0.000000E+00  0.000000E+00  0.000000E+00 -1.229720E+05
  0.000000E+00  7.321506E+03 -1.409505E+05  1.455709E+05  0.000000E+00
  0.000000E+00  0.000000E+00  0.000000E+00  1.864341E+05  0.000000E+00
  1.350531E+03  2.701063E+03  9.000000E+01  9.000000E+01  9.000000E+01
  0.000000E+00 -2.069893E+01  4.022971E+15 -1.921226E+01 -8.017238E-01
 -9.236831E-01 -8.017238E-01 -2.105752E+01 -1.896786E-01 -9.236831E-01
 -1.896786E-01 -2.182700E+01  3.034448E-02  1.206245E-02  1.039613E-02
  5.472113E-02  5.690969E+02  5.791718E+01  0.000000E+00  0.000000E+00
  0.000000E+00  5.791718E+01  0.000000E+00  0.000000E+00  0.000000E+00
  5.557896E+01 -2.440502E+03
     43000  2.150000E+01        52
  4.022971E+15  0.000000E+00 -1.229740E+05  2.365139E+04 -1.479761E+05
  0.000000E+00  0.000000E+00  0.000000E+00  0.000000E+00 -1.229739E+05
  0.000000E+00  7.315191E+03 -1.409599E+05  1.455737E+05  0.000000E+00
  0.000000E+00  0.000000E+00  0.000000E+00  1.864341E+05  0.000000E+00
  1.350683E+03  2.701366E+03  9.000000E+01  9.000000E+01  9.000000E+01
  0.000000E+00 -2.068107E+01  4.022971E+15 -1.919746E+01 -8.002272E-01
 -9.228226E-01 -8.002272E-01 -2.103751E+01 -1.899508E-01 -9.228226E-01
 -1.899508E-01 -2.180825E+01  3.034448E-02  1.206245E-02  1.039613E-02
  5.472113E-02  5.690969E+02  5.791718E+01  0.000000E+00  0.000000E+00
  0.000000E+00  5.791718E+01  0.000000E+00  0.000000E+00  0.000000E+00
  5.557896E+01 -2.438397E+03
     44000  2.200000E+01        52
  4.022971E+15  0.000000E+00 -1.229759E+05  2.365259E+04 -1.479793E+05
  0.000000E+00  0.000000E+00  0.000000E+00  0.000000E+00 -1.229757E+05
  0.000000E+00  7.308843E+03 -1.409694E+05  1.455765E+05  0.000000E+00
  0.000000E+00  0.000000E+00  0.000000E+00  1.864341E+05  0.000000E+00
  1.350845E+03  2.701689E+03  9.000000E+01  9.000000E+01  9.000000E+01
  0.000000E+00 -2.066313E+01  4.022971E+15 -1.918276E+01 -7.978057E-01
 -9.215130E-01 -7.978057E-01 -2.101781E+01 -1.901838E-01 -9.215130E-01
 -1.901838E-01 -2.178881E+01  3.034448E-02  1.206245E-02  1.039613E-02
  5.472113E-02  5.690969E+02  5.791718E+01  0.000000E+00  0.000000E+00
  0.000000E+00  5.791718E+01  0.000000E+00  0.000000E+00  0.000000E+00
  5.557896E+01 -2.436281E+03
     45000  2.250000E+01        52
  4.022971E+15  0.000000E+00 -1.229777E+05  2.365377E+04 -1.479825E+05
  0.000000E+00  0.000000E+00  0.000000E+00  0.000000E+00 -1.229776E+05
  0.000000E+00  7.302517E+03 -1.409788E+05  1.455793E+05  0.000000E+00
  0.000000E+00  0.000000E+00  0.000000E+00  1.864341E+05  0.000000E+00
  1.351015E+03  2.702030E+03  9.000000E+01  9.000000E+01  9.000000E+01
  0.000000E+00 -2.064524E+01  4.022971E+15 -1.916825E+01 -7.943019E-01
 -9.197322E-01 -7.943019E-01 -2.099859E+01 -1.902110E-01 -9.197322E-01
 -1.902110E-01 -2.176889E+01  3.034448E-02  1.206245E-02  1.039613E-02
  5.472113E-02  5.690969E+02  5.791718E+01  0.000000E+00  0.000000E+00
  0.000000E+00  5.791718E+01  0.000000E+00  0.000000E+00  0.000000E+00
  5.557896E+01 -2.434172E+03
     46000  2.300000E+01        52
  4.022971E+15  0.000000E+00 -1.229796E+05  2.365492E+04 -1.479857E+05
  0.000000E+00  0.000000E+00  0.000000E+00  0.000000E+00 -1.229795E+05
  0.000000E+00  7.296208E+03 -1.409882E+05  1.455820E+05  0.000000E+00
  0.000000E+00  0.000000E+00  0.000000E+00  1.864341E+05  0.000000E+00
  1.351195E+03  2.702389E+03  9.000000E+01  9.000000E+01  9.000000E+01
  0.000000E+00 -2.062740E+01  4.022971E+15 -1.915412E+01 -7.894658E-01
 -9.173790E-01 -7.894658E-01 -2.097947E+01 -1.898712E-01 -9.173790E-01
 -1.898712E-01 -2.174862E+01  3.034448E-02  1.206245E-02  1.039613E-02
  5.472113E-02  5.690969E+02  5.791718E+01  0.000000E+00  0.000000E+00
  0.000000E+00  5.791718E+01  0.000000E+00  0.000000E+00  0.000000E+00
  5.557896E+01 -2.432069E+03
     47000  2.350000E+01        52
  4.022971E+15  0.000000E+00 -1.229814E+05  2.365605E+04 -1.479889E+05
  0.000000E+00  0.000000E+00  0.000000E+00  0.000000E+00 -1.229813E+05
  0.000000E+00  7.289880E+03 -1.409977E+05  1.455848E+05  0.000000E+00
  0.000000E+00  0.000000E+00  0.000000E+00  1.864341E+05  0.000000E+00
  1.351396E+03  2.702793E+03  9.000000E+01  9.000000E+01  9.000000E+01
  0.000000E+00 -2.060952E+01  4.022971E+15 -1.914025E+01 -7.824495E-01
 -9.142897E-01 -7.824495E-01 -2.096009E+01 -1.886493E-01 -9.142897E-01
 -1.886493E-01 -2.172821E+01  3.034448E-02  1.206245E-02  1.039613E-02
  5.472113E-02  5.690969E+02  5.791718E+01  0.000000E+00  0.000000E+00
  0.000000E+00  5.791718E+01  0.000000E+00  0.000000E+00  0.000000E+00
  5.557896E+01 -2.429960E+03
     48000  2.400000E+01        52
  4.022971E+15  0.000000E+00 -1.229833E+05  2.365724E+04 -1.479922E+05
  0.000000E+00  0.000000E+00  0.000000E+00  0.000000E+00 -1.229832E+05
  0.000000E+00  7.283327E+03 -1.410078E+05  1.455878E+05  0.000000E+00
  0.000000E+00  0.000000E+00  0.000000E+00  1.864341E+05  0.000000E+00
  1.351666E+03  2.703332E+03  9.000000E+01  9.000000E+01  9.000000E+01
  0.000000E+00 -2.059099E+01  4.022971E+15 -1.912640E+01 -7.702574E-01
 -9.094972E-01 -7.702574E-01 -2.093934E+01 -1.849237E-01 -9.094972E-01
 -1.849237E-01 -2.170722E+01  3.034448E-02  1.206245E-02  1.039613E-02
  5.472113E-02  5.690969E+02  5.791718E+01  0.000000E+00  0.000000E+00
  0.000000E+00  5.791718E+01  0.000000E+00  0.000000E+00  0.000000E+00
  5.557896E+01 -2.427776E+03
     49000  2.450000E+01        52
  4.022971E+15  0.000000E+00 -1.229854E+05  2.365894E+04 -1.479964E+05
  0.000000E+00  0.000000E+00  0.000000E+00  0.000000E+00 -1.229853E+05
  0.000000E+00  7.274999E+03 -1.410207E+05  1.455916E+05  0.000000E+00
  0.000000E+00  0.000000E+00  0.000000E+00  1.864341E+05  0.000000E+00
  1.352061E+03  2.704121E+03  9.000000E+01  9.000000E+01  9.000000E+01
  0.000000E+00 -2.056744E+01  4.022971E+15 -1.910889E+01 -7.496834E-01
 -9.002221E-01 -7.496834E-01 -2.090883E+01 -1.772107E-01 -9.002221E-01
 -1.772107E-01 -2.168461E+01  3.034448E-02  1.206245E-02  1.039613E-02
  5.472113E-02  5.690969E+02  5.791718E+01  0.000000E+00  0.000000E+00
  0.000000E+00  5.791718E+01  0.000000E+00  0.000000E+00  0.000000E+00
  5.557896E+01 -2.425000E+03
     50000  2.500000E+01        52
  4.022971E+15  0.000000E+00 -1.229874E+05  2.366101E+04 -1.480006E+05
  0.000000E+00  0.000000E+00  0.000000E+00  0.000000E+00 -1.229873E+05
  0.000000E+00  7.265225E+03 -1.410346E+05  1.455954E+05  0.000000E+00
  0.000000E+00  0.000000E+00  0.000000E+00  1.864341E+05  0.000000E+00
  1.352232E+03  2.704463E+03  9.000000E+01  9.000000E+01  9.000000E+01
  0.000000E+00 -2.053981E+01  4.022971E+15 -1.908719E+01 -7.428807E-01
 -8.932013E-01 -7.428807E-01 -2.087130E+01 -1.775255E-01 -8.932013E-01
 -1.775255E-01 -2.166095E+01  3.034448E-02  1.206245E-02  1.039613E-02
  5.472113E-02  5.690969E+02  5.791718E+01  0.000000E+00  0.000000E+00
  0.000000E+00  5.791718E+01  0.000000E+00  0.000000E+00  0.000000E+00
  5.557896E+01 -2.421742E+03
     51000  2.550000E+01        52
  4.022971E+15  0.000000E+00 -1.229893E+05  2.366242E+04 -1.480041E+05
  0.000000E+00  0.000000E+00  0.000000E+00  0.000000E+00 -1.229891E+05
  0.000000E+00  7.257922E+03 -1.410452E+05  1.455984E+05  0.000000E+00
  0.000000E+00  0.000000E+00  0.000000E+00  1.864341E+05  0.000000E+00
  1.352374E+03  2.704748E+03  9.000000E+01  9.000000E+01  9.000000E+01
  0.000000E+00 -2.051917E+01  4.022971E+15 -1.907163E+01 -7.411205E-01
 -8.911092E-01 -7.411205E-01 -2.084686E+01 -1.791605E-01 -8.911092E-01
 -1.791605E-01 -2.163901E+01  3.034448E-02  1.206245E-02  1.039613E-02
  5.472113E-02  5.690969E+02  5.791718E+01  0.000000E+00  0.000000E+00
  0.000000E+00  5.791718E+01  0.000000E+00  0.000000E+00  0.000000E+00
  5.557896E+01 -2.419307E+03
     52000  2.600000E+01        52
  4.022971E+15  0.000000E+00 -1.229911E+05  2.366348E+04 -1.480072E+05
  0.000000E+00  0.000000E+00  0.000000E+00  0.000000E+00 -1.229910E+05
  0.000000E+00  7.252025E+03 -1.410542E+05  1.456011E+05  0.000000E+00
  0.000000E+00  0.000000E+00  0.000000E+00  1.864341E+05  0.000000E+00
  1.352542E+03  2.705084E+03  9.000000E+01  9.000000E+01  9.000000E+01
  0.000000E+00 -2.050249E+01  4.022971E+15 -1.906037E+01 -7.377670E-01
 -8.897781E-01 -7.377670E-01 -2.082785E+01 -1.789908E-01 -8.897781E-01
 -1.789908E-01 -2.161926E+01  3.034448E-02  1.206245E-02  1.039613E-02
  5.472113E-02  5.690969E+02  5.791718E+01  0.000000E+00  0.000000E+00
  0.000000E+00  5.791718E+01  0.000000E+00  0.000000E+00  0.000000E+00
  5.557896E+01 -2.417342E+03
     53000  2.650000E+01        52
  4.022971E+15  0.000000E+00 -1.229931E+05  2.366421E+04 -1.480100E+05
  0.000000E+00  0.000000E+00  0.000000E+00  0.000000E+00 -1.229930E+05
  0.000000E+00  7.247191E+03 -1.410618E+05  1.456036E+05  0.000000E+00
  0.000000E+00  0.000000E+00  0.000000E+00  1.864341E+05  0.000000E+00
  1.352706E+03  2.705411E+03  9.000000E+01  9.000000E+01  9.000000E+01
  0.000000E+00 -2.048883E+01  4.022971E+15 -1.905297E+01 -7.325576E-01
 -8.883834E-01 -7.325576E-01 -2.081189E+01 -1.766414E-01 -8.883834E-01
 -1.766414E-01 -2.160163E+01  3.034448E-02  1.206245E-02  1.039613E-02
  5.472113E-02  5.690969E+02  5.791718E+01  0.000000E+00  0.000000E+00
  0.000000E+00  5.791718E+01  0.000000E+00  0.000000E+00  0.000000E+00
  5.557896E+01 -2.415730E+03
     54000  2.700000E+01        52
  4.022971E+15  0.000000E+00 -1.229952E+05  2.366450E+04 -1.480125E+05
  0.000000E+00  0.000000E+00  0.000000E+00  0.000000E+00 -1.229951E+05
  0.000000E+00  7.243726E+03 -1.410677E+05  1.456058E+05  0.000000E+00
  0.000000E+00  0.000000E+00  0.000000E+00  1.864341E+05  0.000000E+00
  1.352848E+03  2.705695E+03  9.000000E+01  9.000000E+01  9.000000E+01
  0.000000E+00 -2.047903E+01  4.022971E+15 -1.905045E+01 -7.250872E-01
 -8.870236E-01 -7.250872E-01 -2.079992E+01 -1.711170E-01 -8.870236E-01
 -1.711170E-01 -2.158673E+01  3.034448E-02  1.206245E-02  1.039613E-02
  5.472113E-02  5.690969E+02  5.791718E+01  0.000000E+00  0.000000E+00
  0.000000E+00  5.791718E+01  0.000000E+00  0.000000E+00  0.000000E+00
  5.557896E+01 -2.414575E+03
     55000  2.750000E+01        52
  4.022971E+15  0.000000E+00 -1.229975E+05  2.366428E+04 -1.480148E+05
  0.000000E+00  0.000000E+00  0.000000E+00  0.000000E+00 -1.229974E+05
  0.000000E+00  7.241621E+03 -1.410719E+05  1.456076E+05  0.000000E+00
  0.000000E+00  0.000000E+00  0.000000E+00  1.864341E+05  0.000000E+00
  1.352961E+03  2.705921E+03  9.000000E+01  9.000000E+01  9.000000E+01
  0.000000E+00 -2.047308E+01  4.022971E+15 -1.905157E+01 -7.147008E-01
 -8.863179E-01 -7.147008E-01 -2.079330E+01 -1.612688E-01 -8.863179E-01
 -1.612688E-01 -2.157436E+01  3.034448E-02  1.206245E-02  1.039613E-02
  5.472113E-02  5.690969E+02  5.791718E+01  0.000000E+00  0.000000E+00
  0.000000E+00  5.791718E+01  0.000000E+00  0.000000E+00  0.000000E+00
  5.557896E+01 -2.413874E+03
     56000  2.800000E+01        52
  4.022971E+15  0.000000E+00 -1.230001E+05  2.366473E+04 -1.480179E+05
  0.000000E+00  0.000000E+00  0.000000E+00  0.000000E+00 -1.230000E+05
  0.000000E+00  7.236863E+03 -1.410795E+05  1.456104E+05  0.000000E+00
  0.000000E+00  0.000000E+00  0.000000E+00  1.864341E+05  0.000000E+00
  1.353004E+03  2.706009E+03  9.000000E+01  9.000000E+01  9.000000E+01
  0.000000E+00 -2.045963E+01  4.022971E+15 -1.903713E+01 -7.039841E-01
 -8.868148E-01 -7.039841E-01 -2.078701E+01 -1.559693E-01 -8.868148E-01
 -1.559693E-01 -2.155475E+01  3.034448E-02  1.206245E-02  1.039613E-02
  5.472113E-02  5.690969E+02  5.791718E+01  0.000000E+00  0.000000E+00
  0.000000E+00  5.791718E+01  0.000000E+00  0.000000E+00  0.000000E+00
  5.557896E+01 -2.412288E+03
     57000  2.850000E+01        52
  4.022971E+15  0.000000E+00 -1.230026E+05  2.366631E+04 -1.480219E+05
  0.000000E+00  0.000000E+00  0.000000E+00  0.000000E+00 -1.230025E+05
  0.000000E+00  7.228789E+03 -1.410911E+05  1.456139E+05  0.000000E+00
  0.000000E+00  0.000000E+00  0.000000E+00  1.864341E+05  0.000000E+00
  1.352975E+03  2.705950E+03  9.000000E+01  9.000000E+01  9.000000E+01
  0.000000E+00 -2.043680E+01  4.022971E+15 -1.900424E+01 -6.953912E-01
 -8.854219E-01 -6.953912E-01 -2.077894E+01 -1.665240E-01 -8.854219E-01
 -1.665240E-01 -2.152722E+01  3.034448E-02  1.206245E-02  1.039613E-02
  5.472113E-02  5.690969E+02  5.791718E+01  0.000000E+00  0.000000E+00
  0.000000E+00  5.791718E+01  0.000000E+00  0.000000E+00  0.000000E+00
  5.557896E+01 -2.409596E+03
     58000  2.900000E+01        52
  4.022971E+15  0.000000E+00 -1.230051E+05  2.366792E+04 -1.480260E+05
  0.000000E+00  0.000000E+00  0.000000E+00  0.000000E+00 -1.230049E+05
  0.000000E+00  7.221168E+03 -1.411024E+05  1.456176E+05  0.000000E+00
  0.000000E+00  0.000000E+00  0.000000E+00  1.864341E+05  0.000000E+00
  1.353016E+03  2.706032E+03  9.000000E+01  9.000000E+01  9.000000E+01
  0.000000E+00 -2.041526E+01  4.022971E+15 -1.897280E+01 -6.888742E-01
 -8.835114E-01 -6.888742E-01 -2.077056E+01 -1.789038E-01 -8.835114E-01
 -1.789038E-01 -2.150241E+01  3.034448E-02  1.206245E-02  1.039613E-02
  5.472113E-02  5.690969E+02  5.791718E+01  0.000000E+00  0.000000E+00
  0.000000E+00  5.791718E+01  0.000000E+00  0.000000E+00  0.000000E+00
  5.557896E+01 -2.407056E+03
     59000  2.950000E+01        52
  4.022971E+15  0.000000E+00 -1.230073E+05  2.367000E+04 -1.480304E+05
  0.000000E+00  0.000000E+00  0.000000E+00  0.000000E+00 -1.230072E+05
  0.000000E+00  7.212150E+03 -1.411157E+05  1.456217E+05  0.000000E+00
  0.000000E+00  0.000000E+00  0.000000E+00  1.864341E+05  0.000000E+00
  1.353077E+03  2.706154E+03  9.000000E+01  9.000000E+01  9.000000E+01
  0.000000E+00 -2.038976E+01  4.022971E+15 -1.894071E+01 -6.896959E-01
 -8.863288E-01 -6.896959E-01 -2.074980E+01 -1.832846E-01 -8.863288E-01
 -1.832846E-01 -2.147878E+01  3.034448E-02  1.206245E-02  1.039613E-02
  5.472113E-02  5.690969E+02  5.791718E+01  0.000000E+00  0.000000E+00
  0.000000E+00  5.791718E+01  0.000000E+00  0.000000E+00  0.000000E+00
  5.557896E+01 -2.404050E+03
     60000  3.000000E+01        52
  4.022971E+15  0.000000E+00 -1.230093E+05  2.367214E+04 -1.480346E+05
  0.000000E+00  0.000000E+00  0.000000E+00  0.000000E+00 -1.230092E+05
  0.000000E+00  7.202871E+03 -1.411292E+05  1.456256E+05  0.000000E+00
  0.000000E+00  0.000000E+00  0.000000E+00  1.864341E+05  0.000000E+00
  1.353198E+03  2.706396E+03  9.000000E+01  9.000000E+01  9.000000E+01
  0.000000E+00 -2.036353E+01  4.022971E+15 -1.891307E+01 -6.922835E-01
 -8.911534E-01 -6.922835E-01 -2.072084E+01 -1.824468E-01 -8.911534E-01
 -1.824468E-01 -2.145667E+01  3.034448E-02  1.206245E-02  1.039613E-02
  5.472113E-02  5.690969E+02  5.791718E+01  0.000000E+00  0.000000E+00
  0.000000E+00  5.791718E+01  0.000000E+00  0.000000E+00  0.000000E+00
  5.557896E+01 -2.400957E+03
     61000  3.050000E+01        52
  4.022971E+15  0.000000E+00 -1.230111E+05  2.367416E+04 -1.480387E+05
  0.000000E+00  0.000000E+00  0.000000E+00  0.000000E+00 -1.230110E+05
  0.000000E+00  7.193889E+03 -1.411424E+05  1.456294E+05  0.000000E+00
  0.000000E+00  0.000000E+00  0.000000E+00  1.864341E+05  0.000000E+00
  1.353406E+03  2.706813E+03  9.000000E+01  9.000000E+01  9.000000E+01
  0.000000E+00 -2.033814E+01  4.022971E+15 -1.888987E+01 -6.921186E-01
 -8.931969E-01 -6.921186E-01 -2.069035E+01 -1.830370E-01 -8.931969E-01
 -1.830370E-01 -2.143419E+01  3.034448E-02  1.206245E-02  1.039613E-02
  5.472113E-02  5.690969E+02  5.791718E+01  0.000000E+00  0.000000E+00
  0.000000E+00  5.791718E+01  0.000000E+00  0.000000E+00  0.000000E+00
  5.557896E+01 -2.397963E+03
     62000  3.100000E+01        52
  4.022971E+15  0.000000E+00 -1.230128E+05  2.367629E+04 -1.480427E+05
  0.000000E+00  0.000000E+00  0.000000E+00  0.000000E+00 -1.230127E+05
  0.000000E+00  7.184534E+03 -1.411561E+05  1.456333E+05  0.000000E+00
  0.000000E+00  0.000000E+00  0.000000E+00  1.864341E+05  0.000000E+00
  1.353649E+03  2.707298E+03  9.000000E+01  9.000000E+01  9.000000E+01
  0.000000E+00 -2.031169E+01  4.022971E+15 -1.886812E+01 -6.908419E-01
 -8.899656E-01 -6.908419E-01 -2.065772E+01 -1.870180E-01 -8.899656E-01
 -1.870180E-01 -2.140922E+01  3.034448E-02  1.206245E-02  1.039613E-02
  5.472113E-02  5.690969E+02  5.791718E+01  0.000000E+00  0.000000E+00
  0.000000E+00  5.791718E+01  0.000000E+00  0.000000E+00  0.000000E+00
  5.557896E+01 -2.394845E+03
     63000  3.150000E+01        52
  4.022971E+15  0.000000E+00 -1.230144E+05  2.367832E+04 -1.480467E+05
  0.000000E+00  0.000000E+00  0.000000E+00  0.000000E+00 -1.230143E+05
  0.000000E+00  7.175541E+03 -1.411693E+05  1.456370E+05  0.000000E+00
  0.000000E+00  0.000000E+00  0.000000E+00  1.864341E+05  0.000000E+00
  1.353902E+03  2.707804E+03  9.000000E+01  9.000000E+01  9.000000E+01
  0.000000E+00 -2.028626E+01  4.022971E+15 -1.884734E+01 -6.883890E-01
 -8.831158E-01 -6.883890E-01 -2.062648E+01 -1.914987E-01 -8.831158E-01
 -1.914987E-01 -2.138497E+01  3.034448E-02  1.206245E-02  1.039613E-02
  5.472113E-02  5.690969E+02  5.791718E+01  0.000000E+00  0.000000E+00
  0.000000E+00  5.791718E+01  0.000000E+00  0.000000E+00  0.000000E+00
  5.557896E+01 -2.391847E+03
     64000  3.200000E+01        52
  4.022971E+15  0.000000E+00 -1.230160E+05  2.368029E+04 -1.480505E+05
  0.000000E+00  0.000000E+00  0.000000E+00  0.000000E+00 -1.230159E+05
  0.000000E+00  7.166796E+03 -1.411821E+05  1.456406E+05  0.000000E+00
  0.000000E+00  0.000000E+00  0.000000E+00  1.864341E+05  0.000000E+00
  1.354155E+03  2.708311E+03  9.000000E+01  9.000000E+01  9.000000E+01
  0.000000E+00 -2.026154E+01  4.022971E+15 -1.882530E+01 -6.853587E-01
 -8.751561E-01 -6.853587E-01 -2.059737E+01 -1.953461E-01 -8.751561E-01
 -1.953461E-01 -2.136194E+01  3.034448E-02  1.206245E-02  1.039613E-02
  5.472113E-02  5.690969E+02  5.791718E+01  0.000000E+00  0.000000E+00
  0.000000E+00  5.791718E+01  0.000000E+00  0.000000E+00  0.000000E+00
  5.557896E+01 -2.388932E+03
     65000  3.250000E+01        52
  4.022971E+15  0.000000E+00 -1.230176E+05  2.368225E+04 -1.480542E+05
  0.000000E+00  0.000000E+00  0.000000E+00  0.000000E+00 -1.230175E+05
  0.000000E+00  7.158220E+03 -1.411948E+05  1.456442E+05  0.000000E+00
  0.000000E+00  0.000000E+00  0.000000E+00  1.864341E+05  0.000000E+00
  1.354404E+03  2.708808E+03  9.000000E+01  9.000000E+01  9.000000E+01
  0.000000E+00 -2.023729E+01  4.022971E+15 -1.880212E+01 -6.817757E-01
 -8.669498E-01 -6.817757E-01 -2.056989E+01 -1.989905E-01 -8.669498E-01
 -1.989905E-01 -2.133987E+01  3.034448E-02  1.206245E-02  1.039613E-02
  5.472113E-02  5.690969E+02  5.791718E+01  0.000000E+00  0.000000E+00
  0.000000E+00  5.791718E+01  0.000000E+00  0.000000E+00  0.000000E+00
  5.557896E+01 -2.386073E+03
     66000  3.300000E+01        52
  4.022971E+15  0.000000E+00 -1.230192E+05  2.368421E+04 -1.480580E+05
  0.000000E+00  0.000000E+00  0.000000E+00  0.000000E+00 -1.230190E+05
  0.000000E+00  7.149767E+03 -1.412073E+05  1.456478E+05  0.000000E+00
  0.000000E+00  0.000000E+00  0.000000E+00  1.864341E+05  0.000000E+00
  1.354656E+03  2.709311E+03  9.000000E+01  9.000000E+01  9.000000E+01
  0.000000E+00 -2.021340E+01  4.022971E+15 -1.877830E+01 -6.777164E-01
 -8.588616E-01 -6.777164E-01 -2.054348E+01 -2.026640E-01 -8.588616E-01
 -2.026640E-01 -2.131840E+01  3.034448E-02  1.206245E-02  1.039613E-02
  5.472113E-02  5.690969E+02  5.791718E+01  0.000000E+00  0.000000E+00
  0.000000E+00  5.791718E+01  0.000000E+00  0.000000E+00  0.000000E+00
  5.557896E+01 -2.383256E+03
     67000  3.350000E+01        52
  4.022971E+15  0.000000E+00 -1.230207E+05  2.368616E+04 -1.480618E+05
  0.000000E+00  0.000000E+00  0.000000E+00  0.000000E+00 -1.230206E+05
  0.000000E+00  7.141505E+03 -1.412197E+05  1.456514E+05  0.000000E+00
  0.000000E+00  0.000000E+00  0.000000E+00  1.864341E+05  0.000000E+00
  1.354926E+03  2.709853E+03  9.000000E+01  9.000000E+01  9.000000E+01
  0.000000E+00 -2.019004E+01  4.022971E+15 -1.875471E+01 -6.737229E-01
 -8.509273E-01 -6.737229E-01 -2.051786E+01 -2.059573E-01 -8.509273E-01
 -2.059573E-01 -2.129754E+01  3.034448E-02  1.206245E-02  1.039613E-02
  5.472113E-02  5.690969E+02  5.791718E+01  0.000000E+00  0.000000E+00
  0.000000E+00  5.791718E+01  0.000000E+00  0.000000E+00  0.000000E+00
  5.557896E+01 -2.380502E+03
     68000  3.400000E+01        52
  4.022971E+15  0.000000E+00 -1.230223E+05  2.368810E+04 -1.480657E+05
  0.000000E+00  0.000000E+00  0.000000E+00  0.000000E+00 -1.230222E+05
  0.000000E+00  7.133425E+03 -1.412320E+05  1.456550E+05  0.000000E+00
  0.000000E+00  0.000000E+00  0.000000E+00  1.864341E+05  0.000000E+00
  1.355229E+03  2.710458E+03  9.000000E+01  9.000000E+01  9.000000E+01
  0.000000E+00 -2.016720E+01  4.022971E+15 -1.873216E+01 -6.706835E-01
 -8.434597E-01 -6.706835E-01 -2.049268E+01 -2.079661E-01 -8.434597E-01
 -2.079661E-01 -2.127675E+01  3.034448E-02  1.206245E-02  1.039613E-02
  5.472113E-02  5.690969E+02  5.791718E+01  0.000000E+00  0.000000E+00
  0.000000E+00  5.791718E+01  0.000000E+00  0.000000E+00  0.000000E+00
  5.557896E+01 -2.377808E+03
     69000  3.450000E+01        52
  4.022971E+15  0.000000E+00 -1.230239E+05  2.369004E+04 -1.480695E+05
  0.000000E+00  0.000000E+00  0.000000E+00  0.000000E+00 -1.230238E+05
  0.000000E+00  7.125454E+03 -1.412443E+05  1.456587E+05  0.000000E+00
  0.000000E+00  0.000000E+00  0.000000E+00  1.864341E+05  0.000000E+00
  1.355558E+03  2.711115E+03  9.000000E+01  9.000000E+01  9.000000E+01
  0.000000E+00 -2.014466E+01  4.022971E+15 -1.871097E+01 -6.689574E-01
 -8.368183E-01 -6.689574E-01 -2.046729E+01 -2.082072E-01 -8.368183E-01
 -2.082072E-01 -2.125573E+01  3.034448E-02  1.206245E-02  1.039613E-02
  5.472113E-02  5.690969E+02  5.791718E+01  0.000000E+00  0.000000E+00
  0.000000E+00  5.791718E+01  0.000000E+00  0.000000E+00  0.000000E+00
  5.557896E+01 -2.375151E+03
     70000  3.500000E+01        52
  4.022971E+15  0.000000E+00 -1.230254E+05  2.369194E+04 -1.480732E+05
  0.000000E+00  0.000000E+00  0.000000E+00  0.000000E+00 -1.230253E+05
  0.000000E+00  7.117502E+03 -1.412565E+05  1.456622E+05  0.000000E+00
  0.000000E+00  0.000000E+00  0.000000E+00  1.864341E+05  0.000000E+00
  1.355891E+03  2.711783E+03  9.000000E+01  9.000000E+01  9.000000E+01
  0.000000E+00 -2.012218E+01  4.022971E+15 -1.869084E+01 -6.681179E-01
 -8.314988E-01 -6.681179E-01 -2.044127E+01 -2.068112E-01 -8.314988E-01
 -2.068112E-01 -2.123444E+01  3.034448E-02  1.206245E-02  1.039613E-02
  5.472113E-02  5.690969E+02  5.791718E+01  0.000000E+00  0.000000E+00
  0.000000E+00  5.791718E+01  0.000000E+00  0.000000E+00  0.000000E+00
  5.557896E+01 -2.372501E+03
     71000  3.550000E+01        52
  4.022971E+15  0.000000E+00 -1.230269E+05  2.369380E+04 -1.480769E+05
  0.000000E+00  0.000000E+00  0.000000E+00  0.000000E+00 -1.230268E+05
  0.000000E+00  7.109597E+03 -1.412685E+05  1.456657E+05  0.000000E+00
  0.000000E+00  0.000000E+00  0.000000E+00  1.864341E+05  0.000000E+00
  1.356214E+03  2.712428E+03  9.000000E+01  9.000000E+01  9.000000E+01
  0.000000E+00 -2.009983E+01  4.022971E+15 -1.867165E+01 -6.677558E-01
 -8.278150E-01 -6.677558E-01 -2.041486E+01 -2.040617E-01 -8.278150E-01
 -2.040617E-01 -2.121298E+01  3.034448E-02  1.206245E-02  1.039613E-02
  5.472113E-02  5.690969E+02  5.791718E+01  0.000000E+00  0.000000E+00
  0.000000E+00  5.791718E+01  0.000000E+00  0.000000E+00  0.000000E+00
  5.557896E+01 -2.369866E+03
     72000  3.600000E+01        52
  4.022971E+15  0.000000E+00 -1.230284E+05  2.369560E+04 -1.480805E+05
  0.000000E+00  0.000000E+00  0.000000E+00  0.000000E+00 -1.230283E+05
  0.000000E+00  7.101719E+03 -1.412804E+05  1.456691E+05  0.000000E+00
  0.000000E+00  0.000000E+00  0.000000E+00  1.864341E+05  0.000000E+00
  1.356518E+03  2.713035E+03  9.000000E+01  9.000000E+01  9.000000E+01
  0.000000E+00 -2.007756E+01  4.022971E+15 -1.865343E+01 -6.678151E-01
 -8.263185E-01 -6.678151E-01 -2.038819E+01 -2.001358E-01 -8.263185E-01
 -2.001358E-01 -2.119105E+01  3.034448E-02  1.206245E-02  1.039613E-02
  5.472113E-02  5.690969E+02  5.791718E+01  0.000000E+00  0.000000E+00
  0.000000E+00  5.791718E+01  0.000000E+00  0.000000E+00  0.000000E+00
  5.557896E+01 -2.367240E+03
     73000  3.650000E+01        52
  4.022971E+15  0.000000E+00 -1.230299E+05  2.369731E+04 -1.480840E+05
  0.000000E+00  0.000000E+00  0.000000E+00  0.000000E+00 -1.230298E+05
  0.000000E+00  7.093968E+03 -1.412920E+05  1.456724E+05  0.000000E+00
  0.000000E+00  0.000000E+00  0.000000E+00  1.864341E+05  0.000000E+00
  1.356795E+03  2.713591E+03  9.000000E+01  9.000000E+01  9.000000E+01
  0.000000E+00 -2.005564E+01  4.022971E+15 -1.863706E+01 -6.684776E-01
 -8.277242E-01 -6.684776E-01 -2.036137E+01 -1.951833E-01 -8.277242E-01
 -1.951833E-01 -2.116850E+01  3.034448E-02  1.206245E-02  1.039613E-02
  5.472113E-02  5.690969E+02  5.791718E+01  0.000000E+00  0.000000E+00
  0.000000E+00  5.791718E+01  0.000000E+00  0.000000E+00  0.000000E+00
  5.557896E+01 -2.364656E+03
     74000  3.700000E+01        52
  4.022971E+15  0.000000E+00 -1.230315E+05  2.369884E+04 -1.480874E+05
  0.000000E+00  0.000000E+00  0.000000E+00  0.000000E+00 -1.230314E+05
  0.000000E+00  7.086553E+03 -1.413031E+05  1.456756E+05  0.000000E+00
  0.000000E+00  0.000000E+00  0.000000E+00  1.864341E+05  0.000000E+00
  1.357032E+03  2.714065E+03  9.000000E+01  9.000000E+01  9.000000E+01
  0.000000E+00 -2.003468E+01  4.022971E+15 -1.862365E+01 -6.701418E-01
 -8.322460E-01 -6.701418E-01 -2.033492E+01 -1.891674E-01 -8.322460E-01
 -1.891674E-01 -2.114548E+01  3.034448E-02  1.206245E-02  1.039613E-02
  5.472113E-02  5.690969E+02  5.791718E+01  0.000000E+00  0.000000E+00
  0.000000E+00  5.791718E+01  0.000000E+00  0.000000E+00  0.000000E+00
  5.557896E+01 -2.362184E+03
     75000  3.750000E+01        52
  4.022971E+15  0.000000E+00 -1.230332E+05  2.370060E+04 -1.480910E+05
  0.000000E+00  0.000000E+00  0.000000E+00  0.000000E+00 -1.230331E+05
  0.000000E+00  7.077962E+03 -1.413154E+05  1.456790E+05  0.000000E+00
  0.000000E+00  0.000000E+00  0.000000E+00  1.864341E+05  0.000000E+00
  1.357190E+03  2.714380E+03  9.000000E+01  9.000000E+01  9.000000E+01
  0.000000E+00 -2.001039E+01  4.022971E+15 -1.860578E+01 -6.703706E-01
 -8.338211E-01 -6.703706E-01 -2.030779E+01 -1.813790E-01 -8.338211E-01
 -1.813790E-01 -2.111761E+01  3.034448E-02  1.206245E-02  1.039613E-02
  5.472113E-02  5.690969E+02  5.791718E+01  0.000000E+00  0.000000E+00
  0.000000E+00  5.791718E+01  0.000000E+00  0.000000E+00  0.000000E+00
  5.557896E+01 -2.359321E+03
     76000  3.800000E+01        52
  4.022971E+15  0.000000E+00 -1.230347E+05  2.370320E+04 -1.480952E+05
  0.000000E+00  0.000000E+00  0.000000E+00  0.000000E+00 -1.230346E+05
  0.000000E+00  7.066136E+03 -1.413315E+05  1.456830E+05  0.000000E+00
  0.000000E+00  0.000000E+00  0.000000E+00  1.864341E+05  0.000000E+00
  1.357274E+03  2.714547E+03  9.000000E+01  9.000000E+01  9.000000E+01
  0.000000E+00 -1.997696E+01  4.022971E+15 -1.857135E+01 -6.644226E-01
 -8.260217E-01 -6.644226E-01 -2.027831E+01 -1.722730E-01 -8.260217E-01
 -1.722730E-01 -2.108122E+01  3.034448E-02  1.206245E-02  1.039613E-02
  5.472113E-02  5.690969E+02  5.791718E+01  0.000000E+00  0.000000E+00
  0.000000E+00  5.791718E+01  0.000000E+00  0.000000E+00  0.000000E+00
  5.557896E+01 -2.355379E+03
     77000  3.850000E+01        52
  4.022971E+15  0.000000E+00 -1.230361E+05  2.370580E+04 -1.480993E+05
  0.000000E+00  0.000000E+00  0.000000E+00  0.000000E+00 -1.230360E+05
  0.000000E+00  7.054434E+03 -1.413473E+05  1.456869E+05  0.000000E+00
  0.000000E+00  0.000000E+00  0.000000E+00  1.864341E+05  0.000000E+00
  1.357418E+03  2.714836E+03  9.000000E+01  9.000000E+01  9.000000E+01
  0.000000E+00 -1.994388E+01  4.022971E+15 -1.853592E+01 -6.587402E-01
 -8.199206E-01 -6.587402E-01 -2.024989E+01 -1.641320E-01 -8.199206E-01
 -1.641320E-01 -2.104582E+01  3.034448E-02  1.206245E-02  1.039613E-02
  5.472113E-02  5.690969E+02  5.791718E+01  0.000000E+00  0.000000E+00
  0.000000E+00  5.791718E+01  0.000000E+00  0.000000E+00  0.000000E+00
  5.557896E+01 -2.351478E+03
     78000  3.900000E+01        52
  4.022971E+15  0.000000E+00 -1.230374E+05  2.370824E+04 -1.481032E+05
  0.000000E+00  0.000000E+00  0.000000E+00  0.000000E+00 -1.230373E+05
  0.000000E+00  7.043354E+03 -1.413625E+05  1.456906E+05  0.000000E+00
  0.000000E+00  0.000000E+00  0.000000E+00  1.864341E+05  0.000000E+00
  1.357618E+03  2.715235E+03  9.000000E+01  9.000000E+01  9.000000E+01
  0.000000E+00 -1.991255E+01  4.022971E+15 -1.850273E+01 -6.545240E-01
 -8.163143E-01 -6.545240E-01 -2.022207E+01 -1.569087E-01 -8.163143E-01
 -1.569087E-01 -2.101285E+01  3.034448E-02  1.206245E-02  1.039613E-02
  5.472113E-02  5.690969E+02  5.791718E+01  0.000000E+00  0.000000E+00
  0.000000E+00  5.791718E+01  0.000000E+00  0.000000E+00  0.000000E+00
  5.557896E+01 -2.347785E+03
     79000  3.950000E+01        52
  4.022971E+15  0.000000E+00 -1.230386E+05  2.371056E+04 -1.481070E+05
  0.000000E+00  0.000000E+00  0.000000E+00  0.000000E+00 -1.230385E+05
  0.000000E+00  7.032780E+03 -1.413771E+05  1.456942E+05  0.000000E+00
  0.000000E+00  0.000000E+00  0.000000E+00  1.864341E+05  0.000000E+00
  1.357840E+03  2.715680E+03  9.000000E+01  9.000000E+01  9.000000E+01
  0.000000E+00 -1.988266E+01  4.022971E+15 -1.847140E+01 -6.513725E-01
 -8.141123E-01 -6.513725E-01 -2.019495E+01 -1.501881E-01 -8.141123E-01
 -1.501881E-01 -2.098162E+01  3.034448E-02  1.206245E-02  1.039613E-02
  5.472113E-02  5.690969E+02  5.791718E+01  0.000000E+00  0.000000E+00
  0.000000E+00  5.791718E+01  0.000000E+00  0.000000E+00  0.000000E+00
  5.557896E+01 -2.344260E+03
     80000  4.000000E+01        52
  4.022971E+15  0.000000E+00 -1.230398E+05  2.371278E+04 -1.481107E+05
  0.000000E+00  0.000000E+00  0.000000E+00  0.000000E+00 -1.230397E+05
  0.000000E+00  7.022578E+03 -1.413912E+05  1.456976E+05  0.000000E+00
  0.000000E+00  0.000000E+00  0.000000E+00  1.864341E+05  0.000000E+00
  1.358070E+03  2.716139E+03  9.000000E+01  9.000000E+01  9.000000E+01
  0.000000E+00 -1.985381E+01  4.022971E+15 -1.844136E+01 -6.489568E-01
 -8.127131E-01 -6.489568E-01 -2.016849E+01 -1.437405E-01 -8.127131E-01
 -1.437405E-01 -2.095160E+01  3.034448E-02  1.206245E-02  1.039613E-02
  5.472113E-02  5.690969E+02  5.791718E+01  0.000000E+00  0.000000E+00
  0.000000E+00  5.791718E+01  0.000000E+00  0.000000E+00  0.000000E+00
  5.557896E+01 -2.340859E+03
     81000  4.050000E+01        52
  4.022971E+15  0.000000E+00 -1.230410E+05  2.371492E+04 -1.481142E+05
  0.000000E+00  0.000000E+00  0.000000E+00  0.000000E+00 -1.230409E+05
  0.000000E+00  7.012713E+03 -1.414048E+05  1.457009E+05  0.000000E+00
  0.000000E+00  0.000000E+00  0.000000E+00  1.864341E+05  0.000000E+00
  1.358301E+03  2.716602E+03  9.000000E+01  9.000000E+01  9.000000E+01
  0.000000E+00 -1.982593E+01  4.022971E+15 -1.841245E+01 -6.471132E-01
 -8.118357E-01 -6.471132E-01 -2.014289E+01 -1.375379E-01 -8.118357E-01
 -1.375379E-01 -2.092244E+01  3.034448E-02  1.206245E-02  1.039613E-02
  5.472113E-02  5.690969E+02  5.791718E+01  0.000000E+00  0.000000E+00
  0.000000E+00  5.791718E+01  0.000000E+00  0.000000E+00  0.000000E+00
  5.557896E+01 -2.337571E+03
     82000  4.100000E+01        52
  4.022971E+15  0.000000E+00 -1.230422E+05  2.371699E+04 -1.481177E+05
  0.000000E+00  0.000000E+00  0.000000E+00  0.000000E+00 -1.230421E+05
  0.000000E+00  7.003120E+03 -1.414181E+05  1.457041E+05  0.000000E+00
  0.000000E+00  0.000000E+00  0.000000E+00  1.864341E+05  0.000000E+00
  1.358531E+03  2.717061E+03  9.000000E+01  9.000000E+01  9.000000E+01
  0.000000E+00 -1.979880E+01  4.022971E+15 -1.838444E+01 -6.457283E-01
 -8.113089E-01 -6.457283E-01 -2.011802E+01 -1.315417E-01 -8.113089E-01
 -1.315417E-01 -2.089395E+01  3.034448E-02  1.206245E-02  1.039613E-02
  5.472113E-02  5.690969E+02  5.791718E+01  0.000000E+00  0.000000E+00
  0.000000E+00  5.791718E+01  0.000000E+00  0.000000E+00  0.000000E+00
  5.557896E+01 -2.334373E+03
     83000  4.150000E+01        52
  4.022971E+15  0.000000E+00 -1.230434E+05  2.371900E+04 -1.481211E+05
  0.000000E+00  0.000000E+00  0.000000E+00  0.000000E+00 -1.230432E+05
  0.000000E+00  6.993743E+03 -1.414310E+05  1.457073E+05  0.000000E+00
  0.000000E+00  0.000000E+00  0.000000E+00  1.864341E+05  0.000000E+00
  1.358757E+03  2.717514E+03  9.000000E+01  9.000000E+01  9.000000E+01
  0.000000E+00 -1.977230E+01  4.022971E+15 -1.835714E+01 -6.446863E-01
 -8.110370E-01 -6.446863E-01 -2.009388E+01 -1.258082E-01 -8.110370E-01
 -1.258082E-01 -2.086587E+01  3.034448E-02  1.206245E-02  1.039613E-02
  5.472113E-02  5.690969E+02  5.791718E+01  0.000000E+00  0.000000E+00
  0.000000E+00  5.791718E+01  0.000000E+00  0.000000E+00  0.000000E+00
  5.557896E+01 -2.331248E+03
     84000  4.200000E+01        52
  4.022971E+15  0.000000E+00 -1.230445E+05  2.372096E+04 -1.481244E+05
  0.000000E+00  0.000000E+00  0.000000E+00  0.000000E+00 -1.230444E+05
  0.000000E+00  6.984513E+03 -1.414438E+05  1.457103E+05  0.000000E+00
  0.000000E+00  0.000000E+00  0.000000E+00  1.864341E+05  0.000000E+00
  1.358979E+03  2.717958E+03  9.000000E+01  9.000000E+01  9.000000E+01
  0.000000E+00 -1.974620E+01  4.022971E+15 -1.833037E+01 -6.438756E-01
 -8.110109E-01 -6.438756E-01 -2.007023E+01 -1.203870E-01 -8.110109E-01
 -1.203870E-01 -2.083800E+01  3.034448E-02  1.206245E-02  1.039613E-02
  5.472113E-02  5.690969E+02  5.791718E+01  0.000000E+00  0.000000E+00
  0.000000E+00  5.791718E+01  0.000000E+00  0.000000E+00  0.000000E+00
  5.557896E+01 -2.328171E+03
     85000  4.250000E+01        52
  4.022971E+15  0.000000E+00 -1.230456E+05  2.372289E+04 -1.481277E+05
  0.000000E+00  0.000000E+00  0.000000E+00  0.000000E+00 -1.230455E+05
  0.000000E+00  6.975405E+03 -1.414563E+05  1.457133E+05  0.000000E+00
  0.000000E+00  0.000000E+00  0.000000E+00  1.864341E+05  0.000000E+00
  1.359197E+03  2.718395E+03  9.000000E+01  9.000000E+01  9.000000E+01
  0.000000E+00 -1.972045E+01  4.022971E+15 -1.830397E+01 -6.432235E-01
 -8.112227E-01 -6.432235E-01 -2.004712E+01 -1.153319E-01 -8.112227E-01
 -1.153319E-01 -2.081026E+01  3.034448E-02  1.206245E-02  1.039613E-02
  5.472113E-02  5.690969E+02  5.791718E+01  0.000000E+00  0.000000E+00
  0.000000E+00  5.791718E+01  0.000000E+00  0.000000E+00  0.000000E+00
  5.557896E+01 -2.325135E+03
     86000  4.300000E+01        52
  4.022971E+15  0.000000E+00 -1.230467E+05  2.372480E+04 -1.481310E+05
  0.000000E+00  0.000000E+00  0.000000E+00  0.000000E+00 -1.230466E+05
  0.000000E+00  6.966355E+03 -1.414688E+05  1.457163E+05  0.000000E+00
  0.000000E+00  0.000000E+00  0.000000E+00  1.864341E+05  0.000000E+00
  1.359412E+03  2.718824E+03  9.000000E+01  9.000000E+01  9.000000E+01
  0.000000E+00 -1.969487E+01  4.022971E+15 -1.827788E+01 -6.426568E-01
 -8.116767E-01 -6.426568E-01 -2.002425E+01 -1.107544E-01 -8.116767E-01
 -1.107544E-01 -2.078247E+01  3.034448E-02  1.206245E-02  1.039613E-02
  5.472113E-02  5.690969E+02  5.791718E+01  0.000000E+00  0.000000E+00
  0.000000E+00  5.791718E+01  0.000000E+00  0.000000E+00  0.000000E+00
  5.557896E+01 -2.322118E+03
     87000  4.350000E+01        52
  4.022971E+15  0.000000E+00 -1.230478E+05  2.372669E+04 -1.481342E+05
  0.000000E+00  0.000000E+00  0.000000E+00  0.000000E+00 -1.230477E+05
  0.000000E+00  6.957327E+03 -1.414811E+05  1.457192E+05  0.000000E+00
  0.000000E+00  0.000000E+00  0.000000E+00  1.864341E+05  0.000000E+00
  1.359623E+03  2.719246E+03  9.000000E+01  9.000000E+01  9.000000E+01
  0.000000E+00 -1.966934E+01  4.022971E+15 -1.825203E+01 -6.420816E-01
 -8.124006E-01 -6.420816E-01 -2.000157E+01 -1.067282E-01 -8.124006E-01
 -1.067282E-01 -2.075443E+01  3.034448E-02  1.206245E-02  1.039613E-02
  5.472113E-02  5.690969E+02  5.791718E+01  0.000000E+00  0.000000E+00
  0.000000E+00  5.791718E+01  0.000000E+00  0.000000E+00  0.000000E+00
  5.557896E+01 -2.319109E+03
     88000  4.400000E+01        52
  4.022971E+15  0.000000E+00 -1.230489E+05  2.372858E+04 -1.481373E+05
  0.000000E+00  0.000000E+00  0.000000E+00  0.000000E+00 -1.230488E+05
  0.000000E+00  6.948268E+03 -1.414935E+05  1.457221E+05  0.000000E+00
  0.000000E+00  0.000000E+00  0.000000E+00  1.864341E+05  0.000000E+00
  1.359831E+03  2.719663E+03  9.000000E+01  9.000000E+01  9.000000E+01
  0.000000E+00 -1.964373E+01  4.022971E+15 -1.822617E+01 -6.414965E-01
 -8.133624E-01 -6.414965E-01 -1.997889E+01 -1.032200E-01 -8.133624E-01
 -1.032200E-01 -2.072613E+01  3.034448E-02  1.206245E-02  1.039613E-02
  5.472113E-02  5.690969E+02  5.791718E+01  0.000000E+00  0.000000E+00
  0.000000E+00  5.791718E+01  0.000000E+00  0.000000E+00  0.000000E+00
  5.557896E+01 -2.316089E+03
     89000  4.450000E+01        52
  4.022971E+15  0.000000E+00 -1.230500E+05  2.373048E+04 -1.481405E+05
  0.000000E+00  0.000000E+00  0.000000E+00  0.000000E+00 -1.230499E+05
  0.000000E+00  6.939187E+03 -1.415059E+05  1.457250E+05  0.000000E+00
  0.000000E+00  0.000000E+00  0.000000E+00  1.864341E+05  0.000000E+00
  1.360037E+03  2.720074E+03  9.000000E+01  9.000000E+01  9.000000E+01
  0.000000E+00 -1.961806E+01  4.022971E+15 -1.820040E+01 -6.409057E-01
 -8.145069E-01 -6.409057E-01 -1.995619E+01 -1.003425E-01 -8.145069E-01
 -1.003425E-01 -2.069758E+01  3.034448E-02  1.206245E-02  1.039613E-02
  5.472113E-02  5.690969E+02  5.791718E+01  0.000000E+00  0.000000E+00
  0.000000E+00  5.791718E+01  0.000000E+00  0.000000E+00  0.000000E+00
  5.557896E+01 -2.313062E+03
     90000  4.500000E+01        52
  4.022971E+15  0.000000E+00 -1.230510E+05  2.373238E+04 -1.481437E+05
  0.000000E+00  0.000000E+00  0.000000E+00  0.000000E+00 -1.230509E+05
  0.000000E+00  6.930085E+03 -1.415183E+05  1.457279E+05  0.000000E+00
  0.000000E+00  0.000000E+00  0.000000E+00  1.864341E+05  0.000000E+00
  1.360241E+03  2.720481E+03  9.000000E+01  9.000000E+01  9.000000E+01
  0.000000E+00 -1.959233E+01  4.022971E+15 -1.817468E+01 -6.402645E-01
 -8.156940E-01 -6.402645E-01 -1.993345E+01 -9.800080E-02 -8.156940E-01
 -9.800080E-02 -2.066884E+01  3.034448E-02  1.206245E-02  1.039613E-02
  5.472113E-02  5.690969E+02  5.791718E+01  0.000000E+00  0.000000E+00
  0.000000E+00  5.791718E+01  0.000000E+00  0.000000E+00  0.000000E+00
  5.557896E+01 -2.310028E+03
     91000  4.550000E+01        52
  4.022971E+15  0.000000E+00 -1.230521E+05  2.373428E+04 -1.481468E+05
  0.000000E+00  0.000000E+00  0.000000E+00  0.000000E+00 -1.230520E+05
  0.000000E+00  6.920947E+03 -1.415307E+05  1.457308E+05  0.000000E+00
  0.000000E+00  0.000000E+00  0.000000E+00  1.864341E+05  0.000000E+00
  1.360442E+03  2.720884E+03  9.000000E+01  9.000000E+01  9.000000E+01
  0.000000E+00 -1.956649E+01  4.022971E+15 -1.814895E+01 -6.396170E-01
 -8.168744E-01 -6.396170E-01 -1.991065E+01 -9.609448E-02 -8.168744E-01
 -9.609448E-02 -2.063987E+01  3.034448E-02  1.206245E-02  1.039613E-02
  5.472113E-02  5.690969E+02  5.791718E+01  0.000000E+00  0.000000E+00
  0.000000E+00  5.791718E+01  0.000000E+00  0.000000E+00  0.000000E+00
  5.557896E+01 -2.306982E+03
     92000  4.600000E+01        52
  4.022971E+15  0.000000E+00 -1.230531E+05  2.373618E+04 -1.481499E+05
  0.000000E+00  0.000000E+00  0.000000E+00  0.000000E+00 -1.230530E+05
  0.000000E+00  6.911785E+03 -1.415431E+05  1.457336E+05  0.000000E+00
  0.000000E+00  0.000000E+00  0.000000E+00  1.864341E+05  0.000000E+00
  1.360640E+03  2.721281E+03  9.000000E+01  9.000000E+01  9.000000E+01
  0.000000E+00 -1.954059E+01  4.022971E+15 -1.812314E+01 -6.389945E-01
 -8.179640E-01 -6.389945E-01 -1.988780E+01 -9.449555E-02 -8.179640E-01
 -9.449555E-02 -2.061082E+01  3.034448E-02  1.206245E-02  1.039613E-02
  5.472113E-02  5.690969E+02  5.791718E+01  0.000000E+00  0.000000E+00
  0.000000E+00  5.791718E+01  0.000000E+00  0.000000E+00  0.000000E+00
  5.557896E+01 -2.303928E+03
     93000  4.650000E+01        52
  4.022971E+15  0.000000E+00 -1.230541E+05  2.373808E+04 -1.481530E+05
  0.000000E+00  0.000000E+00  0.000000E+00  0.000000E+00 -1.230540E+05
  0.000000E+00  6.902613E+03 -1.415555E+05  1.457365E+05  0.000000E+00
  0.000000E+00  0.000000E+00  0.000000E+00  1.864341E+05  0.000000E+00
  1.360836E+03  2.721672E+03  9.000000E+01  9.000000E+01  9.000000E+01
  0.000000E+00 -1.951466E+01  4.022971E+15 -1.809726E+01 -6.383452E-01
 -8.188381E-01 -6.383452E-01 -1.986487E+01 -9.315978E-02 -8.188381E-01
 -9.315978E-02 -2.058184E+01  3.034448E-02  1.206245E-02  1.039613E-02
  5.472113E-02  5.690969E+02  5.791718E+01  0.000000E+00  0.000000E+00
  0.000000E+00  5.791718E+01  0.000000E+00  0.000000E+00  0.000000E+00
  5.557896E+01 -2.300871E+03
     94000  4.700000E+01        52
  4.022971E+15  0.000000E+00 -1.230551E+05  2.373997E+04 -1.481561E+05
  0.000000E+00  0.000000E+00  0.000000E+00  0.000000E+00 -1.230550E+05
  0.000000E+00  6.893437E+03 -1.415679E+05  1.457393E+05  0.000000E+00
  0.000000E+00  0.000000E+00  0.000000E+00  1.864341E+05  0.000000E+00
  1.361028E+03  2.722055E+03  9.000000E+01  9.000000E+01  9.000000E+01
  0.000000E+00 -1.948872E+01  4.022971E+15 -1.807137E+01 -6.378319E-01
 -8.194855E-01 -6.378319E-01 -1.984196E+01 -9.193941E-02 -8.194855E-01
 -9.193941E-02 -2.055282E+01  3.034448E-02  1.206245E-02  1.039613E-02
  5.472113E-02  5.690969E+02  5.791718E+01  0.000000E+00  0.000000E+00
  0.000000E+00  5.791718E+01  0.000000E+00  0.000000E+00  0.000000E+00
  5.557896E+01 -2.297812E+03
     95000  4.750000E+01        52
  4.022971E+15  0.000000E+00 -1.230561E+05  2.374185E+04 -1.481591E+05
  0.000000E+00  0.000000E+00  0.000000E+00  0.000000E+00 -1.230560E+05
  0.000000E+00  6.884270E+03 -1.415802E+05  1.457420E+05  0.000000E+00
  0.000000E+00  0.000000E+00  0.000000E+00  1.864341E+05  0.000000E+00
  1.361215E+03  2.722431E+03  9.000000E+01  9.000000E+01  9.000000E+01
  0.000000E+00 -1.946280E+01  4.022971E+15 -1.804536E+01 -6.373191E-01
 -8.198448E-01 -6.373191E-01 -1.981901E+01 -9.077155E-02 -8.198448E-01
 -9.077155E-02 -2.052403E+01  3.034448E-02  1.206245E-02  1.039613E-02
  5.472113E-02  5.690969E+02  5.791718E+01  0.000000E+00  0.000000E+00
  0.000000E+00  5.791718E+01  0.000000E+00  0.000000E+00  0.000000E+00
  5.557896E+01 -2.294757E+03
     96000  4.800000E+01        52
  4.022971E+15  0.000000E+00 -1.230570E+05  2.374373E+04 -1.481622E+05
  0.000000E+00  0.000000E+00  0.000000E+00  0.000000E+00 -1.230569E+05
  0.000000E+00  6.875115E+03 -1.415925E+05  1.457448E+05  0.000000E+00
  0.000000E+00  0.000000E+00  0.000000E+00  1.864341E+05  0.000000E+00
  1.361399E+03  2.722798E+03  9.000000E+01  9.000000E+01  9.000000E+01
  0.000000E+00 -1.943692E+01  4.022971E+15 -1.801930E+01 -6.369185E-01
 -8.198779E-01 -6.369185E-01 -1.979598E+01 -8.964207E-02 -8.198779E-01
 -8.964207E-02 -2.049547E+01  3.034448E-02  1.206245E-02  1.039613E-02
  5.472113E-02  5.690969E+02  5.791718E+01  0.000000E+00  0.000000E+00
  0.000000E+00  5.791718E+01  0.000000E+00  0.000000E+00  0.000000E+00
  5.557896E+01 -2.291705E+03
     97000  4.850000E+01        52
  4.022971E+15  0.000000E+00 -1.230580E+05  2.374559E+04 -1.481652E+05
  0.000000E+00  0.000000E+00  0.000000E+00  0.000000E+00 -1.230579E+05
  0.000000E+00  6.865961E+03 -1.416047E+05  1.457475E+05  0.000000E+00
  0.000000E+00  0.000000E+00  0.000000E+00  1.864341E+05  0.000000E+00
  1.361578E+03  2.723156E+03  9.000000E+01  9.000000E+01  9.000000E+01
  0.000000E+00 -1.941104E+01  4.022971E+15 -1.799320E+01 -6.365284E-01
 -8.195872E-01 -6.365284E-01 -1.977281E+01 -8.852811E-02 -8.195872E-01
 -8.852811E-02 -2.046710E+01  3.034448E-02  1.206245E-02  1.039613E-02
  5.472113E-02  5.690969E+02  5.791718E+01  0.000000E+00  0.000000E+00
  0.000000E+00  5.791718E+01  0.000000E+00  0.000000E+00  0.000000E+00
  5.557896E+01 -2.288654E+03
     98000  4.900000E+01        52
  4.022971E+15  0.000000E+00 -1.230589E+05  2.374745E+04 -1.481681E+05
  0.000000E+00  0.000000E+00  0.000000E+00  0.000000E+00 -1.230588E+05
  0.000000E+00  6.856828E+03 -1.416169E+05  1.457502E+05  0.000000E+00
  0.000000E+00  0.000000E+00  0.000000E+00  1.864341E+05  0.000000E+00
  1.361753E+03  2.723506E+03  9.000000E+01  9.000000E+01  9.000000E+01
  0.000000E+00 -1.938522E+01  4.022971E+15 -1.796713E+01 -6.361813E-01
 -8.190146E-01 -6.361813E-01 -1.974948E+01 -8.734431E-02 -8.190146E-01
 -8.734431E-02 -2.043904E+01  3.034448E-02  1.206245E-02  1.039613E-02
  5.472113E-02  5.690969E+02  5.791718E+01  0.000000E+00  0.000000E+00
  0.000000E+00  5.791718E+01  0.000000E+00  0.000000E+00  0.000000E+00
  5.557896E+01 -2.285609E+03
     99000  4.950000E+01        52
  4.022971E+15  0.000000E+00 -1.230599E+05  2.374931E+04 -1.481711E+05
  0.000000E+00  0.000000E+00  0.000000E+00  0.000000E+00 -1.230597E+05
  0.000000E+00  6.847681E+03 -1.416291E+05  1.457529E+05  0.000000E+00
  0.000000E+00  0.000000E+00  0.000000E+00  1.864341E+05  0.000000E+00
  1.361924E+03  2.723848E+03  9.000000E+01  9.000000E+01  9.000000E+01
  0.000000E+00 -1.935936E+01  4.022971E+15 -1.794104E+01 -6.358165E-01
 -8.181408E-01 -6.358165E-01 -1.972590E+01 -8.614280E-02 -8.181408E-01
 -8.614280E-02 -2.041113E+01  3.034448E-02  1.206245E-02  1.039613E-02
  5.472113E-02  5.690969E+02  5.791718E+01  0.000000E+00  0.000000E+00
  0.000000E+00  5.791718E+01  0.000000E+00  0.000000E+00  0.000000E+00
  5.557896E+01 -2.282560E+03
    100000  5.000000E+01        52
  4.022971E+15  0.000000E+00 -1.230608E+05  2.375116E+04 -1.481740E+05
  0.000000E+00  0.000000E+00  0.000000E+00  0.000000E+00 -1.230607E+05
  0.000000E+00  6.838573E+03 -1.416412E+05  1.457556E+05  0.000000E+00
  0.000000E+00  0.000000E+00  0.000000E+00  1.864341E+05  0.000000E+00
  1.362092E+03  2.724185E+03  9.000000E+01  9.000000E+01  9.000000E+01
  0.000000E+00 -1.933361E+01  4.022971E+15 -1.791507E+01 -6.354672E-01
 -8.169812E-01 -6.354672E-01 -1.970213E+01 -8.487125E-02 -8.169812E-01
 -8.487125E-02 -2.038362E+01  3.034448E-02  1.206245E-02  1.039613E-02
  5.472113E-02  5.690969E+02  5.791718E+01  0.000000E+00  0.000000E+00
  0.000000E+00  5.791718E+01  0.000000E+00  0.000000E+00  0.000000E+00
  5.557896E+01 -2.279524E+03
