#Li56 La24 Zr16 O96                                                     
        15       120
Li      Li      
  2.500000E-02  0.000000E+00  0.000000E+00
  7.500000E-02  0.000000E+00  0.000000E+00
  1.250000E-01  0.000000E+00  0.000000E+00
  1.750000E-01  0.000000E+00  0.000000E+00
  2.250000E-01  0.000000E+00  0.000000E+00
  2.750000E-01  0.000000E+00  0.000000E+00
  3.250000E-01  0.000000E+00  0.000000E+00
  3.750000E-01  0.000000E+00  0.000000E+00
  4.250000E-01  0.000000E+00  0.000000E+00
  4.750000E-01  0.000000E+00  0.000000E+00
  5.250000E-01  0.000000E+00  0.000000E+00
  5.750000E-01  0.000000E+00  0.000000E+00
  6.250000E-01  0.000000E+00  0.000000E+00
  6.750000E-01  0.000000E+00  0.000000E+00
  7.250000E-01  0.000000E+00  0.000000E+00
  7.750000E-01  0.000000E+00  0.000000E+00
  8.250000E-01  0.000000E+00  0.000000E+00
  8.750000E-01  0.000000E+00  0.000000E+00
  9.250000E-01  0.000000E+00  0.000000E+00
  9.750000E-01  0.000000E+00  0.000000E+00
  1.025000E+00  0.000000E+00  0.000000E+00
  1.075000E+00  7.973867E-05  1.322304E-06
  1.125000E+00  1.820236E-03  3.437992E-05
  1.175000E+00  1.448380E-02  3.213200E-04
  1.225000E+00  7.326088E-02  1.898829E-03
  1.275000E+00  2.405822E-01  7.510689E-03
  1.325000E+00  5.837471E-01  2.221604E-02
  1.375000E+00  1.114652E+00  5.245449E-02
  1.425000E+00  1.913923E+00  1.082200E-01
  1.475000E+00  2.924290E+00  1.995080E-01
  1.525000E+00  3.822213E+00  3.270522E-01
  1.575000E+00  4.431257E+00  4.847740E-01
  1.625000E+00  4.662476E+00  6.614286E-01
  1.675000E+00  4.411649E+00  8.390233E-01
  1.725000E+00  4.061819E+00  1.012442E+00
  1.775000E+00  3.511450E+00  1.171180E+00
  1.825000E+00  2.749830E+00  1.302589E+00
  1.875000E+00  2.084183E+00  1.407720E+00
  1.925000E+00  1.598404E+00  1.492705E+00
  1.975000E+00  1.190182E+00  1.559314E+00
  2.025000E+00  9.120869E-01  1.612977E+00
  2.075000E+00  7.093696E-01  1.656800E+00
  2.125000E+00  5.918672E-01  1.695147E+00
  2.175000E+00  5.111605E-01  1.729841E+00
  2.225000E+00  4.701652E-01  1.763237E+00
  2.275000E+00  4.479636E-01  1.796503E+00
  2.325000E+00  4.367810E-01  1.830379E+00
  2.375000E+00  4.186661E-01  1.864261E+00
  2.425000E+00  4.211702E-01  1.899797E+00
  2.475000E+00  4.250279E-01  1.937152E+00
  2.525000E+00  4.448764E-01  1.977847E+00
  2.575000E+00  4.716623E-01  2.022719E+00
  2.625000E+00  4.918641E-01  2.071346E+00
  2.675000E+00  5.232614E-01  2.125068E+00
  2.725000E+00  5.532483E-01  2.184011E+00
  2.775000E+00  5.656858E-01  2.246511E+00
  2.825000E+00  6.024950E-01  2.315498E+00
  2.875000E+00  6.163312E-01  2.388590E+00
  2.925000E+00  6.571434E-01  2.469255E+00
  2.975000E+00  6.724155E-01  2.554642E+00
  3.025000E+00  7.034390E-01  2.646996E+00
  3.075000E+00  7.154579E-01  2.744058E+00
  3.125000E+00  7.515328E-01  2.849357E+00
  3.175000E+00  7.636048E-01  2.959799E+00
  3.225000E+00  7.706914E-01  3.074803E+00
  3.275000E+00  7.827153E-01  3.195252E+00
  3.325000E+00  7.962739E-01  3.321557E+00
  3.375000E+00  8.109407E-01  3.454087E+00
  3.425000E+00  7.997167E-01  3.588683E+00
  3.475000E+00  7.768692E-01  3.723279E+00
  3.525000E+00  7.778913E-01  3.861958E+00
  3.575000E+00  7.794324E-01  4.004882E+00
  3.625000E+00  7.886448E-01  4.153568E+00
  3.675000E+00  8.104389E-01  4.310608E+00
  3.725000E+00  8.226966E-01  4.474390E+00
  3.775000E+00  8.318841E-01  4.644477E+00
  3.825000E+00  8.596837E-01  4.824934E+00
  3.875000E+00  8.568101E-01  5.009521E+00
  3.925000E+00  8.664979E-01  5.201044E+00
  3.975000E+00  8.999283E-01  5.405056E+00
  4.025000E+00  9.090547E-01  5.616353E+00
  4.075000E+00  9.235979E-01  5.836398E+00
  4.125000E+00  9.384514E-01  6.065502E+00
  4.175000E+00  9.275557E-01  6.297468E+00
  4.225000E+00  9.397718E-01  6.538153E+00
  4.275000E+00  9.562291E-01  6.788883E+00
  4.325000E+00  9.697177E-01  7.049132E+00
  4.375000E+00  9.709123E-01  7.315762E+00
  4.425000E+00  9.730483E-01  7.589120E+00
  4.475000E+00  9.803421E-01  7.870787E+00
  4.525000E+00  9.931452E-01  8.162544E+00
  4.575000E+00  9.913223E-01  8.460237E+00
  4.625000E+00  9.966100E-01  8.766096E+00
  4.675000E+00  9.872011E-01  9.075652E+00
  4.725000E+00  9.949691E-01  9.394354E+00
  4.775000E+00  1.012739E+00  9.725650E+00
  4.825000E+00  1.008913E+00  1.006264E+01
  4.875000E+00  1.013085E+00  1.040808E+01
  4.925000E+00  1.022872E+00  1.076404E+01
  4.975000E+00  1.025063E+00  1.112804E+01
  5.025000E+00  1.029556E+00  1.150103E+01
  5.075000E+00  1.033649E+00  1.188299E+01
  5.125000E+00  1.041243E+00  1.227537E+01
  5.175000E+00  1.050183E+00  1.267888E+01
  5.225000E+00  1.057838E+00  1.309323E+01
  5.275000E+00  1.066130E+00  1.351885E+01
  5.325000E+00  1.065103E+00  1.395217E+01
  5.375000E+00  1.063005E+00  1.439278E+01
  5.425000E+00  1.050966E+00  1.483655E+01
  5.475000E+00  1.044335E+00  1.528569E+01
  5.525000E+00  1.038610E+00  1.574056E+01
  5.575000E+00  1.037601E+00  1.620325E+01
  5.625000E+00  1.042840E+00  1.667666E+01
  5.675000E+00  1.040731E+00  1.715754E+01
  5.725000E+00  1.039998E+00  1.764659E+01
  5.775000E+00  1.044416E+00  1.814633E+01
  5.825000E+00  1.048967E+00  1.865698E+01
  5.875000E+00  1.048721E+00  1.917632E+01
  5.925000E+00  1.043818E+00  1.970206E+01
  5.975000E+00  1.039177E+00  2.023433E+01
Li      La      
  2.500000E-02  0.000000E+00  0.000000E+00
  7.500000E-02  0.000000E+00  0.000000E+00
  1.250000E-01  0.000000E+00  0.000000E+00
  1.750000E-01  0.000000E+00  0.000000E+00
  2.250000E-01  0.000000E+00  0.000000E+00
  2.750000E-01  0.000000E+00  0.000000E+00
  3.250000E-01  0.000000E+00  0.000000E+00
  3.750000E-01  0.000000E+00  0.000000E+00
  4.250000E-01  0.000000E+00  0.000000E+00
  4.750000E-01  0.000000E+00  0.000000E+00
  5.250000E-01  0.000000E+00  0.000000E+00
  5.750000E-01  0.000000E+00  0.000000E+00
  6.250000E-01  0.000000E+00  0.000000E+00
  6.750000E-01  0.000000E+00  0.000000E+00
  7.250000E-01  0.000000E+00  0.000000E+00
  7.750000E-01  0.000000E+00  0.000000E+00
  8.250000E-01  0.000000E+00  0.000000E+00
  8.750000E-01  0.000000E+00  0.000000E+00
  9.250000E-01  0.000000E+00  0.000000E+00
  9.750000E-01  0.000000E+00  0.000000E+00
  1.025000E+00  0.000000E+00  0.000000E+00
  1.075000E+00  0.000000E+00  0.000000E+00
  1.125000E+00  0.000000E+00  0.000000E+00
  1.175000E+00  0.000000E+00  0.000000E+00
  1.225000E+00  0.000000E+00  0.000000E+00
  1.275000E+00  0.000000E+00  0.000000E+00
  1.325000E+00  0.000000E+00  0.000000E+00
  1.375000E+00  0.000000E+00  0.000000E+00
  1.425000E+00  0.000000E+00  0.000000E+00
  1.475000E+00  0.000000E+00  0.000000E+00
  1.525000E+00  0.000000E+00  0.000000E+00
  1.575000E+00  0.000000E+00  0.000000E+00
  1.625000E+00  0.000000E+00  0.000000E+00
  1.675000E+00  0.000000E+00  0.000000E+00
  1.725000E+00  0.000000E+00  0.000000E+00
  1.775000E+00  0.000000E+00  0.000000E+00
  1.825000E+00  0.000000E+00  0.000000E+00
  1.875000E+00  0.000000E+00  0.000000E+00
  1.925000E+00  0.000000E+00  0.000000E+00
  1.975000E+00  0.000000E+00  0.000000E+00
  2.025000E+00  0.000000E+00  0.000000E+00
  2.075000E+00  0.000000E+00  0.000000E+00
  2.125000E+00  3.331300E-04  9.250009E-06
  2.175000E+00  2.589351E-03  8.457151E-05
  2.225000E+00  1.449846E-02  5.259291E-04
  2.275000E+00  5.468386E-02  2.266252E-03
  2.325000E+00  1.688591E-01  7.879026E-03
  2.375000E+00  4.003985E-01  2.176659E-02
  2.425000E+00  7.656676E-01  4.945319E-02
  2.475000E+00  1.186116E+00  9.413008E-02
  2.525000E+00  1.652591E+00  1.589178E-01
  2.575000E+00  2.009742E+00  2.408583E-01
  2.625000E+00  2.262707E+00  3.367301E-01
  2.675000E+00  2.489390E+00  4.462627E-01
  2.725000E+00  2.676765E+00  5.684838E-01
  2.775000E+00  2.748341E+00  6.986202E-01
  2.825000E+00  2.840993E+00  8.380350E-01
  2.875000E+00  2.873608E+00  9.840860E-01
  2.925000E+00  2.807140E+00  1.131764E+00
  2.975000E+00  2.706536E+00  1.279060E+00
  3.025000E+00  2.573078E+00  1.423838E+00
  3.075000E+00  2.432696E+00  1.565280E+00
  3.125000E+00  2.228476E+00  1.699096E+00
  3.175000E+00  2.044980E+00  1.825854E+00
  3.225000E+00  1.828518E+00  1.942793E+00
  3.275000E+00  1.652794E+00  2.051796E+00
  3.325000E+00  1.512372E+00  2.154607E+00
  3.375000E+00  1.409878E+00  2.253355E+00
  3.425000E+00  1.263702E+00  2.344507E+00
  3.475000E+00  1.153085E+00  2.430125E+00
  3.525000E+00  1.074704E+00  2.512237E+00
  3.575000E+00  1.026777E+00  2.592928E+00
  3.625000E+00  9.714345E-01  2.671421E+00
  3.675000E+00  9.116062E-01  2.747125E+00
  3.725000E+00  8.508705E-01  2.819721E+00
  3.775000E+00  8.005138E-01  2.889866E+00
  3.825000E+00  7.880730E-01  2.960763E+00
  3.875000E+00  7.425132E-01  3.029319E+00
  3.925000E+00  7.355458E-01  3.098995E+00
  3.975000E+00  6.966069E-01  3.166675E+00
  4.025000E+00  6.874464E-01  3.235155E+00
  4.075000E+00  7.056941E-01  3.307211E+00
  4.125000E+00  6.830195E-01  3.378673E+00
  4.175000E+00  6.906827E-01  3.452699E+00
  4.225000E+00  7.086594E-01  3.530483E+00
  4.275000E+00  7.165741E-01  3.611007E+00
  4.325000E+00  7.340686E-01  3.695439E+00
  4.375000E+00  7.465781E-01  3.783306E+00
  4.425000E+00  7.648903E-01  3.875398E+00
  4.475000E+00  7.762892E-01  3.970986E+00
  4.525000E+00  7.881285E-01  4.070213E+00
  4.575000E+00  8.035031E-01  4.173623E+00
  4.625000E+00  7.992799E-01  4.278751E+00
  4.675000E+00  8.132141E-01  4.388037E+00
  4.725000E+00  8.282742E-01  4.501740E+00
  4.775000E+00  8.441402E-01  4.620086E+00
  4.825000E+00  8.651005E-01  4.743925E+00
  4.875000E+00  8.627373E-01  4.869998E+00
  4.925000E+00  8.986598E-01  5.004028E+00
  4.975000E+00  9.153188E-01  5.143328E+00
  5.025000E+00  9.375320E-01  5.288892E+00
  5.075000E+00  9.569858E-01  5.440447E+00
  5.125000E+00  9.810531E-01  5.598891E+00
  5.175000E+00  1.014388E+00  5.765930E+00
  5.225000E+00  1.030290E+00  5.938882E+00
  5.275000E+00  1.060917E+00  6.120400E+00
  5.325000E+00  1.070987E+00  6.307131E+00
  5.375000E+00  1.094503E+00  6.501563E+00
  5.425000E+00  1.124824E+00  6.705116E+00
  5.475000E+00  1.138345E+00  6.914931E+00
  5.525000E+00  1.155103E+00  7.131741E+00
  5.575000E+00  1.158065E+00  7.353058E+00
  5.625000E+00  1.177510E+00  7.582147E+00
  5.675000E+00  1.179240E+00  7.815668E+00
  5.725000E+00  1.181872E+00  8.053854E+00
  5.775000E+00  1.176703E+00  8.295157E+00
  5.825000E+00  1.179222E+00  8.541183E+00
  5.875000E+00  1.177635E+00  8.791114E+00
  5.925000E+00  1.178155E+00  9.045429E+00
  5.975000E+00  1.172305E+00  9.302770E+00
Li      Zr      
  2.500000E-02  0.000000E+00  0.000000E+00
  7.500000E-02  0.000000E+00  0.000000E+00
  1.250000E-01  0.000000E+00  0.000000E+00
  1.750000E-01  0.000000E+00  0.000000E+00
  2.250000E-01  0.000000E+00  0.000000E+00
  2.750000E-01  0.000000E+00  0.000000E+00
  3.250000E-01  0.000000E+00  0.000000E+00
  3.750000E-01  0.000000E+00  0.000000E+00
  4.250000E-01  0.000000E+00  0.000000E+00
  4.750000E-01  0.000000E+00  0.000000E+00
  5.250000E-01  0.000000E+00  0.000000E+00
  5.750000E-01  0.000000E+00  0.000000E+00
  6.250000E-01  0.000000E+00  0.000000E+00
  6.750000E-01  0.000000E+00  0.000000E+00
  7.250000E-01  0.000000E+00  0.000000E+00
  7.750000E-01  0.000000E+00  0.000000E+00
  8.250000E-01  0.000000E+00  0.000000E+00
  8.750000E-01  0.000000E+00  0.000000E+00
  9.250000E-01  0.000000E+00  0.000000E+00
  9.750000E-01  0.000000E+00  0.000000E+00
  1.025000E+00  0.000000E+00  0.000000E+00
  1.075000E+00  0.000000E+00  0.000000E+00
  1.125000E+00  0.000000E+00  0.000000E+00
  1.175000E+00  0.000000E+00  0.000000E+00
  1.225000E+00  0.000000E+00  0.000000E+00
  1.275000E+00  0.000000E+00  0.000000E+00
  1.325000E+00  0.000000E+00  0.000000E+00
  1.375000E+00  0.000000E+00  0.000000E+00
  1.425000E+00  0.000000E+00  0.000000E+00
  1.475000E+00  0.000000E+00  0.000000E+00
  1.525000E+00  0.000000E+00  0.000000E+00
  1.575000E+00  0.000000E+00  0.000000E+00
  1.625000E+00  0.000000E+00  0.000000E+00
  1.675000E+00  0.000000E+00  0.000000E+00
  1.725000E+00  0.000000E+00  0.000000E+00
  1.775000E+00  0.000000E+00  0.000000E+00
  1.825000E+00  0.000000E+00  0.000000E+00
  1.875000E+00  0.000000E+00  0.000000E+00
  1.925000E+00  4.349397E-05  6.607149E-07
  1.975000E+00  8.263947E-04  1.387501E-05
  2.025000E+00  6.210118E-03  1.182680E-04
  2.075000E+00  3.009634E-02  6.494828E-04
  2.125000E+00  1.017950E-01  2.533842E-03
  2.175000E+00  2.476918E-01  7.337239E-03
  2.225000E+00  4.483344E-01  1.643595E-02
  2.275000E+00  6.984959E-01  3.125578E-02
  2.325000E+00  1.020042E+00  5.385950E-02
  2.375000E+00  1.387898E+00  8.595175E-02
  2.425000E+00  1.886460E+00  1.314281E-01
  2.475000E+00  2.467674E+00  1.933939E-01
  2.525000E+00  3.081537E+00  2.739324E-01
  2.575000E+00  3.494960E+00  3.689294E-01
  2.625000E+00  3.821478E+00  4.768743E-01
  2.675000E+00  3.812673E+00  5.887122E-01
  2.725000E+00  3.598077E+00  6.982376E-01
  2.775000E+00  3.216644E+00  7.997783E-01
  2.825000E+00  2.816623E+00  8.919242E-01
  2.875000E+00  2.349911E+00  9.715470E-01
  2.925000E+00  1.946083E+00  1.039800E+00
  2.975000E+00  1.605525E+00  1.098051E+00
  3.025000E+00  1.357587E+00  1.148975E+00
  3.075000E+00  1.162125E+00  1.194021E+00
  3.125000E+00  1.022593E+00  1.234958E+00
  3.175000E+00  9.098001E-01  1.272554E+00
  3.225000E+00  8.159619E-01  1.307342E+00
  3.275000E+00  7.482894E-01  1.340242E+00
  3.325000E+00  7.060831E-01  1.372242E+00
  3.375000E+00  6.660167E-01  1.403341E+00
  3.425000E+00  6.651386E-01  1.435325E+00
  3.475000E+00  6.681592E-01  1.468400E+00
  3.525000E+00  6.468875E-01  1.501350E+00
  3.575000E+00  6.393490E-01  1.534846E+00
  3.625000E+00  6.233914E-01  1.568426E+00
  3.675000E+00  6.519895E-01  1.604522E+00
  3.725000E+00  6.646547E-01  1.642328E+00
  3.775000E+00  6.855860E-01  1.682378E+00
  3.825000E+00  6.832027E-01  1.723353E+00
  3.875000E+00  7.194206E-01  1.767635E+00
  3.925000E+00  7.499002E-01  1.814993E+00
  3.975000E+00  7.648878E-01  1.864535E+00
  4.025000E+00  7.891314E-01  1.916942E+00
  4.075000E+00  8.207657E-01  1.972812E+00
  4.125000E+00  8.374391E-01  2.031224E+00
  4.175000E+00  8.789005E-01  2.094024E+00
  4.225000E+00  8.777971E-01  2.158256E+00
  4.275000E+00  8.789123E-01  2.224101E+00
  4.325000E+00  8.905295E-01  2.292386E+00
  4.375000E+00  8.890274E-01  2.362141E+00
  4.425000E+00  8.839740E-01  2.433093E+00
  4.475000E+00  8.842916E-01  2.505685E+00
  4.525000E+00  8.767990E-01  2.579279E+00
  4.575000E+00  9.033576E-01  2.656786E+00
  4.625000E+00  9.053008E-01  2.736168E+00
  4.675000E+00  9.094399E-01  2.817646E+00
  4.725000E+00  9.021417E-01  2.900208E+00
  4.775000E+00  9.285547E-01  2.986996E+00
  4.825000E+00  9.355663E-01  3.076280E+00
  4.875000E+00  9.400211E-01  3.167857E+00
  4.925000E+00  9.568084E-01  3.262992E+00
  4.975000E+00  9.811286E-01  3.362536E+00
  5.025000E+00  1.007762E+00  3.466848E+00
  5.075000E+00  1.026440E+00  3.575218E+00
  5.125000E+00  1.042249E+00  3.687436E+00
  5.175000E+00  1.060460E+00  3.803853E+00
  5.225000E+00  1.074681E+00  3.924122E+00
  5.275000E+00  1.097090E+00  4.049260E+00
  5.325000E+00  1.111400E+00  4.178445E+00
  5.375000E+00  1.121950E+00  4.311317E+00
  5.425000E+00  1.142148E+00  4.449109E+00
  5.475000E+00  1.133836E+00  4.588431E+00
  5.525000E+00  1.140827E+00  4.731185E+00
  5.575000E+00  1.154283E+00  4.878248E+00
  5.625000E+00  1.151576E+00  5.027610E+00
  5.675000E+00  1.143905E+00  5.178626E+00
  5.725000E+00  1.149245E+00  5.333033E+00
  5.775000E+00  1.155963E+00  5.491066E+00
  5.825000E+00  1.144521E+00  5.650257E+00
  5.875000E+00  1.138320E+00  5.811315E+00
  5.925000E+00  1.126370E+00  5.973406E+00
  5.975000E+00  1.131259E+00  6.138960E+00
Li      O       
  2.500000E-02  0.000000E+00  0.000000E+00
  7.500000E-02  0.000000E+00  0.000000E+00
  1.250000E-01  0.000000E+00  0.000000E+00
  1.750000E-01  0.000000E+00  0.000000E+00
  2.250000E-01  0.000000E+00  0.000000E+00
  2.750000E-01  0.000000E+00  0.000000E+00
  3.250000E-01  0.000000E+00  0.000000E+00
  3.750000E-01  0.000000E+00  0.000000E+00
  4.250000E-01  0.000000E+00  0.000000E+00
  4.750000E-01  0.000000E+00  0.000000E+00
  5.250000E-01  0.000000E+00  0.000000E+00
  5.750000E-01  0.000000E+00  0.000000E+00
  6.250000E-01  0.000000E+00  0.000000E+00
  6.750000E-01  0.000000E+00  0.000000E+00
  7.250000E-01  0.000000E+00  0.000000E+00
  7.750000E-01  0.000000E+00  0.000000E+00
  8.250000E-01  7.891378E-05  1.321430E-06
  8.750000E-01  7.015512E-05  2.642860E-06
  9.250000E-01  4.080542E-04  1.123215E-05
  9.750000E-01  5.876552E-03  1.486609E-04
  1.025000E+00  1.214037E-01  3.286396E-03
  1.075000E+00  1.139891E+00  3.569116E-02
  1.125000E+00  5.064152E+00  1.933556E-01
  1.175000E+00  1.269415E+01  6.244727E-01
  1.225000E+00  1.958634E+01  1.347469E+00
  1.275000E+00  1.050542E+01  1.767557E+00
  1.325000E+00  4.009140E+00  1.940692E+00
  1.375000E+00  1.387950E+00  2.005239E+00
  1.425000E+00  4.938884E-01  2.029909E+00
  1.475000E+00  2.161596E-01  2.041476E+00
  1.525000E+00  1.159282E-01  2.048108E+00
  1.575000E+00  7.692527E-02  2.052802E+00
  1.625000E+00  6.164463E-02  2.056806E+00
  1.675000E+00  5.529091E-02  2.060621E+00
  1.725000E+00  5.088656E-02  2.064346E+00
  1.775000E+00  5.289444E-02  2.068445E+00
  1.825000E+00  5.622194E-02  2.073051E+00
  1.875000E+00  6.815539E-02  2.078944E+00
  1.925000E+00  7.682484E-02  2.085946E+00
  1.975000E+00  8.951231E-02  2.094534E+00
  2.025000E+00  1.015498E-01  2.104777E+00
  2.075000E+00  1.366688E-01  2.119250E+00
  2.125000E+00  1.529126E-01  2.136234E+00
  2.175000E+00  1.904422E-01  2.158393E+00
  2.225000E+00  2.557306E-01  2.189533E+00
  2.275000E+00  3.136485E-01  2.229460E+00
  2.325000E+00  3.940558E-01  2.281853E+00
  2.375000E+00  4.912925E-01  2.350014E+00
  2.425000E+00  5.957385E-01  2.436182E+00
  2.475000E+00  7.274278E-01  2.545780E+00
  2.525000E+00  8.373132E-01  2.677083E+00
  2.575000E+00  9.346779E-01  2.829517E+00
  2.625000E+00  1.007765E+00  3.000315E+00
  2.675000E+00  1.050793E+00  3.185253E+00
  2.725000E+00  1.088306E+00  3.384021E+00
  2.775000E+00  1.105072E+00  3.593326E+00
  2.825000E+00  1.097679E+00  3.808790E+00
  2.875000E+00  1.100908E+00  4.032604E+00
  2.925000E+00  1.079936E+00  4.259858E+00
  2.975000E+00  1.072450E+00  4.493318E+00
  3.025000E+00  1.048940E+00  4.729399E+00
  3.075000E+00  1.050286E+00  4.973662E+00
  3.125000E+00  1.036881E+00  5.222713E+00
  3.175000E+00  1.046183E+00  5.482104E+00
  3.225000E+00  1.047815E+00  5.750146E+00
  3.275000E+00  1.057578E+00  6.029140E+00
  3.325000E+00  1.058459E+00  6.316956E+00
  3.375000E+00  1.087303E+00  6.621575E+00
  3.425000E+00  1.103245E+00  6.939886E+00
  3.475000E+00  1.128855E+00  7.275164E+00
  3.525000E+00  1.135069E+00  7.622059E+00
  3.575000E+00  1.148826E+00  7.983189E+00
  3.625000E+00  1.173407E+00  8.362437E+00
  3.675000E+00  1.192931E+00  8.758703E+00
  3.725000E+00  1.199516E+00  9.168073E+00
  3.775000E+00  1.204128E+00  9.590122E+00
  3.825000E+00  1.194795E+00  1.002007E+01
  3.875000E+00  1.189207E+00  1.045926E+01
  3.925000E+00  1.182386E+00  1.090728E+01
  3.975000E+00  1.169146E+00  1.136164E+01
  4.025000E+00  1.142056E+00  1.181671E+01
  4.075000E+00  1.118078E+00  1.227336E+01
  4.125000E+00  1.092813E+00  1.273071E+01
  4.175000E+00  1.068377E+00  1.318874E+01
  4.225000E+00  1.047639E+00  1.364870E+01
  4.275000E+00  1.028662E+00  1.411108E+01
  4.325000E+00  1.022937E+00  1.458170E+01
  4.375000E+00  1.007366E+00  1.505595E+01
  4.425000E+00  1.004708E+00  1.553981E+01
  4.475000E+00  9.956289E-01  1.603019E+01
  4.525000E+00  9.960145E-01  1.653179E+01
  4.575000E+00  9.941498E-01  1.704358E+01
  4.625000E+00  9.979859E-01  1.756863E+01
  4.675000E+00  1.006295E+00  1.810957E+01
  4.725000E+00  1.009456E+00  1.866387E+01
  4.775000E+00  1.004073E+00  1.922694E+01
  4.825000E+00  1.014602E+00  1.980790E+01
  4.875000E+00  1.022941E+00  2.040583E+01
  4.925000E+00  1.022832E+00  2.101603E+01
  4.975000E+00  1.020114E+00  2.163703E+01
  5.025000E+00  1.018637E+00  2.226965E+01
  5.075000E+00  1.018067E+00  2.291457E+01
  5.125000E+00  1.022787E+00  2.357530E+01
  5.175000E+00  1.015071E+00  2.424391E+01
  5.225000E+00  1.019371E+00  2.492839E+01
  5.275000E+00  1.014641E+00  2.562279E+01
  5.325000E+00  1.012753E+00  2.632910E+01
  5.375000E+00  1.004145E+00  2.704262E+01
  5.425000E+00  1.000247E+00  2.776666E+01
  5.475000E+00  1.003266E+00  2.850633E+01
  5.525000E+00  9.933237E-01  2.925210E+01
  5.575000E+00  9.874827E-01  3.000697E+01
  5.625000E+00  9.860613E-01  3.077434E+01
  5.675000E+00  9.835564E-01  3.155342E+01
  5.725000E+00  9.844347E-01  3.234700E+01
  5.775000E+00  9.879633E-01  3.315740E+01
  5.825000E+00  9.886309E-01  3.398245E+01
  5.875000E+00  9.926640E-01  3.482515E+01
  5.925000E+00  9.954511E-01  3.568465E+01
  5.975000E+00  9.935224E-01  3.655704E+01
Li      O_s     
  2.500000E-02  0.000000E+00  0.000000E+00
  7.500000E-02  0.000000E+00  0.000000E+00
  1.250000E-01  0.000000E+00  0.000000E+00
  1.750000E-01  0.000000E+00  0.000000E+00
  2.250000E-01  0.000000E+00  0.000000E+00
  2.750000E-01  0.000000E+00  0.000000E+00
  3.250000E-01  0.000000E+00  0.000000E+00
  3.750000E-01  0.000000E+00  0.000000E+00
  4.250000E-01  0.000000E+00  0.000000E+00
  4.750000E-01  0.000000E+00  0.000000E+00
  5.250000E-01  0.000000E+00  0.000000E+00
  5.750000E-01  8.119969E-05  6.607149E-07
  6.250000E-01  0.000000E+00  6.607149E-07
  6.750000E-01  1.178657E-04  1.982145E-06
  7.250000E-01  5.108760E-05  2.642860E-06
  7.750000E-01  8.942102E-05  3.964290E-06
  8.250000E-01  1.183707E-04  5.946435E-06
  8.750000E-01  3.156980E-04  1.189287E-05
  9.250000E-01  1.035830E-03  3.369646E-05
  9.750000E-01  6.766511E-02  1.616109E-03
  1.025000E+00  4.591279E+00  1.202799E-01
  1.075000E+00  2.391911E+01  8.002513E-01
  1.125000E+00  2.513810E+01  1.582887E+00
  1.175000E+00  8.604460E+00  1.875110E+00
  1.225000E+00  2.338696E+00  1.961439E+00
  1.275000E+00  9.062013E-01  1.997676E+00
  1.325000E+00  4.426177E-01  2.016791E+00
  1.375000E+00  2.575066E-01  2.028766E+00
  1.425000E+00  1.654540E-01  2.037030E+00
  1.475000E+00  1.128578E-01  2.043070E+00
  1.525000E+00  7.775515E-02  2.047518E+00
  1.575000E+00  6.363877E-02  2.051401E+00
  1.625000E+00  5.281501E-02  2.054831E+00
  1.675000E+00  4.853154E-02  2.058181E+00
  1.725000E+00  4.771800E-02  2.061673E+00
  1.775000E+00  4.844394E-02  2.065427E+00
  1.825000E+00  5.552834E-02  2.069976E+00
  1.875000E+00  6.952308E-02  2.075988E+00
  1.925000E+00  8.102926E-02  2.083374E+00
  1.975000E+00  1.002830E-01  2.092995E+00
  2.025000E+00  1.211235E-01  2.105212E+00
  2.075000E+00  1.764105E-01  2.123894E+00
  2.125000E+00  2.147320E-01  2.147744E+00
  2.175000E+00  2.778157E-01  2.180069E+00
  2.225000E+00  3.629606E-01  2.224266E+00
  2.275000E+00  4.690168E-01  2.283972E+00
  2.325000E+00  5.887655E-01  2.362253E+00
  2.375000E+00  7.205277E-01  2.462217E+00
  2.425000E+00  8.252250E-01  2.581578E+00
  2.475000E+00  9.177363E-01  2.719850E+00
  2.525000E+00  9.765473E-01  2.872987E+00
  2.575000E+00  1.006350E+00  3.037109E+00
  2.625000E+00  1.036106E+00  3.212710E+00
  2.675000E+00  1.057610E+00  3.398849E+00
  2.725000E+00  1.051042E+00  3.590811E+00
  2.775000E+00  1.023932E+00  3.784747E+00
  2.825000E+00  1.012610E+00  3.983513E+00
  2.875000E+00  9.864776E-01  4.184063E+00
  2.925000E+00  9.786271E-01  4.389998E+00
  2.975000E+00  9.672613E-01  4.600559E+00
  3.025000E+00  9.709311E-01  4.819084E+00
  3.075000E+00  9.677844E-01  5.044160E+00
  3.125000E+00  9.797199E-01  5.279481E+00
  3.175000E+00  9.794691E-01  5.522331E+00
  3.225000E+00  9.969923E-01  5.777372E+00
  3.275000E+00  1.014334E+00  6.044958E+00
  3.325000E+00  1.039820E+00  6.327706E+00
  3.375000E+00  1.059432E+00  6.624516E+00
  3.425000E+00  1.084487E+00  6.937415E+00
  3.475000E+00  1.098963E+00  7.263816E+00
  3.525000E+00  1.131582E+00  7.609645E+00
  3.575000E+00  1.145219E+00  7.969641E+00
  3.625000E+00  1.171972E+00  8.348425E+00
  3.675000E+00  1.194920E+00  8.745352E+00
  3.725000E+00  1.199909E+00  9.154856E+00
  3.775000E+00  1.203994E+00  9.576858E+00
  3.825000E+00  1.196683E+00  1.000748E+01
  3.875000E+00  1.187030E+00  1.044587E+01
  3.925000E+00  1.164177E+00  1.088699E+01
  3.975000E+00  1.152964E+00  1.133506E+01
  4.025000E+00  1.130415E+00  1.178549E+01
  4.075000E+00  1.108632E+00  1.223828E+01
  4.125000E+00  1.092848E+00  1.269565E+01
  4.175000E+00  1.060525E+00  1.315031E+01
  4.225000E+00  1.047934E+00  1.361040E+01
  4.275000E+00  1.031118E+00  1.407389E+01
  4.325000E+00  1.011511E+00  1.453926E+01
  4.375000E+00  1.001151E+00  1.501057E+01
  4.425000E+00  9.986661E-01  1.549152E+01
  4.475000E+00  9.872972E-01  1.597781E+01
  4.525000E+00  9.811460E-01  1.647192E+01
  4.575000E+00  9.863362E-01  1.697968E+01
  4.625000E+00  9.867247E-01  1.749881E+01
  4.675000E+00  9.885317E-01  1.803019E+01
  4.725000E+00  9.900127E-01  1.857382E+01
  4.775000E+00  9.957806E-01  1.913224E+01
  4.825000E+00  9.999743E-01  1.970483E+01
  4.875000E+00  1.007473E+00  2.029372E+01
  4.925000E+00  1.002968E+00  2.089207E+01
  4.975000E+00  1.009407E+00  2.150655E+01
  5.025000E+00  1.015044E+00  2.213694E+01
  5.075000E+00  1.018806E+00  2.278232E+01
  5.125000E+00  1.021907E+00  2.344249E+01
  5.175000E+00  1.021929E+00  2.411561E+01
  5.225000E+00  1.022359E+00  2.480209E+01
  5.275000E+00  1.021707E+00  2.550133E+01
  5.325000E+00  1.024466E+00  2.621581E+01
  5.375000E+00  1.012824E+00  2.693550E+01
  5.425000E+00  1.011778E+00  2.766788E+01
  5.475000E+00  1.011150E+00  2.841337E+01
  5.525000E+00  1.007461E+00  2.916976E+01
  5.575000E+00  1.006971E+00  2.993953E+01
  5.625000E+00  1.002630E+00  3.071979E+01
  5.675000E+00  1.000291E+00  3.151213E+01
  5.725000E+00  9.936808E-01  3.231316E+01
  5.775000E+00  9.915662E-01  3.312651E+01
  5.825000E+00  9.987023E-01  3.395997E+01
  5.875000E+00  9.970450E-01  3.480638E+01
  5.925000E+00  9.996422E-01  3.566951E+01
  5.975000E+00  1.002893E+00  3.655012E+01
La      La      
  2.500000E-02  0.000000E+00  0.000000E+00
  7.500000E-02  0.000000E+00  0.000000E+00
  1.250000E-01  0.000000E+00  0.000000E+00
  1.750000E-01  0.000000E+00  0.000000E+00
  2.250000E-01  0.000000E+00  0.000000E+00
  2.750000E-01  0.000000E+00  0.000000E+00
  3.250000E-01  0.000000E+00  0.000000E+00
  3.750000E-01  0.000000E+00  0.000000E+00
  4.250000E-01  0.000000E+00  0.000000E+00
  4.750000E-01  0.000000E+00  0.000000E+00
  5.250000E-01  0.000000E+00  0.000000E+00
  5.750000E-01  0.000000E+00  0.000000E+00
  6.250000E-01  0.000000E+00  0.000000E+00
  6.750000E-01  0.000000E+00  0.000000E+00
  7.250000E-01  0.000000E+00  0.000000E+00
  7.750000E-01  0.000000E+00  0.000000E+00
  8.250000E-01  0.000000E+00  0.000000E+00
  8.750000E-01  0.000000E+00  0.000000E+00
  9.250000E-01  0.000000E+00  0.000000E+00
  9.750000E-01  0.000000E+00  0.000000E+00
  1.025000E+00  0.000000E+00  0.000000E+00
  1.075000E+00  0.000000E+00  0.000000E+00
  1.125000E+00  0.000000E+00  0.000000E+00
  1.175000E+00  0.000000E+00  0.000000E+00
  1.225000E+00  0.000000E+00  0.000000E+00
  1.275000E+00  0.000000E+00  0.000000E+00
  1.325000E+00  0.000000E+00  0.000000E+00
  1.375000E+00  0.000000E+00  0.000000E+00
  1.425000E+00  0.000000E+00  0.000000E+00
  1.475000E+00  0.000000E+00  0.000000E+00
  1.525000E+00  0.000000E+00  0.000000E+00
  1.575000E+00  0.000000E+00  0.000000E+00
  1.625000E+00  0.000000E+00  0.000000E+00
  1.675000E+00  0.000000E+00  0.000000E+00
  1.725000E+00  0.000000E+00  0.000000E+00
  1.775000E+00  0.000000E+00  0.000000E+00
  1.825000E+00  0.000000E+00  0.000000E+00
  1.875000E+00  0.000000E+00  0.000000E+00
  1.925000E+00  0.000000E+00  0.000000E+00
  1.975000E+00  0.000000E+00  0.000000E+00
  2.025000E+00  0.000000E+00  0.000000E+00
  2.075000E+00  0.000000E+00  0.000000E+00
  2.125000E+00  0.000000E+00  0.000000E+00
  2.175000E+00  0.000000E+00  0.000000E+00
  2.225000E+00  0.000000E+00  0.000000E+00
  2.275000E+00  0.000000E+00  0.000000E+00
  2.325000E+00  0.000000E+00  0.000000E+00
  2.375000E+00  0.000000E+00  0.000000E+00
  2.425000E+00  0.000000E+00  0.000000E+00
  2.475000E+00  0.000000E+00  0.000000E+00
  2.525000E+00  0.000000E+00  0.000000E+00
  2.575000E+00  0.000000E+00  0.000000E+00
  2.625000E+00  0.000000E+00  0.000000E+00
  2.675000E+00  0.000000E+00  0.000000E+00
  2.725000E+00  0.000000E+00  0.000000E+00
  2.775000E+00  0.000000E+00  0.000000E+00
  2.825000E+00  0.000000E+00  0.000000E+00
  2.875000E+00  0.000000E+00  0.000000E+00
  2.925000E+00  0.000000E+00  0.000000E+00
  2.975000E+00  0.000000E+00  0.000000E+00
  3.025000E+00  0.000000E+00  0.000000E+00
  3.075000E+00  5.311306E-05  3.088102E-06
  3.125000E+00  3.085625E-04  2.161671E-05
  3.175000E+00  1.394963E-03  1.080836E-04
  3.225000E+00  3.573261E-03  3.366031E-04
  3.275000E+00  9.318010E-03  9.511354E-04
  3.325000E+00  2.325839E-02  2.532244E-03
  3.375000E+00  5.140960E-02  6.132971E-03
  3.425000E+00  1.070745E-01  1.385631E-02
  3.475000E+00  1.947638E-01  2.831790E-02
  3.525000E+00  3.354700E-01  5.394914E-02
  3.575000E+00  5.359503E-01  9.606777E-02
  3.625000E+00  7.751940E-01  1.587037E-01
  3.675000E+00  1.047828E+00  2.457203E-01
  3.725000E+00  1.325260E+00  3.587911E-01
  3.775000E+00  1.576023E+00  4.968911E-01
  3.825000E+00  1.797655E+00  6.586119E-01
  3.875000E+00  2.019237E+00  8.450468E-01
  3.925000E+00  2.139628E+00  1.047728E+00
  3.975000E+00  2.214964E+00  1.262926E+00
  4.025000E+00  2.314409E+00  1.493477E+00
  4.075000E+00  2.300940E+00  1.728417E+00
  4.125000E+00  2.192134E+00  1.957773E+00
  4.175000E+00  2.146685E+00  2.187852E+00
  4.225000E+00  2.037207E+00  2.411459E+00
  4.275000E+00  1.875019E+00  2.622163E+00
  4.325000E+00  1.795483E+00  2.828677E+00
  4.375000E+00  1.665677E+00  3.024716E+00
  4.425000E+00  1.600162E+00  3.217373E+00
  4.475000E+00  1.514397E+00  3.403848E+00
  4.525000E+00  1.416116E+00  3.582140E+00
  4.575000E+00  1.335927E+00  3.754073E+00
  4.625000E+00  1.238734E+00  3.917001E+00
  4.675000E+00  1.202108E+00  4.078549E+00
  4.725000E+00  1.113567E+00  4.231416E+00
  4.775000E+00  1.069090E+00  4.381300E+00
  4.825000E+00  1.022326E+00  4.527645E+00
  4.875000E+00  9.778157E-01  4.670535E+00
  4.925000E+00  9.066301E-01  4.805754E+00
  4.975000E+00  8.784336E-01  4.939441E+00
  5.025000E+00  8.806307E-01  5.076170E+00
  5.075000E+00  8.334906E-01  5.208167E+00
  5.125000E+00  7.835965E-01  5.334721E+00
  5.175000E+00  7.505060E-01  5.458307E+00
  5.225000E+00  7.421346E-01  5.582887E+00
  5.275000E+00  7.243422E-01  5.706819E+00
  5.325000E+00  7.421531E-01  5.836216E+00
  5.375000E+00  7.244290E-01  5.964907E+00
  5.425000E+00  7.218196E-01  6.095530E+00
  5.475000E+00  7.210775E-01  6.228436E+00
  5.525000E+00  7.301484E-01  6.365483E+00
  5.575000E+00  7.163347E-01  6.502382E+00
  5.625000E+00  7.305610E-01  6.644515E+00
  5.675000E+00  7.537361E-01  6.793775E+00
  5.725000E+00  7.564568E-01  6.946225E+00
  5.775000E+00  7.510195E-01  7.100235E+00
  5.825000E+00  7.755114E-01  7.262033E+00
  5.875000E+00  7.566781E-01  7.422624E+00
  5.925000E+00  7.675662E-01  7.588310E+00
  5.975000E+00  8.069649E-01  7.765452E+00
La      Zr      
  2.500000E-02  0.000000E+00  0.000000E+00
  7.500000E-02  0.000000E+00  0.000000E+00
  1.250000E-01  0.000000E+00  0.000000E+00
  1.750000E-01  0.000000E+00  0.000000E+00
  2.250000E-01  0.000000E+00  0.000000E+00
  2.750000E-01  0.000000E+00  0.000000E+00
  3.250000E-01  0.000000E+00  0.000000E+00
  3.750000E-01  0.000000E+00  0.000000E+00
  4.250000E-01  0.000000E+00  0.000000E+00
  4.750000E-01  0.000000E+00  0.000000E+00
  5.250000E-01  0.000000E+00  0.000000E+00
  5.750000E-01  0.000000E+00  0.000000E+00
  6.250000E-01  0.000000E+00  0.000000E+00
  6.750000E-01  0.000000E+00  0.000000E+00
  7.250000E-01  0.000000E+00  0.000000E+00
  7.750000E-01  0.000000E+00  0.000000E+00
  8.250000E-01  0.000000E+00  0.000000E+00
  8.750000E-01  0.000000E+00  0.000000E+00
  9.250000E-01  0.000000E+00  0.000000E+00
  9.750000E-01  0.000000E+00  0.000000E+00
  1.025000E+00  0.000000E+00  0.000000E+00
  1.075000E+00  0.000000E+00  0.000000E+00
  1.125000E+00  0.000000E+00  0.000000E+00
  1.175000E+00  0.000000E+00  0.000000E+00
  1.225000E+00  0.000000E+00  0.000000E+00
  1.275000E+00  0.000000E+00  0.000000E+00
  1.325000E+00  0.000000E+00  0.000000E+00
  1.375000E+00  0.000000E+00  0.000000E+00
  1.425000E+00  0.000000E+00  0.000000E+00
  1.475000E+00  0.000000E+00  0.000000E+00
  1.525000E+00  0.000000E+00  0.000000E+00
  1.575000E+00  0.000000E+00  0.000000E+00
  1.625000E+00  0.000000E+00  0.000000E+00
  1.675000E+00  0.000000E+00  0.000000E+00
  1.725000E+00  0.000000E+00  0.000000E+00
  1.775000E+00  0.000000E+00  0.000000E+00
  1.825000E+00  0.000000E+00  0.000000E+00
  1.875000E+00  0.000000E+00  0.000000E+00
  1.925000E+00  0.000000E+00  0.000000E+00
  1.975000E+00  0.000000E+00  0.000000E+00
  2.025000E+00  0.000000E+00  0.000000E+00
  2.075000E+00  0.000000E+00  0.000000E+00
  2.125000E+00  0.000000E+00  0.000000E+00
  2.175000E+00  0.000000E+00  0.000000E+00
  2.225000E+00  0.000000E+00  0.000000E+00
  2.275000E+00  0.000000E+00  0.000000E+00
  2.325000E+00  0.000000E+00  0.000000E+00
  2.375000E+00  0.000000E+00  0.000000E+00
  2.425000E+00  0.000000E+00  0.000000E+00
  2.475000E+00  0.000000E+00  0.000000E+00
  2.525000E+00  0.000000E+00  0.000000E+00
  2.575000E+00  0.000000E+00  0.000000E+00
  2.625000E+00  0.000000E+00  0.000000E+00
  2.675000E+00  0.000000E+00  0.000000E+00
  2.725000E+00  0.000000E+00  0.000000E+00
  2.775000E+00  0.000000E+00  0.000000E+00
  2.825000E+00  0.000000E+00  0.000000E+00
  2.875000E+00  0.000000E+00  0.000000E+00
  2.925000E+00  4.395713E-05  1.541668E-06
  2.975000E+00  2.974442E-04  1.233335E-05
  3.025000E+00  1.274068E-03  6.012506E-05
  3.075000E+00  5.926225E-03  2.898336E-04
  3.125000E+00  1.906284E-02  1.052959E-03
  3.175000E+00  6.207955E-02  3.618295E-03
  3.225000E+00  1.486159E-01  9.954552E-03
  3.275000E+00  3.368943E-01  2.476690E-02
  3.325000E+00  6.573849E-01  5.455964E-02
  3.375000E+00  1.130763E+00  1.073587E-01
  3.425000E+00  1.732391E+00  1.906643E-01
  3.475000E+00  2.391393E+00  3.090413E-01
  3.525000E+00  3.014147E+00  4.625698E-01
  3.575000E+00  3.494171E+00  6.456337E-01
  3.625000E+00  3.721051E+00  8.460752E-01
  3.675000E+00  3.912932E+00  1.062707E+00
  3.725000E+00  3.828162E+00  1.280453E+00
  3.775000E+00  3.766380E+00  1.500473E+00
  3.825000E+00  3.694802E+00  1.722068E+00
  3.875000E+00  3.498957E+00  1.937439E+00
  3.925000E+00  3.257268E+00  2.143141E+00
  3.975000E+00  3.055760E+00  2.341065E+00
  4.025000E+00  2.825497E+00  2.528707E+00
  4.075000E+00  2.581720E+00  2.704447E+00
  4.125000E+00  2.351801E+00  2.868488E+00
  4.175000E+00  2.131506E+00  3.020789E+00
  4.225000E+00  1.878234E+00  3.158228E+00
  4.275000E+00  1.633442E+00  3.280599E+00
  4.325000E+00  1.484911E+00  3.394460E+00
  4.375000E+00  1.293858E+00  3.495979E+00
  4.425000E+00  1.158723E+00  3.588985E+00
  4.475000E+00  1.015072E+00  3.672312E+00
  4.525000E+00  9.203221E-01  3.749559E+00
  4.575000E+00  8.383614E-01  3.821490E+00
  4.625000E+00  7.791035E-01  3.889806E+00
  4.675000E+00  7.262879E-01  3.954875E+00
  4.725000E+00  6.618430E-01  4.015446E+00
  4.775000E+00  6.730774E-01  4.078355E+00
  4.825000E+00  6.433201E-01  4.139749E+00
  4.875000E+00  6.030520E-01  4.198499E+00
  4.925000E+00  5.901098E-01  4.257173E+00
  4.975000E+00  5.693734E-01  4.314941E+00
  5.025000E+00  5.537648E-01  4.372260E+00
  5.075000E+00  5.626783E-01  4.431667E+00
  5.125000E+00  5.851581E-01  4.494670E+00
  5.175000E+00  5.920212E-01  4.559663E+00
  5.225000E+00  5.934876E-01  4.626081E+00
  5.275000E+00  5.954680E-01  4.694002E+00
  5.325000E+00  6.068590E-01  4.764541E+00
  5.375000E+00  6.078187E-01  4.836525E+00
  5.425000E+00  6.216106E-01  4.911517E+00
  5.475000E+00  6.403702E-01  4.990204E+00
  5.525000E+00  6.481506E-01  5.071308E+00
  5.575000E+00  6.671061E-01  5.156302E+00
  5.625000E+00  6.683740E-01  5.242992E+00
  5.675000E+00  6.974504E-01  5.335068E+00
  5.725000E+00  7.248970E-01  5.432461E+00
  5.775000E+00  7.310622E-01  5.532406E+00
  5.825000E+00  7.191753E-01  5.632435E+00
  5.875000E+00  7.517803E-01  5.738803E+00
  5.925000E+00  7.512835E-01  5.846917E+00
  5.975000E+00  7.732418E-01  5.960077E+00
La      O       
  2.500000E-02  0.000000E+00  0.000000E+00
  7.500000E-02  0.000000E+00  0.000000E+00
  1.250000E-01  0.000000E+00  0.000000E+00
  1.750000E-01  0.000000E+00  0.000000E+00
  2.250000E-01  0.000000E+00  0.000000E+00
  2.750000E-01  0.000000E+00  0.000000E+00
  3.250000E-01  0.000000E+00  0.000000E+00
  3.750000E-01  0.000000E+00  0.000000E+00
  4.250000E-01  0.000000E+00  0.000000E+00
  4.750000E-01  0.000000E+00  0.000000E+00
  5.250000E-01  0.000000E+00  0.000000E+00
  5.750000E-01  0.000000E+00  0.000000E+00
  6.250000E-01  0.000000E+00  0.000000E+00
  6.750000E-01  0.000000E+00  0.000000E+00
  7.250000E-01  0.000000E+00  0.000000E+00
  7.750000E-01  0.000000E+00  0.000000E+00
  8.250000E-01  0.000000E+00  0.000000E+00
  8.750000E-01  0.000000E+00  0.000000E+00
  9.250000E-01  0.000000E+00  0.000000E+00
  9.750000E-01  0.000000E+00  0.000000E+00
  1.025000E+00  0.000000E+00  0.000000E+00
  1.075000E+00  0.000000E+00  0.000000E+00
  1.125000E+00  0.000000E+00  0.000000E+00
  1.175000E+00  0.000000E+00  0.000000E+00
  1.225000E+00  0.000000E+00  0.000000E+00
  1.275000E+00  0.000000E+00  0.000000E+00
  1.325000E+00  0.000000E+00  0.000000E+00
  1.375000E+00  0.000000E+00  0.000000E+00
  1.425000E+00  0.000000E+00  0.000000E+00
  1.475000E+00  0.000000E+00  0.000000E+00
  1.525000E+00  0.000000E+00  0.000000E+00
  1.575000E+00  0.000000E+00  0.000000E+00
  1.625000E+00  0.000000E+00  0.000000E+00
  1.675000E+00  0.000000E+00  0.000000E+00
  1.725000E+00  2.106356E-05  1.541668E-06
  1.775000E+00  1.989367E-05  3.083336E-06
  1.825000E+00  3.763722E-05  6.166673E-06
  1.875000E+00  1.782839E-05  7.708341E-06
  1.925000E+00  8.457160E-05  1.541668E-05
  1.975000E+00  1.606878E-04  3.083336E-05
  2.025000E+00  1.604936E-03  1.927085E-04
  2.075000E+00  1.355292E-02  1.628002E-03
  2.125000E+00  8.600307E-02  1.118018E-02
  2.175000E+00  3.541088E-01  5.238280E-02
  2.225000E+00  1.030553E+00  1.778700E-01
  2.275000E+00  2.149519E+00  4.515053E-01
  2.325000E+00  3.455343E+00  9.109193E-01
  2.375000E+00  4.501411E+00  1.535434E+00
  2.425000E+00  5.084606E+00  2.270873E+00
  2.475000E+00  5.158812E+00  3.048131E+00
  2.525000E+00  4.686539E+00  3.783050E+00
  2.575000E+00  3.859419E+00  4.412470E+00
  2.625000E+00  3.103158E+00  4.938398E+00
  2.675000E+00  2.418319E+00  5.364020E+00
  2.725000E+00  1.872523E+00  5.706018E+00
  2.775000E+00  1.492679E+00  5.988737E+00
  2.825000E+00  1.187269E+00  6.221786E+00
  2.875000E+00  9.930230E-01  6.423667E+00
  2.925000E+00  8.203720E-01  6.596300E+00
  2.975000E+00  7.079456E-01  6.750412E+00
  3.025000E+00  6.298350E-01  6.892166E+00
  3.075000E+00  5.709460E-01  7.024950E+00
  3.125000E+00  5.244399E-01  7.150917E+00
  3.175000E+00  5.071633E-01  7.276663E+00
  3.225000E+00  4.988939E-01  7.404286E+00
  3.275000E+00  5.025714E-01  7.536866E+00
  3.325000E+00  4.972313E-01  7.672073E+00
  3.375000E+00  5.109034E-01  7.815208E+00
  3.425000E+00  5.322806E-01  7.968783E+00
  3.475000E+00  5.520173E-01  8.132736E+00
  3.525000E+00  5.694795E-01  8.306778E+00
  3.575000E+00  5.979136E-01  8.494731E+00
  3.625000E+00  6.363406E-01  8.700397E+00
  3.675000E+00  6.724461E-01  8.923769E+00
  3.725000E+00  6.906584E-01  9.159476E+00
  3.775000E+00  7.378629E-01  9.418099E+00
  3.825000E+00  7.462976E-01  9.686653E+00
  3.875000E+00  7.734524E-01  9.972302E+00
  3.925000E+00  7.984531E-01  1.027484E+01
  3.975000E+00  8.276993E-01  1.059651E+01
  4.025000E+00  8.354764E-01  1.092941E+01
  4.075000E+00  8.575688E-01  1.127967E+01
  4.125000E+00  8.698012E-01  1.164369E+01
  4.175000E+00  8.792884E-01  1.202065E+01
  4.225000E+00  8.919903E-01  1.241227E+01
  4.275000E+00  9.108301E-01  1.282169E+01
  4.325000E+00  9.011179E-01  1.323627E+01
  4.375000E+00  9.212197E-01  1.366996E+01
  4.425000E+00  9.319770E-01  1.411879E+01
  4.475000E+00  9.477979E-01  1.458562E+01
  4.525000E+00  9.645694E-01  1.507138E+01
  4.575000E+00  9.924030E-01  1.558227E+01
  4.625000E+00  1.016965E+00  1.611731E+01
  4.675000E+00  1.053774E+00  1.668376E+01
  4.725000E+00  1.075322E+00  1.727423E+01
  4.775000E+00  1.105884E+00  1.789440E+01
  4.825000E+00  1.136514E+00  1.854516E+01
  4.875000E+00  1.176414E+00  1.923281E+01
  4.925000E+00  1.198123E+00  1.994758E+01
  4.975000E+00  1.221048E+00  2.069090E+01
  5.025000E+00  1.247289E+00  2.146553E+01
  5.075000E+00  1.258535E+00  2.226277E+01
  5.125000E+00  1.267888E+00  2.308184E+01
  5.175000E+00  1.272775E+00  2.392019E+01
  5.225000E+00  1.271060E+00  2.477367E+01
  5.275000E+00  1.267298E+00  2.564099E+01
  5.325000E+00  1.253634E+00  2.651529E+01
  5.375000E+00  1.247578E+00  2.740179E+01
  5.425000E+00  1.235190E+00  2.829590E+01
  5.475000E+00  1.209811E+00  2.918784E+01
  5.525000E+00  1.173332E+00  3.006877E+01
  5.575000E+00  1.150843E+00  3.094852E+01
  5.625000E+00  1.125266E+00  3.182421E+01
  5.675000E+00  1.104568E+00  3.269915E+01
  5.725000E+00  1.087718E+00  3.357599E+01
  5.775000E+00  1.068822E+00  3.445272E+01
  5.825000E+00  1.061071E+00  3.533822E+01
  5.875000E+00  1.045700E+00  3.622594E+01
  5.925000E+00  1.040559E+00  3.712439E+01
  5.975000E+00  1.025441E+00  3.802480E+01
La      O_s     
  2.500000E-02  0.000000E+00  0.000000E+00
  7.500000E-02  0.000000E+00  0.000000E+00
  1.250000E-01  0.000000E+00  0.000000E+00
  1.750000E-01  0.000000E+00  0.000000E+00
  2.250000E-01  0.000000E+00  0.000000E+00
  2.750000E-01  0.000000E+00  0.000000E+00
  3.250000E-01  0.000000E+00  0.000000E+00
  3.750000E-01  0.000000E+00  0.000000E+00
  4.250000E-01  0.000000E+00  0.000000E+00
  4.750000E-01  0.000000E+00  0.000000E+00
  5.250000E-01  0.000000E+00  0.000000E+00
  5.750000E-01  0.000000E+00  0.000000E+00
  6.250000E-01  0.000000E+00  0.000000E+00
  6.750000E-01  0.000000E+00  0.000000E+00
  7.250000E-01  0.000000E+00  0.000000E+00
  7.750000E-01  0.000000E+00  0.000000E+00
  8.250000E-01  0.000000E+00  0.000000E+00
  8.750000E-01  0.000000E+00  0.000000E+00
  9.250000E-01  0.000000E+00  0.000000E+00
  9.750000E-01  0.000000E+00  0.000000E+00
  1.025000E+00  0.000000E+00  0.000000E+00
  1.075000E+00  0.000000E+00  0.000000E+00
  1.125000E+00  0.000000E+00  0.000000E+00
  1.175000E+00  0.000000E+00  0.000000E+00
  1.225000E+00  0.000000E+00  0.000000E+00
  1.275000E+00  3.855355E-05  1.541668E-06
  1.325000E+00  0.000000E+00  1.541668E-06
  1.375000E+00  0.000000E+00  1.541668E-06
  1.425000E+00  0.000000E+00  1.541668E-06
  1.475000E+00  0.000000E+00  1.541668E-06
  1.525000E+00  0.000000E+00  1.541668E-06
  1.575000E+00  0.000000E+00  1.541668E-06
  1.625000E+00  0.000000E+00  1.541668E-06
  1.675000E+00  0.000000E+00  1.541668E-06
  1.725000E+00  2.106356E-05  3.083336E-06
  1.775000E+00  3.978735E-05  6.166673E-06
  1.825000E+00  0.000000E+00  6.166673E-06
  1.875000E+00  0.000000E+00  6.166673E-06
  1.925000E+00  6.765728E-05  1.233335E-05
  1.975000E+00  1.606878E-05  1.387501E-05
  2.025000E+00  1.528510E-05  1.541668E-05
  2.075000E+00  1.310164E-04  2.929170E-05
  2.125000E+00  2.193106E-03  2.728753E-04
  2.175000E+00  3.052708E-02  3.824879E-03
  2.225000E+00  2.298194E-01  3.180924E-02
  2.275000E+00  9.009809E-01  1.465047E-01
  2.325000E+00  2.189960E+00  4.376765E-01
  2.375000E+00  3.667146E+00  9.464471E-01
  2.425000E+00  4.776869E+00  1.637375E+00
  2.475000E+00  5.175040E+00  2.417078E+00
  2.525000E+00  4.927058E+00  3.189715E+00
  2.575000E+00  4.309583E+00  3.892550E+00
  2.625000E+00  3.512986E+00  4.487936E+00
  2.675000E+00  2.774034E+00  4.976164E+00
  2.725000E+00  2.191299E+00  5.376383E+00
  2.775000E+00  1.754929E+00  5.708773E+00
  2.825000E+00  1.418154E+00  5.987142E+00
  2.875000E+00  1.172245E+00  6.225460E+00
  2.925000E+00  9.630349E-01  6.428114E+00
  2.975000E+00  8.485730E-01  6.612838E+00
  3.025000E+00  7.272875E-01  6.776526E+00
  3.075000E+00  6.727194E-01  6.932979E+00
  3.125000E+00  6.283612E-01  7.083907E+00
  3.175000E+00  5.921372E-01  7.230721E+00
  3.225000E+00  5.831096E-01  7.379887E+00
  3.275000E+00  5.822308E-01  7.533482E+00
  3.325000E+00  5.797233E-01  7.691121E+00
  3.375000E+00  6.023051E-01  7.859862E+00
  3.425000E+00  6.176777E-01  8.038076E+00
  3.475000E+00  6.384575E-01  8.227703E+00
  3.525000E+00  6.530057E-01  8.427272E+00
  3.575000E+00  6.868784E-01  8.643190E+00
  3.625000E+00  7.049903E-01  8.871044E+00
  3.675000E+00  7.171165E-01  9.109255E+00
  3.725000E+00  7.398475E-01  9.361749E+00
  3.775000E+00  7.596792E-01  9.628019E+00
  3.825000E+00  7.851469E-01  9.910552E+00
  3.875000E+00  8.007361E-01  1.020628E+01
  3.925000E+00  8.160055E-01  1.051547E+01
  3.975000E+00  8.250732E-01  1.083611E+01
  4.025000E+00  8.298624E-01  1.116678E+01
  4.075000E+00  8.433232E-01  1.151122E+01
  4.125000E+00  8.556778E-01  1.186933E+01
  4.175000E+00  8.656343E-01  1.224044E+01
  4.225000E+00  8.697946E-01  1.262231E+01
  4.275000E+00  8.755859E-01  1.301589E+01
  4.325000E+00  8.861594E-01  1.342359E+01
  4.375000E+00  9.003038E-01  1.384743E+01
  4.425000E+00  9.092902E-01  1.428534E+01
  4.475000E+00  9.504835E-01  1.475349E+01
  4.525000E+00  9.746623E-01  1.524433E+01
  4.575000E+00  9.968262E-01  1.575750E+01
  4.625000E+00  1.021126E+00  1.629472E+01
  4.675000E+00  1.049969E+00  1.685913E+01
  4.725000E+00  1.084045E+00  1.745439E+01
  4.775000E+00  1.115929E+00  1.808019E+01
  4.825000E+00  1.148624E+00  1.873789E+01
  4.875000E+00  1.177100E+00  1.942594E+01
  4.925000E+00  1.205462E+00  2.014509E+01
  4.975000E+00  1.230927E+00  2.089442E+01
  5.025000E+00  1.255208E+00  2.167396E+01
  5.075000E+00  1.274600E+00  2.248139E+01
  5.125000E+00  1.265869E+00  2.329915E+01
  5.175000E+00  1.271148E+00  2.413643E+01
  5.225000E+00  1.264106E+00  2.498524E+01
  5.275000E+00  1.253620E+00  2.584320E+01
  5.325000E+00  1.235757E+00  2.670504E+01
  5.375000E+00  1.221313E+00  2.757287E+01
  5.425000E+00  1.193848E+00  2.843705E+01
  5.475000E+00  1.180682E+00  2.930752E+01
  5.525000E+00  1.153379E+00  3.017347E+01
  5.575000E+00  1.131993E+00  3.103881E+01
  5.625000E+00  1.095929E+00  3.189167E+01
  5.675000E+00  1.076940E+00  3.274473E+01
  5.725000E+00  1.054513E+00  3.359480E+01
  5.775000E+00  1.045992E+00  3.445280E+01
  5.825000E+00  1.037209E+00  3.531838E+01
  5.875000E+00  1.019791E+00  3.618411E+01
  5.925000E+00  1.013828E+00  3.705948E+01
  5.975000E+00  1.010206E+00  3.794651E+01
Zr      Zr      
  2.500000E-02  0.000000E+00  0.000000E+00
  7.500000E-02  0.000000E+00  0.000000E+00
  1.250000E-01  0.000000E+00  0.000000E+00
  1.750000E-01  0.000000E+00  0.000000E+00
  2.250000E-01  0.000000E+00  0.000000E+00
  2.750000E-01  0.000000E+00  0.000000E+00
  3.250000E-01  0.000000E+00  0.000000E+00
  3.750000E-01  0.000000E+00  0.000000E+00
  4.250000E-01  0.000000E+00  0.000000E+00
  4.750000E-01  0.000000E+00  0.000000E+00
  5.250000E-01  0.000000E+00  0.000000E+00
  5.750000E-01  0.000000E+00  0.000000E+00
  6.250000E-01  0.000000E+00  0.000000E+00
  6.750000E-01  0.000000E+00  0.000000E+00
  7.250000E-01  0.000000E+00  0.000000E+00
  7.750000E-01  0.000000E+00  0.000000E+00
  8.250000E-01  0.000000E+00  0.000000E+00
  8.750000E-01  0.000000E+00  0.000000E+00
  9.250000E-01  0.000000E+00  0.000000E+00
  9.750000E-01  0.000000E+00  0.000000E+00
  1.025000E+00  0.000000E+00  0.000000E+00
  1.075000E+00  0.000000E+00  0.000000E+00
  1.125000E+00  0.000000E+00  0.000000E+00
  1.175000E+00  0.000000E+00  0.000000E+00
  1.225000E+00  0.000000E+00  0.000000E+00
  1.275000E+00  0.000000E+00  0.000000E+00
  1.325000E+00  0.000000E+00  0.000000E+00
  1.375000E+00  0.000000E+00  0.000000E+00
  1.425000E+00  0.000000E+00  0.000000E+00
  1.475000E+00  0.000000E+00  0.000000E+00
  1.525000E+00  0.000000E+00  0.000000E+00
  1.575000E+00  0.000000E+00  0.000000E+00
  1.625000E+00  0.000000E+00  0.000000E+00
  1.675000E+00  0.000000E+00  0.000000E+00
  1.725000E+00  0.000000E+00  0.000000E+00
  1.775000E+00  0.000000E+00  0.000000E+00
  1.825000E+00  0.000000E+00  0.000000E+00
  1.875000E+00  0.000000E+00  0.000000E+00
  1.925000E+00  0.000000E+00  0.000000E+00
  1.975000E+00  0.000000E+00  0.000000E+00
  2.025000E+00  0.000000E+00  0.000000E+00
  2.075000E+00  0.000000E+00  0.000000E+00
  2.125000E+00  0.000000E+00  0.000000E+00
  2.175000E+00  0.000000E+00  0.000000E+00
  2.225000E+00  0.000000E+00  0.000000E+00
  2.275000E+00  0.000000E+00  0.000000E+00
  2.325000E+00  0.000000E+00  0.000000E+00
  2.375000E+00  0.000000E+00  0.000000E+00
  2.425000E+00  0.000000E+00  0.000000E+00
  2.475000E+00  0.000000E+00  0.000000E+00
  2.525000E+00  0.000000E+00  0.000000E+00
  2.575000E+00  0.000000E+00  0.000000E+00
  2.625000E+00  0.000000E+00  0.000000E+00
  2.675000E+00  0.000000E+00  0.000000E+00
  2.725000E+00  0.000000E+00  0.000000E+00
  2.775000E+00  0.000000E+00  0.000000E+00
  2.825000E+00  0.000000E+00  0.000000E+00
  2.875000E+00  1.368147E-04  4.635735E-06
  2.925000E+00  1.189596E-03  4.635735E-05
  2.975000E+00  7.155225E-03  3.059585E-04
  3.025000E+00  2.558168E-02  1.265556E-03
  3.075000E+00  6.494107E-02  3.782760E-03
  3.125000E+00  1.442873E-01  9.558887E-03
  3.175000E+00  2.445566E-01  1.966479E-02
  3.225000E+00  3.671828E-01  3.531967E-02
  3.275000E+00  5.088335E-01  5.769173E-02
  3.325000E+00  6.749013E-01  8.827831E-02
  3.375000E+00  8.747604E-01  1.291238E-01
  3.425000E+00  9.538113E-01  1.749897E-01
  3.475000E+00  1.043903E+00  2.266643E-01
  3.525000E+00  1.198433E+00  2.877077E-01
  3.575000E+00  1.300259E+00  3.558298E-01
  3.625000E+00  1.423417E+00  4.325049E-01
  3.675000E+00  1.434602E+00  5.119289E-01
  3.725000E+00  1.383960E+00  5.906483E-01
  3.775000E+00  1.292787E+00  6.661691E-01
  3.825000E+00  1.191963E+00  7.376568E-01
  3.875000E+00  1.071930E+00  8.036372E-01
  3.925000E+00  1.000089E+00  8.667945E-01
  3.975000E+00  9.911921E-01  9.309948E-01
  4.025000E+00  8.491691E-01  9.873885E-01
  4.075000E+00  7.371341E-01  1.037566E+00
  4.125000E+00  6.115732E-01  1.080224E+00
  4.175000E+00  6.066795E-01  1.123572E+00
  4.225000E+00  5.826491E-01  1.166207E+00
  4.275000E+00  5.742357E-01  1.209227E+00
  4.325000E+00  5.113403E-01  1.248436E+00
  4.375000E+00  4.448909E-01  1.283343E+00
  4.425000E+00  4.392254E-01  1.318598E+00
  4.475000E+00  4.555551E-01  1.355994E+00
  4.525000E+00  4.727166E-01  1.395672E+00
  4.575000E+00  5.020984E-01  1.438752E+00
  4.625000E+00  4.874945E-01  1.481498E+00
  4.675000E+00  5.312977E-01  1.529097E+00
  4.725000E+00  5.560264E-01  1.579984E+00
  4.775000E+00  5.929999E-01  1.635409E+00
  4.825000E+00  6.217230E-01  1.694741E+00
  4.875000E+00  6.998742E-01  1.762924E+00
  4.925000E+00  7.377208E-01  1.836275E+00
  4.975000E+00  7.683380E-01  1.914230E+00
  5.025000E+00  7.992088E-01  1.996954E+00
  5.075000E+00  8.594555E-01  2.087694E+00
  5.125000E+00  8.912050E-01  2.183649E+00
  5.175000E+00  9.871099E-01  2.292014E+00
  5.225000E+00  1.001281E+00  2.404069E+00
  5.275000E+00  1.018683E+00  2.520264E+00
  5.325000E+00  1.022016E+00  2.639059E+00
  5.375000E+00  1.040707E+00  2.762310E+00
  5.425000E+00  1.045513E+00  2.888443E+00
  5.475000E+00  1.036238E+00  3.015773E+00
  5.525000E+00  1.052243E+00  3.147442E+00
  5.575000E+00  1.095673E+00  3.287038E+00
  5.625000E+00  1.107662E+00  3.430704E+00
  5.675000E+00  1.197821E+00  3.588838E+00
  5.725000E+00  1.141175E+00  3.742160E+00
  5.775000E+00  1.120280E+00  3.895316E+00
  5.825000E+00  1.177621E+00  4.059110E+00
  5.875000E+00  1.184069E+00  4.226641E+00
  5.925000E+00  1.229563E+00  4.403582E+00
  5.975000E+00  1.241445E+00  4.585262E+00
Zr      O       
  2.500000E-02  0.000000E+00  0.000000E+00
  7.500000E-02  0.000000E+00  0.000000E+00
  1.250000E-01  0.000000E+00  0.000000E+00
  1.750000E-01  0.000000E+00  0.000000E+00
  2.250000E-01  0.000000E+00  0.000000E+00
  2.750000E-01  0.000000E+00  0.000000E+00
  3.250000E-01  0.000000E+00  0.000000E+00
  3.750000E-01  0.000000E+00  0.000000E+00
  4.250000E-01  0.000000E+00  0.000000E+00
  4.750000E-01  0.000000E+00  0.000000E+00
  5.250000E-01  0.000000E+00  0.000000E+00
  5.750000E-01  0.000000E+00  0.000000E+00
  6.250000E-01  0.000000E+00  0.000000E+00
  6.750000E-01  0.000000E+00  0.000000E+00
  7.250000E-01  0.000000E+00  0.000000E+00
  7.750000E-01  0.000000E+00  0.000000E+00
  8.250000E-01  0.000000E+00  0.000000E+00
  8.750000E-01  0.000000E+00  0.000000E+00
  9.250000E-01  0.000000E+00  0.000000E+00
  9.750000E-01  0.000000E+00  0.000000E+00
  1.025000E+00  0.000000E+00  0.000000E+00
  1.075000E+00  0.000000E+00  0.000000E+00
  1.125000E+00  0.000000E+00  0.000000E+00
  1.175000E+00  0.000000E+00  0.000000E+00
  1.225000E+00  6.264685E-05  2.312502E-06
  1.275000E+00  0.000000E+00  2.312502E-06
  1.325000E+00  5.354863E-05  4.625005E-06
  1.375000E+00  0.000000E+00  4.625005E-06
  1.425000E+00  4.629749E-05  6.937507E-06
  1.475000E+00  0.000000E+00  6.937507E-06
  1.525000E+00  0.000000E+00  6.937507E-06
  1.575000E+00  0.000000E+00  6.937507E-06
  1.625000E+00  0.000000E+00  6.937507E-06
  1.675000E+00  3.350964E-05  9.250009E-06
  1.725000E+00  0.000000E+00  9.250009E-06
  1.775000E+00  1.999314E-03  1.641877E-04
  1.825000E+00  3.590591E-02  3.105691E-03
  1.875000E+00  3.499267E-01  3.336478E-02
  1.925000E+00  1.688371E+00  1.872526E-01
  1.975000E+00  4.533060E+00  6.221626E-01
  2.025000E+00  7.752022E+00  1.404038E+00
  2.075000E+00  9.246724E+00  2.383293E+00
  2.125000E+00  8.272764E+00  3.302131E+00
  2.175000E+00  6.023951E+00  4.003053E+00
  2.225000E+00  3.858888E+00  4.472937E+00
  2.275000E+00  2.385570E+00  4.776622E+00
  2.325000E+00  1.493466E+00  4.975189E+00
  2.375000E+00  9.697553E-01  5.109731E+00
  2.425000E+00  6.758747E-01  5.207489E+00
  2.475000E+00  5.163856E-01  5.285291E+00
  2.525000E+00  3.892980E-01  5.346339E+00
  2.575000E+00  3.229401E-01  5.399006E+00
  2.625000E+00  2.738875E-01  5.445425E+00
  2.675000E+00  2.244320E-01  5.484925E+00
  2.725000E+00  2.164490E-01  5.524457E+00
  2.775000E+00  2.058747E-01  5.563450E+00
  2.825000E+00  2.018916E-01  5.603080E+00
  2.875000E+00  2.001402E-01  5.643768E+00
  2.925000E+00  2.050820E-01  5.686924E+00
  2.975000E+00  2.166244E-01  5.734081E+00
  3.025000E+00  2.389495E-01  5.787860E+00
  3.075000E+00  2.647312E-01  5.849428E+00
  3.125000E+00  2.989207E-01  5.921227E+00
  3.175000E+00  3.443382E-01  6.006602E+00
  3.225000E+00  3.953238E-01  6.107730E+00
  3.275000E+00  4.670691E-01  6.230945E+00
  3.325000E+00  5.253381E-01  6.373795E+00
  3.375000E+00  6.068917E-01  6.543822E+00
  3.425000E+00  6.819953E-01  6.740593E+00
  3.475000E+00  7.678245E-01  6.968642E+00
  3.525000E+00  8.305355E-01  7.222467E+00
  3.575000E+00  9.002028E-01  7.505444E+00
  3.625000E+00  9.608001E-01  7.815976E+00
  3.675000E+00  9.929776E-01  8.145822E+00
  3.725000E+00  1.007535E+00  8.489672E+00
  3.775000E+00  1.010904E+00  8.843996E+00
  3.825000E+00  1.014492E+00  9.209059E+00
  3.875000E+00  1.014316E+00  9.583664E+00
  3.925000E+00  9.931117E-01  9.959964E+00
  3.975000E+00  9.627989E-01  1.033413E+01
  4.025000E+00  9.496884E-01  1.071255E+01
  4.075000E+00  9.301955E-01  1.109246E+01
  4.125000E+00  9.165071E-01  1.147603E+01
  4.175000E+00  9.058576E-01  1.186438E+01
  4.225000E+00  9.170003E-01  1.226699E+01
  4.275000E+00  9.384224E-01  1.268880E+01
  4.325000E+00  9.637314E-01  1.313219E+01
  4.375000E+00  9.924146E-01  1.359939E+01
  4.425000E+00  1.009998E+00  1.408580E+01
  4.475000E+00  1.046435E+00  1.460121E+01
  4.525000E+00  1.070435E+00  1.514029E+01
  4.575000E+00  1.103945E+00  1.570860E+01
  4.625000E+00  1.140348E+00  1.630855E+01
  4.675000E+00  1.150317E+00  1.692690E+01
  4.725000E+00  1.171259E+00  1.757005E+01
  4.775000E+00  1.165032E+00  1.822339E+01
  4.825000E+00  1.169851E+00  1.889325E+01
  4.875000E+00  1.181453E+00  1.958384E+01
  4.925000E+00  1.167412E+00  2.028029E+01
  4.975000E+00  1.169931E+00  2.099248E+01
  5.025000E+00  1.166764E+00  2.171710E+01
  5.075000E+00  1.159887E+00  2.245186E+01
  5.125000E+00  1.137770E+00  2.318687E+01
  5.175000E+00  1.115708E+00  2.392177E+01
  5.225000E+00  1.107234E+00  2.466524E+01
  5.275000E+00  1.097504E+00  2.541635E+01
  5.325000E+00  1.083772E+00  2.617219E+01
  5.375000E+00  1.080999E+00  2.694033E+01
  5.425000E+00  1.087499E+00  2.772752E+01
  5.475000E+00  1.065644E+00  2.851318E+01
  5.525000E+00  1.055543E+00  2.930567E+01
  5.575000E+00  1.063717E+00  3.011882E+01
  5.625000E+00  1.065828E+00  3.094826E+01
  5.675000E+00  1.067149E+00  3.179356E+01
  5.725000E+00  1.070245E+00  3.265631E+01
  5.775000E+00  1.078144E+00  3.354068E+01
  5.825000E+00  1.084513E+00  3.444575E+01
  5.875000E+00  1.082939E+00  3.536508E+01
  5.925000E+00  1.089842E+00  3.630609E+01
  5.975000E+00  1.075429E+00  3.725039E+01
Zr      O_s     
  2.500000E-02  0.000000E+00  0.000000E+00
  7.500000E-02  0.000000E+00  0.000000E+00
  1.250000E-01  0.000000E+00  0.000000E+00
  1.750000E-01  0.000000E+00  0.000000E+00
  2.250000E-01  0.000000E+00  0.000000E+00
  2.750000E-01  0.000000E+00  0.000000E+00
  3.250000E-01  0.000000E+00  0.000000E+00
  3.750000E-01  0.000000E+00  0.000000E+00
  4.250000E-01  0.000000E+00  0.000000E+00
  4.750000E-01  0.000000E+00  0.000000E+00
  5.250000E-01  0.000000E+00  0.000000E+00
  5.750000E-01  0.000000E+00  0.000000E+00
  6.250000E-01  0.000000E+00  0.000000E+00
  6.750000E-01  0.000000E+00  0.000000E+00
  7.250000E-01  0.000000E+00  0.000000E+00
  7.750000E-01  0.000000E+00  0.000000E+00
  8.250000E-01  1.380991E-04  2.312502E-06
  8.750000E-01  0.000000E+00  2.312502E-06
  9.250000E-01  0.000000E+00  2.312502E-06
  9.750000E-01  0.000000E+00  2.312502E-06
  1.025000E+00  0.000000E+00  2.312502E-06
  1.075000E+00  0.000000E+00  2.312502E-06
  1.125000E+00  0.000000E+00  2.312502E-06
  1.175000E+00  0.000000E+00  2.312502E-06
  1.225000E+00  0.000000E+00  2.312502E-06
  1.275000E+00  0.000000E+00  2.312502E-06
  1.325000E+00  0.000000E+00  2.312502E-06
  1.375000E+00  0.000000E+00  2.312502E-06
  1.425000E+00  0.000000E+00  2.312502E-06
  1.475000E+00  0.000000E+00  2.312502E-06
  1.525000E+00  4.042529E-05  4.625005E-06
  1.575000E+00  3.789955E-05  6.937507E-06
  1.625000E+00  1.068100E-04  1.387501E-05
  1.675000E+00  1.139328E-03  9.250009E-05
  1.725000E+00  5.766150E-02  4.312817E-03
  1.775000E+00  5.734451E-01  4.875217E-02
  1.825000E+00  2.235820E+00  2.319162E-01
  1.875000E+00  4.774140E+00  6.447488E-01
  1.925000E+00  6.991289E+00  1.281975E+00
  1.975000E+00  7.844066E+00  2.034549E+00
  2.025000E+00  7.344552E+00  2.775327E+00
  2.075000E+00  6.091084E+00  3.420390E+00
  2.125000E+00  4.670004E+00  3.939077E+00
  2.175000E+00  3.271942E+00  4.319787E+00
  2.225000E+00  2.312336E+00  4.601352E+00
  2.275000E+00  1.579632E+00  4.802441E+00
  2.325000E+00  1.112042E+00  4.950295E+00
  2.375000E+00  8.056236E-01  5.062065E+00
  2.425000E+00  5.938245E-01  5.147956E+00
  2.475000E+00  4.891420E-01  5.221653E+00
  2.525000E+00  4.054014E-01  5.285226E+00
  2.575000E+00  3.391615E-01  5.340539E+00
  2.625000E+00  2.867407E-01  5.389136E+00
  2.675000E+00  2.482929E-01  5.432836E+00
  2.725000E+00  2.266415E-01  5.474229E+00
  2.775000E+00  2.136399E-01  5.514694E+00
  2.825000E+00  2.118937E-01  5.556286E+00
  2.875000E+00  2.087509E-01  5.598725E+00
  2.925000E+00  2.227308E-01  5.645595E+00
  2.975000E+00  2.441274E-01  5.698739E+00
  3.025000E+00  2.788155E-01  5.761491E+00
  3.075000E+00  3.265191E-01  5.837429E+00
  3.125000E+00  3.796104E-01  5.928608E+00
  3.175000E+00  4.535463E-01  6.041061E+00
  3.225000E+00  5.300725E-01  6.176659E+00
  3.275000E+00  5.972966E-01  6.334228E+00
  3.325000E+00  6.592728E-01  6.513498E+00
  3.375000E+00  7.276510E-01  6.717357E+00
  3.425000E+00  7.968580E-01  6.947268E+00
  3.475000E+00  8.669325E-01  7.204754E+00
  3.525000E+00  9.185966E-01  7.485491E+00
  3.575000E+00  9.435548E-01  7.782095E+00
  3.625000E+00  9.814280E-01  8.099294E+00
  3.675000E+00  9.737218E-01  8.422744E+00
  3.725000E+00  9.732961E-01  8.754909E+00
  3.775000E+00  9.637235E-01  9.092697E+00
  3.825000E+00  9.151664E-01  9.422018E+00
  3.875000E+00  8.917457E-01  9.751355E+00
  3.925000E+00  8.655947E-01  1.007934E+01
  3.975000E+00  8.455448E-01  1.040794E+01
  4.025000E+00  8.439534E-01  1.074422E+01
  4.075000E+00  8.227644E-01  1.108026E+01
  4.125000E+00  8.221743E-01  1.142434E+01
  4.175000E+00  8.318946E-01  1.178099E+01
  4.225000E+00  8.576767E-01  1.215755E+01
  4.275000E+00  8.747370E-01  1.255074E+01
  4.325000E+00  8.931662E-01  1.296166E+01
  4.375000E+00  9.232026E-01  1.339628E+01
  4.425000E+00  9.672283E-01  1.386209E+01
  4.475000E+00  1.001160E+00  1.435520E+01
  4.525000E+00  1.050171E+00  1.488408E+01
  4.575000E+00  1.076827E+00  1.543843E+01
  4.625000E+00  1.101972E+00  1.601819E+01
  4.675000E+00  1.133023E+00  1.662724E+01
  4.725000E+00  1.150801E+00  1.725916E+01
  4.775000E+00  1.175275E+00  1.791824E+01
  4.825000E+00  1.178813E+00  1.859323E+01
  4.875000E+00  1.170182E+00  1.927723E+01
  4.925000E+00  1.187709E+00  1.998579E+01
  4.975000E+00  1.188370E+00  2.070921E+01
  5.025000E+00  1.187705E+00  2.144683E+01
  5.075000E+00  1.173003E+00  2.218990E+01
  5.125000E+00  1.153234E+00  2.293490E+01
  5.175000E+00  1.131623E+00  2.368028E+01
  5.225000E+00  1.115400E+00  2.442924E+01
  5.275000E+00  1.116160E+00  2.519311E+01
  5.325000E+00  1.113776E+00  2.596988E+01
  5.375000E+00  1.098944E+00  2.675077E+01
  5.425000E+00  1.080570E+00  2.753294E+01
  5.475000E+00  1.088830E+00  2.833570E+01
  5.525000E+00  1.070807E+00  2.913965E+01
  5.575000E+00  1.064186E+00  2.995315E+01
  5.625000E+00  1.052355E+00  3.077211E+01
  5.675000E+00  1.072897E+00  3.162196E+01
  5.725000E+00  1.082825E+00  3.249486E+01
  5.775000E+00  1.072281E+00  3.337442E+01
  5.825000E+00  1.073110E+00  3.426997E+01
  5.875000E+00  1.085461E+00  3.519144E+01
  5.925000E+00  1.095458E+00  3.613730E+01
  5.975000E+00  1.095758E+00  3.709945E+01
O       O       
  2.500000E-02  0.000000E+00  0.000000E+00
  7.500000E-02  0.000000E+00  0.000000E+00
  1.250000E-01  0.000000E+00  0.000000E+00
  1.750000E-01  0.000000E+00  0.000000E+00
  2.250000E-01  0.000000E+00  0.000000E+00
  2.750000E-01  0.000000E+00  0.000000E+00
  3.250000E-01  0.000000E+00  0.000000E+00
  3.750000E-01  2.226243E-04  7.711316E-07
  4.250000E-01  0.000000E+00  7.711316E-07
  4.750000E-01  2.776643E-04  2.313395E-06
  5.250000E-01  0.000000E+00  2.313395E-06
  5.750000E-01  9.476954E-05  3.084526E-06
  6.250000E-01  0.000000E+00  3.084526E-06
  6.750000E-01  0.000000E+00  3.084526E-06
  7.250000E-01  0.000000E+00  3.084526E-06
  7.750000E-01  1.043648E-04  4.626790E-06
  8.250000E-01  0.000000E+00  4.626790E-06
  8.750000E-01  8.187923E-05  6.169053E-06
  9.250000E-01  1.099031E-04  8.482448E-06
  9.750000E-01  3.297415E-05  9.253579E-06
  1.025000E+00  0.000000E+00  9.253579E-06
  1.075000E+00  5.425163E-05  1.079584E-05
  1.125000E+00  2.476860E-05  1.156697E-05
  1.175000E+00  0.000000E+00  1.156697E-05
  1.225000E+00  0.000000E+00  1.156697E-05
  1.275000E+00  3.856843E-05  1.310924E-05
  1.325000E+00  0.000000E+00  1.310924E-05
  1.375000E+00  6.632615E-05  1.619376E-05
  1.425000E+00  7.719226E-05  2.004942E-05
  1.475000E+00  2.305538E-04  3.238753E-05
  1.525000E+00  2.696059E-04  4.781016E-05
  1.575000E+00  4.044179E-04  7.248637E-05
  1.625000E+00  5.698732E-04  1.095007E-04
  1.675000E+00  1.117419E-03  1.866138E-04
  1.725000E+00  1.928060E-03  3.277309E-04
  1.775000E+00  3.413082E-03  5.922291E-04
  1.825000E+00  6.278429E-03  1.106574E-03
  1.875000E+00  1.230634E-02  2.170735E-03
  1.925000E+00  2.147256E-02  4.127868E-03
  1.975000E+00  3.874876E-02  7.845493E-03
  2.025000E+00  6.839664E-02  1.474404E-02
  2.075000E+00  1.183972E-01  2.728264E-02
  2.125000E+00  1.961296E-01  4.906633E-02
  2.175000E+00  3.377235E-01  8.836243E-02
  2.225000E+00  5.879298E-01  1.599527E-01
  2.275000E+00  9.489107E-01  2.807497E-01
  2.325000E+00  1.388114E+00  4.653101E-01
  2.375000E+00  1.817695E+00  7.174925E-01
  2.425000E+00  2.088305E+00  1.019545E+00
  2.475000E+00  1.573979E+00  1.256691E+00
  2.525000E+00  9.767802E-01  1.409865E+00
  2.575000E+00  7.981176E-01  1.540027E+00
  2.625000E+00  8.049492E-01  1.676451E+00
  2.675000E+00  9.039456E-01  1.835545E+00
  2.725000E+00  1.049325E+00  2.027193E+00
  2.775000E+00  1.203321E+00  2.255107E+00
  2.825000E+00  1.345513E+00  2.519218E+00
  2.875000E+00  1.446280E+00  2.813246E+00
  2.925000E+00  1.501932E+00  3.129301E+00
  2.975000E+00  1.532043E+00  3.462809E+00
  3.025000E+00  1.532679E+00  3.807764E+00
  3.075000E+00  1.541327E+00  4.166227E+00
  3.125000E+00  1.521972E+00  4.531794E+00
  3.175000E+00  1.498931E+00  4.903439E+00
  3.225000E+00  1.457827E+00  5.276367E+00
  3.275000E+00  1.413265E+00  5.649192E+00
  3.325000E+00  1.347844E+00  6.015699E+00
  3.375000E+00  1.290220E+00  6.377167E+00
  3.425000E+00  1.234231E+00  6.733270E+00
  3.475000E+00  1.187102E+00  7.085848E+00
  3.525000E+00  1.133363E+00  7.432222E+00
  3.575000E+00  1.098260E+00  7.777457E+00
  3.625000E+00  1.055198E+00  8.118498E+00
  3.675000E+00  1.031149E+00  8.461024E+00
  3.725000E+00  9.911447E-01  8.799281E+00
  3.775000E+00  9.591629E-01  9.135470E+00
  3.825000E+00  9.522581E-01  9.478138E+00
  3.875000E+00  9.368710E-01  9.824141E+00
  3.925000E+00  9.327463E-01  1.017757E+01
  3.975000E+00  9.235846E-01  1.053650E+01
  4.025000E+00  9.397052E-01  1.091093E+01
  4.075000E+00  9.535738E-01  1.130040E+01
  4.125000E+00  9.579300E-01  1.170130E+01
  4.175000E+00  9.640464E-01  1.211460E+01
  4.225000E+00  9.507905E-01  1.253204E+01
  4.275000E+00  9.471376E-01  1.295777E+01
  4.325000E+00  9.344732E-01  1.338770E+01
  4.375000E+00  9.343386E-01  1.382756E+01
  4.425000E+00  9.299348E-01  1.427541E+01
  4.475000E+00  9.490076E-01  1.474284E+01
  4.525000E+00  9.626494E-01  1.522763E+01
  4.575000E+00  9.748348E-01  1.572948E+01
  4.625000E+00  9.897801E-01  1.625021E+01
  4.675000E+00  1.008157E+00  1.679215E+01
  4.725000E+00  1.020810E+00  1.735268E+01
  4.775000E+00  1.030460E+00  1.793055E+01
  4.825000E+00  1.043125E+00  1.852784E+01
  4.875000E+00  1.042877E+00  1.913743E+01
  4.925000E+00  1.045519E+00  1.976117E+01
  4.975000E+00  1.034586E+00  2.039097E+01
  5.025000E+00  1.027767E+00  2.102927E+01
  5.075000E+00  1.017462E+00  2.167380E+01
  5.125000E+00  1.013466E+00  2.232851E+01
  5.175000E+00  9.991144E-01  2.298661E+01
  5.225000E+00  1.000013E+00  2.365809E+01
  5.275000E+00  9.934911E-01  2.433801E+01
  5.325000E+00  9.897204E-01  2.502826E+01
  5.375000E+00  9.910287E-01  2.573246E+01
  5.425000E+00  9.943708E-01  2.645225E+01
  5.475000E+00  9.973048E-01  2.718752E+01
  5.525000E+00  1.007244E+00  2.794375E+01
  5.575000E+00  1.012865E+00  2.871802E+01
  5.625000E+00  1.022020E+00  2.951337E+01
  5.675000E+00  1.031100E+00  3.033012E+01
  5.725000E+00  1.029673E+00  3.116016E+01
  5.775000E+00  1.034725E+00  3.200892E+01
  5.825000E+00  1.044532E+00  3.288062E+01
  5.875000E+00  1.049418E+00  3.377149E+01
  5.925000E+00  1.057478E+00  3.468456E+01
  5.975000E+00  1.046923E+00  3.560383E+01
O       O_s     
  2.500000E-02  4.801352E+02  9.840854E-03
  7.500000E-02  6.261790E+02  9.968003E-02
  1.250000E-01  7.161405E+02  3.785624E-01
  1.750000E-01  4.413268E+02  7.132435E-01
  2.250000E-01  1.620917E+02  9.158997E-01
  2.750000E-01  3.726286E+01  9.854000E-01
  3.250000E-01  5.109196E+00  9.986992E-01
  3.750000E-01  3.527234E-01  9.999210E-01
  4.250000E-01  1.117871E-02  9.999707E-01
  4.750000E-01  6.938928E-04  9.999746E-01
  5.250000E-01  5.681116E-04  9.999784E-01
  5.750000E-01  4.736649E-04  9.999823E-01
  6.250000E-01  1.603795E-04  9.999838E-01
  6.750000E-01  1.031325E-04  9.999850E-01
  7.250000E-01  1.192044E-04  9.999865E-01
  7.750000E-01  7.824339E-05  9.999877E-01
  8.250000E-01  6.904956E-05  9.999888E-01
  8.750000E-01  4.092382E-05  9.999896E-01
  9.250000E-01  3.662024E-05  9.999904E-01
  9.750000E-01  6.592286E-05  9.999919E-01
  1.025000E+00  2.982474E-05  9.999927E-01
  1.075000E+00  6.778838E-05  9.999946E-01
  1.125000E+00  2.475905E-05  9.999954E-01
  1.175000E+00  3.404556E-05  9.999965E-01
  1.225000E+00  6.264685E-05  9.999988E-01
  1.275000E+00  6.746872E-05  1.000002E+00
  1.325000E+00  8.924772E-06  1.000002E+00
  1.375000E+00  3.315028E-05  1.000003E+00
  1.425000E+00  4.629749E-05  1.000006E+00
  1.475000E+00  5.041420E-05  1.000008E+00
  1.525000E+00  6.737548E-05  1.000012E+00
  1.575000E+00  6.948252E-05  1.000017E+00
  1.625000E+00  1.661489E-04  1.000027E+00
  1.675000E+00  4.970597E-04  1.000062E+00
  1.725000E+00  1.142698E-03  1.000145E+00
  1.775000E+00  2.785114E-03  1.000361E+00
  1.825000E+00  6.699425E-03  1.000910E+00
  1.875000E+00  1.527447E-02  1.002231E+00
  1.925000E+00  3.190041E-02  1.005138E+00
  1.975000E+00  6.078821E-02  1.010971E+00
  2.025000E+00  1.157732E-01  1.022647E+00
  2.075000E+00  2.245585E-01  1.046429E+00
  2.125000E+00  4.672843E-01  1.098329E+00
  2.175000E+00  9.479029E-01  1.208623E+00
  2.225000E+00  1.628037E+00  1.406864E+00
  2.275000E+00  2.200205E+00  1.686952E+00
  2.325000E+00  2.295873E+00  1.992205E+00
  2.375000E+00  1.421066E+00  2.189360E+00
  2.425000E+00  6.412661E-01  2.282113E+00
  2.475000E+00  4.229234E-01  2.345834E+00
  2.525000E+00  4.462105E-01  2.415806E+00
  2.575000E+00  5.672284E-01  2.508313E+00
  2.625000E+00  7.361406E-01  2.633076E+00
  2.675000E+00  9.159368E-01  2.794280E+00
  2.725000E+00  1.098846E+00  2.994973E+00
  2.775000E+00  1.261788E+00  3.233960E+00
  2.825000E+00  1.395411E+00  3.507866E+00
  2.875000E+00  1.494939E+00  3.811787E+00
  2.925000E+00  1.528016E+00  4.133331E+00
  2.975000E+00  1.543913E+00  4.469422E+00
  3.025000E+00  1.546080E+00  4.817393E+00
  3.075000E+00  1.551136E+00  5.178138E+00
  3.125000E+00  1.510667E+00  5.540989E+00
  3.175000E+00  1.493592E+00  5.911311E+00
  3.225000E+00  1.436362E+00  6.278747E+00
  3.275000E+00  1.390843E+00  6.645658E+00
  3.325000E+00  1.340504E+00  7.010168E+00
  3.375000E+00  1.283024E+00  7.369620E+00
  3.425000E+00  1.225831E+00  7.723299E+00
  3.475000E+00  1.180693E+00  8.073974E+00
  3.525000E+00  1.125901E+00  8.418068E+00
  3.575000E+00  1.083963E+00  8.758808E+00
  3.625000E+00  1.051938E+00  9.098796E+00
  3.675000E+00  1.018708E+00  9.437189E+00
  3.725000E+00  9.946010E-01  9.776626E+00
  3.775000E+00  9.752959E-01  1.011847E+01
  3.825000E+00  9.609058E-01  1.046425E+01
  3.875000E+00  9.547276E-01  1.081685E+01
  3.925000E+00  9.505939E-01  1.117704E+01
  3.975000E+00  9.521624E-01  1.154707E+01
  4.025000E+00  9.510320E-01  1.192602E+01
  4.075000E+00  9.559123E-01  1.231644E+01
  4.125000E+00  9.449952E-01  1.271193E+01
  4.175000E+00  9.354879E-01  1.311298E+01
  4.225000E+00  9.207312E-01  1.351723E+01
  4.275000E+00  9.094736E-01  1.392603E+01
  4.325000E+00  9.039126E-01  1.434190E+01
  4.375000E+00  9.113357E-01  1.477093E+01
  4.425000E+00  9.148579E-01  1.521152E+01
  4.475000E+00  9.274354E-01  1.566832E+01
  4.525000E+00  9.489279E-01  1.614621E+01
  4.575000E+00  9.757165E-01  1.664851E+01
  4.625000E+00  9.998982E-01  1.717456E+01
  4.675000E+00  1.022627E+00  1.772428E+01
  4.725000E+00  1.042495E+00  1.829672E+01
  4.775000E+00  1.055176E+00  1.888845E+01
  4.825000E+00  1.063260E+00  1.949727E+01
  4.875000E+00  1.068780E+00  2.012200E+01
  4.925000E+00  1.065072E+00  2.075740E+01
  4.975000E+00  1.053986E+00  2.139901E+01
  5.025000E+00  1.040630E+00  2.204530E+01
  5.075000E+00  1.028133E+00  2.269659E+01
  5.125000E+00  1.013810E+00  2.335152E+01
  5.175000E+00  1.003022E+00  2.401219E+01
  5.225000E+00  9.974315E-01  2.468194E+01
  5.275000E+00  9.884567E-01  2.535842E+01
  5.325000E+00  9.881233E-01  2.604756E+01
  5.375000E+00  9.893370E-01  2.675056E+01
  5.425000E+00  9.922706E-01  2.746882E+01
  5.475000E+00  9.961542E-01  2.820324E+01
  5.525000E+00  1.001565E+00  2.895521E+01
  5.575000E+00  1.010118E+00  2.972738E+01
  5.625000E+00  1.017467E+00  3.051919E+01
  5.675000E+00  1.027389E+00  3.133299E+01
  5.725000E+00  1.031638E+00  3.216463E+01
  5.775000E+00  1.031366E+00  3.301062E+01
  5.825000E+00  1.040043E+00  3.387858E+01
  5.875000E+00  1.045271E+00  3.476593E+01
  5.925000E+00  1.048788E+00  3.567149E+01
  5.975000E+00  1.048123E+00  3.659182E+01
O_s     O_s     
  2.500000E-02  0.000000E+00  0.000000E+00
  7.500000E-02  0.000000E+00  0.000000E+00
  1.250000E-01  0.000000E+00  0.000000E+00
  1.750000E-01  0.000000E+00  0.000000E+00
  2.250000E-01  0.000000E+00  0.000000E+00
  2.750000E-01  0.000000E+00  0.000000E+00
  3.250000E-01  2.962481E-04  7.711316E-07
  3.750000E-01  0.000000E+00  7.711316E-07
  4.250000E-01  0.000000E+00  7.711316E-07
  4.750000E-01  0.000000E+00  7.711316E-07
  5.250000E-01  0.000000E+00  7.711316E-07
  5.750000E-01  0.000000E+00  7.711316E-07
  6.250000E-01  0.000000E+00  7.711316E-07
  6.750000E-01  0.000000E+00  7.711316E-07
  7.250000E-01  5.962521E-05  1.542263E-06
  7.750000E-01  0.000000E+00  1.542263E-06
  8.250000E-01  0.000000E+00  1.542263E-06
  8.750000E-01  0.000000E+00  1.542263E-06
  9.250000E-01  0.000000E+00  1.542263E-06
  9.750000E-01  0.000000E+00  1.542263E-06
  1.025000E+00  2.983625E-05  2.313395E-06
  1.075000E+00  2.712582E-05  3.084526E-06
  1.125000E+00  0.000000E+00  3.084526E-06
  1.175000E+00  2.270580E-05  3.855658E-06
  1.225000E+00  0.000000E+00  3.855658E-06
  1.275000E+00  1.928422E-05  4.626790E-06
  1.325000E+00  7.142574E-05  7.711316E-06
  1.375000E+00  1.658154E-05  8.482448E-06
  1.425000E+00  1.543845E-05  9.253579E-06
  1.475000E+00  0.000000E+00  9.253579E-06
  1.525000E+00  1.348030E-05  1.002471E-05
  1.575000E+00  3.791418E-05  1.233811E-05
  1.625000E+00  3.561708E-05  1.465150E-05
  1.675000E+00  2.234839E-05  1.619376E-05
  1.725000E+00  3.160754E-04  3.932771E-05
  1.775000E+00  2.537422E-03  2.359663E-04
  1.825000E+00  1.027893E-02  1.078042E-03
  1.875000E+00  2.728797E-02  3.437705E-03
  1.925000E+00  7.161749E-02  9.965334E-03
  1.975000E+00  1.254251E-01  2.199884E-02
  2.025000E+00  2.584179E-01  4.806309E-02
  2.075000E+00  7.785452E-01  1.305133E-01
  2.125000E+00  2.147727E+00  3.690566E-01
  2.175000E+00  3.223467E+00  7.441258E-01
  2.225000E+00  2.513802E+00  1.050223E+00
  2.275000E+00  1.066288E+00  1.185963E+00
  2.325000E+00  3.546771E-01  1.233120E+00
  2.375000E+00  1.891291E-01  1.259359E+00
  2.425000E+00  1.958480E-01  1.287686E+00
  2.475000E+00  2.659236E-01  1.327752E+00
  2.525000E+00  3.913022E-01  1.389114E+00
  2.575000E+00  5.634495E-01  1.481005E+00
  2.625000E+00  7.790646E-01  1.613042E+00
  2.675000E+00  1.019835E+00  1.792532E+00
  2.725000E+00  1.224088E+00  2.016100E+00
  2.775000E+00  1.361217E+00  2.273919E+00
  2.825000E+00  1.458061E+00  2.560122E+00
  2.875000E+00  1.499596E+00  2.864990E+00
  2.925000E+00  1.511163E+00  3.182988E+00
  2.975000E+00  1.525606E+00  3.515094E+00
  3.025000E+00  1.520262E+00  3.857254E+00
  3.075000E+00  1.514582E+00  4.209498E+00
  3.125000E+00  1.488962E+00  4.567136E+00
  3.175000E+00  1.456350E+00  4.928223E+00
  3.225000E+00  1.411845E+00  5.289388E+00
  3.275000E+00  1.364157E+00  5.649258E+00
  3.325000E+00  1.309075E+00  6.005223E+00
  3.375000E+00  1.267917E+00  6.360442E+00
  3.425000E+00  1.203656E+00  6.707724E+00
  3.475000E+00  1.174572E+00  7.056581E+00
  3.525000E+00  1.125650E+00  7.400597E+00
  3.575000E+00  1.076216E+00  7.738903E+00
  3.625000E+00  1.044222E+00  8.076397E+00
  3.675000E+00  1.018730E+00  8.414797E+00
  3.725000E+00  9.984069E-01  8.755532E+00
  3.775000E+00  9.816477E-01  9.099602E+00
  3.825000E+00  9.765911E-01  9.451027E+00
  3.875000E+00  9.768435E-01  9.811792E+00
  3.925000E+00  9.693197E-01  1.017908E+01
  3.975000E+00  9.616962E-01  1.055282E+01
  4.025000E+00  9.560117E-01  1.093375E+01
  4.075000E+00  9.371136E-01  1.131649E+01
  4.125000E+00  9.205497E-01  1.170175E+01
  4.175000E+00  9.101140E-01  1.209193E+01
  4.225000E+00  8.978373E-01  1.248612E+01
  4.275000E+00  8.928905E-01  1.288747E+01
  4.325000E+00  8.883888E-01  1.329620E+01
  4.375000E+00  8.887102E-01  1.371458E+01
  4.425000E+00  9.071033E-01  1.415143E+01
  4.475000E+00  9.241016E-01  1.460659E+01
  4.525000E+00  9.526245E-01  1.508634E+01
  4.575000E+00  9.765679E-01  1.558907E+01
  4.625000E+00  1.008197E+00  1.611950E+01
  4.675000E+00  1.034954E+00  1.667584E+01
  4.725000E+00  1.061148E+00  1.725852E+01
  4.775000E+00  1.074550E+00  1.786112E+01
  4.825000E+00  1.079012E+00  1.847896E+01
  4.875000E+00  1.081504E+00  1.911113E+01
  4.925000E+00  1.078266E+00  1.975439E+01
  4.975000E+00  1.072344E+00  2.040719E+01
  5.025000E+00  1.041967E+00  2.105430E+01
  5.075000E+00  1.028289E+00  2.170569E+01
  5.125000E+00  1.015776E+00  2.236189E+01
  5.175000E+00  1.007740E+00  2.302567E+01
  5.225000E+00  9.988116E-01  2.369634E+01
  5.275000E+00  9.915024E-01  2.437491E+01
  5.325000E+00  9.867615E-01  2.506310E+01
  5.375000E+00  9.847811E-01  2.576286E+01
  5.425000E+00  9.868348E-01  2.647718E+01
  5.475000E+00  9.978288E-01  2.721285E+01
  5.525000E+00  9.991721E-01  2.796301E+01
  5.575000E+00  1.006410E+00  2.873235E+01
  5.625000E+00  1.015154E+00  2.952236E+01
  5.675000E+00  1.026649E+00  3.033558E+01
  5.725000E+00  1.032727E+00  3.116809E+01
  5.775000E+00  1.036497E+00  3.201830E+01
  5.825000E+00  1.041878E+00  3.288778E+01
  5.875000E+00  1.039578E+00  3.377030E+01
  5.925000E+00  1.046640E+00  3.467401E+01
  5.975000E+00  1.052082E+00  3.559781E+01
