title: #Li56 La24 Zr16 O96                                                     
energy unitS: electron Volts
         0  0.000000E+00        52
 -1.162634E+05  8.000000E+02 -1.167994E+05  1.362317E+04 -1.304225E+05
  0.000000E+00  0.000000E+00  0.000000E+00  0.000000E+00 -1.162634E+05
  0.000000E+00  3.377908E+04 -9.662661E+04  1.304057E+05  0.000000E+00
  0.000000E+00  0.000000E+00  0.000000E+00  6.008194E+04  0.000000E+00
  0.000000E+00  0.000000E+00  9.000000E+01  9.000000E+01  9.000000E+01
  0.000000E+00 -2.869270E+02  0.000000E+00 -3.004778E+02 -1.269237E-01
 -4.051797E-02 -1.269237E-01 -3.002105E+02 -6.877012E-02 -4.051797E-02
 -6.877012E-02 -2.600929E+02  0.000000E+00  0.000000E+00  0.000000E+00
  0.000000E+00  0.000000E+00  3.970821E+01  0.000000E+00  0.000000E+00
  0.000000E+00  3.970821E+01  0.000000E+00  0.000000E+00  0.000000E+00
  3.810512E+01 -1.090238E+04
      1000  5.000000E-01        52
  1.743936E+08  8.000000E+02 -1.215522E+05  1.904767E+04 -1.416213E+05
  0.000000E+00  0.000000E+00  0.000000E+00  0.000000E+00 -1.210162E+05
  0.000000E+00  3.024464E+04 -1.132489E+05  1.414508E+05  0.000000E+00
  0.000000E+00  0.000000E+00  0.000000E+00  8.868817E+04  2.967904E-02
  1.021374E+03  2.042747E+03  9.000000E+01  9.000000E+01  9.000000E+01
  0.000000E+00 -1.733739E+02  1.745147E+08 -1.845234E+02 -2.462268E-01
 -1.572220E+00 -2.462268E-01 -1.855626E+02 -3.038024E-01 -1.572220E+00
 -3.038024E-01 -1.500357E+02  2.646705E+00  6.989290E-01  7.470795E-01
  1.811506E+00  1.576228E+03  4.521205E+01  0.000000E+00  0.000000E+00
  0.000000E+00  4.521205E+01  0.000000E+00  0.000000E+00  0.000000E+00
  4.338676E+01 -9.724237E+03
      2000  1.000000E+00        52
  1.743919E+08  8.008427E+02 -1.232558E+05  2.397892E+04 -1.486128E+05
  0.000000E+00  0.000000E+00  0.000000E+00  0.000000E+00 -1.227192E+05
  0.000000E+00  7.812561E+03 -1.434106E+05  1.484670E+05  0.000000E+00
  0.000000E+00  0.000000E+00  0.000000E+00  8.471923E+04  1.354957E+00
  1.378063E+03  2.756126E+03  9.000000E+01  9.000000E+01  9.000000E+01
  0.000000E+00 -4.192936E+01  1.745146E+08 -4.281711E+01 -2.163782E+00
 -1.503524E+00 -2.163782E+00 -4.349732E+01  3.768727E-01 -1.503524E+00
  3.768727E-01 -3.947366E+01  5.242593E+00  3.491168E+00  2.446016E+00
  4.612367E+00  1.577831E+03  4.452730E+01  0.000000E+00  0.000000E+00
  0.000000E+00  4.452730E+01  0.000000E+00  0.000000E+00  0.000000E+00
  4.272965E+01 -2.246499E+03
      3000  1.500000E+00        52
  1.743917E+08  7.993872E+02 -1.234366E+05  2.416767E+04 -1.490008E+05
  0.000000E+00  0.000000E+00  0.000000E+00  0.000000E+00 -1.229010E+05
  0.000000E+00  6.833746E+03 -1.448291E+05  1.488698E+05  0.000000E+00
  0.000000E+00  0.000000E+00  0.000000E+00  8.255724E+04  2.597609E+00
  1.396497E+03  2.792993E+03  9.000000E+01  9.000000E+01  9.000000E+01
  0.000000E+00 -3.679074E+01  1.745146E+08 -3.899910E+01  5.534883E-01
  5.238186E-01  5.534883E-01 -3.690383E+01 -2.068389E+00  5.238186E-01
 -2.068389E+00 -3.446929E+01  6.530681E+00  4.846704E+00  3.442885E+00
  6.097117E+00  1.578636E+03  4.414526E+01  0.000000E+00  0.000000E+00
  0.000000E+00  4.414526E+01  0.000000E+00  0.000000E+00  0.000000E+00
  4.236303E+01 -1.920878E+03
      4000  2.000000E+00        52
  1.743916E+08  8.000000E+02 -1.235625E+05  2.434539E+04 -1.493234E+05
  0.000000E+00  0.000000E+00  0.000000E+00  0.000000E+00 -1.230265E+05
  0.000000E+00  6.044559E+03 -1.459901E+05  1.492038E+05  0.000000E+00
  0.000000E+00  0.000000E+00  0.000000E+00  8.076638E+04  2.660798E-02
  1.415447E+03  2.830894E+03  9.000000E+01  9.000000E+01  9.000000E+01
  0.000000E+00 -3.245098E+01  1.745146E+08 -3.144471E+01  2.018739E+00
  1.518477E+00  2.018739E+00 -3.654959E+01 -1.203323E+00  1.518477E+00
 -1.203323E+00 -2.935863E+01  7.089741E+00  5.286243E+00  3.815624E+00
  6.760676E+00  1.579445E+03  4.382372E+01  0.000000E+00  0.000000E+00
  0.000000E+00  4.382372E+01  0.000000E+00  0.000000E+00  0.000000E+00
  4.205447E+01 -1.657542E+03
      5000  2.500000E+00        52
  1.743915E+08  7.996253E+02 -1.236475E+05  2.439555E+04 -1.494430E+05
  0.000000E+00  0.000000E+00  0.000000E+00  0.000000E+00 -1.231117E+05
  0.000000E+00  5.720611E+03 -1.464115E+05  1.493321E+05  0.000000E+00
  0.000000E+00  0.000000E+00  0.000000E+00  7.924604E+04  4.962694E-01
  1.399983E+03  2.799965E+03  9.000000E+01  9.000000E+01  9.000000E+01
  0.000000E+00 -3.092227E+01  1.745146E+08 -3.073440E+01 -5.037212E-01
  3.498065E+00 -5.037212E-01 -3.182682E+01 -2.663248E+00  3.498065E+00
 -2.663248E+00 -3.020561E+01  7.645004E+00  5.751027E+00  4.152499E+00
  7.233620E+00  1.578753E+03  4.354699E+01  0.000000E+00  0.000000E+00
  0.000000E+00  4.354699E+01  0.000000E+00  0.000000E+00  0.000000E+00
  4.178892E+01 -1.549726E+03
      6000  3.000000E+00        52
  1.743915E+08  8.003497E+02 -1.237231E+05  2.446585E+04 -1.495680E+05
  0.000000E+00  0.000000E+00  0.000000E+00  0.000000E+00 -1.231868E+05
  0.000000E+00  5.223454E+03 -1.470001E+05  1.494655E+05  0.000000E+00
  0.000000E+00  0.000000E+00  0.000000E+00  7.786466E+04  2.750841E+00
  1.379045E+03  2.758091E+03  9.000000E+01  9.000000E+01  9.000000E+01
  0.000000E+00 -2.809898E+01  1.745146E+08 -2.674752E+01  7.761841E-01
  4.907154E-01  7.761841E-01 -3.042758E+01  6.381850E-01  4.907154E-01
  6.381850E-01 -2.712183E+01  7.830673E+00  6.031087E+00  4.105684E+00
  7.543246E+00  1.578729E+03  4.329248E+01  0.000000E+00  0.000000E+00
  0.000000E+00  4.329248E+01  0.000000E+00  0.000000E+00  0.000000E+00
  4.154468E+01 -1.383684E+03
      7000  3.500000E+00        52
  1.743914E+08  8.000000E+02 -1.237811E+05  2.452372E+04 -1.497027E+05
  0.000000E+00  0.000000E+00  0.000000E+00  0.000000E+00 -1.232451E+05
  0.000000E+00  4.774559E+03 -1.476275E+05  1.496064E+05  0.000000E+00
  0.000000E+00  0.000000E+00  0.000000E+00  7.662619E+04  2.662465E-02
  1.397867E+03  2.795733E+03  9.000000E+01  9.000000E+01  9.000000E+01
  0.000000E+00 -2.546861E+01  1.745146E+08 -2.783973E+01 -6.327815E-01
 -4.303443E-01 -6.327815E-01 -2.452021E+01 -2.367457E+00 -4.303443E-01
 -2.367457E+00 -2.404589E+01  8.059373E+00  6.129745E+00  4.312102E+00
  7.812548E+00  1.580457E+03  4.306172E+01  0.000000E+00  0.000000E+00
  0.000000E+00  4.306172E+01  0.000000E+00  0.000000E+00  0.000000E+00
  4.132324E+01 -1.234208E+03
      8000  4.000000E+00        52
  1.743914E+08  7.991200E+02 -1.238053E+05  2.454522E+04 -1.497191E+05
  0.000000E+00  0.000000E+00  0.000000E+00  0.000000E+00 -1.232699E+05
  0.000000E+00  4.449571E+03 -1.479149E+05  1.496273E+05  0.000000E+00
  0.000000E+00  0.000000E+00  0.000000E+00  7.553501E+04  5.207239E-01
  1.368570E+03  2.737139E+03  9.000000E+01  9.000000E+01  9.000000E+01
  0.000000E+00 -2.357703E+01  1.745146E+08 -2.532876E+01  2.813618E-01
  1.818885E+00  2.813618E-01 -2.391242E+01  4.358640E-01  1.818885E+00
  4.358640E-01 -2.148991E+01  8.117620E+00  6.381878E+00  4.391108E+00
  8.019732E+00  1.580760E+03  4.285634E+01  0.000000E+00  0.000000E+00
  0.000000E+00  4.285634E+01  0.000000E+00  0.000000E+00  0.000000E+00
  4.112615E+01 -1.126272E+03
      9000  4.500000E+00        52
  1.743913E+08  8.000409E+02 -1.238697E+05  2.456187E+04 -1.498248E+05
  0.000000E+00  0.000000E+00  0.000000E+00  0.000000E+00 -1.233337E+05
  0.000000E+00  4.348634E+03 -1.481763E+05  1.497386E+05  0.000000E+00
  0.000000E+00  0.000000E+00  0.000000E+00  7.454541E+04  2.840465E+00
  1.393195E+03  2.786389E+03  9.000000E+01  9.000000E+01  9.000000E+01
  0.000000E+00 -2.316761E+01  1.745146E+08 -2.720164E+01 -1.037342E+00
 -1.021597E+00 -1.037342E+00 -2.335733E+01 -1.042641E+00 -1.021597E+00
 -1.042641E+00 -1.894387E+01  8.384321E+00  6.223401E+00  4.514867E+00
  8.187004E+00  1.580679E+03  4.266836E+01  0.000000E+00  0.000000E+00
  0.000000E+00  4.266836E+01  0.000000E+00  0.000000E+00  0.000000E+00
  4.094576E+01 -1.092215E+03
     10000  5.000000E+00        52
  1.743913E+08  8.000000E+02 -1.238832E+05  2.464436E+04 -1.499089E+05
  0.000000E+00  0.000000E+00  0.000000E+00  0.000000E+00 -1.233472E+05
  0.000000E+00  3.858188E+03 -1.487321E+05  1.498275E+05  0.000000E+00
  0.000000E+00  0.000000E+00  0.000000E+00  7.365863E+04  2.667398E-02
  1.381408E+03  2.762816E+03  9.000000E+01  9.000000E+01  9.000000E+01
  0.000000E+00 -1.993746E+01  1.745146E+08 -1.915659E+01  3.187556E-01
 -1.324512E+00  3.187556E-01 -2.373090E+01 -6.589113E-01 -1.324512E+00
 -6.589113E-01 -1.692489E+01  8.506810E+00  6.595203E+00  4.702447E+00
  8.386878E+00  1.580130E+03  4.249849E+01  0.000000E+00  0.000000E+00
  0.000000E+00  4.249849E+01  0.000000E+00  0.000000E+00  0.000000E+00
  4.078275E+01 -9.287515E+02
     11000  5.500000E+00        52
  1.743913E+08  7.888756E+02 -1.240064E+05  2.506323E+04 -1.504475E+05
  0.000000E+00  0.000000E+00  0.000000E+00  0.000000E+00 -1.234778E+05
  0.000000E+00  1.103165E+03 -1.520397E+05  1.503872E+05  0.000000E+00
  0.000000E+00  0.000000E+00  0.000000E+00  6.825353E+04  3.087683E+00
  1.377855E+03  2.755711E+03  9.000000E+01  9.000000E+01  9.000000E+01
  0.000000E+00 -3.562872E-01  1.745148E+08 -2.533581E+00  1.468455E+00
 -6.001998E-01  1.468455E+00 -1.075531E+00  1.571412E+00 -6.001998E-01
  1.571412E+00  2.540250E+00  6.726027E-01  6.526738E-01  5.477541E-01
  8.534865E-01  7.231963E-01  4.143246E+01  0.000000E+00  0.000000E+00
  0.000000E+00  4.143246E+01  0.000000E+00  0.000000E+00  0.000000E+00
  3.975976E+01 -1.537911E+01
     12000  6.000000E+00        52
  1.743913E+08  7.896434E+02 -1.240619E+05  2.503541E+04 -1.504679E+05
  0.000000E+00  0.000000E+00  0.000000E+00  0.000000E+00 -1.235329E+05
  0.000000E+00  1.025961E+03 -1.521293E+05  1.504141E+05  0.000000E+00
  0.000000E+00  0.000000E+00  0.000000E+00  6.652196E+04  3.525314E+00
  1.370588E+03  2.741176E+03  9.000000E+01  9.000000E+01  9.000000E+01
  0.000000E+00  2.543054E-01  1.745148E+08  1.060552E+00  1.677122E+00
  1.482638E+00  1.677122E+00 -1.481884E+00 -6.226488E-01  1.482638E+00
 -6.226488E-01  1.184248E+00  9.766109E-01  9.395277E-01  7.612357E-01
  1.197713E+00  1.044034E+00  4.107908E+01  0.000000E+00  0.000000E+00
  0.000000E+00  4.107908E+01  0.000000E+00  0.000000E+00  0.000000E+00
  3.942064E+01  1.069859E+01
     13000  6.500000E+00        52
  1.743913E+08  8.172779E+02 -1.240893E+05  2.504742E+04 -1.504846E+05
  0.000000E+00  0.000000E+00  0.000000E+00  0.000000E+00 -1.235417E+05
  0.000000E+00  8.869693E+02 -1.522425E+05  1.504337E+05  0.000000E+00
  0.000000E+00  0.000000E+00  0.000000E+00  6.549796E+04  3.958068E+00
  1.347882E+03  2.695764E+03  9.000000E+01  9.000000E+01  9.000000E+01
  0.000000E+00  1.674748E+00  1.745148E+08  2.190833E+00 -1.871156E+00
 -3.705270E-01 -1.871156E+00 -7.547778E-01  8.450585E-01 -3.705270E-01
  8.450585E-01  3.588188E+00  1.203913E+00  1.124156E+00  9.321996E-01
  1.421710E+00  1.262671E+00  4.086720E+01  0.000000E+00  0.000000E+00
  0.000000E+00  4.086720E+01  0.000000E+00  0.000000E+00  0.000000E+00
  3.921732E+01  6.937185E+01
     14000  7.000000E+00        52
  1.743913E+08  8.141937E+02 -1.241264E+05  2.497148E+04 -1.504448E+05
  0.000000E+00  0.000000E+00  0.000000E+00  0.000000E+00 -1.235808E+05
  0.000000E+00  1.115110E+03 -1.519733E+05  1.503946E+05  0.000000E+00
  0.000000E+00  0.000000E+00  0.000000E+00  6.516560E+04  4.228762E+00
  1.346943E+03  2.693886E+03  9.000000E+01  9.000000E+01  9.000000E+01
  0.000000E+00 -1.953960E-01  1.745149E+08 -9.124673E-01 -9.926813E-02
  3.934558E-01 -9.926813E-02  2.096502E+00  1.196767E+00  3.934558E-01
  1.196767E+00 -1.770222E+00  1.364916E+00  1.228706E+00  9.831397E-01
  1.603902E+00  1.424276E+00  4.079796E+01  0.000000E+00  0.000000E+00
  0.000000E+00  4.079796E+01  0.000000E+00  0.000000E+00  0.000000E+00
  3.915087E+01 -8.052672E+00
     15000  7.500000E+00        52
  1.743913E+08  7.892304E+02 -1.241602E+05  2.487198E+04 -1.503599E+05
  0.000000E+00  0.000000E+00  0.000000E+00  0.000000E+00 -1.236314E+05
  0.000000E+00  1.372451E+03 -1.515945E+05  1.503115E+05  0.000000E+00
  0.000000E+00  0.000000E+00  0.000000E+00  6.454358E+04  4.137869E+00
  1.327733E+03  2.655465E+03  9.000000E+01  9.000000E+01  9.000000E+01
  0.000000E+00 -2.571925E+00  1.745149E+08 -4.484930E+00 -2.318824E-01
 -7.502679E-01 -2.318824E-01 -1.400191E+00 -2.012947E-01 -7.502679E-01
 -2.012947E-01 -1.830653E+00  1.599117E+00  1.372023E+00  1.150871E+00
  1.816721E+00  1.636809E+00  4.066774E+01  0.000000E+00  0.000000E+00
  0.000000E+00  4.066774E+01  0.000000E+00  0.000000E+00  0.000000E+00
  3.902591E+01 -1.049826E+02
     16000  8.000000E+00        52
  1.743913E+08  7.890360E+02 -1.242011E+05  2.497897E+04 -1.505056E+05
  0.000000E+00  0.000000E+00  0.000000E+00  0.000000E+00 -1.236724E+05
  0.000000E+00  8.171626E+02 -1.522928E+05  1.504589E+05  0.000000E+00
  0.000000E+00  0.000000E+00  0.000000E+00  6.391346E+04  4.175737E+00
  1.325542E+03  2.651085E+03  9.000000E+01  9.000000E+01  9.000000E+01
  0.000000E+00  1.979872E+00  1.745150E+08  1.851510E+00 -7.899604E-01
  2.338060E+00 -7.899604E-01  1.833933E+00  4.061788E+00  2.338060E+00
  4.061788E+00  2.254172E+00  1.697819E+00  1.521895E+00  1.217824E+00
  1.933053E+00  1.747799E+00  4.053496E+01  0.000000E+00  0.000000E+00
  0.000000E+00  4.053496E+01  0.000000E+00  0.000000E+00  0.000000E+00
  3.889849E+01  8.002679E+01
     17000  8.500000E+00        52
  1.743913E+08  7.960112E+02 -1.241922E+05  2.489701E+04 -1.504074E+05
  0.000000E+00  0.000000E+00  0.000000E+00  0.000000E+00 -1.236588E+05
  0.000000E+00  1.015213E+03 -1.519834E+05  1.503622E+05  0.000000E+00
  0.000000E+00  0.000000E+00  0.000000E+00  6.341430E+04  4.347851E+00
  1.318164E+03  2.636329E+03  9.000000E+01  9.000000E+01  9.000000E+01
  0.000000E+00  4.270186E-01  1.745150E+08 -3.408958E+00 -6.173893E-01
 -2.777244E-01 -6.173893E-01  1.305034E+00  3.195975E+00 -2.777244E-01
  3.195975E+00  3.384980E+00  1.825699E+00  1.648566E+00  1.298744E+00
  2.100519E+00  1.899201E+00  4.042916E+01  0.000000E+00  0.000000E+00
  0.000000E+00  4.042916E+01  0.000000E+00  0.000000E+00  0.000000E+00
  3.879696E+01  1.712537E+01
     18000  9.000000E+00        52
  1.743913E+08  8.177606E+02 -1.242121E+05  2.482219E+04 -1.503654E+05
  0.000000E+00  0.000000E+00  0.000000E+00  0.000000E+00 -1.236642E+05
  0.000000E+00  1.332475E+03 -1.516499E+05  1.503202E+05  0.000000E+00
  0.000000E+00  0.000000E+00  0.000000E+00  6.323277E+04  4.554004E+00
  1.331074E+03  2.662148E+03  9.000000E+01  9.000000E+01  9.000000E+01
  0.000000E+00 -1.973373E+00  1.745150E+08 -5.115130E+00 -7.199381E-01
  8.680538E-01 -7.199381E-01 -1.907337E+00  3.190965E+00  8.680538E-01
  3.190965E+00  1.102347E+00  1.922492E+00  1.714319E+00  1.377047E+00
  2.201026E+00  1.995507E+00  4.039055E+01  0.000000E+00  0.000000E+00
  0.000000E+00  4.039055E+01  0.000000E+00  0.000000E+00  0.000000E+00
  3.875991E+01 -7.891462E+01
     19000  9.500000E+00        52
  1.743913E+08  8.031435E+02 -1.242264E+05  2.487780E+04 -1.504203E+05
  0.000000E+00  0.000000E+00  0.000000E+00  0.000000E+00 -1.236883E+05
  0.000000E+00  9.963590E+02 -1.520125E+05  1.503765E+05  0.000000E+00
  0.000000E+00  0.000000E+00  0.000000E+00  6.298212E+04  4.509912E+00
  1.316184E+03  2.632368E+03  9.000000E+01  9.000000E+01  9.000000E+01
  0.000000E+00  6.677085E-01  1.745150E+08 -1.912056E+00 -1.201070E+00
  5.402322E-01 -1.201070E+00 -9.657566E-01  3.892865E+00  5.402322E-01
  3.892865E+00  4.880938E+00  2.020807E+00  1.823594E+00  1.465695E+00
  2.298624E+00  2.093158E+00  4.033711E+01  0.000000E+00  0.000000E+00
  0.000000E+00  4.033711E+01  0.000000E+00  0.000000E+00  0.000000E+00
  3.870863E+01  2.659563E+01
     20000  1.000000E+01        52
  1.743913E+08  7.939946E+02 -1.242443E+05  2.490256E+04 -1.504523E+05
  0.000000E+00  0.000000E+00  0.000000E+00  0.000000E+00 -1.237123E+05
  0.000000E+00  8.558034E+02 -1.521646E+05  1.504095E+05  0.000000E+00
  0.000000E+00  0.000000E+00  0.000000E+00  6.272180E+04  4.529468E+00
  1.305452E+03  2.610905E+03  9.000000E+01  9.000000E+01  9.000000E+01
  0.000000E+00  1.748608E+00  1.745150E+08  4.009825E+00 -1.146339E+00
 -1.134112E+00 -1.146339E+00 -3.876108E+00  4.725495E+00 -1.134112E+00
  4.725495E+00  5.112107E+00  2.109614E+00  1.919790E+00  1.529721E+00
  2.416335E+00  2.203283E+00  4.028146E+01  0.000000E+00  0.000000E+00
  0.000000E+00  4.028146E+01  0.000000E+00  0.000000E+00  0.000000E+00
  3.865522E+01  6.936127E+01
     21000  1.050000E+01        52
  1.743913E+08  8.014632E+02 -1.242478E+05  2.487710E+04 -1.504310E+05
  0.000000E+00  0.000000E+00  0.000000E+00  0.000000E+00 -1.237108E+05
  0.000000E+00  1.133936E+03 -1.518658E+05  1.503876E+05  0.000000E+00
  0.000000E+00  0.000000E+00  0.000000E+00  6.281148E+04  4.573511E+00
  1.306068E+03  2.612136E+03  9.000000E+01  9.000000E+01  9.000000E+01
  0.000000E+00 -5.038363E-01  1.745150E+08  4.774136E-01  1.840026E+00
  1.247628E-01  1.840026E+00 -3.826822E+00  4.188689E+00  1.247628E-01
  4.188689E+00  1.837900E+00  2.174782E+00  1.961383E+00  1.572889E+00
  2.479396E+00  2.267336E+00  4.030065E+01  0.000000E+00  0.000000E+00
  0.000000E+00  4.030065E+01  0.000000E+00  0.000000E+00  0.000000E+00
  3.867364E+01 -2.001403E+01
     22000  1.100000E+01        52
  1.743913E+08  8.072370E+02 -1.242471E+05  2.489681E+04 -1.504494E+05
  0.000000E+00  0.000000E+00  0.000000E+00  0.000000E+00 -1.237062E+05
  0.000000E+00  9.784813E+02 -1.520384E+05  1.504059E+05  0.000000E+00
  0.000000E+00  0.000000E+00  0.000000E+00  6.269753E+04  4.573818E+00
  1.305467E+03  2.610935E+03  9.000000E+01  9.000000E+01  9.000000E+01
  0.000000E+00  8.671402E-01  1.745150E+08  1.216601E+00 -1.138331E+00
  2.111462E-01 -1.138331E+00 -9.491902E-01  1.598179E+00  2.111462E-01
  1.598179E+00  2.334010E+00  2.155919E+00  1.919001E+00  1.510158E+00
  2.459206E+00  2.249289E+00  4.027626E+01  0.000000E+00  0.000000E+00
  0.000000E+00  4.027626E+01  0.000000E+00  0.000000E+00  0.000000E+00
  3.865023E+01  3.438316E+01
     23000  1.150000E+01        52
  1.743913E+08  8.071670E+02 -1.242663E+05  2.485005E+04 -1.504410E+05
  0.000000E+00  0.000000E+00  0.000000E+00  0.000000E+00 -1.237255E+05
  0.000000E+00  1.114502E+03 -1.519340E+05  1.503991E+05  0.000000E+00
  0.000000E+00  0.000000E+00  0.000000E+00  6.223814E+04  4.563689E+00
  1.324672E+03  2.649343E+03  9.000000E+01  9.000000E+01  9.000000E+01
  0.000000E+00 -2.791723E-01  1.745150E+08 -2.156225E-01 -1.372873E+00
  2.810711E+00 -1.372873E+00 -8.274404E-01  4.106015E+00  2.810711E+00
  4.106015E+00  2.055460E-01  2.304794E+00  2.085566E+00  1.688140E+00
  2.647323E+00  2.416848E+00  4.017765E+01  0.000000E+00  0.000000E+00
  0.000000E+00  4.017765E+01  0.000000E+00  0.000000E+00  0.000000E+00
  3.855561E+01 -1.098841E+01
     24000  1.200000E+01        52
  1.743913E+08  7.984654E+02 -1.242792E+05  2.487779E+04 -1.504614E+05
  0.000000E+00  0.000000E+00  0.000000E+00  0.000000E+00 -1.237442E+05
  0.000000E+00  9.910962E+02 -1.520375E+05  1.504197E+05  0.000000E+00
  0.000000E+00  0.000000E+00  0.000000E+00  6.209718E+04  4.674257E+00
  1.304457E+03  2.608913E+03  9.000000E+01  9.000000E+01  9.000000E+01
  0.000000E+00  6.686893E-01  1.745150E+08 -7.702161E-01 -8.645700E-02
  5.438345E-01 -8.645700E-02  8.007929E-01  7.352961E-01  5.438345E-01
  7.352961E-01  1.975491E+00  2.336904E+00  2.099007E+00  1.700799E+00
  2.679592E+00  2.452343E+00  4.014730E+01  0.000000E+00  0.000000E+00
  0.000000E+00  4.014730E+01  0.000000E+00  0.000000E+00  0.000000E+00
  3.852648E+01  2.626046E+01
     25000  1.250000E+01        52
  1.743913E+08  8.006549E+02 -1.242806E+05  2.476159E+04 -1.503312E+05
  0.000000E+00  0.000000E+00  0.000000E+00  0.000000E+00 -1.237442E+05
  0.000000E+00  1.447698E+03 -1.514199E+05  1.502897E+05  0.000000E+00
  0.000000E+00  0.000000E+00  0.000000E+00  6.215152E+04  4.526558E+00
  1.288941E+03  2.577882E+03  9.000000E+01  9.000000E+01  9.000000E+01
  0.000000E+00 -3.179219E+00  1.745150E+08 -5.831517E+00  1.478343E-01
  1.877863E+00  1.478343E-01 -4.815908E+00  1.643738E+00  1.877863E+00
  1.643738E+00  1.109767E+00  2.369773E+00  2.172531E+00  1.713992E+00
  2.718842E+00  2.489080E+00  4.015900E+01  0.000000E+00  0.000000E+00
  0.000000E+00  4.015900E+01  0.000000E+00  0.000000E+00  0.000000E+00
  3.853771E+01 -1.249621E+02
     26000  1.300000E+01        52
  1.743913E+08  8.152329E+02 -1.242842E+05  2.482253E+04 -1.504124E+05
  0.000000E+00  0.000000E+00  0.000000E+00  0.000000E+00 -1.237380E+05
  0.000000E+00  1.122413E+03 -1.518605E+05  1.503715E+05  0.000000E+00
  0.000000E+00  0.000000E+00  0.000000E+00  6.193419E+04  4.749960E+00
  1.305701E+03  2.611401E+03  9.000000E+01  9.000000E+01  9.000000E+01
  0.000000E+00 -2.558863E-01  1.745150E+08 -2.585193E+00 -1.616971E-01
 -2.377232E-02 -1.616971E-01 -1.662162E+00  2.424917E+00 -2.377232E-02
  2.424917E+00  3.479696E+00  2.412080E+00  2.152904E+00  1.733272E+00
  2.753749E+00  2.522486E+00  4.011214E+01  0.000000E+00  0.000000E+00
  0.000000E+00  4.011214E+01  0.000000E+00  0.000000E+00  0.000000E+00
  3.849274E+01 -1.002267E+01
     27000  1.350000E+01        52
  1.743913E+08  7.944877E+02 -1.242932E+05  2.483219E+04 -1.504163E+05
  0.000000E+00  0.000000E+00  0.000000E+00  0.000000E+00 -1.237609E+05
  0.000000E+00  1.063508E+03 -1.518938E+05  1.503755E+05  0.000000E+00
  0.000000E+00  0.000000E+00  0.000000E+00  6.190890E+04  4.486724E+00
  1.290915E+03  2.581830E+03  9.000000E+01  9.000000E+01  9.000000E+01
  0.000000E+00  8.850226E-03  1.745151E+08 -1.148500E+00  8.644202E-02
  5.744082E-01  8.644202E-02 -1.178657E+00  2.832240E+00  5.744082E-01
  2.832240E+00  2.353708E+00  2.503562E+00  2.267256E+00  1.807013E+00
  2.847918E+00  2.619476E+00  4.010668E+01  0.000000E+00  0.000000E+00
  0.000000E+00  4.010668E+01  0.000000E+00  0.000000E+00  0.000000E+00
  3.848750E+01  3.465081E-01
     28000  1.400000E+01        52
  1.743913E+08  7.886908E+02 -1.242992E+05  2.475042E+04 -1.503655E+05
  0.000000E+00  0.000000E+00  0.000000E+00  0.000000E+00 -1.237708E+05
  0.000000E+00  1.406994E+03 -1.515501E+05  1.503255E+05  0.000000E+00
  0.000000E+00  0.000000E+00  0.000000E+00  6.173706E+04  4.627968E+00
  1.315817E+03  2.631635E+03  9.000000E+01  9.000000E+01  9.000000E+01
  0.000000E+00 -2.989923E+00  1.745151E+08 -2.680971E+00  2.909449E-01
  9.357813E-01  2.909449E-01 -2.799518E+00  5.081041E+00  9.357813E-01
  5.081041E+00 -3.489279E+00  2.481231E+00  2.262049E+00  1.829127E+00
  2.844069E+00  2.615524E+00  4.006954E+01  0.000000E+00  0.000000E+00
  0.000000E+00  4.006954E+01  0.000000E+00  0.000000E+00  0.000000E+00
  3.845186E+01 -1.167379E+02
     29000  1.450000E+01        52
  1.743913E+08  7.935408E+02 -1.243042E+05  2.479296E+04 -1.504063E+05
  0.000000E+00  0.000000E+00  0.000000E+00  0.000000E+00 -1.237725E+05
  0.000000E+00  1.212615E+03 -1.517714E+05  1.503656E+05  0.000000E+00
  0.000000E+00  0.000000E+00  0.000000E+00  6.164048E+04  4.680846E+00
  1.309207E+03  2.618414E+03  9.000000E+01  9.000000E+01  9.000000E+01
  0.000000E+00 -1.276940E+00  1.745151E+08 -4.524624E+00 -7.171663E-01
  5.398914E-01 -7.171663E-01 -1.192470E+00  4.080715E+00  5.398914E-01
  4.080715E+00  1.886274E+00  2.572263E+00  2.300400E+00  1.871223E+00
  2.935507E+00  2.696744E+00  4.004863E+01  0.000000E+00  0.000000E+00
  0.000000E+00  4.004863E+01  0.000000E+00  0.000000E+00  0.000000E+00
  3.843179E+01 -4.977859E+01
     30000  1.500000E+01        52
  1.743913E+08  8.054362E+02 -1.243055E+05  2.489457E+04 -1.504908E+05
  0.000000E+00  0.000000E+00  0.000000E+00  0.000000E+00 -1.237658E+05
  0.000000E+00  6.924704E+02 -1.523402E+05  1.504510E+05  0.000000E+00
  0.000000E+00  0.000000E+00  0.000000E+00  6.143874E+04  4.716795E+00
  1.290808E+03  2.581616E+03  9.000000E+01  9.000000E+01  9.000000E+01
  0.000000E+00  3.317859E+00  1.745151E+08  2.473607E+00  1.290477E+00
  1.890393E+00  1.290477E+00  2.772807E+00  1.045646E+00  1.890393E+00
  1.045646E+00  4.707164E+00  2.606248E+00  2.275228E+00  1.858366E+00
  2.953303E+00  2.718421E+00  4.000489E+01  0.000000E+00  0.000000E+00
  0.000000E+00  4.000489E+01  0.000000E+00  0.000000E+00  0.000000E+00
  3.838982E+01  1.289158E+02
     31000  1.550000E+01        52
  1.743913E+08  8.118321E+02 -1.243192E+05  2.489324E+04 -1.505098E+05
  0.000000E+00  0.000000E+00  0.000000E+00  0.000000E+00 -1.237753E+05
  0.000000E+00  6.611790E+02 -1.524037E+05  1.504702E+05  0.000000E+00
  0.000000E+00  0.000000E+00  0.000000E+00  6.119261E+04  4.544487E+00
  1.297320E+03  2.594639E+03  9.000000E+01  9.000000E+01  9.000000E+01
  0.000000E+00  3.674545E+00  1.745151E+08  4.259287E+00  1.323724E+00
  2.430606E-01  1.323724E+00  4.001548E+00  2.816545E+00  2.430606E-01
  2.816545E+00  2.762801E+00  2.624472E+00  2.307899E+00  1.883500E+00
  2.998979E+00  2.758139E+00  3.995140E+01  0.000000E+00  0.000000E+00
  0.000000E+00  3.995140E+01  0.000000E+00  0.000000E+00  0.000000E+00
  3.833849E+01  1.422030E+02
     32000  1.600000E+01        52
  1.743913E+08  8.071418E+02 -1.243225E+05  2.482210E+04 -1.504405E+05
  0.000000E+00  0.000000E+00  0.000000E+00  0.000000E+00 -1.237817E+05
  0.000000E+00  9.950825E+02 -1.519979E+05  1.504012E+05  0.000000E+00
  0.000000E+00  0.000000E+00  0.000000E+00  6.128828E+04  4.561696E+00
  1.295894E+03  2.591787E+03  9.000000E+01  9.000000E+01  9.000000E+01
  0.000000E+00  7.432123E-01  1.745151E+08  3.081018E-02 -1.255170E+00
  9.295463E-01 -1.255170E+00  9.097646E-01  3.229745E+00  9.295463E-01
  3.229745E+00  1.289062E+00  2.622454E+00  2.295912E+00  1.868076E+00
  2.988900E+00  2.753113E+00  3.997221E+01  0.000000E+00  0.000000E+00
  0.000000E+00  3.997221E+01  0.000000E+00  0.000000E+00  0.000000E+00
  3.835846E+01  2.880689E+01
     33000  1.650000E+01        52
  1.743913E+08  8.039190E+02 -1.243146E+05  2.483504E+04 -1.504632E+05
  0.000000E+00  0.000000E+00  0.000000E+00  0.000000E+00 -1.237760E+05
  0.000000E+00  9.034479E+02 -1.521476E+05  1.504240E+05  0.000000E+00
  0.000000E+00  0.000000E+00  0.000000E+00  6.101748E+04  4.595091E+00
  1.313535E+03  2.627070E+03  9.000000E+01  9.000000E+01  9.000000E+01
  0.000000E+00  1.500759E+00  1.745151E+08  1.526515E+00 -1.335061E+00
 -1.428993E+00 -1.335061E+00  2.502839E+00  2.240813E+00 -1.428993E+00
  2.240813E+00  4.729236E-01  2.737902E+00  2.351903E+00  1.953023E+00
  3.083824E+00  2.840581E+00  3.991325E+01  0.000000E+00  0.000000E+00
  0.000000E+00  3.991325E+01  0.000000E+00  0.000000E+00  0.000000E+00
  3.830188E+01  5.791236E+01
     34000  1.700000E+01        52
  1.743913E+08  8.090427E+02 -1.243250E+05  2.479092E+04 -1.504065E+05
  0.000000E+00  0.000000E+00  0.000000E+00  0.000000E+00 -1.237830E+05
  0.000000E+00  1.071052E+03 -1.518772E+05  1.503671E+05  0.000000E+00
  0.000000E+00  0.000000E+00  0.000000E+00  6.120912E+04  4.693718E+00
  1.290570E+03  2.581141E+03  9.000000E+01  9.000000E+01  9.000000E+01
  0.000000E+00  1.119256E-01  1.745151E+08 -1.101755E-01 -1.771877E+00
  1.466292E+00 -1.771877E+00  1.860430E+00  1.059373E+00  1.466292E+00
  1.059373E+00 -1.414478E+00  2.738185E+00  2.356061E+00  1.933248E+00
  3.073133E+00  2.837209E+00  3.995499E+01  0.000000E+00  0.000000E+00
  0.000000E+00  3.995499E+01  0.000000E+00  0.000000E+00  0.000000E+00
  3.834194E+01  4.332628E+00
     35000  1.750000E+01        52
  1.743913E+08  7.901680E+02 -1.243328E+05  2.476565E+04 -1.503883E+05
  0.000000E+00  0.000000E+00  0.000000E+00  0.000000E+00 -1.238033E+05
  0.000000E+00  1.117663E+03 -1.518111E+05  1.503489E+05  0.000000E+00
  0.000000E+00  0.000000E+00  0.000000E+00  6.119474E+04  4.450617E+00
  1.289906E+03  2.579812E+03  9.000000E+01  9.000000E+01  9.000000E+01
  0.000000E+00 -5.073355E-01  1.745151E+08 -2.752936E+00 -6.406001E-01
  3.196006E-01 -6.406001E-01  2.456864E+00  2.974121E+00  3.196006E-01
  2.974121E+00 -1.225934E+00  2.812144E+00  2.361974E+00  1.944006E+00
  3.140315E+00  2.891292E+00  3.995186E+01  0.000000E+00  0.000000E+00
  0.000000E+00  3.995186E+01  0.000000E+00  0.000000E+00  0.000000E+00
  3.833893E+01 -1.963430E+01
     36000  1.800000E+01        52
  1.743913E+08  7.982647E+02 -1.243313E+05  2.480681E+04 -1.504346E+05
  0.000000E+00  0.000000E+00  0.000000E+00  0.000000E+00 -1.237964E+05
  0.000000E+00  1.072051E+03 -1.519153E+05  1.503943E+05  0.000000E+00
  0.000000E+00  0.000000E+00  0.000000E+00  6.124219E+04  4.568981E+00
  1.296514E+03  2.593027E+03  9.000000E+01  9.000000E+01  9.000000E+01
  0.000000E+00 -2.102357E-02  1.745151E+08 -4.572076E-01 -7.054849E-01
  8.385641E-01 -7.054849E-01  1.983490E+00  3.538338E+00  8.385641E-01
  3.538338E+00 -1.589353E+00  2.874389E+00  2.423143E+00  2.006012E+00
  3.180394E+00  2.941970E+00  3.996219E+01  0.000000E+00  0.000000E+00
  0.000000E+00  3.996219E+01  0.000000E+00  0.000000E+00  0.000000E+00
  3.834884E+01 -8.142603E-01
     37000  1.850000E+01        52
  1.743913E+08  7.943314E+02 -1.243313E+05  2.475552E+04 -1.503815E+05
  0.000000E+00  0.000000E+00  0.000000E+00  0.000000E+00 -1.237991E+05
  0.000000E+00  1.250408E+03 -1.516809E+05  1.503419E+05  0.000000E+00
  0.000000E+00  0.000000E+00  0.000000E+00  6.110585E+04  4.458058E+00
  1.294690E+03  2.589380E+03  9.000000E+01  9.000000E+01  9.000000E+01
  0.000000E+00 -1.604962E+00  1.745151E+08 -2.961121E+00 -4.960557E-01
 -3.659033E-01 -4.960557E-01  1.057529E+00  4.078833E+00 -3.659033E-01
  4.078833E+00 -2.911295E+00  2.861299E+00  2.508219E+00  2.046793E+00
  3.212337E+00  2.970173E+00  3.993251E+01  0.000000E+00  0.000000E+00
  0.000000E+00  3.993251E+01  0.000000E+00  0.000000E+00  0.000000E+00
  3.832036E+01 -6.202313E+01
     38000  1.900000E+01        52
  1.743913E+08  7.853793E+02 -1.243234E+05  2.476566E+04 -1.503894E+05
  0.000000E+00  0.000000E+00  0.000000E+00  0.000000E+00 -1.237972E+05
  0.000000E+00  1.237968E+03 -1.517127E+05  1.503500E+05  0.000000E+00
  0.000000E+00  0.000000E+00  0.000000E+00  6.101994E+04  4.560066E+00
  1.300348E+03  2.600696E+03  9.000000E+01  9.000000E+01  9.000000E+01
  0.000000E+00 -1.603385E+00  1.745151E+08 -5.331289E+00  6.493992E-01
 -9.493040E-01  6.493992E-01 -1.949522E-01  1.983997E+00 -9.493040E-01
  1.983997E+00  7.160865E-01  2.866134E+00  2.449792E+00  2.057402E+00
  3.229687E+00  2.980230E+00  3.991379E+01  0.000000E+00  0.000000E+00
  0.000000E+00  3.991379E+01  0.000000E+00  0.000000E+00  0.000000E+00
  3.830239E+01 -6.187505E+01
     39000  1.950000E+01        52
  1.743913E+08  8.050557E+02 -1.243460E+05  2.475120E+04 -1.503613E+05
  0.000000E+00  0.000000E+00  0.000000E+00  0.000000E+00 -1.238066E+05
  0.000000E+00  9.770928E+02 -1.518744E+05  1.503233E+05  0.000000E+00
  0.000000E+00  0.000000E+00  0.000000E+00  6.071458E+04  4.651872E+00
  1.264103E+03  2.528205E+03  9.000000E+01  9.000000E+01  9.000000E+01
  0.000000E+00  8.821424E-01  1.745151E+08 -2.974114E+00 -2.889174E-01
  1.027758E+00 -2.889174E-01  1.547691E+00  2.437523E+00  1.027758E+00
  2.437523E+00  4.072850E+00  2.926908E+00  2.523485E+00  2.078767E+00
  3.251408E+00  3.010991E+00  3.984710E+01  0.000000E+00  0.000000E+00
  0.000000E+00  3.984710E+01  0.000000E+00  0.000000E+00  0.000000E+00
  3.823840E+01  3.387176E+01
     40000  2.000000E+01        52
  1.743913E+08  8.054967E+02 -1.243444E+05  2.472005E+04 -1.503499E+05
  0.000000E+00  0.000000E+00  0.000000E+00  0.000000E+00 -1.238047E+05
  0.000000E+00  1.298177E+03 -1.515842E+05  1.503115E+05  0.000000E+00
  0.000000E+00  0.000000E+00  0.000000E+00  6.080285E+04  4.493333E+00
  1.285448E+03  2.570895E+03  9.000000E+01  9.000000E+01  9.000000E+01
  0.000000E+00 -1.897364E+00  1.745151E+08 -2.896652E+00 -2.430242E+00
 -4.805506E-02 -2.430242E+00  1.983993E-02  2.222308E+00 -4.805506E-02
  2.222308E+00 -2.815279E+00  2.976999E+00  2.571914E+00  2.115247E+00
  3.315734E+00  3.068701E+00  3.986640E+01  0.000000E+00  0.000000E+00
  0.000000E+00  3.986640E+01  0.000000E+00  0.000000E+00  0.000000E+00
  3.825692E+01 -7.295928E+01
     41000  2.050000E+01        52
  1.743913E+08  7.826593E+02 -1.243391E+05  2.473959E+04 -1.503593E+05
  0.000000E+00  0.000000E+00  0.000000E+00  0.000000E+00 -1.238147E+05
  0.000000E+00  1.188096E+03 -1.516943E+05  1.503213E+05  0.000000E+00
  0.000000E+00  0.000000E+00  0.000000E+00  6.075162E+04  4.487542E+00
  1.280580E+03  2.561161E+03  9.000000E+01  9.000000E+01  9.000000E+01
  0.000000E+00 -1.209400E+00  1.745151E+08 -1.602606E+00 -1.007786E+00
 -7.156748E-01 -1.007786E+00 -1.711055E+00  1.775623E+00 -7.156748E-01
  1.775623E+00 -3.145368E-01  2.937001E+00  2.522072E+00  2.080844E+00
  3.293754E+00  3.046502E+00  3.985520E+01  0.000000E+00  0.000000E+00
  0.000000E+00  3.985520E+01  0.000000E+00  0.000000E+00  0.000000E+00
  3.824617E+01 -4.646583E+01
     42000  2.100000E+01        52
  1.743913E+08  7.848519E+02 -1.243534E+05  2.478094E+04 -1.504088E+05
  0.000000E+00  0.000000E+00  0.000000E+00  0.000000E+00 -1.238276E+05
  0.000000E+00  8.305362E+02 -1.520893E+05  1.503710E+05  0.000000E+00
  0.000000E+00  0.000000E+00  0.000000E+00  6.056992E+04  4.550607E+00
  1.274429E+03  2.548857E+03  9.000000E+01  9.000000E+01  9.000000E+01
  0.000000E+00  1.924002E+00  1.745151E+08  1.941286E+00 -1.705529E-01
 -6.791470E-01 -1.705529E-01  2.821321E+00  2.026260E+00 -6.791470E-01
  2.026260E+00  1.009398E+00  2.977360E+00  2.525598E+00  2.095038E+00
  3.303138E+00  3.064916E+00  3.981542E+01  0.000000E+00  0.000000E+00
  0.000000E+00  3.981542E+01  0.000000E+00  0.000000E+00  0.000000E+00
  3.820800E+01  7.370017E+01
     43000  2.150000E+01        52
  1.743913E+08  7.986218E+02 -1.243589E+05  2.479087E+04 -1.504128E+05
  0.000000E+00  0.000000E+00  0.000000E+00  0.000000E+00 -1.238238E+05
  0.000000E+00  7.923427E+02 -1.521089E+05  1.503751E+05  0.000000E+00
  0.000000E+00  0.000000E+00  0.000000E+00  6.051417E+04  4.594578E+00
  1.263111E+03  2.526221E+03  9.000000E+01  9.000000E+01  9.000000E+01
  0.000000E+00  2.419140E+00  1.745151E+08  1.946826E+00 -1.126177E+00
  1.121006E+00 -1.126177E+00  3.170133E+00  1.325531E+00  1.121006E+00
  1.325531E+00  2.140462E+00  2.978128E+00  2.584145E+00  2.106686E+00
  3.325737E+00  3.079593E+00  3.980320E+01  0.000000E+00  0.000000E+00
  0.000000E+00  3.980320E+01  0.000000E+00  0.000000E+00  0.000000E+00
  3.819628E+01  9.258149E+01
     44000  2.200000E+01        52
  1.743913E+08  7.972678E+02 -1.243468E+05  2.472398E+04 -1.503486E+05
  0.000000E+00  0.000000E+00  0.000000E+00  0.000000E+00 -1.238126E+05
  0.000000E+00  1.158405E+03 -1.517080E+05  1.503107E+05  0.000000E+00
  0.000000E+00  0.000000E+00  0.000000E+00  6.057472E+04  4.553703E+00
  1.277850E+03  2.555699E+03  9.000000E+01  9.000000E+01  9.000000E+01
  0.000000E+00 -7.842610E-01  1.745151E+08 -3.266575E+00 -5.042154E-01
  1.751105E+00 -5.042154E-01  2.204670E+00  1.389950E+00  1.751105E+00
  1.389950E+00 -1.290878E+00  3.030106E+00  2.577947E+00  2.142845E+00
  3.348793E+00  3.105365E+00  3.981647E+01  0.000000E+00  0.000000E+00
  0.000000E+00  3.981647E+01  0.000000E+00  0.000000E+00  0.000000E+00
  3.820901E+01 -3.004402E+01
     45000  2.250000E+01        52
  1.743913E+08  7.996664E+02 -1.243529E+05  2.462403E+04 -1.502520E+05
  0.000000E+00  0.000000E+00  0.000000E+00  0.000000E+00 -1.238172E+05
  0.000000E+00  1.532803E+03 -1.512308E+05  1.502135E+05  0.000000E+00
  0.000000E+00  0.000000E+00  0.000000E+00  6.060329E+04  4.628843E+00
  1.275080E+03  2.550160E+03  9.000000E+01  9.000000E+01  9.000000E+01
  0.000000E+00 -4.012134E+00  1.745151E+08 -5.045432E+00  2.693657E-01
 -9.100987E-01  2.693657E-01 -2.100367E+00  3.090100E+00 -9.100987E-01
  3.090100E+00 -4.890601E+00  3.070402E+00  2.609236E+00  2.152545E+00
  3.397964E+00  3.150733E+00  3.982273E+01  0.000000E+00  0.000000E+00
  0.000000E+00  3.982273E+01  0.000000E+00  0.000000E+00  0.000000E+00
  3.821502E+01 -1.537721E+02
     46000  2.300000E+01        52
  1.743913E+08  8.002851E+02 -1.243584E+05  2.479454E+04 -1.504312E+05
  0.000000E+00  0.000000E+00  0.000000E+00  0.000000E+00 -1.238222E+05
  0.000000E+00  9.998949E+02 -1.519492E+05  1.503926E+05  0.000000E+00
  0.000000E+00  0.000000E+00  0.000000E+00  6.055219E+04  4.671902E+00
  1.278212E+03  2.556425E+03  9.000000E+01  9.000000E+01  9.000000E+01
  0.000000E+00  6.303873E-01  1.745151E+08 -8.571872E-01  1.788829E+00
  4.127332E-01  1.788829E+00  2.966712E+00  3.772554E+00  4.127332E-01
  3.772554E+00 -2.183633E-01  3.134102E+00  2.636970E+00  2.162720E+00
  3.433226E+00  3.180400E+00  3.981154E+01  0.000000E+00  0.000000E+00
  0.000000E+00  3.981154E+01  0.000000E+00  0.000000E+00  0.000000E+00
  3.820427E+01  2.414034E+01
     47000  2.350000E+01        52
  1.743913E+08  8.009255E+02 -1.243532E+05  2.470790E+04 -1.503377E+05
  0.000000E+00  0.000000E+00  0.000000E+00  0.000000E+00 -1.238165E+05
  0.000000E+00  1.382579E+03 -1.514695E+05  1.502988E+05  0.000000E+00
  0.000000E+00  0.000000E+00  0.000000E+00  6.071902E+04  4.663665E+00
  1.276620E+03  2.553240E+03  9.000000E+01  9.000000E+01  9.000000E+01
  0.000000E+00 -2.685806E+00  1.745151E+08 -4.713101E+00 -1.123705E-01
  4.503573E-01 -1.123705E-01  7.517068E-01  1.446748E+00  4.503573E-01
  1.446748E+00 -4.096025E+00  3.061361E+00  2.590907E+00  2.133873E+00
  3.391584E+00  3.139488E+00  3.984807E+01  0.000000E+00  0.000000E+00
  0.000000E+00  3.984807E+01  0.000000E+00  0.000000E+00  0.000000E+00
  3.823933E+01 -1.031349E+02
     48000  2.400000E+01        52
  1.743913E+08  7.925154E+02 -1.243522E+05  2.477915E+04 -1.504324E+05
  0.000000E+00  0.000000E+00  0.000000E+00  0.000000E+00 -1.238213E+05
  0.000000E+00  1.124127E+03 -1.518713E+05  1.503933E+05  0.000000E+00
  0.000000E+00  0.000000E+00  0.000000E+00  6.067230E+04  4.409846E+00
  1.301041E+03  2.602081E+03  9.000000E+01  9.000000E+01  9.000000E+01
  0.000000E+00 -5.405383E-01  1.745151E+08 -3.629989E-01 -8.286411E-01
 -1.957650E+00 -8.286411E-01 -6.550546E-01  1.179850E+00 -1.957650E+00
  1.179850E+00 -6.035613E-01  3.088915E+00  2.596695E+00  2.134393E+00
  3.397528E+00  3.148841E+00  3.983784E+01  0.000000E+00  0.000000E+00
  0.000000E+00  3.983784E+01  0.000000E+00  0.000000E+00  0.000000E+00
  3.822952E+01 -2.074068E+01
     49000  2.450000E+01        52
  1.743913E+08  7.898381E+02 -1.243648E+05  2.472618E+04 -1.503746E+05
  0.000000E+00  0.000000E+00  0.000000E+00  0.000000E+00 -1.238356E+05
  0.000000E+00  1.116815E+03 -1.517867E+05  1.503362E+05  0.000000E+00
  0.000000E+00  0.000000E+00  0.000000E+00  6.053552E+04  4.419854E+00
  1.283655E+03  2.567310E+03  9.000000E+01  9.000000E+01  9.000000E+01
  0.000000E+00 -5.093279E-01  1.745151E+08 -4.020385E-02 -9.685012E-01
  6.509541E-01 -9.685012E-01  9.031306E-01  9.306017E-01  6.509541E-01
  9.306017E-01 -2.390910E+00  3.156155E+00  2.616505E+00  2.173268E+00
  3.461172E+00  3.213298E+00  3.980788E+01  0.000000E+00  0.000000E+00
  0.000000E+00  3.980788E+01  0.000000E+00  0.000000E+00  0.000000E+00
  3.820077E+01 -1.949906E+01
     50000  2.500000E+01        52
  1.743913E+08  8.006907E+02 -1.243743E+05  2.477627E+04 -1.504020E+05
  0.000000E+00  0.000000E+00  0.000000E+00  0.000000E+00 -1.238378E+05
  0.000000E+00  8.516653E+02 -1.520152E+05  1.503640E+05  0.000000E+00
  0.000000E+00  0.000000E+00  0.000000E+00  6.038511E+04  4.651864E+00
  1.251433E+03  2.502866E+03  9.000000E+01  9.000000E+01  9.000000E+01
  0.000000E+00  1.930707E+00  1.745151E+08  1.774944E-01 -4.513230E-01
  6.954315E-01 -4.513230E-01  6.499345E+00  1.401514E+00  6.954315E-01
  1.401514E+00 -8.847186E-01  3.159109E+00  2.631058E+00  2.134751E+00
  3.453666E+00  3.201010E+00  3.977489E+01  0.000000E+00  0.000000E+00
  0.000000E+00  3.977489E+01  0.000000E+00  0.000000E+00  0.000000E+00
  3.816910E+01  7.373137E+01
     51000  2.550000E+01        52
  1.743913E+08  8.060941E+02 -1.243694E+05  2.470385E+04 -1.503383E+05
  0.000000E+00  0.000000E+00  0.000000E+00  0.000000E+00 -1.238293E+05
  0.000000E+00  1.216396E+03 -1.516130E+05  1.502993E+05  0.000000E+00
  0.000000E+00  0.000000E+00  0.000000E+00  6.056038E+04  4.700633E+00
  1.265057E+03  2.530114E+03  9.000000E+01  9.000000E+01  9.000000E+01
  0.000000E+00 -1.186229E+00  1.745151E+08 -1.472846E+00 -5.199507E-01
  9.821493E-01 -5.199507E-01 -3.000960E+00  3.246985E+00  9.821493E-01
  3.246985E+00  9.151181E-01  3.133520E+00  2.630630E+00  2.152049E+00
  3.425556E+00  3.182143E+00  3.981333E+01  0.000000E+00  0.000000E+00
  0.000000E+00  3.981333E+01  0.000000E+00  0.000000E+00  0.000000E+00
  3.820600E+01 -4.543215E+01
     52000  2.600000E+01        52
  1.743913E+08  8.099864E+02 -1.243753E+05  2.471815E+04 -1.503638E+05
  0.000000E+00  0.000000E+00  0.000000E+00  0.000000E+00 -1.238326E+05
  0.000000E+00  1.136491E+03 -1.517292E+05  1.503249E+05  0.000000E+00
  0.000000E+00  0.000000E+00  0.000000E+00  6.044038E+04  4.684527E+00
  1.270377E+03  2.540755E+03  9.000000E+01  9.000000E+01  9.000000E+01
  0.000000E+00 -4.462855E-01  1.745151E+08 -8.882474E-01 -2.218565E+00
  2.338212E+00 -2.218565E+00 -1.376427E-01  6.154701E-01  2.338212E+00
  6.154701E-01 -3.129664E-01  3.221340E+00  2.718042E+00  2.223351E+00
  3.527450E+00  3.273926E+00  3.978702E+01  0.000000E+00  0.000000E+00
  0.000000E+00  3.978702E+01  0.000000E+00  0.000000E+00  0.000000E+00
  3.818074E+01 -1.705870E+01
     53000  2.650000E+01        52
  1.743913E+08  8.006978E+02 -1.243763E+05  2.474958E+04 -1.503907E+05
  0.000000E+00  0.000000E+00  0.000000E+00  0.000000E+00 -1.238399E+05
  0.000000E+00  1.020113E+03 -1.518625E+05  1.503530E+05  0.000000E+00
  0.000000E+00  0.000000E+00  0.000000E+00  6.037886E+04  4.590829E+00
  1.264816E+03  2.529633E+03  9.000000E+01  9.000000E+01  9.000000E+01
  0.000000E+00  4.605267E-01  1.745151E+08 -1.614064E-01 -1.463865E+00
  2.072280E+00 -1.463865E+00  2.868424E+00  2.709205E+00  2.072280E+00
  2.709205E+00 -1.325438E+00  3.195837E+00  2.672658E+00  2.231296E+00
  3.500734E+00  3.250162E+00  3.977351E+01  0.000000E+00  0.000000E+00
  0.000000E+00  3.977351E+01  0.000000E+00  0.000000E+00  0.000000E+00
  3.816779E+01  1.758514E+01
     54000  2.700000E+01        52
  1.743913E+08  7.939965E+02 -1.243765E+05  2.477345E+04 -1.504007E+05
  0.000000E+00  0.000000E+00  0.000000E+00  0.000000E+00 -1.238445E+05
  0.000000E+00  8.985308E+02 -1.519665E+05  1.503634E+05  0.000000E+00
  0.000000E+00  0.000000E+00  0.000000E+00  6.037117E+04  4.577286E+00
  1.250842E+03  2.501684E+03  9.000000E+01  9.000000E+01  9.000000E+01
  0.000000E+00  1.443680E+00  1.745151E+08  9.951190E-01 -2.249559E+00
 -1.548276E+00 -2.249559E+00  3.491894E+00  1.595807E+00 -1.548276E+00
  1.595807E+00 -1.559744E-01  3.234276E+00  2.696495E+00  2.249591E+00
  3.534035E+00  3.288673E+00  3.977183E+01  0.000000E+00  0.000000E+00
  0.000000E+00  3.977183E+01  0.000000E+00  0.000000E+00  0.000000E+00
  3.816617E+01  5.511965E+01
     55000  2.750000E+01        52
  1.743913E+08  8.025665E+02 -1.243798E+05  2.468827E+04 -1.503362E+05
  0.000000E+00  0.000000E+00  0.000000E+00  0.000000E+00 -1.238421E+05
  0.000000E+00  1.317916E+03 -1.515164E+05  1.502981E+05  0.000000E+00
  0.000000E+00  0.000000E+00  0.000000E+00  6.032994E+04  4.724309E+00
  1.268131E+03  2.536263E+03  9.000000E+01  9.000000E+01  9.000000E+01
  0.000000E+00 -2.118994E+00  1.745151E+08 -2.380505E+00 -1.379796E+00
  7.963379E-01 -1.379796E+00 -7.058299E-03  1.739104E+00  7.963379E-01
  1.739104E+00 -3.969418E+00  3.192904E+00  2.686624E+00  2.195323E+00
  3.476524E+00  3.232198E+00  3.976277E+01  0.000000E+00  0.000000E+00
  0.000000E+00  3.976277E+01  0.000000E+00  0.000000E+00  0.000000E+00
  3.815748E+01 -8.084787E+01
     56000  2.800000E+01        52
  1.743913E+08  8.069350E+02 -1.243941E+05  2.478473E+04 -1.504287E+05
  0.000000E+00  0.000000E+00  0.000000E+00  0.000000E+00 -1.238535E+05
  0.000000E+00  8.421949E+02 -1.520485E+05  1.503910E+05  0.000000E+00
  0.000000E+00  0.000000E+00  0.000000E+00  6.022665E+04  4.508069E+00
  1.249847E+03  2.499694E+03  9.000000E+01  9.000000E+01  9.000000E+01
  0.000000E+00  2.091889E+00  1.745152E+08  5.174490E+00  1.368509E+00
  5.817959E-01  1.368509E+00  3.684863E+00 -2.068226E+00  5.817959E-01
 -2.068226E+00 -2.583686E+00  3.266573E+00  2.721874E+00  2.238744E+00
  3.545296E+00  3.298249E+00  3.974006E+01  0.000000E+00  0.000000E+00
  0.000000E+00  3.974006E+01  0.000000E+00  0.000000E+00  0.000000E+00
  3.813569E+01  7.967707E+01
     57000  2.850000E+01        52
  1.743913E+08  8.037418E+02 -1.244011E+05  2.485856E+04 -1.505276E+05
  0.000000E+00  0.000000E+00  0.000000E+00  0.000000E+00 -1.238626E+05
  0.000000E+00  4.337274E+02 -1.525937E+05  1.504914E+05  0.000000E+00
  0.000000E+00  0.000000E+00  0.000000E+00  5.984233E+04  4.743059E+00
  1.267976E+03  2.535952E+03  9.000000E+01  9.000000E+01  9.000000E+01
  0.000000E+00  5.665311E+00  1.745152E+08  2.573974E+00 -1.147852E+00
 -8.665603E-02 -1.147852E+00  8.315603E+00  1.593495E+00 -8.665603E-02
  1.593495E+00  6.106358E+00  3.353882E+00  2.766345E+00  2.243811E+00
  3.606777E+00  3.356890E+00  3.965535E+01  0.000000E+00  0.000000E+00
  0.000000E+00  3.965535E+01  0.000000E+00  0.000000E+00  0.000000E+00
  3.805440E+01  2.144067E+02
     58000  2.900000E+01        52
  1.743913E+08  7.968450E+02 -1.243866E+05  2.481119E+04 -1.504548E+05
  0.000000E+00  0.000000E+00  0.000000E+00  0.000000E+00 -1.238528E+05
  0.000000E+00  5.936347E+02 -1.523382E+05  1.504179E+05  0.000000E+00
  0.000000E+00  0.000000E+00  0.000000E+00  5.994661E+04  4.634895E+00
  1.256990E+03  2.513979E+03  9.000000E+01  9.000000E+01  9.000000E+01
  0.000000E+00  4.168234E+00  1.745152E+08  5.718749E+00  1.326449E-01
 -3.475829E-01  1.326449E-01  5.606832E+00  2.152502E+00 -3.475829E-01
  2.152502E+00  1.179123E+00  3.326151E+00  2.744464E+00  2.266499E+00
  3.597918E+00  3.351022E+00  3.967838E+01  0.000000E+00  0.000000E+00
  0.000000E+00  3.967838E+01  0.000000E+00  0.000000E+00  0.000000E+00
  3.807649E+01  1.580239E+02
     59000  2.950000E+01        52
  1.743913E+08  7.986371E+02 -1.243847E+05  2.473537E+04 -1.503851E+05
  0.000000E+00  0.000000E+00  0.000000E+00  0.000000E+00 -1.238496E+05
  0.000000E+00  1.001584E+03 -1.518763E+05  1.503478E+05  0.000000E+00
  0.000000E+00  0.000000E+00  0.000000E+00  6.003814E+04  4.656674E+00
  1.265066E+03  2.530131E+03  9.000000E+01  9.000000E+01  9.000000E+01
  0.000000E+00  6.015681E-01  1.745151E+08  8.174647E-01 -7.617542E-01
 -6.919785E-01 -7.617542E-01  2.583893E+00  2.532602E+00 -6.919785E-01
  2.532602E+00 -1.596654E+00  3.402718E+00  2.820109E+00  2.310529E+00
  3.647197E+00  3.397781E+00  3.969856E+01  0.000000E+00  0.000000E+00
  0.000000E+00  3.969856E+01  0.000000E+00  0.000000E+00  0.000000E+00
  3.809586E+01  2.284115E+01
     60000  3.000000E+01        52
  1.743913E+08  8.019141E+02 -1.244010E+05  2.480335E+04 -1.504728E+05
  0.000000E+00  0.000000E+00  0.000000E+00  0.000000E+00 -1.238637E+05
  0.000000E+00  8.029947E+02 -1.521694E+05  1.504355E+05  0.000000E+00
  0.000000E+00  0.000000E+00  0.000000E+00  5.997722E+04  4.588146E+00
  1.268435E+03  2.536869E+03  9.000000E+01  9.000000E+01  9.000000E+01
  0.000000E+00  2.385956E+00  1.745152E+08  2.396384E+00  1.350908E+00
  7.521547E-01  1.350908E+00  7.037616E+00  2.207393E+00  7.521547E-01
  2.207393E+00 -2.276132E+00  3.306479E+00  2.714784E+00  2.234541E+00
  3.583788E+00  3.334116E+00  3.968513E+01  0.000000E+00  0.000000E+00
  0.000000E+00  3.968513E+01  0.000000E+00  0.000000E+00  0.000000E+00
  3.808297E+01  9.050130E+01
     61000  3.050000E+01        52
  1.743913E+08  8.072638E+02 -1.244033E+05  2.471924E+04 -1.503864E+05
  0.000000E+00  0.000000E+00  0.000000E+00  0.000000E+00 -1.238624E+05
  0.000000E+00  1.204031E+03 -1.516726E+05  1.503489E+05  0.000000E+00
  0.000000E+00  0.000000E+00  0.000000E+00  6.018188E+04  4.659534E+00
  1.263869E+03  2.527738E+03  9.000000E+01  9.000000E+01  9.000000E+01
  0.000000E+00 -1.071672E+00  1.745152E+08 -1.533398E+00 -5.977145E-01
  3.747916E-01 -5.977145E-01  1.982315E+00  2.912294E-01  3.747916E-01
  2.912294E-01 -3.663934E+00  3.352243E+00  2.774838E+00  2.268879E+00
  3.616559E+00  3.374942E+00  3.973022E+01  0.000000E+00  0.000000E+00
  0.000000E+00  3.973022E+01  0.000000E+00  0.000000E+00  0.000000E+00
  3.812624E+01 -4.078813E+01
     62000  3.100000E+01        52
  1.743913E+08  8.075194E+02 -1.243980E+05  2.468567E+04 -1.503280E+05
  0.000000E+00  0.000000E+00  0.000000E+00  0.000000E+00 -1.238570E+05
  0.000000E+00  1.135192E+03 -1.516437E+05  1.502903E+05  0.000000E+00
  0.000000E+00  0.000000E+00  0.000000E+00  6.015337E+04  4.703117E+00
  1.244301E+03  2.488603E+03  9.000000E+01  9.000000E+01  9.000000E+01
  0.000000E+00 -4.660000E-01  1.745152E+08 -7.698701E-01  1.843759E-01
 -2.038882E+00  1.843759E-01  1.190056E+00  1.521897E+00 -2.038882E+00
  1.521897E+00 -1.818186E+00  3.322276E+00  2.762044E+00  2.298132E+00
  3.635782E+00  3.381718E+00  3.972394E+01  0.000000E+00  0.000000E+00
  0.000000E+00  3.972394E+01  0.000000E+00  0.000000E+00  0.000000E+00
  3.812021E+01 -1.772768E+01
     63000  3.150000E+01        52
  1.743913E+08  8.071176E+02 -1.243950E+05  2.474307E+04 -1.503918E+05
  0.000000E+00  0.000000E+00  0.000000E+00  0.000000E+00 -1.238542E+05
  0.000000E+00  8.510662E+02 -1.520115E+05  1.503552E+05  0.000000E+00
  0.000000E+00  0.000000E+00  0.000000E+00  5.999136E+04  4.741567E+00
  1.253706E+03  2.507412E+03  9.000000E+01  9.000000E+01  9.000000E+01
  0.000000E+00  2.024301E+00  1.745152E+08  3.457317E+00 -5.280639E-02
  6.438266E-02 -5.280639E-02  1.949165E+00  3.293468E-01  6.438266E-02
  3.293468E-01  6.664224E-01  3.399283E+00  2.751693E+00  2.274174E+00
  3.656948E+00  3.411243E+00  3.968825E+01  0.000000E+00  0.000000E+00
  0.000000E+00  3.968825E+01  0.000000E+00  0.000000E+00  0.000000E+00
  3.808596E+01  7.680154E+01
     64000  3.200000E+01        52
  1.743913E+08  8.035837E+02 -1.244080E+05  2.477020E+04 -1.504483E+05
  0.000000E+00  0.000000E+00  0.000000E+00  0.000000E+00 -1.238696E+05
  0.000000E+00  8.524539E+02 -1.520989E+05  1.504113E+05  0.000000E+00
  0.000000E+00  0.000000E+00  0.000000E+00  5.990050E+04  4.772749E+00
  1.270060E+03  2.540121E+03  9.000000E+01  9.000000E+01  9.000000E+01
  0.000000E+00  1.973497E+00  1.745152E+08  5.291125E+00 -4.346235E-01
 -2.356349E+00 -4.346235E-01  3.201389E+00  1.287700E+00 -2.356349E+00
  1.287700E+00 -2.572024E+00  3.396151E+00  2.790415E+00  2.278146E+00
  3.688804E+00  3.433016E+00  3.966820E+01  0.000000E+00  0.000000E+00
  0.000000E+00  3.966820E+01  0.000000E+00  0.000000E+00  0.000000E+00
  3.806672E+01  7.476062E+01
     65000  3.250000E+01        52
  1.743913E+08  7.840813E+02 -1.244100E+05  2.474727E+04 -1.504323E+05
  0.000000E+00  0.000000E+00  0.000000E+00  0.000000E+00 -1.238847E+05
  0.000000E+00  1.014799E+03 -1.519307E+05  1.503955E+05  0.000000E+00
  0.000000E+00  0.000000E+00  0.000000E+00  6.001469E+04  4.648626E+00
  1.275022E+03  2.550043E+03  9.000000E+01  9.000000E+01  9.000000E+01
  0.000000E+00  3.144558E-01  1.745152E+08 -2.140895E-02  1.085489E+00
  9.109130E-01  1.085489E+00  2.767650E+00  2.137498E+00  9.109130E-01
  2.137498E+00 -1.802874E+00  3.354958E+00  2.761601E+00  2.262934E+00
  3.647231E+00  3.391604E+00  3.969339E+01  0.000000E+00  0.000000E+00
  0.000000E+00  3.969339E+01  0.000000E+00  0.000000E+00  0.000000E+00
  3.809090E+01  1.193502E+01
     66000  3.300000E+01        52
  1.743913E+08  8.018772E+02 -1.244044E+05  2.470872E+04 -1.503809E+05
  0.000000E+00  0.000000E+00  0.000000E+00  0.000000E+00 -1.238671E+05
  0.000000E+00  1.072228E+03 -1.518072E+05  1.503438E+05  0.000000E+00
  0.000000E+00  0.000000E+00  0.000000E+00  6.001955E+04  4.683804E+00
  1.267802E+03  2.535605E+03  9.000000E+01  9.000000E+01  9.000000E+01
  0.000000E+00  1.950597E-02  1.745152E+08 -1.141029E+00 -2.132568E+00
 -1.417832E+00 -2.132568E+00  3.603746E+00  1.185508E+00 -1.417832E+00
  1.185508E+00 -2.404199E+00  3.430056E+00  2.794490E+00  2.303328E+00
  3.704760E+00  3.454189E+00  3.969446E+01  0.000000E+00  0.000000E+00
  0.000000E+00  3.969446E+01  0.000000E+00  0.000000E+00  0.000000E+00
  3.809192E+01  7.403997E-01
     67000  3.350000E+01        52
  1.743913E+08  8.238586E+02 -1.244077E+05  2.476401E+04 -1.504279E+05
  0.000000E+00  0.000000E+00  0.000000E+00  0.000000E+00 -1.238557E+05
  0.000000E+00  8.966883E+02 -1.520065E+05  1.503907E+05  0.000000E+00
  0.000000E+00  0.000000E+00  0.000000E+00  6.003288E+04  4.794848E+00
  1.256252E+03  2.512505E+03  9.000000E+01  9.000000E+01  9.000000E+01
  0.000000E+00  1.819294E+00  1.745152E+08 -3.294555E-01  6.311358E-01
 -2.667109E+00  6.311358E-01  2.815822E+00  1.071821E+00 -2.667109E+00
  1.071821E+00  2.971515E+00  3.431126E+00  2.806069E+00  2.319496E+00
  3.723904E+00  3.471748E+00  3.969740E+01  0.000000E+00  0.000000E+00
  0.000000E+00  3.969740E+01  0.000000E+00  0.000000E+00  0.000000E+00
  3.809474E+01  6.907136E+01
     68000  3.400000E+01        52
  1.743913E+08  8.017594E+02 -1.244076E+05  2.478474E+04 -1.504367E+05
  0.000000E+00  0.000000E+00  0.000000E+00  0.000000E+00 -1.238704E+05
  0.000000E+00  8.389562E+02 -1.520492E+05  1.503995E+05  0.000000E+00
  0.000000E+00  0.000000E+00  0.000000E+00  5.998897E+04  4.605791E+00
  1.244352E+03  2.488705E+03  9.000000E+01  9.000000E+01  9.000000E+01
  0.000000E+00  2.067702E+00  1.745152E+08  6.666498E-01 -9.806167E-01
 -2.043431E+00 -9.806167E-01  4.289453E+00  1.692744E+00 -2.043431E+00
  1.692744E+00  1.247002E+00  3.443212E+00  2.842314E+00  2.349656E+00
  3.717024E+00  3.464878E+00  3.968772E+01  0.000000E+00  0.000000E+00
  0.000000E+00  3.968772E+01  0.000000E+00  0.000000E+00  0.000000E+00
  3.808545E+01  7.844502E+01
     69000  3.450000E+01        52
  1.743913E+08  7.825418E+02 -1.244119E+05  2.461256E+04 -1.502919E+05
  0.000000E+00  0.000000E+00  0.000000E+00  0.000000E+00 -1.238876E+05
  0.000000E+00  1.486166E+03 -1.513034E+05  1.502547E+05  0.000000E+00
  0.000000E+00  0.000000E+00  0.000000E+00  5.994473E+04  4.662396E+00
  1.267455E+03  2.534910E+03  9.000000E+01  9.000000E+01  9.000000E+01
  0.000000E+00 -3.847894E+00  1.745152E+08 -8.006717E+00 -1.760553E+00
 -3.802685E-01 -1.760553E+00  1.165627E+00  1.155071E+00 -3.802685E-01
  1.155071E+00 -4.702592E+00  3.400125E+00  2.780546E+00  2.306942E+00
  3.719445E+00  3.457751E+00  3.967796E+01  0.000000E+00  0.000000E+00
  0.000000E+00  3.967796E+01  0.000000E+00  0.000000E+00  0.000000E+00
  3.807609E+01 -1.458747E+02
     70000  3.500000E+01        52
  1.743913E+08  7.870248E+02 -1.244066E+05  2.474388E+04 -1.504102E+05
  0.000000E+00  0.000000E+00  0.000000E+00  0.000000E+00 -1.238793E+05
  0.000000E+00  9.843448E+02 -1.519085E+05  1.503735E+05  0.000000E+00
  0.000000E+00  0.000000E+00  0.000000E+00  5.996408E+04  4.644981E+00
  1.259651E+03  2.519302E+03  9.000000E+01  9.000000E+01  9.000000E+01
  0.000000E+00  6.170770E-01  1.745152E+08  1.561967E+00 -3.919615E-01
 -1.142362E+00 -3.919615E-01 -3.904004E-02  9.033000E-01 -1.142362E+00
  9.033000E-01  3.283045E-01  3.439075E+00  2.824581E+00  2.365068E+00
  3.740818E+00  3.491944E+00  3.968223E+01  0.000000E+00  0.000000E+00
  0.000000E+00  3.968223E+01  0.000000E+00  0.000000E+00  0.000000E+00
  3.808019E+01  2.340112E+01
     71000  3.550000E+01        52
  1.743913E+08  7.907518E+02 -1.244009E+05  2.474263E+04 -1.504005E+05
  0.000000E+00  0.000000E+00  0.000000E+00  0.000000E+00 -1.238711E+05
  0.000000E+00  1.051357E+03 -1.518263E+05  1.503637E+05  0.000000E+00
  0.000000E+00  0.000000E+00  0.000000E+00  6.006543E+04  4.696513E+00
  1.256983E+03  2.513966E+03  9.000000E+01  9.000000E+01  9.000000E+01
  0.000000E+00  7.182292E-02  1.745152E+08 -3.847187E+00  4.063554E-01
 -1.571339E+00  4.063554E-01  4.122336E+00 -1.002988E+00 -1.571339E+00
 -1.002988E+00 -5.968096E-02  3.473009E+00  2.848410E+00  2.333620E+00
  3.755817E+00  3.504192E+00  3.970457E+01  0.000000E+00  0.000000E+00
  0.000000E+00  3.970457E+01  0.000000E+00  0.000000E+00  0.000000E+00
  3.810163E+01  2.728309E+00
     72000  3.600000E+01        52
  1.743913E+08  7.968732E+02 -1.244163E+05  2.473540E+04 -1.504073E+05
  0.000000E+00  0.000000E+00  0.000000E+00  0.000000E+00 -1.238824E+05
  0.000000E+00  9.864940E+02 -1.518953E+05  1.503707E+05  0.000000E+00
  0.000000E+00  0.000000E+00  0.000000E+00  5.997808E+04  4.672797E+00
  1.255563E+03  2.511127E+03  9.000000E+01  9.000000E+01  9.000000E+01
  0.000000E+00  7.140105E-01  1.745152E+08 -1.898461E+00 -3.400907E+00
 -5.421160E-02 -3.400907E+00  4.519428E+00  6.729727E-01 -5.421160E-02
  6.729727E-01 -4.789350E-01  3.431912E+00  2.827419E+00  2.340575E+00
  3.695056E+00  3.451404E+00  3.968532E+01  0.000000E+00  0.000000E+00
  0.000000E+00  3.968532E+01  0.000000E+00  0.000000E+00  0.000000E+00
  3.808315E+01  2.708340E+01
     73000  3.650000E+01        52
  1.743913E+08  8.072519E+02 -1.244229E+05  2.477259E+04 -1.504636E+05
  0.000000E+00  0.000000E+00  0.000000E+00  0.000000E+00 -1.238820E+05
  0.000000E+00  9.000077E+02 -1.520631E+05  1.504269E+05  0.000000E+00
  0.000000E+00  0.000000E+00  0.000000E+00  5.990131E+04  4.658245E+00
  1.268110E+03  2.536220E+03  9.000000E+01  9.000000E+01  9.000000E+01
  0.000000E+00  1.598289E+00  1.745152E+08  1.222950E+00  6.404635E-01
 -1.632907E+00  6.404635E-01  4.034707E+00  1.095624E+00 -1.632907E+00
  1.095624E+00 -4.627897E-01  3.429871E+00  2.792149E+00  2.303651E+00
  3.683502E+00  3.440485E+00  3.966838E+01  0.000000E+00  0.000000E+00
  0.000000E+00  3.966838E+01  0.000000E+00  0.000000E+00  0.000000E+00
  3.806689E+01  6.054770E+01
     74000  3.700000E+01        52
  1.743913E+08  8.057309E+02 -1.244205E+05  2.478345E+04 -1.504632E+05
  0.000000E+00  0.000000E+00  0.000000E+00  0.000000E+00 -1.238806E+05
  0.000000E+00  8.821592E+02 -1.520634E+05  1.504270E+05  0.000000E+00
  0.000000E+00  0.000000E+00  0.000000E+00  5.992480E+04  4.691787E+00
  1.259296E+03  2.518591E+03  9.000000E+01  9.000000E+01  9.000000E+01
  0.000000E+00  1.736725E+00  1.745152E+08  2.120939E+00 -3.559376E-01
  2.634857E+00 -3.559376E-01  3.246422E+00 -7.159856E-01  2.634857E+00
 -7.159856E-01 -1.571854E-01  3.486209E+00  2.858309E+00  2.371619E+00
  3.740041E+00  3.492871E+00  3.967356E+01  0.000000E+00  0.000000E+00
  0.000000E+00  3.967356E+01  0.000000E+00  0.000000E+00  0.000000E+00
  3.807187E+01  6.581786E+01
     75000  3.750000E+01        52
  1.743913E+08  8.012901E+02 -1.244195E+05  2.473831E+04 -1.504060E+05
  0.000000E+00  0.000000E+00  0.000000E+00  0.000000E+00 -1.238827E+05
  0.000000E+00  9.184873E+02 -1.519470E+05  1.503692E+05  0.000000E+00
  0.000000E+00  0.000000E+00  0.000000E+00  5.981550E+04  4.585170E+00
  1.248116E+03  2.496231E+03  9.000000E+01  9.000000E+01  9.000000E+01
  0.000000E+00  1.367355E+00  1.745152E+08  2.262660E+00 -1.174164E+00
 -1.669088E+00 -1.174164E+00  3.942068E+00 -1.053321E-01 -1.669088E+00
 -1.053321E-01 -2.102663E+00  3.469651E+00  2.838800E+00  2.364866E+00
  3.743005E+00  3.496293E+00  3.964943E+01  0.000000E+00  0.000000E+00
  0.000000E+00  3.964943E+01  0.000000E+00  0.000000E+00  0.000000E+00
  3.804871E+01  5.172507E+01
     76000  3.800000E+01        52
  1.743913E+08  7.923491E+02 -1.244098E+05  2.473898E+04 -1.504102E+05
  0.000000E+00  0.000000E+00  0.000000E+00  0.000000E+00 -1.238789E+05
  0.000000E+00  1.056748E+03 -1.518393E+05  1.503733E+05  0.000000E+00
  0.000000E+00  0.000000E+00  0.000000E+00  5.989920E+04  4.649244E+00
  1.261399E+03  2.522797E+03  9.000000E+01  9.000000E+01  9.000000E+01
  0.000000E+00  4.341910E-02  1.745152E+08 -1.403293E+00  5.037764E-01
  5.015231E-01  5.037764E-01  2.463823E+00  4.293168E-01  5.015231E-01
  4.293168E-01 -9.302733E-01  3.452929E+00  2.864193E+00  2.346427E+00
  3.756417E+00  3.502204E+00  3.966791E+01  0.000000E+00  0.000000E+00
  0.000000E+00  3.966791E+01  0.000000E+00  0.000000E+00  0.000000E+00
  3.806645E+01  1.644780E+00
     77000  3.850000E+01        52
  1.743913E+08  7.969432E+02 -1.244185E+05  2.467678E+04 -1.503522E+05
  0.000000E+00  0.000000E+00  0.000000E+00  0.000000E+00 -1.238845E+05
  0.000000E+00  1.256690E+03 -1.515730E+05  1.503157E+05  0.000000E+00
  0.000000E+00  0.000000E+00  0.000000E+00  6.000242E+04  4.718102E+00
  1.257007E+03  2.514014E+03  9.000000E+01  9.000000E+01  9.000000E+01
  0.000000E+00 -1.658918E+00  1.745152E+08 -5.840118E-01  3.405119E+00
  7.588819E-01  3.405119E+00  3.827891E-01  1.369516E+00  7.588819E-01
  1.369516E+00 -4.775531E+00  3.509517E+00  2.906664E+00  2.385454E+00
  3.788807E+00  3.539984E+00  3.969068E+01  0.000000E+00  0.000000E+00
  0.000000E+00  3.969068E+01  0.000000E+00  0.000000E+00  0.000000E+00
  3.808830E+01 -6.295057E+01
     78000  3.900000E+01        52
  1.743913E+08  7.975366E+02 -1.244244E+05  2.467977E+04 -1.503571E+05
  0.000000E+00  0.000000E+00  0.000000E+00  0.000000E+00 -1.238900E+05
  0.000000E+00  1.248372E+03 -1.515777E+05  1.503202E+05  0.000000E+00
  0.000000E+00  0.000000E+00  0.000000E+00  5.991798E+04  4.612455E+00
  1.252918E+03  2.505836E+03  9.000000E+01  9.000000E+01  9.000000E+01
  0.000000E+00 -1.581091E+00  1.745152E+08 -5.259274E-01  9.695201E-01
  8.719139E-01  9.695201E-01 -4.372928E-01  1.644756E+00  8.719139E-01
  1.644756E+00 -3.780053E+00  3.506612E+00  2.879573E+00  2.382490E+00
  3.790411E+00  3.540928E+00  3.967206E+01  0.000000E+00  0.000000E+00
  0.000000E+00  3.967206E+01  0.000000E+00  0.000000E+00  0.000000E+00
  3.807042E+01 -5.991287E+01
     79000  3.950000E+01        52
  1.743913E+08  7.892737E+02 -1.244095E+05  2.471576E+04 -1.503719E+05
  0.000000E+00  0.000000E+00  0.000000E+00  0.000000E+00 -1.238807E+05
  0.000000E+00  1.040364E+03 -1.517882E+05  1.503354E+05  0.000000E+00
  0.000000E+00  0.000000E+00  0.000000E+00  5.993397E+04  4.593516E+00
  1.246575E+03  2.493150E+03  9.000000E+01  9.000000E+01  9.000000E+01
  0.000000E+00  1.512366E-01  1.745152E+08  1.825536E+00  1.486662E-01
  1.621072E+00  1.486662E-01 -7.418076E-03  1.320525E+00  1.621072E+00
  1.320525E+00 -1.364408E+00  3.452406E+00  2.849786E+00  2.355897E+00
  3.757837E+00  3.503468E+00  3.967559E+01  0.000000E+00  0.000000E+00
  0.000000E+00  3.967559E+01  0.000000E+00  0.000000E+00  0.000000E+00
  3.807381E+01  5.732393E+00
     80000  4.000000E+01        52
  1.743913E+08  7.950910E+02 -1.244168E+05  2.473956E+04 -1.504215E+05
  0.000000E+00  0.000000E+00  0.000000E+00  0.000000E+00 -1.238841E+05
  0.000000E+00  1.038453E+03 -1.518771E+05  1.503853E+05  0.000000E+00
  0.000000E+00  0.000000E+00  0.000000E+00  5.980321E+04  4.670346E+00
  1.265104E+03  2.530208E+03  9.000000E+01  9.000000E+01  9.000000E+01
  0.000000E+00  2.371091E-01  1.745152E+08  1.836806E+00 -3.752709E-01
  1.232433E+00 -3.752709E-01  2.539080E+00  2.088464E+00  1.232433E+00
  2.088464E+00 -3.664558E+00  3.536643E+00  2.921640E+00  2.437455E+00
  3.816525E+00  3.568073E+00  3.964671E+01  0.000000E+00  0.000000E+00
  0.000000E+00  3.964671E+01  0.000000E+00  0.000000E+00  0.000000E+00
  3.804610E+01  8.967652E+00
     81000  4.050000E+01        52
  1.743913E+08  7.908520E+02 -1.244204E+05  2.473708E+04 -1.503934E+05
  0.000000E+00  0.000000E+00  0.000000E+00  0.000000E+00 -1.238906E+05
  0.000000E+00  9.555363E+02 -1.518733E+05  1.503571E+05  0.000000E+00
  0.000000E+00  0.000000E+00  0.000000E+00  5.981304E+04  4.597719E+00
  1.235869E+03  2.471738E+03  9.000000E+01  9.000000E+01  9.000000E+01
  0.000000E+00  9.176865E-01  1.745152E+08  1.106382E+00  7.513807E-01
  8.080025E-01  7.513807E-01  5.243811E+00  6.588115E-01  8.080025E-01
  6.588115E-01 -3.597133E+00  3.553287E+00  2.906340E+00  2.451411E+00
  3.828159E+00  3.576219E+00  3.964888E+01  0.000000E+00  0.000000E+00
  0.000000E+00  3.964888E+01  0.000000E+00  0.000000E+00  0.000000E+00
  3.804819E+01  3.471333E+01
     82000  4.100000E+01        52
  1.743913E+08  7.927958E+02 -1.244225E+05  2.460765E+04 -1.502873E+05
  0.000000E+00  0.000000E+00  0.000000E+00  0.000000E+00 -1.238913E+05
  0.000000E+00  1.557176E+03 -1.512076E+05  1.502505E+05  0.000000E+00
  0.000000E+00  0.000000E+00  0.000000E+00  6.002458E+04  4.452761E+00
  1.257163E+03  2.514327E+03  9.000000E+01  9.000000E+01  9.000000E+01
  0.000000E+00 -4.345669E+00  1.745152E+08 -3.873195E+00  2.064157E-01
  1.309313E+00  2.064157E-01 -1.249222E+00  1.802302E+00  1.309313E+00
  1.802302E+00 -7.914590E+00  3.474068E+00  2.829263E+00  2.416453E+00
  3.782004E+00  3.531295E+00  3.969557E+01  0.000000E+00  0.000000E+00
  0.000000E+00  3.969557E+01  0.000000E+00  0.000000E+00  0.000000E+00
  3.809299E+01 -1.649650E+02
     83000  4.150000E+01        52
  1.743913E+08  8.027577E+02 -1.244110E+05  2.476306E+04 -1.504395E+05
  0.000000E+00  0.000000E+00  0.000000E+00  0.000000E+00 -1.238732E+05
  0.000000E+00  8.972088E+02 -1.520367E+05  1.504031E+05  0.000000E+00
  0.000000E+00  0.000000E+00  0.000000E+00  5.987403E+04  4.810738E+00
  1.265432E+03  2.530864E+03  9.000000E+01  9.000000E+01  9.000000E+01
  0.000000E+00  1.570645E+00  1.745152E+08  3.034972E+00 -1.691522E-01
  1.975271E+00 -1.691522E-01  3.137959E+00  3.799988E-01  1.975271E+00
  3.799988E-01 -1.460997E+00  3.586453E+00  2.888787E+00  2.413188E+00
  3.853148E+00  3.599888E+00  3.966235E+01  0.000000E+00  0.000000E+00
  0.000000E+00  3.966235E+01  0.000000E+00  0.000000E+00  0.000000E+00
  3.806111E+01  5.947335E+01
     84000  4.200000E+01        52
  3.402781E+08  5.125913E+02 -1.052033E+05  1.788720E+04 -1.425907E+05
  0.000000E+00  0.000000E+00  0.000000E+00  0.000000E+00 -1.048598E+05
  0.000000E+00  6.978670E+04 -1.117243E+05  1.425107E+05  0.000000E+00
  0.000000E+00  0.000000E+00  0.000000E+00  7.351670E+04  1.020415E+03
  1.950016E+04  3.900032E+04  9.000000E+01  9.000000E+01  9.000000E+01
  0.000000E+00 -4.954091E+02  3.403830E+08 -4.557874E+02 -2.343112E+02
 -6.153893E+01 -2.343112E+02 -5.026673E+02 -4.336168E+01 -6.153893E+01
 -4.336168E+01 -5.277724E+02  3.486163E+00  2.872615E+00  2.419077E+00
  3.784737E+00  1.054208E+03  4.247118E+01  0.000000E+00  0.000000E+00
  0.000000E+00  4.247118E+01  0.000000E+00  0.000000E+00  0.000000E+00
  4.075654E+01 -2.303329E+04
     85000  4.250000E+01        52
  1.373502E+10  2.821234E-12 -1.237062E+05  1.875858E+04 -1.436243E+05
  0.000000E+00  0.000000E+00  0.000000E+00  0.000000E+00 -1.237062E+05
  0.000000E+00  2.990627E+04 -1.159561E+05  1.435435E+05  0.000000E+00
  0.000000E+00  0.000000E+00  0.000000E+00  7.376861E+04  7.525622E-15
  1.159468E+03  2.318936E+03  9.000000E+01  9.000000E+01  9.000000E+01
  0.000000E+00 -2.136798E+02  1.373514E+10 -2.132489E+02  2.246433E-01
  1.152505E+00  2.246433E-01 -2.130048E+02  5.078975E-01  1.152505E+00
  5.078975E-01 -2.147856E+02  3.484607E+00  2.872397E+00  2.418848E+00
  3.780847E+00  1.181540E+03  4.251963E+01  0.000000E+00  0.000000E+00
  0.000000E+00  4.251963E+01  0.000000E+00  0.000000E+00  0.000000E+00
  4.080304E+01 -9.968757E+03
     86000  4.300000E+01        52
  1.373502E+10  1.394122E-12 -1.238194E+05  1.922204E+04 -1.441176E+05
  0.000000E+00  0.000000E+00  0.000000E+00  0.000000E+00 -1.238193E+05
  0.000000E+00  2.793459E+04 -1.182546E+05  1.440369E+05  0.000000E+00
  0.000000E+00  0.000000E+00  0.000000E+00  7.370410E+04  1.727669E-15
  1.076135E+03  2.152269E+03  9.000000E+01  9.000000E+01  9.000000E+01
  0.000000E+00 -1.997668E+02  1.373514E+10 -1.992945E+02  2.548190E-01
  1.105346E+00  2.548190E-01 -1.990654E+02  3.714007E-01  1.105346E+00
  3.714007E-01 -2.009405E+02  3.484607E+00  2.872397E+00  2.418848E+00
  3.780847E+00  1.181540E+03  4.250724E+01  0.000000E+00  0.000000E+00
  0.000000E+00  4.250724E+01  0.000000E+00  0.000000E+00  0.000000E+00
  4.079114E+01 -9.311530E+03
     87000  4.350000E+01        52
  1.373502E+10  9.359246E-13 -1.238869E+05  1.949513E+04 -1.444241E+05
  0.000000E+00  0.000000E+00  0.000000E+00  0.000000E+00 -1.238869E+05
  0.000000E+00  2.673158E+04 -1.196963E+05  1.443437E+05  0.000000E+00
  0.000000E+00  0.000000E+00  0.000000E+00  7.364288E+04  8.740755E-16
  1.042080E+03  2.084160E+03  9.000000E+01  9.000000E+01  9.000000E+01
  0.000000E+00 -1.913227E+02  1.373514E+10 -1.909024E+02  2.663936E-01
  1.136143E+00  2.663936E-01 -1.905512E+02  3.631310E-01  1.136143E+00
  3.631310E-01 -1.925146E+02  3.484607E+00  2.872397E+00  2.418848E+00
  3.780847E+00  1.181540E+03  4.249546E+01  0.000000E+00  0.000000E+00
  0.000000E+00  4.249546E+01  0.000000E+00  0.000000E+00  0.000000E+00
  4.077985E+01 -8.910525E+03
     88000  4.400000E+01        52
  1.373502E+10  7.023114E-13 -1.239356E+05  1.968933E+04 -1.446500E+05
  0.000000E+00  0.000000E+00  0.000000E+00  0.000000E+00 -1.239356E+05
  0.000000E+00  2.585697E+04 -1.207628E+05  1.445697E+05  0.000000E+00
  0.000000E+00  0.000000E+00  0.000000E+00  7.358380E+04  5.465466E-16
  1.025039E+03  2.050078E+03  9.000000E+01  9.000000E+01  9.000000E+01
  0.000000E+00 -1.852116E+02  1.373514E+10 -1.849006E+02  2.401872E-01
  1.171810E+00  2.401872E-01 -1.843488E+02  3.982837E-01  1.171810E+00
  3.982837E-01 -1.863854E+02  3.484607E+00  2.872397E+00  2.418848E+00
  3.780847E+00  1.181540E+03  4.248410E+01  0.000000E+00  0.000000E+00
  0.000000E+00  4.248410E+01  0.000000E+00  0.000000E+00  0.000000E+00
  4.076894E+01 -8.618991E+03
     89000  4.450000E+01        52
  1.373502E+10  5.636092E-13 -1.239738E+05  1.984189E+04 -1.448312E+05
  0.000000E+00  0.000000E+00  0.000000E+00  0.000000E+00 -1.239737E+05
  0.000000E+00  2.516176E+04 -1.216205E+05  1.447511E+05  0.000000E+00
  0.000000E+00  0.000000E+00  0.000000E+00  7.352633E+04  3.834312E-16
  1.015578E+03  2.031155E+03  9.000000E+01  9.000000E+01  9.000000E+01
  0.000000E+00 -1.803727E+02  1.373514E+10 -1.802034E+02  2.079274E-01
  1.209536E+00  2.079274E-01 -1.794031E+02  4.473630E-01  1.209536E+00
  4.473630E-01 -1.815116E+02  3.484606E+00  2.872397E+00  2.418848E+00
  3.780847E+00  1.181540E+03  4.247304E+01  0.000000E+00  0.000000E+00
  0.000000E+00  4.247304E+01  0.000000E+00  0.000000E+00  0.000000E+00
  4.075832E+01 -8.387254E+03
     90000  4.500000E+01        52
  1.373502E+10  4.721709E-13 -1.240055E+05  1.996845E+04 -1.449839E+05
  0.000000E+00  0.000000E+00  0.000000E+00  0.000000E+00 -1.240054E+05
  0.000000E+00  2.458082E+04 -1.223430E+05  1.449039E+05  0.000000E+00
  0.000000E+00  0.000000E+00  0.000000E+00  7.347017E+04  3.002301E-16
  1.009962E+03  2.019925E+03  9.000000E+01  9.000000E+01  9.000000E+01
  0.000000E+00 -1.763430E+02  1.373514E+10 -1.763282E+02  1.898982E-01
  1.239229E+00  1.898982E-01 -1.752583E+02  4.961006E-01  1.239229E+00
  4.961006E-01 -1.774424E+02  3.484606E+00  2.872397E+00  2.418848E+00
  3.780846E+00  1.181540E+03  4.246222E+01  0.000000E+00  0.000000E+00
  0.000000E+00  4.246222E+01  0.000000E+00  0.000000E+00  0.000000E+00
  4.074794E+01 -8.193608E+03
     91000  4.550000E+01        52
  1.373502E+10  3.926186E-13 -1.240320E+05  2.007958E+04 -1.451181E+05
  0.000000E+00  0.000000E+00  0.000000E+00  0.000000E+00 -1.240320E+05
  0.000000E+00  2.407154E+04 -1.229799E+05  1.450383E+05  0.000000E+00
  0.000000E+00  0.000000E+00  0.000000E+00  7.341509E+04  2.037538E-16
  1.006526E+03  2.013052E+03  9.000000E+01  9.000000E+01  9.000000E+01
  0.000000E+00 -1.728189E+02  1.373514E+10 -1.728585E+02  1.905879E-01
  1.221402E+00  1.905879E-01 -1.716966E+02  5.386720E-01  1.221402E+00
  5.386720E-01 -1.739015E+02  3.484606E+00  2.872397E+00  2.418848E+00
  3.780846E+00  1.181540E+03  4.245161E+01  0.000000E+00  0.000000E+00
  0.000000E+00  4.245161E+01  0.000000E+00  0.000000E+00  0.000000E+00
  4.073776E+01 -8.023845E+03
     92000  4.600000E+01        52
  1.373502E+10  3.417955E-13 -1.240549E+05  2.017734E+04 -1.452368E+05
  0.000000E+00  0.000000E+00  0.000000E+00  0.000000E+00 -1.240549E+05
  0.000000E+00  2.362237E+04 -1.235439E+05  1.451572E+05  0.000000E+00
  0.000000E+00  0.000000E+00  0.000000E+00  7.336098E+04  1.568973E-16
  1.004549E+03  2.009098E+03  9.000000E+01  9.000000E+01  9.000000E+01
  0.000000E+00 -1.697193E+02  1.373514E+10 -1.698160E+02  1.921512E-01
  1.212390E+00  1.921512E-01 -1.685614E+02  5.882499E-01  1.212390E+00
  5.882499E-01 -1.707804E+02  3.484606E+00  2.872397E+00  2.418848E+00
  3.780846E+00  1.181540E+03  4.244117E+01  0.000000E+00  0.000000E+00
  0.000000E+00  4.244117E+01  0.000000E+00  0.000000E+00  0.000000E+00
  4.072775E+01 -7.874125E+03
     93000  4.650000E+01        52
  1.373502E+10  3.036955E-13 -1.240752E+05  2.026471E+04 -1.453433E+05
  0.000000E+00  0.000000E+00  0.000000E+00  0.000000E+00 -1.240752E+05
  0.000000E+00  2.321995E+04 -1.240508E+05  1.452639E+05  0.000000E+00
  0.000000E+00  0.000000E+00  0.000000E+00  7.330769E+04  1.264566E-16
  1.003422E+03  2.006844E+03  9.000000E+01  9.000000E+01  9.000000E+01
  0.000000E+00 -1.669492E+02  1.373514E+10 -1.671021E+02  1.937937E-01
  1.206332E+00  1.937937E-01 -1.657584E+02  6.381998E-01  1.206332E+00
  6.381998E-01 -1.679873E+02  3.484606E+00  2.872397E+00  2.418848E+00
  3.780846E+00  1.181540E+03  4.243089E+01  0.000000E+00  0.000000E+00
  0.000000E+00  4.243089E+01  0.000000E+00  0.000000E+00  0.000000E+00
  4.071788E+01 -7.739984E+03
     94000  4.700000E+01        52
  1.373502E+10  2.736633E-13 -1.240935E+05  2.034374E+04 -1.454401E+05
  0.000000E+00  0.000000E+00  0.000000E+00  0.000000E+00 -1.240934E+05
  0.000000E+00  2.285507E+04 -1.245115E+05  1.453609E+05  0.000000E+00
  0.000000E+00  0.000000E+00  0.000000E+00  7.325516E+04  1.048032E-16
  1.002834E+03  2.005668E+03  9.000000E+01  9.000000E+01  9.000000E+01
  0.000000E+00 -1.644436E+02  1.373514E+10 -1.646475E+02  1.944737E-01
  1.201602E+00  1.944737E-01 -1.632255E+02  6.845089E-01  1.201602E+00
  6.845089E-01 -1.654578E+02  3.484606E+00  2.872397E+00  2.418848E+00
  3.780846E+00  1.181540E+03  4.242076E+01  0.000000E+00  0.000000E+00
  0.000000E+00  4.242076E+01  0.000000E+00  0.000000E+00  0.000000E+00
  4.070815E+01 -7.618355E+03
     95000  4.750000E+01        52
  1.373502E+10  2.490631E-13 -1.241101E+05  2.041596E+04 -1.455287E+05
  0.000000E+00  0.000000E+00  0.000000E+00  0.000000E+00 -1.241101E+05
  0.000000E+00  2.252090E+04 -1.249340E+05  1.454497E+05  0.000000E+00
  0.000000E+00  0.000000E+00  0.000000E+00  7.320329E+04  8.854943E-17
  1.002596E+03  2.005193E+03  9.000000E+01  9.000000E+01  9.000000E+01
  0.000000E+00 -1.621541E+02  1.373514E+10 -1.624022E+02  1.933460E-01
  1.198112E+00  1.933460E-01 -1.609162E+02  7.250943E-01  1.198112E+00
  7.250943E-01 -1.631438E+02  3.484606E+00  2.872397E+00  2.418848E+00
  3.780846E+00  1.181540E+03  4.241074E+01  0.000000E+00  0.000000E+00
  0.000000E+00  4.241074E+01  0.000000E+00  0.000000E+00  0.000000E+00
  4.069854E+01 -7.506966E+03
     96000  4.800000E+01        52
  1.373502E+10  2.285081E-13 -1.241254E+05  2.048246E+04 -1.456105E+05
  0.000000E+00  0.000000E+00  0.000000E+00  0.000000E+00 -1.241254E+05
  0.000000E+00  2.221235E+04 -1.253245E+05  1.455317E+05  0.000000E+00
  0.000000E+00  0.000000E+00  0.000000E+00  7.315203E+04  7.614861E-17
  1.002585E+03  2.005171E+03  9.000000E+01  9.000000E+01  9.000000E+01
  0.000000E+00 -1.600446E+02  1.373514E+10 -1.603305E+02  1.912742E-01
  1.193894E+00  1.912742E-01 -1.587943E+02  7.597493E-01  1.193894E+00
  7.597493E-01 -1.610089E+02  3.484606E+00  2.872397E+00  2.418848E+00
  3.780846E+00  1.181540E+03  4.240084E+01  0.000000E+00  0.000000E+00
  0.000000E+00  4.240084E+01  0.000000E+00  0.000000E+00  0.000000E+00
  4.068904E+01 -7.404118E+03
     97000  4.850000E+01        52
  1.373502E+10  2.112862E-13 -1.241395E+05  2.054405E+04 -1.456863E+05
  0.000000E+00  0.000000E+00  0.000000E+00  0.000000E+00 -1.241395E+05
  0.000000E+00  2.192578E+04 -1.256874E+05  1.456077E+05  0.000000E+00
  0.000000E+00  0.000000E+00  0.000000E+00  7.310133E+04  6.656609E-17
  1.002727E+03  2.005455E+03  9.000000E+01  9.000000E+01  9.000000E+01
  0.000000E+00 -1.580893E+02  1.373514E+10 -1.584059E+02  1.897312E-01
  1.187437E+00  1.897312E-01 -1.568330E+02  7.913140E-01  1.187437E+00
  7.913140E-01 -1.590290E+02  3.484606E+00  2.872397E+00  2.418848E+00
  3.780846E+00  1.181540E+03  4.239104E+01  0.000000E+00  0.000000E+00
  0.000000E+00  4.239104E+01  0.000000E+00  0.000000E+00  0.000000E+00
  4.067964E+01 -7.308595E+03
     98000  4.900000E+01        52
  1.373502E+10  1.967588E-13 -1.241527E+05  2.060141E+04 -1.457571E+05
  0.000000E+00  0.000000E+00  0.000000E+00  0.000000E+00 -1.241527E+05
  0.000000E+00  2.165809E+04 -1.260265E+05  1.456787E+05  0.000000E+00
  0.000000E+00  0.000000E+00  0.000000E+00  7.305114E+04  5.897028E-17
  1.002977E+03  2.005954E+03  9.000000E+01  9.000000E+01  9.000000E+01
  0.000000E+00 -1.562665E+02  1.373514E+10 -1.566065E+02  1.901170E-01
  1.178236E+00  1.901170E-01 -1.550094E+02  8.216443E-01  1.178236E+00
  8.216443E-01 -1.571835E+02  3.484606E+00  2.872396E+00  2.418848E+00
  3.780846E+00  1.181540E+03  4.238134E+01  0.000000E+00  0.000000E+00
  0.000000E+00  4.238134E+01  0.000000E+00  0.000000E+00  0.000000E+00
  4.067033E+01 -7.219363E+03
     99000  4.950000E+01        52
  1.373502E+10  1.843370E-13 -1.241651E+05  2.065512E+04 -1.458235E+05
  0.000000E+00  0.000000E+00  0.000000E+00  0.000000E+00 -1.241650E+05
  0.000000E+00  2.140674E+04 -1.263451E+05  1.457452E+05  0.000000E+00
  0.000000E+00  0.000000E+00  0.000000E+00  7.300143E+04  5.290911E-17
  1.003304E+03  2.006607E+03  9.000000E+01  9.000000E+01  9.000000E+01
  0.000000E+00 -1.545581E+02  1.373514E+10 -1.549136E+02  1.919292E-01
  1.166562E+00  1.919292E-01 -1.533047E+02  8.518377E-01  1.166562E+00
  8.518377E-01 -1.554561E+02  3.484606E+00  2.872396E+00  2.418848E+00
  3.780846E+00  1.181540E+03  4.237172E+01  0.000000E+00  0.000000E+00
  0.000000E+00  4.237172E+01  0.000000E+00  0.000000E+00  0.000000E+00
  4.066110E+01 -7.135580E+03
    100000  5.000000E+01        52
  1.373502E+10  1.735580E-13 -1.241767E+05  2.070566E+04 -1.458860E+05
  0.000000E+00  0.000000E+00  0.000000E+00  0.000000E+00 -1.241766E+05
  0.000000E+00  2.116957E+04 -1.266457E+05  1.458080E+05  0.000000E+00
  0.000000E+00  0.000000E+00  0.000000E+00  7.295216E+04  4.786834E-17
  1.003685E+03  2.007369E+03  9.000000E+01  9.000000E+01  9.000000E+01
  0.000000E+00 -1.529490E+02  1.373514E+10 -1.533127E+02  1.946195E-01
  1.153390E+00  1.946195E-01 -1.517030E+02  8.818559E-01  1.153390E+00
  8.818559E-01 -1.538313E+02  3.484606E+00  2.872396E+00  2.418848E+00
  3.780846E+00  1.181540E+03  4.236219E+01  0.000000E+00  0.000000E+00
  0.000000E+00  4.236219E+01  0.000000E+00  0.000000E+00  0.000000E+00
  4.065195E+01 -7.056525E+03
