title: #Li56 La24 Zr16 O96                                                     
energy unitS: electron Volts
         0  0.000000E+00        52
 -1.163639E+05  6.500000E+02 -1.167994E+05  1.362317E+04 -1.304225E+05
  0.000000E+00  0.000000E+00  0.000000E+00  0.000000E+00 -1.163639E+05
  0.000000E+00  3.377908E+04 -9.662661E+04  1.304057E+05  0.000000E+00
  0.000000E+00  0.000000E+00  0.000000E+00  6.008194E+04  0.000000E+00
  0.000000E+00  0.000000E+00  9.000000E+01  9.000000E+01  9.000000E+01
  0.000000E+00 -2.886902E+02  0.000000E+00 -3.022118E+02 -1.031255E-01
 -3.292085E-02 -1.031255E-01 -3.019946E+02 -5.587572E-02 -3.292085E-02
 -5.587572E-02 -2.618643E+02  0.000000E+00  0.000000E+00  0.000000E+00
  0.000000E+00  0.000000E+00  3.970821E+01  0.000000E+00  0.000000E+00
  0.000000E+00  3.970821E+01  0.000000E+00  0.000000E+00  0.000000E+00
  3.810512E+01 -1.096938E+04
      1000  5.000000E-01        52
 -1.195566E+05  6.500000E+02 -1.207761E+05  2.146802E+04 -1.460395E+05
  0.000000E+00  0.000000E+00  0.000000E+00  0.000000E+00 -1.203406E+05
  0.000000E+00  2.090809E+04 -1.326774E+05  1.459948E+05  0.000000E+00
  0.000000E+00  0.000000E+00  0.000000E+00  6.361650E+04  2.051827E-01
  3.795323E+03  7.590645E+03  9.000000E+01  9.000000E+01  9.000000E+01
  0.000000E+00 -1.660118E+02  7.840189E+02 -1.996674E+02  1.221474E+01
  2.684298E+01  1.221474E+01 -1.590557E+02 -2.802776E+01  2.684298E+01
 -2.802776E+01 -1.393122E+02  2.116080E+00  7.698543E-01  7.942135E-01
  1.577364E+00  1.955592E+02  4.047209E+01  0.000000E+00  0.000000E+00
  0.000000E+00  4.047209E+01  0.000000E+00  0.000000E+00  0.000000E+00
  3.883815E+01 -6.679049E+03
      2000  1.000000E+00        52
  2.772592E+09  1.100638E+03 -1.225610E+05  2.331881E+04 -1.472272E+05
  0.000000E+00  0.000000E+00  0.000000E+00  0.000000E+00 -1.218235E+05
  0.000000E+00  1.116998E+04 -1.384815E+05  1.469566E+05  0.000000E+00
  0.000000E+00  0.000000E+00  0.000000E+00  9.968881E+04  8.523702E+02
  1.347432E+03  2.694864E+03  9.000000E+01  9.000000E+01  9.000000E+01
  0.000000E+00 -5.126060E+01  2.772714E+09 -5.486687E+01 -7.641656E-02
 -7.989060E-01 -7.641656E-02 -5.519742E+01  1.891174E-01 -7.989060E-01
  1.891174E-01 -4.371751E+01  4.542982E+00  2.049180E+00  1.502310E+00
  5.244102E+00  1.861900E+03  4.700901E+01  0.000000E+00  0.000000E+00
  0.000000E+00  4.700901E+01  0.000000E+00  0.000000E+00  0.000000E+00
  4.511117E+01 -3.231738E+03
      3000  1.500000E+00        52
  1.648678E+11  8.246057E+02 -1.219736E+05  2.281966E+04 -1.461031E+05
  0.000000E+00  0.000000E+00  0.000000E+00  0.000000E+00 -1.214211E+05
  0.000000E+00  1.309058E+04 -1.349788E+05  1.454498E+05  0.000000E+00
  0.000000E+00  0.000000E+00  0.000000E+00  1.262458E+05  3.546710E+02
  1.309787E+03  2.619574E+03  9.000000E+01  9.000000E+01  9.000000E+01
  0.000000E+00 -5.004014E+01  1.648680E+11 -4.890022E+01 -1.945999E+00
 -1.896142E-01 -1.945999E+00 -5.001574E+01 -1.957803E+00 -1.896142E-01
 -1.957803E+00 -5.120447E+01  6.244469E+00  3.571764E+00  2.460163E+00
  9.494741E+00  2.805299E+03  5.085940E+01  0.000000E+00  0.000000E+00
  0.000000E+00  5.085940E+01  0.000000E+00  0.000000E+00  0.000000E+00
  4.880612E+01 -3.995226E+03
      4000  2.000000E+00        52
  1.648678E+11  6.500000E+02 -1.211906E+05  2.163592E+04 -1.441036E+05
  0.000000E+00  0.000000E+00  0.000000E+00  0.000000E+00 -1.207551E+05
  0.000000E+00  1.773119E+04 -1.276431E+05  1.428203E+05  0.000000E+00
  0.000000E+00  0.000000E+00  0.000000E+00  1.542410E+05  2.745655E-02
  1.277027E+03  2.554054E+03  9.000000E+01  9.000000E+01  9.000000E+01
  0.000000E+00 -5.761517E+01  1.648680E+11 -5.630277E+01  1.046683E+00
 -1.062005E+00  1.046683E+00 -5.833751E+01 -1.687204E-01 -1.062005E+00
 -1.687204E-01 -5.820523E+01  8.130284E+00  5.047254E+00  3.486185E+00
  1.437275E+01  3.401330E+03  5.437078E+01  0.000000E+00  0.000000E+00
  0.000000E+00  5.437078E+01  0.000000E+00  0.000000E+00  0.000000E+00
  5.217573E+01 -5.620082E+03
      5000  2.500000E+00        52
  1.648678E+11  6.553918E+02 -1.223238E+05  2.431397E+04 -1.481807E+05
  0.000000E+00  0.000000E+00  0.000000E+00  0.000000E+00 -1.218847E+05
  0.000000E+00  6.622682E+03 -1.435268E+05  1.470638E+05  0.000000E+00
  0.000000E+00  0.000000E+00  0.000000E+00  1.482554E+05  1.065096E+01
  1.542865E+03  3.085730E+03  9.000000E+01  9.000000E+01  9.000000E+01
  0.000000E+00 -2.042281E+01  1.648680E+11 -1.907898E+01  1.186120E+00
 -6.735473E-01  1.186120E+00 -1.928275E+01 -7.463172E-02 -6.735473E-01
 -7.463172E-02 -2.290669E+01  1.357945E+01  1.017186E+01  7.602156E+00
  1.999084E+01  3.414665E+03  5.365816E+01  0.000000E+00  0.000000E+00
  0.000000E+00  5.365816E+01  0.000000E+00  0.000000E+00  0.000000E+00
  5.149189E+01 -1.914837E+03
      6000  3.000000E+00        52
  1.648678E+11  6.508067E+02 -1.226227E+05  2.455371E+04 -1.487417E+05
  0.000000E+00  0.000000E+00  0.000000E+00  0.000000E+00 -1.221866E+05
  0.000000E+00  5.582834E+03 -1.452418E+05  1.476941E+05  0.000000E+00
  0.000000E+00  0.000000E+00  0.000000E+00  1.444322E+05  2.266834E+00
  1.565263E+03  3.130526E+03  9.000000E+01  9.000000E+01  9.000000E+01
  0.000000E+00 -1.719112E+01  1.648680E+11 -1.524944E+01  7.088741E-01
  1.011600E+00  7.088741E-01 -1.731293E+01  9.141348E-01  1.011600E+00
  9.141348E-01 -1.901099E+01  1.623025E+01  1.301025E+01  1.045246E+01
  2.285626E+01  3.415533E+03  5.319290E+01  0.000000E+00  0.000000E+00
  0.000000E+00  5.319290E+01  0.000000E+00  0.000000E+00  0.000000E+00
  5.104540E+01 -1.570269E+03
      7000  3.500000E+00        52
  1.648678E+11  6.500000E+02 -1.227589E+05  2.466242E+04 -1.489738E+05
  0.000000E+00  0.000000E+00  0.000000E+00  0.000000E+00 -1.223234E+05
  0.000000E+00  5.016077E+03 -1.461143E+05  1.480255E+05  0.000000E+00
  0.000000E+00  0.000000E+00  0.000000E+00  1.410851E+05  2.159737E-02
  1.552422E+03  3.104843E+03  9.000000E+01  9.000000E+01  9.000000E+01
  0.000000E+00 -1.548566E+01  1.648680E+11 -1.479008E+01 -3.037820E-01
  3.062414E-01 -3.037820E-01 -1.463500E+01  5.633494E-01  3.062414E-01
  5.633494E-01 -1.703190E+01  1.811981E+01  1.512206E+01  1.252413E+01
  2.501985E+01  3.417930E+03  5.277879E+01  0.000000E+00  0.000000E+00
  0.000000E+00  5.277879E+01  0.000000E+00  0.000000E+00  0.000000E+00
  5.064801E+01 -1.381710E+03
      8000  4.000000E+00        52
  1.648678E+11  6.499163E+02 -1.228719E+05  2.475758E+04 -1.491779E+05
  0.000000E+00  0.000000E+00  0.000000E+00  0.000000E+00 -1.224364E+05
  0.000000E+00  4.515399E+03 -1.468689E+05  1.482874E+05  0.000000E+00
  0.000000E+00  0.000000E+00  0.000000E+00  1.381759E+05  3.426710E-01
  1.548435E+03  3.096869E+03  9.000000E+01  9.000000E+01  9.000000E+01
  0.000000E+00 -1.390228E+01  1.648680E+11 -1.269086E+01  9.663865E-01
 -7.372550E-01  9.663865E-01 -1.313107E+01  1.354835E+00 -7.372550E-01
  1.354835E+00 -1.588492E+01  1.878446E+01  1.608109E+01  1.311914E+01
  2.604791E+01  3.416187E+03  5.241349E+01  0.000000E+00  0.000000E+00
  0.000000E+00  5.241349E+01  0.000000E+00  0.000000E+00  0.000000E+00
  5.029747E+01 -1.214855E+03
      9000  4.500000E+00        52
  1.648678E+11  6.497196E+02 -1.229646E+05  2.485368E+04 -1.493810E+05
  0.000000E+00  0.000000E+00  0.000000E+00  0.000000E+00 -1.225293E+05
  0.000000E+00  4.080097E+03 -1.476088E+05  1.485635E+05  0.000000E+00
  0.000000E+00  0.000000E+00  0.000000E+00  1.355753E+05  1.766215E+00
  1.562678E+03  3.125357E+03  9.000000E+01  9.000000E+01  9.000000E+01
  0.000000E+00 -1.247766E+01  1.648680E+11 -1.164344E+01 -1.587609E+00
 -8.359379E-01 -1.587609E+00 -1.185758E+01  8.551692E-02 -8.359379E-01
  8.551692E-02 -1.393195E+01  1.957980E+01  1.625056E+01  1.341506E+01
  2.651690E+01  3.416735E+03  5.208259E+01  0.000000E+00  0.000000E+00
  0.000000E+00  5.208259E+01  0.000000E+00  0.000000E+00  0.000000E+00
  4.997992E+01 -1.069842E+03
     10000  5.000000E+00        52
  1.648678E+11  6.500000E+02 -1.230385E+05  2.483171E+04 -1.494230E+05
  0.000000E+00  0.000000E+00  0.000000E+00  0.000000E+00 -1.226029E+05
  0.000000E+00  4.170856E+03 -1.475834E+05  1.486486E+05  0.000000E+00
  0.000000E+00  0.000000E+00  0.000000E+00  1.332591E+05  2.161748E-02
  1.552796E+03  3.105592E+03  9.000000E+01  9.000000E+01  9.000000E+01
  0.000000E+00 -1.305202E+01  1.648680E+11 -1.445129E+01 -4.980515E-01
 -7.057572E-01 -4.980515E-01 -1.217123E+01  1.934711E-01 -7.057572E-01
  1.934711E-01 -1.253355E+01  1.967009E+01  1.669034E+01  1.349367E+01
  2.691593E+01  3.420031E+03  5.178429E+01  0.000000E+00  0.000000E+00
  0.000000E+00  5.178429E+01  0.000000E+00  0.000000E+00  0.000000E+00
  4.969366E+01 -1.099970E+03
     11000  5.500000E+00        52
  1.648678E+11  6.422220E+02 -1.232358E+05  2.547902E+04 -1.503619E+05
  0.000000E+00  0.000000E+00  0.000000E+00  0.000000E+00 -1.228055E+05
  0.000000E+00  1.240897E+03 -1.520501E+05  1.499969E+05  0.000000E+00
  0.000000E+00  0.000000E+00  0.000000E+00  1.081738E+05  1.773394E+00
  1.647071E+03  3.294143E+03  9.000000E+01  9.000000E+01  9.000000E+01
  0.000000E+00 -1.853362E+00  1.648680E+11 -3.362180E+00  1.740239E-01
 -6.515513E-01  1.740239E-01 -1.336223E+00  9.221417E-01 -6.515513E-01
  9.221417E-01 -8.616826E-01  1.279635E+00  1.235815E+00  1.206961E+00
  1.582182E+00  1.398508E+00  4.830659E+01  0.000000E+00  0.000000E+00
  0.000000E+00  4.830659E+01  0.000000E+00  0.000000E+00  0.000000E+00
  4.635637E+01 -1.267910E+02
     12000  6.000000E+00        52
  1.648678E+11  6.138123E+02 -1.234201E+05  2.554178E+04 -1.505864E+05
  0.000000E+00  0.000000E+00  0.000000E+00  0.000000E+00 -1.230088E+05
  0.000000E+00  6.879537E+02 -1.529061E+05  1.503449E+05  0.000000E+00
  0.000000E+00  0.000000E+00  0.000000E+00  9.696400E+04  2.092762E+00
  1.624582E+03  3.249164E+03  9.000000E+01  9.000000E+01  9.000000E+01
  0.000000E+00  7.311347E-01  1.648680E+11 -3.871786E-01  1.166173E+00
 -2.997428E-01  1.166173E+00  2.839137E+00  1.238285E+00 -2.997428E-01
  1.238285E+00 -2.585547E-01  2.387181E+00  2.345563E+00  2.211884E+00
  2.825388E+00  2.581869E+00  4.657675E+01  0.000000E+00  0.000000E+00
  0.000000E+00  4.657675E+01  0.000000E+00  0.000000E+00  0.000000E+00
  4.469636E+01  4.483466E+01
     13000  6.500000E+00        52
  1.648678E+11  6.346690E+02 -1.235442E+05  2.538371E+04 -1.504895E+05
  0.000000E+00  0.000000E+00  0.000000E+00  0.000000E+00 -1.231189E+05
  0.000000E+00  8.569537E+02 -1.525701E+05  1.503038E+05  0.000000E+00
  0.000000E+00  0.000000E+00  0.000000E+00  9.086556E+04  2.323587E+00
  1.561634E+03  3.123268E+03  9.000000E+01  9.000000E+01  9.000000E+01
  0.000000E+00 -3.799254E-02  1.648680E+11 -7.929933E-01 -5.311488E-01
 -8.235788E-01 -5.311488E-01  3.805010E-01 -2.272871E-01 -8.235788E-01
 -2.272871E-01  2.985146E-01  3.178207E+00  3.071912E+00  2.944071E+00
  3.672580E+00  3.392676E+00  4.557907E+01  0.000000E+00  0.000000E+00
  0.000000E+00  4.557907E+01  0.000000E+00  0.000000E+00  0.000000E+00
  4.373896E+01 -2.183251E+00
     14000  7.000000E+00        52
  1.648678E+11  6.530649E+02 -1.236422E+05  2.532305E+04 -1.505105E+05
  0.000000E+00  0.000000E+00  0.000000E+00  0.000000E+00 -1.232046E+05
  0.000000E+00  9.929938E+02 -1.524546E+05  1.503572E+05  0.000000E+00
  0.000000E+00  0.000000E+00  0.000000E+00  8.628757E+04  2.592598E+00
  1.545224E+03  3.090448E+03  9.000000E+01  9.000000E+01  9.000000E+01
  0.000000E+00 -7.204248E-01  1.648680E+11 -1.155568E+00 -2.027369E+00
 -4.453832E-01 -2.027369E+00 -7.652266E-01  1.069204E+00 -4.453832E-01
  1.069204E+00 -2.404799E-01  3.891388E+00  3.847656E+00  3.408856E+00
  4.361589E+00  4.062861E+00  4.480038E+01  0.000000E+00  0.000000E+00
  0.000000E+00  4.480038E+01  0.000000E+00  0.000000E+00  0.000000E+00
  4.299171E+01 -3.931361E+01
     15000  7.500000E+00        52
  1.648678E+11  6.750815E+02 -1.237254E+05  2.534262E+04 -1.505550E+05
  0.000000E+00  0.000000E+00  0.000000E+00  0.000000E+00 -1.232731E+05
  0.000000E+00  4.771962E+02 -1.529225E+05  1.504258E+05  0.000000E+00
  0.000000E+00  0.000000E+00  0.000000E+00  8.244986E+04  2.807030E+00
  1.486949E+03  2.973898E+03  9.000000E+01  9.000000E+01  9.000000E+01
  0.000000E+00  2.731956E+00  1.648680E+11  2.070463E+00 -1.095986E+00
 -7.462806E-01 -1.095986E+00  6.932811E+00 -1.306972E+00 -7.462806E-01
 -1.306972E+00 -8.074057E-01  4.559366E+00  4.526985E+00  4.075597E+00
  5.061061E+00  4.761443E+00  4.412611E+01  0.000000E+00  0.000000E+00
  0.000000E+00  4.412611E+01  0.000000E+00  0.000000E+00  0.000000E+00
  4.234466E+01  1.424524E+02
     16000  8.000000E+00        52
  1.648678E+11  6.374861E+02 -1.238061E+05  2.519286E+04 -1.504697E+05
  0.000000E+00  0.000000E+00  0.000000E+00  0.000000E+00 -1.233790E+05
  0.000000E+00  8.879409E+02 -1.524147E+05  1.503612E+05  0.000000E+00
  0.000000E+00  0.000000E+00  0.000000E+00  7.923847E+04  2.796790E+00
  1.470719E+03  2.941437E+03  9.000000E+01  9.000000E+01  9.000000E+01
  0.000000E+00 -2.245785E-01  1.648680E+11  2.173909E-01  2.817347E-01
  3.695043E-01  2.817347E-01  8.569115E-01 -1.140387E+00  3.695043E-01
 -1.140387E+00 -1.748038E+00  5.106421E+00  5.154070E+00  4.584883E+00
  5.693887E+00  5.378463E+00  4.354561E+01  0.000000E+00  0.000000E+00
  0.000000E+00  4.354561E+01  0.000000E+00  0.000000E+00  0.000000E+00
  4.178759E+01 -1.125409E+01
     17000  8.500000E+00        52
  1.648678E+11  6.398865E+02 -1.238736E+05  2.515103E+04 -1.504565E+05
  0.000000E+00  0.000000E+00  0.000000E+00  0.000000E+00 -1.234448E+05
  0.000000E+00  7.258600E+02 -1.524997E+05  1.503617E+05  0.000000E+00
  0.000000E+00  0.000000E+00  0.000000E+00  7.669097E+04  2.853674E+00
  1.431927E+03  2.863855E+03  9.000000E+01  9.000000E+01  9.000000E+01
  0.000000E+00  9.040029E-01  1.648680E+11  6.813830E-01  8.143889E-02
 -1.674958E+00  8.143889E-02  1.936754E+00 -3.486320E-01 -1.674958E+00
 -3.486320E-01  9.387184E-02  5.690852E+00  5.793657E+00  5.158085E+00
  6.370280E+00  6.027450E+00  4.307386E+01  0.000000E+00  0.000000E+00
  0.000000E+00  4.307386E+01  0.000000E+00  0.000000E+00  0.000000E+00
  4.133489E+01  4.384500E+01
     18000  9.000000E+00        52
  1.648678E+11  6.492033E+02 -1.239307E+05  2.500703E+04 -1.503569E+05
  0.000000E+00  0.000000E+00  0.000000E+00  0.000000E+00 -1.234957E+05
  0.000000E+00  1.001259E+03 -1.521110E+05  1.502738E+05  0.000000E+00
  0.000000E+00  0.000000E+00  0.000000E+00  7.444941E+04  2.969434E+00
  1.419204E+03  2.838407E+03  9.000000E+01  9.000000E+01  9.000000E+01
  0.000000E+00 -9.301253E-01  1.648680E+11  5.263401E-01  2.284053E+00
 -2.827995E-01  2.284053E+00 -1.379130E+00 -8.317536E-01 -2.827995E-01
 -8.317536E-01 -1.937586E+00  6.264399E+00  6.280173E+00  5.669445E+00
  6.888616E+00  6.555491E+00  4.265004E+01  0.000000E+00  0.000000E+00
  0.000000E+00  4.265004E+01  0.000000E+00  0.000000E+00  0.000000E+00
  4.092818E+01 -4.379341E+01
     19000  9.500000E+00        52
  1.648678E+11  6.624169E+02 -1.239647E+05  2.501799E+04 -1.503903E+05
  0.000000E+00  0.000000E+00  0.000000E+00  0.000000E+00 -1.235208E+05
  0.000000E+00  7.888422E+02 -1.523398E+05  1.503134E+05  0.000000E+00
  0.000000E+00  0.000000E+00  0.000000E+00  7.266019E+04  3.011974E+00
  1.407615E+03  2.815231E+03  9.000000E+01  9.000000E+01  9.000000E+01
  0.000000E+00  7.162693E-01  1.648680E+11  3.144944E-01  1.734657E+00
  2.820689E+00  1.734657E+00  1.731408E+00  2.268919E+00  2.820689E+00
  2.268919E+00  1.029056E-01  6.796248E+00  6.814769E+00  6.152874E+00
  7.525930E+00  7.169675E+00  4.230560E+01  0.000000E+00  0.000000E+00
  0.000000E+00  4.230560E+01  0.000000E+00  0.000000E+00  0.000000E+00
  4.059764E+01  3.291387E+01
     20000  1.000000E+01        52
  1.648678E+11  6.514688E+02 -1.240046E+05  2.499276E+04 -1.503841E+05
  0.000000E+00  0.000000E+00  0.000000E+00  0.000000E+00 -1.235681E+05
  0.000000E+00  7.804631E+02 -1.523064E+05  1.503134E+05  0.000000E+00
  0.000000E+00  0.000000E+00  0.000000E+00  7.132548E+04  3.062633E+00
  1.386740E+03  2.773479E+03  9.000000E+01  9.000000E+01  9.000000E+01
  0.000000E+00  6.831883E-01  1.648680E+11 -2.277661E+00  1.315485E+00
  1.685516E+00  1.315485E+00 -7.365112E-02  2.043119E+00  1.685516E+00
  2.043119E+00  4.400877E+00  7.285443E+00  7.234260E+00  6.563846E+00
  7.977931E+00  7.628116E+00  4.204496E+01  0.000000E+00  0.000000E+00
  0.000000E+00  4.204496E+01  0.000000E+00  0.000000E+00  0.000000E+00
  4.034753E+01  3.081706E+01
     21000  1.050000E+01        52
  1.648678E+11  6.206331E+02 -1.240581E+05  2.492424E+04 -1.503493E+05
  0.000000E+00  0.000000E+00  0.000000E+00  0.000000E+00 -1.236422E+05
  0.000000E+00  9.789244E+02 -1.520364E+05  1.502814E+05  0.000000E+00
  0.000000E+00  0.000000E+00  0.000000E+00  7.056162E+04  2.928119E+00
  1.366964E+03  2.733928E+03  9.000000E+01  9.000000E+01  9.000000E+01
  0.000000E+00 -1.100494E+00  1.648680E+11 -1.118490E+00 -5.876421E-01
  1.419142E+00 -5.876421E-01 -2.523095E+00 -3.555947E-01  1.419142E+00
 -3.555947E-01  3.401029E-01  7.318510E+00  7.361637E+00  6.594998E+00
  8.002418E+00  7.659680E+00  4.189432E+01  0.000000E+00  0.000000E+00
  0.000000E+00  4.189432E+01  0.000000E+00  0.000000E+00  0.000000E+00
  4.020297E+01 -4.910913E+01
     22000  1.100000E+01        52
  1.648678E+11  6.375763E+02 -1.240992E+05  2.490531E+04 -1.503724E+05
  0.000000E+00  0.000000E+00  0.000000E+00  0.000000E+00 -1.236720E+05
  0.000000E+00  9.860482E+02 -1.520576E+05  1.503080E+05  0.000000E+00
  0.000000E+00  0.000000E+00  0.000000E+00  6.959649E+04  3.022380E+00
  1.367865E+03  2.735730E+03  9.000000E+01  9.000000E+01  9.000000E+01
  0.000000E+00 -9.977728E-01  1.648680E+11 -1.672921E+00  2.790468E-01
  1.298376E+00  2.790468E-01 -1.938710E+00 -1.032424E+00  1.298376E+00
 -1.032424E+00  6.183132E-01  7.614878E+00  7.651575E+00  6.926970E+00
  8.331159E+00  7.991105E+00  4.170244E+01  0.000000E+00  0.000000E+00
  0.000000E+00  4.170244E+01  0.000000E+00  0.000000E+00  0.000000E+00
  4.001883E+01 -4.391622E+01
     23000  1.150000E+01        52
  1.648678E+11  6.559239E+02 -1.241081E+05  2.482826E+04 -1.502877E+05
  0.000000E+00  0.000000E+00  0.000000E+00  0.000000E+00 -1.236686E+05
  0.000000E+00  1.072818E+03 -1.518560E+05  1.502261E+05  0.000000E+00
  0.000000E+00  0.000000E+00  0.000000E+00  6.863509E+04  3.264335E+00
  1.351324E+03  2.702647E+03  9.000000E+01  9.000000E+01  9.000000E+01
  0.000000E+00 -1.489298E+00  1.648680E+11 -3.184188E+00  5.666157E-02
  1.041339E+00  5.666157E-02 -1.417460E+00 -1.432711E+00  1.041339E+00
 -1.432711E+00  1.337552E-01  7.847013E+00  7.863675E+00  7.102752E+00
  8.558728E+00  8.219032E+00  4.150952E+01  0.000000E+00  0.000000E+00
  0.000000E+00  4.150952E+01  0.000000E+00  0.000000E+00  0.000000E+00
  3.983371E+01 -6.464483E+01
     24000  1.200000E+01        52
  1.648678E+11  6.673837E+02 -1.241224E+05  2.484516E+04 -1.503345E+05
  0.000000E+00  0.000000E+00  0.000000E+00  0.000000E+00 -1.236752E+05
  0.000000E+00  1.039620E+03 -1.519689E+05  1.502746E+05  0.000000E+00
  0.000000E+00  0.000000E+00  0.000000E+00  6.828372E+04  3.306619E+00
  1.366922E+03  2.733844E+03  9.000000E+01  9.000000E+01  9.000000E+01
  0.000000E+00 -1.122184E+00  1.648680E+11 -2.254816E+00  3.804926E-01
  3.063518E-01  3.804926E-01 -4.568520E-01  2.419199E-01  3.063518E-01
  2.419199E-01 -6.548840E-01  7.844686E+00  7.938540E+00  7.223229E+00
  8.609059E+00  8.275723E+00  4.143857E+01  0.000000E+00  0.000000E+00
  0.000000E+00  4.143857E+01  0.000000E+00  0.000000E+00  0.000000E+00
  3.976562E+01 -4.846043E+01
     25000  1.250000E+01        52
  1.648678E+11  6.554414E+02 -1.241564E+05  2.491964E+04 -1.504137E+05
  0.000000E+00  0.000000E+00  0.000000E+00  0.000000E+00 -1.237172E+05
  0.000000E+00  6.737539E+02 -1.523563E+05  1.503548E+05  0.000000E+00
  0.000000E+00  0.000000E+00  0.000000E+00  6.784567E+04  3.294850E+00
  1.337676E+03  2.675352E+03  9.000000E+01  9.000000E+01  9.000000E+01
  0.000000E+00  1.588578E+00  1.648680E+11  1.365624E+00 -5.258668E-01
 -9.370123E-01 -5.258668E-01  1.863719E+00 -4.401389E-01 -9.370123E-01
 -4.401389E-01  1.536390E+00  8.078186E+00  8.090762E+00  7.387856E+00
  8.830896E+00  8.487868E+00  4.134977E+01  0.000000E+00  0.000000E+00
  0.000000E+00  4.134977E+01  0.000000E+00  0.000000E+00  0.000000E+00
  3.968040E+01  6.816110E+01
     26000  1.300000E+01        52
  1.648678E+11  6.387534E+02 -1.241793E+05  2.493257E+04 -1.504599E+05
  0.000000E+00  0.000000E+00  0.000000E+00  0.000000E+00 -1.237513E+05
  0.000000E+00  6.561813E+02 -1.524416E+05  1.504018E+05  0.000000E+00
  0.000000E+00  0.000000E+00  0.000000E+00  6.767701E+04  3.233739E+00
  1.347989E+03  2.695978E+03  9.000000E+01  9.000000E+01  9.000000E+01
  0.000000E+00  1.555248E+00  1.648680E+11  1.638147E+00 -1.273152E+00
  8.696768E-01 -1.273152E+00  1.081520E+00  5.409938E-01  8.696768E-01
  5.409938E-01  1.946078E+00  8.117669E+00  8.095361E+00  7.504499E+00
  8.862157E+00  8.520233E+00  4.131547E+01  0.000000E+00  0.000000E+00
  0.000000E+00  4.131547E+01  0.000000E+00  0.000000E+00  0.000000E+00
  3.964749E+01  6.656516E+01
     27000  1.350000E+01        52
  1.648678E+11  6.430691E+02 -1.241904E+05  2.485253E+04 -1.503819E+05
  0.000000E+00  0.000000E+00  0.000000E+00  0.000000E+00 -1.237595E+05
  0.000000E+00  8.792420E+02 -1.521231E+05  1.503244E+05  0.000000E+00
  0.000000E+00  0.000000E+00  0.000000E+00  6.745463E+04  3.227196E+00
  1.338963E+03  2.677926E+03  9.000000E+01  9.000000E+01  9.000000E+01
  0.000000E+00 -1.373865E-01  1.648680E+11 -1.034258E+00 -1.265172E+00
  8.168151E-01 -1.265172E+00  1.343986E+00 -2.440172E+00  8.168151E-01
 -2.440172E+00 -7.218875E-01  8.159367E+00  8.167420E+00  7.461084E+00
  8.896941E+00  8.560444E+00  4.127017E+01  0.000000E+00  0.000000E+00
  0.000000E+00  4.127017E+01  0.000000E+00  0.000000E+00  0.000000E+00
  3.960402E+01 -5.860869E+00
     28000  1.400000E+01        52
  1.648678E+11  6.580756E+02 -1.241966E+05  2.483339E+04 -1.503604E+05
  0.000000E+00  0.000000E+00  0.000000E+00  0.000000E+00 -1.237557E+05
  0.000000E+00  1.020059E+03 -1.519442E+05  1.503036E+05  0.000000E+00
  0.000000E+00  0.000000E+00  0.000000E+00  6.710616E+04  3.491006E+00
  1.330352E+03  2.660704E+03  9.000000E+01  9.000000E+01  9.000000E+01
  0.000000E+00 -1.086194E+00  1.648680E+11 -1.404974E+00  1.620874E-01
  4.332508E-01  1.620874E-01  2.715023E+00 -2.474066E+00  4.332508E-01
 -2.474066E+00 -4.568631E+00  8.289220E+00  8.273101E+00  7.579645E+00
  9.060206E+00  8.720681E+00  4.119898E+01  0.000000E+00  0.000000E+00
  0.000000E+00  4.119898E+01  0.000000E+00  0.000000E+00  0.000000E+00
  3.953570E+01 -4.609732E+01
     29000  1.450000E+01        52
  1.648678E+11  6.547888E+02 -1.242075E+05  2.484674E+04 -1.503815E+05
  0.000000E+00  0.000000E+00  0.000000E+00  0.000000E+00 -1.237688E+05
  0.000000E+00  8.231955E+02 -1.521572E+05  1.503259E+05  0.000000E+00
  0.000000E+00  0.000000E+00  0.000000E+00  6.665020E+04  3.383608E+00
  1.327245E+03  2.654491E+03  9.000000E+01  9.000000E+01  9.000000E+01
  0.000000E+00  4.283597E-01  1.648680E+11 -2.581925E+00  7.941909E-01
 -8.407952E-01  7.941909E-01  2.859627E+00 -1.081696E+00 -8.407952E-01
 -1.081696E+00  1.007377E+00  8.369971E+00  8.202159E+00  7.633072E+00
  9.164211E+00  8.813551E+00  4.110546E+01  0.000000E+00  0.000000E+00
  0.000000E+00  4.110546E+01  0.000000E+00  0.000000E+00  0.000000E+00
  3.944596E+01  1.805577E+01
     30000  1.500000E+01        52
  1.648678E+11  6.523114E+02 -1.242287E+05  2.482858E+04 -1.503868E+05
  0.000000E+00  0.000000E+00  0.000000E+00  0.000000E+00 -1.237917E+05
  0.000000E+00  9.359308E+02 -1.520542E+05  1.503311E+05  0.000000E+00
  0.000000E+00  0.000000E+00  0.000000E+00  6.671868E+04  3.411143E+00
  1.329523E+03  2.659047E+03  9.000000E+01  9.000000E+01  9.000000E+01
  0.000000E+00 -4.889085E-01  1.648680E+11 -3.638642E+00 -1.163645E+00
 -1.296557E+00 -1.163645E+00  2.910058E+00  3.213892E-01 -1.296557E+00
  3.213892E-01 -7.381418E-01  8.389202E+00  8.264511E+00  7.583025E+00
  9.111687E+00  8.784906E+00  4.111953E+01  0.000000E+00  0.000000E+00
  0.000000E+00  4.111953E+01  0.000000E+00  0.000000E+00  0.000000E+00
  3.945946E+01 -2.062913E+01
     31000  1.550000E+01        52
  1.648678E+11  6.470100E+02 -1.242432E+05  2.477404E+04 -1.503370E+05
  0.000000E+00  0.000000E+00  0.000000E+00  0.000000E+00 -1.238097E+05
  0.000000E+00  1.128567E+03 -1.517930E+05  1.502821E+05  0.000000E+00
  0.000000E+00  0.000000E+00  0.000000E+00  6.648027E+04  3.423783E+00
  1.319739E+03  2.639478E+03  9.000000E+01  9.000000E+01  9.000000E+01
  0.000000E+00 -2.074255E+00  1.648680E+11 -3.623064E+00 -2.935461E-01
  3.939626E-02 -2.935461E-01 -2.907639E-01 -4.300483E-01  3.939626E-02
 -4.300483E-01 -2.308937E+00  8.405254E+00  8.316076E+00  7.646201E+00
  9.187107E+00  8.852424E+00  4.107049E+01  0.000000E+00  0.000000E+00
  0.000000E+00  4.107049E+01  0.000000E+00  0.000000E+00  0.000000E+00
  3.941240E+01 -8.720894E+01
     32000  1.600000E+01        52
  1.648678E+11  6.593500E+02 -1.242360E+05  2.475699E+04 -1.502915E+05
  0.000000E+00  0.000000E+00  0.000000E+00  0.000000E+00 -1.237942E+05
  0.000000E+00  1.087883E+03 -1.517469E+05  1.502377E+05  0.000000E+00
  0.000000E+00  0.000000E+00  0.000000E+00  6.635736E+04  3.468432E+00
  1.298514E+03  2.597028E+03  9.000000E+01  9.000000E+01  9.000000E+01
  0.000000E+00 -1.623615E+00  1.648680E+11 -1.412394E+00 -2.435158E-01
 -3.090214E-01 -2.435158E-01 -1.294183E+00 -1.484233E+00 -3.090214E-01
 -1.484233E+00 -2.164269E+00  8.468471E+00  8.368085E+00  7.639375E+00
  9.236512E+00  8.906969E+00  4.104517E+01  0.000000E+00  0.000000E+00
  0.000000E+00  4.104517E+01  0.000000E+00  0.000000E+00  0.000000E+00
  3.938810E+01 -6.813625E+01
     33000  1.650000E+01        52
  1.648678E+11  6.641750E+02 -1.242426E+05  2.478942E+04 -1.503621E+05
  0.000000E+00  0.000000E+00  0.000000E+00  0.000000E+00 -1.237976E+05
  0.000000E+00  1.069950E+03 -1.518979E+05  1.503078E+05  0.000000E+00
  0.000000E+00  0.000000E+00  0.000000E+00  6.621030E+04  3.452568E+00
  1.330058E+03  2.660117E+03  9.000000E+01  9.000000E+01  9.000000E+01
  0.000000E+00 -1.432998E+00  1.648680E+11 -2.188841E+00 -6.184642E-01
 -4.841460E-01 -6.184642E-01 -9.571885E-01 -1.915570E+00 -4.841460E-01
 -1.915570E+00 -1.152966E+00  8.458806E+00  8.304247E+00  7.643643E+00
  9.228179E+00  8.890547E+00  4.101482E+01  0.000000E+00  0.000000E+00
  0.000000E+00  4.101482E+01  0.000000E+00  0.000000E+00  0.000000E+00
  3.935898E+01 -6.000360E+01
     34000  1.700000E+01        52
  1.648678E+11  6.403794E+02 -1.242591E+05  2.482498E+04 -1.504018E+05
  0.000000E+00  0.000000E+00  0.000000E+00  0.000000E+00 -1.238300E+05
  0.000000E+00  8.771613E+02 -1.521063E+05  1.503480E+05  0.000000E+00
  0.000000E+00  0.000000E+00  0.000000E+00  6.626585E+04  3.411451E+00
  1.317762E+03  2.635525E+03  9.000000E+01  9.000000E+01  9.000000E+01
  0.000000E+00 -1.519673E-01  1.648680E+11 -5.924993E-01 -4.116553E-02
 -2.168004E-01 -4.116553E-02  7.490872E-01 -2.200327E+00 -2.168004E-01
 -2.200327E+00 -6.124899E-01  8.493753E+00  8.365457E+00  7.640630E+00
  9.226051E+00  8.889988E+00  4.102629E+01  0.000000E+00  0.000000E+00
  0.000000E+00  4.102629E+01  0.000000E+00  0.000000E+00  0.000000E+00
  3.936999E+01 -6.368630E+00
     35000  1.750000E+01        52
  1.648678E+11  6.414145E+02 -1.242669E+05  2.481512E+04 -1.503890E+05
  0.000000E+00  0.000000E+00  0.000000E+00  0.000000E+00 -1.238372E+05
  0.000000E+00  9.377539E+02 -1.520108E+05  1.503346E+05  0.000000E+00
  0.000000E+00  0.000000E+00  0.000000E+00  6.615100E+04  3.339364E+00
  1.306949E+03  2.613898E+03  9.000000E+01  9.000000E+01  9.000000E+01
  0.000000E+00 -6.239674E-01  1.648680E+11 -1.142720E+00 -3.183933E+00
  1.608541E+00 -3.183933E+00 -1.232385E+00  2.165421E+00  1.608541E+00
  2.165421E+00  5.032025E-01  8.583493E+00  8.404945E+00  7.674671E+00
  9.297016E+00  8.970073E+00  4.100258E+01  0.000000E+00  0.000000E+00
  0.000000E+00  4.100258E+01  0.000000E+00  0.000000E+00  0.000000E+00
  3.934723E+01 -2.610384E+01
     36000  1.800000E+01        52
  1.648678E+11  6.610439E+02 -1.242628E+05  2.474554E+04 -1.503254E+05
  0.000000E+00  0.000000E+00  0.000000E+00  0.000000E+00 -1.238199E+05
  0.000000E+00  1.240090E+03 -1.516663E+05  1.502723E+05  0.000000E+00
  0.000000E+00  0.000000E+00  0.000000E+00  6.608428E+04  3.532807E+00
  1.317021E+03  2.634041E+03  9.000000E+01  9.000000E+01  9.000000E+01
  0.000000E+00 -2.826192E+00  1.648680E+11 -3.979277E+00 -2.037752E+00
 -1.443109E+00 -2.037752E+00 -2.823825E+00 -1.136127E+00 -1.443109E+00
 -1.136127E+00 -1.675472E+00  8.618855E+00  8.433264E+00  7.763921E+00
  9.384243E+00  9.042046E+00  4.098879E+01  0.000000E+00  0.000000E+00
  0.000000E+00  4.098879E+01  0.000000E+00  0.000000E+00  0.000000E+00
  3.933399E+01 -1.181152E+02
     37000  1.850000E+01        52
  1.648678E+11  6.572699E+02 -1.242624E+05  2.476139E+04 -1.503514E+05
  0.000000E+00  0.000000E+00  0.000000E+00  0.000000E+00 -1.238220E+05
  0.000000E+00  1.137503E+03 -1.518166E+05  1.502987E+05  0.000000E+00
  0.000000E+00  0.000000E+00  0.000000E+00  6.596524E+04  3.422856E+00
  1.327686E+03  2.655372E+03  9.000000E+01  9.000000E+01  9.000000E+01
  0.000000E+00 -2.052010E+00  1.648680E+11 -4.309463E+00 -3.331831E-01
  6.432712E-01 -3.331831E-01 -1.077153E+00 -7.792855E-01  6.432712E-01
 -7.792855E-01 -7.694128E-01  8.523114E+00  8.364950E+00  7.643968E+00
  9.291524E+00  8.943156E+00  4.096416E+01  0.000000E+00  0.000000E+00
  0.000000E+00  4.096416E+01  0.000000E+00  0.000000E+00  0.000000E+00
  3.931036E+01 -8.560529E+01
     38000  1.900000E+01        52
  1.648678E+11  6.456798E+02 -1.242697E+05  2.483328E+04 -1.503985E+05
  0.000000E+00  0.000000E+00  0.000000E+00  0.000000E+00 -1.238371E+05
  0.000000E+00  8.624003E+02 -1.520749E+05  1.503462E+05  0.000000E+00
  0.000000E+00  0.000000E+00  0.000000E+00  6.582634E+04  3.388274E+00
  1.295539E+03  2.591079E+03  9.000000E+01  9.000000E+01  9.000000E+01
  0.000000E+00  2.207788E-02  1.648680E+11 -1.341373E+00 -6.331347E-01
 -5.881678E-01 -6.331347E-01  2.423306E+00 -4.193443E-01 -5.881678E-01
 -4.193443E-01 -1.015699E+00  8.625214E+00  8.356502E+00  7.710990E+00
  9.361682E+00  9.021319E+00  4.093539E+01  0.000000E+00  0.000000E+00
  0.000000E+00  4.093539E+01  0.000000E+00  0.000000E+00  0.000000E+00
  3.928275E+01  9.191006E-01
     39000  1.950000E+01        52
  1.648678E+11  6.395625E+02 -1.242729E+05  2.476538E+04 -1.503599E+05
  0.000000E+00  0.000000E+00  0.000000E+00  0.000000E+00 -1.238444E+05
  0.000000E+00  1.132786E+03 -1.518177E+05  1.503072E+05  0.000000E+00
  0.000000E+00  0.000000E+00  0.000000E+00  6.585350E+04  3.431191E+00
  1.321641E+03  2.643283E+03  9.000000E+01  9.000000E+01  9.000000E+01
  0.000000E+00 -2.207637E+00  1.648680E+11 -1.947820E+00  6.743674E-01
 -1.695902E-01  6.743674E-01 -2.044133E+00 -3.485786E+00 -1.695902E-01
 -3.485786E+00 -2.630957E+00  8.707788E+00  8.497976E+00  7.850186E+00
  9.475077E+00  9.132242E+00  4.094102E+01  0.000000E+00  0.000000E+00
  0.000000E+00  4.094102E+01  0.000000E+00  0.000000E+00  0.000000E+00
  3.928815E+01 -9.194171E+01
     40000  2.000000E+01        52
  1.648678E+11  6.454153E+02 -1.242714E+05  2.480928E+04 -1.503940E+05
  0.000000E+00  0.000000E+00  0.000000E+00  0.000000E+00 -1.238390E+05
  0.000000E+00  8.057015E+02 -1.521632E+05  1.503423E+05  0.000000E+00
  0.000000E+00  0.000000E+00  0.000000E+00  6.559713E+04  3.452876E+00
  1.313323E+03  2.626645E+03  9.000000E+01  9.000000E+01  9.000000E+01
  0.000000E+00  4.748839E-01  1.648680E+11  2.205851E+00  2.279510E-01
  2.855915E-01  2.279510E-01  3.214102E-01 -2.445445E+00  2.855915E-01
 -2.445445E+00 -1.102609E+00  8.706463E+00  8.408636E+00  7.722750E+00
  9.376641E+00  9.053432E+00  4.088782E+01  0.000000E+00  0.000000E+00
  0.000000E+00  4.088782E+01  0.000000E+00  0.000000E+00  0.000000E+00
  3.923711E+01  1.970055E+01
     41000  2.050000E+01        52
  1.648678E+11  6.577932E+02 -1.242688E+05  2.483390E+04 -1.504083E+05
  0.000000E+00  0.000000E+00  0.000000E+00  0.000000E+00 -1.238281E+05
  0.000000E+00  7.008661E+02 -1.522672E+05  1.503568E+05  0.000000E+00
  0.000000E+00  0.000000E+00  0.000000E+00  6.555661E+04  3.517410E+00
  1.305635E+03  2.611270E+03  9.000000E+01  9.000000E+01  9.000000E+01
  0.000000E+00  1.451401E+00  1.648680E+11  1.317055E+00  1.091104E+00
 -2.187329E-01  1.091104E+00  2.126178E+00 -1.335554E+00 -2.187329E-01
 -1.335554E+00  9.109718E-01  8.768169E+00  8.491784E+00  7.772596E+00
  9.468340E+00  9.134681E+00  4.087940E+01  0.000000E+00  0.000000E+00
  0.000000E+00  4.087940E+01  0.000000E+00  0.000000E+00  0.000000E+00
  3.922902E+01  6.017416E+01
     42000  2.100000E+01        52
  1.648678E+11  6.494359E+02 -1.242770E+05  2.478419E+04 -1.503583E+05
  0.000000E+00  0.000000E+00  0.000000E+00  0.000000E+00 -1.238419E+05
  0.000000E+00  9.929213E+02 -1.519072E+05  1.503060E+05  0.000000E+00
  0.000000E+00  0.000000E+00  0.000000E+00  6.583935E+04  3.437143E+00
  1.297090E+03  2.594180E+03  9.000000E+01  9.000000E+01  9.000000E+01
  0.000000E+00 -9.825187E-01  1.648680E+11  4.836592E-01 -2.792306E+00
  3.560900E-01 -2.792306E+00 -3.154619E-01 -2.558873E+00  3.560900E-01
 -2.558873E+00 -3.115754E+00  8.796185E+00  8.591352E+00  7.780295E+00
  9.500707E+00  9.164359E+00  4.093808E+01  0.000000E+00  0.000000E+00
  0.000000E+00  4.093808E+01  0.000000E+00  0.000000E+00  0.000000E+00
  3.928534E+01 -4.091028E+01
     43000  2.150000E+01        52
  1.648678E+11  6.361732E+02 -1.242822E+05  2.489787E+04 -1.504855E+05
  0.000000E+00  0.000000E+00  0.000000E+00  0.000000E+00 -1.238559E+05
  0.000000E+00  5.538362E+02 -1.524906E+05  1.504336E+05  0.000000E+00
  0.000000E+00  0.000000E+00  0.000000E+00  6.568910E+04  3.465716E+00
  1.305413E+03  2.610825E+03  9.000000E+01  9.000000E+01  9.000000E+01
  0.000000E+00  2.395769E+00  1.648680E+11  3.327505E+00  9.667018E-03
  5.269835E-01  9.667018E-03  1.376196E+00 -1.006464E+00  5.269835E-01
 -1.006464E+00  2.483605E+00  8.930789E+00  8.644237E+00  7.830035E+00
  9.607048E+00  9.269404E+00  4.090692E+01  0.000000E+00  0.000000E+00
  0.000000E+00  4.090692E+01  0.000000E+00  0.000000E+00  0.000000E+00
  3.925543E+01  9.952777E+01
     44000  2.200000E+01        52
  1.648678E+11  6.399586E+02 -1.242830E+05  2.480495E+04 -1.503884E+05
  0.000000E+00  0.000000E+00  0.000000E+00  0.000000E+00 -1.238542E+05
  0.000000E+00  9.468526E+02 -1.519900E+05  1.503359E+05  0.000000E+00
  0.000000E+00  0.000000E+00  0.000000E+00  6.590010E+04  3.448994E+00
  1.300484E+03  2.600969E+03  9.000000E+01  9.000000E+01  9.000000E+01
  0.000000E+00 -7.147181E-01  1.648680E+11 -1.547135E+00 -7.280974E-01
 -8.182266E-01 -7.280974E-01  1.143180E+00 -2.841023E+00 -8.182266E-01
 -2.841023E+00 -1.740199E+00  8.850919E+00  8.576866E+00  7.764776E+00
  9.546092E+00  9.207651E+00  4.095067E+01  0.000000E+00  0.000000E+00
  0.000000E+00  4.095067E+01  0.000000E+00  0.000000E+00  0.000000E+00
  3.929742E+01 -2.978701E+01
     45000  2.250000E+01        52
  1.648678E+11  6.583284E+02 -1.242820E+05  2.482469E+04 -1.504057E+05
  0.000000E+00  0.000000E+00  0.000000E+00  0.000000E+00 -1.238410E+05
  0.000000E+00  8.573451E+02 -1.520940E+05  1.503534E+05  0.000000E+00
  0.000000E+00  0.000000E+00  0.000000E+00  6.572858E+04  3.510991E+00
  1.299008E+03  2.598016E+03  9.000000E+01  9.000000E+01  9.000000E+01
  0.000000E+00  1.985540E-01  1.648680E+11 -1.062510E+00 -4.246260E-01
 -1.914297E+00 -4.246260E-01  5.583336E-01 -5.728589E-01 -1.914297E+00
 -5.728589E-01  1.099839E+00  8.872469E+00  8.687579E+00  7.766737E+00
  9.561569E+00  9.220722E+00  4.091511E+01  0.000000E+00  0.000000E+00
  0.000000E+00  4.091511E+01  0.000000E+00  0.000000E+00  0.000000E+00
  3.926330E+01  8.253515E+00
     46000  2.300000E+01        52
  1.648678E+11  6.526022E+02 -1.242888E+05  2.475119E+04 -1.503649E+05
  0.000000E+00  0.000000E+00  0.000000E+00  0.000000E+00 -1.238515E+05
  0.000000E+00  1.206507E+03 -1.517565E+05  1.503131E+05  0.000000E+00
  0.000000E+00  0.000000E+00  0.000000E+00  6.582075E+04  3.517822E+00
  1.324917E+03  2.649835E+03  9.000000E+01  9.000000E+01  9.000000E+01
  0.000000E+00 -2.659159E+00  1.648680E+11 -9.408784E-01  1.782721E+00
  1.047961E+00  1.782721E+00 -2.188605E+00 -2.087917E+00  1.047961E+00
 -2.087917E+00 -4.847993E+00  8.965622E+00  8.811769E+00  7.884213E+00
  9.689514E+00  9.345202E+00  4.093423E+01  0.000000E+00  0.000000E+00
  0.000000E+00  4.093423E+01  0.000000E+00  0.000000E+00  0.000000E+00
  3.928164E+01 -1.106912E+02
     47000  2.350000E+01        52
  1.648678E+11  6.472675E+02 -1.242995E+05  2.483076E+04 -1.504271E+05
  0.000000E+00  0.000000E+00  0.000000E+00  0.000000E+00 -1.238658E+05
  0.000000E+00  7.614922E+02 -1.522082E+05  1.503760E+05  0.000000E+00
  0.000000E+00  0.000000E+00  0.000000E+00  6.551841E+04  3.411307E+00
  1.296840E+03  2.593680E+03  9.000000E+01  9.000000E+01  9.000000E+01
  0.000000E+00  8.510696E-01  1.648680E+11  1.197606E+00 -1.072420E+00
 -7.102359E-01 -1.072420E+00  8.436847E-02 -1.680032E+00 -7.102359E-01
 -1.680032E+00  1.271234E+00  8.917272E+00  8.746160E+00  7.835044E+00
  9.604818E+00  9.269335E+00  4.087146E+01  0.000000E+00  0.000000E+00
  0.000000E+00  4.087146E+01  0.000000E+00  0.000000E+00  0.000000E+00
  3.922140E+01  3.526423E+01
     48000  2.400000E+01        52
  1.648678E+11  6.503296E+02 -1.243035E+05  2.475610E+04 -1.503357E+05
  0.000000E+00  0.000000E+00  0.000000E+00  0.000000E+00 -1.238677E+05
  0.000000E+00  1.094267E+03 -1.517424E+05  1.502843E+05  0.000000E+00
  0.000000E+00  0.000000E+00  0.000000E+00  6.569855E+04  3.540654E+00
  1.276184E+03  2.552367E+03  9.000000E+01  9.000000E+01  9.000000E+01
  0.000000E+00 -1.788081E+00  1.648680E+11 -1.790593E+00 -1.159042E+00
 -1.264306E+00 -1.159042E+00 -9.905275E-01 -2.488605E+00 -1.264306E+00
 -2.488605E+00 -2.583123E+00  8.931932E+00  8.771322E+00  7.828797E+00
  9.623561E+00  9.286601E+00  4.090888E+01  0.000000E+00  0.000000E+00
  0.000000E+00  4.090888E+01  0.000000E+00  0.000000E+00  0.000000E+00
  3.925732E+01 -7.429319E+01
     49000  2.450000E+01        52
  1.648678E+11  6.523474E+02 -1.242995E+05  2.476970E+04 -1.503796E+05
  0.000000E+00  0.000000E+00  0.000000E+00  0.000000E+00 -1.238625E+05
  0.000000E+00  1.125113E+03 -1.518238E+05  1.503281E+05  0.000000E+00
  0.000000E+00  0.000000E+00  0.000000E+00  6.563021E+04  3.479250E+00
  1.310398E+03  2.620796E+03  9.000000E+01  9.000000E+01  9.000000E+01
  0.000000E+00 -2.015951E+00  1.648680E+11 -1.086375E+00 -2.693370E+00
 -7.459724E-01 -2.693370E+00  5.770427E-03 -1.678152E+00 -7.459724E-01
 -1.678152E+00 -4.967249E+00  8.946511E+00  8.806764E+00  7.853180E+00
  9.701614E+00  9.352083E+00  4.089469E+01  0.000000E+00  0.000000E+00
  0.000000E+00  4.089469E+01  0.000000E+00  0.000000E+00  0.000000E+00
  3.924370E+01 -8.367387E+01
     50000  2.500000E+01        52
  1.648678E+11  6.569796E+02 -1.242939E+05  2.478063E+04 -1.503924E+05
  0.000000E+00  0.000000E+00  0.000000E+00  0.000000E+00 -1.238537E+05
  0.000000E+00  1.076181E+03 -1.519006E+05  1.503410E+05  0.000000E+00
  0.000000E+00  0.000000E+00  0.000000E+00  6.550299E+04  3.525466E+00
  1.317871E+03  2.635743E+03  9.000000E+01  9.000000E+01  9.000000E+01
  0.000000E+00 -1.576187E+00  1.648680E+11 -1.954939E-01 -5.913065E-01
 -6.744717E-01 -5.913065E-01 -2.844944E+00 -1.678130E+00 -6.744717E-01
 -1.678130E+00 -1.688124E+00  8.954840E+00  8.779357E+00  7.893629E+00
  9.710448E+00  9.368258E+00  4.086825E+01  0.000000E+00  0.000000E+00
  0.000000E+00  4.086825E+01  0.000000E+00  0.000000E+00  0.000000E+00
  3.921832E+01 -6.529425E+01
     51000  2.550000E+01        52
  1.648678E+11  6.464050E+02 -1.242952E+05  2.472918E+04 -1.503458E+05
  0.000000E+00  0.000000E+00  0.000000E+00  0.000000E+00 -1.238621E+05
  0.000000E+00  1.210280E+03 -1.517272E+05  1.502946E+05  0.000000E+00
  0.000000E+00  0.000000E+00  0.000000E+00  6.546280E+04  3.467984E+00
  1.321433E+03  2.642865E+03  9.000000E+01  9.000000E+01  9.000000E+01
  0.000000E+00 -2.770939E+00  1.648680E+11 -3.472697E+00 -1.869472E+00
 -2.382553E+00 -1.869472E+00 -2.472854E+00 -1.854361E+00 -2.382553E+00
 -1.854361E+00 -2.367268E+00  8.996989E+00  8.807895E+00  7.806258E+00
  9.722249E+00  9.372618E+00  4.085989E+01  0.000000E+00  0.000000E+00
  0.000000E+00  4.085989E+01  0.000000E+00  0.000000E+00  0.000000E+00
  3.921030E+01 -1.147170E+02
     52000  2.600000E+01        52
  1.648678E+11  6.434539E+02 -1.243075E+05  2.476217E+04 -1.503737E+05
  0.000000E+00  0.000000E+00  0.000000E+00  0.000000E+00 -1.238764E+05
  0.000000E+00  1.091697E+03 -1.518391E+05  1.503228E+05  0.000000E+00
  0.000000E+00  0.000000E+00  0.000000E+00  6.553125E+04  3.485251E+00
  1.304009E+03  2.608019E+03  9.000000E+01  9.000000E+01  9.000000E+01
  0.000000E+00 -1.846075E+00  1.648680E+11 -1.327588E+00  2.445588E-01
  4.858727E-03  2.445588E-01 -2.231610E+00 -2.240740E+00  4.858727E-03
 -2.240740E+00 -1.979027E+00  8.938678E+00  8.759284E+00  7.834059E+00
  9.688893E+00  9.339190E+00  4.087413E+01  0.000000E+00  0.000000E+00
  0.000000E+00  4.087413E+01  0.000000E+00  0.000000E+00  0.000000E+00
  3.922396E+01 -7.650747E+01
     53000  2.650000E+01        52
  1.648678E+11  6.447385E+02 -1.243062E+05  2.478717E+04 -1.503738E+05
  0.000000E+00  0.000000E+00  0.000000E+00  0.000000E+00 -1.238742E+05
  0.000000E+00  9.230556E+02 -1.519613E+05  1.503234E+05  0.000000E+00
  0.000000E+00  0.000000E+00  0.000000E+00  6.538788E+04  3.403424E+00
  1.280454E+03  2.560908E+03  9.000000E+01  9.000000E+01  9.000000E+01
  0.000000E+00 -4.768688E-01  1.648680E+11  4.839684E-02 -3.690112E-01
 -7.320529E-01 -3.690112E-01 -1.454134E+00 -1.186015E+00 -7.320529E-01
 -1.186015E+00 -2.486866E-02  9.061817E+00  8.834584E+00  7.863262E+00
  9.775044E+00  9.425665E+00  4.084430E+01  0.000000E+00  0.000000E+00
  0.000000E+00  4.084430E+01  0.000000E+00  0.000000E+00  0.000000E+00
  3.919534E+01 -1.971978E+01
     54000  2.700000E+01        52
  1.648678E+11  6.538477E+02 -1.243048E+05  2.472139E+04 -1.503295E+05
  0.000000E+00  0.000000E+00  0.000000E+00  0.000000E+00 -1.238667E+05
  0.000000E+00  1.144845E+03 -1.517415E+05  1.502797E+05  0.000000E+00
  0.000000E+00  0.000000E+00  0.000000E+00  6.520293E+04  3.539911E+00
  1.303335E+03  2.606670E+03  9.000000E+01  9.000000E+01  9.000000E+01
  0.000000E+00 -2.172417E+00  1.648680E+11 -3.563450E+00 -2.173352E+00
  1.109351E+00 -2.173352E+00 -2.906892E+00 -2.922962E+00  1.109351E+00
 -2.922962E+00 -4.690798E-02  9.029126E+00  8.793599E+00  7.846539E+00
  9.747083E+00  9.399202E+00  4.080575E+01  0.000000E+00  0.000000E+00
  0.000000E+00  4.080575E+01  0.000000E+00  0.000000E+00  0.000000E+00
  3.915835E+01 -8.958108E+01
     55000  2.750000E+01        52
  1.648678E+11  6.523041E+02 -1.243096E+05  2.477157E+04 -1.503497E+05
  0.000000E+00  0.000000E+00  0.000000E+00  0.000000E+00 -1.238726E+05
  0.000000E+00  8.489008E+02 -1.519864E+05  1.502983E+05  0.000000E+00
  0.000000E+00  0.000000E+00  0.000000E+00  6.536675E+04  3.450730E+00
  1.268529E+03  2.537058E+03  9.000000E+01  9.000000E+01  9.000000E+01
  0.000000E+00  2.026535E-01  1.648680E+11  2.690061E+00 -6.807648E-01
  3.877470E-01 -6.807648E-01 -1.843483E+00 -1.403803E+00  3.877470E-01
 -1.403803E+00 -2.386170E-01  8.981237E+00  8.757586E+00  7.829233E+00
  9.709012E+00  9.360681E+00  4.083990E+01  0.000000E+00  0.000000E+00
  0.000000E+00  4.083990E+01  0.000000E+00  0.000000E+00  0.000000E+00
  3.919112E+01  8.377551E+00
     56000  2.800000E+01        52
  1.648678E+11  6.468618E+02 -1.243148E+05  2.477751E+04 -1.503900E+05
  0.000000E+00  0.000000E+00  0.000000E+00  0.000000E+00 -1.238814E+05
  0.000000E+00  9.261318E+02 -1.520092E+05  1.503400E+05  0.000000E+00
  0.000000E+00  0.000000E+00  0.000000E+00  6.520659E+04  3.429509E+00
  1.297687E+03  2.595374E+03  9.000000E+01  9.000000E+01  9.000000E+01
  0.000000E+00 -4.800628E-01  1.648680E+11  9.786194E-02 -1.646283E+00
  6.222317E-01 -1.646283E+00 -8.773243E-01 -1.252454E+00  6.222317E-01
 -1.252454E+00 -6.607260E-01  8.938170E+00  8.723566E+00  7.735354E+00
  9.675044E+00  9.318524E+00  4.080652E+01  0.000000E+00  0.000000E+00
  0.000000E+00  4.080652E+01  0.000000E+00  0.000000E+00  0.000000E+00
  3.915908E+01 -1.979683E+01
     57000  2.850000E+01        52
  1.648678E+11  6.460007E+02 -1.243114E+05  2.477448E+04 -1.504130E+05
  0.000000E+00  0.000000E+00  0.000000E+00  0.000000E+00 -1.238785E+05
  0.000000E+00  1.073001E+03 -1.519438E+05  1.503625E+05  0.000000E+00
  0.000000E+00  0.000000E+00  0.000000E+00  6.529787E+04  3.425475E+00
  1.327165E+03  2.654330E+03  9.000000E+01  9.000000E+01  9.000000E+01
  0.000000E+00 -1.674210E+00  1.648680E+11 -2.753124E+00  5.935159E-01
 -6.276796E-01  5.935159E-01 -2.019006E+00 -2.145570E+00 -6.276796E-01
 -2.145570E+00 -2.504996E-01  9.000892E+00  8.836854E+00  7.787570E+00
  9.760510E+00  9.394017E+00  4.082555E+01  0.000000E+00  0.000000E+00
  0.000000E+00  4.082555E+01  0.000000E+00  0.000000E+00  0.000000E+00
  3.917735E+01 -6.913771E+01
     58000  2.900000E+01        52
  1.648678E+11  6.499997E+02 -1.243043E+05  2.474383E+04 -1.503274E+05
  0.000000E+00  0.000000E+00  0.000000E+00  0.000000E+00 -1.238688E+05
  0.000000E+00  1.050673E+03 -1.517849E+05  1.502769E+05  0.000000E+00
  0.000000E+00  0.000000E+00  0.000000E+00  6.516286E+04  3.358978E+00
  1.279305E+03  2.558611E+03  9.000000E+01  9.000000E+01  9.000000E+01
  0.000000E+00 -1.453741E+00  1.648680E+11  4.352382E-01 -2.578787E+00
  5.244329E-01 -2.578787E+00 -3.378287E+00 -6.384792E-01  5.244329E-01
 -6.384792E-01 -1.418173E+00  9.038007E+00  8.789661E+00  7.882681E+00
  9.780037E+00  9.432034E+00  4.079739E+01  0.000000E+00  0.000000E+00
  0.000000E+00  4.079739E+01  0.000000E+00  0.000000E+00  0.000000E+00
  3.915032E+01 -5.990913E+01
     59000  2.950000E+01        52
  1.648678E+11  6.580613E+02 -1.243120E+05  2.473296E+04 -1.503606E+05
  0.000000E+00  0.000000E+00  0.000000E+00  0.000000E+00 -1.238711E+05
  0.000000E+00  1.233969E+03 -1.517074E+05  1.503101E+05  0.000000E+00
  0.000000E+00  0.000000E+00  0.000000E+00  6.522276E+04  3.578541E+00
  1.315641E+03  2.631281E+03  9.000000E+01  9.000000E+01  9.000000E+01
  0.000000E+00 -2.846353E+00  1.648680E+11 -2.030627E+00 -2.047345E+00
  1.302204E+00 -2.047345E+00 -3.993152E+00  2.582904E-01  1.302204E+00
  2.582904E-01 -2.515281E+00  8.968996E+00  8.776056E+00  7.756403E+00
  9.725013E+00  9.366980E+00  4.080989E+01  0.000000E+00  0.000000E+00
  0.000000E+00  4.080989E+01  0.000000E+00  0.000000E+00  0.000000E+00
  3.916232E+01 -1.174070E+02
     60000  3.000000E+01        52
  1.648678E+11  6.584256E+02 -1.243235E+05  2.481870E+04 -1.504251E+05
  0.000000E+00  0.000000E+00  0.000000E+00  0.000000E+00 -1.238823E+05
  0.000000E+00  7.779395E+02 -1.521636E+05  1.503757E+05  0.000000E+00
  0.000000E+00  0.000000E+00  0.000000E+00  6.500040E+04  3.567098E+00
  1.282923E+03  2.565845E+03  9.000000E+01  9.000000E+01  9.000000E+01
  0.000000E+00  8.457184E-01  1.648680E+11  4.492143E-01 -2.483463E+00
 -9.307455E-01 -2.483463E+00  2.899564E-01 -2.078757E+00 -9.307455E-01
 -2.078757E+00  1.797984E+00  9.026824E+00  8.788972E+00  7.902959E+00
  9.813761E+00  9.460244E+00  4.076346E+01  0.000000E+00  0.000000E+00
  0.000000E+00  4.076346E+01  0.000000E+00  0.000000E+00  0.000000E+00
  3.911776E+01  3.476545E+01
     61000  3.050000E+01        52
  1.648678E+11  6.393450E+02 -1.243143E+05  2.479439E+04 -1.503819E+05
  0.000000E+00  0.000000E+00  0.000000E+00  0.000000E+00 -1.238859E+05
  0.000000E+00  7.679602E+02 -1.521112E+05  1.503327E+05  0.000000E+00
  0.000000E+00  0.000000E+00  0.000000E+00  6.512000E+04  3.499004E+00
  1.273252E+03  2.546503E+03  9.000000E+01  9.000000E+01  9.000000E+01
  0.000000E+00  7.180039E-01  1.648680E+11  1.466549E+00 -2.558184E+00
  8.304822E-01 -2.558184E+00 -8.926407E-01 -2.115941E+00  8.304822E-01
 -2.115941E+00  1.580104E+00  9.019318E+00  8.783538E+00  7.799704E+00
  9.766544E+00  9.419011E+00  4.078844E+01  0.000000E+00  0.000000E+00
  0.000000E+00  4.078844E+01  0.000000E+00  0.000000E+00  0.000000E+00
  3.914174E+01  2.956972E+01
     62000  3.100000E+01        52
  1.648678E+11  6.491199E+02 -1.243172E+05  2.477989E+04 -1.503862E+05
  0.000000E+00  0.000000E+00  0.000000E+00  0.000000E+00 -1.238823E+05
  0.000000E+00  8.366856E+02 -1.520779E+05  1.503363E+05  0.000000E+00
  0.000000E+00  0.000000E+00  0.000000E+00  6.504563E+04  3.512508E+00
  1.289155E+03  2.578311E+03  9.000000E+01  9.000000E+01  9.000000E+01
  0.000000E+00  2.680637E-01  1.648680E+11  2.506323E+00 -1.351707E+00
  7.366950E-01 -1.351707E+00 -5.255957E-01 -1.023499E+00  7.366950E-01
 -1.023499E+00 -1.176536E+00  9.052583E+00  8.800417E+00  7.855321E+00
  9.785699E+00  9.435582E+00  4.077291E+01  0.000000E+00  0.000000E+00
  0.000000E+00  4.077291E+01  0.000000E+00  0.000000E+00  0.000000E+00
  3.912684E+01  1.102712E+01
     63000  3.150000E+01        52
  1.648678E+11  6.535776E+02 -1.243147E+05  2.479289E+04 -1.503850E+05
  0.000000E+00  0.000000E+00  0.000000E+00  0.000000E+00 -1.238768E+05
  0.000000E+00  8.233223E+02 -1.520667E+05  1.503352E+05  0.000000E+00
  0.000000E+00  0.000000E+00  0.000000E+00  6.504693E+04  3.511058E+00
  1.277410E+03  2.554821E+03  9.000000E+01  9.000000E+01  9.000000E+01
  0.000000E+00  4.247398E-01  1.648680E+11  4.078483E+00 -5.408390E-01
  1.380790E+00 -5.408390E-01 -3.226974E+00 -3.726855E-01  1.380790E+00
 -3.726855E-01  4.227103E-01  9.057162E+00  8.793799E+00  7.817135E+00
  9.761476E+00  9.416379E+00  4.077318E+01  0.000000E+00  0.000000E+00
  0.000000E+00  4.077318E+01  0.000000E+00  0.000000E+00  0.000000E+00
  3.912710E+01  1.747253E+01
     64000  3.200000E+01        52
  1.648678E+11  6.471487E+02 -1.243161E+05  2.481716E+04 -1.504125E+05
  0.000000E+00  0.000000E+00  0.000000E+00  0.000000E+00 -1.238825E+05
  0.000000E+00  6.597127E+02 -1.522612E+05  1.503626E+05  0.000000E+00
  0.000000E+00  0.000000E+00  0.000000E+00  6.489111E+04  3.529302E+00
  1.279175E+03  2.558350E+03  9.000000E+01  9.000000E+01  9.000000E+01
  0.000000E+00  1.684704E+00  1.648680E+11  2.463951E+00 -9.834445E-01
  7.699059E-01 -9.834445E-01  8.464135E-01  5.993542E-02  7.699059E-01
  5.993542E-02  1.743747E+00  9.010612E+00  8.791067E+00  7.793276E+00
  9.772311E+00  9.417988E+00  4.074060E+01  0.000000E+00  0.000000E+00
  0.000000E+00  4.074060E+01  0.000000E+00  0.000000E+00  0.000000E+00
  3.909583E+01  6.913768E+01
     65000  3.250000E+01        52
  1.648678E+11  6.402557E+02 -1.243210E+05  2.471498E+04 -1.503137E+05
  0.000000E+00  0.000000E+00  0.000000E+00  0.000000E+00 -1.238921E+05
  0.000000E+00  1.152860E+03 -1.516662E+05  1.502637E+05  0.000000E+00
  0.000000E+00  0.000000E+00  0.000000E+00  6.505785E+04  3.463870E+00
  1.277652E+03  2.555304E+03  9.000000E+01  9.000000E+01  9.000000E+01
  0.000000E+00 -2.389745E+00  1.648680E+11 -2.895506E+00 -1.762783E+00
 -4.346872E-01 -1.762783E+00 -2.585244E+00 -5.315042E-01 -4.346872E-01
 -5.315042E-01 -1.688485E+00  9.073021E+00  8.818052E+00  7.828974E+00
  9.809189E+00  9.458511E+00  4.077546E+01  0.000000E+00  0.000000E+00
  0.000000E+00  4.077546E+01  0.000000E+00  0.000000E+00  0.000000E+00
  3.912928E+01 -9.832349E+01
     66000  3.300000E+01        52
  1.648678E+11  6.484908E+02 -1.243249E+05  2.474241E+04 -1.503561E+05
  0.000000E+00  0.000000E+00  0.000000E+00  0.000000E+00 -1.238904E+05
  0.000000E+00  1.094729E+03 -1.517890E+05  1.503061E+05  0.000000E+00
  0.000000E+00  0.000000E+00  0.000000E+00  6.506773E+04  3.450065E+00
  1.288790E+03  2.577580E+03  9.000000E+01  9.000000E+01  9.000000E+01
  0.000000E+00 -1.829111E+00  1.648680E+11 -9.021683E-01 -3.223881E+00
 -1.653319E+00 -3.223881E+00 -3.186279E+00 -1.065851E+00 -1.653319E+00
 -1.065851E+00 -1.398887E+00  9.063676E+00  8.905696E+00  7.909615E+00
  9.852031E+00  9.490798E+00  4.077753E+01  0.000000E+00  0.000000E+00
  0.000000E+00  4.077753E+01  0.000000E+00  0.000000E+00  0.000000E+00
  3.913127E+01 -7.526826E+01
     67000  3.350000E+01        52
  1.648678E+11  6.417134E+02 -1.243228E+05  2.479737E+04 -1.503701E+05
  0.000000E+00  0.000000E+00  0.000000E+00  0.000000E+00 -1.238928E+05
  0.000000E+00  7.442813E+02 -1.520763E+05  1.503207E+05  0.000000E+00
  0.000000E+00  0.000000E+00  0.000000E+00  6.490681E+04  3.471402E+00
  1.249916E+03  2.499831E+03  9.000000E+01  9.000000E+01  9.000000E+01
  0.000000E+00  9.384171E-01  1.648680E+11  1.570591E+00 -3.917907E+00
 -2.802813E+00 -3.917907E+00 -3.264530E-01  2.096232E-01 -2.802813E+00
  2.096232E-01  1.571113E+00  9.096181E+00  8.928130E+00  7.945756E+00
  9.875653E+00  9.526623E+00  4.074388E+01  0.000000E+00  0.000000E+00
  0.000000E+00  4.074388E+01  0.000000E+00  0.000000E+00  0.000000E+00
  3.909898E+01  3.852053E+01
     68000  3.400000E+01        52
  1.648678E+11  6.522020E+02 -1.243280E+05  2.479545E+04 -1.504034E+05
  0.000000E+00  0.000000E+00  0.000000E+00  0.000000E+00 -1.238910E+05
  0.000000E+00  6.520271E+02 -1.522632E+05  1.503551E+05  0.000000E+00
  0.000000E+00  0.000000E+00  0.000000E+00  6.461445E+04  3.460212E+00
  1.280039E+03  2.560077E+03  9.000000E+01  9.000000E+01  9.000000E+01
  0.000000E+00  1.809843E+00  1.648680E+11  1.874821E+00 -2.483356E-01
 -6.580113E-01 -2.483356E-01  1.790051E+00 -1.860133E-01 -6.580113E-01
 -1.860133E-01  1.764657E+00  9.119701E+00  8.920521E+00  7.915532E+00
  9.905613E+00  9.551650E+00  4.068262E+01  0.000000E+00  0.000000E+00
  0.000000E+00  4.068262E+01  0.000000E+00  0.000000E+00  0.000000E+00
  3.904019E+01  7.395653E+01
     69000  3.450000E+01        52
  1.648678E+11  6.493136E+02 -1.243292E+05  2.476459E+04 -1.503670E+05
  0.000000E+00  0.000000E+00  0.000000E+00  0.000000E+00 -1.238941E+05
  0.000000E+00  8.402265E+02 -1.520254E+05  1.503190E+05  0.000000E+00
  0.000000E+00  0.000000E+00  0.000000E+00  6.453086E+04  3.541194E+00
  1.273284E+03  2.546568E+03  9.000000E+01  9.000000E+01  9.000000E+01
  0.000000E+00  2.434008E-01  1.648680E+11  2.139224E+00 -3.183895E+00
 -2.139605E+00 -3.183895E+00 -1.896863E+00 -6.543864E-01 -2.139605E+00
 -6.543864E-01  4.878410E-01  9.159377E+00  9.010306E+00  8.017012E+00
  9.973675E+00  9.614372E+00  4.066507E+01  0.000000E+00  0.000000E+00
  0.000000E+00  4.066507E+01  0.000000E+00  0.000000E+00  0.000000E+00
  3.902334E+01  9.933344E+00
     70000  3.500000E+01        52
  1.648678E+11  6.530709E+02 -1.243343E+05  2.472973E+04 -1.503224E+05
  0.000000E+00  0.000000E+00  0.000000E+00  0.000000E+00 -1.238967E+05
  0.000000E+00  9.641894E+02 -1.518251E+05  1.502726E+05  0.000000E+00
  0.000000E+00  0.000000E+00  0.000000E+00  6.472658E+04  3.557340E+00
  1.258350E+03  2.516700E+03  9.000000E+01  9.000000E+01  9.000000E+01
  0.000000E+00 -7.257816E-01  1.648680E+11 -9.983641E-01 -8.499136E-01
 -1.800043E+00 -8.499136E-01 -1.366315E+00 -5.629280E-01 -1.800043E+00
 -5.629280E-01  1.873343E-01  9.123436E+00  8.986462E+00  7.999880E+00
  9.898819E+00  9.547385E+00  4.070614E+01  0.000000E+00  0.000000E+00
  0.000000E+00  4.070614E+01  0.000000E+00  0.000000E+00  0.000000E+00
  3.906276E+01 -2.970945E+01
     71000  3.550000E+01        52
  1.648678E+11  6.467957E+02 -1.243449E+05  2.481223E+04 -1.504416E+05
  0.000000E+00  0.000000E+00  0.000000E+00  0.000000E+00 -1.239115E+05
  0.000000E+00  8.012945E+02 -1.521610E+05  1.503933E+05  0.000000E+00
  0.000000E+00  0.000000E+00  0.000000E+00  6.458818E+04  3.542826E+00
  1.284537E+03  2.569075E+03  9.000000E+01  9.000000E+01  9.000000E+01
  0.000000E+00  5.333598E-01  1.648680E+11  3.362211E+00 -3.486548E+00
  3.643706E-01 -3.486548E+00 -2.074038E+00  3.765049E-02  3.643706E-01
  3.765049E-02  3.119059E-01  9.198232E+00  9.061151E+00  8.013876E+00
  9.999844E+00  9.639618E+00  4.067710E+01  0.000000E+00  0.000000E+00
  0.000000E+00  4.067710E+01  0.000000E+00  0.000000E+00  0.000000E+00
  3.903490E+01  2.178609E+01
     72000  3.600000E+01        52
  1.648678E+11  6.451530E+02 -1.243320E+05  2.474794E+04 -1.503686E+05
  0.000000E+00  0.000000E+00  0.000000E+00  0.000000E+00 -1.238997E+05
  0.000000E+00  1.007063E+03 -1.518907E+05  1.503204E+05  0.000000E+00
  0.000000E+00  0.000000E+00  0.000000E+00  6.457261E+04  3.460279E+00
  1.288658E+03  2.577315E+03  9.000000E+01  9.000000E+01  9.000000E+01
  0.000000E+00 -1.164071E+00  1.648680E+11  1.065863E+00  6.156734E-02
  1.180599E+00  6.156734E-02 -3.476896E+00 -3.358781E-01  1.180599E+00
 -3.358781E-01 -1.081181E+00  9.233433E+00  9.021060E+00  8.068816E+00
  1.004368E+01  9.678632E+00  4.067383E+01  0.000000E+00  0.000000E+00
  0.000000E+00  4.067383E+01  0.000000E+00  0.000000E+00  0.000000E+00
  3.903176E+01 -4.753722E+01
     73000  3.650000E+01        52
  1.648678E+11  6.591764E+02 -1.243359E+05  2.475905E+04 -1.503721E+05
  0.000000E+00  0.000000E+00  0.000000E+00  0.000000E+00 -1.238942E+05
  0.000000E+00  9.164601E+02 -1.519616E+05  1.503238E+05  0.000000E+00
  0.000000E+00  0.000000E+00  0.000000E+00  6.449704E+04  3.528926E+00
  1.277168E+03  2.554336E+03  9.000000E+01  9.000000E+01  9.000000E+01
  0.000000E+00 -2.714624E-01  1.648680E+11 -3.146092E-01 -2.422805E-01
  7.434042E-01 -2.422805E-01 -7.022246E-01  9.802255E-01  7.434042E-01
  9.802255E-01  2.024466E-01  9.249264E+00  9.142830E+00  8.072709E+00
  1.005323E+01  9.692605E+00  4.065796E+01  0.000000E+00  0.000000E+00
  0.000000E+00  4.065796E+01  0.000000E+00  0.000000E+00  0.000000E+00
  3.901653E+01 -1.107275E+01
     74000  3.700000E+01        52
  1.648678E+11  6.559048E+02 -1.243358E+05  2.471107E+04 -1.503250E+05
  0.000000E+00  0.000000E+00  0.000000E+00  0.000000E+00 -1.238963E+05
  0.000000E+00  1.130003E+03 -1.517027E+05  1.502764E+05  0.000000E+00
  0.000000E+00  0.000000E+00  0.000000E+00  6.444740E+04  3.601348E+00
  1.278147E+03  2.556294E+03  9.000000E+01  9.000000E+01  9.000000E+01
  0.000000E+00 -2.053960E+00  1.648680E+11 -3.259682E+00 -3.765716E-01
  7.128090E-01 -3.765716E-01 -1.867137E+00 -1.023180E-01  7.128090E-01
 -1.023180E-01 -1.035061E+00  9.191240E+00  9.016706E+00  7.976981E+00
  9.974964E+00  9.612172E+00  4.064753E+01  0.000000E+00  0.000000E+00
  0.000000E+00  4.064753E+01  0.000000E+00  0.000000E+00  0.000000E+00
  3.900651E+01 -8.371504E+01
     75000  3.750000E+01        52
  1.648678E+11  6.404456E+02 -1.243473E+05  2.477244E+04 -1.503835E+05
  0.000000E+00  0.000000E+00  0.000000E+00  0.000000E+00 -1.239182E+05
  0.000000E+00  8.998231E+02 -1.519624E+05  1.503346E+05  0.000000E+00
  0.000000E+00  0.000000E+00  0.000000E+00  6.455281E+04  3.372412E+00
  1.263781E+03  2.527561E+03  9.000000E+01  9.000000E+01  9.000000E+01
  0.000000E+00 -3.403095E-01  1.648680E+11  1.607739E+00 -1.749797E+00
  5.191608E-01 -1.749797E+00 -2.478988E+00 -3.743980E-01  5.191608E-01
 -3.743980E-01 -1.496788E-01  9.152895E+00  8.968348E+00  7.970522E+00
  9.913920E+00  9.559333E+00  4.066968E+01  0.000000E+00  0.000000E+00
  0.000000E+00  4.066968E+01  0.000000E+00  0.000000E+00  0.000000E+00
  3.902777E+01 -1.389297E+01
     76000  3.800000E+01        52
  1.648678E+11  6.354445E+02 -1.243488E+05  2.474495E+04 -1.503735E+05
  0.000000E+00  0.000000E+00  0.000000E+00  0.000000E+00 -1.239230E+05
  0.000000E+00  1.064966E+03 -1.518196E+05  1.503250E+05  0.000000E+00
  0.000000E+00  0.000000E+00  0.000000E+00  6.459862E+04  3.447695E+00
  1.279785E+03  2.559569E+03  9.000000E+01  9.000000E+01  9.000000E+01
  0.000000E+00 -1.742186E+00  1.648680E+11 -3.552230E+00  3.458877E-01
  1.572360E+00  3.458877E-01 -2.678379E+00  1.687923E-02  1.572360E+00
  1.687923E-02  1.004050E+00  9.286440E+00  9.179883E+00  8.129736E+00
  1.009227E+01  9.738390E+00  4.067929E+01  0.000000E+00  0.000000E+00
  0.000000E+00  4.067929E+01  0.000000E+00  0.000000E+00  0.000000E+00
  3.903700E+01 -7.117441E+01
     77000  3.850000E+01        52
  1.648678E+11  6.598795E+02 -1.243496E+05  2.479304E+04 -1.504137E+05
  0.000000E+00  0.000000E+00  0.000000E+00  0.000000E+00 -1.239075E+05
  0.000000E+00  8.232477E+02 -1.520848E+05  1.503660E+05  0.000000E+00
  0.000000E+00  0.000000E+00  0.000000E+00  6.436588E+04  3.569219E+00
  1.271021E+03  2.542042E+03  9.000000E+01  9.000000E+01  9.000000E+01
  0.000000E+00  4.989907E-01  1.648680E+11 -4.061632E-01 -2.782502E+00
  8.379736E-01 -2.782502E+00 -2.004563E+00 -5.236790E-02  8.379736E-01
 -5.236790E-02  3.907698E+00  9.265676E+00  9.102716E+00  8.054437E+00
  1.004834E+01  9.695461E+00  4.063038E+01  0.000000E+00  0.000000E+00
  0.000000E+00  4.063038E+01  0.000000E+00  0.000000E+00  0.000000E+00
  3.899006E+01  2.031207E+01
     78000  3.900000E+01        52
  1.648678E+11  6.621325E+02 -1.243475E+05  2.487483E+04 -1.504942E+05
  0.000000E+00  0.000000E+00  0.000000E+00  0.000000E+00 -1.239038E+05
  0.000000E+00  4.484197E+02 -1.525417E+05  1.504464E+05  0.000000E+00
  0.000000E+00  0.000000E+00  0.000000E+00  6.442139E+04  3.571045E+00
  1.271893E+03  2.543785E+03  9.000000E+01  9.000000E+01  9.000000E+01
  0.000000E+00  3.589983E+00  1.648680E+11  4.508172E+00 -8.444857E-01
  2.323613E+00 -8.444857E-01  2.242303E+00 -8.057878E-02  2.323613E+00
 -8.057878E-02  4.019476E+00  9.201010E+00  8.993961E+00  7.989313E+00
  9.983540E+00  9.626036E+00  4.064206E+01  0.000000E+00  0.000000E+00
  0.000000E+00  4.064206E+01  0.000000E+00  0.000000E+00  0.000000E+00
  3.900126E+01  1.462610E+02
     79000  3.950000E+01        52
  1.648678E+11  6.539687E+02 -1.243530E+05  2.473126E+04 -1.503613E+05
  0.000000E+00  0.000000E+00  0.000000E+00  0.000000E+00 -1.239148E+05
  0.000000E+00  1.051155E+03 -1.518160E+05  1.503130E+05  0.000000E+00
  0.000000E+00  0.000000E+00  0.000000E+00  6.455619E+04  3.488646E+00
  1.277054E+03  2.554108E+03  9.000000E+01  9.000000E+01  9.000000E+01
  0.000000E+00 -1.427916E+00  1.648680E+11  1.702790E+00 -8.593664E-01
  4.852348E-01 -8.593664E-01 -3.925110E+00 -5.386835E-01  4.852348E-01
 -5.386835E-01 -2.061428E+00  9.290589E+00  9.177140E+00  8.060153E+00
  1.010480E+01  9.737444E+00  4.067039E+01  0.000000E+00  0.000000E+00
  0.000000E+00  4.067039E+01  0.000000E+00  0.000000E+00  0.000000E+00
  3.902845E+01 -5.829705E+01
     80000  4.000000E+01        52
  1.648678E+11  6.495497E+02 -1.243611E+05  2.476966E+04 -1.504087E+05
  0.000000E+00  0.000000E+00  0.000000E+00  0.000000E+00 -1.239259E+05
  0.000000E+00  9.372486E+02 -1.519794E+05  1.503608E+05  0.000000E+00
  0.000000E+00  0.000000E+00  0.000000E+00  6.438587E+04  3.508053E+00
  1.277901E+03  2.555802E+03  9.000000E+01  9.000000E+01  9.000000E+01
  0.000000E+00 -5.477028E-01  1.648680E+11  6.903788E-01 -1.561572E+00
 -2.904907E-01 -1.561572E+00 -4.182816E+00  1.133312E-01 -2.904907E-01
  1.133312E-01  1.849328E+00  9.310680E+00  9.197171E+00  8.129892E+00
  1.010316E+01  9.737945E+00  4.063459E+01  0.000000E+00  0.000000E+00
  0.000000E+00  4.063459E+01  0.000000E+00  0.000000E+00  0.000000E+00
  3.899410E+01 -2.230189E+01
     81000  4.050000E+01        52
  1.648678E+11  6.441590E+02 -1.243563E+05  2.478377E+04 -1.504122E+05
  0.000000E+00  0.000000E+00  0.000000E+00  0.000000E+00 -1.239247E+05
  0.000000E+00  8.556710E+02 -1.520526E+05  1.503639E+05  0.000000E+00
  0.000000E+00  0.000000E+00  0.000000E+00  6.441501E+04  3.549059E+00
  1.272181E+03  2.544363E+03  9.000000E+01  9.000000E+01  9.000000E+01
  0.000000E+00  6.095018E-02  1.648680E+11  2.147878E+00 -1.071586E+00
  2.960032E+00 -1.071586E+00 -2.851072E+00 -1.394603E+00  2.960032E+00
 -1.394603E+00  8.860439E-01  9.334621E+00  9.113540E+00  8.038838E+00
  1.011151E+01  9.755089E+00  4.064072E+01  0.000000E+00  0.000000E+00
  0.000000E+00  4.064072E+01  0.000000E+00  0.000000E+00  0.000000E+00
  3.899998E+01  2.482951E+00
     82000  4.100000E+01        52
  1.648678E+11  6.565745E+02 -1.243538E+05  2.484261E+04 -1.504771E+05
  0.000000E+00  0.000000E+00  0.000000E+00  0.000000E+00 -1.239139E+05
  0.000000E+00  5.739384E+02 -1.524174E+05  1.504299E+05  0.000000E+00
  0.000000E+00  0.000000E+00  0.000000E+00  6.428311E+04  3.512995E+00
  1.280718E+03  2.561436E+03  9.000000E+01  9.000000E+01  9.000000E+01
  0.000000E+00  2.507481E+00  1.648680E+11  1.202384E+00 -1.389925E-01
 -1.760445E-01 -1.389925E-01  2.062635E+00 -6.937157E-01 -1.760445E-01
 -6.937157E-01  4.257424E+00  9.270573E+00  9.121087E+00  8.001821E+00
  1.005982E+01  9.689175E+00  4.061296E+01  0.000000E+00  0.000000E+00
  0.000000E+00  4.061296E+01  0.000000E+00  0.000000E+00  0.000000E+00
  3.897334E+01  1.019391E+02
     83000  4.150000E+01        52
  1.648678E+11  6.530804E+02 -1.243553E+05  2.469851E+04 -1.503257E+05
  0.000000E+00  0.000000E+00  0.000000E+00  0.000000E+00 -1.239177E+05
  0.000000E+00  1.134184E+03 -1.516873E+05  1.502776E+05  0.000000E+00
  0.000000E+00  0.000000E+00  0.000000E+00  6.446714E+04  3.514410E+00
  1.271973E+03  2.543946E+03  9.000000E+01  9.000000E+01  9.000000E+01
  0.000000E+00 -2.118451E+00  1.648680E+11  6.037390E-01 -4.548731E-01
  7.743626E-01 -4.548731E-01 -6.423531E+00  3.016286E-01  7.743626E-01
  3.016286E-01 -5.355618E-01  9.381976E+00  9.179237E+00  8.091184E+00
  1.014878E+01  9.788108E+00  4.065168E+01  0.000000E+00  0.000000E+00
  0.000000E+00  4.065168E+01  0.000000E+00  0.000000E+00  0.000000E+00
  3.901049E+01 -8.636999E+01
     84000  4.200000E+01        52
  1.648678E+11  6.337721E+02 -1.243606E+05  2.472775E+04 -1.503553E+05
  0.000000E+00  0.000000E+00  0.000000E+00  0.000000E+00 -1.239360E+05
  0.000000E+00  1.024186E+03 -1.518166E+05  1.503068E+05  0.000000E+00
  0.000000E+00  0.000000E+00  0.000000E+00  6.448463E+04  3.378197E+00
  1.266980E+03  2.533959E+03  9.000000E+01  9.000000E+01  9.000000E+01
  0.000000E+00 -1.430253E+00  1.648680E+11 -2.135344E+00 -1.142709E+00
  9.578288E-01 -1.142709E+00 -2.164001E+00  1.665809E+00  9.578288E-01
  1.665809E+00  8.584370E-03  9.326434E+00  9.140087E+00  8.118622E+00
  1.012322E+01  9.767757E+00  4.065535E+01  0.000000E+00  0.000000E+00
  0.000000E+00  4.065535E+01  0.000000E+00  0.000000E+00  0.000000E+00
  3.901402E+01 -5.832775E+01
     85000  4.250000E+01        52
  1.648678E+11  6.448797E+02 -1.243698E+05  2.483677E+04 -1.504732E+05
  0.000000E+00  0.000000E+00  0.000000E+00  0.000000E+00 -1.239377E+05
  0.000000E+00  5.199296E+02 -1.524389E+05  1.504256E+05  0.000000E+00
  0.000000E+00  0.000000E+00  0.000000E+00  6.414684E+04  3.464395E+00
  1.266615E+03  2.533229E+03  9.000000E+01  9.000000E+01  9.000000E+01
  0.000000E+00  2.827826E+00  1.648680E+11  3.405868E+00 -2.151964E-01
  1.097737E+00 -2.151964E-01 -1.751374E-01  4.661257E-01  1.097737E+00
  4.661257E-01  5.252748E+00  9.389718E+00  9.266866E+00  8.095419E+00
  1.018749E+01  9.817152E+00  4.058424E+01  0.000000E+00  0.000000E+00
  0.000000E+00  4.058424E+01  0.000000E+00  0.000000E+00  0.000000E+00
  3.894578E+01  1.147186E+02
     86000  4.300000E+01        52
  1.648678E+11  6.500622E+02 -1.243590E+05  2.465528E+04 -1.502953E+05
  0.000000E+00  0.000000E+00  0.000000E+00  0.000000E+00 -1.239234E+05
  0.000000E+00  1.469145E+03 -1.513395E+05  1.502467E+05  0.000000E+00
  0.000000E+00  0.000000E+00  0.000000E+00  6.457274E+04  3.482326E+00
  1.280994E+03  2.561989E+03  9.000000E+01  9.000000E+01  9.000000E+01
  0.000000E+00 -4.882120E+00  1.648680E+11 -3.273889E+00  1.147881E+00
  2.589642E+00  1.147881E+00 -7.505731E+00  1.571279E+00  2.589642E+00
  1.571279E+00 -3.866739E+00  9.337762E+00  9.087559E+00  8.012150E+00
  1.010107E+01  9.738948E+00  4.067386E+01  0.000000E+00  0.000000E+00
  0.000000E+00  4.067386E+01  0.000000E+00  0.000000E+00  0.000000E+00
  3.903178E+01 -1.993718E+02
     87000  4.350000E+01        52
  1.648678E+11  6.534322E+02 -1.243633E+05  2.476915E+04 -1.504170E+05
  0.000000E+00  0.000000E+00  0.000000E+00  0.000000E+00 -1.239255E+05
  0.000000E+00  8.512101E+02 -1.520872E+05  1.503693E+05  0.000000E+00
  0.000000E+00  0.000000E+00  0.000000E+00  6.420796E+04  3.448025E+00
  1.284524E+03  2.569048E+03  9.000000E+01  9.000000E+01  9.000000E+01
  0.000000E+00  1.997631E-01  1.648680E+11  1.691761E+00 -2.426980E+00
 -8.083444E-01 -2.426980E+00 -2.257651E+00 -1.019129E+00 -8.083444E-01
 -1.019129E+00  1.165179E+00  9.399014E+00  9.196014E+00  8.099211E+00
  1.018790E+01  9.822503E+00  4.059713E+01  0.000000E+00  0.000000E+00
  0.000000E+00  4.059713E+01  0.000000E+00  0.000000E+00  0.000000E+00
  3.895815E+01  8.111668E+00
     88000  4.400000E+01        52
  1.648678E+11  6.489784E+02 -1.243675E+05  2.483731E+04 -1.504855E+05
  0.000000E+00  0.000000E+00  0.000000E+00  0.000000E+00 -1.239327E+05
  0.000000E+00  7.228832E+02 -1.522764E+05  1.504380E+05  0.000000E+00
  0.000000E+00  0.000000E+00  0.000000E+00  6.424523E+04  3.436201E+00
  1.280652E+03  2.561305E+03  9.000000E+01  9.000000E+01  9.000000E+01
  0.000000E+00  1.203496E+00  1.648680E+11  3.256405E+00 -1.728183E+00
  1.427480E-01 -1.728183E+00 -2.665749E+00  1.366252E-01  1.427480E-01
  1.366252E-01  3.019832E+00  9.366578E+00  9.185753E+00  8.161843E+00
  1.016657E+01  9.805246E+00  4.060498E+01  0.000000E+00  0.000000E+00
  0.000000E+00  4.060498E+01  0.000000E+00  0.000000E+00  0.000000E+00
  3.896568E+01  4.889806E+01
     89000  4.450000E+01        52
  1.648678E+11  6.623970E+02 -1.243754E+05  2.466169E+04 -1.503191E+05
  0.000000E+00  0.000000E+00  0.000000E+00  0.000000E+00 -1.239316E+05
  0.000000E+00  1.369078E+03 -1.514665E+05  1.502716E+05  0.000000E+00
  0.000000E+00  0.000000E+00  0.000000E+00  6.440608E+04  3.560409E+00
  1.282009E+03  2.564019E+03  9.000000E+01  9.000000E+01  9.000000E+01
  0.000000E+00 -3.940588E+00  1.648680E+11 -2.545825E+00  8.577911E-01
  1.595159E+00  8.577911E-01 -7.219225E+00  7.426635E-01  1.595159E+00
  7.426635E-01 -2.056713E+00  9.311595E+00  9.151273E+00  8.097134E+00
  1.010647E+01  9.753389E+00  4.063884E+01  0.000000E+00  0.000000E+00
  0.000000E+00  4.063884E+01  0.000000E+00  0.000000E+00  0.000000E+00
  3.899818E+01 -1.605070E+02
     90000  4.500000E+01        52
  1.648678E+11  6.475890E+02 -1.243664E+05  2.481772E+04 -1.504476E+05
  0.000000E+00  0.000000E+00  0.000000E+00  0.000000E+00 -1.239325E+05
  0.000000E+00  6.212095E+02 -1.523059E+05  1.504002E+05  0.000000E+00
  0.000000E+00  0.000000E+00  0.000000E+00  6.422952E+04  3.585002E+00
  1.263467E+03  2.526934E+03  9.000000E+01  9.000000E+01  9.000000E+01
  0.000000E+00  2.022860E+00  1.648680E+11  4.057429E+00 -7.941258E-01
  1.252101E+00 -7.941258E-01 -2.463794E-01 -1.709967E+00  1.252101E+00
 -1.709967E+00  2.257530E+00  9.407837E+00  9.239789E+00  8.153638E+00
  1.019982E+01  9.841235E+00  4.060167E+01  0.000000E+00  0.000000E+00
  0.000000E+00  4.060167E+01  0.000000E+00  0.000000E+00  0.000000E+00
  3.896251E+01  8.216871E+01
     91000  4.550000E+01        52
  1.648678E+11  6.551787E+02 -1.243734E+05  2.480540E+04 -1.504655E+05
  0.000000E+00  0.000000E+00  0.000000E+00  0.000000E+00 -1.239344E+05
  0.000000E+00  7.672738E+02 -1.522246E+05  1.504184E+05  0.000000E+00
  0.000000E+00  0.000000E+00  0.000000E+00  6.415261E+04  3.527780E+00
  1.286753E+03  2.573506E+03  9.000000E+01  9.000000E+01  9.000000E+01
  0.000000E+00  9.087796E-01  1.648680E+11  2.746552E+00 -5.744637E-01
  5.162506E-01 -5.744637E-01 -1.174493E+00 -2.702293E-01  5.162506E-01
 -2.702293E-01  1.154280E+00  9.419912E+00  9.215827E+00  8.104793E+00
  1.019414E+01  9.821799E+00  4.058546E+01  0.000000E+00  0.000000E+00
  0.000000E+00  4.058546E+01  0.000000E+00  0.000000E+00  0.000000E+00
  3.894695E+01  3.687049E+01
     92000  4.600000E+01        52
  1.648678E+11  6.472969E+02 -1.243675E+05  2.478798E+04 -1.504208E+05
  0.000000E+00  0.000000E+00  0.000000E+00  0.000000E+00 -1.239338E+05
  0.000000E+00  7.675757E+02 -1.521367E+05  1.503736E+05  0.000000E+00
  0.000000E+00  0.000000E+00  0.000000E+00  6.421865E+04  3.433530E+00
  1.265315E+03  2.530630E+03  9.000000E+01  9.000000E+01  9.000000E+01
  0.000000E+00  8.186878E-01  1.648680E+11  1.287903E+00 -2.609009E+00
  1.311211E+00 -2.609009E+00 -2.180175E+00 -9.461845E-02  1.311211E+00
 -9.461845E-02  3.348336E+00  9.369297E+00  9.179008E+00  8.047405E+00
  1.010862E+01  9.758403E+00  4.059938E+01  0.000000E+00  0.000000E+00
  0.000000E+00  4.059938E+01  0.000000E+00  0.000000E+00  0.000000E+00
  3.896031E+01  3.324953E+01
     93000  4.650000E+01        52
  1.648678E+11  6.478748E+02 -1.243711E+05  2.478013E+04 -1.504370E+05
  0.000000E+00  0.000000E+00  0.000000E+00  0.000000E+00 -1.239370E+05
  0.000000E+00  9.350024E+02 -1.520261E+05  1.503895E+05  0.000000E+00
  0.000000E+00  0.000000E+00  0.000000E+00  6.426418E+04  3.571272E+00
  1.285792E+03  2.571584E+03  9.000000E+01  9.000000E+01  9.000000E+01
  0.000000E+00 -5.487241E-01  1.648680E+11  2.312600E-02 -8.804462E-01
  4.731448E-01 -8.804462E-01 -2.442162E+00 -1.146900E+00  4.731448E-01
 -1.146900E+00  7.728633E-01  9.481086E+00  9.218723E+00  8.116087E+00
  1.019842E+01  9.842652E+00  4.060897E+01  0.000000E+00  0.000000E+00
  0.000000E+00  4.060897E+01  0.000000E+00  0.000000E+00  0.000000E+00
  3.896951E+01 -2.230124E+01
     94000  4.700000E+01        52
  1.648678E+11  6.522311E+02 -1.243788E+05  2.466081E+04 -1.503101E+05
  0.000000E+00  0.000000E+00  0.000000E+00  0.000000E+00 -1.239418E+05
  0.000000E+00  1.347689E+03 -1.514555E+05  1.502622E+05  0.000000E+00
  0.000000E+00  0.000000E+00  0.000000E+00  6.435299E+04  3.497042E+00
  1.270458E+03  2.540916E+03  9.000000E+01  9.000000E+01  9.000000E+01
  0.000000E+00 -3.880222E+00  1.648680E+11 -2.244791E+00 -1.758850E+00
  1.974264E+00 -1.758850E+00 -4.713970E+00  1.375555E+00  1.974264E+00
  1.375555E+00 -4.681903E+00  9.487411E+00  9.252162E+00  8.137822E+00
  1.023569E+01  9.882229E+00  4.062767E+01  0.000000E+00  0.000000E+00
  0.000000E+00  4.062767E+01  0.000000E+00  0.000000E+00  0.000000E+00
  3.898746E+01 -1.579179E+02
     95000  4.750000E+01        52
  1.648678E+11  6.494144E+02 -1.243691E+05  2.481145E+04 -1.504623E+05
  0.000000E+00  0.000000E+00  0.000000E+00  0.000000E+00 -1.239340E+05
  0.000000E+00  6.844379E+02 -1.522945E+05  1.504154E+05  0.000000E+00
  0.000000E+00  0.000000E+00  0.000000E+00  6.406170E+04  3.555025E+00
  1.281798E+03  2.563596E+03  9.000000E+01  9.000000E+01  9.000000E+01
  0.000000E+00  1.528063E+00  1.648680E+11  1.460603E+00 -3.907427E-01
 -5.326083E-01 -3.907427E-01 -5.712708E-01 -4.078377E-01 -5.326083E-01
 -4.078377E-01  3.694858E+00  9.360477E+00  9.095324E+00  8.030317E+00
  1.006028E+01  9.712320E+00  4.056628E+01  0.000000E+00  0.000000E+00
  0.000000E+00  4.056628E+01  0.000000E+00  0.000000E+00  0.000000E+00
  3.892854E+01  6.190787E+01
     96000  4.800000E+01        52
  1.648678E+11  6.488177E+02 -1.243707E+05  2.473628E+04 -1.503800E+05
  0.000000E+00  0.000000E+00  0.000000E+00  0.000000E+00 -1.239360E+05
  0.000000E+00  1.067278E+03 -1.518112E+05  1.503325E+05  0.000000E+00
  0.000000E+00  0.000000E+00  0.000000E+00  6.425033E+04  3.575747E+00
  1.273028E+03  2.546057E+03  9.000000E+01  9.000000E+01  9.000000E+01
  0.000000E+00 -1.623593E+00  1.648680E+11 -5.043204E-01  8.172457E-01
 -3.984735E-01  8.172457E-01 -5.074469E+00  8.357901E-01 -3.984735E-01
  8.357901E-01  7.080101E-01  9.472841E+00  9.232081E+00  8.167679E+00
  1.022814E+01  9.870567E+00  4.060605E+01  0.000000E+00  0.000000E+00
  0.000000E+00  4.060605E+01  0.000000E+00  0.000000E+00  0.000000E+00
  3.896671E+01 -6.597184E+01
     97000  4.850000E+01        52
  1.648678E+11  6.563524E+02 -1.243811E+05  2.474180E+04 -1.503920E+05
  0.000000E+00  0.000000E+00  0.000000E+00  0.000000E+00 -1.239414E+05
  0.000000E+00  9.327878E+02 -1.519503E+05  1.503450E+05  0.000000E+00
  0.000000E+00  0.000000E+00  0.000000E+00  6.416223E+04  3.555869E+00
  1.269025E+03  2.538049E+03  9.000000E+01  9.000000E+01  9.000000E+01
  0.000000E+00 -4.380911E-01  1.648680E+11  2.422306E+00 -1.377242E+00
  2.733905E+00 -1.377242E+00 -7.585235E-01  3.135555E-01  2.733905E+00
  3.135555E-01 -2.978056E+00  9.451553E+00  9.251385E+00  8.135319E+00
  1.020736E+01  9.853361E+00  4.058749E+01  0.000000E+00  0.000000E+00
  0.000000E+00  4.058749E+01  0.000000E+00  0.000000E+00  0.000000E+00
  3.894890E+01 -1.777665E+01
     98000  4.900000E+01        52
  1.648678E+11  6.437844E+02 -1.243729E+05  2.476242E+04 -1.504204E+05
  0.000000E+00  0.000000E+00  0.000000E+00  0.000000E+00 -1.239416E+05
  0.000000E+00  8.962624E+02 -1.520479E+05  1.503740E+05  0.000000E+00
  0.000000E+00  0.000000E+00  0.000000E+00  6.406851E+04  3.502459E+00
  1.285072E+03  2.570145E+03  9.000000E+01  9.000000E+01  9.000000E+01
  0.000000E+00 -2.767848E-01  1.648680E+11 -2.787703E-01 -4.935556E-01
  7.023163E-01 -4.935556E-01 -2.209692E-01 -1.119168E+00  7.023163E-01
 -1.119168E+00 -3.306148E-01  9.443322E+00  9.263720E+00  8.074000E+00
  1.020096E+01  9.840174E+00  4.056771E+01  0.000000E+00  0.000000E+00
  0.000000E+00  4.056771E+01  0.000000E+00  0.000000E+00  0.000000E+00
  3.892992E+01 -1.121483E+01
     99000  4.950000E+01        52
  1.648678E+11  6.497823E+02 -1.243794E+05  2.477148E+04 -1.504178E+05
  0.000000E+00  0.000000E+00  0.000000E+00  0.000000E+00 -1.239441E+05
  0.000000E+00  8.113877E+02 -1.520940E+05  1.503717E+05  0.000000E+00
  0.000000E+00  0.000000E+00  0.000000E+00  6.403002E+04  3.575710E+00
  1.266842E+03  2.533684E+03  9.000000E+01  9.000000E+01  9.000000E+01
  0.000000E+00  4.878668E-01  1.648680E+11  3.153400E+00  3.819369E-01
  1.488137E+00  3.819369E-01 -1.827081E+00 -1.216868E+00  1.488137E+00
 -1.216868E+00  1.372808E-01  9.474822E+00  9.275203E+00  8.101813E+00
  1.021645E+01  9.858814E+00  4.055959E+01  0.000000E+00  0.000000E+00
  0.000000E+00  4.055959E+01  0.000000E+00  0.000000E+00  0.000000E+00
  3.892213E+01  1.975563E+01
    100000  5.000000E+01        52
  1.648678E+11  6.445928E+02 -1.243780E+05  2.472281E+04 -1.503861E+05
  0.000000E+00  0.000000E+00  0.000000E+00  0.000000E+00 -1.239461E+05
  0.000000E+00  1.004629E+03 -1.519056E+05  1.503396E+05  0.000000E+00
  0.000000E+00  0.000000E+00  0.000000E+00  6.413504E+04  3.600887E+00
  1.285321E+03  2.570642E+03  9.000000E+01  9.000000E+01  9.000000E+01
  0.000000E+00 -1.158173E+00  1.648680E+11 -2.541662E-02 -1.860686E+00
 -3.655004E-03 -1.860686E+00 -2.118430E+00  2.265197E-02 -3.655004E-03
  2.265197E-02 -1.330671E+00  9.425267E+00  9.281539E+00  8.082112E+00
  1.019773E+01  9.839026E+00  4.058175E+01  0.000000E+00  0.000000E+00
  0.000000E+00  4.058175E+01  0.000000E+00  0.000000E+00  0.000000E+00
  3.894339E+01 -4.697585E+01
