title: # Li56 La24 Zr16 O96                                                    
energy unitS: electron Volts
         0  0.000000E+00        52
 -5.384163E+05  7.500000E+02 -5.407429E+05  6.307024E+04 -6.038132E+05
  0.000000E+00  0.000000E+00  0.000000E+00  0.000000E+00 -5.384162E+05
  0.000000E+00  1.563293E+05 -4.473454E+05  6.036747E+05  0.000000E+00
  0.000000E+00  0.000000E+00  0.000000E+00  2.781571E+05  0.000000E+00
  0.000000E+00  0.000000E+00  9.000000E+01  9.000000E+01  9.000000E+01
  0.000000E+00 -2.874086E+02  0.000000E+00 -3.007850E+02 -3.011614E-02
  3.079235E-03 -3.011614E-02 -3.007466E+02  5.235147E-02  3.079235E-03
  5.235147E-02 -2.606942E+02  0.000000E+00  0.000000E+00  0.000000E+00
  0.000000E+00  0.000000E+00  6.618035E+01  0.000000E+00  0.000000E+00
  0.000000E+00  6.618035E+01  0.000000E+00  0.000000E+00  0.000000E+00
  6.350853E+01 -5.055871E+04
      1000  5.000000E-01        52
  1.662853E+06  7.500000E+02 -5.368369E+05  9.300038E+04 -6.625333E+05
  0.000000E+00  0.000000E+00  0.000000E+00  0.000000E+00 -5.345100E+05
  0.000000E+00  1.730013E+05 -5.535743E+05  6.611836E+05  0.000000E+00
  0.000000E+00  0.000000E+00  0.000000E+00  4.184038E+05  6.655462E-02
  3.269601E+04  6.539202E+04  9.000000E+01  9.000000E+01  9.000000E+01
  0.000000E+00 -2.120730E+02  2.197363E+06 -2.165445E+02  1.330836E+01
  9.358978E+01  1.330836E+01 -1.564795E+02 -1.870262E+01  9.358978E+01
 -1.870262E+01 -2.631949E+02  2.774556E+00  6.195871E-01  5.894035E-01
  2.367719E+00  1.942711E+03  7.582822E+01  0.000000E+00  0.000000E+00
  0.000000E+00  7.582822E+01  0.000000E+00  0.000000E+00  0.000000E+00
  7.276690E+01 -5.611604E+04
      2000  1.000000E+00        52
  2.009818E+07  7.517300E+02 -5.657328E+05  1.131082E+05 -6.860763E+05
  0.000000E+00  0.000000E+00  0.000000E+00  0.000000E+00 -5.634005E+05
  0.000000E+00  3.070946E+04 -6.651201E+05  6.813589E+05  0.000000E+00
  0.000000E+00  0.000000E+00  0.000000E+00  5.889604E+05  1.347928E+00
  7.235346E+03  1.447069E+04  9.000000E+01  9.000000E+01  9.000000E+01
  0.000000E+00 -2.330879E+01  2.066158E+07 -2.185852E+01 -1.015255E+00
  2.025664E-01 -1.015255E+00 -2.258010E+01 -9.337130E-01  2.025664E-01
 -9.337130E-01 -2.548776E+01  7.299840E+00  5.050599E+00  3.757011E+00
  7.189387E+00  3.848008E+03  8.498215E+01  0.000000E+00  0.000000E+00
  0.000000E+00  8.498215E+01  0.000000E+00  0.000000E+00  0.000000E+00
  8.155127E+01 -8.681843E+03
      3000  1.500000E+00        52
  2.009590E+07  7.497710E+02 -5.680145E+05  1.137001E+05 -6.889329E+05
  0.000000E+00  0.000000E+00  0.000000E+00  0.000000E+00 -5.656883E+05
  0.000000E+00  2.589715E+04 -6.731372E+05  6.845978E+05  0.000000E+00
  0.000000E+00  0.000000E+00  0.000000E+00  5.757758E+05  1.986564E+00
  7.218291E+03  1.443658E+04  9.000000E+01  9.000000E+01  9.000000E+01
  0.000000E+00 -1.944839E+01  2.066158E+07 -1.843631E+01  1.225461E-01
  5.417443E-01  1.225461E-01 -1.898510E+01 -7.648766E-01  5.417443E-01
 -7.648766E-01 -2.092376E+01  1.077541E+01  8.807112E+00  7.081891E+00
  1.092334E+01  3.850186E+03  8.434321E+01  0.000000E+00  0.000000E+00
  0.000000E+00  8.434321E+01  0.000000E+00  0.000000E+00  0.000000E+00
  8.093813E+01 -7.081792E+03
      4000  2.000000E+00        52
  2.009509E+07  7.500000E+02 -5.688223E+05  1.138281E+05 -6.898307E+05
  0.000000E+00  0.000000E+00  0.000000E+00  0.000000E+00 -5.664953E+05
  0.000000E+00  2.449251E+04 -6.756228E+05  6.857547E+05  0.000000E+00
  0.000000E+00  0.000000E+00  0.000000E+00  5.644938E+05  2.495037E-02
  7.180290E+03  1.436058E+04  9.000000E+01  9.000000E+01  9.000000E+01
  0.000000E+00 -1.852423E+01  2.066158E+07 -1.796629E+01 -6.134175E-01
  1.077835E+00 -6.134175E-01 -1.756765E+01 -7.711022E-01  1.077835E+00
 -7.711022E-01 -2.003876E+01  1.252584E+01  1.094254E+01  8.917481E+00
  1.292327E+01  3.852581E+03  8.378869E+01  0.000000E+00  0.000000E+00
  0.000000E+00  8.378869E+01  0.000000E+00  0.000000E+00  0.000000E+00
  8.040599E+01 -6.613106E+03
      5000  2.500000E+00        52
  2.009453E+07  7.498847E+02 -5.693795E+05  1.141087E+05 -6.906126E+05
  0.000000E+00  0.000000E+00  0.000000E+00  0.000000E+00 -5.670529E+05
  0.000000E+00  2.305293E+04 -6.780221E+05  6.868264E+05  0.000000E+00
  0.000000E+00  0.000000E+00  0.000000E+00  5.540730E+05  4.156689E-01
  7.124332E+03  1.424866E+04  9.000000E+01  9.000000E+01  9.000000E+01
  0.000000E+00 -1.750388E+01  2.066158E+07 -1.635592E+01 -3.184076E-01
  5.083070E-01 -3.184076E-01 -1.761819E+01 -1.805419E-01  5.083070E-01
 -1.805419E-01 -1.853752E+01  1.384049E+01  1.243152E+01  1.009455E+01
  1.430145E+01  3.853999E+03  8.326989E+01  0.000000E+00  0.000000E+00
  0.000000E+00  8.326989E+01  0.000000E+00  0.000000E+00  0.000000E+00
  7.990813E+01 -6.133483E+03
      6000  3.000000E+00        52
  2.009411E+07  7.499323E+02 -5.698022E+05  1.142511E+05 -6.911585E+05
  0.000000E+00  0.000000E+00  0.000000E+00  0.000000E+00 -5.674755E+05
  0.000000E+00  2.192157E+04 -6.798866E+05  6.875977E+05  0.000000E+00
  0.000000E+00  0.000000E+00  0.000000E+00  5.444156E+05  2.198192E+00
  7.105234E+03  1.421047E+04  9.000000E+01  9.000000E+01  9.000000E+01
  0.000000E+00 -1.671876E+01  2.066158E+07 -1.607252E+01 -3.236628E-01
  4.883909E-01 -3.236628E-01 -1.635465E+01 -4.777349E-01  4.883909E-01
 -4.777349E-01 -1.772912E+01  1.457158E+01  1.326851E+01  1.083972E+01
  1.517522E+01  3.855277E+03  8.278326E+01  0.000000E+00  0.000000E+00
  0.000000E+00  8.278326E+01  0.000000E+00  0.000000E+00  0.000000E+00
  7.944115E+01 -5.756265E+03
      7000  3.500000E+00        52
  2.009380E+07  7.500000E+02 -5.701154E+05  1.143494E+05 -6.915979E+05
  0.000000E+00  0.000000E+00  0.000000E+00  0.000000E+00 -5.677884E+05
  0.000000E+00  2.149473E+04 -6.810056E+05  6.882339E+05  0.000000E+00
  0.000000E+00  0.000000E+00  0.000000E+00  5.354821E+05  2.496573E-02
  7.133196E+03  1.426639E+04  9.000000E+01  9.000000E+01  9.000000E+01
  0.000000E+00 -1.657714E+01  2.066158E+07 -1.589457E+01 -1.644962E-01
  9.266522E-02 -1.644962E-01 -1.676331E+01  3.215119E-01  9.266522E-02
  3.215119E-01 -1.707354E+01  1.523680E+01  1.404584E+01  1.129143E+01
  1.580784E+01  3.856035E+03  8.232796E+01  0.000000E+00  0.000000E+00
  0.000000E+00  8.232796E+01  0.000000E+00  0.000000E+00  0.000000E+00
  7.900423E+01 -5.613847E+03
      8000  4.000000E+00        52
  2.009353E+07  7.496956E+02 -5.703829E+05  1.144706E+05 -6.919665E+05
  0.000000E+00  0.000000E+00  0.000000E+00  0.000000E+00 -5.680569E+05
  0.000000E+00  2.073767E+04 -6.822691E+05  6.887807E+05  0.000000E+00
  0.000000E+00  0.000000E+00  0.000000E+00  5.271119E+05  4.277990E-01
  7.113061E+03  1.422612E+04  9.000000E+01  9.000000E+01  9.000000E+01
  0.000000E+00 -1.608525E+01  2.066158E+07 -1.523964E+01  3.319999E-01
  3.583062E-01  3.319999E-01 -1.631830E+01 -2.272031E-02  3.583062E-01
 -2.272031E-02 -1.669782E+01  1.606735E+01  1.482576E+01  1.204326E+01
  1.668483E+01  3.857011E+03  8.189674E+01  0.000000E+00  0.000000E+00
  0.000000E+00  8.189674E+01  0.000000E+00  0.000000E+00  0.000000E+00
  7.859042E+01 -5.362123E+03
      9000  4.500000E+00        52
  2.009331E+07  7.494984E+02 -5.705993E+05  1.148126E+05 -6.925529E+05
  0.000000E+00  0.000000E+00  0.000000E+00  0.000000E+00 -5.682739E+05
  0.000000E+00  1.934016E+04 -6.844678E+05  6.895259E+05  0.000000E+00
  0.000000E+00  0.000000E+00  0.000000E+00  5.191561E+05  2.288885E+00
  7.141061E+03  1.428212E+04  9.000000E+01  9.000000E+01  9.000000E+01
  0.000000E+00 -1.491416E+01  2.066158E+07 -1.444749E+01  3.474178E-01
  1.611785E-01  3.474178E-01 -1.436351E+01  1.250435E-01  1.611785E-01
  1.250435E-01 -1.593148E+01  1.680964E+01  1.540774E+01  1.277604E+01
  1.743954E+01  3.857807E+03  8.148262E+01  0.000000E+00  0.000000E+00
  0.000000E+00  8.148262E+01  0.000000E+00  0.000000E+00  0.000000E+00
  7.819302E+01 -4.896692E+03
     10000  5.000000E+00        52
  2.009311E+07  7.500000E+02 -5.707962E+05  1.147603E+05 -6.926588E+05
  0.000000E+00  0.000000E+00  0.000000E+00  0.000000E+00 -5.684693E+05
  0.000000E+00  1.907562E+04 -6.849129E+05  6.897837E+05  0.000000E+00
  0.000000E+00  0.000000E+00  0.000000E+00  5.119271E+05  2.494718E-02
  7.102376E+03  1.420475E+04  9.000000E+01  9.000000E+01  9.000000E+01
  0.000000E+00 -1.484919E+01  2.066158E+07 -1.443262E+01 -5.041189E-01
 -1.504203E-01 -5.041189E-01 -1.459489E+01  6.810296E-02 -1.504203E-01
  6.810296E-02 -1.552007E+01  1.730040E+01  1.606783E+01  1.320466E+01
  1.796700E+01  3.858230E+03  8.110265E+01  0.000000E+00  0.000000E+00
  0.000000E+00  8.110265E+01  0.000000E+00  0.000000E+00  0.000000E+00
  7.782839E+01 -4.807474E+03
     11000  5.500000E+00        52
  2.009312E+07  7.435163E+02 -5.715259E+05  1.179711E+05 -6.969245E+05
  0.000000E+00  0.000000E+00  0.000000E+00  0.000000E+00 -5.692192E+05
  0.000000E+00  3.998390E+03 -7.061996E+05  6.953431E+05  0.000000E+00
  0.000000E+00  0.000000E+00  0.000000E+00  4.352943E+05  2.437883E+00
  7.427449E+03  1.485490E+04  9.000000E+01  9.000000E+01  9.000000E+01
  0.000000E+00  7.441609E-01  2.066234E+07  3.518281E-01 -3.394881E-02
 -2.478058E-01 -3.394881E-02  1.484555E+00  1.922983E-01 -2.478058E-01
  1.922983E-01  3.960992E-01  1.125891E+00  1.092315E+00  1.000766E+00
  1.400758E+00  1.226493E+00  7.683516E+01  0.000000E+00  0.000000E+00
  0.000000E+00  7.683516E+01  0.000000E+00  0.000000E+00  0.000000E+00
  7.373318E+01  2.048594E+02
     12000  6.000000E+00        52
  2.009312E+07  7.394851E+02 -5.719566E+05  1.173568E+05 -6.966114E+05
  0.000000E+00  0.000000E+00  0.000000E+00  0.000000E+00 -5.696624E+05
  0.000000E+00  4.797357E+03 -7.051694E+05  6.953708E+05  0.000000E+00
  0.000000E+00  0.000000E+00  0.000000E+00  4.080484E+05  2.851203E+00
  7.298008E+03  1.459602E+04  9.000000E+01  9.000000E+01  9.000000E+01
  0.000000E+00 -2.704813E-01  2.066278E+07  3.053885E-01 -5.902824E-01
 -3.541201E-01 -5.902824E-01 -2.836860E-01 -5.710799E-01 -3.541201E-01
 -5.710799E-01 -8.331463E-01  1.911370E+00  1.861390E+00  1.651909E+00
  2.249935E+00  2.039610E+00  7.519741E+01  0.000000E+00  0.000000E+00
  0.000000E+00  7.519741E+01  0.000000E+00  0.000000E+00  0.000000E+00
  7.216156E+01 -6.979992E+01
     13000  6.500000E+00        52
  2.009312E+07  7.530132E+02 -5.723735E+05  1.168389E+05 -6.962785E+05
  0.000000E+00  0.000000E+00  0.000000E+00  0.000000E+00 -5.700373E+05
  0.000000E+00  4.796622E+03 -7.046121E+05  6.952767E+05  0.000000E+00
  0.000000E+00  0.000000E+00  0.000000E+00  3.869780E+05  3.185741E+00
  7.065995E+03  1.413199E+04  9.000000E+01  9.000000E+01  9.000000E+01
  0.000000E+00 -1.698906E-01  2.066316E+07  7.183680E-01 -2.288642E-01
 -4.539247E-03 -2.288642E-01 -6.250197E-01  4.657109E-01 -4.539247E-03
  4.657109E-01 -6.030201E-01  2.551519E+00  2.546029E+00  2.241306E+00
  3.000408E+00  2.754844E+00  7.388015E+01  0.000000E+00  0.000000E+00
  0.000000E+00  7.388015E+01  0.000000E+00  0.000000E+00  0.000000E+00
  7.089748E+01 -4.157782E+01
     14000  7.000000E+00        52
  2.009312E+07  7.598946E+02 -5.727061E+05  1.165308E+05 -6.961659E+05
  0.000000E+00  0.000000E+00  0.000000E+00  0.000000E+00 -5.703485E+05
  0.000000E+00  4.816048E+03 -7.043414E+05  6.952993E+05  0.000000E+00
  0.000000E+00  0.000000E+00  0.000000E+00  3.726458E+05  3.449834E+00
  6.929051E+03  1.385810E+04  9.000000E+01  9.000000E+01  9.000000E+01
  0.000000E+00 -1.435132E-01  2.066347E+07  1.973131E+00  5.052978E-01
 -4.371714E-01  5.052978E-01 -1.313380E+00  8.867348E-03 -4.371714E-01
  8.867348E-03 -1.090290E+00  3.040026E+00  3.056481E+00  2.690407E+00
  3.542461E+00  3.278874E+00  7.295657E+01  0.000000E+00  0.000000E+00
  0.000000E+00  7.295657E+01  0.000000E+00  0.000000E+00  0.000000E+00
  7.001119E+01 -3.382161E+01
     15000  7.500000E+00        52
  2.009312E+07  7.575766E+02 -5.730651E+05  1.162657E+05 -6.961663E+05
  0.000000E+00  0.000000E+00  0.000000E+00  0.000000E+00 -5.707148E+05
  0.000000E+00  4.937212E+03 -7.041337E+05  6.954000E+05  0.000000E+00
  0.000000E+00  0.000000E+00  0.000000E+00  3.612050E+05  3.587884E+00
  6.835467E+03  1.367093E+04  9.000000E+01  9.000000E+01  9.000000E+01
  0.000000E+00 -3.458485E-01  2.066383E+07 -2.962688E-01  1.028558E+00
  8.427140E-01  1.028558E+00 -1.748448E-01  4.445961E-02  8.427140E-01
  4.445961E-02 -5.664320E-01  3.465863E+00  3.471033E+00  3.094588E+00
  4.013089E+00  3.731416E+00  7.220217E+01  0.000000E+00  0.000000E+00
  0.000000E+00  7.220217E+01  0.000000E+00  0.000000E+00  0.000000E+00
  6.928724E+01 -7.900338E+01
     16000  8.000000E+00        52
  2.009312E+07  7.447403E+02 -5.733698E+05  1.161483E+05 -6.962587E+05
  0.000000E+00  0.000000E+00  0.000000E+00  0.000000E+00 -5.710593E+05
  0.000000E+00  4.340754E+03 -7.047169E+05  6.955764E+05  0.000000E+00
  0.000000E+00  0.000000E+00  0.000000E+00  3.498165E+05  3.573317E+00
  6.740631E+03  1.348126E+04  9.000000E+01  9.000000E+01  9.000000E+01
  0.000000E+00  4.215917E-01  2.066418E+07  4.380221E-01  1.021516E+00
  9.736226E-01  1.021516E+00  6.939460E-01  2.059082E-01  9.736226E-01
  2.059082E-01  1.328071E-01  3.926713E+00  3.942325E+00  3.507969E+00
  4.508318E+00  4.214484E+00  7.143523E+01  0.000000E+00  0.000000E+00
  0.000000E+00  7.143523E+01  0.000000E+00  0.000000E+00  0.000000E+00
  6.855126E+01  9.326924E+01
     17000  8.500000E+00        52
  2.009312E+07  7.493314E+02 -5.735798E+05  1.159335E+05 -6.961567E+05
  0.000000E+00  0.000000E+00  0.000000E+00  0.000000E+00 -5.712550E+05
  0.000000E+00  4.663716E+03 -7.041461E+05  6.955231E+05  0.000000E+00
  0.000000E+00  0.000000E+00  0.000000E+00  3.433413E+05  3.739912E+00
  6.643403E+03  1.328681E+04  9.000000E+01  9.000000E+01  9.000000E+01
  0.000000E+00 -2.252074E-02  2.066437E+07  2.831068E-01  1.066471E+00
 -1.849962E-02  1.066471E+00 -3.553379E-01  1.723425E-01 -1.849962E-02
  1.723425E-01  4.668871E-03  4.294898E+00  4.279098E+00  3.816611E+00
  4.887707E+00  4.587983E+00  7.099172E+01  0.000000E+00  0.000000E+00
  0.000000E+00  7.099172E+01  0.000000E+00  0.000000E+00  0.000000E+00
  6.812565E+01 -4.890066E+00
     18000  9.000000E+00        52
  2.009312E+07  7.605773E+02 -5.737334E+05  1.157973E+05 -6.961369E+05
  0.000000E+00  0.000000E+00  0.000000E+00  0.000000E+00 -5.713738E+05
  0.000000E+00  4.801174E+03 -7.039638E+05  6.955525E+05  0.000000E+00
  0.000000E+00  0.000000E+00  0.000000E+00  3.369937E+05  3.807367E+00
  6.606223E+03  1.321245E+04  9.000000E+01  9.000000E+01  9.000000E+01
  0.000000E+00 -1.288078E-01  2.066449E+07  2.118664E-01  1.320046E+00
 -2.895402E-01  1.320046E+00 -9.436955E-01 -3.847524E-02 -2.895402E-01
 -3.847524E-02  3.454058E-01  4.615642E+00  4.608357E+00  4.083012E+00
  5.236300E+00  4.921587E+00  7.055150E+01  0.000000E+00  0.000000E+00
  0.000000E+00  7.055150E+01  0.000000E+00  0.000000E+00  0.000000E+00
  6.770321E+01 -2.745174E+01
     19000  9.500000E+00        52
  2.009312E+07  7.573676E+02 -5.739245E+05  1.156558E+05 -6.961394E+05
  0.000000E+00  0.000000E+00  0.000000E+00  0.000000E+00 -5.715748E+05
  0.000000E+00  4.929006E+03 -7.037831E+05  6.955938E+05  0.000000E+00
  0.000000E+00  0.000000E+00  0.000000E+00  3.312905E+05  3.784454E+00
  6.559138E+03  1.311828E+04  9.000000E+01  9.000000E+01  9.000000E+01
  0.000000E+00 -3.660861E-01  2.066470E+07 -1.045060E+00  3.644590E-01
 -1.316901E-01  3.644590E-01 -2.049001E-01  1.407933E-01 -1.316901E-01
  1.407933E-01  1.517019E-01  4.921454E+00  4.917095E+00  4.360979E+00
  5.536265E+00  5.222323E+00  7.015124E+01  0.000000E+00  0.000000E+00
  0.000000E+00  7.015124E+01  0.000000E+00  0.000000E+00  0.000000E+00
  6.731910E+01 -7.670051E+01
     20000  1.000000E+01        52
  2.009312E+07  7.492350E+02 -5.741461E+05  1.156273E+05 -6.962270E+05
  0.000000E+00  0.000000E+00  0.000000E+00  0.000000E+00 -5.718217E+05
  0.000000E+00  4.627699E+03 -7.039855E+05  6.957061E+05  0.000000E+00
  0.000000E+00  0.000000E+00  0.000000E+00  3.271571E+05  3.815403E+00
  6.453542E+03  1.290708E+04  9.000000E+01  9.000000E+01  9.000000E+01
  0.000000E+00  3.342763E-02  2.066494E+07 -6.778136E-01 -7.490594E-01
 -5.451724E-01 -7.490594E-01  9.187023E-01  1.129437E+00 -5.451724E-01
  1.129437E+00 -1.406058E-01  5.241667E+00  5.243863E+00  4.649565E+00
  5.851745E+00  5.533437E+00  6.985826E+01  0.000000E+00  0.000000E+00
  0.000000E+00  6.985826E+01  0.000000E+00  0.000000E+00  0.000000E+00
  6.703796E+01  6.916206E+00
     21000  1.050000E+01        52
  2.009312E+07  7.431321E+02 -5.742071E+05  1.155491E+05 -6.962283E+05
  0.000000E+00  0.000000E+00  0.000000E+00  0.000000E+00 -5.719016E+05
  0.000000E+00  4.513460E+03 -7.041584E+05  6.957277E+05  0.000000E+00
  0.000000E+00  0.000000E+00  0.000000E+00  3.235714E+05  3.779714E+00
  6.472071E+03  1.294414E+04  9.000000E+01  9.000000E+01  9.000000E+01
  0.000000E+00  1.582087E-01  2.066502E+07  2.732935E-01 -4.550400E-01
 -4.061206E-01 -4.550400E-01 -7.427056E-01  5.947716E-01 -4.061206E-01
  5.947716E-01  9.440383E-01  5.503829E+00  5.530048E+00  4.905539E+00
  6.139389E+00  5.814792E+00  6.960210E+01  0.000000E+00  0.000000E+00
  0.000000E+00  6.960210E+01  0.000000E+00  0.000000E+00  0.000000E+00
  6.679214E+01  3.237476E+01
     22000  1.100000E+01        52
  3.385311E+08  3.907567E-02 -5.736795E+05  9.794519E+04 -6.775966E+05
  0.000000E+00  0.000000E+00  0.000000E+00  0.000000E+00 -5.736791E+05
  0.000000E+00  8.949581E+04 -5.992365E+05  6.767883E+05  0.000000E+00
  0.000000E+00  0.000000E+00  0.000000E+00  3.689863E+05  9.932788E-05
  5.971998E+03  1.194400E+04  9.000000E+01  9.000000E+01  9.000000E+01
  0.000000E+00 -1.278392E+02  3.391048E+08 -1.285771E+02  1.467077E-01
 -6.850803E-01  1.467077E-01 -1.277086E+02  7.346923E-01 -6.850803E-01
  7.346923E-01 -1.272318E+02  5.453659E+00  5.560445E+00  4.912892E+00
  6.103862E+00  8.397759E+02  7.271697E+01  0.000000E+00  0.000000E+00
  0.000000E+00  7.271697E+01  0.000000E+00  0.000000E+00  0.000000E+00
  6.978125E+01 -2.983185E+04
     23000  1.150000E+01        52
  3.385311E+08  1.424283E-02 -5.747772E+05  1.035054E+05 -6.837935E+05
  0.000000E+00  0.000000E+00  0.000000E+00  0.000000E+00 -5.747770E+05
  0.000000E+00  6.363683E+04 -6.304436E+05  6.830587E+05  0.000000E+00
  0.000000E+00  0.000000E+00  0.000000E+00  3.593532E+05  2.023778E-05
  5.510861E+03  1.102172E+04  9.000000E+01  9.000000E+01  9.000000E+01
  0.000000E+00 -9.333815E+01  3.391059E+08 -9.374514E+01  2.040072E-01
 -5.252358E-01  2.040072E-01 -9.323015E+01  8.377199E-01 -5.252358E-01
  8.377199E-01 -9.303914E+01  5.433181E+00  5.549489E+00  4.899778E+00
  6.079101E+00  8.397146E+02  7.207857E+01  0.000000E+00  0.000000E+00
  0.000000E+00  7.207857E+01  0.000000E+00  0.000000E+00  0.000000E+00
  6.916863E+01 -2.121225E+04
     24000  1.200000E+01        52
  3.385311E+08  8.264536E-03 -5.753403E+05  1.067003E+05 -6.874837E+05
  0.000000E+00  0.000000E+00  0.000000E+00  0.000000E+00 -5.753400E+05
  0.000000E+00  4.814369E+04 -6.495422E+05  6.867996E+05  0.000000E+00
  0.000000E+00  0.000000E+00  0.000000E+00  3.523198E+05  9.194446E-06
  5.443111E+03  1.088622E+04  9.000000E+01  9.000000E+01  9.000000E+01
  0.000000E+00 -7.202357E+01  3.391065E+08 -7.234089E+01  2.248873E-01
 -5.069133E-01  2.248873E-01 -7.187428E+01  8.817445E-01 -5.069133E-01
  8.817445E-01 -7.185554E+01  5.425919E+00  5.540290E+00  4.889699E+00
  6.071644E+00  8.397001E+02  7.160522E+01  0.000000E+00  0.000000E+00
  0.000000E+00  7.160522E+01  0.000000E+00  0.000000E+00  0.000000E+00
  6.871439E+01 -1.604788E+04
     25000  1.250000E+01        52
  3.385311E+08  5.425518E-03 -5.756755E+05  1.089099E+05 -6.900483E+05
  0.000000E+00  0.000000E+00  0.000000E+00  0.000000E+00 -5.756752E+05
  0.000000E+00  3.727410E+04 -6.630530E+05  6.894012E+05  0.000000E+00
  0.000000E+00  0.000000E+00  0.000000E+00  3.469503E+05  4.786054E-06
  5.462928E+03  1.092586E+04  9.000000E+01  9.000000E+01  9.000000E+01
  0.000000E+00 -5.662553E+01  3.391068E+08 -5.693945E+01  2.299237E-01
 -5.075502E-01  2.299237E-01 -5.643485E+01  8.550393E-01 -5.075502E-01
  8.550393E-01 -5.650228E+01  5.423758E+00  5.532743E+00  4.882101E+00
  6.070030E+00  8.396908E+02  7.123959E+01  0.000000E+00  0.000000E+00
  0.000000E+00  7.123959E+01  0.000000E+00  0.000000E+00  0.000000E+00
  6.836352E+01 -1.242469E+04
     26000  1.300000E+01        52
  3.385311E+08  4.048830E-03 -5.758901E+05  1.105264E+05 -6.919234E+05
  0.000000E+00  0.000000E+00  0.000000E+00  0.000000E+00 -5.758899E+05
  0.000000E+00  2.926628E+04 -6.730521E+05  6.913047E+05  0.000000E+00
  0.000000E+00  0.000000E+00  0.000000E+00  3.427600E+05  3.149612E-06
  5.506851E+03  1.101370E+04  9.000000E+01  9.000000E+01  9.000000E+01
  0.000000E+00 -4.500385E+01  3.391070E+08 -4.530580E+01  2.305898E-01
 -5.084012E-01  2.305898E-01 -4.479022E+01  8.190861E-01 -5.084012E-01
  8.190861E-01 -4.491553E+01  5.423894E+00  5.526601E+00  4.876482E+00
  6.070917E+00  8.396822E+02  7.095163E+01  0.000000E+00  0.000000E+00
  0.000000E+00  7.095163E+01  0.000000E+00  0.000000E+00  0.000000E+00
  6.808719E+01 -9.755419E+03
     27000  1.350000E+01        52
  3.385311E+08  3.208855E-03 -5.760354E+05  1.117423E+05 -6.933327E+05
  0.000000E+00  0.000000E+00  0.000000E+00  0.000000E+00 -5.760352E+05
  0.000000E+00  2.321799E+04 -6.806279E+05  6.927359E+05  0.000000E+00
  0.000000E+00  0.000000E+00  0.000000E+00  3.394405E+05  2.288912E-06
  5.555017E+03  1.111003E+04  9.000000E+01  9.000000E+01  9.000000E+01
  0.000000E+00 -3.605233E+01  3.391072E+08 -3.632895E+01  2.288958E-01
 -5.101144E-01  2.288958E-01 -3.582828E+01  7.858578E-01 -5.101144E-01
  7.858578E-01 -3.599976E+01  5.425142E+00  5.521616E+00  4.872415E+00
  6.072958E+00  8.396748E+02  7.072184E+01  0.000000E+00  0.000000E+00
  0.000000E+00  7.072184E+01  0.000000E+00  0.000000E+00  0.000000E+00
  6.786667E+01 -7.739324E+03
     28000  1.400000E+01        52
  3.385311E+08  2.920455E-03 -5.761384E+05  1.126679E+05 -6.944077E+05
  0.000000E+00  0.000000E+00  0.000000E+00  0.000000E+00 -5.761382E+05
  0.000000E+00  1.859447E+04 -6.864362E+05  6.938280E+05  0.000000E+00
  0.000000E+00  0.000000E+00  0.000000E+00  3.367790E+05  5.344191E-06
  5.601339E+03  1.120268E+04  9.000000E+01  9.000000E+01  9.000000E+01
  0.000000E+00 -2.910122E+01  3.391073E+08 -2.933580E+01  2.248103E-01
 -5.028523E-01  2.248103E-01 -2.888295E+01  7.694934E-01 -5.028523E-01
  7.694934E-01 -2.908492E+01  5.426910E+00  5.517567E+00  4.869543E+00
  6.075509E+00  8.396693E+02  7.053651E+01  0.000000E+00  0.000000E+00
  0.000000E+00  7.053651E+01  0.000000E+00  0.000000E+00  0.000000E+00
  6.768883E+01 -6.198151E+03
     29000  1.450000E+01        52
  3.385311E+08  2.198296E-03 -5.762133E+05  1.133875E+05 -6.952433E+05
  0.000000E+00  0.000000E+00  0.000000E+00  0.000000E+00 -5.762131E+05
  0.000000E+00  1.499622E+04 -6.909660E+05  6.946773E+05  0.000000E+00
  0.000000E+00  0.000000E+00  0.000000E+00  3.346229E+05  1.324766E-06
  5.642474E+03  1.128495E+04  9.000000E+01  9.000000E+01  9.000000E+01
  0.000000E+00 -2.362101E+01  3.391074E+08 -2.384402E+01  2.215622E-01
 -4.919967E-01  2.215622E-01 -2.340735E+01  7.170663E-01 -4.919967E-01
  7.170663E-01 -2.361166E+01  5.428894E+00  5.514273E+00  4.867555E+00
  6.078278E+00  8.396648E+02  7.038566E+01  0.000000E+00  0.000000E+00
  0.000000E+00  7.038566E+01  0.000000E+00  0.000000E+00  0.000000E+00
  6.754407E+01 -4.998735E+03
     30000  1.500000E+01        52
  3.385311E+08  1.866924E-03 -5.762684E+05  1.139464E+05 -6.958934E+05
  0.000000E+00  0.000000E+00  0.000000E+00  0.000000E+00 -5.762682E+05
  0.000000E+00  1.218893E+04 -6.945064E+05  6.953383E+05  0.000000E+00
  0.000000E+00  0.000000E+00  0.000000E+00  3.328607E+05  1.044194E-06
  5.678514E+03  1.135703E+04  9.000000E+01  9.000000E+01  9.000000E+01
  0.000000E+00 -1.930080E+01  3.391074E+08 -1.951183E+01  2.179129E-01
 -4.787540E-01  2.179129E-01 -1.907892E+01  6.791155E-01 -4.787540E-01
  6.791155E-01 -1.931164E+01  5.430936E+00  5.511586E+00  4.866238E+00
  6.081071E+00  8.396607E+02  7.026189E+01  0.000000E+00  0.000000E+00
  0.000000E+00  7.026189E+01  0.000000E+00  0.000000E+00  0.000000E+00
  6.742529E+01 -4.062971E+03
     31000  1.550000E+01        52
  3.385311E+08  1.621189E-03 -5.763106E+05  1.143838E+05 -6.964041E+05
  0.000000E+00  0.000000E+00  0.000000E+00  0.000000E+00 -5.763104E+05
  0.000000E+00  9.983410E+03 -6.972940E+05  6.958580E+05  0.000000E+00
  0.000000E+00  0.000000E+00  0.000000E+00  3.314075E+05  8.559048E-07
  5.709660E+03  1.141932E+04  9.000000E+01  9.000000E+01  9.000000E+01
  0.000000E+00 -1.587775E+01  3.391075E+08 -1.607753E+01  2.159686E-01
 -4.626676E-01  2.159686E-01 -1.564627E+01  6.476708E-01 -4.626676E-01
  6.476708E-01 -1.590944E+01  5.432942E+00  5.509387E+00  4.865398E+00
  6.083757E+00  8.396570E+02  7.015949E+01  0.000000E+00  0.000000E+00
  0.000000E+00  7.015949E+01  0.000000E+00  0.000000E+00  0.000000E+00
  6.732703E+01 -3.327800E+03
     32000  1.600000E+01        52
  3.385311E+08  1.428560E-03 -5.763439E+05  1.147281E+05 -6.968084E+05
  0.000000E+00  0.000000E+00  0.000000E+00  0.000000E+00 -5.763436E+05
  0.000000E+00  8.239012E+03 -6.995038E+05  6.962700E+05  0.000000E+00
  0.000000E+00  0.000000E+00  0.000000E+00  3.301987E+05  7.156389E-07
  5.736402E+03  1.147280E+04  9.000000E+01  9.000000E+01  9.000000E+01
  0.000000E+00 -1.315140E+01  3.391075E+08 -1.333913E+01  2.150713E-01
 -4.444355E-01  2.150713E-01 -1.291236E+01  6.221965E-01 -4.444355E-01
  6.221965E-01 -1.320271E+01  5.434865E+00  5.507579E+00  4.864907E+00
  6.086283E+00  8.396534E+02  7.007409E+01  0.000000E+00  0.000000E+00
  0.000000E+00  7.007409E+01  0.000000E+00  0.000000E+00  0.000000E+00
  6.724507E+01 -2.746334E+03
     33000  1.650000E+01        52
  3.385312E+08  1.273983E-03 -5.763707E+05  1.150010E+05 -6.971310E+05
  0.000000E+00  0.000000E+00  0.000000E+00  0.000000E+00 -5.763705E+05
  0.000000E+00  6.849384E+03 -7.012680E+05  6.965988E+05  0.000000E+00
  0.000000E+00  0.000000E+00  0.000000E+00  3.291848E+05  6.075798E-07
  5.759267E+03  1.151853E+04  9.000000E+01  9.000000E+01  9.000000E+01
  0.000000E+00 -1.096690E+01  3.391075E+08 -1.114338E+01  2.153549E-01
 -4.244390E-01  2.153549E-01 -1.072245E+01  6.007981E-01 -4.244390E-01
  6.007981E-01 -1.103487E+01  5.436686E+00  5.506083E+00  4.864674E+00
  6.088628E+00  8.396502E+02  7.000229E+01  0.000000E+00  0.000000E+00
  0.000000E+00  7.000229E+01  0.000000E+00  0.000000E+00  0.000000E+00
  6.717617E+01 -2.283125E+03
     34000  1.700000E+01        52
  3.385312E+08  1.147738E-03 -5.763929E+05  1.152188E+05 -6.973905E+05
  0.000000E+00  0.000000E+00  0.000000E+00  0.000000E+00 -5.763927E+05
  0.000000E+00  5.734077E+03 -7.026870E+05  6.968635E+05  0.000000E+00
  0.000000E+00  0.000000E+00  0.000000E+00  3.283275E+05  5.233934E-07
  5.778777E+03  1.155755E+04  9.000000E+01  9.000000E+01  9.000000E+01
  0.000000E+00 -9.205097E+00  3.391075E+08 -9.372291E+00  2.160406E-01
 -4.031719E-01  2.160406E-01 -8.957234E+00  5.816796E-01 -4.031719E-01
  5.816796E-01 -9.285766E+00  5.438400E+00  5.504839E+00  4.864630E+00
  6.090791E+00  8.396473E+02  6.994147E+01  0.000000E+00  0.000000E+00
  0.000000E+00  6.994147E+01  0.000000E+00  0.000000E+00  0.000000E+00
  6.711781E+01 -1.911357E+03
     35000  1.750000E+01        52
  3.385312E+08  1.042070E-03 -5.764115E+05  1.153940E+05 -6.976009E+05
  0.000000E+00  0.000000E+00  0.000000E+00  0.000000E+00 -5.764113E+05
  0.000000E+00  4.831894E+03 -7.038373E+05  6.970784E+05  0.000000E+00
  0.000000E+00  0.000000E+00  0.000000E+00  3.275973E+05  4.569920E-07
  5.795429E+03  1.159086E+04  9.000000E+01  9.000000E+01  9.000000E+01
  0.000000E+00 -7.774085E+00  3.391076E+08 -7.934327E+00  2.159170E-01
 -3.808812E-01  2.159170E-01 -7.523998E+00  5.635851E-01 -3.808812E-01
  5.635851E-01 -7.863931E+00  5.440006E+00  5.503797E+00  4.864722E+00
  6.092780E+00  8.396448E+02  6.988958E+01  0.000000E+00  0.000000E+00
  0.000000E+00  6.988958E+01  0.000000E+00  0.000000E+00  0.000000E+00
  6.706801E+01 -1.610629E+03
     36000  1.800000E+01        52
  3.385312E+08  9.487182E-04 -5.764273E+05  1.155359E+05 -6.977729E+05
  0.000000E+00  0.000000E+00  0.000000E+00  0.000000E+00 -5.764271E+05
  0.000000E+00  4.096812E+03 -7.047766E+05  6.972541E+05  0.000000E+00
  0.000000E+00  0.000000E+00  0.000000E+00  3.269709E+05  3.970470E-07
  5.809660E+03  1.161932E+04  9.000000E+01  9.000000E+01  9.000000E+01
  0.000000E+00 -6.604030E+00  3.391076E+08 -6.760866E+00  2.140513E-01
 -3.591659E-01  2.140513E-01 -6.350640E+00  5.468838E-01 -3.591659E-01
  5.468838E-01 -6.700586E+00  5.441503E+00  5.502920E+00  4.864908E+00
  6.094608E+00  8.396427E+02  6.984500E+01  0.000000E+00  0.000000E+00
  0.000000E+00  6.984500E+01  0.000000E+00  0.000000E+00  0.000000E+00
  6.702524E+01 -1.365602E+03
     37000  1.850000E+01        52
  3.385312E+08  8.677649E-04 -5.764410E+05  1.156512E+05 -6.979140E+05
  0.000000E+00  0.000000E+00  0.000000E+00  0.000000E+00 -5.764408E+05
  0.000000E+00  3.495129E+03 -7.055470E+05  6.973985E+05  0.000000E+00
  0.000000E+00  0.000000E+00  0.000000E+00  3.264299E+05  3.533514E-07
  5.821826E+03  1.164365E+04  9.000000E+01  9.000000E+01  9.000000E+01
  0.000000E+00 -5.643458E+00  3.391076E+08 -5.800739E+00  2.112732E-01
 -3.394532E-01  2.112732E-01 -5.384575E+00  5.323079E-01 -3.394532E-01
  5.323079E-01 -5.745060E+00  5.442881E+00  5.502178E+00  4.865157E+00
  6.096281E+00  8.396410E+02  6.980647E+01  0.000000E+00  0.000000E+00
  0.000000E+00  6.980647E+01  0.000000E+00  0.000000E+00  0.000000E+00
  6.698825E+01 -1.165041E+03
     38000  1.900000E+01        52
  3.385312E+08  8.023812E-04 -5.764528E+05  1.157453E+05 -6.980303E+05
  0.000000E+00  0.000000E+00  0.000000E+00  0.000000E+00 -5.764526E+05
  0.000000E+00  3.000466E+03 -7.061817E+05  6.975177E+05  0.000000E+00
  0.000000E+00  0.000000E+00  0.000000E+00  3.259596E+05  3.260677E-07
  5.832228E+03  1.166446E+04  9.000000E+01  9.000000E+01  9.000000E+01
  0.000000E+00 -4.851734E+00  3.391076E+08 -5.011413E+00  2.082053E-01
 -3.220279E-01  2.082053E-01 -4.585580E+00  5.190245E-01 -3.220279E-01
  5.190245E-01 -4.958209E+00  5.444145E+00  5.501550E+00  4.865443E+00
  6.097796E+00  8.396397E+02  6.977293E+01  0.000000E+00  0.000000E+00
  0.000000E+00  6.977293E+01  0.000000E+00  0.000000E+00  0.000000E+00
  6.695607E+01 -1.000154E+03
     39000  1.950000E+01        52
  3.385312E+08  7.599443E-04 -5.764634E+05  1.158217E+05 -6.981262E+05
  0.000000E+00  0.000000E+00  0.000000E+00  0.000000E+00 -5.764632E+05
  0.000000E+00  2.592975E+03 -7.067052E+05  6.976160E+05  0.000000E+00
  0.000000E+00  0.000000E+00  0.000000E+00  3.255479E+05  3.648572E-07
  5.841065E+03  1.168213E+04  9.000000E+01  9.000000E+01  9.000000E+01
  0.000000E+00 -4.198125E+00  3.391076E+08 -4.361529E+00  2.044457E-01
 -3.093015E-01  2.044457E-01 -3.922300E+00  5.061743E-01 -3.093015E-01
  5.061743E-01 -4.310547E+00  5.445291E+00  5.501014E+00  4.865750E+00
  6.099136E+00  8.396387E+02  6.974354E+01  0.000000E+00  0.000000E+00
  0.000000E+00  6.974354E+01  0.000000E+00  0.000000E+00  0.000000E+00
  6.692787E+01 -8.643235E+02
     40000  2.000000E+01        52
  3.385312E+08  7.244333E-04 -5.764740E+05  1.158850E+05 -6.982075E+05
  0.000000E+00  0.000000E+00  0.000000E+00  0.000000E+00 -5.764738E+05
  0.000000E+00  2.253801E+03 -7.071426E+05  6.976995E+05  0.000000E+00
  0.000000E+00  0.000000E+00  0.000000E+00  3.251846E+05  3.559194E-07
  5.848481E+03  1.169696E+04  9.000000E+01  9.000000E+01  9.000000E+01
  0.000000E+00 -3.653066E+00  3.391076E+08 -3.825522E+00  1.986851E-01
 -2.957024E-01  1.986851E-01 -3.365002E+00  5.011569E-01 -2.957024E-01
  5.011569E-01 -3.768673E+00  5.446270E+00  5.500559E+00  4.866077E+00
  6.100219E+00  8.396385E+02  6.971758E+01  0.000000E+00  0.000000E+00
  0.000000E+00  6.971758E+01  0.000000E+00  0.000000E+00  0.000000E+00
  6.690296E+01 -7.512655E+02
     41000  2.050000E+01        52
  3.385312E+08  6.607876E-04 -5.764825E+05  1.159406E+05 -6.982786E+05
  0.000000E+00  0.000000E+00  0.000000E+00  0.000000E+00 -5.764823E+05
  0.000000E+00  1.959456E+03 -7.075240E+05  6.977725E+05  0.000000E+00
  0.000000E+00  0.000000E+00  0.000000E+00  3.248637E+05  3.157482E-07
  5.855496E+03  1.171099E+04  9.000000E+01  9.000000E+01  9.000000E+01
  0.000000E+00 -3.179114E+00  3.391076E+08 -3.349364E+00  2.012315E-01
 -2.799597E-01  2.012315E-01 -2.890164E+00  4.950065E-01 -2.799597E-01
  4.950065E-01 -3.297816E+00  5.447288E+00  5.500174E+00  4.866408E+00
  6.101442E+00  8.396381E+02  6.969464E+01  0.000000E+00  0.000000E+00
  0.000000E+00  6.969464E+01  0.000000E+00  0.000000E+00  0.000000E+00
  6.688094E+01 -6.531506E+02
     42000  2.100000E+01        52
  3.385312E+08  6.248498E-04 -5.764901E+05  1.159862E+05 -6.983379E+05
  0.000000E+00  0.000000E+00  0.000000E+00  0.000000E+00 -5.764899E+05
  0.000000E+00  1.713864E+03 -7.078429E+05  6.978335E+05  0.000000E+00
  0.000000E+00  0.000000E+00  0.000000E+00  3.245788E+05  2.739090E-07
  5.861613E+03  1.172323E+04  9.000000E+01  9.000000E+01  9.000000E+01
  0.000000E+00 -2.783095E+00  3.391076E+08 -2.955002E+00  2.006048E-01
 -2.665397E-01  2.006048E-01 -2.492192E+00  4.889084E-01 -2.665397E-01
  4.889084E-01 -2.902091E+00  5.448242E+00  5.499845E+00  4.866728E+00
  6.102544E+00  8.396377E+02  6.967426E+01  0.000000E+00  0.000000E+00
  0.000000E+00  6.967426E+01  0.000000E+00  0.000000E+00  0.000000E+00
  6.686138E+01 -5.712868E+02
     43000  2.150000E+01        52
  3.385312E+08  5.884647E-04 -5.764970E+05  1.160242E+05 -6.983880E+05
  0.000000E+00  0.000000E+00  0.000000E+00  0.000000E+00 -5.764968E+05
  0.000000E+00  1.506467E+03 -7.081122E+05  6.978851E+05  0.000000E+00
  0.000000E+00  0.000000E+00  0.000000E+00  3.243244E+05  2.276686E-07
  5.866777E+03  1.173355E+04  9.000000E+01  9.000000E+01  9.000000E+01
  0.000000E+00 -2.448227E+00  3.391077E+08 -2.622275E+00  1.991889E-01
 -2.510533E-01  1.991889E-01 -2.158063E+00  4.815759E-01 -2.510533E-01
  4.815759E-01 -2.564343E+00  5.449149E+00  5.499561E+00  4.867037E+00
  6.103555E+00  8.396377E+02  6.965605E+01  0.000000E+00  0.000000E+00
  0.000000E+00  6.965605E+01  0.000000E+00  0.000000E+00  0.000000E+00
  6.684391E+01 -5.021544E+02
     44000  2.200000E+01        52
  3.385312E+08  5.581754E-04 -5.765033E+05  1.160561E+05 -6.984306E+05
  0.000000E+00  0.000000E+00  0.000000E+00  0.000000E+00 -5.765031E+05
  0.000000E+00  1.330576E+03 -7.083410E+05  6.979291E+05  0.000000E+00
  0.000000E+00  0.000000E+00  0.000000E+00  3.240960E+05  2.043000E-07
  5.871231E+03  1.174246E+04  9.000000E+01  9.000000E+01  9.000000E+01
  0.000000E+00 -2.163902E+00  3.391077E+08 -2.341000E+00  1.986893E-01
 -2.350508E-01  1.986893E-01 -1.876420E+00  4.742811E-01 -2.350508E-01
  4.742811E-01 -2.274287E+00  5.450002E+00  5.499312E+00  4.867334E+00
  6.104497E+00  8.396382E+02  6.963970E+01  0.000000E+00  0.000000E+00
  0.000000E+00  6.963970E+01  0.000000E+00  0.000000E+00  0.000000E+00
  6.682822E+01 -4.435243E+02
     45000  2.250000E+01        52
  3.385312E+08  5.337432E-04 -5.765091E+05  1.160828E+05 -6.984671E+05
  0.000000E+00  0.000000E+00  0.000000E+00  0.000000E+00 -5.765089E+05
  0.000000E+00  1.180928E+03 -7.085362E+05  6.979668E+05  0.000000E+00
  0.000000E+00  0.000000E+00  0.000000E+00  3.238899E+05  1.959378E-07
  5.875162E+03  1.175032E+04  9.000000E+01  9.000000E+01  9.000000E+01
  0.000000E+00 -1.921752E+00  3.391077E+08 -2.101978E+00  1.992065E-01
 -2.199210E-01  1.992065E-01 -1.637874E+00  4.677693E-01 -2.199210E-01
  4.677693E-01 -2.025405E+00  5.450799E+00  5.499090E+00  4.867617E+00
  6.105373E+00  8.396391E+02  6.962494E+01  0.000000E+00  0.000000E+00
  0.000000E+00  6.962494E+01  0.000000E+00  0.000000E+00  0.000000E+00
  6.681405E+01 -3.936415E+02
     46000  2.300000E+01        52
  3.385312E+08  5.122784E-04 -5.765145E+05  1.161054E+05 -6.984986E+05
  0.000000E+00  0.000000E+00  0.000000E+00  0.000000E+00 -5.765143E+05
  0.000000E+00  1.052676E+03 -7.087040E+05  6.979994E+05  0.000000E+00
  0.000000E+00  0.000000E+00  0.000000E+00  3.237030E+05  1.840373E-07
  5.878664E+03  1.175733E+04  9.000000E+01  9.000000E+01  9.000000E+01
  0.000000E+00 -1.714033E+00  3.391077E+08 -1.897431E+00  2.004953E-01
 -2.056767E-01  2.004953E-01 -1.433934E+00  4.617529E-01 -2.056767E-01
  4.617529E-01 -1.810735E+00  5.451545E+00  5.498889E+00  4.867882E+00
  6.106183E+00  8.396402E+02  6.961154E+01  0.000000E+00  0.000000E+00
  0.000000E+00  6.961154E+01  0.000000E+00  0.000000E+00  0.000000E+00
  6.680120E+01 -3.508909E+02
     47000  2.350000E+01        52
  3.385312E+08  4.923970E-04 -5.765195E+05  1.161247E+05 -6.985259E+05
  0.000000E+00  0.000000E+00  0.000000E+00  0.000000E+00 -5.765193E+05
  0.000000E+00  9.418928E+02 -7.088494E+05  6.980277E+05  0.000000E+00
  0.000000E+00  0.000000E+00  0.000000E+00  3.235327E+05  1.639799E-07
  5.881791E+03  1.176358E+04  9.000000E+01  9.000000E+01  9.000000E+01
  0.000000E+00 -1.534457E+00  3.391077E+08 -1.720828E+00  2.020389E-01
 -1.920797E-01  2.020389E-01 -1.258103E+00  4.559688E-01 -1.920797E-01
  4.559688E-01 -1.624439E+00  5.452243E+00  5.498706E+00  4.868129E+00
  6.106932E+00  8.396415E+02  6.959933E+01  0.000000E+00  0.000000E+00
  0.000000E+00  6.959933E+01  0.000000E+00  0.000000E+00  0.000000E+00
  6.678948E+01 -3.139633E+02
     48000  2.400000E+01        52
  3.385312E+08  4.746703E-04 -5.765241E+05  1.161412E+05 -6.985499E+05
  0.000000E+00  0.000000E+00  0.000000E+00  0.000000E+00 -5.765239E+05
  0.000000E+00  8.454936E+02 -7.089763E+05  6.980526E+05  0.000000E+00
  0.000000E+00  0.000000E+00  0.000000E+00  3.233769E+05  1.456319E-07
  5.884577E+03  1.176915E+04  9.000000E+01  9.000000E+01  9.000000E+01
  0.000000E+00 -1.378074E+00  3.391077E+08 -1.567007E+00  2.034199E-01
 -1.793454E-01  2.034199E-01 -1.105478E+00  4.503268E-01 -1.793454E-01
  4.503268E-01 -1.461737E+00  5.452893E+00  5.498539E+00  4.868356E+00
  6.107622E+00  8.396429E+02  6.958816E+01  0.000000E+00  0.000000E+00
  0.000000E+00  6.958816E+01  0.000000E+00  0.000000E+00  0.000000E+00
  6.677876E+01 -2.818302E+02
     49000  2.450000E+01        52
  3.385312E+08  4.596029E-04 -5.765284E+05  1.161554E+05 -6.985708E+05
  0.000000E+00  0.000000E+00  0.000000E+00  0.000000E+00 -5.765282E+05
  0.000000E+00  7.613249E+02 -7.090872E+05  6.980744E+05  0.000000E+00
  0.000000E+00  0.000000E+00  0.000000E+00  3.232339E+05  1.334560E-07
  5.887053E+03  1.177411E+04  9.000000E+01  9.000000E+01  9.000000E+01
  0.000000E+00 -1.241436E+00  3.391077E+08 -1.432303E+00  2.045752E-01
 -1.672903E-01  2.045752E-01 -9.724373E-01  4.447896E-01 -1.672903E-01
  4.447896E-01 -1.319567E+00  5.453500E+00  5.498387E+00  4.868563E+00
  6.108260E+00  8.396442E+02  6.957789E+01  0.000000E+00  0.000000E+00
  0.000000E+00  6.957789E+01  0.000000E+00  0.000000E+00  0.000000E+00
  6.676891E+01 -2.537740E+02
     50000  2.500000E+01        52
  3.385312E+08  4.471166E-04 -5.765324E+05  1.161676E+05 -6.985893E+05
  0.000000E+00  0.000000E+00  0.000000E+00  0.000000E+00 -5.765322E+05
  0.000000E+00  6.876301E+02 -7.091846E+05  6.980937E+05  0.000000E+00
  0.000000E+00  0.000000E+00  0.000000E+00  3.231021E+05  1.262256E-07
  5.889253E+03  1.177851E+04  9.000000E+01  9.000000E+01  9.000000E+01
  0.000000E+00 -1.121724E+00  3.391077E+08 -1.313965E+00  2.058431E-01
 -1.558490E-01  2.058431E-01 -8.559979E-01  4.393534E-01 -1.558490E-01
  4.393534E-01 -1.195210E+00  5.454066E+00  5.498247E+00  4.868748E+00
  6.108850E+00  8.396455E+02  6.956844E+01  0.000000E+00  0.000000E+00
  0.000000E+00  6.956844E+01  0.000000E+00  0.000000E+00  0.000000E+00
  6.675983E+01 -2.292091E+02
     51000  2.550000E+01        52
  3.385312E+08  4.374806E-04 -5.765362E+05  1.161782E+05 -6.986056E+05
  0.000000E+00  0.000000E+00  0.000000E+00  0.000000E+00 -5.765360E+05
  0.000000E+00  6.226762E+02 -7.092705E+05  6.981108E+05  0.000000E+00
  0.000000E+00  0.000000E+00  0.000000E+00  3.229802E+05  1.225878E-07
  5.891213E+03  1.178243E+04  9.000000E+01  9.000000E+01  9.000000E+01
  0.000000E+00 -1.016149E+00  3.391077E+08 -1.209147E+00  2.076199E-01
 -1.448627E-01  2.076199E-01 -7.534742E-01  4.343375E-01 -1.448627E-01
  4.343375E-01 -1.085824E+00  5.454597E+00  5.498120E+00  4.868913E+00
  6.109395E+00  8.396465E+02  6.955969E+01  0.000000E+00  0.000000E+00
  0.000000E+00  6.955969E+01  0.000000E+00  0.000000E+00  0.000000E+00
  6.675144E+01 -2.075578E+02
     52000  2.600000E+01        52
  3.385312E+08  4.315539E-04 -5.765398E+05  1.161873E+05 -6.986201E+05
  0.000000E+00  0.000000E+00  0.000000E+00  0.000000E+00 -5.765396E+05
  0.000000E+00  5.653492E+02 -7.093466E+05  6.981260E+05  0.000000E+00
  0.000000E+00  0.000000E+00  0.000000E+00  3.228672E+05  1.222891E-07
  5.892965E+03  1.178593E+04  9.000000E+01  9.000000E+01  9.000000E+01
  0.000000E+00 -9.229187E-01  3.391077E+08 -1.116285E+00  2.101612E-01
 -1.339429E-01  2.101612E-01 -6.627089E-01  4.297465E-01 -1.339429E-01
  4.297465E-01 -9.897627E-01  5.455099E+00  5.498002E+00  4.869057E+00
  6.109902E+00  8.396473E+02  6.955158E+01  0.000000E+00  0.000000E+00
  0.000000E+00  6.955158E+01  0.000000E+00  0.000000E+00  0.000000E+00
  6.674365E+01 -1.884488E+02
     53000  2.650000E+01        52
  3.385312E+08  4.295872E-04 -5.765433E+05  1.161952E+05 -6.986331E+05
  0.000000E+00  0.000000E+00  0.000000E+00  0.000000E+00 -5.765431E+05
  0.000000E+00  5.142511E+02 -7.094145E+05  6.981397E+05  0.000000E+00
  0.000000E+00  0.000000E+00  0.000000E+00  3.227621E+05  1.237915E-07
  5.894543E+03  1.178909E+04  9.000000E+01  9.000000E+01  9.000000E+01
  0.000000E+00 -8.397754E-01  3.391077E+08 -1.033222E+00  2.136519E-01
 -1.225974E-01  2.136519E-01 -5.815556E-01  4.252282E-01 -1.225974E-01
  4.252282E-01 -9.045486E-01  5.455577E+00  5.497896E+00  4.869180E+00
  6.110377E+00  8.396477E+02  6.954403E+01  0.000000E+00  0.000000E+00
  0.000000E+00  6.954403E+01  0.000000E+00  0.000000E+00  0.000000E+00
  6.673641E+01 -1.714162E+02
     54000  2.700000E+01        52
  3.385312E+08  4.288558E-04 -5.765467E+05  1.162021E+05 -6.986448E+05
  0.000000E+00  0.000000E+00  0.000000E+00  0.000000E+00 -5.765465E+05
  0.000000E+00  4.687835E+02 -7.094751E+05  6.981519E+05  0.000000E+00
  0.000000E+00  0.000000E+00  0.000000E+00  3.226641E+05  1.276270E-07
  5.895967E+03  1.179193E+04  9.000000E+01  9.000000E+01  9.000000E+01
  0.000000E+00 -7.657585E-01  3.391077E+08 -9.593224E-01  2.176640E-01
 -1.109615E-01  2.176640E-01 -5.095676E-01  4.203994E-01 -1.109615E-01
  4.203994E-01 -8.283855E-01  5.456034E+00  5.497798E+00  4.869281E+00
  6.110825E+00  8.396477E+02  6.953699E+01  0.000000E+00  0.000000E+00
  0.000000E+00  6.953699E+01  0.000000E+00  0.000000E+00  0.000000E+00
  6.672966E+01 -1.562603E+02
     55000  2.750000E+01        52
  3.385312E+08  4.257073E-04 -5.765499E+05  1.162081E+05 -6.986552E+05
  0.000000E+00  0.000000E+00  0.000000E+00  0.000000E+00 -5.765497E+05
  0.000000E+00  4.284709E+02 -7.095289E+05  6.981629E+05  0.000000E+00
  0.000000E+00  0.000000E+00  0.000000E+00  3.225725E+05  1.310199E-07
  5.897247E+03  1.179449E+04  9.000000E+01  9.000000E+01  9.000000E+01
  0.000000E+00 -7.001063E-01  3.391077E+08 -8.942006E-01  2.215184E-01
 -9.970319E-02  2.215184E-01 -4.464312E-01  4.150271E-01 -9.970319E-02
  4.150271E-01 -7.596871E-01  5.456469E+00  5.497709E+00  4.869357E+00
  6.111252E+00  8.396476E+02  6.953041E+01  0.000000E+00  0.000000E+00
  0.000000E+00  6.953041E+01  0.000000E+00  0.000000E+00  0.000000E+00
  6.672334E+01 -1.428227E+02
     56000  2.800000E+01        52
  3.385312E+08  4.195840E-04 -5.765530E+05  1.162131E+05 -6.986645E+05
  0.000000E+00  0.000000E+00  0.000000E+00  0.000000E+00 -5.765528E+05
  0.000000E+00  3.928148E+02 -7.095766E+05  6.981726E+05  0.000000E+00
  0.000000E+00  0.000000E+00  0.000000E+00  3.224865E+05  1.296668E-07
  5.898384E+03  1.179677E+04  9.000000E+01  9.000000E+01  9.000000E+01
  0.000000E+00 -6.420164E-01  3.391077E+08 -8.366412E-01  2.249249E-01
 -8.952595E-02  2.249249E-01 -3.916827E-01  4.095996E-01 -8.952595E-02
  4.095996E-01 -6.977254E-01  5.456876E+00  5.497627E+00  4.869405E+00
  6.111659E+00  8.396472E+02  6.952423E+01  0.000000E+00  0.000000E+00
  0.000000E+00  6.952423E+01  0.000000E+00  0.000000E+00  0.000000E+00
  6.671741E+01 -1.309374E+02
     57000  2.850000E+01        52
  3.385312E+08  4.130597E-04 -5.765559E+05  1.162173E+05 -6.986726E+05
  0.000000E+00  0.000000E+00  0.000000E+00  0.000000E+00 -5.765557E+05
  0.000000E+00  3.611461E+02 -7.096189E+05  6.981813E+05  0.000000E+00
  0.000000E+00  0.000000E+00  0.000000E+00  3.224055E+05  1.264391E-07
  5.899383E+03  1.179877E+04  9.000000E+01  9.000000E+01  9.000000E+01
  0.000000E+00 -5.904051E-01  3.391077E+08 -7.853103E-01  2.280730E-01
 -8.076322E-02  2.280730E-01 -3.442126E-01  4.045661E-01 -8.076322E-02
  4.045661E-01 -6.416924E-01  5.457254E+00  5.497550E+00  4.869425E+00
  6.112046E+00  8.396467E+02  6.951841E+01  0.000000E+00  0.000000E+00
  0.000000E+00  6.951841E+01  0.000000E+00  0.000000E+00  0.000000E+00
  6.671183E+01 -1.203812E+02
     58000  2.900000E+01        52
  3.385312E+08  4.082621E-04 -5.765587E+05  1.162209E+05 -6.986798E+05
  0.000000E+00  0.000000E+00  0.000000E+00  0.000000E+00 -5.765585E+05
  0.000000E+00  3.328056E+02 -7.096567E+05  6.981890E+05  0.000000E+00
  0.000000E+00  0.000000E+00  0.000000E+00  3.223290E+05  1.257240E-07
  5.900259E+03  1.180052E+04  9.000000E+01  9.000000E+01  9.000000E+01
  0.000000E+00 -5.442026E-01  3.391077E+08 -7.390613E-01  2.309727E-01
 -7.345163E-02  2.309727E-01 -3.026684E-01  4.002401E-01 -7.345163E-02
  4.002401E-01 -5.908780E-01  5.457603E+00  5.497478E+00  4.869420E+00
  6.112412E+00  8.396461E+02  6.951291E+01  0.000000E+00  0.000000E+00
  0.000000E+00  6.951291E+01  0.000000E+00  0.000000E+00  0.000000E+00
  6.670655E+01 -1.109343E+02
     59000  2.950000E+01        52
  3.385312E+08  4.057647E-04 -5.765614E+05  1.162239E+05 -6.986863E+05
  0.000000E+00  0.000000E+00  0.000000E+00  0.000000E+00 -5.765612E+05
  0.000000E+00  3.072979E+02 -7.096906E+05  6.981958E+05  0.000000E+00
  0.000000E+00  0.000000E+00  0.000000E+00  3.222565E+05  1.265981E-07
  5.901032E+03  1.180206E+04  9.000000E+01  9.000000E+01  9.000000E+01
  0.000000E+00 -5.026053E-01  3.391077E+08 -6.975467E-01  2.338234E-01
 -6.733133E-02  2.338234E-01 -2.660976E-01  3.966111E-01 -6.733133E-02
  3.966111E-01 -5.441716E-01  5.457922E+00  5.497410E+00  4.869393E+00
  6.112755E+00  8.396454E+02  6.950770E+01  0.000000E+00  0.000000E+00
  0.000000E+00  6.950770E+01  0.000000E+00  0.000000E+00  0.000000E+00
  6.670155E+01 -1.024318E+02
     60000  3.000000E+01        52
  3.385312E+08  4.049459E-04 -5.765639E+05  1.162264E+05 -6.986920E+05
  0.000000E+00  0.000000E+00  0.000000E+00  0.000000E+00 -5.765637E+05
  0.000000E+00  2.843045E+02 -7.097211E+05  6.982020E+05  0.000000E+00
  0.000000E+00  0.000000E+00  0.000000E+00  3.221876E+05  1.260026E-07
  5.901716E+03  1.180343E+04  9.000000E+01  9.000000E+01  9.000000E+01
  0.000000E+00 -4.650973E-01  3.391077E+08 -6.603106E-01  2.365860E-01
 -6.219724E-02  2.365860E-01 -2.337270E-01  3.933993E-01 -6.219724E-02
  3.933993E-01 -5.012545E-01  5.458212E+00  5.497346E+00  4.869348E+00
  6.113076E+00  8.396447E+02  6.950274E+01  0.000000E+00  0.000000E+00
  0.000000E+00  6.950274E+01  0.000000E+00  0.000000E+00  0.000000E+00
  6.669679E+01 -9.476734E+01
     61000  3.050000E+01        52
  3.385312E+08  4.049213E-04 -5.765664E+05  1.162284E+05 -6.986972E+05
  0.000000E+00  0.000000E+00  0.000000E+00  0.000000E+00 -5.765662E+05
  0.000000E+00  2.634261E+02 -7.097487E+05  6.982075E+05  0.000000E+00
  0.000000E+00  0.000000E+00  0.000000E+00  3.221219E+05  1.220299E-07
  5.902318E+03  1.180464E+04  9.000000E+01  9.000000E+01  9.000000E+01
  0.000000E+00 -4.310297E-01  3.391077E+08 -6.265803E-01  2.389972E-01
 -5.745943E-02  2.389972E-01 -2.049449E-01  3.907862E-01 -5.745943E-02
  3.907862E-01 -4.615638E-01  5.458472E+00  5.497285E+00  4.869286E+00
  6.113376E+00  8.396439E+02  6.949802E+01  0.000000E+00  0.000000E+00
  0.000000E+00  6.949802E+01  0.000000E+00  0.000000E+00  0.000000E+00
  6.669226E+01 -8.780788E+01
     62000  3.100000E+01        52
  3.385312E+08  4.055311E-04 -5.765688E+05  1.162301E+05 -6.987017E+05
  0.000000E+00  0.000000E+00  0.000000E+00  0.000000E+00 -5.765686E+05
  0.000000E+00  2.446029E+02 -7.097735E+05  6.982124E+05  0.000000E+00
  0.000000E+00  0.000000E+00  0.000000E+00  3.220592E+05  1.193326E-07
  5.902836E+03  1.180567E+04  9.000000E+01  9.000000E+01  9.000000E+01
  0.000000E+00 -4.003078E-01  3.391077E+08 -5.963802E-01  2.409217E-01
 -5.286892E-02  2.409217E-01 -1.792672E-01  3.885997E-01 -5.286892E-02
  3.885997E-01 -4.252761E-01  5.458709E+00  5.497226E+00  4.869208E+00
  6.113658E+00  8.396432E+02  6.949351E+01  0.000000E+00  0.000000E+00
  0.000000E+00  6.949351E+01  0.000000E+00  0.000000E+00  0.000000E+00
  6.668793E+01 -8.153345E+01
     63000  3.150000E+01        52
  3.385312E+08  4.064286E-04 -5.765711E+05  1.162314E+05 -6.987058E+05
  0.000000E+00  0.000000E+00  0.000000E+00  0.000000E+00 -5.765709E+05
  0.000000E+00  2.275543E+02 -7.097959E+05  6.982169E+05  0.000000E+00
  0.000000E+00  0.000000E+00  0.000000E+00  3.219991E+05  1.200216E-07
  5.903275E+03  1.180655E+04  9.000000E+01  9.000000E+01  9.000000E+01
  0.000000E+00 -3.724760E-01  3.391077E+08 -5.692507E-01  2.423166E-01
 -4.817033E-02  2.423166E-01 -1.565596E-01  3.869252E-01 -4.817033E-02
  3.869252E-01 -3.916175E-01  5.458930E+00  5.497168E+00  4.869114E+00
  6.113924E+00  8.396425E+02  6.948919E+01  0.000000E+00  0.000000E+00
  0.000000E+00  6.948919E+01  0.000000E+00  0.000000E+00  0.000000E+00
  6.668378E+01 -7.585060E+01
     64000  3.200000E+01        52
  3.385312E+08  4.059008E-04 -5.765733E+05  1.162323E+05 -6.987093E+05
  0.000000E+00  0.000000E+00  0.000000E+00  0.000000E+00 -5.765731E+05
  0.000000E+00  2.120388E+02 -7.098160E+05  6.982208E+05  0.000000E+00
  0.000000E+00  0.000000E+00  0.000000E+00  3.219414E+05  1.187696E-07
  5.903647E+03  1.180729E+04  9.000000E+01  9.000000E+01  9.000000E+01
  0.000000E+00 -3.471411E-01  3.391077E+08 -5.446855E-01  2.432276E-01
 -4.351796E-02  2.432276E-01 -1.367218E-01  3.855846E-01 -4.351796E-02
  3.855846E-01 -3.600160E-01  5.459137E+00  5.497109E+00  4.869006E+00
  6.114176E+00  8.396418E+02  6.948504E+01  0.000000E+00  0.000000E+00
  0.000000E+00  6.948504E+01  0.000000E+00  0.000000E+00  0.000000E+00
  6.667980E+01 -7.067876E+01
     65000  3.250000E+01        52
  3.385312E+08  4.044176E-04 -5.765754E+05  1.162330E+05 -6.987124E+05
  0.000000E+00  0.000000E+00  0.000000E+00  0.000000E+00 -5.765752E+05
  0.000000E+00  1.978000E+02 -7.098344E+05  6.982243E+05  0.000000E+00
  0.000000E+00  0.000000E+00  0.000000E+00  3.218859E+05  1.129906E-07
  5.903970E+03  1.180794E+04  9.000000E+01  9.000000E+01  9.000000E+01
  0.000000E+00 -3.238856E-01  3.391077E+08 -5.221084E-01  2.438916E-01
 -3.911366E-02  2.438916E-01 -1.193235E-01  3.844296E-01 -3.911366E-02
  3.844296E-01 -3.302248E-01  5.459327E+00  5.497048E+00  4.868887E+00
  6.114413E+00  8.396412E+02  6.948104E+01  0.000000E+00  0.000000E+00
  0.000000E+00  6.948104E+01  0.000000E+00  0.000000E+00  0.000000E+00
  6.667596E+01 -6.593250E+01
     66000  3.300000E+01        52
  3.385312E+08  4.052393E-04 -5.765775E+05  1.162335E+05 -6.987153E+05
  0.000000E+00  0.000000E+00  0.000000E+00  0.000000E+00 -5.765773E+05
  0.000000E+00  1.847624E+02 -7.098512E+05  6.982275E+05  0.000000E+00
  0.000000E+00  0.000000E+00  0.000000E+00  3.218322E+05  1.084342E-07
  5.904255E+03  1.180851E+04  9.000000E+01  9.000000E+01  9.000000E+01
  0.000000E+00 -3.025873E-01  3.391077E+08 -5.013299E-01  2.441608E-01
 -3.516295E-02  2.441608E-01 -1.036645E-01  3.831533E-01 -3.516295E-02
  3.831533E-01 -3.027677E-01  5.459495E+00  5.496987E+00  4.868759E+00
  6.114632E+00  8.396406E+02  6.947718E+01  0.000000E+00  0.000000E+00
  0.000000E+00  6.947718E+01  0.000000E+00  0.000000E+00  0.000000E+00
  6.667226E+01 -6.158661E+01
     67000  3.350000E+01        52
  3.385312E+08  4.085138E-04 -5.765795E+05  1.162338E+05 -6.987178E+05
  0.000000E+00  0.000000E+00  0.000000E+00  0.000000E+00 -5.765792E+05
  0.000000E+00  1.727878E+02 -7.098666E+05  6.982303E+05  0.000000E+00
  0.000000E+00  0.000000E+00  0.000000E+00  3.217804E+05  1.078797E-07
  5.904498E+03  1.180900E+04  9.000000E+01  9.000000E+01  9.000000E+01
  0.000000E+00 -2.830217E-01  3.391077E+08 -4.824171E-01  2.440503E-01
 -3.176200E-02  2.440503E-01 -8.902332E-02  3.817545E-01 -3.176200E-02
  3.817545E-01 -2.776248E-01  5.459647E+00  5.496927E+00  4.868624E+00
  6.114834E+00  8.396401E+02  6.947345E+01  0.000000E+00  0.000000E+00
  0.000000E+00  6.947345E+01  0.000000E+00  0.000000E+00  0.000000E+00
  6.666868E+01 -5.759508E+01
     68000  3.400000E+01        52
  3.385312E+08  4.125231E-04 -5.765814E+05  1.162340E+05 -6.987200E+05
  0.000000E+00  0.000000E+00  0.000000E+00  0.000000E+00 -5.765812E+05
  0.000000E+00  1.617860E+02 -7.098805E+05  6.982329E+05  0.000000E+00
  0.000000E+00  0.000000E+00  0.000000E+00  3.217301E+05  1.082809E-07
  5.904702E+03  1.180940E+04  9.000000E+01  9.000000E+01  9.000000E+01
  0.000000E+00 -2.650423E-01  3.391077E+08 -4.652877E-01  2.433465E-01
 -2.887945E-02  2.433465E-01 -7.493118E-02  3.803713E-01 -2.887945E-02
  3.803713E-01 -2.549080E-01  5.459782E+00  5.496872E+00  4.868481E+00
  6.115019E+00  8.396396E+02  6.946983E+01  0.000000E+00  0.000000E+00
  0.000000E+00  6.946983E+01  0.000000E+00  0.000000E+00  0.000000E+00
  6.666520E+01 -5.392782E+01
     69000  3.450000E+01        52
  3.385312E+08  4.159876E-04 -5.765832E+05  1.162339E+05 -6.987220E+05
  0.000000E+00  0.000000E+00  0.000000E+00  0.000000E+00 -5.765830E+05
  0.000000E+00  1.515257E+02 -7.098934E+05  6.982352E+05  0.000000E+00
  0.000000E+00  0.000000E+00  0.000000E+00  3.216812E+05  1.085473E-07
  5.904868E+03  1.180974E+04  9.000000E+01  9.000000E+01  9.000000E+01
  0.000000E+00 -2.482709E-01  3.391077E+08 -4.497248E-01  2.419115E-01
 -2.637022E-02  2.419115E-01 -6.083180E-02  3.793186E-01 -2.637022E-02
  3.793186E-01 -2.342561E-01  5.459900E+00  5.496824E+00  4.868329E+00
  6.115189E+00  8.396392E+02  6.946631E+01  0.000000E+00  0.000000E+00
  0.000000E+00  6.946631E+01  0.000000E+00  0.000000E+00  0.000000E+00
  6.666183E+01 -5.050769E+01
     70000  3.500000E+01        52
  3.385312E+08  4.207806E-04 -5.765850E+05  1.162337E+05 -6.987238E+05
  0.000000E+00  0.000000E+00  0.000000E+00  0.000000E+00 -5.765848E+05
  0.000000E+00  1.419650E+02 -7.099053E+05  6.982372E+05  0.000000E+00
  0.000000E+00  0.000000E+00  0.000000E+00  3.216336E+05  1.095300E-07
  5.905007E+03  1.181001E+04  9.000000E+01  9.000000E+01  9.000000E+01
  0.000000E+00 -2.326401E-01  3.391077E+08 -4.356917E-01  2.394672E-01
 -2.363843E-02  2.394672E-01 -4.660405E-02  3.788634E-01 -2.363843E-02
  3.788634E-01 -2.156247E-01  5.459994E+00  5.496786E+00  4.868167E+00
  6.115346E+00  8.396388E+02  6.946288E+01  0.000000E+00  0.000000E+00
  0.000000E+00  6.946288E+01  0.000000E+00  0.000000E+00  0.000000E+00
  6.665854E+01 -4.732079E+01
     71000  3.550000E+01        52
  3.385312E+08  4.423278E-04 -5.765867E+05  1.162334E+05 -6.987253E+05
  0.000000E+00  0.000000E+00  0.000000E+00  0.000000E+00 -5.765865E+05
  0.000000E+00  1.332601E+02 -7.099160E+05  6.982390E+05  0.000000E+00
  0.000000E+00  0.000000E+00  0.000000E+00  3.215871E+05  1.481275E-07
  5.905125E+03  1.181025E+04  9.000000E+01  9.000000E+01  9.000000E+01
  0.000000E+00 -2.184063E-01  3.391077E+08 -4.239662E-01  2.350666E-01
 -1.956540E-02  2.350666E-01 -3.193129E-02  3.799019E-01 -1.956540E-02
  3.799019E-01 -1.993213E-01  5.460041E+00  5.496760E+00  4.867991E+00
  6.115493E+00  8.396386E+02  6.945954E+01  0.000000E+00  0.000000E+00
  0.000000E+00  6.945954E+01  0.000000E+00  0.000000E+00  0.000000E+00
  6.665533E+01 -4.441910E+01
     72000  3.600000E+01        52
  3.385312E+08  8.857592E-04 -5.765890E+05  1.162322E+05 -6.987265E+05
  0.000000E+00  0.000000E+00  0.000000E+00  0.000000E+00 -5.765888E+05
  0.000000E+00  1.271934E+02 -7.099240E+05  6.982405E+05  0.000000E+00
  0.000000E+00  0.000000E+00  0.000000E+00  3.215413E+05  1.743455E-06
  5.905337E+03  1.181067E+04  9.000000E+01  9.000000E+01  9.000000E+01
  0.000000E+00 -2.084883E-01  3.391077E+08 -4.230867E-01  2.248844E-01
 -4.358797E-03  2.248844E-01 -1.335192E-02  3.836296E-01 -4.358797E-03
  3.836296E-01 -1.890261E-01  5.459916E+00  5.496750E+00  4.867788E+00
  6.115644E+00  8.396389E+02  6.945624E+01  0.000000E+00  0.000000E+00
  0.000000E+00  6.945624E+01  0.000000E+00  0.000000E+00  0.000000E+00
  6.665217E+01 -4.239596E+01
     73000  3.650000E+01        52
  3.385312E+08  4.812006E-04 -5.765911E+05  1.162323E+05 -6.987287E+05
  0.000000E+00  0.000000E+00  0.000000E+00  0.000000E+00 -5.765909E+05
  0.000000E+00  1.160639E+02 -7.099375E+05  6.982430E+05  0.000000E+00
  0.000000E+00  0.000000E+00  0.000000E+00  3.214968E+05  1.312656E-07
  5.905282E+03  1.181056E+04  9.000000E+01  9.000000E+01  9.000000E+01
  0.000000E+00 -1.902751E-01  3.391077E+08 -3.940776E-01  2.255721E-01
 -8.841590E-03  2.255721E-01 -5.745492E-03  3.843353E-01 -8.841590E-03
  3.843353E-01 -1.710021E-01  5.459919E+00  5.496758E+00  4.867544E+00
  6.115753E+00  8.396390E+02  6.945304E+01  0.000000E+00  0.000000E+00
  0.000000E+00  6.945304E+01  0.000000E+00  0.000000E+00  0.000000E+00
  6.664909E+01 -3.868696E+01
     74000  3.700000E+01        52
  3.385312E+08  4.665691E-04 -5.765927E+05  1.162321E+05 -6.987302E+05
  0.000000E+00  0.000000E+00  0.000000E+00  0.000000E+00 -5.765925E+05
  0.000000E+00  1.076009E+02 -7.099478E+05  6.982448E+05  0.000000E+00
  0.000000E+00  0.000000E+00  0.000000E+00  3.214538E+05  1.016179E-07
  5.905314E+03  1.181063E+04  9.000000E+01  9.000000E+01  9.000000E+01
  0.000000E+00 -1.764243E-01  3.391078E+08 -3.752356E-01  2.250798E-01
 -1.103280E-02  2.250798E-01  1.852850E-03  3.847993E-01 -1.103280E-02
  3.847993E-01 -1.558903E-01  5.459978E+00  5.496774E+00  4.867301E+00
  6.115843E+00  8.396385E+02  6.944994E+01  0.000000E+00  0.000000E+00
  0.000000E+00  6.944994E+01  0.000000E+00  0.000000E+00  0.000000E+00
  6.664612E+01 -3.586602E+01
     75000  3.750000E+01        52
  3.385312E+08  4.711930E-04 -5.765943E+05  1.162317E+05 -6.987313E+05
  0.000000E+00  0.000000E+00  0.000000E+00  0.000000E+00 -5.765941E+05
  0.000000E+00  1.004814E+02 -7.099563E+05  6.982462E+05  0.000000E+00
  0.000000E+00  0.000000E+00  0.000000E+00  3.214119E+05  9.769503E-08
  5.905319E+03  1.181064E+04  9.000000E+01  9.000000E+01  9.000000E+01
  0.000000E+00 -1.647721E-01  3.391078E+08 -3.609620E-01  2.238430E-01
 -1.270443E-02  2.238430E-01  9.096016E-03  3.849045E-01 -1.270443E-02
  3.849045E-01 -1.424505E-01  5.460023E+00  5.496798E+00  4.867057E+00
  6.115924E+00  8.396379E+02  6.944692E+01  0.000000E+00  0.000000E+00
  0.000000E+00  6.944692E+01  0.000000E+00  0.000000E+00  0.000000E+00
  6.664322E+01 -3.349282E+01
     76000  3.800000E+01        52
  3.385312E+08  4.861861E-04 -5.765958E+05  1.162309E+05 -6.987320E+05
  0.000000E+00  0.000000E+00  0.000000E+00  0.000000E+00 -5.765956E+05
  0.000000E+00  9.443915E+01 -7.099633E+05  6.982472E+05  0.000000E+00
  0.000000E+00  0.000000E+00  0.000000E+00  3.213706E+05  1.001810E-07
  5.905275E+03  1.181055E+04  9.000000E+01  9.000000E+01  9.000000E+01
  0.000000E+00 -1.548834E-01  3.391078E+08 -3.498971E-01  2.218204E-01
 -1.425620E-02  2.218204E-01  1.563393E-02  3.853409E-01 -1.425620E-02
  3.853409E-01 -1.303869E-01  5.460058E+00  5.496828E+00  4.866811E+00
  6.115993E+00  8.396374E+02  6.944394E+01  0.000000E+00  0.000000E+00
  0.000000E+00  6.944394E+01  0.000000E+00  0.000000E+00  0.000000E+00
  6.664036E+01 -3.147871E+01
     77000  3.850000E+01        52
  3.385312E+08  5.113815E-04 -5.765973E+05  1.162299E+05 -6.987323E+05
  0.000000E+00  0.000000E+00  0.000000E+00  0.000000E+00 -5.765971E+05
  0.000000E+00  8.938450E+01 -7.099686E+05  6.982477E+05  0.000000E+00
  0.000000E+00  0.000000E+00  0.000000E+00  3.213295E+05  1.116049E-07
  5.905156E+03  1.181031E+04  9.000000E+01  9.000000E+01  9.000000E+01
  0.000000E+00 -1.466118E-01  3.391078E+08 -3.415934E-01  2.194783E-01
 -1.631141E-02  2.194783E-01  2.112407E-02  3.861777E-01 -1.631141E-02
  3.861777E-01 -1.193661E-01  5.460089E+00  5.496865E+00  4.866555E+00
  6.116052E+00  8.396369E+02  6.944098E+01  0.000000E+00  0.000000E+00
  0.000000E+00  6.944098E+01  0.000000E+00  0.000000E+00  0.000000E+00
  6.663753E+01 -2.979377E+01
     78000  3.900000E+01        52
  3.385312E+08  5.519511E-04 -5.765988E+05  1.162283E+05 -6.987320E+05
  0.000000E+00  0.000000E+00  0.000000E+00  0.000000E+00 -5.765986E+05
  0.000000E+00  8.537108E+01 -7.099721E+05  6.982476E+05  0.000000E+00
  0.000000E+00  0.000000E+00  0.000000E+00  3.212882E+05  1.419265E-07
  5.904927E+03  1.180985E+04  9.000000E+01  9.000000E+01  9.000000E+01
  0.000000E+00 -1.400462E-01  3.391078E+08 -3.363941E-01  2.173534E-01
 -1.948067E-02  2.173534E-01  2.515810E-02  3.875212E-01 -1.948067E-02
  3.875212E-01 -1.089026E-01  5.460127E+00  5.496912E+00  4.866283E+00
  6.116106E+00  8.396365E+02  6.943801E+01  0.000000E+00  0.000000E+00
  0.000000E+00  6.943801E+01  0.000000E+00  0.000000E+00  0.000000E+00
  6.663467E+01 -2.845588E+01
     79000  3.950000E+01        52
  3.385312E+08  5.979000E-04 -5.766003E+05  1.162265E+05 -6.987314E+05
  0.000000E+00  0.000000E+00  0.000000E+00  0.000000E+00 -5.766001E+05
  0.000000E+00  8.155318E+01 -7.099749E+05  6.982472E+05  0.000000E+00
  0.000000E+00  0.000000E+00  0.000000E+00  3.212463E+05  1.643341E-07
  5.904611E+03  1.180922E+04  9.000000E+01  9.000000E+01  9.000000E+01
  0.000000E+00 -1.337999E-01  3.391078E+08 -3.316203E-01  2.141745E-01
 -2.315627E-02  2.141745E-01  2.862149E-02  3.893598E-01 -2.315627E-02
  3.893598E-01 -9.840077E-02  5.460173E+00  5.496969E+00  4.865986E+00
  6.116159E+00  8.396361E+02  6.943499E+01  0.000000E+00  0.000000E+00
  0.000000E+00  6.943499E+01  0.000000E+00  0.000000E+00  0.000000E+00
  6.663178E+01 -2.718316E+01
