title: # Li56 La24 Zr16 O96                                                    
energy unitS: electron Volts
         0  0.000000E+00        52
 -5.382612E+05  8.000000E+02 -5.407429E+05  6.307024E+04 -6.038132E+05
  0.000000E+00  0.000000E+00  0.000000E+00  0.000000E+00 -5.382611E+05
  0.000000E+00  1.563293E+05 -4.473454E+05  6.036747E+05  0.000000E+00
  0.000000E+00  0.000000E+00  0.000000E+00  2.781571E+05  0.000000E+00
  0.000000E+00  0.000000E+00  9.000000E+01  9.000000E+01  9.000000E+01
  0.000000E+00 -2.868208E+02  0.000000E+00 -3.001964E+02 -3.212388E-02
  3.284517E-03 -3.212388E-02 -3.001555E+02  5.584157E-02  3.284517E-03
  5.584157E-02 -2.601105E+02  0.000000E+00  0.000000E+00  0.000000E+00
  0.000000E+00  0.000000E+00  6.618035E+01  0.000000E+00  0.000000E+00
  0.000000E+00  6.618035E+01  0.000000E+00  0.000000E+00  0.000000E+00
  6.350853E+01 -5.045530E+04
      1000  5.000000E-01        52
  4.570974E+08  8.000000E+02 -5.259221E+05  6.468143E+04 -5.987962E+05
  0.000000E+00  0.000000E+00  0.000000E+00  0.000000E+00 -5.234400E+05
  0.000000E+00  2.511808E+05 -3.574034E+05  5.921988E+05  0.000000E+00
  0.000000E+00  0.000000E+00  0.000000E+00  6.553408E+05  3.258272E-02
  8.192665E+03  1.638533E+04  9.000000E+01  9.000000E+01  9.000000E+01
  0.000000E+00 -1.980269E+02  4.576209E+08 -2.058115E+02  5.913416E-01
  6.292488E-01  5.913416E-01 -2.054748E+02 -6.803681E-01  6.292488E-01
 -6.803681E-01 -1.827944E+02  2.561084E+00  6.899060E-01  6.844930E-01
  2.012610E+00  3.747366E+03  8.806190E+01  0.000000E+00  0.000000E+00
  0.000000E+00  8.806190E+01  0.000000E+00  0.000000E+00  0.000000E+00
  8.450669E+01 -8.207245E+04
      2000  1.000000E+00        52
  4.570586E+08  8.015617E+02 -5.646452E+05  1.139283E+05 -6.860448E+05
  0.000000E+00  0.000000E+00  0.000000E+00  0.000000E+00 -5.621583E+05
  0.000000E+00  2.825678E+04 -6.671875E+05  6.805015E+05  0.000000E+00
  0.000000E+00  0.000000E+00  0.000000E+00  6.185594E+05  5.305135E-01
  7.471354E+03  1.494271E+04  9.000000E+01  9.000000E+01  9.000000E+01
  0.000000E+00 -1.984006E+01  4.576208E+08 -1.937198E+01  4.310283E-01
  2.094388E-02  4.310283E-01 -1.919740E+01  4.686937E-02  2.094388E-02
  4.686937E-02 -2.095080E+01  8.169984E+00  5.304660E+00  3.832786E+00
  7.544892E+00  3.752145E+03  8.638257E+01  0.000000E+00  0.000000E+00
  0.000000E+00  8.638257E+01  0.000000E+00  0.000000E+00  0.000000E+00
  8.289515E+01 -7.761228E+03
      3000  1.500000E+00        52
  4.570561E+08  8.002172E+02 -5.672301E+05  1.140417E+05 -6.886899E+05
  0.000000E+00  0.000000E+00  0.000000E+00  0.000000E+00 -5.647473E+05
  0.000000E+00  2.486585E+04 -6.734614E+05  6.834910E+05  0.000000E+00
  0.000000E+00  0.000000E+00  0.000000E+00  6.068949E+05  2.058931E+00
  7.418145E+03  1.483629E+04  9.000000E+01  9.000000E+01  9.000000E+01
  0.000000E+00 -1.728368E+01  4.576208E+08 -1.692377E+01  8.308354E-01
 -3.567760E-01  8.308354E-01 -1.700778E+01 -1.261209E-01 -3.567760E-01
 -1.261209E-01 -1.791948E+01  1.253297E+01  9.736542E+00  7.870083E+00
  1.204646E+01  3.758171E+03  8.583614E+01  0.000000E+00  0.000000E+00
  0.000000E+00  8.583614E+01  0.000000E+00  0.000000E+00  0.000000E+00
  8.237078E+01 -6.633698E+03
      4000  2.000000E+00        52
  4.570550E+08  8.000000E+02 -5.682962E+05  1.141150E+05 -6.897582E+05
  0.000000E+00  0.000000E+00  0.000000E+00  0.000000E+00 -5.658141E+05
  0.000000E+00  2.328444E+04 -6.762568E+05  6.848473E+05  0.000000E+00
  0.000000E+00  0.000000E+00  0.000000E+00  5.965042E+05  2.661783E-02
  7.346979E+03  1.469396E+04  9.000000E+01  9.000000E+01  9.000000E+01
  0.000000E+00 -1.618859E+01  4.576208E+08 -1.480879E+01 -4.341372E-03
 -2.663044E-02 -4.341372E-03 -1.638666E+01 -1.470522E-01 -2.663044E-02
 -1.470522E-01 -1.737033E+01  1.532884E+01  1.262917E+01  1.053434E+01
  1.490235E+01  3.762475E+03  8.534344E+01  0.000000E+00  0.000000E+00
  0.000000E+00  8.534344E+01  0.000000E+00  0.000000E+00  0.000000E+00
  8.189798E+01 -6.107010E+03
      5000  2.500000E+00        52
  2.505541E+13  1.101983E+03 -5.635886E+05  9.642471E+04 -6.679438E+05
  0.000000E+00  0.000000E+00  0.000000E+00  0.000000E+00 -5.601696E+05
  0.000000E+00  9.541294E+04 -5.756756E+05  6.552276E+05  0.000000E+00
  0.000000E+00  0.000000E+00  0.000000E+00  8.135889E+05  6.090246E+02
  7.930499E+03  1.586100E+04  9.000000E+01  9.000000E+01  9.000000E+01
  0.000000E+00 -5.738303E+01  2.505541E+13 -5.424424E+01  1.175281E+00
  2.608395E+00  1.175281E+00 -6.088312E+01 -7.192707E-01  2.608395E+00
 -7.192707E-01 -5.702174E+01  1.671217E+01  1.340877E+01  1.130716E+01
  1.777762E+01  5.319150E+03  9.464565E+01  0.000000E+00  0.000000E+00
  0.000000E+00  9.464565E+01  0.000000E+00  0.000000E+00  0.000000E+00
  9.082464E+01 -2.952532E+04
      6000  3.000000E+00        52
  2.505555E+13  8.057760E+02 -5.654369E+05  1.130426E+05 -6.857698E+05
  0.000000E+00  0.000000E+00  0.000000E+00  0.000000E+00 -5.629366E+05
  0.000000E+00  4.464746E+03 -6.636480E+05  6.535321E+05  0.000000E+00
  0.000000E+00  0.000000E+00  0.000000E+00  1.121730E+06  7.111490E+00
  7.290313E+03  1.458063E+04  9.000000E+01  9.000000E+01  9.000000E+01
  0.000000E+00  2.511482E-01  2.505555E+13 -8.225133E-03  1.307434E-01
 -3.423344E-01  1.307434E-01  1.030164E+00 -6.761129E-01 -3.423344E-01
 -6.761129E-01 -2.684943E-01  2.027599E+01  1.660807E+01  1.413869E+01
  2.859372E+01  6.748615E+03  1.053404E+02  0.000000E+00  0.000000E+00
  0.000000E+00  1.053404E+02  0.000000E+00  0.000000E+00  0.000000E+00
  1.010876E+02  1.781658E+02
      7000  3.500000E+00        52
  2.505555E+13  8.000000E+02 -5.686142E+05  1.114705E+05 -6.870207E+05
  0.000000E+00  0.000000E+00  0.000000E+00  0.000000E+00 -5.661317E+05
  0.000000E+00 -8.445040E+03 -6.592329E+05  6.369161E+05  0.000000E+00
  0.000000E+00  0.000000E+00  0.000000E+00  1.354845E+06  2.653950E-02
  6.935887E+03  1.387177E+04  9.000000E+01  9.000000E+01  9.000000E+01
  0.000000E+00  5.216288E+00  2.505555E+13  4.909359E+00 -1.173207E+00
  4.772590E-01 -1.173207E+00  8.009859E+00 -3.242406E-01  4.772590E-01
 -3.242406E-01  2.729646E+00  2.617860E+01  2.224871E+01  1.939089E+01
  4.651140E+01  7.451922E+03  1.121835E+02  0.000000E+00  0.000000E+00
  0.000000E+00  1.121835E+02  0.000000E+00  0.000000E+00  0.000000E+00
  1.076544E+02  4.469482E+03
      8000  4.000000E+00        52
  2.505579E+13  8.084702E+02 -5.710712E+05  1.085488E+05 -6.865888E+05
  0.000000E+00  0.000000E+00  0.000000E+00  0.000000E+00 -5.685623E+05
  0.000000E+00 -1.182416E+04 -6.447165E+05  6.189548E+05  0.000000E+00
  0.000000E+00  0.000000E+00  0.000000E+00  1.556998E+06  1.665552E+01
  6.968765E+03  1.393753E+04  9.000000E+01  9.000000E+01  9.000000E+01
  0.000000E+00  5.700722E+00  2.505579E+13  5.232773E+00 -5.986190E-01
  3.894341E-01 -5.986190E-01  8.380387E+00 -1.053758E+00  3.894341E-01
 -1.053758E+00  3.489008E+00  2.932373E+01  2.454566E+01  2.162479E+01
  6.089322E+01  7.961960E+03  1.175064E+02  0.000000E+00  0.000000E+00
  0.000000E+00  1.175064E+02  0.000000E+00  0.000000E+00  0.000000E+00
  1.127625E+02  5.613373E+03
      9000  4.500000E+00        52
  7.090373E+13  8.110045E+02 -5.736445E+05  1.049151E+05 -6.849666E+05
  0.000000E+00  0.000000E+00  0.000000E+00  0.000000E+00 -5.711274E+05
  0.000000E+00 -2.207910E+04 -6.253934E+05  5.905002E+05  0.000000E+00
  0.000000E+00  0.000000E+00  0.000000E+00  1.935894E+06  1.758505E+01
  6.407037E+03  1.281407E+04  9.000000E+01  9.000000E+01  9.000000E+01
  0.000000E+00  7.381306E+00  7.090373E+13  8.352399E+00  5.496428E-01
  8.494491E-01  5.496428E-01  7.802043E+00  6.813380E-01  8.494491E-01
  6.813380E-01  5.989475E+00  3.274805E+01  2.722831E+01  2.413193E+01
  7.352410E+01  8.838582E+03  1.263551E+02  0.000000E+00  0.000000E+00
  0.000000E+00  1.263551E+02  0.000000E+00  0.000000E+00  0.000000E+00
  1.212539E+02  9.036927E+03
     10000  5.000000E+00        52
  7.090373E+13  8.000000E+02 -5.774299E+05  1.027854E+05 -6.874857E+05
  0.000000E+00  0.000000E+00  0.000000E+00  0.000000E+00 -5.749468E+05
  0.000000E+00 -2.993848E+04 -6.127892E+05  5.683100E+05  0.000000E+00
  0.000000E+00  0.000000E+00  0.000000E+00  2.313034E+06  4.743159E-02
  7.270360E+03  1.454072E+04  9.000000E+01  9.000000E+01  9.000000E+01
  0.000000E+00  7.953157E+00  7.090373E+13  7.479724E+00 -2.915185E-02
 -7.468789E-01 -2.915185E-02  7.501259E+00  3.960803E-01 -7.468789E-01
  3.960803E-01  8.878489E+00  3.804976E+01  3.174358E+01  2.835031E+01
  9.586190E+01  9.538582E+03  1.340787E+02  0.000000E+00  0.000000E+00
  0.000000E+00  1.340787E+02  0.000000E+00  0.000000E+00  0.000000E+00
  1.286657E+02  1.163396E+04
     11000  5.500000E+00        52
  7.090407E+13  3.386122E-02 -5.786540E+05  8.589574E+04 -6.714698E+05
  0.000000E+00  0.000000E+00  0.000000E+00  0.000000E+00 -5.786521E+05
  0.000000E+00  2.514962E+04 -5.141914E+05  5.255008E+05  0.000000E+00
  0.000000E+00  0.000000E+00  0.000000E+00  2.809619E+06  5.528969E-05
  6.920094E+03  1.384019E+04  9.000000E+01  9.000000E+01  9.000000E+01
  0.000000E+00 -4.717948E+00  7.090407E+13 -4.399796E+00 -1.129387E-01
  1.157863E-01 -1.129387E-01 -4.393013E+00 -1.393161E-02  1.157863E-01
 -1.393161E-02 -5.361034E+00  1.984783E-02  1.903349E-03  2.703305E-03
  2.097597E-01  8.972715E+02  1.430589E+02  0.000000E+00  0.000000E+00
  0.000000E+00  1.430589E+02  0.000000E+00  0.000000E+00  0.000000E+00
  1.372833E+02 -8.383138E+03
     12000  6.000000E+00        52
  7.090407E+13  1.436730E-02 -5.790807E+05  8.923873E+04 -6.747338E+05
  0.000000E+00  0.000000E+00  0.000000E+00  0.000000E+00 -5.790789E+05
  0.000000E+00  1.089682E+04 -5.326339E+05  5.307020E+05  0.000000E+00
  0.000000E+00  0.000000E+00  0.000000E+00  2.793782E+06  1.305407E-05
  6.414375E+03  1.282875E+04  9.000000E+01  9.000000E+01  9.000000E+01
  0.000000E+00 -2.055779E+00  7.090407E+13 -1.712771E+00 -1.084988E-01
  7.596467E-02 -1.084988E-01 -1.725083E+00 -1.245976E-02  7.596467E-02
 -1.245976E-02 -2.729484E+00  2.380158E-02  2.629865E-03  3.728503E-03
  2.148918E-01  8.972561E+02  1.427896E+02  0.000000E+00  0.000000E+00
  0.000000E+00  1.427896E+02  0.000000E+00  0.000000E+00  0.000000E+00
  1.370249E+02 -3.632244E+03
     13000  6.500000E+00        52
  7.090407E+13  9.413856E-03 -5.792885E+05  9.079795E+04 -6.763654E+05
  0.000000E+00  0.000000E+00  0.000000E+00  0.000000E+00 -5.792867E+05
  0.000000E+00  4.105647E+03 -5.416658E+05  5.332134E+05  0.000000E+00
  0.000000E+00  0.000000E+00  0.000000E+00  2.787016E+06  9.453992E-06
  6.279000E+03  1.255800E+04  9.000000E+01  9.000000E+01  9.000000E+01
  0.000000E+00 -7.764413E-01  7.090407E+13 -4.224678E-01 -1.041494E-01
  5.182639E-02 -1.041494E-01 -4.545152E-01 -1.267332E-02  5.182639E-02
 -1.267332E-02 -1.452341E+00  2.688457E-02  3.500844E-03  4.960066E-03
  2.187033E-01  8.972314E+02  1.426742E+02  0.000000E+00  0.000000E+00
  0.000000E+00  1.426742E+02  0.000000E+00  0.000000E+00  0.000000E+00
  1.369142E+02 -1.368530E+03
     14000  7.000000E+00        52
  7.090407E+13  6.793271E-03 -5.794306E+05  9.173124E+04 -6.774026E+05
  0.000000E+00  0.000000E+00  0.000000E+00  0.000000E+00 -5.794288E+05
  0.000000E+00  4.038577E+01 -5.471268E+05  5.346855E+05  0.000000E+00
  0.000000E+00  0.000000E+00  0.000000E+00  2.785175E+06  3.094309E-06
  6.240814E+03  1.248163E+04  9.000000E+01  9.000000E+01  9.000000E+01
  0.000000E+00 -7.634754E-03  7.090407E+13  3.550283E-01 -9.705549E-02
  3.662664E-02 -9.705549E-02  3.033039E-01 -1.009160E-02  3.662664E-02
 -1.009160E-02 -6.812364E-01  2.979953E-02  4.463860E-03  6.278758E-03
  2.219678E-01  8.972002E+02  1.426428E+02  0.000000E+00  0.000000E+00
  0.000000E+00  1.426428E+02  0.000000E+00  0.000000E+00  0.000000E+00
  1.368841E+02 -1.344787E+01
     15000  7.500000E+00        52
  7.090407E+13  5.659191E-03 -5.795347E+05  9.234029E+04 -6.781100E+05
  0.000000E+00  0.000000E+00  0.000000E+00  0.000000E+00 -5.795329E+05
  0.000000E+00 -2.654914E+03 -5.506937E+05  5.355688E+05  0.000000E+00
  0.000000E+00  0.000000E+00  0.000000E+00  2.786521E+06  2.122296E-06
  6.234981E+03  1.246996E+04  9.000000E+01  9.000000E+01  9.000000E+01
  0.000000E+00  5.021883E-01  7.090407E+13  8.691286E-01 -9.237697E-02
  2.325695E-02 -9.237697E-02  8.016520E-01 -8.404721E-03  2.325695E-02
 -8.404721E-03 -1.642156E-01  3.281811E-02  5.496994E-03  7.634824E-03
  2.249973E-01  8.971651E+02  1.426658E+02  0.000000E+00  0.000000E+00
  0.000000E+00  1.426658E+02  0.000000E+00  0.000000E+00  0.000000E+00
  1.369061E+02  8.849830E+02
     16000  8.000000E+00        52
  7.090407E+13  5.133974E-03 -5.796242E+05  9.275772E+04 -6.786230E+05
  0.000000E+00  0.000000E+00  0.000000E+00  0.000000E+00 -5.796224E+05
  0.000000E+00 -4.551090E+03 -5.531257E+05  5.360925E+05  0.000000E+00
  0.000000E+00  0.000000E+00  0.000000E+00  2.790117E+06  2.001585E-06
  6.241067E+03  1.248213E+04  9.000000E+01  9.000000E+01  9.000000E+01
  0.000000E+00  8.597433E-01  7.090407E+13  1.228402E+00 -8.988560E-02
  1.132063E-02 -8.988560E-02  1.148027E+00 -6.577446E-03  1.132063E-02
 -6.577446E-03  2.028008E-01  3.592321E-02  6.591545E-03  9.020480E-03
  2.279336E-01  8.971294E+02  1.427271E+02  0.000000E+00  0.000000E+00
  0.000000E+00  1.427271E+02  0.000000E+00  0.000000E+00  0.000000E+00
  1.369650E+02  1.517041E+03
     17000  8.500000E+00        52
  7.090407E+13  4.773827E-03 -5.797058E+05  9.305036E+04 -6.790068E+05
  0.000000E+00  0.000000E+00  0.000000E+00  0.000000E+00 -5.797040E+05
  0.000000E+00 -5.942822E+03 -5.548177E+05  5.363735E+05  0.000000E+00
  0.000000E+00  0.000000E+00  0.000000E+00  2.795403E+06  1.727558E-06
  6.250669E+03  1.250134E+04  9.000000E+01  9.000000E+01  9.000000E+01
  0.000000E+00  1.120529E+00  7.090407E+13  1.491126E+00 -8.904794E-02
 -1.445508E-04 -8.904794E-02  1.396580E+00 -5.235357E-03 -1.445508E-04
 -5.235357E-03  4.738823E-01  3.921032E-02  7.747409E-03  1.043765E-02
  2.308721E-01  8.970989E+02  1.428172E+02  0.000000E+00  0.000000E+00
  0.000000E+00  1.428172E+02  0.000000E+00  0.000000E+00  0.000000E+00
  1.370514E+02  1.980951E+03
     18000  9.000000E+00        52
  7.090407E+13  4.346670E-03 -5.797817E+05  9.325817E+04 -6.792998E+05
  0.000000E+00  0.000000E+00  0.000000E+00  0.000000E+00 -5.797799E+05
  0.000000E+00 -7.002217E+03 -5.560030E+05  5.364810E+05  0.000000E+00
  0.000000E+00  0.000000E+00  0.000000E+00  2.802019E+06  1.297803E-06
  6.259889E+03  1.251978E+04  9.000000E+01  9.000000E+01  9.000000E+01
  0.000000E+00  1.317161E+00  7.090407E+13  1.689077E+00 -8.834610E-02
 -7.673265E-03 -8.834610E-02  1.582947E+00 -2.438525E-03 -7.673265E-03
 -2.438525E-03  6.794591E-01  4.265177E-02  8.967801E-03  1.189526E-02
  2.339225E-01  8.970778E+02  1.429298E+02  0.000000E+00  0.000000E+00
  0.000000E+00  1.429298E+02  0.000000E+00  0.000000E+00  0.000000E+00
  1.371594E+02  2.334081E+03
     19000  9.500000E+00        52
  7.090407E+13  4.188173E-03 -5.798527E+05  9.340084E+04 -6.795227E+05
  0.000000E+00  0.000000E+00  0.000000E+00  0.000000E+00 -5.798510E+05
  0.000000E+00 -7.806592E+03 -5.568003E+05  5.364554E+05  0.000000E+00
  0.000000E+00  0.000000E+00  0.000000E+00  2.809717E+06  1.166366E-06
  6.269112E+03  1.253822E+04  9.000000E+01  9.000000E+01  9.000000E+01
  0.000000E+00  1.464445E+00  7.090407E+13  1.837474E+00 -8.766953E-02
 -1.454129E-02 -8.766953E-02  1.720561E+00 -1.067875E-04 -1.454129E-02
 -1.067875E-04  8.353007E-01  4.617297E-02  1.025653E-02  1.340498E-02
  2.371436E-01  8.970651E+02  1.430605E+02  0.000000E+00  0.000000E+00
  0.000000E+00  1.430605E+02  0.000000E+00  0.000000E+00  0.000000E+00
  1.372849E+02  2.602206E+03
     20000  1.000000E+01        52
  7.090407E+13  4.203134E-03 -5.799226E+05  9.349467E+04 -6.796951E+05
  0.000000E+00  0.000000E+00  0.000000E+00  0.000000E+00 -5.799208E+05
  0.000000E+00 -8.424799E+03 -5.573118E+05  5.363313E+05  0.000000E+00
  0.000000E+00  0.000000E+00  0.000000E+00  2.818307E+06  1.358382E-06
  6.277804E+03  1.255561E+04  9.000000E+01  9.000000E+01  9.000000E+01
  0.000000E+00  1.575598E+00  7.090407E+13  1.949082E+00 -8.669666E-02
 -2.130555E-02 -8.669666E-02  1.822717E+00  1.950362E-03 -2.130555E-02
  1.950362E-03  9.549934E-01  4.990868E-02  1.161949E-02  1.497856E-02
  2.405486E-01  8.970587E+02  1.432062E+02  0.000000E+00  0.000000E+00
  0.000000E+00  1.432062E+02  0.000000E+00  0.000000E+00  0.000000E+00
  1.374247E+02  2.808275E+03
     21000  1.050000E+01        52
  7.090407E+13  4.150136E-03 -5.799933E+05  9.355252E+04 -6.798309E+05
  0.000000E+00  0.000000E+00  0.000000E+00  0.000000E+00 -5.799915E+05
  0.000000E+00 -8.911114E+03 -5.576132E+05  5.361319E+05  0.000000E+00
  0.000000E+00  0.000000E+00  0.000000E+00  2.827651E+06  1.178646E-06
  6.285055E+03  1.257011E+04  9.000000E+01  9.000000E+01  9.000000E+01
  0.000000E+00  1.661040E+00  7.090407E+13  2.031904E+00 -8.580703E-02
 -2.705361E-02 -8.580703E-02  1.900893E+00  3.283018E-03 -2.705361E-02
  3.283018E-03  1.050324E+00  5.392496E-02  1.306310E-02  1.662587E-02
  2.441410E-01  8.970565E+02  1.433643E+02  0.000000E+00  0.000000E+00
  0.000000E+00  1.433643E+02  0.000000E+00  0.000000E+00  0.000000E+00
  1.375764E+02  2.970380E+03
     22000  1.100000E+01        52
  7.090407E+13  4.132148E-03 -5.800615E+05  9.358233E+04 -6.799347E+05
  0.000000E+00  0.000000E+00  0.000000E+00  0.000000E+00 -5.800597E+05
  0.000000E+00 -9.296265E+03 -5.577452E+05  5.358673E+05  0.000000E+00
  0.000000E+00  0.000000E+00  0.000000E+00  2.837661E+06  1.129991E-06
  6.290791E+03  1.258158E+04  9.000000E+01  9.000000E+01  9.000000E+01
  0.000000E+00  1.726720E+00  7.090407E+13  2.094983E+00 -8.520610E-02
 -2.974278E-02 -8.520610E-02  1.959163E+00  4.590332E-03 -2.974278E-02
  4.590332E-03  1.126014E+00  5.810406E-02  1.459390E-02  1.835920E-02
  2.478865E-01  8.970568E+02  1.435332E+02  0.000000E+00  0.000000E+00
  0.000000E+00  1.435332E+02  0.000000E+00  0.000000E+00  0.000000E+00
  1.377385E+02  3.098764E+03
     23000  1.150000E+01        52
  7.090407E+13  4.185798E-03 -5.801298E+05  9.358739E+04 -6.800126E+05
  0.000000E+00  0.000000E+00  0.000000E+00  0.000000E+00 -5.801279E+05
  0.000000E+00 -9.592093E+03 -5.577335E+05  5.355504E+05  0.000000E+00
  0.000000E+00  0.000000E+00  0.000000E+00  2.848254E+06  1.015991E-06
  6.295494E+03  1.259099E+04  9.000000E+01  9.000000E+01  9.000000E+01
  0.000000E+00  1.775041E+00  7.090407E+13  2.141238E+00 -8.279610E-02
 -3.042971E-02 -8.279610E-02  2.000530E+00  7.627831E-03 -3.042971E-02
  7.627831E-03  1.183357E+00  6.247538E-02  1.621813E-02  2.019002E-02
  2.518187E-01  8.970589E+02  1.437116E+02  0.000000E+00  0.000000E+00
  0.000000E+00  1.437116E+02  0.000000E+00  0.000000E+00  0.000000E+00
  1.379097E+02  3.197373E+03
     24000  1.200000E+01        52
  7.090407E+13  4.448026E-03 -5.801989E+05  9.356890E+04 -6.800666E+05
  0.000000E+00  0.000000E+00  0.000000E+00  0.000000E+00 -5.801971E+05
  0.000000E+00 -9.806596E+03 -5.575918E+05  5.351876E+05  0.000000E+00
  0.000000E+00  0.000000E+00  0.000000E+00  2.859359E+06  1.594238E-06
  6.298774E+03  1.259755E+04  9.000000E+01  9.000000E+01  9.000000E+01
  0.000000E+00  1.807688E+00  7.090407E+13  2.172469E+00 -8.161422E-02
 -3.096650E-02 -8.161422E-02  2.027596E+00  8.209711E-03 -3.096650E-02
  8.209711E-03  1.223001E+00  6.711321E-02  1.794199E-02  2.212433E-02
  2.559716E-01  8.970622E+02  1.438982E+02  0.000000E+00  0.000000E+00
  0.000000E+00  1.438982E+02  0.000000E+00  0.000000E+00  0.000000E+00
  1.380887E+02  3.268874E+03
     25000  1.250000E+01        52
  7.090407E+13  4.408381E-03 -5.802745E+05  9.354464E+04 -6.801208E+05
  0.000000E+00  0.000000E+00  0.000000E+00  0.000000E+00 -5.802727E+05
  0.000000E+00 -9.992828E+03 -5.574010E+05  5.348049E+05  0.000000E+00
  0.000000E+00  0.000000E+00  0.000000E+00  2.870921E+06  4.546740E-06
  6.301637E+03  1.260327E+04  9.000000E+01  9.000000E+01  9.000000E+01
  0.000000E+00  1.834599E+00  7.090407E+13  2.196883E+00 -8.076413E-02
 -3.407810E-02 -8.076413E-02  2.046663E+00  9.175036E-03 -3.407810E-02
  9.175036E-03  1.260249E+00  7.202749E-02  1.977094E-02  2.416988E-02
  2.604871E-01  8.970667E+02  1.440919E+02  0.000000E+00  0.000000E+00
  0.000000E+00  1.440919E+02  0.000000E+00  0.000000E+00  0.000000E+00
  1.382746E+02  3.330952E+03
     26000  1.300000E+01        52
  7.090407E+13  4.400844E-03 -5.803427E+05  9.350368E+04 -6.801489E+05
  0.000000E+00  0.000000E+00  0.000000E+00  0.000000E+00 -5.803408E+05
  0.000000E+00 -1.013384E+04 -5.571143E+05  5.343754E+05  0.000000E+00
  0.000000E+00  0.000000E+00  0.000000E+00  2.882939E+06  9.747520E-07
  6.302529E+03  1.260506E+04  9.000000E+01  9.000000E+01  9.000000E+01
  0.000000E+00  1.852731E+00  7.090407E+13  2.210601E+00 -7.963884E-02
 -3.635158E-02 -7.963884E-02  2.058968E+00  9.892253E-03 -3.635158E-02
  9.892253E-03  1.288624E+00  7.700976E-02  2.171252E-02  2.633352E-02
  2.650883E-01  8.970717E+02  1.442926E+02  0.000000E+00  0.000000E+00
  0.000000E+00  1.442926E+02  0.000000E+00  0.000000E+00  0.000000E+00
  1.384673E+02  3.377955E+03
     27000  1.350000E+01        52
  7.090407E+13  4.662791E-03 -5.804120E+05  9.345141E+04 -6.801671E+05
  0.000000E+00  0.000000E+00  0.000000E+00  0.000000E+00 -5.804102E+05
  0.000000E+00 -1.023651E+04 -5.567626E+05  5.339188E+05  0.000000E+00
  0.000000E+00  0.000000E+00  0.000000E+00  2.895370E+06  1.122680E-06
  6.303648E+03  1.260730E+04  9.000000E+01  9.000000E+01  9.000000E+01
  0.000000E+00  1.863468E+00  7.090407E+13  2.216651E+00 -7.874574E-02
 -3.787284E-02 -7.874574E-02  2.064467E+00  1.003683E-02 -3.787284E-02
  1.003683E-02  1.309287E+00  8.224683E-02  2.377495E-02  2.862605E-02
  2.699733E-01  8.970773E+02  1.444997E+02  0.000000E+00  0.000000E+00
  0.000000E+00  1.444997E+02  0.000000E+00  0.000000E+00  0.000000E+00
  1.386660E+02  3.412181E+03
     28000  1.400000E+01        52
  7.090407E+13  5.162839E-03 -5.804850E+05  9.339055E+04 -6.801806E+05
  0.000000E+00  0.000000E+00  0.000000E+00  0.000000E+00 -5.804832E+05
  0.000000E+00 -1.030937E+04 -5.563627E+05  5.334433E+05  0.000000E+00
  0.000000E+00  0.000000E+00  0.000000E+00  2.908188E+06  1.360071E-06
  6.305005E+03  1.261001E+04  9.000000E+01  9.000000E+01  9.000000E+01
  0.000000E+00  1.868460E+00  7.090407E+13  2.216948E+00 -7.713749E-02
 -3.913243E-02 -7.713749E-02  2.064680E+00  1.057914E-02 -3.913243E-02
  1.057914E-02  1.323751E+00  8.781052E-02  2.596808E-02  3.105784E-02
  2.752137E-01  8.970835E+02  1.447127E+02  0.000000E+00  0.000000E+00
  0.000000E+00  1.447127E+02  0.000000E+00  0.000000E+00  0.000000E+00
  1.388703E+02  3.436468E+03
     29000  1.450000E+01        52
  7.090407E+13  4.810266E-03 -5.805578E+05  9.332499E+04 -6.801873E+05
  0.000000E+00  0.000000E+00  0.000000E+00  0.000000E+00 -5.805560E+05
  0.000000E+00 -1.037673E+04 -5.559387E+05  5.329530E+05  0.000000E+00
  0.000000E+00  0.000000E+00  0.000000E+00  2.921390E+06  1.903634E-06
  6.304500E+03  1.260900E+04  9.000000E+01  9.000000E+01  9.000000E+01
  0.000000E+00  1.872168E+00  7.090407E+13  2.215872E+00 -7.095130E-02
 -4.087111E-02 -7.095130E-02  2.065866E+00  1.120507E-02 -4.087111E-02
  1.120507E-02  1.334766E+00  9.383406E-02  2.829618E-02  3.363761E-02
  2.807203E-01  8.970898E+02  1.449313E+02  0.000000E+00  0.000000E+00
  0.000000E+00  1.449313E+02  0.000000E+00  0.000000E+00  0.000000E+00
  1.390802E+02  3.458919E+03
     30000  1.500000E+01        52
  7.090407E+13  5.120828E-03 -5.806293E+05  9.325415E+04 -6.801884E+05
  0.000000E+00  0.000000E+00  0.000000E+00  0.000000E+00 -5.806274E+05
  0.000000E+00 -1.042269E+04 -5.554763E+05  5.324437E+05  0.000000E+00
  0.000000E+00  0.000000E+00  0.000000E+00  2.934975E+06  2.493580E-06
  6.304950E+03  1.260990E+04  9.000000E+01  9.000000E+01  9.000000E+01
  0.000000E+00  1.871758E+00  7.090407E+13  2.208624E+00 -6.998027E-02
 -4.227161E-02 -6.998027E-02  2.060840E+00  8.917274E-03 -4.227161E-02
  8.917274E-03  1.345811E+00  1.001500E-01  3.076228E-02  3.638264E-02
  2.863693E-01  8.970961E+02  1.451556E+02  0.000000E+00  0.000000E+00
  0.000000E+00  1.451556E+02  0.000000E+00  0.000000E+00  0.000000E+00
  1.392954E+02  3.474242E+03
     31000  1.550000E+01        52
  7.090407E+13  5.213561E-03 -5.807024E+05  9.318159E+04 -6.801891E+05
  0.000000E+00  0.000000E+00  0.000000E+00  0.000000E+00 -5.807006E+05
  0.000000E+00 -1.046388E+04 -5.549935E+05  5.319195E+05  0.000000E+00
  0.000000E+00  0.000000E+00  0.000000E+00  2.948942E+06  1.839256E-06
  6.305059E+03  1.261012E+04  9.000000E+01  9.000000E+01  9.000000E+01
  0.000000E+00  1.870253E+00  7.090407E+13  2.200588E+00 -6.636541E-02
 -4.253042E-02 -6.636541E-02  2.057771E+00  1.007073E-02 -4.253042E-02
  1.007073E-02  1.352402E+00  1.066786E-01  3.338092E-02  3.930477E-02
  2.922799E-01  8.971025E+02  1.453855E+02  0.000000E+00  0.000000E+00
  0.000000E+00  1.453855E+02  0.000000E+00  0.000000E+00  0.000000E+00
  1.395160E+02  3.487969E+03
     32000  1.600000E+01        52
  7.090407E+13  5.480261E-03 -5.807753E+05  9.309989E+04 -6.801804E+05
  0.000000E+00  0.000000E+00  0.000000E+00  0.000000E+00 -5.807734E+05
  0.000000E+00 -1.048464E+04 -5.544683E+05  5.313732E+05  0.000000E+00
  0.000000E+00  0.000000E+00  0.000000E+00  2.963290E+06  1.752625E-06
  6.305217E+03  1.261043E+04  9.000000E+01  9.000000E+01  9.000000E+01
  0.000000E+00  1.864891E+00  7.090407E+13  2.189492E+00 -6.374785E-02
 -4.352585E-02 -6.374785E-02  2.049755E+00  1.181717E-02 -4.352585E-02
  1.181717E-02  1.355427E+00  1.135875E-01  3.616015E-02  4.240460E-02
  2.985230E-01  8.971091E+02  1.456209E+02  0.000000E+00  0.000000E+00
  0.000000E+00  1.456209E+02  0.000000E+00  0.000000E+00  0.000000E+00
  1.397419E+02  3.494892E+03
     33000  1.650000E+01        52
  7.090407E+13  5.500996E-03 -5.808493E+05  9.301764E+04 -6.801717E+05
  0.000000E+00  0.000000E+00  0.000000E+00  0.000000E+00 -5.808474E+05
  0.000000E+00 -1.050692E+04 -5.539340E+05  5.308176E+05  0.000000E+00
  0.000000E+00  0.000000E+00  0.000000E+00  2.978024E+06  1.461703E-06
  6.304724E+03  1.260945E+04  9.000000E+01  9.000000E+01  9.000000E+01
  0.000000E+00  1.859608E+00  7.090407E+13  2.178844E+00 -6.113139E-02
 -4.546559E-02 -6.113139E-02  2.041323E+00  1.276506E-02 -4.546559E-02
  1.276506E-02  1.358657E+00  1.208838E-01  3.910944E-02  4.569316E-02
  3.051354E-01  8.971160E+02  1.458619E+02  0.000000E+00  0.000000E+00
  0.000000E+00  1.458619E+02  0.000000E+00  0.000000E+00  0.000000E+00
  1.399732E+02  3.502318E+03
     34000  1.700000E+01        52
  7.090407E+13  5.640915E-03 -5.809226E+05  9.293229E+04 -6.801590E+05
  0.000000E+00  0.000000E+00  0.000000E+00  0.000000E+00 -5.809207E+05
  0.000000E+00 -1.051895E+04 -5.533731E+05  5.302458E+05  0.000000E+00
  0.000000E+00  0.000000E+00  0.000000E+00  2.993157E+06  1.348418E-06
  6.304139E+03  1.260828E+04  9.000000E+01  9.000000E+01  9.000000E+01
  0.000000E+00  1.852325E+00  7.090407E+13  2.166580E+00 -5.838718E-02
 -4.628026E-02 -5.838718E-02  2.029907E+00  1.468252E-02 -4.628026E-02
  1.468252E-02  1.360488E+00  1.284816E-01  4.223869E-02  4.917053E-02
  3.119959E-01  8.971229E+02  1.461085E+02  0.000000E+00  0.000000E+00
  0.000000E+00  1.461085E+02  0.000000E+00  0.000000E+00  0.000000E+00
  1.402098E+02  3.506330E+03
     35000  1.750000E+01        52
  7.090407E+13  5.837704E-03 -5.809960E+05  9.284434E+04 -6.801439E+05
  0.000000E+00  0.000000E+00  0.000000E+00  0.000000E+00 -5.809940E+05
  0.000000E+00 -1.052478E+04 -5.527911E+05  5.296592E+05  0.000000E+00
  0.000000E+00  0.000000E+00  0.000000E+00  3.008695E+06  1.349730E-06
  6.303557E+03  1.260711E+04  9.000000E+01  9.000000E+01  9.000000E+01
  0.000000E+00  1.843781E+00  7.090407E+13  2.152835E+00 -5.485209E-02
 -4.622725E-02 -5.485209E-02  2.017168E+00  1.556948E-02 -4.622725E-02
  1.556948E-02  1.361340E+00  1.363576E-01  4.555956E-02  5.285131E-02
  3.191856E-01  8.971301E+02  1.463609E+02  0.000000E+00  0.000000E+00
  0.000000E+00  1.463609E+02  0.000000E+00  0.000000E+00  0.000000E+00
  1.404520E+02  3.508273E+03
     36000  1.800000E+01        52
  7.090407E+13  6.159562E-03 -5.810704E+05  9.275308E+04 -6.801267E+05
  0.000000E+00  0.000000E+00  0.000000E+00  0.000000E+00 -5.810685E+05
  0.000000E+00 -1.052170E+04 -5.521865E+05  5.290583E+05  0.000000E+00
  0.000000E+00  0.000000E+00  0.000000E+00  3.024644E+06  1.605035E-06
  6.303233E+03  1.260647E+04  9.000000E+01  9.000000E+01  9.000000E+01
  0.000000E+00  1.833522E+00  7.090407E+13  2.137486E+00 -5.106315E-02
 -4.749133E-02 -5.106315E-02  2.003281E+00  1.493535E-02 -4.749133E-02
  1.493535E-02  1.359797E+00  1.445886E-01  4.908517E-02  5.675299E-02
  3.267768E-01  8.971374E+02  1.466191E+02  0.000000E+00  0.000000E+00
  0.000000E+00  1.466191E+02  0.000000E+00  0.000000E+00  0.000000E+00
  1.406998E+02  3.507247E+03
     37000  1.850000E+01        52
  7.090407E+13  6.625623E-03 -5.811470E+05  9.266054E+04 -6.801107E+05
  0.000000E+00  0.000000E+00  0.000000E+00  0.000000E+00 -5.811451E+05
  0.000000E+00 -1.051724E+04 -5.515711E+05  5.284476E+05  0.000000E+00
  0.000000E+00  0.000000E+00  0.000000E+00  3.041016E+06  2.297518E-06
  6.303101E+03  1.260620E+04  9.000000E+01  9.000000E+01  9.000000E+01
  0.000000E+00  1.822878E+00  7.090407E+13  2.121787E+00 -4.802713E-02
 -4.895703E-02 -4.802713E-02  1.988087E+00  1.518142E-02 -4.895703E-02
  1.518142E-02  1.358760E+00  1.533643E-01  5.282832E-02  6.088743E-02
  3.348082E-01  8.971448E+02  1.468831E+02  0.000000E+00  0.000000E+00
  0.000000E+00  1.468831E+02  0.000000E+00  0.000000E+00  0.000000E+00
  1.409532E+02  3.505762E+03
     38000  1.900000E+01        52
  7.090407E+13  6.828741E-03 -5.812257E+05  9.256894E+04 -6.800980E+05
  0.000000E+00  0.000000E+00  0.000000E+00  0.000000E+00 -5.812237E+05
  0.000000E+00 -1.051819E+04 -5.509541E+05  5.278291E+05  0.000000E+00
  0.000000E+00  0.000000E+00  0.000000E+00  3.057836E+06  1.720288E-06
  6.303434E+03  1.260687E+04  9.000000E+01  9.000000E+01  9.000000E+01
  0.000000E+00  1.813014E+00  7.090407E+13  2.106539E+00 -4.562215E-02
 -4.925898E-02 -4.562215E-02  1.974710E+00  1.578057E-02 -4.925898E-02
  1.578057E-02  1.357794E+00  1.627171E-01  5.680397E-02  6.526693E-02
  3.432871E-01  8.971524E+02  1.471534E+02  0.000000E+00  0.000000E+00
  0.000000E+00  1.471534E+02  0.000000E+00  0.000000E+00  0.000000E+00
  1.412126E+02  3.506077E+03
     39000  1.950000E+01        52
  7.090407E+13  7.205570E-03 -5.813052E+05  9.247509E+04 -6.800841E+05
  0.000000E+00  0.000000E+00  0.000000E+00  0.000000E+00 -5.813032E+05
  0.000000E+00 -1.051487E+04 -5.503185E+05  5.271959E+05  0.000000E+00
  0.000000E+00  0.000000E+00  0.000000E+00  3.075127E+06  2.136348E-06
  6.303861E+03  1.260772E+04  9.000000E+01  9.000000E+01  9.000000E+01
  0.000000E+00  1.802251E+00  7.090407E+13  2.090335E+00 -4.394185E-02
 -4.928192E-02 -4.394185E-02  1.961373E+00  1.613036E-02 -4.928192E-02
  1.613036E-02  1.355045E+00  1.724704E-01  6.102910E-02  6.990847E-02
  3.522372E-01  8.971600E+02  1.474303E+02  0.000000E+00  0.000000E+00
  0.000000E+00  1.474303E+02  0.000000E+00  0.000000E+00  0.000000E+00
  1.414783E+02  3.504971E+03
     40000  2.000000E+01        52
  7.090407E+13  7.724641E-03 -5.813869E+05  9.237964E+04 -6.800710E+05
  0.000000E+00  0.000000E+00  0.000000E+00  0.000000E+00 -5.813850E+05
  0.000000E+00 -1.050989E+04 -5.496700E+05  5.265513E+05  0.000000E+00
  0.000000E+00  0.000000E+00  0.000000E+00  3.092910E+06  2.577292E-06
  6.304422E+03  1.260884E+04  9.000000E+01  9.000000E+01  9.000000E+01
  0.000000E+00  1.791042E+00  7.090407E+13  2.074121E+00 -4.274684E-02
 -4.817503E-02 -4.274684E-02  1.948568E+00  1.688582E-02 -4.817503E-02
  1.688582E-02  1.350437E+00  1.829000E-01  6.551798E-02  7.482848E-02
  3.616647E-01  8.971676E+02  1.477139E+02  0.000000E+00  0.000000E+00
  0.000000E+00  1.477139E+02  0.000000E+00  0.000000E+00  0.000000E+00
  1.417504E+02  3.503314E+03
     41000  2.050000E+01        52
  7.090407E+13  8.021840E-03 -5.814707E+05  9.227999E+04 -6.800555E+05
  0.000000E+00  0.000000E+00  0.000000E+00  0.000000E+00 -5.814687E+05
  0.000000E+00 -1.049901E+04 -5.489990E+05  5.258905E+05  0.000000E+00
  0.000000E+00  0.000000E+00  0.000000E+00  3.111201E+06  2.152966E-06
  6.304733E+03  1.260947E+04  9.000000E+01  9.000000E+01  9.000000E+01
  0.000000E+00  1.778669E+00  7.090407E+13  2.057490E+00 -4.127282E-02
 -4.827196E-02 -4.127282E-02  1.933554E+00  1.797876E-02 -4.827196E-02
  1.797876E-02  1.344962E+00  1.939969E-01  7.028492E-02  8.004254E-02
  3.716159E-01  8.971752E+02  1.480045E+02  0.000000E+00  0.000000E+00
  0.000000E+00  1.480045E+02  0.000000E+00  0.000000E+00  0.000000E+00
  1.420293E+02  3.499687E+03
     42000  2.100000E+01        52
  7.090407E+13  8.465945E-03 -5.815558E+05  9.217589E+04 -6.800367E+05
  0.000000E+00  0.000000E+00  0.000000E+00  0.000000E+00 -5.815538E+05
  0.000000E+00 -1.048048E+04 -5.483027E+05  5.252122E+05  0.000000E+00
  0.000000E+00  0.000000E+00  0.000000E+00  3.130018E+06  2.207946E-06
  6.305012E+03  1.261002E+04  9.000000E+01  9.000000E+01  9.000000E+01
  0.000000E+00  1.764856E+00  7.090407E+13  2.038285E+00 -3.948617E-02
 -4.722658E-02 -3.948617E-02  1.917459E+00  1.891094E-02 -4.722658E-02
  1.891094E-02  1.338822E+00  2.056296E-01  7.535043E-02  8.557100E-02
  3.821222E-01  8.971826E+02  1.483023E+02  0.000000E+00  0.000000E+00
  0.000000E+00  1.483023E+02  0.000000E+00  0.000000E+00  0.000000E+00
  1.423151E+02  3.493510E+03
     43000  2.150000E+01        52
  7.090407E+13  8.815324E-03 -5.816428E+05  9.206806E+04 -6.800158E+05
  0.000000E+00  0.000000E+00  0.000000E+00  0.000000E+00 -5.816407E+05
  0.000000E+00 -1.045563E+04 -5.475846E+05  5.245189E+05  0.000000E+00
  0.000000E+00  0.000000E+00  0.000000E+00  3.149374E+06  1.915911E-06
  6.305029E+03  1.261006E+04  9.000000E+01  9.000000E+01  9.000000E+01
  0.000000E+00  1.749851E+00  7.090407E+13  2.017806E+00 -3.810862E-02
 -4.564521E-02 -3.810862E-02  1.901449E+00  1.995971E-02 -4.564521E-02
  1.995971E-02  1.330298E+00  2.178777E-01  8.073682E-02  9.143663E-02
  3.932231E-01  8.971900E+02  1.486074E+02  0.000000E+00  0.000000E+00
  0.000000E+00  1.486074E+02  0.000000E+00  0.000000E+00  0.000000E+00
  1.426078E+02  3.485228E+03
     44000  2.200000E+01        52
  7.090407E+13  9.237484E-03 -5.817303E+05  9.195662E+04 -6.799918E+05
  0.000000E+00  0.000000E+00  0.000000E+00  0.000000E+00 -5.817282E+05
  0.000000E+00 -1.042262E+04 -5.468409E+05  5.238084E+05  0.000000E+00
  0.000000E+00  0.000000E+00  0.000000E+00  3.169287E+06  1.841265E-06
  6.304906E+03  1.260981E+04  9.000000E+01  9.000000E+01  9.000000E+01
  0.000000E+00  1.733366E+00  7.090407E+13  1.995363E+00 -3.718900E-02
 -4.436337E-02 -3.718900E-02  1.884589E+00  2.137369E-02 -4.436337E-02
  2.137369E-02  1.320147E+00  2.304628E-01  8.646508E-02  9.766245E-02
  4.049513E-01  8.971973E+02  1.489199E+02  0.000000E+00  0.000000E+00
  0.000000E+00  1.489199E+02  0.000000E+00  0.000000E+00  0.000000E+00
  1.429078E+02  3.474225E+03
     45000  2.250000E+01        52
  7.090407E+13  9.734112E-03 -5.818193E+05  9.184121E+04 -6.799652E+05
  0.000000E+00  0.000000E+00  0.000000E+00  0.000000E+00 -5.818172E+05
  0.000000E+00 -1.038171E+04 -5.460727E+05  5.230815E+05  0.000000E+00
  0.000000E+00  0.000000E+00  0.000000E+00  3.189772E+06  1.931192E-06
  6.304705E+03  1.260941E+04  9.000000E+01  9.000000E+01  9.000000E+01
  0.000000E+00  1.715475E+00  7.090407E+13  1.971755E+00 -3.647035E-02
 -4.297168E-02 -3.647035E-02  1.866546E+00  2.294140E-02 -4.297168E-02
  2.294140E-02  1.308124E+00  2.436398E-01  9.255746E-02  1.042716E-01
  4.173307E-01  8.972044E+02  1.492401E+02  0.000000E+00  0.000000E+00
  0.000000E+00  1.492401E+02  0.000000E+00  0.000000E+00  0.000000E+00
  1.432150E+02  3.460589E+03
     46000  2.300000E+01        52
  7.090407E+13  1.034865E-02 -5.819102E+05  9.172257E+04 -6.799372E+05
  0.000000E+00  0.000000E+00  0.000000E+00  0.000000E+00 -5.819081E+05
  0.000000E+00 -1.033603E+04 -5.452847E+05  5.223397E+05  0.000000E+00
  0.000000E+00  0.000000E+00  0.000000E+00  3.210849E+06  2.363341E-06
  6.304479E+03  1.260896E+04  9.000000E+01  9.000000E+01  9.000000E+01
  0.000000E+00  1.696716E+00  7.090407E+13  1.947945E+00 -3.644164E-02
 -4.116873E-02 -3.644164E-02  1.847405E+00  2.509806E-02 -4.116873E-02
  2.509806E-02  1.294799E+00  2.575235E-01  9.903711E-02  1.112880E-01
  4.304054E-01  8.972115E+02  1.495681E+02  0.000000E+00  0.000000E+00
  0.000000E+00  1.495681E+02  0.000000E+00  0.000000E+00  0.000000E+00
  1.435298E+02  3.445363E+03
     47000  2.350000E+01        52
  7.090407E+13  1.090190E-02 -5.820031E+05  9.160250E+04 -6.799098E+05
  0.000000E+00  0.000000E+00  0.000000E+00  0.000000E+00 -5.820010E+05
  0.000000E+00 -1.029242E+04 -5.444856E+05  5.215849E+05  0.000000E+00
  0.000000E+00  0.000000E+00  0.000000E+00  3.232549E+06  2.235511E-06
  6.304178E+03  1.260836E+04  9.000000E+01  9.000000E+01  9.000000E+01
  0.000000E+00  1.678216E+00  7.090407E+13  1.924754E+00 -3.677217E-02
 -3.968989E-02 -3.677217E-02  1.827657E+00  2.747199E-02 -3.968989E-02
  2.747199E-02  1.282238E+00  2.721522E-01  1.059281E-01  1.187371E-01
  4.442356E-01  8.972184E+02  1.499043E+02  0.000000E+00  0.000000E+00
  0.000000E+00  1.499043E+02  0.000000E+00  0.000000E+00  0.000000E+00
  1.438524E+02  3.430829E+03
     48000  2.400000E+01        52
  7.090407E+13  1.154736E-02 -5.820979E+05  9.148126E+04 -6.798831E+05
  0.000000E+00  0.000000E+00  0.000000E+00  0.000000E+00 -5.820958E+05
  0.000000E+00 -1.025096E+04 -5.436744E+05  5.208157E+05  0.000000E+00
  0.000000E+00  0.000000E+00  0.000000E+00  3.254915E+06  2.379499E-06
  6.303873E+03  1.260775E+04  9.000000E+01  9.000000E+01  9.000000E+01
  0.000000E+00  1.659972E+00  7.090407E+13  1.901866E+00 -3.812089E-02
 -3.743916E-02 -3.812089E-02  1.808081E+00  2.976442E-02 -3.743916E-02
  2.976442E-02  1.269968E+00  2.875237E-01  1.132582E-01  1.266477E-01
  4.588643E-01  8.972254E+02  1.502492E+02  0.000000E+00  0.000000E+00
  0.000000E+00  1.502492E+02  0.000000E+00  0.000000E+00  0.000000E+00
  1.441834E+02  3.417011E+03
     49000  2.450000E+01        52
  7.090407E+13  1.240362E-02 -5.821952E+05  9.135862E+04 -6.798577E+05
  0.000000E+00  0.000000E+00  0.000000E+00  0.000000E+00 -5.821931E+05
  0.000000E+00 -1.021150E+04 -5.428514E+05  5.200322E+05  0.000000E+00
  0.000000E+00  0.000000E+00  0.000000E+00  3.277995E+06  2.752180E-06
  6.303848E+03  1.260770E+04  9.000000E+01  9.000000E+01  9.000000E+01
  0.000000E+00  1.641940E+00  7.090407E+13  1.878804E+00 -3.977537E-02
 -3.462835E-02 -3.977537E-02  1.788552E+00  3.221387E-02 -3.462835E-02
  3.221387E-02  1.258463E+00  3.038544E-01  1.210569E-01  1.350464E-01
  4.743285E-01  8.972324E+02  1.506035E+02  0.000000E+00  0.000000E+00
  0.000000E+00  1.506035E+02  0.000000E+00  0.000000E+00  0.000000E+00
  1.445234E+02  3.403859E+03
     50000  2.500000E+01        52
  7.090407E+13  1.342289E-02 -5.822969E+05  9.123399E+04 -6.798348E+05
  0.000000E+00  0.000000E+00  0.000000E+00  0.000000E+00 -5.822947E+05
  0.000000E+00 -1.017362E+04 -5.420186E+05  5.192370E+05  0.000000E+00
  0.000000E+00  0.000000E+00  0.000000E+00  3.301835E+06  3.356951E-06
  6.304010E+03  1.260802E+04  9.000000E+01  9.000000E+01  9.000000E+01
  0.000000E+00  1.624038E+00  7.090407E+13  1.855770E+00 -4.201732E-02
 -3.186492E-02 -4.201732E-02  1.768182E+00  3.399877E-02 -3.186492E-02
  3.399877E-02  1.248163E+00  3.215168E-01  1.293583E-01  1.439655E-01
  4.906974E-01  8.972394E+02  1.509677E+02  0.000000E+00  0.000000E+00
  0.000000E+00  1.509677E+02  0.000000E+00  0.000000E+00  0.000000E+00
  1.448729E+02  3.391234E+03
     51000  2.550000E+01        52
  7.090407E+13  1.453022E-02 -5.824012E+05  9.110766E+04 -6.798130E+05
  0.000000E+00  0.000000E+00  0.000000E+00  0.000000E+00 -5.823991E+05
  0.000000E+00 -1.013901E+04 -5.411706E+05  5.184234E+05  0.000000E+00
  0.000000E+00  0.000000E+00  0.000000E+00  3.326501E+06  4.102221E-06
  6.304082E+03  1.260816E+04  9.000000E+01  9.000000E+01  9.000000E+01
  0.000000E+00  1.606514E+00  7.090407E+13  1.830050E+00 -4.315818E-02
 -3.008476E-02 -4.315818E-02  1.749262E+00  3.536440E-02 -3.008476E-02
  3.536440E-02  1.240232E+00  3.402805E-01  1.382016E-01  1.534370E-01
  5.080485E-01  8.972465E+02  1.513427E+02  0.000000E+00  0.000000E+00
  0.000000E+00  1.513427E+02  0.000000E+00  0.000000E+00  0.000000E+00
  1.452327E+02  3.379702E+03
     52000  2.600000E+01        52
  7.090407E+13  1.565580E-02 -5.825106E+05  9.097765E+04 -6.797919E+05
  0.000000E+00  0.000000E+00  0.000000E+00  0.000000E+00 -5.825084E+05
  0.000000E+00 -1.010428E+04 -5.403030E+05  5.175913E+05  0.000000E+00
  0.000000E+00  0.000000E+00  0.000000E+00  3.352041E+06  5.245084E-06
  6.303687E+03  1.260737E+04  9.000000E+01  9.000000E+01  9.000000E+01
  0.000000E+00  1.588814E+00  7.090407E+13  1.805735E+00 -4.504602E-02
 -2.804682E-02 -4.504602E-02  1.728408E+00  3.702759E-02 -2.804682E-02
  3.702759E-02  1.232298E+00  3.605473E-01  1.476260E-01  1.635149E-01
  5.263375E-01  8.972536E+02  1.517291E+02  0.000000E+00  0.000000E+00
  0.000000E+00  1.517291E+02  0.000000E+00  0.000000E+00  0.000000E+00
  1.456035E+02  3.368126E+03
     53000  2.650000E+01        52
  7.090407E+13  1.652521E-02 -5.826223E+05  9.084587E+04 -6.797713E+05
  0.000000E+00  0.000000E+00  0.000000E+00  0.000000E+00 -5.826201E+05
  0.000000E+00 -1.007154E+04 -5.394171E+05  5.167393E+05  0.000000E+00
  0.000000E+00  0.000000E+00  0.000000E+00  3.378528E+06  4.602760E-06
  6.303119E+03  1.260624E+04  9.000000E+01  9.000000E+01  9.000000E+01
  0.000000E+00  1.571251E+00  7.090407E+13  1.782614E+00 -4.586283E-02
 -2.617883E-02 -4.586283E-02  1.708374E+00  3.643537E-02 -2.617883E-02
  3.643537E-02  1.222765E+00  3.817585E-01  1.576844E-01  1.742426E-01
  5.456797E-01  8.972609E+02  1.521277E+02  0.000000E+00  0.000000E+00
  0.000000E+00  1.521277E+02  0.000000E+00  0.000000E+00  0.000000E+00
  1.459860E+02  3.357214E+03
     54000  2.700000E+01        52
  7.090407E+13  1.735162E-02 -5.827356E+05  9.071323E+04 -6.797514E+05
  0.000000E+00  0.000000E+00  0.000000E+00  0.000000E+00 -5.827333E+05
  0.000000E+00 -1.004455E+04 -5.385118E+05  5.158621E+05  0.000000E+00
  0.000000E+00  0.000000E+00  0.000000E+00  3.406045E+06  3.937820E-06
  6.302590E+03  1.260518E+04  9.000000E+01  9.000000E+01  9.000000E+01
  0.000000E+00  1.554382E+00  7.090407E+13  1.759838E+00 -4.361712E-02
 -2.371646E-02 -4.361712E-02  1.690026E+00  3.533850E-02 -2.371646E-02
  3.533850E-02  1.213281E+00  4.038542E-01  1.684241E-01  1.856319E-01
  5.661606E-01  8.972685E+02  1.525395E+02  0.000000E+00  0.000000E+00
  0.000000E+00  1.525395E+02  0.000000E+00  0.000000E+00  0.000000E+00
  1.463812E+02  3.348220E+03
     55000  2.750000E+01        52
  7.090407E+13  1.832896E-02 -5.828504E+05  9.057560E+04 -6.797283E+05
  0.000000E+00  0.000000E+00  0.000000E+00  0.000000E+00 -5.828481E+05
  0.000000E+00 -1.000699E+04 -5.375672E+05  5.149556E+05  0.000000E+00
  0.000000E+00  0.000000E+00  0.000000E+00  3.434662E+06  3.711203E-06
  6.302327E+03  1.260465E+04  9.000000E+01  9.000000E+01  9.000000E+01
  0.000000E+00  1.535667E+00  7.090407E+13  1.735332E+00 -4.046435E-02
 -2.056819E-02 -4.046435E-02  1.668174E+00  3.176532E-02 -2.056819E-02
  3.176532E-02  1.203494E+00  4.270158E-01  1.798948E-01  1.977209E-01
  5.878705E-01  8.972761E+02  1.529656E+02  0.000000E+00  0.000000E+00
  0.000000E+00  1.529656E+02  0.000000E+00  0.000000E+00  0.000000E+00
  1.467901E+02  3.335700E+03
     56000  2.800000E+01        52
  7.090407E+13  1.967244E-02 -5.829681E+05  9.043285E+04 -6.797035E+05
  0.000000E+00  0.000000E+00  0.000000E+00  0.000000E+00 -5.829659E+05
  0.000000E+00 -9.959852E+03 -5.365883E+05  5.140235E+05  0.000000E+00
  0.000000E+00  0.000000E+00  0.000000E+00  3.464429E+06  3.962371E-06
  6.302514E+03  1.260503E+04  9.000000E+01  9.000000E+01  9.000000E+01
  0.000000E+00  1.515302E+00  7.090407E+13  1.708937E+00 -3.715997E-02
 -1.595634E-02 -3.715997E-02  1.644772E+00  2.721140E-02 -1.595634E-02
  2.721140E-02  1.192196E+00  4.515689E-01  1.921610E-01  2.105807E-01
  6.109373E-01  8.972839E+02  1.534062E+02  0.000000E+00  0.000000E+00
  0.000000E+00  1.534062E+02  0.000000E+00  0.000000E+00  0.000000E+00
  1.472129E+02  3.319991E+03
     57000  2.850000E+01        52
  7.090407E+13  2.126296E-02 -5.830896E+05  9.028564E+04 -6.796780E+05
  0.000000E+00  0.000000E+00  0.000000E+00  0.000000E+00 -5.830873E+05
  0.000000E+00 -9.908453E+03 -5.355811E+05  5.130670E+05  0.000000E+00
  0.000000E+00  0.000000E+00  0.000000E+00  3.495424E+06  4.554630E-06
  6.302786E+03  1.260557E+04  9.000000E+01  9.000000E+01  9.000000E+01
  0.000000E+00  1.494117E+00  7.090407E+13  1.682561E+00 -3.337921E-02
 -1.088045E-02 -3.337921E-02  1.620292E+00  2.231568E-02 -1.088045E-02
  2.231568E-02  1.179497E+00  4.777784E-01  2.052948E-01  2.242952E-01
  6.354751E-01  8.972918E+02  1.538623E+02  0.000000E+00  0.000000E+00
  0.000000E+00  1.538623E+02  0.000000E+00  0.000000E+00  0.000000E+00
  1.476506E+02  3.302862E+03
     58000  2.900000E+01        52
  7.090407E+13  2.325629E-02 -5.832153E+05  9.013566E+04 -6.796539E+05
  0.000000E+00  0.000000E+00  0.000000E+00  0.000000E+00 -5.832130E+05
  0.000000E+00 -9.858996E+03 -5.345534E+05  5.120884E+05  0.000000E+00
  0.000000E+00  0.000000E+00  0.000000E+00  3.527742E+06  6.127402E-06
  6.303009E+03  1.260602E+04  9.000000E+01  9.000000E+01  9.000000E+01
  0.000000E+00  1.473041E+00  7.090407E+13  1.656008E+00 -2.973201E-02
 -8.246927E-03 -2.973201E-02  1.597532E+00  1.847411E-02 -8.246927E-03
  1.847411E-02  1.165584E+00  5.059347E-01  2.193797E-01  2.389546E-01
  6.615686E-01  8.972999E+02  1.543351E+02  0.000000E+00  0.000000E+00
  0.000000E+00  1.543351E+02  0.000000E+00  0.000000E+00  0.000000E+00
  1.481043E+02  3.286380E+03
     59000  2.950000E+01        52
  7.090407E+13  2.600638E-02 -5.833498E+05  8.998776E+04 -6.796417E+05
  0.000000E+00  0.000000E+00  0.000000E+00  0.000000E+00 -5.833475E+05
  0.000000E+00 -9.829434E+03 -5.335314E+05  5.110938E+05  0.000000E+00
  0.000000E+00  0.000000E+00  0.000000E+00  3.561526E+06  7.721340E-06
  6.304076E+03  1.260815E+04  9.000000E+01  9.000000E+01  9.000000E+01
  0.000000E+00  1.454696E+00  7.090407E+13  1.633014E+00 -2.745398E-02
 -7.382228E-03 -2.745398E-02  1.576043E+00  1.568535E-02 -7.382228E-03
  1.568535E-02  1.155032E+00  5.366837E-01  2.345059E-01  2.546378E-01
  6.894293E-01  8.973081E+02  1.548262E+02  0.000000E+00  0.000000E+00
  0.000000E+00  1.548262E+02  0.000000E+00  0.000000E+00  0.000000E+00
  1.485756E+02  3.276532E+03
     60000  3.000000E+01        52
  7.090407E+13  2.766361E-02 -5.834882E+05  8.984057E+04 -6.796345E+05
  0.000000E+00  0.000000E+00  0.000000E+00  0.000000E+00 -5.834859E+05
  0.000000E+00 -9.814815E+03 -5.324905E+05  5.100642E+05  0.000000E+00
  0.000000E+00  0.000000E+00  0.000000E+00  3.597022E+06  6.205273E-06
  6.305725E+03  1.261145E+04  9.000000E+01  9.000000E+01  9.000000E+01
  0.000000E+00  1.438200E+00  7.090407E+13  1.610361E+00 -3.029829E-02
 -7.475044E-03 -3.029829E-02  1.558246E+00  1.275231E-02 -7.475044E-03
  1.275231E-02  1.145992E+00  5.689734E-01  2.507707E-01  2.714714E-01
  7.191542E-01  8.973164E+02  1.553388E+02  0.000000E+00  0.000000E+00
  0.000000E+00  1.553388E+02  0.000000E+00  0.000000E+00  0.000000E+00
  1.490675E+02  3.271662E+03
     61000  3.050000E+01        52
  7.090407E+13  3.049106E-02 -5.836312E+05  8.967835E+04 -6.796170E+05
  0.000000E+00  0.000000E+00  0.000000E+00  0.000000E+00 -5.836288E+05
  0.000000E+00 -9.760391E+03 -5.313686E+05  5.089932E+05  0.000000E+00
  0.000000E+00  0.000000E+00  0.000000E+00  3.634303E+06  6.753682E-06
  6.307468E+03  1.261494E+04  9.000000E+01  9.000000E+01  9.000000E+01
  0.000000E+00  1.415556E+00  7.090407E+13  1.582239E+00 -3.423854E-02
 -6.595723E-03 -3.423854E-02  1.532686E+00  1.169690E-02 -6.595723E-03
  1.169690E-02  1.131743E+00  6.036037E-01  2.682792E-01  2.895574E-01
  7.510769E-01  8.973250E+02  1.558737E+02  0.000000E+00  0.000000E+00
  0.000000E+00  1.558737E+02  0.000000E+00  0.000000E+00  0.000000E+00
  1.495808E+02  3.253527E+03
     62000  3.100000E+01        52
  7.090407E+13  3.247251E-02 -5.837795E+05  8.951139E+04 -6.795987E+05
  0.000000E+00  0.000000E+00  0.000000E+00  0.000000E+00 -5.837771E+05
  0.000000E+00 -9.711280E+03 -5.302162E+05  5.078891E+05  0.000000E+00
  0.000000E+00  0.000000E+00  0.000000E+00  3.673479E+06  6.601701E-06
  6.307873E+03  1.261575E+04  9.000000E+01  9.000000E+01  9.000000E+01
  0.000000E+00  1.393416E+00  7.090407E+13  1.554090E+00 -3.692356E-02
 -1.858357E-03 -3.692356E-02  1.507353E+00  1.076513E-02 -1.858357E-03
  1.076513E-02  1.118803E+00  6.407475E-01  2.871747E-01  3.090355E-01
  7.854068E-01  8.973337E+02  1.564317E+02  0.000000E+00  0.000000E+00
  0.000000E+00  1.564317E+02  0.000000E+00  0.000000E+00  0.000000E+00
  1.501163E+02  3.237161E+03
     63000  3.150000E+01        52
  7.090407E+13  3.581756E-02 -5.839306E+05  8.933673E+04 -6.795757E+05
  0.000000E+00  0.000000E+00  0.000000E+00  0.000000E+00 -5.839281E+05
  0.000000E+00 -9.645878E+03 -5.290098E+05  5.067471E+05  0.000000E+00
  0.000000E+00  0.000000E+00  0.000000E+00  3.714752E+06  9.265520E-06
  6.308391E+03  1.261678E+04  9.000000E+01  9.000000E+01  9.000000E+01
  0.000000E+00  1.368657E+00  7.090407E+13  1.525450E+00 -3.832559E-02
  3.982107E-03 -3.832559E-02  1.476755E+00  1.105338E-02  3.982107E-03
  1.105338E-02  1.103766E+00  6.802885E-01  3.075921E-01  3.300035E-01
  8.220513E-01  8.973418E+02  1.570154E+02  0.000000E+00  0.000000E+00
  0.000000E+00  1.570154E+02  0.000000E+00  0.000000E+00  0.000000E+00
  1.506764E+02  3.215367E+03
     64000  3.200000E+01        52
  7.090407E+13  3.855762E-02 -5.840870E+05  8.915721E+04 -6.795527E+05
  0.000000E+00  0.000000E+00  0.000000E+00  0.000000E+00 -5.840845E+05
  0.000000E+00 -9.582317E+03 -5.277654E+05  5.055662E+05  0.000000E+00
  0.000000E+00  0.000000E+00  0.000000E+00  3.758304E+06  7.314513E-06
  6.308449E+03  1.261690E+04  9.000000E+01  9.000000E+01  9.000000E+01
  0.000000E+00  1.343885E+00  7.090407E+13  1.495148E+00 -4.180004E-02
  7.482088E-03 -4.180004E-02  1.447429E+00  1.301901E-02  7.482088E-03
  1.301901E-02  1.089078E+00  7.225908E-01  3.296699E-01  3.526091E-01
  8.614482E-01  8.973494E+02  1.576266E+02  0.000000E+00  0.000000E+00
  0.000000E+00  1.576266E+02  0.000000E+00  0.000000E+00  0.000000E+00
  1.512630E+02  3.194185E+03
     65000  3.250000E+01        52
  7.090407E+13  4.254645E-02 -5.842490E+05  8.897151E+04 -6.795299E+05
  0.000000E+00  0.000000E+00  0.000000E+00  0.000000E+00 -5.842464E+05
  0.000000E+00 -9.511590E+03 -5.264696E+05  5.043392E+05  0.000000E+00
  0.000000E+00  0.000000E+00  0.000000E+00  3.804381E+06  7.912913E-06
  6.309378E+03  1.261876E+04  9.000000E+01  9.000000E+01  9.000000E+01
  0.000000E+00  1.317813E+00  7.090407E+13  1.466653E+00 -4.436009E-02
  1.133798E-02 -4.436009E-02  1.413712E+00  1.545637E-02  1.133798E-02
  1.545637E-02  1.073075E+00  7.678303E-01  3.536080E-01  3.770636E-01
  9.039090E-01  8.973559E+02  1.582682E+02  0.000000E+00  0.000000E+00
  0.000000E+00  1.582682E+02  0.000000E+00  0.000000E+00  0.000000E+00
  1.518786E+02  3.170618E+03
     66000  3.300000E+01        52
  7.090407E+13  4.798834E-02 -5.844187E+05  8.878018E+04 -6.795108E+05
  0.000000E+00  0.000000E+00  0.000000E+00  0.000000E+00 -5.844161E+05
  0.000000E+00 -9.434667E+03 -5.251269E+05  5.030685E+05  0.000000E+00
  0.000000E+00  0.000000E+00  0.000000E+00  3.853264E+06  1.147959E-05
  6.311885E+03  1.262377E+04  9.000000E+01  9.000000E+01  9.000000E+01
  0.000000E+00  1.290578E+00  7.090407E+13  1.435746E+00 -4.575876E-02
  1.754858E-02 -4.575876E-02  1.379986E+00  1.623366E-02  1.754858E-02
  1.623366E-02  1.056002E+00  8.168216E-01  3.796163E-01  4.035660E-01
  9.498065E-01  8.973609E+02  1.589432E+02  0.000000E+00  0.000000E+00
  0.000000E+00  1.589432E+02  0.000000E+00  0.000000E+00  0.000000E+00
  1.525264E+02  3.144988E+03
     67000  3.350000E+01        52
  7.090407E+13  5.469475E-02 -5.845989E+05  8.858705E+04 -6.795020E+05
  0.000000E+00  0.000000E+00  0.000000E+00  0.000000E+00 -5.845962E+05
  0.000000E+00 -9.365717E+03 -5.237527E+05  5.017548E+05  0.000000E+00
  0.000000E+00  0.000000E+00  0.000000E+00  3.905310E+06  1.321057E-05
  6.316089E+03  1.263218E+04  9.000000E+01  9.000000E+01  9.000000E+01
  0.000000E+00  1.264078E+00  7.090407E+13  1.407156E+00 -4.604515E-02
  2.086763E-02 -4.604515E-02  1.347822E+00  1.820041E-02  2.086763E-02
  1.820041E-02  1.037257E+00  8.704054E-01  4.079400E-01  4.323632E-01
  9.998987E-01  8.973649E+02  1.596556E+02  0.000000E+00  0.000000E+00
  0.000000E+00  1.596556E+02  0.000000E+00  0.000000E+00  0.000000E+00
  1.532100E+02  3.122019E+03
     68000  3.400000E+01        52
  7.090407E+13  6.238933E-02 -5.847932E+05  8.839339E+04 -6.795080E+05
  0.000000E+00  0.000000E+00  0.000000E+00  0.000000E+00 -5.847905E+05
  0.000000E+00 -9.310441E+03 -5.223462E+05  5.003930E+05  0.000000E+00
  0.000000E+00  0.000000E+00  0.000000E+00  3.961019E+06  1.499813E-05
  6.321402E+03  1.264280E+04  9.000000E+01  9.000000E+01  9.000000E+01
  0.000000E+00  1.238951E+00  7.090407E+13  1.384417E+00 -4.640961E-02
  2.092457E-02 -4.640961E-02  1.317259E+00  2.240770E-02  2.092457E-02
  2.240770E-02  1.015177E+00  9.294730E-01  4.388619E-01  4.637298E-01
  1.054773E+00  8.973699E+02  1.604112E+02  0.000000E+00  0.000000E+00
  0.000000E+00  1.604112E+02  0.000000E+00  0.000000E+00  0.000000E+00
  1.539351E+02  3.103609E+03
     69000  3.450000E+01        52
  7.090407E+13  6.998737E-02 -5.849953E+05  8.818891E+04 -6.795122E+05
  0.000000E+00  0.000000E+00  0.000000E+00  0.000000E+00 -5.849926E+05
  0.000000E+00 -9.245990E+03 -5.208573E+05  4.989555E+05  0.000000E+00
  0.000000E+00  0.000000E+00  0.000000E+00  4.020984E+06  1.553300E-05
  6.327924E+03  1.265585E+04  9.000000E+01  9.000000E+01  9.000000E+01
  0.000000E+00  1.212032E+00  7.090407E+13  1.363045E+00 -4.551175E-02
  2.356242E-02 -4.551175E-02  1.283775E+00  2.770346E-02  2.356242E-02
  2.770346E-02  9.892776E-01  9.936183E-01  4.728027E-01  4.980157E-01
  1.114848E+00  8.973849E+02  1.612166E+02  0.000000E+00  0.000000E+00
  0.000000E+00  1.612166E+02  0.000000E+00  0.000000E+00  0.000000E+00
  1.547080E+02  3.082141E+03
     70000  3.500000E+01        52
  7.090407E+13  8.276429E-02 -5.852111E+05  8.796980E+04 -6.795145E+05
  0.000000E+00  0.000000E+00  0.000000E+00  0.000000E+00 -5.852083E+05
  0.000000E+00 -9.173817E+03 -5.192820E+05  4.974411E+05  0.000000E+00
  0.000000E+00  0.000000E+00  0.000000E+00  4.085761E+06  2.877089E-05
  6.333567E+03  1.266713E+04  9.000000E+01  9.000000E+01  9.000000E+01
  0.000000E+00  1.183516E+00  7.090407E+13  1.333969E+00 -4.284156E-02
  2.358929E-02 -4.284156E-02  1.252449E+00  3.087575E-02  2.358929E-02
  3.087575E-02  9.641301E-01  1.064195E+00  5.101690E-01  5.357756E-01
  1.180719E+00  8.974202E+02  1.620777E+02  0.000000E+00  0.000000E+00
  0.000000E+00  1.620777E+02  0.000000E+00  0.000000E+00  0.000000E+00
  1.555344E+02  3.058110E+03
     71000  3.550000E+01        52
  7.090407E+13  9.062367E-02 -5.854372E+05  8.774107E+04 -6.795172E+05
  0.000000E+00  0.000000E+00  0.000000E+00  0.000000E+00 -5.854342E+05
  0.000000E+00 -9.105206E+03 -5.176184E+05  4.958352E+05  0.000000E+00
  0.000000E+00  0.000000E+00  0.000000E+00  4.156231E+06  1.750770E-05
  6.339017E+03  1.267803E+04  9.000000E+01  9.000000E+01  9.000000E+01
  0.000000E+00  1.154754E+00  7.090407E+13  1.306566E+00 -3.863736E-02
  2.746815E-02 -3.863736E-02  1.220692E+00  3.373419E-02  2.746815E-02
  3.373419E-02  9.370052E-01  1.141285E+00  5.515506E-01  5.776764E-01
  1.253088E+00  8.974702E+02  1.630042E+02  0.000000E+00  0.000000E+00
  0.000000E+00  1.630042E+02  0.000000E+00  0.000000E+00  0.000000E+00
  1.564235E+02  3.035256E+03
     72000  3.600000E+01        52
  7.090407E+13  1.047261E-01 -5.856760E+05  8.748614E+04 -6.795050E+05
  0.000000E+00  0.000000E+00  0.000000E+00  0.000000E+00 -5.856730E+05
  0.000000E+00 -8.987144E+03 -5.158027E+05  4.941298E+05  0.000000E+00
  0.000000E+00  0.000000E+00  0.000000E+00  4.233147E+06  2.141079E-05
  6.342889E+03  1.268578E+04  9.000000E+01  9.000000E+01  9.000000E+01
  0.000000E+00  1.119083E+00  7.090407E+13  1.266544E+00 -3.700748E-02
  3.373544E-02 -3.700748E-02  1.184080E+00  3.417401E-02  3.373544E-02
  3.417401E-02  9.066258E-01  1.226839E+00  5.975789E-01  6.242919E-01
  1.333224E+00  8.975298E+02  1.640036E+02  0.000000E+00  0.000000E+00
  0.000000E+00  1.640036E+02  0.000000E+00  0.000000E+00  0.000000E+00
  1.573825E+02  2.995931E+03
     73000  3.650000E+01        52
  7.090407E+13  1.209799E-01 -5.859272E+05  8.721809E+04 -6.794913E+05
  0.000000E+00  0.000000E+00  0.000000E+00  0.000000E+00 -5.859241E+05
  0.000000E+00 -8.861303E+03 -5.138809E+05  4.923274E+05  0.000000E+00
  0.000000E+00  0.000000E+00  0.000000E+00  4.317575E+06  2.002019E-05
  6.346062E+03  1.269212E+04  9.000000E+01  9.000000E+01  9.000000E+01
  0.000000E+00  1.081850E+00  7.090407E+13  1.223139E+00 -3.664146E-02
  3.881416E-02 -3.664146E-02  1.148160E+00  3.434091E-02  3.881416E-02
  3.434091E-02  8.742520E-01  1.321547E+00  6.491228E-01  6.765378E-01
  1.422343E+00  8.975982E+02  1.650868E+02  0.000000E+00  0.000000E+00
  0.000000E+00  1.650868E+02  0.000000E+00  0.000000E+00  0.000000E+00
  1.584219E+02  2.954018E+03
     74000  3.700000E+01        52
  7.090407E+13  1.492995E-01 -5.862002E+05  8.693982E+04 -6.794918E+05
  0.000000E+00  0.000000E+00  0.000000E+00  0.000000E+00 -5.861970E+05
  0.000000E+00 -8.739393E+03 -5.118651E+05  4.904221E+05  0.000000E+00
  0.000000E+00  0.000000E+00  0.000000E+00  4.411073E+06  3.162550E-05
  6.351817E+03  1.270363E+04  9.000000E+01  9.000000E+01  9.000000E+01
  0.000000E+00  1.044373E+00  7.090407E+13  1.177232E+00 -3.788770E-02
  4.207474E-02 -3.788770E-02  1.114609E+00  3.606097E-02  4.207474E-02
  3.606097E-02  8.412798E-01  1.428160E+00  7.073191E-01  7.353860E-01
  1.522538E+00  8.976777E+02  1.662699E+02  0.000000E+00  0.000000E+00
  0.000000E+00  1.662699E+02  0.000000E+00  0.000000E+00  0.000000E+00
  1.595573E+02  2.913440E+03
     75000  3.750000E+01        52
  7.090407E+13  1.887928E-01 -5.865025E+05  8.664767E+04 -6.795085E+05
  0.000000E+00  0.000000E+00  0.000000E+00  0.000000E+00 -5.864990E+05
  0.000000E+00 -8.633378E+03 -5.097260E+05  4.883759E+05  0.000000E+00
  0.000000E+00  0.000000E+00  0.000000E+00  4.516144E+06  4.707738E-05
  6.358350E+03  1.271670E+04  9.000000E+01  9.000000E+01  9.000000E+01
  0.000000E+00  1.007731E+00  7.090407E+13  1.128941E+00 -3.650869E-02
  4.695686E-02 -3.650869E-02  1.076959E+00  3.691299E-02  4.695686E-02
  3.691299E-02  8.172926E-01  1.550594E+00  7.738566E-01  8.025505E-01
  1.636479E+00  8.977720E+02  1.675798E+02  0.000000E+00  0.000000E+00
  0.000000E+00  1.675798E+02  0.000000E+00  0.000000E+00  0.000000E+00
  1.608143E+02  2.878183E+03
     76000  3.800000E+01        52
  7.090407E+13  2.432382E-01 -5.868480E+05  8.634425E+04 -6.795589E+05
  0.000000E+00  0.000000E+00  0.000000E+00  0.000000E+00 -5.868443E+05
  0.000000E+00 -8.542472E+03 -5.074588E+05  4.861830E+05  0.000000E+00
  0.000000E+00  0.000000E+00  0.000000E+00  4.636039E+06  5.495730E-05
  6.366672E+03  1.273334E+04  9.000000E+01  9.000000E+01  9.000000E+01
  0.000000E+00  9.713728E-01  7.090407E+13  1.084737E+00 -3.896868E-02
  5.718147E-02 -3.896868E-02  1.035244E+00  3.261862E-02  5.718147E-02
  3.261862E-02  7.941380E-01  1.691960E+00  8.511259E-01  8.804403E-01
  1.769057E+00  8.978865E+02  1.690498E+02  0.000000E+00  0.000000E+00
  0.000000E+00  1.690498E+02  0.000000E+00  0.000000E+00  0.000000E+00
  1.622250E+02  2.847994E+03
     77000  3.850000E+01        52
  7.090407E+13  2.994447E-01 -5.872168E+05  8.599559E+04 -6.795859E+05
  0.000000E+00  0.000000E+00  0.000000E+00  0.000000E+00 -5.872128E+05
  0.000000E+00 -8.384465E+03 -5.048768E+05  4.837454E+05  0.000000E+00
  0.000000E+00  0.000000E+00  0.000000E+00  4.775277E+06  5.355214E-05
  6.373468E+03  1.274694E+04  9.000000E+01  9.000000E+01  9.000000E+01
  0.000000E+00  9.256477E-01  7.090407E+13  1.030326E+00 -4.445805E-02
  6.181898E-02 -4.445805E-02  9.863437E-01  3.521797E-02  6.181898E-02
  3.521797E-02  7.602738E-01  1.855923E+00  9.423927E-01  9.719564E-01
  1.921484E+00  8.980198E+02  1.707255E+02  0.000000E+00  0.000000E+00
  0.000000E+00  1.707255E+02  0.000000E+00  0.000000E+00  0.000000E+00
  1.638331E+02  2.795441E+03
     78000  3.900000E+01        52
  7.090407E+13  4.105357E-01 -5.876330E+05  8.561253E+04 -6.796300E+05
  0.000000E+00  0.000000E+00  0.000000E+00  0.000000E+00 -5.876286E+05
  0.000000E+00 -8.217741E+03 -5.020159E+05  4.810293E+05  0.000000E+00
  0.000000E+00  0.000000E+00  0.000000E+00  4.939853E+06  8.641715E-05
  6.384442E+03  1.276888E+04  9.000000E+01  9.000000E+01  9.000000E+01
  0.000000E+00  8.770931E-01  7.090407E+13  9.726229E-01 -4.384151E-02
  6.220490E-02 -4.384151E-02  9.309755E-01  3.129402E-02  6.220490E-02
  3.129402E-02  7.276809E-01  2.052577E+00  1.052373E+00  1.082127E+00
  2.104038E+00  8.981812E+02  1.726648E+02  0.000000E+00  0.000000E+00
  0.000000E+00  1.726648E+02  0.000000E+00  0.000000E+00  0.000000E+00
  1.656940E+02  2.740096E+03
     79000  3.950000E+01        52
  7.090407E+13  5.878699E-01 -5.881238E+05  8.518688E+04 -6.797132E+05
  0.000000E+00  0.000000E+00  0.000000E+00  0.000000E+00 -5.881187E+05
  0.000000E+00 -8.032870E+03 -4.987879E+05  4.779500E+05  0.000000E+00
  0.000000E+00  0.000000E+00  0.000000E+00  5.141294E+06  1.038016E-04
  6.402479E+03  1.280496E+04  9.000000E+01  9.000000E+01  9.000000E+01
  0.000000E+00  8.238879E-01  7.090407E+13  9.069893E-01 -4.655567E-02
  6.279121E-02 -4.655567E-02  8.764109E-01  2.813118E-02  6.279121E-02
  2.813118E-02  6.882636E-01  2.298798E+00  1.188546E+00  1.217652E+00
  2.329452E+00  8.983743E+02  1.749806E+02  0.000000E+00  0.000000E+00
  0.000000E+00  1.749806E+02  0.000000E+00  0.000000E+00  0.000000E+00
  1.679163E+02  2.678839E+03
     80000  4.000000E+01        52
  7.090407E+13  9.269275E-01 -5.887078E+05  8.469007E+04 -6.798179E+05
  0.000000E+00  0.000000E+00  0.000000E+00  0.000000E+00 -5.887015E+05
  0.000000E+00 -7.774875E+03 -4.949669E+05  4.743520E+05  0.000000E+00
  0.000000E+00  0.000000E+00  0.000000E+00  5.398520E+06  1.849289E-04
  6.420036E+03  1.284007E+04  9.000000E+01  9.000000E+01  9.000000E+01
  0.000000E+00  7.596482E-01  7.090407E+13  8.289943E-01 -3.716096E-02
  5.935591E-02 -3.716096E-02  8.120305E-01  2.429761E-02  5.935591E-02
  2.429761E-02  6.379199E-01  2.613931E+00  1.363978E+00  1.391747E+00
  2.619809E+00  8.986716E+02  1.778514E+02  0.000000E+00  0.000000E+00
  0.000000E+00  1.778514E+02  0.000000E+00  0.000000E+00  0.000000E+00
  1.706712E+02  2.593542E+03
     81000  4.050000E+01        52
  7.090407E+13  1.779846E+00 -5.894403E+05  8.411052E+04 -6.799960E+05
  0.000000E+00  0.000000E+00  0.000000E+00  0.000000E+00 -5.894312E+05
  0.000000E+00 -7.418430E+03 -4.903226E+05  4.700139E+05  0.000000E+00
  0.000000E+00  0.000000E+00  0.000000E+00  5.750431E+06  6.088611E-04
  6.445110E+03  1.289022E+04  9.000000E+01  9.000000E+01  9.000000E+01
  0.000000E+00  6.809737E-01  7.090407E+13  7.494714E-01 -3.245507E-02
  4.320660E-02 -3.245507E-02  7.220961E-01  1.676257E-02  4.320660E-02
  1.676257E-02  5.713536E-01  3.045864E+00  1.606785E+00  1.630296E+00
  3.015519E+00  8.990552E+02  1.816348E+02  0.000000E+00  0.000000E+00
  0.000000E+00  1.816348E+02  0.000000E+00  0.000000E+00  0.000000E+00
  1.743019E+02  2.476491E+03
     82000  4.100000E+01        52
  7.090407E+13  4.315595E+00 -5.904432E+05  8.338881E+04 -6.803186E+05
  0.000000E+00  0.000000E+00  0.000000E+00  0.000000E+00 -5.904258E+05
  0.000000E+00 -6.970196E+03 -4.842583E+05  4.643148E+05  0.000000E+00
  0.000000E+00  0.000000E+00  0.000000E+00  6.303898E+06  7.066573E-04
  6.486639E+03  1.297328E+04  9.000000E+01  9.000000E+01  9.000000E+01
  0.000000E+00  5.850239E-01  7.090407E+13  6.419960E-01 -3.241978E-02
  3.586186E-02 -3.241978E-02  6.237667E-01  1.647644E-02  3.586186E-02
  1.647644E-02  4.893090E-01  3.712813E+00  1.986959E+00  2.002929E+00
  3.624744E+00  8.998094E+02  1.872846E+02  0.000000E+00  0.000000E+00
  0.000000E+00  1.872846E+02  0.000000E+00  0.000000E+00  0.000000E+00
  1.797236E+02  2.332324E+03
     83000  4.150000E+01        52
  7.090407E+13  2.581855E+01 -5.921496E+05  8.219506E+04 -6.809096E+05
  0.000000E+00  0.000000E+00  0.000000E+00  0.000000E+00 -5.920648E+05
  0.000000E+00 -5.761070E+03 -4.739057E+05  4.550147E+05  0.000000E+00
  0.000000E+00  0.000000E+00  0.000000E+00  7.510049E+06  1.044341E-02
  6.564980E+03  1.312996E+04  9.000000E+01  9.000000E+01  9.000000E+01
  0.000000E+00  4.155695E-01  7.090407E+13  4.754191E-01 -1.437430E-02
  2.000178E-02 -1.437430E-02  4.362443E-01  2.135211E-02  2.000178E-02
  2.135211E-02  3.350451E-01  5.118511E+00  2.806442E+00  2.825418E+00
  4.920673E+00  9.010486E+02  1.985393E+02  0.000000E+00  0.000000E+00
  0.000000E+00  1.985393E+02  0.000000E+00  0.000000E+00  0.000000E+00
  1.905240E+02  1.973752E+03
     84000  4.200000E+01        52
  7.090407E+13  7.429569E+02 -5.964576E+05  7.662485E+04 -6.797229E+05
  0.000000E+00  0.000000E+00  0.000000E+00  0.000000E+00 -5.941388E+05
  0.000000E+00  4.389648E+03 -4.270474E+05  4.181562E+05  0.000000E+00
  0.000000E+00  0.000000E+00  0.000000E+00  2.219890E+07  3.922718E-01
  6.640456E+03  1.328091E+04  9.000000E+01  9.000000E+01  9.000000E+01
  0.000000E+00  5.219950E-03  7.090407E+13  1.496322E-02  3.896265E-04
 -5.423597E-03  3.896265E-04 -2.365879E-03  4.361728E-03 -5.423597E-03
  4.361728E-03  3.062508E-03  1.670421E+01  1.048654E+01  1.099624E+01
  1.580099E+01  9.111553E+02  2.849330E+02  0.000000E+00  0.000000E+00
  0.000000E+00  2.849330E+02  0.000000E+00  0.000000E+00  0.000000E+00
  2.734298E+02  7.328310E+01
