title: #Li56 La24 Zr16 O96                                                     
energy unitS: electron Volts
         0  0.000000E+00        52
 -1.162969E+05  7.500000E+02 -1.167994E+05  1.362317E+04 -1.304225E+05
  0.000000E+00  0.000000E+00  0.000000E+00  0.000000E+00 -1.162969E+05
  0.000000E+00  3.377908E+04 -9.662661E+04  1.304057E+05  0.000000E+00
  0.000000E+00  0.000000E+00  0.000000E+00  6.008194E+04  0.000000E+00
  0.000000E+00  0.000000E+00  9.000000E+01  9.000000E+01  9.000000E+01
  0.000000E+00 -2.875148E+02  0.000000E+00 -3.010558E+02 -1.189910E-01
 -3.798560E-02 -1.189910E-01 -3.008052E+02 -6.447199E-02 -3.798560E-02
 -6.447199E-02 -2.606833E+02  0.000000E+00  0.000000E+00  0.000000E+00
  0.000000E+00  0.000000E+00  3.970821E+01  0.000000E+00  0.000000E+00
  0.000000E+00  3.970821E+01  0.000000E+00  0.000000E+00  0.000000E+00
  3.810512E+01 -1.092471E+04
      1000  5.000000E-01        52
 -1.235705E+05  7.500000E+02 -1.240737E+05  2.437740E+04 -1.496302E+05
  0.000000E+00  0.000000E+00  0.000000E+00  0.000000E+00 -1.235712E+05
  0.000000E+00  2.267957E+03 -1.496855E+05  1.495953E+05  0.000000E+00
  0.000000E+00  0.000000E+00  0.000000E+00  5.922345E+04  2.504505E-02
  1.179104E+03  2.358209E+03  9.000000E+01  9.000000E+01  9.000000E+01
  0.000000E+00 -1.124058E+01  7.048305E-01 -2.126786E+01 -1.143213E+00
 -1.627340E+00 -1.143213E+00 -2.104849E+01  8.188271E-02 -1.627340E+00
  8.188271E-02  8.594595E+00  2.297950E+00  8.915736E-01  9.329699E-01
  1.717538E+00  1.715447E+00  3.951818E+01  0.000000E+00  0.000000E+00
  0.000000E+00  3.951818E+01  0.000000E+00  0.000000E+00  0.000000E+00
  3.792276E+01 -4.210063E+02
      2000  1.000000E+00        52
 -8.673065E+04  8.516192E+02 -1.189878E+05  1.973106E+04 -1.400460E+05
  0.000000E+00  0.000000E+00  0.000000E+00  0.000000E+00 -1.184172E+05
  0.000000E+00  2.837430E+04 -1.136292E+05  1.393492E+05  0.000000E+00
  0.000000E+00  0.000000E+00  0.000000E+00  1.271335E+05  1.656259E+02
  1.327163E+03  2.654325E+03  9.000000E+01  9.000000E+01  9.000000E+01
  0.000000E+00 -1.129045E+02  3.168663E+04 -1.152859E+02  8.529703E-01
  9.859161E-01  8.529703E-01 -1.153019E+02  1.528245E+00  9.859161E-01
  1.528245E+00 -1.081257E+02  4.106519E+00  1.536938E+00  1.441194E+00
  3.988317E+00  3.587292E+03  5.097834E+01  0.000000E+00  0.000000E+00
  0.000000E+00  5.097834E+01  0.000000E+00  0.000000E+00  0.000000E+00
  4.892025E+01 -9.077734E+03
      3000  1.500000E+00        52
 -8.030895E+04  7.611104E+02 -1.209356E+05  2.484252E+04 -1.475106E+05
  0.000000E+00  0.000000E+00  0.000000E+00  0.000000E+00 -1.204256E+05
  0.000000E+00  5.086096E+03 -1.437269E+05  1.453480E+05  0.000000E+00
  0.000000E+00  0.000000E+00  0.000000E+00  1.815601E+05  1.112685E+01
  1.732500E+03  3.465000E+03  9.000000E+01  9.000000E+01  9.000000E+01
  0.000000E+00 -1.180453E+01  4.011673E+04 -1.186845E+01  1.067785E-01
  8.634440E-01  1.067785E-01 -1.274257E+01  3.238229E-01  8.634440E-01
  3.238229E-01 -1.080256E+01  9.317915E+00  6.192000E+00  4.606993E+00
  1.093611E+01  5.015005E+03  5.740801E+01  0.000000E+00  0.000000E+00
  0.000000E+00  5.740801E+01  0.000000E+00  0.000000E+00  0.000000E+00
  5.509034E+01 -1.355424E+03
      4000  2.000000E+00        52
 -6.479200E+04  7.500000E+02 -1.212039E+05  2.385250E+04 -1.467019E+05
  0.000000E+00  0.000000E+00  0.000000E+00  0.000000E+00 -1.207013E+05
  0.000000E+00  5.059525E+03 -1.393139E+05  1.410825E+05  0.000000E+00
  0.000000E+00  0.000000E+00  0.000000E+00  2.554073E+05  2.522674E-02
  1.645457E+03  3.290914E+03  9.000000E+01  9.000000E+01  9.000000E+01
  0.000000E+00 -8.367313E+00  5.590946E+04 -7.577512E+00 -4.181065E-01
  5.627797E-01 -4.181065E-01 -8.792531E+00  4.052713E-01  5.627797E-01
  4.052713E-01 -8.731896E+00  1.395839E+01  1.036261E+01  8.537989E+00
  1.733554E+01  6.505133E+03  6.432455E+01  0.000000E+00  0.000000E+00
  0.000000E+00  6.432455E+01  0.000000E+00  0.000000E+00  0.000000E+00
  6.172765E+01 -1.351529E+03
      5000  2.500000E+00        52
 -6.560431E+04  7.501954E+02 -1.220164E+05  2.482347E+04 -1.485865E+05
  0.000000E+00  0.000000E+00  0.000000E+00  0.000000E+00 -1.215136E+05
  0.000000E+00  7.551131E+02 -1.455335E+05  1.427953E+05  0.000000E+00
  0.000000E+00  0.000000E+00  0.000000E+00  2.548037E+05  7.473370E-01
  1.746667E+03  3.493334E+03  9.000000E+01  9.000000E+01  9.000000E+01
  0.000000E+00  5.173179E-01  5.590947E+04  5.755272E-01  6.564837E-02
  1.108739E+00  6.564837E-02  1.169511E+00  6.934606E-01  1.108739E+00
  6.934606E-01 -1.930846E-01  2.248735E+01  1.831386E+01  1.677827E+01
  2.727860E+01  6.527879E+03  6.427384E+01  0.000000E+00  0.000000E+00
  0.000000E+00  6.427384E+01  0.000000E+00  0.000000E+00  0.000000E+00
  6.167899E+01  8.336223E+01
      6000  3.000000E+00        52
 -6.599176E+04  7.516002E+02 -1.224048E+05  2.480612E+04 -1.489700E+05
  0.000000E+00  0.000000E+00  0.000000E+00  0.000000E+00 -1.219011E+05
  0.000000E+00  1.763398E+02 -1.463738E+05  1.430319E+05  0.000000E+00
  0.000000E+00  0.000000E+00  0.000000E+00  2.554557E+05  1.737734E+00
  1.759100E+03  3.518199E+03  9.000000E+01  9.000000E+01  9.000000E+01
  0.000000E+00  1.714050E+00  5.590949E+04  2.544510E+00 -1.730796E-01
  1.119228E+00 -1.730796E-01  1.917857E+00  3.739716E-01  1.119228E+00
  3.739716E-01  6.797825E-01  3.052232E+01  2.561974E+01  2.413925E+01
  3.527635E+01  6.535472E+03  6.432861E+01  0.000000E+00  0.000000E+00
  0.000000E+00  6.432861E+01  0.000000E+00  0.000000E+00  0.000000E+00
  6.173155E+01  2.769141E+02
      7000  3.500000E+00        52
 -6.618432E+04  7.500000E+02 -1.225963E+05  2.479350E+04 -1.491173E+05
  0.000000E+00  0.000000E+00  0.000000E+00  0.000000E+00 -1.220937E+05
  0.000000E+00 -1.109911E+02 -1.466795E+05  1.431135E+05  0.000000E+00
  0.000000E+00  0.000000E+00  0.000000E+00  2.564061E+05  2.493705E-02
  1.727499E+03  3.454999E+03  9.000000E+01  9.000000E+01  9.000000E+01
  0.000000E+00  2.293935E+00  5.590950E+04  2.075874E+00 -3.703500E-02
  1.638203E+00 -3.703500E-02  2.395343E+00  3.312918E-01  1.638203E+00
  3.312918E-01  2.410587E+00  3.682783E+01  3.125645E+01  2.999522E+01
  4.139605E+01  6.542735E+03  6.440829E+01  0.000000E+00  0.000000E+00
  0.000000E+00  6.440829E+01  0.000000E+00  0.000000E+00  0.000000E+00
  6.180801E+01  3.719764E+02
      8000  4.000000E+00        52
 -6.633827E+04  7.498861E+02 -1.227502E+05  2.463386E+04 -1.490758E+05
  0.000000E+00  0.000000E+00  0.000000E+00  0.000000E+00 -1.222476E+05
  0.000000E+00  2.510787E+01 -1.462532E+05  1.428948E+05  0.000000E+00
  0.000000E+00  0.000000E+00  0.000000E+00  2.576343E+05  3.785040E-01
  1.691735E+03  3.383470E+03  9.000000E+01  9.000000E+01  9.000000E+01
  0.000000E+00  2.004251E+00  5.590949E+04  1.415116E+00 -1.225393E-01
  9.888737E-01 -1.225393E-01  3.427446E+00 -7.813310E-02  9.888737E-01
 -7.813310E-02  1.170191E+00  4.058347E+01  3.468026E+01  3.321806E+01
  4.501658E+01  6.547809E+03  6.451097E+01  0.000000E+00  0.000000E+00
  0.000000E+00  6.451097E+01  0.000000E+00  0.000000E+00  0.000000E+00
  6.190654E+01  3.265592E+02
      9000  4.500000E+00        52
 -6.647819E+04  7.504573E+02 -1.228905E+05  2.468830E+04 -1.492668E+05
  0.000000E+00  0.000000E+00  0.000000E+00  0.000000E+00 -1.223875E+05
  0.000000E+00 -4.488733E+02 -1.467642E+05  1.429394E+05  0.000000E+00
  0.000000E+00  0.000000E+00  0.000000E+00  2.593076E+05  1.907818E+00
  1.687991E+03  3.375982E+03  9.000000E+01  9.000000E+01  9.000000E+01
  0.000000E+00  2.956300E+00  5.590950E+04  2.895764E+00  1.549661E-01
  5.996183E-01  1.549661E-01  4.253851E+00  6.655546E-01  5.996183E-01
  6.655546E-01  1.719285E+00  4.313894E+01  3.713601E+01  3.570624E+01
  4.765962E+01  6.549504E+03  6.465033E+01  0.000000E+00  0.000000E+00
  0.000000E+00  6.465033E+01  0.000000E+00  0.000000E+00  0.000000E+00
  6.204028E+01  4.848080E+02
     10000  5.000000E+00        52
 -6.657147E+04  7.500000E+02 -1.229834E+05  2.473371E+04 -1.493811E+05
  0.000000E+00  0.000000E+00  0.000000E+00  0.000000E+00 -1.224808E+05
  0.000000E+00 -1.060863E+03 -1.471885E+05  1.427996E+05  0.000000E+00
  0.000000E+00  0.000000E+00  0.000000E+00  2.613370E+05  2.489144E-02
  1.663985E+03  3.327970E+03  9.000000E+01  9.000000E+01  9.000000E+01
  0.000000E+00  4.166394E+00  5.590951E+04  3.724634E+00 -1.008725E+00
  5.115715E-01 -1.008725E+00  5.592890E+00  1.902440E-01  5.115715E-01
  1.902440E-01  3.181660E+00  4.481309E+01  3.918267E+01  3.745287E+01
  4.951171E+01  6.550969E+03  6.481855E+01  0.000000E+00  0.000000E+00
  0.000000E+00  6.481855E+01  0.000000E+00  0.000000E+00  0.000000E+00
  6.220171E+01  6.886004E+02
     11000  5.500000E+00        52
 -6.657067E+04  7.566660E+02 -1.233502E+05  2.291153E+04 -1.477657E+05
  0.000000E+00  0.000000E+00  0.000000E+00  0.000000E+00 -1.228430E+05
  0.000000E+00  6.197079E+02 -1.371486E+05  1.347604E+05  0.000000E+00
  0.000000E+00  0.000000E+00  0.000000E+00  3.595160E+05  1.703836E+00
  1.503994E+03  3.007989E+03  9.000000E+01  9.000000E+01  9.000000E+01
  0.000000E+00  5.778688E-01  5.627256E+04  1.227630E-01 -1.193115E+00
  1.386375E+00 -1.193115E+00  1.743143E+00  3.482920E-01  1.386375E+00
  3.482920E-01 -1.322993E-01  1.891318E+00  1.756487E+00  1.456524E+00
  2.082273E+00  1.871569E+00  7.208946E+01  0.000000E+00  0.000000E+00
  0.000000E+00  7.208946E+01  0.000000E+00  0.000000E+00  0.000000E+00
  6.917907E+01  1.313873E+02
     12000  6.000000E+00        52
 -6.655415E+04  5.731875E+02 -1.263638E+05  1.869628E+04 -1.464280E+05
  0.000000E+00  0.000000E+00  0.000000E+00  0.000000E+00 -1.259792E+05
  0.000000E+00 -1.384628E+03 -1.106212E+05  1.065009E+05  0.000000E+00
  0.000000E+00  0.000000E+00  0.000000E+00  1.059201E+06  4.044702E-01
  1.367839E+03  2.735677E+03  9.000000E+01  9.000000E+01  9.000000E+01
  0.000000E+00  1.071195E+00  5.942569E+04  1.014359E+00 -1.772082E-01
 -4.219959E-02 -1.772082E-01  1.076500E+00  1.510291E-01 -4.219959E-02
  1.510291E-01  1.122724E+00  8.957929E+00  7.385373E+00  6.392183E+00
  8.752561E+00  8.252950E+00  1.033455E+02  0.000000E+00  0.000000E+00
  0.000000E+00  1.033455E+02  0.000000E+00  0.000000E+00  0.000000E+00
  9.917330E+01  7.175508E+02
     13000  6.500000E+00        52
 -6.651805E+04  5.759564E+02 -1.287050E+05  1.687822E+04 -1.470339E+05
  0.000000E+00  0.000000E+00  0.000000E+00  0.000000E+00 -1.283167E+05
  0.000000E+00  1.976682E+02 -9.507428E+04  9.237075E+04  0.000000E+00
  0.000000E+00  0.000000E+00  0.000000E+00  3.891113E+06  3.995998E-01
  1.450597E+03  2.901194E+03  9.000000E+01  9.000000E+01  9.000000E+01
  0.000000E+00  7.776077E-02  6.180112E+04  9.176916E-02  1.573460E-02
 -1.679241E-02  1.573460E-02  5.028927E-02  4.190270E-02 -1.679241E-02
  4.190270E-02  9.122387E-02  2.378005E+01  1.750489E+01  1.574888E+01
  2.211939E+01  2.105407E+01  1.594619E+02  0.000000E+00  0.000000E+00
  0.000000E+00  1.594619E+02  0.000000E+00  0.000000E+00  0.000000E+00
  1.530241E+02  1.913553E+02
     14000  7.000000E+00        52
 -6.649926E+04  6.010181E+02 -1.294066E+05  1.689434E+04 -1.478506E+05
  0.000000E+00  0.000000E+00  0.000000E+00  0.000000E+00 -1.289946E+05
  0.000000E+00  6.187158E+02 -9.279572E+04  9.031501E+04  0.000000E+00
  0.000000E+00  0.000000E+00  0.000000E+00  1.472272E+07  8.627316E-01
  1.549713E+03  3.099426E+03  9.000000E+01  9.000000E+01  9.000000E+01
  0.000000E+00  6.680262E-03  6.250465E+04  8.397802E-03 -1.532458E-03
  2.435608E-03 -1.532458E-03  4.865202E-03  6.397275E-03  2.435608E-03
  6.397275E-03  6.777783E-03  4.576121E+01  3.489406E+01  3.399920E+01
  4.361204E+01  4.195263E+01  2.484820E+02  0.000000E+00  0.000000E+00
  0.000000E+00  2.484820E+02  0.000000E+00  0.000000E+00  0.000000E+00
  2.384504E+02  6.219959E+01
