title: # Li56 La24 Zr16 O96                                                    
energy unitS: electron Volts
         0  0.000000E+00        52
 -5.388817E+05  6.000000E+02 -5.407429E+05  6.307024E+04 -6.038132E+05
  0.000000E+00  0.000000E+00  0.000000E+00  0.000000E+00 -5.388815E+05
  0.000000E+00  1.563293E+05 -4.473454E+05  6.036747E+05  0.000000E+00
  0.000000E+00  0.000000E+00  0.000000E+00  2.781571E+05  0.000000E+00
  0.000000E+00  0.000000E+00  9.000000E+01  9.000000E+01  9.000000E+01
  0.000000E+00 -2.891720E+02  0.000000E+00 -3.025507E+02 -2.409291E-02
  2.463388E-03 -2.409291E-02 -3.025200E+02  4.188118E-02  2.463388E-03
  4.188118E-02 -2.624454E+02  0.000000E+00  0.000000E+00  0.000000E+00
  0.000000E+00  0.000000E+00  6.618035E+01  0.000000E+00  0.000000E+00
  0.000000E+00  6.618035E+01  0.000000E+00  0.000000E+00  0.000000E+00
  6.350853E+01 -5.086892E+04
      1000  5.000000E-01        52
 -1.261504E+05  6.000000E+02 -5.614270E+05  8.552995E+04 -6.514599E+05
  0.000000E+00  0.000000E+00  0.000000E+00  0.000000E+00 -5.595655E+05
  0.000000E+00  1.543247E+05 -5.048002E+05  6.501189E+05  0.000000E+00
  0.000000E+00  0.000000E+00  0.000000E+00  4.193109E+05  2.189363E-02
  4.502989E+03  9.005977E+03  9.000000E+01  9.000000E+01  9.000000E+01
  0.000000E+00 -1.893075E+02  4.334153E+05 -2.020883E+02 -4.903709E-01
  3.699514E-01 -4.903709E-01 -2.024992E+02 -5.283949E-01  3.699514E-01
 -5.283949E-01 -1.633350E+02  2.594289E+00  6.684510E-01  6.757931E-01
  1.660223E+00  1.369395E+03  7.588298E+01  0.000000E+00  0.000000E+00
  0.000000E+00  7.588298E+01  0.000000E+00  0.000000E+00  0.000000E+00
  7.281945E+01 -5.020072E+04
      2000  1.000000E+00        52
 -1.358423E+05  6.002475E+02 -5.710940E+05  1.108938E+05 -6.882032E+05
  0.000000E+00  0.000000E+00  0.000000E+00  0.000000E+00 -5.692318E+05
  0.000000E+00  3.531778E+04 -6.642448E+05  6.871318E+05  0.000000E+00
  0.000000E+00  0.000000E+00  0.000000E+00  3.923871E+05  1.082986E+00
  6.215352E+03  1.243070E+04  9.000000E+01  9.000000E+01  9.000000E+01
  0.000000E+00 -4.243834E+01  4.333897E+05 -4.432108E+01  4.528470E-02
  7.763363E-01  4.528470E-02 -4.360461E+01 -3.387156E-01  7.763363E-01
 -3.387156E-01 -3.938931E+01  4.845342E+00  3.042447E+00  2.204145E+00
  4.182407E+00  1.371076E+03  7.422278E+01  0.000000E+00  0.000000E+00
  0.000000E+00  7.422278E+01  0.000000E+00  0.000000E+00  0.000000E+00
  7.122628E+01 -1.053123E+04
      3000  1.500000E+00        52
 -1.369195E+05  5.998973E+02 -5.721704E+05  1.121623E+05 -6.906043E+05
  0.000000E+00  0.000000E+00  0.000000E+00  0.000000E+00 -5.703092E+05
  0.000000E+00  2.892945E+04 -6.732781E+05  6.896643E+05  0.000000E+00
  0.000000E+00  0.000000E+00  0.000000E+00  3.795566E+05  1.702166E+00
  6.271663E+03  1.254333E+04  9.000000E+01  9.000000E+01  9.000000E+01
  0.000000E+00 -3.500472E+01  4.333899E+05 -3.551172E+01 -8.942457E-01
  1.030968E-01 -8.942457E-01 -3.652368E+01 -3.952703E-01  1.030968E-01
 -3.952703E-01 -3.297874E+01  5.974075E+00  4.260540E+00  3.158696E+00
  5.479474E+00  1.371916E+03  7.340481E+01  0.000000E+00  0.000000E+00
  0.000000E+00  7.340481E+01  0.000000E+00  0.000000E+00  0.000000E+00
  7.044133E+01 -8.402512E+03
      4000  2.000000E+00        52
 -1.375125E+05  6.000000E+02 -5.727639E+05  1.127180E+05 -6.918071E+05
  0.000000E+00  0.000000E+00  0.000000E+00  0.000000E+00 -5.709024E+05
  0.000000E+00  2.591654E+04 -6.776909E+05  6.909570E+05  0.000000E+00
  0.000000E+00  0.000000E+00  0.000000E+00  3.690607E+05  1.997949E-02
  6.325236E+03  1.265047E+04  9.000000E+01  9.000000E+01  9.000000E+01
  0.000000E+00 -3.169643E+01  4.333902E+05 -3.227532E+01 -5.968350E-01
  5.661764E-01 -5.968350E-01 -3.302746E+01  6.090019E-01  5.661764E-01
  6.090019E-01 -2.978651E+01  6.575819E+00  4.843138E+00  3.727336E+00
  6.191463E+00  1.372022E+03  7.272185E+01  0.000000E+00  0.000000E+00
  0.000000E+00  7.272185E+01  0.000000E+00  0.000000E+00  0.000000E+00
  6.978594E+01 -7.397996E+03
      5000  2.500000E+00        52
  4.196187E+05  1.268073E+03 -5.595054E+05  7.446740E+04 -6.451448E+05
  0.000000E+00  0.000000E+00  0.000000E+00  0.000000E+00 -5.555713E+05
  0.000000E+00  2.054020E+05 -4.599110E+05  6.429689E+05  0.000000E+00
  0.000000E+00  0.000000E+00  0.000000E+00  4.798187E+05  1.308522E+03
  1.117204E+04  2.234407E+04  9.000000E+01  9.000000E+01  9.000000E+01
  0.000000E+00 -2.169894E+02  9.751903E+05 -2.222561E+02  1.899010E+00
  1.306660E+00  1.899010E+00 -2.271516E+02 -5.082982E+00  1.306660E+00
 -5.082982E+00 -2.015606E+02  7.069127E+00  5.337521E+00  4.092649E+00
  6.747000E+00  2.332693E+03  7.937031E+01  0.000000E+00  0.000000E+00
  0.000000E+00  7.937031E+01  0.000000E+00  0.000000E+00  0.000000E+00
  7.616598E+01 -6.584485E+04
      6000  3.000000E+00        52
  3.338462E+06  7.158852E+02 -5.648626E+05  1.035893E+05 -6.737131E+05
  0.000000E+00  0.000000E+00  0.000000E+00  0.000000E+00 -5.626414E+05
  0.000000E+00  6.506701E+04 -6.135472E+05  6.680917E+05  0.000000E+00
  0.000000E+00  0.000000E+00  0.000000E+00  6.179731E+05  2.252464E+02
  5.261251E+03  1.052250E+04  9.000000E+01  9.000000E+01  9.000000E+01
  0.000000E+00 -5.170807E+01  3.901104E+06 -5.113638E+01 -1.419125E+00
  1.374619E+00 -1.419125E+00 -5.245644E+01 -1.606704E+00  1.374619E+00
 -1.606704E+00 -5.153138E+01  8.603985E+00  6.730496E+00  4.992349E+00
  1.088803E+01  3.365554E+03  8.635527E+01  0.000000E+00  0.000000E+00
  0.000000E+00  8.635527E+01  0.000000E+00  0.000000E+00  0.000000E+00
  8.286895E+01 -2.020849E+04
      7000  3.500000E+00        52
  7.218691E+06  6.000000E+02 -5.605378E+05  1.058052E+05 -6.724680E+05
  0.000000E+00  0.000000E+00  0.000000E+00  0.000000E+00 -5.586759E+05
  0.000000E+00  4.376143E+04 -6.185903E+05  6.501015E+05  0.000000E+00
  0.000000E+00  0.000000E+00  0.000000E+00  9.840262E+05  2.083545E-02
  6.125091E+03  1.225018E+04  9.000000E+01  9.000000E+01  9.000000E+01
  0.000000E+00 -2.144608E+01  7.777368E+06 -2.294272E+01  3.045216E-01
 -3.288968E-01  3.045216E-01 -1.813292E+01  1.298236E+00 -3.288968E-01
  1.298236E+00 -2.326260E+01  1.130436E+01  9.151672E+00  6.928148E+00
  1.646664E+01  5.068661E+03  1.008404E+02  0.000000E+00  0.000000E+00
  0.000000E+00  1.008404E+02  0.000000E+00  0.000000E+00  0.000000E+00
  9.676929E+01 -1.334629E+04
      8000  4.000000E+00        52
  7.231655E+06  6.112580E+02 -5.640987E+05  1.120573E+05 -6.831926E+05
  0.000000E+00  0.000000E+00  0.000000E+00  0.000000E+00 -5.622018E+05
  0.000000E+00  8.379142E+03 -6.558984E+05  6.502042E+05  0.000000E+00
  0.000000E+00  0.000000E+00  0.000000E+00  1.133445E+06  2.035223E+01
  7.036639E+03  1.407328E+04  9.000000E+01  9.000000E+01  9.000000E+01
  0.000000E+00 -2.132928E+00  7.793857E+06 -1.808593E+00  1.128754E-01
  9.984538E-02  1.128754E-01 -1.529590E+00 -7.602640E-01  9.984538E-02
 -7.602640E-01 -3.060601E+00  1.492168E+01  1.241773E+01  9.682948E+00
  2.573746E+01  5.417734E+03  1.057059E+02  0.000000E+00  0.000000E+00
  0.000000E+00  1.057059E+02  0.000000E+00  0.000000E+00  0.000000E+00
  1.014383E+02 -1.528913E+03
      9000  4.500000E+00        52
  7.264495E+06  1.441868E+03 -5.668156E+05  1.109627E+05 -6.854380E+05
  0.000000E+00  0.000000E+00  0.000000E+00  0.000000E+00 -5.623418E+05
  0.000000E+00 -9.651415E+03 -6.525416E+05  6.275707E+05  0.000000E+00
  0.000000E+00  0.000000E+00  0.000000E+00  1.450245E+06  1.718331E+03
  7.659753E+03  1.531951E+04  9.000000E+01  9.000000E+01  9.000000E+01
  0.000000E+00  6.758919E+00  7.826838E+06  1.148526E+01 -1.449050E+00
 -1.692230E+00 -1.449050E+00  5.467245E+00  1.531167E-01 -1.692230E+00
  1.531167E-01  3.324251E+00  2.038467E+01  1.727174E+01  1.413656E+01
  3.685914E+01  5.936158E+03  1.147571E+02  0.000000E+00  0.000000E+00
  0.000000E+00  1.147571E+02  0.000000E+00  0.000000E+00  0.000000E+00
  1.101241E+02  6.199045E+03
     10000  5.000000E+00        52
  7.266748E+06  6.000000E+02 -5.705133E+05  1.079158E+05 -6.852434E+05
  0.000000E+00  0.000000E+00  0.000000E+00  0.000000E+00 -5.686509E+05
  0.000000E+00 -1.876753E+04 -6.388944E+05  6.064982E+05  0.000000E+00
  0.000000E+00  0.000000E+00  0.000000E+00  1.716783E+06  1.954481E-02
  6.814329E+03  1.362866E+04  9.000000E+01  9.000000E+01  9.000000E+01
  0.000000E+00  6.904756E+00  7.835400E+06  7.300915E+00  5.716524E-01
  5.021429E-01  5.716524E-01  7.037368E+00 -1.555844E-01  5.021429E-01
 -1.555844E-01  6.375986E+00  2.370780E+01  2.024528E+01  1.694838E+01
  5.087784E+01  6.330255E+03  1.213959E+02  0.000000E+00  0.000000E+00
  0.000000E+00  1.213959E+02  0.000000E+00  0.000000E+00  0.000000E+00
  1.164950E+02  7.496694E+03
     11000  5.500000E+00        52
  1.992226E+17  0.000000E+00 -5.705231E+05  9.220427E+04 -6.700515E+05
  0.000000E+00  0.000000E+00  0.000000E+00  0.000000E+00 -5.705218E+05
  0.000000E+00  3.739634E+04 -5.501821E+05  5.729301E+05  0.000000E+00
  0.000000E+00  0.000000E+00  0.000000E+00  1.997425E+06  0.000000E+00
  7.324204E+03  1.464841E+04  9.000000E+01  9.000000E+01  9.000000E+01
  0.000000E+00 -9.868050E+00  1.992226E+17 -9.230342E+00  4.691298E-01
  9.959753E-02  4.691298E-01 -9.615041E+00 -4.564026E-01  9.959753E-02
 -4.564026E-01 -1.075877E+01  1.486495E-02  4.501309E-03  5.024508E-03
  9.572638E-02  4.293416E+02  1.276799E+02  0.000000E+00  0.000000E+00
  0.000000E+00  1.276799E+02  0.000000E+00  0.000000E+00  0.000000E+00
  1.225252E+02 -1.246545E+04
     12000  6.000000E+00        52
  1.992226E+17  0.000000E+00 -5.708732E+05  9.485158E+04 -6.724593E+05
  0.000000E+00  0.000000E+00  0.000000E+00  0.000000E+00 -5.708720E+05
  0.000000E+00  2.515415E+04 -5.641258E+05  5.758110E+05  0.000000E+00
  0.000000E+00  0.000000E+00  0.000000E+00  1.997425E+06  0.000000E+00
  6.734441E+03  1.346888E+04  9.000000E+01  9.000000E+01  9.000000E+01
  0.000000E+00 -6.637612E+00  1.992226E+17 -5.991620E+00  4.529149E-01
  1.177267E-01  4.529149E-01 -6.303902E+00 -4.612916E-01  1.177267E-01
 -4.612916E-01 -7.617314E+00  1.486495E-02  4.501309E-03  5.024508E-03
  9.572638E-02  4.293416E+02  1.276799E+02  0.000000E+00  0.000000E+00
  0.000000E+00  1.276799E+02  0.000000E+00  0.000000E+00  0.000000E+00
  1.225252E+02 -8.384716E+03
     13000  6.500000E+00        52
  1.992226E+17  0.000000E+00 -5.710490E+05  9.622698E+04 -6.737741E+05
  0.000000E+00  0.000000E+00  0.000000E+00  0.000000E+00 -5.710477E+05
  0.000000E+00  1.856392E+04 -5.717452E+05  5.773128E+05  0.000000E+00
  0.000000E+00  0.000000E+00  0.000000E+00  1.997425E+06  0.000000E+00
  6.498146E+03  1.299629E+04  9.000000E+01  9.000000E+01  9.000000E+01
  0.000000E+00 -4.898600E+00  1.992226E+17 -4.253064E+00  4.318945E-01
  1.302227E-01  4.318945E-01 -4.528218E+00 -4.569387E-01  1.302227E-01
 -4.569387E-01 -5.914519E+00  1.486495E-02  4.501309E-03  5.024508E-03
  9.572638E-02  4.293416E+02  1.276799E+02  0.000000E+00  0.000000E+00
  0.000000E+00  1.276799E+02  0.000000E+00  0.000000E+00  0.000000E+00
  1.225252E+02 -6.187974E+03
     14000  7.000000E+00        52
  1.992226E+17  0.000000E+00 -5.711638E+05  9.712930E+04 -6.746827E+05
  0.000000E+00  0.000000E+00  0.000000E+00  0.000000E+00 -5.711626E+05
  0.000000E+00  1.425365E+04 -5.768355E+05  5.783100E+05  0.000000E+00
  0.000000E+00  0.000000E+00  0.000000E+00  1.997425E+06  0.000000E+00
  6.389563E+03  1.277913E+04  9.000000E+01  9.000000E+01  9.000000E+01
  0.000000E+00 -3.761216E+00  1.992226E+17 -3.122590E+00  4.133882E-01
  1.409995E-01  4.133882E-01 -3.374320E+00 -4.520173E-01  1.409995E-01
 -4.520173E-01 -4.786738E+00  1.486495E-02  4.501309E-03  5.024508E-03
  9.572638E-02  4.293416E+02  1.276799E+02  0.000000E+00  0.000000E+00
  0.000000E+00  1.276799E+02  0.000000E+00  0.000000E+00  0.000000E+00
  1.225252E+02 -4.751215E+03
     15000  7.500000E+00        52
  1.992226E+17  0.000000E+00 -5.712500E+05  9.779002E+04 -6.753776E+05
  0.000000E+00  0.000000E+00  0.000000E+00  0.000000E+00 -5.712487E+05
  0.000000E+00  1.113954E+04 -5.805850E+05  5.790494E+05  0.000000E+00
  0.000000E+00  0.000000E+00  0.000000E+00  1.997425E+06  0.000000E+00
  6.337569E+03  1.267514E+04  9.000000E+01  9.000000E+01  9.000000E+01
  0.000000E+00 -2.939474E+00  1.992226E+17 -2.303094E+00  3.952539E-01
  1.502498E-01  3.952539E-01 -2.547694E+00 -4.489721E-01  1.502498E-01
 -4.489721E-01 -3.967635E+00  1.486495E-02  4.501309E-03  5.024508E-03
  9.572638E-02  4.293416E+02  1.276799E+02  0.000000E+00  0.000000E+00
  0.000000E+00  1.276799E+02  0.000000E+00  0.000000E+00  0.000000E+00
  1.225252E+02 -3.713181E+03
     16000  8.000000E+00        52
  1.992226E+17  0.000000E+00 -5.713219E+05  9.830971E+04 -6.759450E+05
  0.000000E+00  0.000000E+00  0.000000E+00  0.000000E+00 -5.713207E+05
  0.000000E+00  8.727732E+03 -5.835384E+05  5.796393E+05  0.000000E+00
  0.000000E+00  0.000000E+00  0.000000E+00  1.997425E+06  0.000000E+00
  6.313409E+03  1.262682E+04  9.000000E+01  9.000000E+01  9.000000E+01
  0.000000E+00 -2.303052E+00  1.992226E+17 -1.664020E+00  3.789884E-01
  1.578527E-01  3.789884E-01 -1.913958E+00 -4.458093E-01  1.578527E-01
 -4.458093E-01 -3.331177E+00  1.486495E-02  4.501309E-03  5.024508E-03
  9.572638E-02  4.293416E+02  1.276799E+02  0.000000E+00  0.000000E+00
  0.000000E+00  1.276799E+02  0.000000E+00  0.000000E+00  0.000000E+00
  1.225252E+02 -2.909244E+03
     17000  8.500000E+00        52
  1.992226E+17  0.000000E+00 -5.713844E+05  9.874208E+04 -6.764305E+05
  0.000000E+00  0.000000E+00  0.000000E+00  0.000000E+00 -5.713831E+05
  0.000000E+00  6.751486E+03 -5.859904E+05  5.801339E+05  0.000000E+00
  0.000000E+00  0.000000E+00  0.000000E+00  1.997425E+06  0.000000E+00
  6.303999E+03  1.260800E+04  9.000000E+01  9.000000E+01  9.000000E+01
  0.000000E+00 -1.781565E+00  1.992226E+17 -1.141974E+00  3.653890E-01
  1.631691E-01  3.653890E-01 -1.396232E+00 -4.461823E-01  1.631691E-01
 -4.461823E-01 -2.806489E+00  1.486495E-02  4.501309E-03  5.024508E-03
  9.572638E-02  4.293416E+02  1.276799E+02  0.000000E+00  0.000000E+00
  0.000000E+00  1.276799E+02  0.000000E+00  0.000000E+00  0.000000E+00
  1.225252E+02 -2.250495E+03
     18000  9.000000E+00        52
  1.992226E+17  0.000000E+00 -5.714395E+05  9.910933E+04 -6.768521E+05
  0.000000E+00  0.000000E+00  0.000000E+00  0.000000E+00 -5.714382E+05
  0.000000E+00  5.090028E+03 -5.880716E+05  5.805551E+05  0.000000E+00
  0.000000E+00  0.000000E+00  0.000000E+00  1.997425E+06  0.000000E+00
  6.303268E+03  1.260654E+04  9.000000E+01  9.000000E+01  9.000000E+01
  0.000000E+00 -1.343144E+00  1.992226E+17 -7.045419E-01  3.532851E-01
  1.696422E-01  3.532851E-01 -9.620762E-01 -4.445054E-01  1.696422E-01
 -4.445054E-01 -2.362812E+00  1.486495E-02  4.501309E-03  5.024508E-03
  9.572638E-02  4.293416E+02  1.276799E+02  0.000000E+00  0.000000E+00
  0.000000E+00  1.276799E+02  0.000000E+00  0.000000E+00  0.000000E+00
  1.225252E+02 -1.696676E+03
     19000  9.500000E+00        52
  1.992226E+17  0.000000E+00 -5.714889E+05  9.942920E+04 -6.772249E+05
  0.000000E+00  0.000000E+00  0.000000E+00  0.000000E+00 -5.714877E+05
  0.000000E+00  3.654564E+03 -5.898799E+05  5.809209E+05  0.000000E+00
  0.000000E+00  0.000000E+00  0.000000E+00  1.997425E+06  0.000000E+00
  6.306759E+03  1.261352E+04  9.000000E+01  9.000000E+01  9.000000E+01
  0.000000E+00 -9.643570E-01  1.992226E+17 -3.253200E-01  3.420418E-01
  1.728401E-01  3.420418E-01 -5.884407E-01 -4.427047E-01  1.728401E-01
 -4.427047E-01 -1.979310E+00  1.486495E-02  4.501309E-03  5.024508E-03
  9.572638E-02  4.293416E+02  1.276799E+02  0.000000E+00  0.000000E+00
  0.000000E+00  1.276799E+02  0.000000E+00  0.000000E+00  0.000000E+00
  1.225252E+02 -1.218188E+03
     20000  1.000000E+01        52
  1.992226E+17  0.000000E+00 -5.715342E+05  9.971080E+04 -6.775581E+05
  0.000000E+00  0.000000E+00  0.000000E+00  0.000000E+00 -5.715329E+05
  0.000000E+00  2.398889E+03 -5.914705E+05  5.812431E+05  0.000000E+00
  0.000000E+00  0.000000E+00  0.000000E+00  1.997425E+06  0.000000E+00
  6.313124E+03  1.262625E+04  9.000000E+01  9.000000E+01  9.000000E+01
  0.000000E+00 -6.330128E-01  1.992226E+17  7.110565E-03  3.314005E-01
  1.742542E-01  3.314005E-01 -2.617454E-01 -4.400963E-01  1.742542E-01
 -4.400963E-01 -1.644404E+00  1.486495E-02  4.501309E-03  5.024508E-03
  9.572638E-02  4.293416E+02  1.276799E+02  0.000000E+00  0.000000E+00
  0.000000E+00  1.276799E+02  0.000000E+00  0.000000E+00  0.000000E+00
  1.225252E+02 -7.996298E+02
     21000  1.050000E+01        52
  1.992226E+17  0.000000E+00 -5.715764E+05  9.996338E+04 -6.778611E+05
  0.000000E+00  0.000000E+00  0.000000E+00  0.000000E+00 -5.715751E+05
  0.000000E+00  1.278839E+03 -5.928964E+05  5.815325E+05  0.000000E+00
  0.000000E+00  0.000000E+00  0.000000E+00  1.997425E+06  0.000000E+00
  6.321365E+03  1.264273E+04  9.000000E+01  9.000000E+01  9.000000E+01
  0.000000E+00 -3.374568E-01  1.992226E+17  3.018650E-01  3.219100E-01
  1.758338E-01  3.219100E-01  3.136155E-02 -4.384243E-01  1.758338E-01
 -4.384243E-01 -1.345597E+00  1.486495E-02  4.501309E-03  5.024508E-03
  9.572638E-02  4.293416E+02  1.276799E+02  0.000000E+00  0.000000E+00
  0.000000E+00  1.276799E+02  0.000000E+00  0.000000E+00  0.000000E+00
  1.225252E+02 -4.262797E+02
     22000  1.100000E+01        52
  1.992226E+17  0.000000E+00 -5.716164E+05  1.001912E+05 -6.781385E+05
  0.000000E+00  0.000000E+00  0.000000E+00  0.000000E+00 -5.716152E+05
  0.000000E+00  2.705577E+02 -5.941857E+05  5.817945E+05  0.000000E+00
  0.000000E+00  0.000000E+00  0.000000E+00  1.997425E+06  0.000000E+00
  6.330851E+03  1.266170E+04  9.000000E+01  9.000000E+01  9.000000E+01
  0.000000E+00 -7.139407E-02  1.992226E+17  5.664035E-01  3.138425E-01
  1.773496E-01  3.138425E-01  2.955090E-01 -4.364347E-01  1.773496E-01
 -4.364347E-01 -1.076095E+00  1.486495E-02  4.501309E-03  5.024508E-03
  9.572638E-02  4.293416E+02  1.276799E+02  0.000000E+00  0.000000E+00
  0.000000E+00  1.276799E+02  0.000000E+00  0.000000E+00  0.000000E+00
  1.225252E+02 -9.018589E+01
     23000  1.150000E+01        52
  1.992226E+17  0.000000E+00 -5.716555E+05  1.004006E+05 -6.783974E+05
  0.000000E+00  0.000000E+00  0.000000E+00  0.000000E+00 -5.716543E+05
  0.000000E+00 -6.530787E+02 -5.953733E+05  5.820376E+05  0.000000E+00
  0.000000E+00  0.000000E+00  0.000000E+00  1.997425E+06  0.000000E+00
  6.341294E+03  1.268259E+04  9.000000E+01  9.000000E+01  9.000000E+01
  0.000000E+00  1.723327E-01  1.992226E+17  8.082637E-01  3.061457E-01
  1.771051E-01  3.061457E-01  5.370062E-01 -4.337634E-01  1.771051E-01
 -4.337634E-01 -8.282716E-01  1.486495E-02  4.501309E-03  5.024508E-03
  9.572638E-02  4.293416E+02  1.276799E+02  0.000000E+00  0.000000E+00
  0.000000E+00  1.276799E+02  0.000000E+00  0.000000E+00  0.000000E+00
  1.225252E+02  2.176929E+02
     24000  1.200000E+01        52
  1.992226E+17  0.000000E+00 -5.716918E+05  1.005960E+05 -6.786391E+05
  0.000000E+00  0.000000E+00  0.000000E+00  0.000000E+00 -5.716906E+05
  0.000000E+00 -1.509274E+03 -5.964736E+05  5.822617E+05  0.000000E+00
  0.000000E+00  0.000000E+00  0.000000E+00  1.997425E+06  0.000000E+00
  6.351296E+03  1.270259E+04  9.000000E+01  9.000000E+01  9.000000E+01
  0.000000E+00  3.982633E-01  1.992226E+17  1.031757E+00  2.973269E-01
  1.782683E-01  2.973269E-01  7.599583E-01 -4.316049E-01  1.782683E-01
 -4.316049E-01 -5.969254E-01  1.486495E-02  4.501309E-03  5.024508E-03
  9.572638E-02  4.293416E+02  1.276799E+02  0.000000E+00  0.000000E+00
  0.000000E+00  1.276799E+02  0.000000E+00  0.000000E+00  0.000000E+00
  1.225252E+02  5.030912E+02
     25000  1.250000E+01        52
  1.992226E+17  0.000000E+00 -5.717275E+05  1.007762E+05 -6.788656E+05
  0.000000E+00  0.000000E+00  0.000000E+00  0.000000E+00 -5.717262E+05
  0.000000E+00 -2.295466E+03 -5.974895E+05  5.824702E+05  0.000000E+00
  0.000000E+00  0.000000E+00  0.000000E+00  1.997425E+06  0.000000E+00
  6.361903E+03  1.272381E+04  9.000000E+01  9.000000E+01  9.000000E+01
  0.000000E+00  6.057217E-01  1.992226E+17  1.237599E+00  2.905187E-01
  1.800309E-01  2.905187E-01  9.628932E-01 -4.289396E-01  1.800309E-01
 -4.289396E-01 -3.833267E-01  1.486495E-02  4.501309E-03  5.024508E-03
  9.572638E-02  4.293416E+02  1.276799E+02  0.000000E+00  0.000000E+00
  0.000000E+00  1.276799E+02  0.000000E+00  0.000000E+00  0.000000E+00
  1.225252E+02  7.651554E+02
     26000  1.300000E+01        52
  1.992226E+17  0.000000E+00 -5.717615E+05  1.009456E+05 -6.790786E+05
  0.000000E+00  0.000000E+00  0.000000E+00  0.000000E+00 -5.717602E+05
  0.000000E+00 -3.035069E+03 -5.984424E+05  5.826642E+05  0.000000E+00
  0.000000E+00  0.000000E+00  0.000000E+00  1.997425E+06  0.000000E+00
  6.371555E+03  1.274311E+04  9.000000E+01  9.000000E+01  9.000000E+01
  0.000000E+00  8.008862E-01  1.992226E+17  1.431406E+00  2.876704E-01
  1.799200E-01  2.876704E-01  1.155991E+00 -4.270940E-01  1.799200E-01
 -4.270940E-01 -1.847382E-01  1.486495E-02  4.501309E-03  5.024508E-03
  9.572638E-02  4.293416E+02  1.276799E+02  0.000000E+00  0.000000E+00
  0.000000E+00  1.276799E+02  0.000000E+00  0.000000E+00  0.000000E+00
  1.225252E+02  1.011690E+03
     27000  1.350000E+01        52
  1.992226E+17  0.000000E+00 -5.717927E+05  1.011036E+05 -6.792773E+05
  0.000000E+00  0.000000E+00  0.000000E+00  0.000000E+00 -5.717914E+05
  0.000000E+00 -3.724766E+03 -5.993291E+05  5.828425E+05  0.000000E+00
  0.000000E+00  0.000000E+00  0.000000E+00  1.997425E+06  0.000000E+00
  6.380930E+03  1.276186E+04  9.000000E+01  9.000000E+01  9.000000E+01
  0.000000E+00  9.828817E-01  1.992226E+17  1.612417E+00  2.811265E-01
  1.793276E-01  2.811265E-01  1.335782E+00 -4.251704E-01  1.793276E-01
 -4.251704E-01  4.458972E-04  1.486495E-02  4.501309E-03  5.024508E-03
  9.572638E-02  4.293416E+02  1.276799E+02  0.000000E+00  0.000000E+00
  0.000000E+00  1.276799E+02  0.000000E+00  0.000000E+00  0.000000E+00
  1.225252E+02  1.241589E+03
     28000  1.400000E+01        52
  1.992226E+17  0.000000E+00 -5.718224E+05  1.012509E+05 -6.794638E+05
  0.000000E+00  0.000000E+00  0.000000E+00  0.000000E+00 -5.718211E+05
  0.000000E+00 -4.367251E+03 -6.001562E+05  5.830080E+05  0.000000E+00
  0.000000E+00  0.000000E+00  0.000000E+00  1.997425E+06  0.000000E+00
  6.390477E+03  1.278095E+04  9.000000E+01  9.000000E+01  9.000000E+01
  0.000000E+00  1.152419E+00  1.992226E+17  1.780627E+00  2.755331E-01
  1.786426E-01  2.755331E-01  1.502865E+00 -4.228040E-01  1.786426E-01
 -4.228040E-01  1.737653E-01  1.486495E-02  4.501309E-03  5.024508E-03
  9.572638E-02  4.293416E+02  1.276799E+02  0.000000E+00  0.000000E+00
  0.000000E+00  1.276799E+02  0.000000E+00  0.000000E+00  0.000000E+00
  1.225252E+02  1.455750E+03
     29000  1.450000E+01        52
  1.992226E+17  0.000000E+00 -5.718509E+05  1.013895E+05 -6.796404E+05
  0.000000E+00  0.000000E+00  0.000000E+00  0.000000E+00 -5.718497E+05
  0.000000E+00 -4.971083E+03 -6.009346E+05  5.831634E+05  0.000000E+00
  0.000000E+00  0.000000E+00  0.000000E+00  1.997425E+06  0.000000E+00
  6.400062E+03  1.280012E+04  9.000000E+01  9.000000E+01  9.000000E+01
  0.000000E+00  1.311757E+00  1.992226E+17  1.938962E+00  2.705476E-01
  1.778579E-01  2.705476E-01  1.659460E+00 -4.203433E-01  1.778579E-01
 -4.203433E-01  3.368473E-01  1.486495E-02  4.501309E-03  5.024508E-03
  9.572638E-02  4.293416E+02  1.276799E+02  0.000000E+00  0.000000E+00
  0.000000E+00  1.276799E+02  0.000000E+00  0.000000E+00  0.000000E+00
  1.225252E+02  1.657028E+03
     30000  1.500000E+01        52
  1.992226E+17  0.000000E+00 -5.718784E+05  1.015204E+05 -6.798084E+05
  0.000000E+00  0.000000E+00  0.000000E+00  0.000000E+00 -5.718772E+05
  0.000000E+00 -5.541432E+03 -6.016705E+05  5.833100E+05  0.000000E+00
  0.000000E+00  0.000000E+00  0.000000E+00  1.997425E+06  0.000000E+00
  6.409560E+03  1.281912E+04  9.000000E+01  9.000000E+01  9.000000E+01
  0.000000E+00  1.462259E+00  1.992226E+17  2.088680E+00  2.659649E-01
  1.770417E-01  2.659649E-01  1.807223E+00 -4.178404E-01  1.770417E-01
 -4.178404E-01  4.908748E-01  1.486495E-02  4.501309E-03  5.024508E-03
  9.572638E-02  4.293416E+02  1.276799E+02  0.000000E+00  0.000000E+00
  0.000000E+00  1.276799E+02  0.000000E+00  0.000000E+00  0.000000E+00
  1.225252E+02  1.847144E+03
     31000  1.550000E+01        52
  1.992226E+17  0.000000E+00 -5.719050E+05  1.016445E+05 -6.799685E+05
  0.000000E+00  0.000000E+00  0.000000E+00  0.000000E+00 -5.719038E+05
  0.000000E+00 -6.081909E+03 -6.023684E+05  5.834487E+05  0.000000E+00
  0.000000E+00  0.000000E+00  0.000000E+00  1.997425E+06  0.000000E+00
  6.418914E+03  1.283783E+04  9.000000E+01  9.000000E+01  9.000000E+01
  0.000000E+00  1.604879E+00  1.992226E+17  2.230572E+00  2.617035E-01
  1.762753E-01  2.617035E-01  1.947320E+00 -4.153672E-01  1.762753E-01
 -4.153672E-01  6.367442E-01  1.486495E-02  4.501309E-03  5.024508E-03
  9.572638E-02  4.293416E+02  1.276799E+02  0.000000E+00  0.000000E+00
  0.000000E+00  1.276799E+02  0.000000E+00  0.000000E+00  0.000000E+00
  1.225252E+02  2.027303E+03
     32000  1.600000E+01        52
  1.992226E+17  0.000000E+00 -5.719308E+05  1.017624E+05 -6.801214E+05
  0.000000E+00  0.000000E+00  0.000000E+00  0.000000E+00 -5.719296E+05
  0.000000E+00 -6.595342E+03 -6.030318E+05  5.835803E+05  0.000000E+00
  0.000000E+00  0.000000E+00  0.000000E+00  1.997425E+06  0.000000E+00
  6.428105E+03  1.285621E+04  9.000000E+01  9.000000E+01  9.000000E+01
  0.000000E+00  1.740362E+00  1.992226E+17  2.365253E+00  2.577478E-01
  1.756104E-01  2.577478E-01  2.080652E+00 -4.129677E-01  1.756104E-01
 -4.129677E-01  7.751807E-01  1.486495E-02  4.501309E-03  5.024508E-03
  9.572638E-02  4.293416E+02  1.276799E+02  0.000000E+00  0.000000E+00
  0.000000E+00  1.276799E+02  0.000000E+00  0.000000E+00  0.000000E+00
  1.225252E+02  2.198447E+03
     33000  1.650000E+01        52
  1.992226E+17  0.000000E+00 -5.719559E+05  1.018747E+05 -6.802677E+05
  0.000000E+00  0.000000E+00  0.000000E+00  0.000000E+00 -5.719546E+05
  0.000000E+00 -7.084109E+03 -6.036638E+05  5.837054E+05  0.000000E+00
  0.000000E+00  0.000000E+00  0.000000E+00  1.997425E+06  0.000000E+00
  6.437122E+03  1.287424E+04  9.000000E+01  9.000000E+01  9.000000E+01
  0.000000E+00  1.869337E+00  1.992226E+17  2.493231E+00  2.540954E-01
  1.750659E-01  2.540954E-01  2.207947E+00 -4.106761E-01  1.750659E-01
 -4.106761E-01  9.068315E-01  1.486495E-02  4.501309E-03  5.024508E-03
  9.572638E-02  4.293416E+02  1.276799E+02  0.000000E+00  0.000000E+00
  0.000000E+00  1.276799E+02  0.000000E+00  0.000000E+00  0.000000E+00
  1.225252E+02  2.361370E+03
     34000  1.700000E+01        52
  1.992226E+17  0.000000E+00 -5.719802E+05  1.019818E+05 -6.804079E+05
  0.000000E+00  0.000000E+00  0.000000E+00  0.000000E+00 -5.719789E+05
  0.000000E+00 -7.550062E+03 -6.042665E+05  5.838246E+05  0.000000E+00
  0.000000E+00  0.000000E+00  0.000000E+00  1.997425E+06  0.000000E+00
  6.445958E+03  1.289192E+04  9.000000E+01  9.000000E+01  9.000000E+01
  0.000000E+00  1.992291E+00  1.992226E+17  2.614994E+00  2.507494E-01
  1.746133E-01  2.507494E-01  2.329596E+00 -4.084895E-01  1.746133E-01
 -4.084895E-01  1.032283E+00  1.486495E-02  4.501309E-03  5.024508E-03
  9.572638E-02  4.293416E+02  1.276799E+02  0.000000E+00  0.000000E+00
  0.000000E+00  1.276799E+02  0.000000E+00  0.000000E+00  0.000000E+00
  1.225252E+02  2.516687E+03
     35000  1.750000E+01        52
  1.992226E+17  0.000000E+00 -5.720039E+05  1.020838E+05 -6.805423E+05
  0.000000E+00  0.000000E+00  0.000000E+00  0.000000E+00 -5.720026E+05
  0.000000E+00 -7.994627E+03 -6.048421E+05  5.839382E+05  0.000000E+00
  0.000000E+00  0.000000E+00  0.000000E+00  1.997425E+06  0.000000E+00
  6.454608E+03  1.290922E+04  9.000000E+01  9.000000E+01  9.000000E+01
  0.000000E+00  2.109602E+00  1.992226E+17  2.731071E+00  2.477446E-01
  1.742345E-01  2.477446E-01  2.445742E+00 -4.064193E-01  1.742345E-01
 -4.064193E-01  1.151991E+00  1.486495E-02  4.501309E-03  5.024508E-03
  9.572638E-02  4.293416E+02  1.276799E+02  0.000000E+00  0.000000E+00
  0.000000E+00  1.276799E+02  0.000000E+00  0.000000E+00  0.000000E+00
  1.225252E+02  2.664876E+03
     36000  1.800000E+01        52
  1.992226E+17  0.000000E+00 -5.720273E+05  1.021810E+05 -6.806713E+05
  0.000000E+00  0.000000E+00  0.000000E+00  0.000000E+00 -5.720260E+05
  0.000000E+00 -8.418578E+03 -6.053915E+05  5.840468E+05  0.000000E+00
  0.000000E+00  0.000000E+00  0.000000E+00  1.997425E+06  0.000000E+00
  6.463068E+03  1.292614E+04  9.000000E+01  9.000000E+01  9.000000E+01
  0.000000E+00  2.221473E+00  1.992226E+17  2.841986E+00  2.450439E-01
  1.739120E-01  2.450439E-01  2.556184E+00 -4.045965E-01  1.739120E-01
 -4.045965E-01  1.266249E+00  1.486495E-02  4.501309E-03  5.024508E-03
  9.572638E-02  4.293416E+02  1.276799E+02  0.000000E+00  0.000000E+00
  0.000000E+00  1.276799E+02  0.000000E+00  0.000000E+00  0.000000E+00
  1.225252E+02  2.806193E+03
     37000  1.850000E+01        52
  1.992226E+17  0.000000E+00 -5.720504E+05  1.022744E+05 -6.807961E+05
  0.000000E+00  0.000000E+00  0.000000E+00  0.000000E+00 -5.720491E+05
  0.000000E+00 -8.826864E+03 -6.059212E+05  5.841517E+05  0.000000E+00
  0.000000E+00  0.000000E+00  0.000000E+00  1.997425E+06  0.000000E+00
  6.471297E+03  1.294259E+04  9.000000E+01  9.000000E+01  9.000000E+01
  0.000000E+00  2.329210E+00  1.992226E+17  2.948093E+00  2.424559E-01
  1.737450E-01  2.424559E-01  2.663318E+00 -4.018135E-01  1.737450E-01
 -4.018135E-01  1.376220E+00  1.486495E-02  4.501309E-03  5.024508E-03
  9.572638E-02  4.293416E+02  1.276799E+02  0.000000E+00  0.000000E+00
  0.000000E+00  1.276799E+02  0.000000E+00  0.000000E+00  0.000000E+00
  1.225252E+02  2.942288E+03
     38000  1.900000E+01        52
  1.992226E+17  0.000000E+00 -5.720729E+05  1.023650E+05 -6.809174E+05
  0.000000E+00  0.000000E+00  0.000000E+00  0.000000E+00 -5.720717E+05
  0.000000E+00 -9.221162E+03 -6.064332E+05  5.842531E+05  0.000000E+00
  0.000000E+00  0.000000E+00  0.000000E+00  1.997425E+06  0.000000E+00
  6.479460E+03  1.295892E+04  9.000000E+01  9.000000E+01  9.000000E+01
  0.000000E+00  2.433257E+00  1.992226E+17  3.050417E+00  2.406751E-01
  1.740823E-01  2.406751E-01  2.766908E+00 -3.981690E-01  1.740823E-01
 -3.981690E-01  1.482445E+00  1.486495E-02  4.501309E-03  5.024508E-03
  9.572638E-02  4.293416E+02  1.276799E+02  0.000000E+00  0.000000E+00
  0.000000E+00  1.276799E+02  0.000000E+00  0.000000E+00  0.000000E+00
  1.225252E+02  3.073721E+03
     39000  1.950000E+01        52
  1.992226E+17  0.000000E+00 -5.720952E+05  1.024523E+05 -6.810349E+05
  0.000000E+00  0.000000E+00  0.000000E+00  0.000000E+00 -5.720940E+05
  0.000000E+00 -9.601016E+03 -6.069265E+05  5.843507E+05  0.000000E+00
  0.000000E+00  0.000000E+00  0.000000E+00  1.997425E+06  0.000000E+00
  6.487384E+03  1.297477E+04  9.000000E+01  9.000000E+01  9.000000E+01
  0.000000E+00  2.533492E+00  1.992226E+17  3.149360E+00  2.370540E-01
  1.747490E-01  2.370540E-01  2.866290E+00 -3.936325E-01  1.747490E-01
 -3.936325E-01  1.584825E+00  1.486495E-02  4.501309E-03  5.024508E-03
  9.572638E-02  4.293416E+02  1.276799E+02  0.000000E+00  0.000000E+00
  0.000000E+00  1.276799E+02  0.000000E+00  0.000000E+00  0.000000E+00
  1.225252E+02  3.200339E+03
     40000  2.000000E+01        52
  1.992226E+17  0.000000E+00 -5.721175E+05  1.025362E+05 -6.811489E+05
  0.000000E+00  0.000000E+00  0.000000E+00  0.000000E+00 -5.721162E+05
  0.000000E+00 -9.967016E+03 -6.074023E+05  5.844449E+05  0.000000E+00
  0.000000E+00  0.000000E+00  0.000000E+00  1.997425E+06  0.000000E+00
  6.495203E+03  1.299041E+04  9.000000E+01  9.000000E+01  9.000000E+01
  0.000000E+00  2.630071E+00  1.992226E+17  3.245036E+00  2.339185E-01
  1.751013E-01  2.339185E-01  2.960909E+00 -3.889966E-01  1.751013E-01
 -3.889966E-01  1.684267E+00  1.486495E-02  4.501309E-03  5.024508E-03
  9.572638E-02  4.293416E+02  1.276799E+02  0.000000E+00  0.000000E+00
  0.000000E+00  1.276799E+02  0.000000E+00  0.000000E+00  0.000000E+00
  1.225252E+02  3.322339E+03
     41000  2.050000E+01        52
  1.992226E+17  0.000000E+00 -5.721393E+05  1.026177E+05 -6.812596E+05
  0.000000E+00  0.000000E+00  0.000000E+00  0.000000E+00 -5.721380E+05
  0.000000E+00 -1.032302E+04 -6.078639E+05  5.845356E+05  0.000000E+00
  0.000000E+00  0.000000E+00  0.000000E+00  1.997425E+06  0.000000E+00
  6.502629E+03  1.300526E+04  9.000000E+01  9.000000E+01  9.000000E+01
  0.000000E+00  2.724011E+00  1.992226E+17  3.337348E+00  2.322161E-01
  1.742894E-01  2.322161E-01  3.052749E+00 -3.860190E-01  1.742894E-01
 -3.860190E-01  1.781937E+00  1.486495E-02  4.501309E-03  5.024508E-03
  9.572638E-02  4.293416E+02  1.276799E+02  0.000000E+00  0.000000E+00
  0.000000E+00  1.276799E+02  0.000000E+00  0.000000E+00  0.000000E+00
  1.225252E+02  3.441006E+03
     42000  2.100000E+01        52
  1.992226E+17  0.000000E+00 -5.721606E+05  1.026958E+05 -6.813662E+05
  0.000000E+00  0.000000E+00  0.000000E+00  0.000000E+00 -5.721593E+05
  0.000000E+00 -1.066496E+04 -6.083067E+05  5.846220E+05  0.000000E+00
  0.000000E+00  0.000000E+00  0.000000E+00  1.997425E+06  0.000000E+00
  6.509836E+03  1.301967E+04  9.000000E+01  9.000000E+01  9.000000E+01
  0.000000E+00  2.814243E+00  1.992226E+17  3.424487E+00  2.298054E-01
  1.730783E-01  2.298054E-01  3.143049E+00 -3.837547E-01  1.730783E-01
 -3.837547E-01  1.875192E+00  1.486495E-02  4.501309E-03  5.024508E-03
  9.572638E-02  4.293416E+02  1.276799E+02  0.000000E+00  0.000000E+00
  0.000000E+00  1.276799E+02  0.000000E+00  0.000000E+00  0.000000E+00
  1.225252E+02  3.554987E+03
     43000  2.150000E+01        52
  1.992226E+17  0.000000E+00 -5.721813E+05  1.027705E+05 -6.814687E+05
  0.000000E+00  0.000000E+00  0.000000E+00  0.000000E+00 -5.721800E+05
  0.000000E+00 -1.099208E+04 -6.087302E+05  5.847043E+05  0.000000E+00
  0.000000E+00  0.000000E+00  0.000000E+00  1.997425E+06  0.000000E+00
  6.516925E+03  1.303385E+04  9.000000E+01  9.000000E+01  9.000000E+01
  0.000000E+00  2.900563E+00  1.992226E+17  3.506978E+00  2.267703E-01
  1.724343E-01  2.267703E-01  3.229947E+00 -3.810831E-01  1.724343E-01
 -3.810831E-01  1.964764E+00  1.486495E-02  4.501309E-03  5.024508E-03
  9.572638E-02  4.293416E+02  1.276799E+02  0.000000E+00  0.000000E+00
  0.000000E+00  1.276799E+02  0.000000E+00  0.000000E+00  0.000000E+00
  1.225252E+02  3.664028E+03
     44000  2.200000E+01        52
  1.992226E+17  0.000000E+00 -5.722020E+05  1.028423E+05 -6.815683E+05
  0.000000E+00  0.000000E+00  0.000000E+00  0.000000E+00 -5.722008E+05
  0.000000E+00 -1.130704E+04 -6.091389E+05  5.847839E+05  0.000000E+00
  0.000000E+00  0.000000E+00  0.000000E+00  1.997425E+06  0.000000E+00
  6.523982E+03  1.304796E+04  9.000000E+01  9.000000E+01  9.000000E+01
  0.000000E+00  2.983672E+00  1.992226E+17  3.586093E+00  2.244933E-01
  1.724882E-01  2.244933E-01  3.314040E+00 -3.778472E-01  1.724882E-01
 -3.778472E-01  2.050882E+00  1.486495E-02  4.501309E-03  5.024508E-03
  9.572638E-02  4.293416E+02  1.276799E+02  0.000000E+00  0.000000E+00
  0.000000E+00  1.276799E+02  0.000000E+00  0.000000E+00  0.000000E+00
  1.225252E+02  3.769012E+03
     45000  2.250000E+01        52
  1.992226E+17  0.000000E+00 -5.722224E+05  1.029127E+05 -6.816659E+05
  0.000000E+00  0.000000E+00  0.000000E+00  0.000000E+00 -5.722212E+05
  0.000000E+00 -1.161571E+04 -6.095386E+05  5.848613E+05  0.000000E+00
  0.000000E+00  0.000000E+00  0.000000E+00  1.997425E+06  0.000000E+00
  6.530787E+03  1.306157E+04  9.000000E+01  9.000000E+01  9.000000E+01
  0.000000E+00  3.065125E+00  1.992226E+17  3.665525E+00  2.233293E-01
  1.718701E-01  2.233293E-01  3.395882E+00 -3.740902E-01  1.718701E-01
 -3.740902E-01  2.133968E+00  1.486495E-02  4.501309E-03  5.024508E-03
  9.572638E-02  4.293416E+02  1.276799E+02  0.000000E+00  0.000000E+00
  0.000000E+00  1.276799E+02  0.000000E+00  0.000000E+00  0.000000E+00
  1.225252E+02  3.871905E+03
     46000  2.300000E+01        52
  1.992226E+17  0.000000E+00 -5.722426E+05  1.029798E+05 -6.817598E+05
  0.000000E+00  0.000000E+00  0.000000E+00  0.000000E+00 -5.722413E+05
  0.000000E+00 -1.191108E+04 -6.099210E+05  5.849350E+05  0.000000E+00
  0.000000E+00  0.000000E+00  0.000000E+00  1.997425E+06  0.000000E+00
  6.537450E+03  1.307490E+04  9.000000E+01  9.000000E+01  9.000000E+01
  0.000000E+00  3.143066E+00  1.992226E+17  3.742402E+00  2.218972E-01
  1.705833E-01  2.218972E-01  3.473642E+00 -3.708315E-01  1.705833E-01
 -3.708315E-01  2.213155E+00  1.486495E-02  4.501309E-03  5.024508E-03
  9.572638E-02  4.293416E+02  1.276799E+02  0.000000E+00  0.000000E+00
  0.000000E+00  1.276799E+02  0.000000E+00  0.000000E+00  0.000000E+00
  1.225252E+02  3.970361E+03
     47000  2.350000E+01        52
  1.992226E+17  0.000000E+00 -5.722627E+05  1.030436E+05 -6.818502E+05
  0.000000E+00  0.000000E+00  0.000000E+00  0.000000E+00 -5.722614E+05
  0.000000E+00 -1.219357E+04 -6.102869E+05  5.850055E+05  0.000000E+00
  0.000000E+00  0.000000E+00  0.000000E+00  1.997425E+06  0.000000E+00
  6.543945E+03  1.308789E+04  9.000000E+01  9.000000E+01  9.000000E+01
  0.000000E+00  3.217608E+00  1.992226E+17  3.816348E+00  2.203533E-01
  1.696220E-01  2.203533E-01  3.547726E+00 -3.672464E-01  1.696220E-01
 -3.672464E-01  2.288750E+00  1.486495E-02  4.501309E-03  5.024508E-03
  9.572638E-02  4.293416E+02  1.276799E+02  0.000000E+00  0.000000E+00
  0.000000E+00  1.276799E+02  0.000000E+00  0.000000E+00  0.000000E+00
  1.225252E+02  4.064524E+03
     48000  2.400000E+01        52
  1.992226E+17  0.000000E+00 -5.722832E+05  1.031049E+05 -6.819385E+05
  0.000000E+00  0.000000E+00  0.000000E+00  0.000000E+00 -5.722820E+05
  0.000000E+00 -1.246674E+04 -6.106420E+05  5.850746E+05  0.000000E+00
  0.000000E+00  0.000000E+00  0.000000E+00  1.997425E+06  0.000000E+00
  6.550343E+03  1.310069E+04  9.000000E+01  9.000000E+01  9.000000E+01
  0.000000E+00  3.289692E+00  1.992226E+17  3.887919E+00  2.191122E-01
  1.683113E-01  2.191122E-01  3.619477E+00 -3.637399E-01  1.683113E-01
 -3.637399E-01  2.361681E+00  1.486495E-02  4.501309E-03  5.024508E-03
  9.572638E-02  4.293416E+02  1.276799E+02  0.000000E+00  0.000000E+00
  0.000000E+00  1.276799E+02  0.000000E+00  0.000000E+00  0.000000E+00
  1.225252E+02  4.155581E+03
     49000  2.450000E+01        52
  1.992226E+17  0.000000E+00 -5.723031E+05  1.031659E+05 -6.820253E+05
  0.000000E+00  0.000000E+00  0.000000E+00  0.000000E+00 -5.723019E+05
  0.000000E+00 -1.273758E+04 -6.109922E+05  5.851420E+05  0.000000E+00
  0.000000E+00  0.000000E+00  0.000000E+00  1.997425E+06  0.000000E+00
  6.556289E+03  1.311258E+04  9.000000E+01  9.000000E+01  9.000000E+01
  0.000000E+00  3.361159E+00  1.992226E+17  3.958405E+00  2.170313E-01
  1.682719E-01  2.170313E-01  3.689676E+00 -3.622558E-01  1.682719E-01
 -3.622558E-01  2.435396E+00  1.486495E-02  4.501309E-03  5.024508E-03
  9.572638E-02  4.293416E+02  1.276799E+02  0.000000E+00  0.000000E+00
  0.000000E+00  1.276799E+02  0.000000E+00  0.000000E+00  0.000000E+00
  1.225252E+02  4.245859E+03
     50000  2.500000E+01        52
  1.992226E+17  0.000000E+00 -5.723237E+05  1.032264E+05 -6.821122E+05
  0.000000E+00  0.000000E+00  0.000000E+00  0.000000E+00 -5.723224E+05
  0.000000E+00 -1.300408E+04 -6.113382E+05  5.852100E+05  0.000000E+00
  0.000000E+00  0.000000E+00  0.000000E+00  1.997425E+06  0.000000E+00
  6.562075E+03  1.312415E+04  9.000000E+01  9.000000E+01  9.000000E+01
  0.000000E+00  3.431485E+00  1.992226E+17  4.027919E+00  2.152646E-01
  1.683015E-01  2.152646E-01  3.759109E+00 -3.607094E-01  1.683015E-01
 -3.607094E-01  2.507426E+00  1.486495E-02  4.501309E-03  5.024508E-03
  9.572638E-02  4.293416E+02  1.276799E+02  0.000000E+00  0.000000E+00
  0.000000E+00  1.276799E+02  0.000000E+00  0.000000E+00  0.000000E+00
  1.225252E+02  4.334695E+03
     51000  2.550000E+01        52
  1.992226E+17  0.000000E+00 -5.723430E+05  1.032856E+05 -6.821960E+05
  0.000000E+00  0.000000E+00  0.000000E+00  0.000000E+00 -5.723417E+05
  0.000000E+00 -1.326479E+04 -6.116734E+05  5.852738E+05  0.000000E+00
  0.000000E+00  0.000000E+00  0.000000E+00  1.997425E+06  0.000000E+00
  6.567440E+03  1.313488E+04  9.000000E+01  9.000000E+01  9.000000E+01
  0.000000E+00  3.500280E+00  1.992226E+17  4.095791E+00  2.130090E-01
  1.697135E-01  2.130090E-01  3.830249E+00 -3.596790E-01  1.697135E-01
 -3.596790E-01  2.574801E+00  1.486495E-02  4.501309E-03  5.024508E-03
  9.572638E-02  4.293416E+02  1.276799E+02  0.000000E+00  0.000000E+00
  0.000000E+00  1.276799E+02  0.000000E+00  0.000000E+00  0.000000E+00
  1.225252E+02  4.421598E+03
     52000  2.600000E+01        52
  1.992226E+17  0.000000E+00 -5.723627E+05  1.033440E+05 -6.822803E+05
  0.000000E+00  0.000000E+00  0.000000E+00  0.000000E+00 -5.723615E+05
  0.000000E+00 -1.352148E+04 -6.120062E+05  5.853375E+05  0.000000E+00
  0.000000E+00  0.000000E+00  0.000000E+00  1.997425E+06  0.000000E+00
  6.573596E+03  1.314719E+04  9.000000E+01  9.000000E+01  9.000000E+01
  0.000000E+00  3.568013E+00  1.992226E+17  4.161039E+00  2.110896E-01
  1.697685E-01  2.110896E-01  3.899422E+00 -3.558429E-01  1.697685E-01
 -3.558429E-01  2.643577E+00  1.486495E-02  4.501309E-03  5.024508E-03
  9.572638E-02  4.293416E+02  1.276799E+02  0.000000E+00  0.000000E+00
  0.000000E+00  1.276799E+02  0.000000E+00  0.000000E+00  0.000000E+00
  1.225252E+02  4.507159E+03
     53000  2.650000E+01        52
  1.992226E+17  0.000000E+00 -5.723827E+05  1.034022E+05 -6.823642E+05
  0.000000E+00  0.000000E+00  0.000000E+00  0.000000E+00 -5.723814E+05
  0.000000E+00 -1.377836E+04 -6.123377E+05  5.854007E+05  0.000000E+00
  0.000000E+00  0.000000E+00  0.000000E+00  1.997425E+06  0.000000E+00
  6.579302E+03  1.315860E+04  9.000000E+01  9.000000E+01  9.000000E+01
  0.000000E+00  3.635798E+00  1.992226E+17  4.226607E+00  2.095736E-01
  1.702306E-01  2.095736E-01  3.968657E+00 -3.546899E-01  1.702306E-01
 -3.546899E-01  2.712130E+00  1.486495E-02  4.501309E-03  5.024508E-03
  9.572638E-02  4.293416E+02  1.276799E+02  0.000000E+00  0.000000E+00
  0.000000E+00  1.276799E+02  0.000000E+00  0.000000E+00  0.000000E+00
  1.225252E+02  4.592786E+03
     54000  2.700000E+01        52
  1.992226E+17  0.000000E+00 -5.724015E+05  1.034585E+05 -6.824444E+05
  0.000000E+00  0.000000E+00  0.000000E+00  0.000000E+00 -5.724002E+05
  0.000000E+00 -1.402864E+04 -6.126573E+05  5.854596E+05  0.000000E+00
  0.000000E+00  0.000000E+00  0.000000E+00  1.997425E+06  0.000000E+00
  6.584514E+03  1.316903E+04  9.000000E+01  9.000000E+01  9.000000E+01
  0.000000E+00  3.701841E+00  1.992226E+17  4.292265E+00  2.084782E-01
  1.700711E-01  2.084782E-01  4.034789E+00 -3.528786E-01  1.700711E-01
 -3.528786E-01  2.778470E+00  1.486495E-02  4.501309E-03  5.024508E-03
  9.572638E-02  4.293416E+02  1.276799E+02  0.000000E+00  0.000000E+00
  0.000000E+00  1.276799E+02  0.000000E+00  0.000000E+00  0.000000E+00
  1.225252E+02  4.676213E+03
     55000  2.750000E+01        52
  1.992226E+17  0.000000E+00 -5.724200E+05  1.035114E+05 -6.825210E+05
  0.000000E+00  0.000000E+00  0.000000E+00  0.000000E+00 -5.724187E+05
  0.000000E+00 -1.426685E+04 -6.129605E+05  5.855145E+05  0.000000E+00
  0.000000E+00  0.000000E+00  0.000000E+00  1.997425E+06  0.000000E+00
  6.589584E+03  1.317917E+04  9.000000E+01  9.000000E+01  9.000000E+01
  0.000000E+00  3.764700E+00  1.992226E+17  4.355600E+00  2.068947E-01
  1.702436E-01  2.068947E-01  4.096744E+00 -3.503598E-01  1.702436E-01
 -3.503598E-01  2.841756E+00  1.486495E-02  4.501309E-03  5.024508E-03
  9.572638E-02  4.293416E+02  1.276799E+02  0.000000E+00  0.000000E+00
  0.000000E+00  1.276799E+02  0.000000E+00  0.000000E+00  0.000000E+00
  1.225252E+02  4.755617E+03
     56000  2.800000E+01        52
  1.992226E+17  0.000000E+00 -5.724384E+05  1.035624E+05 -6.825955E+05
  0.000000E+00  0.000000E+00  0.000000E+00  0.000000E+00 -5.724371E+05
  0.000000E+00 -1.449713E+04 -6.132536E+05  5.855672E+05  0.000000E+00
  0.000000E+00  0.000000E+00  0.000000E+00  1.997425E+06  0.000000E+00
  6.594662E+03  1.318932E+04  9.000000E+01  9.000000E+01  9.000000E+01
  0.000000E+00  3.825465E+00  1.992226E+17  4.416676E+00  2.054186E-01
  1.707367E-01  2.054186E-01  4.156466E+00 -3.478508E-01  1.707367E-01
 -3.478508E-01  2.903252E+00  1.486495E-02  4.501309E-03  5.024508E-03
  9.572638E-02  4.293416E+02  1.276799E+02  0.000000E+00  0.000000E+00
  0.000000E+00  1.276799E+02  0.000000E+00  0.000000E+00  0.000000E+00
  1.225252E+02  4.832376E+03
     57000  2.850000E+01        52
  1.992226E+17  0.000000E+00 -5.724570E+05  1.036115E+05 -6.826683E+05
  0.000000E+00  0.000000E+00  0.000000E+00  0.000000E+00 -5.724558E+05
  0.000000E+00 -1.472009E+04 -6.135379E+05  5.856183E+05  0.000000E+00
  0.000000E+00  0.000000E+00  0.000000E+00  1.997425E+06  0.000000E+00
  6.599773E+03  1.319955E+04  9.000000E+01  9.000000E+01  9.000000E+01
  0.000000E+00  3.884301E+00  1.992226E+17  4.475024E+00  2.046714E-01
  1.710887E-01  2.046714E-01  4.214408E+00 -3.455362E-01  1.710887E-01
 -3.455362E-01  2.963470E+00  1.486495E-02  4.501309E-03  5.024508E-03
  9.572638E-02  4.293416E+02  1.276799E+02  0.000000E+00  0.000000E+00
  0.000000E+00  1.276799E+02  0.000000E+00  0.000000E+00  0.000000E+00
  1.225252E+02  4.906698E+03
     58000  2.900000E+01        52
  1.992226E+17  0.000000E+00 -5.724756E+05  1.036601E+05 -6.827404E+05
  0.000000E+00  0.000000E+00  0.000000E+00  0.000000E+00 -5.724743E+05
  0.000000E+00 -1.494140E+04 -6.138192E+05  5.856684E+05  0.000000E+00
  0.000000E+00  0.000000E+00  0.000000E+00  1.997425E+06  0.000000E+00
  6.604682E+03  1.320936E+04  9.000000E+01  9.000000E+01  9.000000E+01
  0.000000E+00  3.942699E+00  1.992226E+17  4.533655E+00  2.036826E-01
  1.705936E-01  2.036826E-01  4.271643E+00 -3.432137E-01  1.705936E-01
 -3.432137E-01  3.022799E+00  1.486495E-02  4.501309E-03  5.024508E-03
  9.572638E-02  4.293416E+02  1.276799E+02  0.000000E+00  0.000000E+00
  0.000000E+00  1.276799E+02  0.000000E+00  0.000000E+00  0.000000E+00
  1.225252E+02  4.980467E+03
     59000  2.950000E+01        52
  1.992226E+17  0.000000E+00 -5.724937E+05  1.037078E+05 -6.828109E+05
  0.000000E+00  0.000000E+00  0.000000E+00  0.000000E+00 -5.724924E+05
  0.000000E+00 -1.515848E+04 -6.140943E+05  5.857169E+05  0.000000E+00
  0.000000E+00  0.000000E+00  0.000000E+00  1.997425E+06  0.000000E+00
  6.609488E+03  1.321898E+04  9.000000E+01  9.000000E+01  9.000000E+01
  0.000000E+00  3.999980E+00  1.992226E+17  4.591355E+00  2.023685E-01
  1.707770E-01  2.023685E-01  4.328191E+00 -3.413569E-01  1.707770E-01
 -3.413569E-01  3.080395E+00  1.486495E-02  4.501309E-03  5.024508E-03
  9.572638E-02  4.293416E+02  1.276799E+02  0.000000E+00  0.000000E+00
  0.000000E+00  1.276799E+02  0.000000E+00  0.000000E+00  0.000000E+00
  1.225252E+02  5.052826E+03
     60000  3.000000E+01        52
  1.992226E+17  0.000000E+00 -5.725120E+05  1.037540E+05 -6.828804E+05
  0.000000E+00  0.000000E+00  0.000000E+00  0.000000E+00 -5.725108E+05
  0.000000E+00 -1.536970E+04 -6.143631E+05  5.857646E+05  0.000000E+00
  0.000000E+00  0.000000E+00  0.000000E+00  1.997425E+06  0.000000E+00
  6.614436E+03  1.322887E+04  9.000000E+01  9.000000E+01  9.000000E+01
  0.000000E+00  4.055718E+00  1.992226E+17  4.646483E+00  2.011686E-01
  1.703988E-01  2.011686E-01  4.383646E+00 -3.382791E-01  1.703988E-01
 -3.382791E-01  3.137025E+00  1.486495E-02  4.501309E-03  5.024508E-03
  9.572638E-02  4.293416E+02  1.276799E+02  0.000000E+00  0.000000E+00
  0.000000E+00  1.276799E+02  0.000000E+00  0.000000E+00  0.000000E+00
  1.225252E+02  5.123234E+03
     61000  3.050000E+01        52
  1.992226E+17  0.000000E+00 -5.725299E+05  1.038009E+05 -6.829500E+05
  0.000000E+00  0.000000E+00  0.000000E+00  0.000000E+00 -5.725287E+05
  0.000000E+00 -1.558260E+04 -6.146326E+05  5.858117E+05  0.000000E+00
  0.000000E+00  0.000000E+00  0.000000E+00  1.997425E+06  0.000000E+00
  6.619157E+03  1.323831E+04  9.000000E+01  9.000000E+01  9.000000E+01
  0.000000E+00  4.111896E+00  1.992226E+17  4.701990E+00  1.997312E-01
  1.700332E-01  1.997312E-01  4.439739E+00 -3.360453E-01  1.700332E-01
 -3.360453E-01  3.193958E+00  1.486495E-02  4.501309E-03  5.024508E-03
  9.572638E-02  4.293416E+02  1.276799E+02  0.000000E+00  0.000000E+00
  0.000000E+00  1.276799E+02  0.000000E+00  0.000000E+00  0.000000E+00
  1.225252E+02  5.194199E+03
     62000  3.100000E+01        52
  1.992226E+17  0.000000E+00 -5.725470E+05  1.038476E+05 -6.830185E+05
  0.000000E+00  0.000000E+00  0.000000E+00  0.000000E+00 -5.725458E+05
  0.000000E+00 -1.579267E+04 -6.148978E+05  5.858575E+05  0.000000E+00
  0.000000E+00  0.000000E+00  0.000000E+00  1.997425E+06  0.000000E+00
  6.623820E+03  1.324764E+04  9.000000E+01  9.000000E+01  9.000000E+01
  0.000000E+00  4.167330E+00  1.992226E+17  4.757158E+00  1.993756E-01
  1.698007E-01  1.993756E-01  4.495597E+00 -3.356297E-01  1.698007E-01
 -3.356297E-01  3.249237E+00  1.486495E-02  4.501309E-03  5.024508E-03
  9.572638E-02  4.293416E+02  1.276799E+02  0.000000E+00  0.000000E+00
  0.000000E+00  1.276799E+02  0.000000E+00  0.000000E+00  0.000000E+00
  1.225252E+02  5.264225E+03
     63000  3.150000E+01        52
  1.992226E+17  0.000000E+00 -5.725638E+05  1.038923E+05 -6.830846E+05
  0.000000E+00  0.000000E+00  0.000000E+00  0.000000E+00 -5.725625E+05
  0.000000E+00 -1.599437E+04 -6.151524E+05  5.859009E+05  0.000000E+00
  0.000000E+00  0.000000E+00  0.000000E+00  1.997425E+06  0.000000E+00
  6.628567E+03  1.325713E+04  9.000000E+01  9.000000E+01  9.000000E+01
  0.000000E+00  4.220553E+00  1.992226E+17  4.809481E+00  1.989775E-01
  1.698983E-01  1.989775E-01  4.549456E+00 -3.355327E-01  1.698983E-01
 -3.355327E-01  3.302721E+00  1.486495E-02  4.501309E-03  5.024508E-03
  9.572638E-02  4.293416E+02  1.276799E+02  0.000000E+00  0.000000E+00
  0.000000E+00  1.276799E+02  0.000000E+00  0.000000E+00  0.000000E+00
  1.225252E+02  5.331456E+03
     64000  3.200000E+01        52
  1.992226E+17  0.000000E+00 -5.725805E+05  1.039351E+05 -6.831490E+05
  0.000000E+00  0.000000E+00  0.000000E+00  0.000000E+00 -5.725793E+05
  0.000000E+00 -1.618906E+04 -6.153985E+05  5.859427E+05  0.000000E+00
  0.000000E+00  0.000000E+00  0.000000E+00  1.997425E+06  0.000000E+00
  6.633351E+03  1.326670E+04  9.000000E+01  9.000000E+01  9.000000E+01
  0.000000E+00  4.271926E+00  1.992226E+17  4.859657E+00  1.983871E-01
  1.700626E-01  1.983871E-01  4.601590E+00 -3.354233E-01  1.700626E-01
 -3.354233E-01  3.354533E+00  1.486495E-02  4.501309E-03  5.024508E-03
  9.572638E-02  4.293416E+02  1.276799E+02  0.000000E+00  0.000000E+00
  0.000000E+00  1.276799E+02  0.000000E+00  0.000000E+00  0.000000E+00
  1.225252E+02  5.396352E+03
     65000  3.250000E+01        52
  1.992226E+17  0.000000E+00 -5.725969E+05  1.039772E+05 -6.832122E+05
  0.000000E+00  0.000000E+00  0.000000E+00  0.000000E+00 -5.725956E+05
  0.000000E+00 -1.638040E+04 -6.156397E+05  5.859833E+05  0.000000E+00
  0.000000E+00  0.000000E+00  0.000000E+00  1.997425E+06  0.000000E+00
  6.638025E+03  1.327605E+04  9.000000E+01  9.000000E+01  9.000000E+01
  0.000000E+00  4.322419E+00  1.992226E+17  4.910506E+00  1.975180E-01
  1.700781E-01  1.975180E-01  4.652209E+00 -3.354055E-01  1.700781E-01
 -3.354055E-01  3.404541E+00  1.486495E-02  4.501309E-03  5.024508E-03
  9.572638E-02  4.293416E+02  1.276799E+02  0.000000E+00  0.000000E+00
  0.000000E+00  1.276799E+02  0.000000E+00  0.000000E+00  0.000000E+00
  1.225252E+02  5.460134E+03
     66000  3.300000E+01        52
  1.992226E+17  0.000000E+00 -5.726131E+05  1.040179E+05 -6.832737E+05
  0.000000E+00  0.000000E+00  0.000000E+00  0.000000E+00 -5.726119E+05
  0.000000E+00 -1.656586E+04 -6.158739E+05  5.860226E+05  0.000000E+00
  0.000000E+00  0.000000E+00  0.000000E+00  1.997425E+06  0.000000E+00
  6.642698E+03  1.328540E+04  9.000000E+01  9.000000E+01  9.000000E+01
  0.000000E+00  4.371357E+00  1.992226E+17  4.960182E+00  1.966121E-01
  1.704776E-01  1.966121E-01  4.701471E+00 -3.356426E-01  1.704776E-01
 -3.356426E-01  3.452419E+00  1.486495E-02  4.501309E-03  5.024508E-03
  9.572638E-02  4.293416E+02  1.276799E+02  0.000000E+00  0.000000E+00
  0.000000E+00  1.276799E+02  0.000000E+00  0.000000E+00  0.000000E+00
  1.225252E+02  5.521954E+03
     67000  3.350000E+01        52
  1.992226E+17  0.000000E+00 -5.726293E+05  1.040577E+05 -6.833343E+05
  0.000000E+00  0.000000E+00  0.000000E+00  0.000000E+00 -5.726281E+05
  0.000000E+00 -1.674811E+04 -6.161042E+05  5.860614E+05  0.000000E+00
  0.000000E+00  0.000000E+00  0.000000E+00  1.997425E+06  0.000000E+00
  6.647332E+03  1.329466E+04  9.000000E+01  9.000000E+01  9.000000E+01
  0.000000E+00  4.419448E+00  1.992226E+17  5.008571E+00  1.955620E-01
  1.709135E-01  1.955620E-01  4.749495E+00 -3.360159E-01  1.709135E-01
 -3.360159E-01  3.500279E+00  1.486495E-02  4.501309E-03  5.024508E-03
  9.572638E-02  4.293416E+02  1.276799E+02  0.000000E+00  0.000000E+00
  0.000000E+00  1.276799E+02  0.000000E+00  0.000000E+00  0.000000E+00
  1.225252E+02  5.582703E+03
     68000  3.400000E+01        52
  1.992226E+17  0.000000E+00 -5.726453E+05  1.040968E+05 -6.833940E+05
  0.000000E+00  0.000000E+00  0.000000E+00  0.000000E+00 -5.726440E+05
  0.000000E+00 -1.692827E+04 -6.163312E+05  5.860991E+05  0.000000E+00
  0.000000E+00  0.000000E+00  0.000000E+00  1.997425E+06  0.000000E+00
  6.651890E+03  1.330378E+04  9.000000E+01  9.000000E+01  9.000000E+01
  0.000000E+00  4.466989E+00  1.992226E+17  5.055395E+00  1.941845E-01
  1.705914E-01  1.941845E-01  4.796326E+00 -3.367586E-01  1.705914E-01
 -3.367586E-01  3.549246E+00  1.486495E-02  4.501309E-03  5.024508E-03
  9.572638E-02  4.293416E+02  1.276799E+02  0.000000E+00  0.000000E+00
  0.000000E+00  1.276799E+02  0.000000E+00  0.000000E+00  0.000000E+00
  1.225252E+02  5.642757E+03
     69000  3.450000E+01        52
  1.992226E+17  0.000000E+00 -5.726611E+05  1.041357E+05 -6.834531E+05
  0.000000E+00  0.000000E+00  0.000000E+00  0.000000E+00 -5.726598E+05
  0.000000E+00 -1.710761E+04 -6.165565E+05  5.861362E+05  0.000000E+00
  0.000000E+00  0.000000E+00  0.000000E+00  1.997425E+06  0.000000E+00
  6.656343E+03  1.331269E+04  9.000000E+01  9.000000E+01  9.000000E+01
  0.000000E+00  4.514312E+00  1.992226E+17  5.101553E+00  1.934311E-01
  1.702730E-01  1.934311E-01  4.843697E+00 -3.367029E-01  1.702730E-01
 -3.367029E-01  3.597686E+00  1.486495E-02  4.501309E-03  5.024508E-03
  9.572638E-02  4.293416E+02  1.276799E+02  0.000000E+00  0.000000E+00
  0.000000E+00  1.276799E+02  0.000000E+00  0.000000E+00  0.000000E+00
  1.225252E+02  5.702537E+03
     70000  3.500000E+01        52
  1.992226E+17  0.000000E+00 -5.726765E+05  1.041740E+05 -6.835112E+05
  0.000000E+00  0.000000E+00  0.000000E+00  0.000000E+00 -5.726752E+05
  0.000000E+00 -1.728407E+04 -6.167773E+05  5.861718E+05  0.000000E+00
  0.000000E+00  0.000000E+00  0.000000E+00  1.997425E+06  0.000000E+00
  6.660748E+03  1.332150E+04  9.000000E+01  9.000000E+01  9.000000E+01
  0.000000E+00  4.560875E+00  1.992226E+17  5.146569E+00  1.930865E-01
  1.698688E-01  1.930865E-01  4.891415E+00 -3.361744E-01  1.698688E-01
 -3.361744E-01  3.644642E+00  1.486495E-02  4.501309E-03  5.024508E-03
  9.572638E-02  4.293416E+02  1.276799E+02  0.000000E+00  0.000000E+00
  0.000000E+00  1.276799E+02  0.000000E+00  0.000000E+00  0.000000E+00
  1.225252E+02  5.761356E+03
     71000  3.550000E+01        52
  1.992226E+17  0.000000E+00 -5.726917E+05  1.042112E+05 -6.835680E+05
  0.000000E+00  0.000000E+00  0.000000E+00  0.000000E+00 -5.726905E+05
  0.000000E+00 -1.745618E+04 -6.169928E+05  5.862063E+05  0.000000E+00
  0.000000E+00  0.000000E+00  0.000000E+00  1.997425E+06  0.000000E+00
  6.665165E+03  1.333033E+04  9.000000E+01  9.000000E+01  9.000000E+01
  0.000000E+00  4.606291E+00  1.992226E+17  5.190152E+00  1.924567E-01
  1.692524E-01  1.924567E-01  4.938422E+00 -3.357443E-01  1.692524E-01
 -3.357443E-01  3.690298E+00  1.486495E-02  4.501309E-03  5.024508E-03
  9.572638E-02  4.293416E+02  1.276799E+02  0.000000E+00  0.000000E+00
  0.000000E+00  1.276799E+02  0.000000E+00  0.000000E+00  0.000000E+00
  1.225252E+02  5.818725E+03
     72000  3.600000E+01        52
  1.992226E+17  0.000000E+00 -5.727069E+05  1.042471E+05 -6.836236E+05
  0.000000E+00  0.000000E+00  0.000000E+00  0.000000E+00 -5.727057E+05
  0.000000E+00 -1.762364E+04 -6.172026E+05  5.862399E+05  0.000000E+00
  0.000000E+00  0.000000E+00  0.000000E+00  1.997425E+06  0.000000E+00
  6.669558E+03  1.333912E+04  9.000000E+01  9.000000E+01  9.000000E+01
  0.000000E+00  4.650481E+00  1.992226E+17  5.232058E+00  1.914460E-01
  1.683490E-01  1.914460E-01  4.984798E+00 -3.351604E-01  1.683490E-01
 -3.351604E-01  3.734588E+00  1.486495E-02  4.501309E-03  5.024508E-03
  9.572638E-02  4.293416E+02  1.276799E+02  0.000000E+00  0.000000E+00
  0.000000E+00  1.276799E+02  0.000000E+00  0.000000E+00  0.000000E+00
  1.225252E+02  5.874547E+03
     73000  3.650000E+01        52
  1.992226E+17  0.000000E+00 -5.727225E+05  1.042816E+05 -6.836782E+05
  0.000000E+00  0.000000E+00  0.000000E+00  0.000000E+00 -5.727213E+05
  0.000000E+00 -1.778549E+04 -6.174066E+05  5.862730E+05  0.000000E+00
  0.000000E+00  0.000000E+00  0.000000E+00  1.997425E+06  0.000000E+00
  6.674012E+03  1.334802E+04  9.000000E+01  9.000000E+01  9.000000E+01
  0.000000E+00  4.693190E+00  1.992226E+17  5.271721E+00  1.900041E-01
  1.668041E-01  1.900041E-01  5.030764E+00 -3.344599E-01  1.668041E-01
 -3.344599E-01  3.777086E+00  1.486495E-02  4.501309E-03  5.024508E-03
  9.572638E-02  4.293416E+02  1.276799E+02  0.000000E+00  0.000000E+00
  0.000000E+00  1.276799E+02  0.000000E+00  0.000000E+00  0.000000E+00
  1.225252E+02  5.928497E+03
     74000  3.700000E+01        52
  1.992226E+17  0.000000E+00 -5.727384E+05  1.043156E+05 -6.837322E+05
  0.000000E+00  0.000000E+00  0.000000E+00  0.000000E+00 -5.727372E+05
  0.000000E+00 -1.794604E+04 -6.176081E+05  5.863058E+05  0.000000E+00
  0.000000E+00  0.000000E+00  0.000000E+00  1.997425E+06  0.000000E+00
  6.678109E+03  1.335622E+04  9.000000E+01  9.000000E+01  9.000000E+01
  0.000000E+00  4.735556E+00  1.992226E+17  5.311349E+00  1.886978E-01
  1.671850E-01  1.886978E-01  5.075069E+00 -3.335276E-01  1.671850E-01
 -3.335276E-01  3.820251E+00  1.486495E-02  4.501309E-03  5.024508E-03
  9.572638E-02  4.293416E+02  1.276799E+02  0.000000E+00  0.000000E+00
  0.000000E+00  1.276799E+02  0.000000E+00  0.000000E+00  0.000000E+00
  1.225252E+02  5.982015E+03
     75000  3.750000E+01        52
  1.992226E+17  0.000000E+00 -5.727541E+05  1.043491E+05 -6.837853E+05
  0.000000E+00  0.000000E+00  0.000000E+00  0.000000E+00 -5.727528E+05
  0.000000E+00 -1.810427E+04 -6.178059E+05  5.863375E+05  0.000000E+00
  0.000000E+00  0.000000E+00  0.000000E+00  1.997425E+06  0.000000E+00
  6.682081E+03  1.336416E+04  9.000000E+01  9.000000E+01  9.000000E+01
  0.000000E+00  4.777309E+00  1.992226E+17  5.350813E+00  1.870576E-01
  1.665318E-01  1.870576E-01  5.117527E+00 -3.336166E-01  1.665318E-01
 -3.336166E-01  3.863586E+00  1.486495E-02  4.501309E-03  5.024508E-03
  9.572638E-02  4.293416E+02  1.276799E+02  0.000000E+00  0.000000E+00
  0.000000E+00  1.276799E+02  0.000000E+00  0.000000E+00  0.000000E+00
  1.225252E+02  6.034757E+03
     76000  3.800000E+01        52
  1.992226E+17  0.000000E+00 -5.727691E+05  1.043824E+05 -6.838374E+05
  0.000000E+00  0.000000E+00  0.000000E+00  0.000000E+00 -5.727678E+05
  0.000000E+00 -1.826027E+04 -6.179999E+05  5.863678E+05  0.000000E+00
  0.000000E+00  0.000000E+00  0.000000E+00  1.997425E+06  0.000000E+00
  6.685922E+03  1.337184E+04  9.000000E+01  9.000000E+01  9.000000E+01
  0.000000E+00  4.818472E+00  1.992226E+17  5.391230E+00  1.853818E-01
  1.654393E-01  1.853818E-01  5.158505E+00 -3.344524E-01  1.654393E-01
 -3.344524E-01  3.905682E+00  1.486495E-02  4.501309E-03  5.024508E-03
  9.572638E-02  4.293416E+02  1.276799E+02  0.000000E+00  0.000000E+00
  0.000000E+00  1.276799E+02  0.000000E+00  0.000000E+00  0.000000E+00
  1.225252E+02  6.086756E+03
     77000  3.850000E+01        52
  1.992226E+17  0.000000E+00 -5.727845E+05  1.044138E+05 -6.838883E+05
  0.000000E+00  0.000000E+00  0.000000E+00  0.000000E+00 -5.727833E+05
  0.000000E+00 -1.840861E+04 -6.181850E+05  5.863966E+05  0.000000E+00
  0.000000E+00  0.000000E+00  0.000000E+00  1.997425E+06  0.000000E+00
  6.689914E+03  1.337983E+04  9.000000E+01  9.000000E+01  9.000000E+01
  0.000000E+00  4.857616E+00  1.992226E+17  5.429992E+00  1.821128E-01
  1.661264E-01  1.821128E-01  5.195473E+00 -3.355224E-01  1.661264E-01
 -3.355224E-01  3.947382E+00  1.486495E-02  4.501309E-03  5.024508E-03
  9.572638E-02  4.293416E+02  1.276799E+02  0.000000E+00  0.000000E+00
  0.000000E+00  1.276799E+02  0.000000E+00  0.000000E+00  0.000000E+00
  1.225252E+02  6.136202E+03
     78000  3.900000E+01        52
  1.992226E+17  0.000000E+00 -5.727998E+05  1.044473E+05 -6.839412E+05
  0.000000E+00  0.000000E+00  0.000000E+00  0.000000E+00 -5.727986E+05
  0.000000E+00 -1.856181E+04 -6.183780E+05  5.864281E+05  0.000000E+00
  0.000000E+00  0.000000E+00  0.000000E+00  1.997425E+06  0.000000E+00
  6.694059E+03  1.338812E+04  9.000000E+01  9.000000E+01  9.000000E+01
  0.000000E+00  4.898043E+00  1.992226E+17  5.467947E+00  1.809491E-01
  1.668205E-01  1.809491E-01  5.238368E+00 -3.344448E-01  1.668205E-01
 -3.344448E-01  3.987813E+00  1.486495E-02  4.501309E-03  5.024508E-03
  9.572638E-02  4.293416E+02  1.276799E+02  0.000000E+00  0.000000E+00
  0.000000E+00  1.276799E+02  0.000000E+00  0.000000E+00  0.000000E+00
  1.225252E+02  6.187270E+03
     79000  3.950000E+01        52
  1.992226E+17  0.000000E+00 -5.728148E+05  1.044793E+05 -6.839922E+05
  0.000000E+00  0.000000E+00  0.000000E+00  0.000000E+00 -5.728135E+05
  0.000000E+00 -1.871024E+04 -6.185646E+05  5.864580E+05  0.000000E+00
  0.000000E+00  0.000000E+00  0.000000E+00  1.997425E+06  0.000000E+00
  6.698173E+03  1.339635E+04  9.000000E+01  9.000000E+01  9.000000E+01
  0.000000E+00  4.937209E+00  1.992226E+17  5.504575E+00  1.806122E-01
  1.663815E-01  1.806122E-01  5.281444E+00 -3.342795E-01  1.663815E-01
 -3.342795E-01  4.025608E+00  1.486495E-02  4.501309E-03  5.024508E-03
  9.572638E-02  4.293416E+02  1.276799E+02  0.000000E+00  0.000000E+00
  0.000000E+00  1.276799E+02  0.000000E+00  0.000000E+00  0.000000E+00
  1.225252E+02  6.236745E+03
     80000  4.000000E+01        52
  1.992226E+17  0.000000E+00 -5.728295E+05  1.045111E+05 -6.840427E+05
  0.000000E+00  0.000000E+00  0.000000E+00  0.000000E+00 -5.728282E+05
  0.000000E+00 -1.885859E+04 -6.187499E+05  5.864871E+05  0.000000E+00
  0.000000E+00  0.000000E+00  0.000000E+00  1.997425E+06  0.000000E+00
  6.702124E+03  1.340425E+04  9.000000E+01  9.000000E+01  9.000000E+01
  0.000000E+00  4.976356E+00  1.992226E+17  5.542358E+00  1.811287E-01
  1.650067E-01  1.811287E-01  5.324060E+00 -3.349630E-01  1.650067E-01
 -3.349630E-01  4.062650E+00  1.486495E-02  4.501309E-03  5.024508E-03
  9.572638E-02  4.293416E+02  1.276799E+02  0.000000E+00  0.000000E+00
  0.000000E+00  1.276799E+02  0.000000E+00  0.000000E+00  0.000000E+00
  1.225252E+02  6.286196E+03
     81000  4.050000E+01        52
  1.992226E+17  0.000000E+00 -5.728442E+05  1.045428E+05 -6.840930E+05
  0.000000E+00  0.000000E+00  0.000000E+00  0.000000E+00 -5.728430E+05
  0.000000E+00 -1.900672E+04 -6.189347E+05  5.865159E+05  0.000000E+00
  0.000000E+00  0.000000E+00  0.000000E+00  1.997425E+06  0.000000E+00
  6.706046E+03  1.341209E+04  9.000000E+01  9.000000E+01  9.000000E+01
  0.000000E+00  5.015444E+00  1.992226E+17  5.580250E+00  1.827153E-01
  1.636492E-01  1.827153E-01  5.366692E+00 -3.360593E-01  1.636492E-01
 -3.360593E-01  4.099390E+00  1.486495E-02  4.501309E-03  5.024508E-03
  9.572638E-02  4.293416E+02  1.276799E+02  0.000000E+00  0.000000E+00
  0.000000E+00  1.276799E+02  0.000000E+00  0.000000E+00  0.000000E+00
  1.225252E+02  6.335572E+03
     82000  4.100000E+01        52
  1.992226E+17  0.000000E+00 -5.728588E+05  1.045748E+05 -6.841433E+05
  0.000000E+00  0.000000E+00  0.000000E+00  0.000000E+00 -5.728575E+05
  0.000000E+00 -1.915654E+04 -6.191206E+05  5.865446E+05  0.000000E+00
  0.000000E+00  0.000000E+00  0.000000E+00  1.997425E+06  0.000000E+00
  6.709747E+03  1.341949E+04  9.000000E+01  9.000000E+01  9.000000E+01
  0.000000E+00  5.054979E+00  1.992226E+17  5.618080E+00  1.842130E-01
  1.625657E-01  1.842130E-01  5.408984E+00 -3.365922E-01  1.625657E-01
 -3.365922E-01  4.137871E+00  1.486495E-02  4.501309E-03  5.024508E-03
  9.572638E-02  4.293416E+02  1.276799E+02  0.000000E+00  0.000000E+00
  0.000000E+00  1.276799E+02  0.000000E+00  0.000000E+00  0.000000E+00
  1.225252E+02  6.385513E+03
     83000  4.150000E+01        52
  1.992226E+17  0.000000E+00 -5.728728E+05  1.046053E+05 -6.841915E+05
  0.000000E+00  0.000000E+00  0.000000E+00  0.000000E+00 -5.728716E+05
  0.000000E+00 -1.930113E+04 -6.192986E+05  5.865707E+05  0.000000E+00
  0.000000E+00  0.000000E+00  0.000000E+00  1.997425E+06  0.000000E+00
  6.713353E+03  1.342671E+04  9.000000E+01  9.000000E+01  9.000000E+01
  0.000000E+00  5.093133E+00  1.992226E+17  5.654192E+00  1.845471E-01
  1.621386E-01  1.845471E-01  5.449492E+00 -3.371658E-01  1.621386E-01
 -3.371658E-01  4.175714E+00  1.486495E-02  4.501309E-03  5.024508E-03
  9.572638E-02  4.293416E+02  1.276799E+02  0.000000E+00  0.000000E+00
  0.000000E+00  1.276799E+02  0.000000E+00  0.000000E+00  0.000000E+00
  1.225252E+02  6.433710E+03
     84000  4.200000E+01        52
  1.992226E+17  0.000000E+00 -5.728867E+05  1.046344E+05 -6.842381E+05
  0.000000E+00  0.000000E+00  0.000000E+00  0.000000E+00 -5.728854E+05
  0.000000E+00 -1.944059E+04 -6.194697E+05  5.865952E+05  0.000000E+00
  0.000000E+00  0.000000E+00  0.000000E+00  1.997425E+06  0.000000E+00
  6.716983E+03  1.343397E+04  9.000000E+01  9.000000E+01  9.000000E+01
  0.000000E+00  5.129932E+00  1.992226E+17  5.689032E+00  1.840822E-01
  1.621770E-01  1.840822E-01  5.488849E+00 -3.373061E-01  1.621770E-01
 -3.373061E-01  4.211916E+00  1.486495E-02  4.501309E-03  5.024508E-03
  9.572638E-02  4.293416E+02  1.276799E+02  0.000000E+00  0.000000E+00
  0.000000E+00  1.276799E+02  0.000000E+00  0.000000E+00  0.000000E+00
  1.225252E+02  6.480196E+03
     85000  4.250000E+01        52
  1.992226E+17  0.000000E+00 -5.729004E+05  1.046627E+05 -6.842836E+05
  0.000000E+00  0.000000E+00  0.000000E+00  0.000000E+00 -5.728991E+05
  0.000000E+00 -1.957659E+04 -6.196365E+05  5.866187E+05  0.000000E+00
  0.000000E+00  0.000000E+00  0.000000E+00  1.997425E+06  0.000000E+00
  6.720578E+03  1.344116E+04  9.000000E+01  9.000000E+01  9.000000E+01
  0.000000E+00  5.165820E+00  1.992226E+17  5.723344E+00  1.834355E-01
  1.621154E-01  1.834355E-01  5.527375E+00 -3.369148E-01  1.621154E-01
 -3.369148E-01  4.246741E+00  1.486495E-02  4.501309E-03  5.024508E-03
  9.572638E-02  4.293416E+02  1.276799E+02  0.000000E+00  0.000000E+00
  0.000000E+00  1.276799E+02  0.000000E+00  0.000000E+00  0.000000E+00
  1.225252E+02  6.525529E+03
     86000  4.300000E+01        52
  1.992226E+17  0.000000E+00 -5.729140E+05  1.046900E+05 -6.843281E+05
  0.000000E+00  0.000000E+00  0.000000E+00  0.000000E+00 -5.729127E+05
  0.000000E+00 -1.970886E+04 -6.197987E+05  5.866416E+05  0.000000E+00
  0.000000E+00  0.000000E+00  0.000000E+00  1.997425E+06  0.000000E+00
  6.724092E+03  1.344818E+04  9.000000E+01  9.000000E+01  9.000000E+01
  0.000000E+00  5.200725E+00  1.992226E+17  5.757375E+00  1.829195E-01
  1.616706E-01  1.829195E-01  5.564542E+00 -3.359897E-01  1.616706E-01
 -3.359897E-01  4.280257E+00  1.486495E-02  4.501309E-03  5.024508E-03
  9.572638E-02  4.293416E+02  1.276799E+02  0.000000E+00  0.000000E+00
  0.000000E+00  1.276799E+02  0.000000E+00  0.000000E+00  0.000000E+00
  1.225252E+02  6.569621E+03
     87000  4.350000E+01        52
  1.992226E+17  0.000000E+00 -5.729276E+05  1.047165E+05 -6.843716E+05
  0.000000E+00  0.000000E+00  0.000000E+00  0.000000E+00 -5.729263E+05
  0.000000E+00 -1.983793E+04 -6.199574E+05  5.866644E+05  0.000000E+00
  0.000000E+00  0.000000E+00  0.000000E+00  1.997425E+06  0.000000E+00
  6.727548E+03  1.345510E+04  9.000000E+01  9.000000E+01  9.000000E+01
  0.000000E+00  5.234782E+00  1.992226E+17  5.791180E+00  1.822966E-01
  1.614009E-01  1.822966E-01  5.600115E+00 -3.345212E-01  1.614009E-01
 -3.345212E-01  4.313052E+00  1.486495E-02  4.501309E-03  5.024508E-03
  9.572638E-02  4.293416E+02  1.276799E+02  0.000000E+00  0.000000E+00
  0.000000E+00  1.276799E+02  0.000000E+00  0.000000E+00  0.000000E+00
  1.225252E+02  6.612643E+03
     88000  4.400000E+01        52
  1.992226E+17  0.000000E+00 -5.729413E+05  1.047432E+05 -6.844154E+05
  0.000000E+00  0.000000E+00  0.000000E+00  0.000000E+00 -5.729400E+05
  0.000000E+00 -1.996816E+04 -6.201176E+05  5.866877E+05  0.000000E+00
  0.000000E+00  0.000000E+00  0.000000E+00  1.997425E+06  0.000000E+00
  6.730873E+03  1.346175E+04  9.000000E+01  9.000000E+01  9.000000E+01
  0.000000E+00  5.269147E+00  1.992226E+17  5.824629E+00  1.809858E-01
  1.616916E-01  1.809858E-01  5.635755E+00 -3.340320E-01  1.616916E-01
 -3.340320E-01  4.347056E+00  1.486495E-02  4.501309E-03  5.024508E-03
  9.572638E-02  4.293416E+02  1.276799E+02  0.000000E+00  0.000000E+00
  0.000000E+00  1.276799E+02  0.000000E+00  0.000000E+00  0.000000E+00
  1.225252E+02  6.656053E+03
     89000  4.450000E+01        52
  1.992226E+17  0.000000E+00 -5.729541E+05  1.047697E+05 -6.844580E+05
  0.000000E+00  0.000000E+00  0.000000E+00  0.000000E+00 -5.729529E+05
  0.000000E+00 -2.009598E+04 -6.202735E+05  5.867092E+05  0.000000E+00
  0.000000E+00  0.000000E+00  0.000000E+00  1.997425E+06  0.000000E+00
  6.734138E+03  1.346828E+04  9.000000E+01  9.000000E+01  9.000000E+01
  0.000000E+00  5.302877E+00  1.992226E+17  5.857287E+00  1.794274E-01
  1.620817E-01  1.794274E-01  5.671379E+00 -3.334166E-01  1.620817E-01
 -3.334166E-01  4.379965E+00  1.486495E-02  4.501309E-03  5.024508E-03
  9.572638E-02  4.293416E+02  1.276799E+02  0.000000E+00  0.000000E+00
  0.000000E+00  1.276799E+02  0.000000E+00  0.000000E+00  0.000000E+00
  1.225252E+02  6.698662E+03
     90000  4.500000E+01        52
  1.992226E+17  0.000000E+00 -5.729670E+05  1.047957E+05 -6.845003E+05
  0.000000E+00  0.000000E+00  0.000000E+00  0.000000E+00 -5.729657E+05
  0.000000E+00 -2.022149E+04 -6.204274E+05  5.867307E+05  0.000000E+00
  0.000000E+00  0.000000E+00  0.000000E+00  1.997425E+06  0.000000E+00
  6.737616E+03  1.347523E+04  9.000000E+01  9.000000E+01  9.000000E+01
  0.000000E+00  5.335994E+00  1.992226E+17  5.890061E+00  1.767680E-01
  1.619783E-01  1.767680E-01  5.705411E+00 -3.318944E-01  1.619783E-01
 -3.318944E-01  4.412510E+00  1.486495E-02  4.501309E-03  5.024508E-03
  9.572638E-02  4.293416E+02  1.276799E+02  0.000000E+00  0.000000E+00
  0.000000E+00  1.276799E+02  0.000000E+00  0.000000E+00  0.000000E+00
  1.225252E+02  6.740495E+03
     91000  4.550000E+01        52
  1.992226E+17  0.000000E+00 -5.729804E+05  1.048229E+05 -6.845446E+05
  0.000000E+00  0.000000E+00  0.000000E+00  0.000000E+00 -5.729791E+05
  0.000000E+00 -2.035202E+04 -6.205885E+05  5.867538E+05  0.000000E+00
  0.000000E+00  0.000000E+00  0.000000E+00  1.997425E+06  0.000000E+00
  6.741362E+03  1.348272E+04  9.000000E+01  9.000000E+01  9.000000E+01
  0.000000E+00  5.370438E+00  1.992226E+17  5.925249E+00  1.734061E-01
  1.594485E-01  1.734061E-01  5.738983E+00 -3.301913E-01  1.594485E-01
 -3.301913E-01  4.447081E+00  1.486495E-02  4.501309E-03  5.024508E-03
  9.572638E-02  4.293416E+02  1.276799E+02  0.000000E+00  0.000000E+00
  0.000000E+00  1.276799E+02  0.000000E+00  0.000000E+00  0.000000E+00
  1.225252E+02  6.784005E+03
     92000  4.600000E+01        52
  1.992226E+17  0.000000E+00 -5.729930E+05  1.048491E+05 -6.845867E+05
  0.000000E+00  0.000000E+00  0.000000E+00  0.000000E+00 -5.729918E+05
  0.000000E+00 -2.047851E+04 -6.207421E+05  5.867746E+05  0.000000E+00
  0.000000E+00  0.000000E+00  0.000000E+00  1.997425E+06  0.000000E+00
  6.744525E+03  1.348905E+04  9.000000E+01  9.000000E+01  9.000000E+01
  0.000000E+00  5.403816E+00  1.992226E+17  5.957756E+00  1.724553E-01
  1.583182E-01  1.724553E-01  5.773549E+00 -3.295049E-01  1.583182E-01
 -3.295049E-01  4.480141E+00  1.486495E-02  4.501309E-03  5.024508E-03
  9.572638E-02  4.293416E+02  1.276799E+02  0.000000E+00  0.000000E+00
  0.000000E+00  1.276799E+02  0.000000E+00  0.000000E+00  0.000000E+00
  1.225252E+02  6.826168E+03
     93000  4.650000E+01        52
  1.992226E+17  0.000000E+00 -5.730056E+05  1.048739E+05 -6.846273E+05
  0.000000E+00  0.000000E+00  0.000000E+00  0.000000E+00 -5.730043E+05
  0.000000E+00 -2.059896E+04 -6.208885E+05  5.867940E+05  0.000000E+00
  0.000000E+00  0.000000E+00  0.000000E+00  1.997425E+06  0.000000E+00
  6.747757E+03  1.349551E+04  9.000000E+01  9.000000E+01  9.000000E+01
  0.000000E+00  5.435600E+00  1.992226E+17  5.988237E+00  1.720449E-01
  1.579215E-01  1.720449E-01  5.806927E+00 -3.288841E-01  1.579215E-01
 -3.288841E-01  4.511638E+00  1.486495E-02  4.501309E-03  5.024508E-03
  9.572638E-02  4.293416E+02  1.276799E+02  0.000000E+00  0.000000E+00
  0.000000E+00  1.276799E+02  0.000000E+00  0.000000E+00  0.000000E+00
  1.225252E+02  6.866320E+03
     94000  4.700000E+01        52
  1.992226E+17  0.000000E+00 -5.730178E+05  1.048986E+05 -6.846674E+05
  0.000000E+00  0.000000E+00  0.000000E+00  0.000000E+00 -5.730166E+05
  0.000000E+00 -2.071850E+04 -6.210333E+05  5.868130E+05  0.000000E+00
  0.000000E+00  0.000000E+00  0.000000E+00  1.997425E+06  0.000000E+00
  6.750929E+03  1.350186E+04  9.000000E+01  9.000000E+01  9.000000E+01
  0.000000E+00  5.467145E+00  1.992226E+17  6.019050E+00  1.719393E-01
  1.579414E-01  1.719393E-01  5.839429E+00 -3.282495E-01  1.579414E-01
 -3.282495E-01  4.542956E+00  1.486495E-02  4.501309E-03  5.024508E-03
  9.572638E-02  4.293416E+02  1.276799E+02  0.000000E+00  0.000000E+00
  0.000000E+00  1.276799E+02  0.000000E+00  0.000000E+00  0.000000E+00
  1.225252E+02  6.906167E+03
     95000  4.750000E+01        52
  1.992226E+17  0.000000E+00 -5.730298E+05  1.049227E+05 -6.847066E+05
  0.000000E+00  0.000000E+00  0.000000E+00  0.000000E+00 -5.730285E+05
  0.000000E+00 -2.083478E+04 -6.211741E+05  5.868311E+05  0.000000E+00
  0.000000E+00  0.000000E+00  0.000000E+00  1.997425E+06  0.000000E+00
  6.754099E+03  1.350820E+04  9.000000E+01  9.000000E+01  9.000000E+01
  0.000000E+00  5.497828E+00  1.992226E+17  6.048587E+00  1.716611E-01
  1.579941E-01  1.716611E-01  5.871233E+00 -3.278827E-01  1.579941E-01
 -3.278827E-01  4.573664E+00  1.486495E-02  4.501309E-03  5.024508E-03
  9.572638E-02  4.293416E+02  1.276799E+02  0.000000E+00  0.000000E+00
  0.000000E+00  1.276799E+02  0.000000E+00  0.000000E+00  0.000000E+00
  1.225252E+02  6.944926E+03
     96000  4.800000E+01        52
  1.992226E+17  0.000000E+00 -5.730417E+05  1.049461E+05 -6.847450E+05
  0.000000E+00  0.000000E+00  0.000000E+00  0.000000E+00 -5.730404E+05
  0.000000E+00 -2.094794E+04 -6.213111E+05  5.868486E+05  0.000000E+00
  0.000000E+00  0.000000E+00  0.000000E+00  1.997425E+06  0.000000E+00
  6.757282E+03  1.351456E+04  9.000000E+01  9.000000E+01  9.000000E+01
  0.000000E+00  5.527690E+00  1.992226E+17  6.077069E+00  1.714720E-01
  1.579284E-01  1.714720E-01  5.902496E+00 -3.276119E-01  1.579284E-01
 -3.276119E-01  4.603505E+00  1.486495E-02  4.501309E-03  5.024508E-03
  9.572638E-02  4.293416E+02  1.276799E+02  0.000000E+00  0.000000E+00
  0.000000E+00  1.276799E+02  0.000000E+00  0.000000E+00  0.000000E+00
  1.225252E+02  6.982648E+03
     97000  4.850000E+01        52
  1.992226E+17  0.000000E+00 -5.730535E+05  1.049689E+05 -6.847828E+05
  0.000000E+00  0.000000E+00  0.000000E+00  0.000000E+00 -5.730522E+05
  0.000000E+00 -2.105845E+04 -6.214450E+05  5.868656E+05  0.000000E+00
  0.000000E+00  0.000000E+00  0.000000E+00  1.997425E+06  0.000000E+00
  6.760464E+03  1.352093E+04  9.000000E+01  9.000000E+01  9.000000E+01
  0.000000E+00  5.556850E+00  1.992226E+17  6.104607E+00  1.713587E-01
  1.576741E-01  1.713587E-01  5.933300E+00 -3.273283E-01  1.576741E-01
 -3.273283E-01  4.632643E+00  1.486495E-02  4.501309E-03  5.024508E-03
  9.572638E-02  4.293416E+02  1.276799E+02  0.000000E+00  0.000000E+00
  0.000000E+00  1.276799E+02  0.000000E+00  0.000000E+00  0.000000E+00
  1.225252E+02  7.019484E+03
     98000  4.900000E+01        52
  1.992226E+17  0.000000E+00 -5.730654E+05  1.049913E+05 -6.848204E+05
  0.000000E+00  0.000000E+00  0.000000E+00  0.000000E+00 -5.730641E+05
  0.000000E+00 -2.116768E+04 -6.215774E+05  5.868824E+05  0.000000E+00
  0.000000E+00  0.000000E+00  0.000000E+00  1.997425E+06  0.000000E+00
  6.763644E+03  1.352729E+04  9.000000E+01  9.000000E+01  9.000000E+01
  0.000000E+00  5.585674E+00  1.992226E+17  6.131665E+00  1.711559E-01
  1.574458E-01  1.711559E-01  5.963816E+00 -3.270503E-01  1.574458E-01
 -3.270503E-01  4.661542E+00  1.486495E-02  4.501309E-03  5.024508E-03
  9.572638E-02  4.293416E+02  1.276799E+02  0.000000E+00  0.000000E+00
  0.000000E+00  1.276799E+02  0.000000E+00  0.000000E+00  0.000000E+00
  1.225252E+02  7.055895E+03
     99000  4.950000E+01        52
  1.992226E+17  0.000000E+00 -5.730772E+05  1.050140E+05 -6.848579E+05
  0.000000E+00  0.000000E+00  0.000000E+00  0.000000E+00 -5.730759E+05
  0.000000E+00 -2.127748E+04 -6.217102E+05  5.868992E+05  0.000000E+00
  0.000000E+00  0.000000E+00  0.000000E+00  1.997425E+06  0.000000E+00
  6.766742E+03  1.353348E+04  9.000000E+01  9.000000E+01  9.000000E+01
  0.000000E+00  5.614646E+00  1.992226E+17  6.159233E+00  1.704740E-01
  1.578930E-01  1.704740E-01  5.993831E+00 -3.269369E-01  1.578930E-01
 -3.269369E-01  4.690874E+00  1.486495E-02  4.501309E-03  5.024508E-03
  9.572638E-02  4.293416E+02  1.276799E+02  0.000000E+00  0.000000E+00
  0.000000E+00  1.276799E+02  0.000000E+00  0.000000E+00  0.000000E+00
  1.225252E+02  7.092492E+03
    100000  5.000000E+01        52
  1.992226E+17  0.000000E+00 -5.730888E+05  1.050361E+05 -6.848947E+05
  0.000000E+00  0.000000E+00  0.000000E+00  0.000000E+00 -5.730875E+05
  0.000000E+00 -2.138499E+04 -6.218398E+05  5.869152E+05  0.000000E+00
  0.000000E+00  0.000000E+00  0.000000E+00  1.997425E+06  0.000000E+00
  6.769826E+03  1.353965E+04  9.000000E+01  9.000000E+01  9.000000E+01
  0.000000E+00  5.643017E+00  1.992226E+17  6.186148E+00  1.697711E-01
  1.584129E-01  1.697711E-01  6.023023E+00 -3.267666E-01  1.584129E-01
 -3.267666E-01  4.719880E+00  1.486495E-02  4.501309E-03  5.024508E-03
  9.572638E-02  4.293416E+02  1.276799E+02  0.000000E+00  0.000000E+00
  0.000000E+00  1.276799E+02  0.000000E+00  0.000000E+00  0.000000E+00
  1.225252E+02  7.128331E+03
