title: # Li56 La24 Zr16 O96                                                    
energy unitS: electron Volts
         0  0.000000E+00        52
 -5.348489E+05  1.900000E+03 -5.407429E+05  6.307024E+04 -6.038132E+05
  0.000000E+00  0.000000E+00  0.000000E+00  0.000000E+00 -5.348487E+05
  0.000000E+00  1.563293E+05 -4.473454E+05  6.036747E+05  0.000000E+00
  0.000000E+00  0.000000E+00  0.000000E+00  2.781571E+05  0.000000E+00
  0.000000E+00  0.000000E+00  9.000000E+01  9.000000E+01  9.000000E+01
  0.000000E+00 -2.738888E+02  0.000000E+00 -2.872477E+02 -7.629422E-02
  7.800729E-03 -7.629422E-02 -2.871506E+02  1.326237E-01  7.800729E-03
  1.326237E-01 -2.472681E+02  0.000000E+00  0.000000E+00  0.000000E+00
  0.000000E+00  0.000000E+00  6.618035E+01  0.000000E+00  0.000000E+00
  0.000000E+00  6.618035E+01  0.000000E+00  0.000000E+00  0.000000E+00
  6.350853E+01 -4.818041E+04
      1000  2.000000E-01        52
 -5.643925E+05  1.900000E+03 -5.702870E+05  1.143108E+05 -6.907334E+05
  0.000000E+00  0.000000E+00  0.000000E+00  0.000000E+00 -5.643928E+05
  0.000000E+00  4.312068E+03 -6.984292E+05  6.904700E+05  0.000000E+00
  0.000000E+00  0.000000E+00  0.000000E+00  2.778723E+05  6.326376E-02
  6.135634E+03  1.227127E+04  9.000000E+01  9.000000E+01  9.000000E+01
  0.000000E+00  1.418072E+01  4.343779E-01  6.871737E+00  3.431821E-01
 -9.751382E-01  3.431821E-01  7.715386E+00 -2.961312E-01 -9.751382E-01
 -2.961312E-01  2.795503E+01  2.017610E+00  4.681135E-01  4.758328E-01
  1.339170E+00  1.333371E+00  6.615775E+01  0.000000E+00  0.000000E+00
  0.000000E+00  6.615775E+01  0.000000E+00  0.000000E+00  0.000000E+00
  6.348685E+01  2.492008E+03
      2000  4.000000E-01        52
  4.924710E+06  5.839805E+03 -5.077892E+05  3.450300E+04 -5.604194E+05
  0.000000E+00  0.000000E+00  0.000000E+00  0.000000E+00 -4.896730E+05
  0.000000E+00  3.716567E+05 -2.193123E+05  5.547146E+05  0.000000E+00
  0.000000E+00  0.000000E+00  0.000000E+00  6.342448E+05  7.190840E+03
  1.812716E+04  3.625432E+04  9.000000E+01  9.000000E+01  9.000000E+01
  0.000000E+00 -2.787477E+02  5.414384E+06 -3.028423E+02  4.121837E+00
  9.425865E-01  4.121837E+00 -2.533029E+02 -5.598121E+00  9.425865E-01
 -5.598121E+00 -2.800979E+02  2.928369E+00  1.336627E+00  1.284882E+00
  2.640878E+00  6.983055E+03  8.710665E+01  0.000000E+00  0.000000E+00
  0.000000E+00  8.710665E+01  0.000000E+00  0.000000E+00  0.000000E+00
  8.358999E+01 -1.118083E+05
      3000  6.000000E-01        52
  3.084314E+09  1.911492E+03 -5.558647E+05  1.081721E+05 -6.713530E+05
  0.000000E+00  0.000000E+00  0.000000E+00  0.000000E+00 -5.499346E+05
  0.000000E+00  5.830513E+04 -6.216271E+05  6.652997E+05  0.000000E+00
  0.000000E+00  0.000000E+00  0.000000E+00  6.298933E+05  1.149140E+01
  7.316222E+03  1.463244E+04  9.000000E+01  9.000000E+01  9.000000E+01
  0.000000E+00 -3.886437E+01  3.084864E+09 -3.942161E+01 -7.368038E-01
 -2.041733E+00 -7.368038E-01 -4.100812E+01 -1.720960E-01 -2.041733E+00
 -1.720960E-01 -3.616338E+01  5.754936E+00  2.774153E+00  2.142688E+00
  8.716469E+00  6.992595E+03  8.690698E+01  0.000000E+00  0.000000E+00
  0.000000E+00  8.690698E+01  0.000000E+00  0.000000E+00  0.000000E+00
  8.339839E+01 -1.548191E+04
      4000  8.000000E-01        52
  3.084554E+09  1.900000E+03 -5.580135E+05  9.628522E+04 -6.634649E+05
  0.000000E+00  0.000000E+00  0.000000E+00  0.000000E+00 -5.521190E+05
  0.000000E+00  1.056792E+05 -5.679295E+05  6.552763E+05  0.000000E+00
  0.000000E+00  0.000000E+00  0.000000E+00  6.964104E+05  6.711758E-02
  9.166194E+03  1.833239E+04  9.000000E+01  9.000000E+01  9.000000E+01
  0.000000E+00 -7.106107E+01  3.085106E+09 -6.658620E+01  1.097653E+01
  1.578410E+00  1.097653E+01 -6.940221E+01  2.141519E+00  1.578410E+00
  2.141519E+00 -7.719478E+01  6.695093E+00  3.666377E+00  2.789482E+00
  1.712517E+01  8.792704E+03  8.986435E+01  0.000000E+00  0.000000E+00
  0.000000E+00  8.986435E+01  0.000000E+00  0.000000E+00  0.000000E+00
  8.623636E+01 -3.129702E+04
      5000  1.000000E+00        52
  3.084549E+09  1.901399E+03 -5.628189E+05  1.116552E+05 -6.810708E+05
  0.000000E+00  0.000000E+00  0.000000E+00  0.000000E+00 -5.569201E+05
  0.000000E+00  3.480727E+04 -6.511825E+05  6.727964E+05  0.000000E+00
  0.000000E+00  0.000000E+00  0.000000E+00  6.951238E+05  1.160415E+00
  6.596689E+03  1.319338E+04  9.000000E+01  9.000000E+01  9.000000E+01
  0.000000E+00 -1.744763E+01  3.085106E+09 -1.264313E+01 -1.799780E+00
 -1.202578E+00 -1.799780E+00 -1.655116E+01  1.792449E+00 -1.202578E+00
  1.792449E+00 -2.314861E+01  7.967844E+00  5.071215E+00  3.831755E+00
  2.976035E+01  9.015359E+03  8.980897E+01  0.000000E+00  0.000000E+00
  0.000000E+00  8.980897E+01  0.000000E+00  0.000000E+00  0.000000E+00
  8.618322E+01 -7.670166E+03
      6000  1.200000E+00        52
  3.084621E+09  1.820092E+03 -5.594051E+05  1.050101E+05 -6.691379E+05
  0.000000E+00  0.000000E+00  0.000000E+00  0.000000E+00 -5.537584E+05
  0.000000E+00  5.405247E+04 -6.079602E+05  6.525674E+05  0.000000E+00
  0.000000E+00  0.000000E+00  0.000000E+00  8.951065E+05  2.749890E+01
  4.722601E+03  9.445202E+03  9.000000E+01  9.000000E+01  9.000000E+01
  0.000000E+00 -2.517893E+01  3.085175E+09 -2.258891E+01 -2.985117E+00
  2.929138E+00 -2.985117E+00 -2.440411E+01 -3.861505E+00  2.929138E+00
 -3.861505E+00 -2.854376E+01  9.416992E+00  6.527542E+00  4.981673E+00
  4.426702E+01  1.159148E+04  9.770660E+01  0.000000E+00  0.000000E+00
  0.000000E+00  9.770660E+01  0.000000E+00  0.000000E+00  0.000000E+00
  9.376201E+01 -1.425338E+04
      7000  1.400000E+00        52
  3.084623E+09  1.900000E+03 -5.621470E+05  1.077547E+05 -6.761579E+05
  0.000000E+00  0.000000E+00  0.000000E+00  0.000000E+00 -5.562523E+05
  0.000000E+00  3.922277E+04 -6.304637E+05  6.571742E+05  0.000000E+00
  0.000000E+00  0.000000E+00  0.000000E+00  9.247783E+05  4.871842E-02
  6.256154E+03  1.251231E+04  9.000000E+01  9.000000E+01  9.000000E+01
  0.000000E+00 -1.563634E+01  3.085179E+09 -1.732479E+01  3.719333E-01
  3.266388E+00  3.719333E-01 -1.712005E+01 -1.713418E+00  3.266388E+00
 -1.713418E+00 -1.246416E+01  1.059267E+01  7.707190E+00  6.019260E+00
  5.413726E+01  1.203068E+04  9.877451E+01  0.000000E+00  0.000000E+00
  0.000000E+00  9.877451E+01  0.000000E+00  0.000000E+00  0.000000E+00
  9.478680E+01 -9.144893E+03
      8000  1.600000E+00        52
  3.954233E+09  1.901017E+03 -5.602591E+05  1.037157E+05 -6.695041E+05
  0.000000E+00  0.000000E+00  0.000000E+00  0.000000E+00 -5.543612E+05
  0.000000E+00  4.902636E+04 -6.046280E+05  6.425956E+05  0.000000E+00
  0.000000E+00  0.000000E+00  0.000000E+00  1.067852E+06  6.989533E-01
  5.529387E+03  1.105877E+04  9.000000E+01  9.000000E+01  9.000000E+01
  0.000000E+00 -1.837712E+01  3.954788E+09 -1.731135E+01 -3.361170E-01
  5.796376E+00 -3.361170E-01 -2.114442E+01 -6.990673E-01  5.796376E+00
 -6.990673E-01 -1.667558E+01  1.208392E+01  8.370584E+00  6.630032E+00
  5.821496E+01  1.316063E+04  1.036262E+02  0.000000E+00  0.000000E+00
  0.000000E+00  1.036262E+02  0.000000E+00  0.000000E+00  0.000000E+00
  9.944258E+01 -1.241065E+04
      9000  1.800000E+00        52
  3.954427E+09  4.214790E+03 -5.309576E+05  1.079027E+05 -6.767307E+05
  0.000000E+00  0.000000E+00  0.000000E+00  0.000000E+00 -5.178821E+05
  0.000000E+00  9.104379E+04 -6.312794E+05  6.465823E+05  0.000000E+00
  0.000000E+00  0.000000E+00  0.000000E+00  1.101361E+06  4.796365E+03
  3.787042E+04  7.574085E+04  9.000000E+01  9.000000E+01  9.000000E+01
  0.000000E+00 -3.105622E+01  3.954945E+09 -8.759374E+00  1.131352E+01
  6.813066E+00  1.131352E+01 -6.470191E+01 -2.183149E+01  6.813066E+00
 -2.183149E+01 -1.970738E+01  1.342108E+01  9.587912E+00  7.734498E+00
  6.676493E+01  1.389488E+04  1.046989E+02  0.000000E+00  0.000000E+00
  0.000000E+00  1.046989E+02  0.000000E+00  0.000000E+00  0.000000E+00
  1.004720E+02 -2.163138E+04
     10000  2.000000E+00        52
  3.954477E+09  1.900000E+03 -5.631182E+05  1.098550E+05 -6.797079E+05
  0.000000E+00  0.000000E+00  0.000000E+00  0.000000E+00 -5.572234E+05
  0.000000E+00  1.560372E+04 -6.424686E+05  6.446027E+05  0.000000E+00
  0.000000E+00  0.000000E+00  0.000000E+00  1.169380E+06  5.900836E-02
  6.734791E+03  1.346958E+04  9.000000E+01  9.000000E+01  9.000000E+01
  0.000000E+00 -1.719819E+00  3.955034E+09  4.664712E+00 -2.241406E+00
  4.677082E+00 -2.241406E+00 -4.966249E+00 -1.472112E+00  4.677082E+00
 -1.472112E+00 -4.857921E+00  1.515530E+01  1.070056E+01  8.754719E+00
  7.618073E+01  1.477296E+04  1.068114E+02  0.000000E+00  0.000000E+00
  0.000000E+00  1.068114E+02  0.000000E+00  0.000000E+00  0.000000E+00
  1.024992E+02 -1.271875E+03
     11000  2.200000E+00        52
  3.954513E+09  1.942144E+03 -5.640654E+05  1.123348E+05 -6.838234E+05
  0.000000E+00  0.000000E+00  0.000000E+00  0.000000E+00 -5.580397E+05
  0.000000E+00 -3.845068E+03 -6.558200E+05  6.371285E+05  0.000000E+00
  0.000000E+00  0.000000E+00  0.000000E+00  1.325272E+06  7.804729E+01
  7.423247E+03  1.484649E+04  9.000000E+01  9.000000E+01  9.000000E+01
  0.000000E+00  6.321471E+00  3.955071E+09  6.449038E+00 -1.936819E+00
  1.636839E+00 -1.936819E+00  7.967483E+00 -1.651841E+00  1.636839E+00
 -1.651841E+00  4.547891E+00  1.817410E+01  1.346708E+01  1.117671E+01
  9.421359E+01  1.659232E+04  1.113612E+02  0.000000E+00  0.000000E+00
  0.000000E+00  1.113612E+02  0.000000E+00  0.000000E+00  0.000000E+00
  1.068654E+02  5.298211E+03
     12000  2.400000E+00        52
  3.954512E+09  1.908489E+03 -5.658720E+05  1.120750E+05 -6.854237E+05
  0.000000E+00  0.000000E+00  0.000000E+00  0.000000E+00 -5.599508E+05
  0.000000E+00 -5.158123E+03 -6.568432E+05  6.367317E+05  0.000000E+00
  0.000000E+00  0.000000E+00  0.000000E+00  1.336483E+06  1.951737E+01
  7.476698E+03  1.495340E+04  9.000000E+01  9.000000E+01  9.000000E+01
  0.000000E+00  6.703936E+00  3.955072E+09  1.177787E+01 -1.106388E+00
  4.626861E+00 -1.106388E+00  3.946864E+00 -7.970129E-01  4.626861E+00
 -7.970129E-01  4.387069E+00  1.958419E+01  1.460321E+01  1.219308E+01
  1.097537E+02  1.673013E+04  1.116744E+02  0.000000E+00  0.000000E+00
  0.000000E+00  1.116744E+02  0.000000E+00  0.000000E+00  0.000000E+00
  1.071659E+02  5.666295E+03
     13000  2.600000E+00        52
  3.954512E+09  1.900000E+03 -5.664854E+05  1.122517E+05 -6.860488E+05
  0.000000E+00  0.000000E+00  0.000000E+00  0.000000E+00 -5.605905E+05
  0.000000E+00 -8.151193E+03 -6.585551E+05  6.357807E+05  0.000000E+00
  0.000000E+00  0.000000E+00  0.000000E+00  1.346995E+06  3.895232E-02
  7.311622E+03  1.462324E+04  9.000000E+01  9.000000E+01  9.000000E+01
  0.000000E+00  7.802188E+00  3.955073E+09  9.708548E+00 -2.331239E+00
 -3.455474E+00 -2.331239E+00  5.754161E+00  1.302799E+00 -3.455474E+00
  1.302799E+00  7.943855E+00  2.014417E+01  1.503457E+01  1.263570E+01
  1.194535E+02  1.681290E+04  1.119664E+02  0.000000E+00  0.000000E+00
  0.000000E+00  1.119664E+02  0.000000E+00  0.000000E+00  0.000000E+00
  1.074461E+02  6.646429E+03
     14000  2.800000E+00        52
  3.954572E+09  1.900459E+03 -5.667065E+05  1.092774E+05 -6.833249E+05
  0.000000E+00  0.000000E+00  0.000000E+00  0.000000E+00 -5.608100E+05
  0.000000E+00 -1.518323E+04 -6.421475E+05  6.122823E+05  0.000000E+00
  0.000000E+00  0.000000E+00  0.000000E+00  1.643277E+06  6.834784E-01
  7.340979E+03  1.468196E+04  9.000000E+01  9.000000E+01  9.000000E+01
  0.000000E+00  8.651870E+00  3.955133E+09  7.050782E+00  1.249110E-01
 -6.843684E-01  1.249110E-01  6.898125E+00  8.226279E-01 -6.843684E-01
  8.226279E-01  1.200670E+01  2.193125E+01  1.662534E+01  1.422893E+01
  1.313860E+02  1.909660E+04  1.196380E+02  0.000000E+00  0.000000E+00
  0.000000E+00  1.196380E+02  0.000000E+00  0.000000E+00  0.000000E+00
  1.148080E+02  8.991391E+03
     15000  3.000000E+00        52
  3.954575E+09  1.899406E+03 -5.690774E+05  1.085638E+05 -6.846614E+05
  0.000000E+00  0.000000E+00  0.000000E+00  0.000000E+00 -5.631841E+05
  0.000000E+00 -1.766585E+04 -6.388057E+05  6.070994E+05  0.000000E+00
  0.000000E+00  0.000000E+00  0.000000E+00  1.716656E+06  2.802500E+00
  7.020213E+03  1.404043E+04  9.000000E+01  9.000000E+01  9.000000E+01
  0.000000E+00  9.042292E+00  3.955138E+09  7.171688E+00  3.521862E-01
 -1.949649E+00  3.521862E-01  6.525191E+00 -1.126305E+00 -1.949649E+00
 -1.126305E+00  1.343000E+01  2.348130E+01  1.786550E+01  1.535283E+01
  1.529290E+02  1.930110E+04  1.213929E+02  0.000000E+00  0.000000E+00
  0.000000E+00  1.213929E+02  0.000000E+00  0.000000E+00  0.000000E+00
  1.164921E+02  9.816754E+03
     16000  3.200000E+00        52
  3.954574E+09  1.900000E+03 -5.701169E+05  1.095073E+05 -6.870313E+05
  0.000000E+00  0.000000E+00  0.000000E+00  0.000000E+00 -5.642217E+05
  0.000000E+00 -2.306795E+04 -6.451063E+05  6.072240E+05  0.000000E+00
  0.000000E+00  0.000000E+00  0.000000E+00  1.720510E+06  5.404958E-02
  7.407163E+03  1.481433E+04  9.000000E+01  9.000000E+01  9.000000E+01
  0.000000E+00  1.067809E+01  3.955138E+09  9.468077E+00  1.668933E+00
 -1.346495E+00  1.668933E+00  1.225031E+01 -3.596175E+00 -1.346495E+00
 -3.596175E+00  1.031589E+01  2.536926E+01  1.947367E+01  1.689956E+01
  1.827495E+02  1.944831E+04  1.214837E+02  0.000000E+00  0.000000E+00
  0.000000E+00  1.214837E+02  0.000000E+00  0.000000E+00  0.000000E+00
  1.165792E+02  1.161868E+04
     17000  3.400000E+00        52
  3.954574E+09  1.896259E+03 -5.705707E+05  1.110743E+05 -6.893810E+05
  0.000000E+00  0.000000E+00  0.000000E+00  0.000000E+00 -5.646872E+05
  0.000000E+00 -3.025726E+04 -6.549512E+05  6.092220E+05  0.000000E+00
  0.000000E+00  0.000000E+00  0.000000E+00  1.724638E+06  3.936876E+00
  7.735960E+03  1.547192E+04  9.000000E+01  9.000000E+01  9.000000E+01
  0.000000E+00  1.284260E+01  3.955138E+09  1.220567E+01  9.244600E-01
 -7.247098E-01  9.244600E-01  1.378304E+01 -2.945421E+00 -7.247098E-01
 -2.945421E+00  1.253909E+01  3.006475E+01  2.311519E+01  2.038326E+01
  2.392252E+02  1.955894E+04  1.215808E+02  0.000000E+00  0.000000E+00
  0.000000E+00  1.215808E+02  0.000000E+00  0.000000E+00  0.000000E+00
  1.166724E+02  1.400738E+04
     18000  3.600000E+00        52
  3.954573E+09  1.899364E+03 -5.710046E+05  1.111315E+05 -6.900756E+05
  0.000000E+00  0.000000E+00  0.000000E+00  0.000000E+00 -5.651114E+05
  0.000000E+00 -3.133852E+04 -6.567551E+05  6.095373E+05  0.000000E+00
  0.000000E+00  0.000000E+00  0.000000E+00  1.729096E+06  1.295924E+00
  7.939606E+03  1.587921E+04  9.000000E+01  9.000000E+01  9.000000E+01
  0.000000E+00  1.314496E+01  3.955138E+09  1.290054E+01  7.740220E-01
 -4.002611E-01  7.740220E-01  1.486793E+01 -1.821938E+00 -4.002611E-01
 -1.821938E+00  1.166640E+01  3.837689E+01  2.712452E+01  2.434543E+01
  3.103582E+02  1.966418E+04  1.216855E+02  0.000000E+00  0.000000E+00
  0.000000E+00  1.216855E+02  0.000000E+00  0.000000E+00  0.000000E+00
  1.167728E+02  1.437422E+04
     19000  3.800000E+00        52
  3.954573E+09  1.900000E+03 -5.708427E+05  1.110213E+05 -6.900357E+05
  0.000000E+00  0.000000E+00  0.000000E+00  0.000000E+00 -5.649475E+05
  0.000000E+00 -3.108072E+04 -6.569777E+05  6.095534E+05  0.000000E+00
  0.000000E+00  0.000000E+00  0.000000E+00  1.733680E+06  6.199647E-02
  8.171787E+03  1.634357E+04  9.000000E+01  9.000000E+01  9.000000E+01
  0.000000E+00  1.303303E+01  3.955138E+09  1.315530E+01  6.636649E-01
 -4.316010E-01  6.636649E-01  1.407516E+01 -9.699483E-01 -4.316010E-01
 -9.699483E-01  1.186862E+01  5.179635E+01  3.228282E+01  2.974100E+01
  3.790882E+02  1.976499E+04  1.217929E+02  0.000000E+00  0.000000E+00
  0.000000E+00  1.217929E+02  0.000000E+00  0.000000E+00  0.000000E+00
  1.168759E+02  1.428961E+04
     20000  4.000000E+00        52
  3.972353E+09  1.893096E+03 -5.734365E+05  1.107499E+05 -6.915913E+05
  0.000000E+00  0.000000E+00  0.000000E+00  0.000000E+00 -5.675626E+05
  0.000000E+00 -4.119695E+04 -6.546479E+05  5.986410E+05  0.000000E+00
  0.000000E+00  0.000000E+00  0.000000E+00  1.869747E+06  3.099669E+00
  7.404962E+03  1.480992E+04  9.000000E+01  9.000000E+01  9.000000E+01
  0.000000E+00  1.492423E+01  3.972921E+09  1.533424E+01 -1.085995E+00
  1.019797E+00 -1.085995E+00  1.614359E+01  6.641352E-01  1.019797E+00
  6.641352E-01  1.329485E+01  5.359141E+01  3.204654E+01  2.946432E+01
  3.859966E+02  2.108718E+04  1.248993E+02  0.000000E+00  0.000000E+00
  0.000000E+00  1.248993E+02  0.000000E+00  0.000000E+00  0.000000E+00
  1.198569E+02  1.764740E+04
     21000  4.200000E+00        52
  3.972352E+09  1.900175E+03 -5.749200E+05  1.092975E+05 -6.918659E+05
  0.000000E+00  0.000000E+00  0.000000E+00  0.000000E+00 -5.690242E+05
  0.000000E+00 -3.798875E+04 -6.498742E+05  5.965885E+05  0.000000E+00
  0.000000E+00  0.000000E+00  0.000000E+00  1.875528E+06  6.020753E-01
  7.648465E+03  1.529693E+04  9.000000E+01  9.000000E+01  9.000000E+01
  0.000000E+00  1.398898E+01  3.972921E+09  1.193054E+01  6.105837E-01
  1.076755E-02  6.105837E-01  1.785692E+01  2.845494E+00  1.076755E-02
  2.845494E+00  1.217947E+01  5.495750E+01  3.217527E+01  2.956307E+01
  3.984236E+02  2.110961E+04  1.250279E+02  0.000000E+00  0.000000E+00
  0.000000E+00  1.250279E+02  0.000000E+00  0.000000E+00  0.000000E+00
  1.199803E+02  1.659264E+04
     22000  4.400000E+00        52
  3.972351E+09  1.900000E+03 -5.757138E+05  1.091772E+05 -6.925818E+05
  0.000000E+00  0.000000E+00  0.000000E+00  0.000000E+00 -5.698185E+05
  0.000000E+00 -3.831044E+04 -6.498664E+05  5.961744E+05  0.000000E+00
  0.000000E+00  0.000000E+00  0.000000E+00  1.881248E+06  5.753793E-02
  7.690787E+03  1.538157E+04  9.000000E+01  9.000000E+01  9.000000E+01
  0.000000E+00  1.403627E+01  3.972921E+09  1.352866E+01 -5.484097E-01
  5.761917E-02 -5.484097E-01  1.613753E+01  2.205488E+00  5.761917E-02
  2.205488E+00  1.244261E+01  5.594668E+01  3.272682E+01  3.026119E+01
  4.476347E+02  2.116311E+04  1.251549E+02  0.000000E+00  0.000000E+00
  0.000000E+00  1.251549E+02  0.000000E+00  0.000000E+00  0.000000E+00
  1.201021E+02  1.669951E+04
     23000  4.600000E+00        52
  4.030269E+09  1.899299E+03 -5.768877E+05  1.055856E+05 -6.898331E+05
  0.000000E+00  0.000000E+00  0.000000E+00  0.000000E+00 -5.709945E+05
  0.000000E+00 -3.666508E+04 -6.299668E+05  5.785821E+05  0.000000E+00
  0.000000E+00  0.000000E+00  0.000000E+00  2.126961E+06  8.407227E-01
  7.359807E+03  1.471961E+04  9.000000E+01  9.000000E+01  9.000000E+01
  0.000000E+00  1.200594E+01  4.030840E+09  1.208381E+01  8.497160E-01
  1.642814E-01  8.497160E-01  1.367230E+01  1.273870E+00  1.642814E-01
  1.273870E+00  1.026171E+01  5.648154E+01  3.344797E+01  3.091804E+01
  4.625838E+02  2.232715E+04  1.303824E+02  0.000000E+00  0.000000E+00
  0.000000E+00  1.303824E+02  0.000000E+00  0.000000E+00  0.000000E+00
  1.251186E+02  1.614961E+04
     24000  4.800000E+00        52
  4.030312E+09  1.896066E+03 -5.789221E+05  9.988250E+04 -6.854818E+05
  0.000000E+00  0.000000E+00  0.000000E+00  0.000000E+00 -5.730386E+05
  0.000000E+00 -3.088329E+04 -5.973602E+05  5.531224E+05  0.000000E+00
  0.000000E+00  0.000000E+00  0.000000E+00  2.547159E+06  9.166685E+00
  6.677251E+03  1.335450E+04  9.000000E+01  9.000000E+01  9.000000E+01
  0.000000E+00  8.824799E+00  4.030885E+09  7.254364E+00  2.357897E-01
 -4.071019E-01  2.357897E-01  8.119128E+00 -2.106285E+00 -4.071019E-01
 -2.106285E+00  1.110091E+01  5.797449E+01  3.455401E+01  3.205551E+01
  4.830038E+02  2.375515E+04  1.384579E+02  0.000000E+00  0.000000E+00
  0.000000E+00  1.384579E+02  0.000000E+00  0.000000E+00  0.000000E+00
  1.328681E+02  1.421566E+04
     25000  5.000000E+00        52
  4.030348E+09  1.900000E+03 -5.811931E+05  9.637393E+04 -6.843474E+05
  0.000000E+00  0.000000E+00  0.000000E+00  0.000000E+00 -5.752972E+05
  0.000000E+00 -2.269642E+04 -5.725286E+05  5.362715E+05  0.000000E+00
  0.000000E+00  0.000000E+00  0.000000E+00  2.894715E+06  6.194068E-02
  6.780333E+03  1.356067E+04  9.000000E+01  9.000000E+01  9.000000E+01
  0.000000E+00  6.279008E+00  4.030923E+09  4.940097E+00  4.014638E-01
 -4.660249E-01  4.014638E-01  6.226819E+00 -2.137002E+00 -4.660249E-01
 -2.137002E+00  7.670108E+00  5.966941E+01  3.602018E+01  3.343708E+01
  4.908649E+02  2.442814E+04  1.444888E+02  0.000000E+00  0.000000E+00
  0.000000E+00  1.444888E+02  0.000000E+00  0.000000E+00  0.000000E+00
  1.386555E+02  1.149484E+04
     26000  5.200000E+00        52
  4.030347E+09  1.900239E+03 -5.827046E+05  9.778366E+04 -6.875929E+05
  0.000000E+00  0.000000E+00  0.000000E+00  0.000000E+00 -5.768079E+05
  0.000000E+00 -2.896601E+04 -5.813414E+05  5.381660E+05  0.000000E+00
  0.000000E+00  0.000000E+00  0.000000E+00  2.909089E+06  1.578240E-01
  7.104685E+03  1.420937E+04  9.000000E+01  9.000000E+01  9.000000E+01
  0.000000E+00  7.384190E+00  4.030924E+09  8.183134E+00  2.579136E+00
 -9.995983E-01  2.579136E+00  8.347619E+00 -1.027689E+00 -9.995983E-01
 -1.027689E+00  5.621817E+00  6.164485E+01  3.758380E+01  3.498400E+01
  5.110480E+02  2.465976E+04  1.447276E+02  0.000000E+00  0.000000E+00
  0.000000E+00  1.447276E+02  0.000000E+00  0.000000E+00  0.000000E+00
  1.388847E+02  1.358520E+04
     27000  5.400000E+00        52
  4.030346E+09  1.900155E+03 -5.832706E+05  9.915931E+04 -6.896614E+05
  0.000000E+00  0.000000E+00  0.000000E+00  0.000000E+00 -5.773742E+05
  0.000000E+00 -3.602669E+04 -5.898714E+05  5.393817E+05  0.000000E+00
  0.000000E+00  0.000000E+00  0.000000E+00  2.916989E+06  5.402813E-01
  7.231499E+03  1.446300E+04  9.000000E+01  9.000000E+01  9.000000E+01
  0.000000E+00  8.639904E+00  4.030924E+09  9.115388E+00  2.267485E+00
 -9.775653E-01  2.267485E+00  9.688484E+00 -1.127105E+00 -9.775653E-01
 -1.127105E+00  7.115840E+00  6.367102E+01  3.907910E+01  3.660411E+01
  5.595377E+02  2.479360E+04  1.448585E+02  0.000000E+00  0.000000E+00
  0.000000E+00  1.448585E+02  0.000000E+00  0.000000E+00  0.000000E+00
  1.390103E+02  1.593858E+04
     28000  5.600000E+00        52
  4.030346E+09  1.900000E+03 -5.836314E+05  9.957508E+04 -6.905482E+05
  0.000000E+00  0.000000E+00  0.000000E+00  0.000000E+00 -5.777355E+05
  0.000000E+00 -3.781867E+04 -5.922288E+05  5.397267E+05  0.000000E+00
  0.000000E+00  0.000000E+00  0.000000E+00  2.925603E+06  5.769336E-02
  7.341728E+03  1.468346E+04  9.000000E+01  9.000000E+01  9.000000E+01
  0.000000E+00  8.937132E+00  4.030924E+09  9.505650E+00  8.495048E-01
 -1.841328E-01  8.495048E-01  9.292672E+00 -1.194837E+00 -1.841328E-01
 -1.194837E+00  8.013074E+00  6.661250E+01  4.152220E+01  3.913820E+01
  6.324526E+02  2.493415E+04  1.450009E+02  0.000000E+00  0.000000E+00
  0.000000E+00  1.450009E+02  0.000000E+00  0.000000E+00  0.000000E+00
  1.391470E+02  1.653559E+04
     29000  5.800000E+00        52
  4.030345E+09  1.898344E+03 -5.839902E+05  9.972048E+04 -6.911166E+05
  0.000000E+00  0.000000E+00  0.000000E+00  0.000000E+00 -5.780995E+05
  0.000000E+00 -3.880543E+04 -5.932251E+05  5.396080E+05  0.000000E+00
  0.000000E+00  0.000000E+00  0.000000E+00  2.934543E+06  5.509024E-01
  7.405843E+03  1.481169E+04  9.000000E+01  9.000000E+01  9.000000E+01
  0.000000E+00  9.085294E+00  4.030924E+09  9.318869E+00  8.693448E-01
 -3.831745E-01  8.693448E-01  9.859053E+00 -1.169590E+00 -3.831745E-01
 -1.169590E+00  8.077959E+00  6.965461E+01  4.383024E+01  4.137880E+01
  7.308474E+02  2.509157E+04  1.451485E+02  0.000000E+00  0.000000E+00
  0.000000E+00  1.451485E+02  0.000000E+00  0.000000E+00  0.000000E+00
  1.392886E+02  1.686108E+04
     30000  6.000000E+00        52
  4.030345E+09  1.917766E+03 -5.841222E+05  9.984230E+04 -6.916218E+05
  0.000000E+00  0.000000E+00  0.000000E+00  0.000000E+00 -5.781712E+05
  0.000000E+00 -3.940500E+04 -5.940041E+05  5.392845E+05  0.000000E+00
  0.000000E+00  0.000000E+00  0.000000E+00  2.943662E+06  3.411442E+01
  7.657300E+03  1.531460E+04  9.000000E+01  9.000000E+01  9.000000E+01
  0.000000E+00  9.186080E+00  4.030924E+09  9.225069E+00 -2.430161E-01
 -3.581666E-01 -2.430161E-01  1.047235E+01 -9.425490E-01 -3.581666E-01
 -9.425490E-01  7.860818E+00  7.231084E+01  4.595633E+01  4.357686E+01
  8.629183E+02  2.527758E+04  1.452987E+02  0.000000E+00  0.000000E+00
  0.000000E+00  1.452987E+02  0.000000E+00  0.000000E+00  0.000000E+00
  1.394327E+02  1.710110E+04
     31000  6.200000E+00        52
  4.030345E+09  1.900000E+03 -5.852466E+05  9.964642E+04 -6.922097E+05
  0.000000E+00  0.000000E+00  0.000000E+00  0.000000E+00 -5.793507E+05
  0.000000E+00 -4.102989E+04 -5.931759E+05  5.375128E+05  0.000000E+00
  0.000000E+00  0.000000E+00  0.000000E+00  2.969914E+06  3.972370E-02
  7.316631E+03  1.463326E+04  9.000000E+01  9.000000E+01  9.000000E+01
  0.000000E+00  9.373691E+00  4.030925E+09  8.674492E+00 -1.388355E+00
  1.916975E-01 -1.388355E+00  1.217407E+01  4.568587E-01  1.916975E-01
  4.568587E-01  7.272514E+00  7.281081E+01  4.630265E+01  4.390681E+01
  9.098988E+02  2.537385E+04  1.457293E+02  0.000000E+00  0.000000E+00
  0.000000E+00  1.457293E+02  0.000000E+00  0.000000E+00  0.000000E+00
  1.398460E+02  1.760599E+04
     32000  6.400000E+00        52
  4.030347E+09  1.901170E+03 -5.858442E+05  9.745973E+04 -6.907846E+05
  0.000000E+00  0.000000E+00  0.000000E+00  0.000000E+00 -5.799446E+05
  0.000000E+00 -3.347297E+04 -5.805646E+05  5.321305E+05  0.000000E+00
  0.000000E+00  0.000000E+00  0.000000E+00  3.037331E+06  1.859762E+00
  7.480609E+03  1.496122E+04  9.000000E+01  9.000000E+01  9.000000E+01
  0.000000E+00  7.855522E+00  4.030927E+09  7.203194E+00  1.744335E-01
  7.331008E-01  1.744335E-01  9.820192E+00  1.741965E+00  7.331008E-01
  1.741965E+00  6.543180E+00  7.277715E+01  4.614977E+01  4.383822E+01
  9.351127E+02  2.568522E+04  1.468238E+02  0.000000E+00  0.000000E+00
  0.000000E+00  1.468238E+02  0.000000E+00  0.000000E+00  0.000000E+00
  1.408962E+02  1.508944E+04
     33000  6.600000E+00        52
  4.030349E+09  1.899818E+03 -5.865120E+05  9.773348E+04 -6.914095E+05
  0.000000E+00  0.000000E+00  0.000000E+00  0.000000E+00 -5.806166E+05
  0.000000E+00 -3.720912E+04 -5.816795E+05  5.301424E+05  0.000000E+00
  0.000000E+00  0.000000E+00  0.000000E+00  3.118188E+06  5.385746E-01
  7.164004E+03  1.432801E+04  9.000000E+01  9.000000E+01  9.000000E+01
  0.000000E+00  8.281933E+00  4.030929E+09  6.782425E+00 -1.041727E+00
 -5.511883E-01 -1.041727E+00  1.101920E+01  2.349235E+00 -5.511883E-01
  2.349235E+00  7.044177E+00  7.302130E+01  4.631751E+01  4.404239E+01
  9.845196E+02  2.612324E+04  1.481153E+02  0.000000E+00  0.000000E+00
  0.000000E+00  1.481153E+02  0.000000E+00  0.000000E+00  0.000000E+00
  1.421356E+02  1.633203E+04
     34000  6.800000E+00        52
  4.030349E+09  1.900000E+03 -5.866185E+05  9.762624E+04 -6.914462E+05
  0.000000E+00  0.000000E+00  0.000000E+00  0.000000E+00 -5.807225E+05
  0.000000E+00 -3.702102E+04 -5.811093E+05  5.296855E+05  0.000000E+00
  0.000000E+00  0.000000E+00  0.000000E+00  3.127431E+06  3.552113E-02
  7.201403E+03  1.440281E+04  9.000000E+01  9.000000E+01  9.000000E+01
  0.000000E+00  8.225948E+00  4.030929E+09  7.637163E+00 -7.892605E-01
 -4.541125E-01 -7.892605E-01  9.973126E+00  1.907391E+00 -4.541125E-01
  1.907391E+00  7.067554E+00  7.337105E+01  4.658084E+01  4.435915E+01
  1.021946E+03  2.625749E+04  1.482614E+02  0.000000E+00  0.000000E+00
  0.000000E+00  1.482614E+02  0.000000E+00  0.000000E+00  0.000000E+00
  1.422759E+02  1.626970E+04
     35000  7.000000E+00        52
  4.030349E+09  1.899922E+03 -5.867180E+05  9.763461E+04 -6.915585E+05
  0.000000E+00  0.000000E+00  0.000000E+00  0.000000E+00 -5.808222E+05
  0.000000E+00 -3.741974E+04 -5.811404E+05  5.293089E+05  0.000000E+00
  0.000000E+00  0.000000E+00  0.000000E+00  3.137305E+06  1.963825E-01
  7.205898E+03  1.441180E+04  9.000000E+01  9.000000E+01  9.000000E+01
  0.000000E+00  8.266961E+00  4.030929E+09  7.650948E+00 -8.872025E-01
 -4.933652E-01 -8.872025E-01  1.080674E+01  4.240004E-02 -4.933652E-01
  4.240004E-02  6.343196E+00  7.380716E+01  4.682717E+01  4.461272E+01
  1.068214E+03  2.635778E+04  1.484173E+02  0.000000E+00  0.000000E+00
  0.000000E+00  1.484173E+02  0.000000E+00  0.000000E+00  0.000000E+00
  1.424254E+02  1.640245E+04
     36000  7.200000E+00        52
  4.030349E+09  1.899712E+03 -5.868221E+05  9.728351E+04 -6.913704E+05
  0.000000E+00  0.000000E+00  0.000000E+00  0.000000E+00 -5.809270E+05
  0.000000E+00 -3.625146E+04 -5.792299E+05  5.284489E+05  0.000000E+00
  0.000000E+00  0.000000E+00  0.000000E+00  3.146655E+06  4.231084E-01
  7.264764E+03  1.452953E+04  9.000000E+01  9.000000E+01  9.000000E+01
  0.000000E+00  8.046489E+00  4.030929E+09  7.384241E+00 -1.467523E-01
  2.811452E-01 -1.467523E-01  7.875765E+00  1.274932E+00  2.811452E-01
  1.274932E+00  8.879460E+00  7.449923E+01  4.720960E+01  4.502711E+01
  1.094464E+03  2.636907E+04  1.485646E+02  0.000000E+00  0.000000E+00
  0.000000E+00  1.485646E+02  0.000000E+00  0.000000E+00  0.000000E+00
  1.425668E+02  1.601259E+04
     37000  7.400000E+00        52
  4.030447E+09  1.900000E+03 -5.870090E+05  9.721598E+04 -6.914457E+05
  0.000000E+00  0.000000E+00  0.000000E+00  0.000000E+00 -5.811129E+05
  0.000000E+00 -3.706110E+04 -5.786095E+05  5.271069E+05  0.000000E+00
  0.000000E+00  0.000000E+00  0.000000E+00  3.190102E+06  3.790296E-02
  7.220762E+03  1.444152E+04  9.000000E+01  9.000000E+01  9.000000E+01
  0.000000E+00  8.070968E+00  4.031028E+09  8.124708E+00  9.855047E-01
  8.880615E-01  9.855047E-01  8.601990E+00  1.668211E+00  8.880615E-01
  1.668211E+00  7.486206E+00  7.533046E+01  4.772995E+01  4.552424E+01
  1.130970E+03  2.665420E+04  1.492452E+02  0.000000E+00  0.000000E+00
  0.000000E+00  1.492452E+02  0.000000E+00  0.000000E+00  0.000000E+00
  1.432199E+02  1.628307E+04
     38000  7.600000E+00        52
  4.030446E+09  1.900042E+03 -5.872067E+05  9.701201E+04 -6.914166E+05
  0.000000E+00  0.000000E+00  0.000000E+00  0.000000E+00 -5.813105E+05
  0.000000E+00 -3.659289E+04 -5.775054E+05  5.265166E+05  0.000000E+00
  0.000000E+00  0.000000E+00  0.000000E+00  3.199557E+06  9.200655E-02
  7.197949E+03  1.439590E+04  9.000000E+01  9.000000E+01  9.000000E+01
  0.000000E+00  7.970030E+00  4.031028E+09  8.176437E+00  2.420199E-01
 -2.231385E-01  2.420199E-01  6.946515E+00 -1.113040E+00 -2.231385E-01
 -1.113040E+00  8.787137E+00  7.554238E+01  4.787005E+01  4.568312E+01
  1.156174E+03  2.672078E+04  1.493925E+02  0.000000E+00  0.000000E+00
  0.000000E+00  1.493925E+02  0.000000E+00  0.000000E+00  0.000000E+00
  1.433613E+02  1.612708E+04
     39000  7.800000E+00        52
  4.030446E+09  1.900297E+03 -5.873542E+05  9.692764E+04 -6.914621E+05
  0.000000E+00  0.000000E+00  0.000000E+00  0.000000E+00 -5.814572E+05
  0.000000E+00 -3.652628E+04 -5.769680E+05  5.260812E+05  0.000000E+00
  0.000000E+00  0.000000E+00  0.000000E+00  3.210022E+06  1.937516E-01
  7.180264E+03  1.436053E+04  9.000000E+01  9.000000E+01  9.000000E+01
  0.000000E+00  7.933368E+00  4.031028E+09  1.106566E+01  1.766759E+00
 -5.485679E-01  1.766759E+00  6.937169E+00 -1.985659E-01 -5.485679E-01
 -1.985659E-01  5.797271E+00  7.590968E+01  4.808174E+01  4.595552E+01
  1.194680E+03  2.678988E+04  1.495553E+02  0.000000E+00  0.000000E+00
  0.000000E+00  1.495553E+02  0.000000E+00  0.000000E+00  0.000000E+00
  1.435174E+02  1.610541E+04
     40000  8.000000E+00        52
  4.030784E+09  1.900000E+03 -5.874439E+05  9.687763E+04 -6.914955E+05
  0.000000E+00  0.000000E+00  0.000000E+00  0.000000E+00 -5.815479E+05
  0.000000E+00 -3.652204E+04 -5.766274E+05  5.257576E+05  0.000000E+00
  0.000000E+00  0.000000E+00  0.000000E+00  3.219134E+06  2.850807E-02
  7.173889E+03  1.434778E+04  9.000000E+01  9.000000E+01  9.000000E+01
  0.000000E+00  7.909918E+00  4.031365E+09  7.275341E+00 -1.972845E+00
  1.024922E+00 -1.972845E+00  9.866511E+00 -1.758318E+00  1.024922E+00
 -1.758318E+00  6.587900E+00  7.606680E+01  4.826223E+01  4.615653E+01
  1.218859E+03  2.678918E+04  1.496966E+02  0.000000E+00  0.000000E+00
  0.000000E+00  1.496966E+02  0.000000E+00  0.000000E+00  0.000000E+00
  1.436531E+02  1.610338E+04
     41000  8.200000E+00        52
  4.043855E+09  6.745344E-01 -5.887488E+05  8.552749E+04 -6.810461E+05
  0.000000E+00  0.000000E+00  0.000000E+00  0.000000E+00 -5.887443E+05
  0.000000E+00 -1.692743E+03 -5.074446E+05  4.922123E+05  0.000000E+00
  0.000000E+00  0.000000E+00  0.000000E+00  3.822829E+06  6.909478E-04
  6.769819E+03  1.353964E+04  9.000000E+01  9.000000E+01  9.000000E+01
  0.000000E+00  2.339652E-01  4.044444E+09  2.952788E-01  5.402194E-02
  1.171043E-01  5.402194E-02  3.151580E-01  1.627262E-02  1.171043E-01
  1.627262E-02  9.145878E-02  2.091131E-02  1.941944E-03  2.832451E-03
  9.223559E-01  1.010438E+03  1.585236E+02  0.000000E+00  0.000000E+00
  0.000000E+00  1.585236E+02  0.000000E+00  0.000000E+00  0.000000E+00
  1.521237E+02  5.656427E+02
     42000  8.400000E+00        52
  4.043855E+09  2.543110E-01 -5.889784E+05  8.730358E+04 -6.829182E+05
  0.000000E+00  0.000000E+00  0.000000E+00  0.000000E+00 -5.889752E+05
  0.000000E+00 -9.134828E+03 -5.178327E+05  4.954254E+05  0.000000E+00
  0.000000E+00  0.000000E+00  0.000000E+00  3.833465E+06  8.990324E-05
  6.636207E+03  1.327241E+04  9.000000E+01  9.000000E+01  9.000000E+01
  0.000000E+00  1.256194E+00  4.044444E+09  1.320921E+00  5.029234E-02
  1.087347E-01  5.029234E-02  1.358894E+00  2.356549E-02  1.087347E-01
  2.356549E-02  1.088765E+00  2.941855E-02  3.862118E-03  5.606112E-03
  9.278726E-01  1.010333E+03  1.586705E+02  0.000000E+00  0.000000E+00
  0.000000E+00  1.586705E+02  0.000000E+00  0.000000E+00  0.000000E+00
  1.522647E+02  3.045468E+03
     43000  8.600000E+00        52
  4.043855E+09  1.624952E-01 -5.891020E+05  8.796205E+04 -6.836945E+05
  0.000000E+00  0.000000E+00  0.000000E+00  0.000000E+00 -5.890991E+05
  0.000000E+00 -1.197377E+04 -5.217124E+05  4.964778E+05  0.000000E+00
  0.000000E+00  0.000000E+00  0.000000E+00  3.853182E+06  3.693361E-05
  6.630420E+03  1.326084E+04  9.000000E+01  9.000000E+01  9.000000E+01
  0.000000E+00  1.638026E+00  4.044444E+09  1.698703E+00  4.843206E-02
  1.029958E-01  4.843206E-02  1.750997E+00  2.641954E-02  1.029958E-01
  2.641954E-02  1.464377E+00  3.692649E-02  6.231030E-03  8.629322E-03
  9.309341E-01  1.010247E+03  1.589421E+02  0.000000E+00  0.000000E+00
  0.000000E+00  1.589421E+02  0.000000E+00  0.000000E+00  0.000000E+00
  1.525253E+02  3.991593E+03
     44000  8.800000E+00        52
  4.043855E+09  1.312776E-01 -5.892011E+05  8.824736E+04 -6.840822E+05
  0.000000E+00  0.000000E+00  0.000000E+00  0.000000E+00 -5.891982E+05
  0.000000E+00 -1.334224E+04 -5.233293E+05  4.967197E+05  0.000000E+00
  0.000000E+00  0.000000E+00  0.000000E+00  3.877896E+06  2.567284E-05
  6.633704E+03  1.326741E+04  9.000000E+01  9.000000E+01  9.000000E+01
  0.000000E+00  1.813560E+00  4.044444E+09  1.870313E+00  4.735614E-02
  9.895462E-02  4.735614E-02  1.930572E+00  2.875382E-02  9.895462E-02
  2.875382E-02  1.639794E+00  4.464908E-02  8.840101E-03  1.169235E-02
  9.319879E-01  1.010142E+03  1.592812E+02  0.000000E+00  0.000000E+00
  0.000000E+00  1.592812E+02  0.000000E+00  0.000000E+00  0.000000E+00
  1.528507E+02  4.447686E+03
     45000  9.000000E+00        52
  4.043855E+09  1.271405E-01 -5.892946E+05  8.835022E+04 -6.842799E+05
  0.000000E+00  0.000000E+00  0.000000E+00  0.000000E+00 -5.892917E+05
  0.000000E+00 -1.402326E+04 -5.238348E+05  4.965412E+05  0.000000E+00
  0.000000E+00  0.000000E+00  0.000000E+00  3.906116E+06  2.548193E-05
  6.635156E+03  1.327031E+04  9.000000E+01  9.000000E+01  9.000000E+01
  0.000000E+00  1.892348E+00  4.044444E+09  1.947045E+00  4.679135E-02
  9.703112E-02  4.679135E-02  2.009931E+00  3.060327E-02  9.703112E-02
  3.060327E-02  1.720069E+00  5.331022E-02  1.166712E-02  1.486631E-02
  9.302873E-01  1.010031E+03  1.596666E+02  0.000000E+00  0.000000E+00
  0.000000E+00  1.596666E+02  0.000000E+00  0.000000E+00  0.000000E+00
  1.532206E+02  4.674683E+03
     46000  9.200000E+00        52
  4.043855E+09  1.092926E-01 -5.893948E+05  8.836399E+04 -6.843943E+05
  0.000000E+00  0.000000E+00  0.000000E+00  0.000000E+00 -5.893920E+05
  0.000000E+00 -1.435616E+04 -5.237810E+05  4.961540E+05  0.000000E+00
  0.000000E+00  0.000000E+00  0.000000E+00  3.937166E+06  2.482117E-05
  6.635432E+03  1.327086E+04  9.000000E+01  9.000000E+01  9.000000E+01
  0.000000E+00  1.921975E+00  4.044445E+09  1.978510E+00  4.514234E-02
  9.589202E-02  4.514234E-02  2.035716E+00  3.221323E-02  9.589202E-02
  3.221323E-02  1.751700E+00  6.494538E-02  1.474894E-02  1.824755E-02
  9.301173E-01  1.009982E+03  1.600885E+02  0.000000E+00  0.000000E+00
  0.000000E+00  1.600885E+02  0.000000E+00  0.000000E+00  0.000000E+00
  1.536255E+02  4.785613E+03
     47000  9.400000E+00        52
  4.043855E+09  1.071621E-01 -5.894862E+05  8.830758E+04 -6.844261E+05
  0.000000E+00  0.000000E+00  0.000000E+00  0.000000E+00 -5.894834E+05
  0.000000E+00 -1.445341E+04 -5.232916E+05  4.955737E+05  0.000000E+00
  0.000000E+00  0.000000E+00  0.000000E+00  3.970776E+06  3.042140E-05
  6.632275E+03  1.326455E+04  9.000000E+01  9.000000E+01  9.000000E+01
  0.000000E+00  1.918614E+00  4.044445E+09  1.973780E+00  4.301548E-02
  9.669976E-02  4.301548E-02  2.030804E+00  3.332499E-02  9.669976E-02
  3.332499E-02  1.751257E+00  7.463192E-02  1.814831E-02  2.186247E-02
  9.350408E-01  1.009882E+03  1.605428E+02  0.000000E+00  0.000000E+00
  0.000000E+00  1.605428E+02  0.000000E+00  0.000000E+00  0.000000E+00
  1.540614E+02  4.818024E+03
     48000  9.600000E+00        52
  4.043855E+09  1.080563E-01 -5.895721E+05  8.820508E+04 -6.844037E+05
  0.000000E+00  0.000000E+00  0.000000E+00  0.000000E+00 -5.895692E+05
  0.000000E+00 -1.441050E+04 -5.225258E+05  4.948622E+05  0.000000E+00
  0.000000E+00  0.000000E+00  0.000000E+00  4.006843E+06  2.321028E-05
  6.626574E+03  1.325315E+04  9.000000E+01  9.000000E+01  9.000000E+01
  0.000000E+00  1.895700E+00  4.044445E+09  1.948438E+00  4.156526E-02
  9.780801E-02  4.156526E-02  2.005248E+00  3.422446E-02  9.780801E-02
  3.422446E-02  1.733413E+00  8.479895E-02  2.191636E-02  2.584205E-02
  9.421496E-01  1.009823E+03  1.610274E+02  0.000000E+00  0.000000E+00
  0.000000E+00  1.610274E+02  0.000000E+00  0.000000E+00  0.000000E+00
  1.545264E+02  4.803722E+03
     49000  9.800000E+00        52
  4.043855E+09  1.292426E-01 -5.896620E+05  8.807357E+04 -6.843556E+05
  0.000000E+00  0.000000E+00  0.000000E+00  0.000000E+00 -5.896591E+05
  0.000000E+00 -1.428063E+04 -5.215859E+05  4.940653E+05  0.000000E+00
  0.000000E+00  0.000000E+00  0.000000E+00  4.045382E+06  5.529540E-05
  6.619995E+03  1.323999E+04  9.000000E+01  9.000000E+01  9.000000E+01
  0.000000E+00  1.860737E+00  4.044445E+09  1.909365E+00  3.900596E-02
  9.968865E-02  3.900596E-02  1.970048E+00  3.569633E-02  9.968865E-02
  3.569633E-02  1.702797E+00  9.636495E-02  2.613108E-02  3.028743E-02
  9.522484E-01  1.009817E+03  1.615420E+02  0.000000E+00  0.000000E+00
  0.000000E+00  1.615420E+02  0.000000E+00  0.000000E+00  0.000000E+00
  1.550203E+02  4.760478E+03
     50000  1.000000E+01        52
  4.043855E+09  1.345285E-01 -5.897548E+05  8.793307E+04 -6.843013E+05
  0.000000E+00  0.000000E+00  0.000000E+00  0.000000E+00 -5.897518E+05
  0.000000E+00 -1.412180E+04 -5.205498E+05  4.932013E+05  0.000000E+00
  0.000000E+00  0.000000E+00  0.000000E+00  4.086628E+06  3.425764E-05
  6.613383E+03  1.322677E+04  9.000000E+01  9.000000E+01  9.000000E+01
  0.000000E+00  1.821475E+00  4.044445E+09  1.867178E+00  3.596077E-02
  9.988938E-02  3.596077E-02  1.929108E+00  3.486504E-02  9.988938E-02
  3.486504E-02  1.668139E+00  1.093183E-01  3.089213E-02  3.530501E-02
  9.642213E-01  1.009824E+03  1.620892E+02  0.000000E+00  0.000000E+00
  0.000000E+00  1.620892E+02  0.000000E+00  0.000000E+00  0.000000E+00
  1.555454E+02  4.707544E+03
     51000  1.020000E+01        52
  4.043855E+09  1.445813E-01 -5.898516E+05  8.776933E+04 -6.842270E+05
  0.000000E+00  0.000000E+00  0.000000E+00  0.000000E+00 -5.898485E+05
  0.000000E+00 -1.389429E+04 -5.193688E+05  4.922623E+05  0.000000E+00
  0.000000E+00  0.000000E+00  0.000000E+00  4.130836E+06  3.126055E-05
  6.606125E+03  1.321225E+04  9.000000E+01  9.000000E+01  9.000000E+01
  0.000000E+00  1.772962E+00  4.044445E+09  1.816356E+00  3.341321E-02
  1.004143E-01  3.341321E-02  1.878289E+00  3.412242E-02  1.004143E-01
  3.412242E-02  1.624239E+00  1.238933E-01  3.631383E-02  4.102021E-02
  9.780808E-01  1.009833E+03  1.626716E+02  0.000000E+00  0.000000E+00
  0.000000E+00  1.626716E+02  0.000000E+00  0.000000E+00  0.000000E+00
  1.561042E+02  4.631731E+03
     52000  1.040000E+01        52
  4.043855E+09  1.623623E-01 -5.899499E+05  8.758608E+04 -6.841335E+05
  0.000000E+00  0.000000E+00  0.000000E+00  0.000000E+00 -5.899467E+05
  0.000000E+00 -1.361960E+04 -5.180675E+05  4.912528E+05  0.000000E+00
  0.000000E+00  0.000000E+00  0.000000E+00  4.178306E+06  3.099887E-05
  6.597532E+03  1.319506E+04  9.000000E+01  9.000000E+01  9.000000E+01
  0.000000E+00  1.718181E+00  4.044445E+09  1.759462E+00  3.241346E-02
  1.020169E-01  3.241346E-02  1.822632E+00  3.363739E-02  1.020169E-01
  3.363739E-02  1.572450E+00  1.403116E-01  4.254112E-02  4.752390E-02
  9.935989E-01  1.009844E+03  1.632923E+02  0.000000E+00  0.000000E+00
  0.000000E+00  1.632923E+02  0.000000E+00  0.000000E+00  0.000000E+00
  1.566999E+02  4.540203E+03
     53000  1.060000E+01        52
  4.043855E+09  1.852106E-01 -5.900523E+05  8.738676E+04 -6.840261E+05
  0.000000E+00  0.000000E+00  0.000000E+00  0.000000E+00 -5.900490E+05
  0.000000E+00 -1.331408E+04 -5.166639E+05  4.901757E+05  0.000000E+00
  0.000000E+00  0.000000E+00  0.000000E+00  4.229498E+06  3.714930E-05
  6.587044E+03  1.317409E+04  9.000000E+01  9.000000E+01  9.000000E+01
  0.000000E+00  1.659329E+00  4.044445E+09  1.700204E+00  3.133039E-02
  1.036705E-01  3.133039E-02  1.760888E+00  3.376911E-02  1.036705E-01
  3.376911E-02  1.516896E+00  1.590774E-01  4.973620E-02  5.503810E-02
  1.011440E+00  1.009858E+03  1.639565E+02  0.000000E+00  0.000000E+00
  0.000000E+00  1.639565E+02  0.000000E+00  0.000000E+00  0.000000E+00
  1.573373E+02  4.438410E+03
     54000  1.080000E+01        52
  4.043855E+09  2.239666E-01 -5.901600E+05  8.717776E+04 -6.839150E+05
  0.000000E+00  0.000000E+00  0.000000E+00  0.000000E+00 -5.901566E+05
  0.000000E+00 -1.298572E+04 -5.151758E+05  4.890356E+05  0.000000E+00
  0.000000E+00  0.000000E+00  0.000000E+00  4.285053E+06  7.317359E-05
  6.577246E+03  1.315449E+04  9.000000E+01  9.000000E+01  9.000000E+01
  0.000000E+00  1.597457E+00  4.044445E+09  1.637422E+00  2.985822E-02
  1.051353E-01  2.985822E-02  1.697388E+00  3.446536E-02  1.051353E-01
  3.446536E-02  1.457561E+00  1.805870E-01  5.812937E-02  6.380087E-02
  1.031911E+00  1.009877E+03  1.646712E+02  0.000000E+00  0.000000E+00
  0.000000E+00  1.646712E+02  0.000000E+00  0.000000E+00  0.000000E+00
  1.580232E+02  4.329037E+03
     55000  1.100000E+01        52
  4.043855E+09  2.718939E-01 -5.902761E+05  8.695420E+04 -6.837972E+05
  0.000000E+00  0.000000E+00  0.000000E+00  0.000000E+00 -5.902725E+05
  0.000000E+00 -1.262595E+04 -5.135826E+05  4.878229E+05  0.000000E+00
  0.000000E+00  0.000000E+00  0.000000E+00  4.345819E+06  5.689030E-05
  6.566915E+03  1.313383E+04  9.000000E+01  9.000000E+01  9.000000E+01
  0.000000E+00  1.531522E+00  4.044445E+09  1.567755E+00  2.842766E-02
  1.060288E-01  2.842766E-02  1.631191E+00  3.422086E-02  1.060288E-01
  3.422086E-02  1.395619E+00  2.057435E-01  6.801555E-02  7.415444E-02
  1.055515E+00  1.009897E+03  1.654460E+02  0.000000E+00  0.000000E+00
  0.000000E+00  1.654460E+02  0.000000E+00  0.000000E+00  0.000000E+00
  1.587666E+02  4.209212E+03
     56000  1.120000E+01        52
  4.043855E+09  3.339937E-01 -5.903991E+05  8.671782E+04 -6.836731E+05
  0.000000E+00  0.000000E+00  0.000000E+00  0.000000E+00 -5.903953E+05
  0.000000E+00 -1.225223E+04 -5.118892E+05  4.865245E+05  0.000000E+00
  0.000000E+00  0.000000E+00  0.000000E+00  4.412944E+06  8.901906E-05
  6.556199E+03  1.311240E+04  9.000000E+01  9.000000E+01  9.000000E+01
  0.000000E+00  1.463635E+00  4.044446E+09  1.497625E+00  2.868102E-02
  1.060278E-01  2.868102E-02  1.562588E+00  3.174903E-02  1.060278E-01
  3.174903E-02  1.330694E+00  2.349399E-01  7.978282E-02  8.655292E-02
  1.083033E+00  1.009919E+03  1.662934E+02  0.000000E+00  0.000000E+00
  0.000000E+00  1.662934E+02  0.000000E+00  0.000000E+00  0.000000E+00
  1.595799E+02  4.084767E+03
     57000  1.140000E+01        52
  4.043855E+09  4.832326E-01 -5.905376E+05  8.647771E+04 -6.835620E+05
  0.000000E+00  0.000000E+00  0.000000E+00  0.000000E+00 -5.905333E+05
  0.000000E+00 -1.189316E+04 -5.101178E+05  4.851313E+05  0.000000E+00
  0.000000E+00  0.000000E+00  0.000000E+00  4.488222E+06  2.033020E-04
  6.546645E+03  1.309329E+04  9.000000E+01  9.000000E+01  9.000000E+01
  0.000000E+00  1.397028E+00  4.044446E+09  1.427110E+00  2.630846E-02
  1.039777E-01  2.630846E-02  1.494858E+00  3.508470E-02  1.039777E-01
  3.508470E-02  1.269116E+00  2.701413E-01  9.405860E-02  1.016620E-01
  1.115821E+00  1.009945E+03  1.672337E+02  0.000000E+00  0.000000E+00
  0.000000E+00  1.672337E+02  0.000000E+00  0.000000E+00  0.000000E+00
  1.604822E+02  3.965386E+03
     58000  1.160000E+01        52
  4.043855E+09  6.119515E-01 -5.906944E+05  8.621600E+04 -6.834484E+05
  0.000000E+00  0.000000E+00  0.000000E+00  0.000000E+00 -5.906896E+05
  0.000000E+00 -1.148676E+04 -5.081661E+05  4.836033E+05  0.000000E+00
  0.000000E+00  0.000000E+00  0.000000E+00  4.574294E+06  1.507238E-04
  6.538026E+03  1.307605E+04  9.000000E+01  9.000000E+01  9.000000E+01
  0.000000E+00  1.324005E+00  4.044446E+09  1.355536E+00  2.747039E-02
  9.783609E-02  2.747039E-02  1.421005E+00  3.174303E-02  9.783609E-02
  3.174303E-02  1.195472E+00  3.134532E-01  1.118809E-01  1.206208E-01
  1.156040E+00  1.009975E+03  1.682960E+02  0.000000E+00  0.000000E+00
  0.000000E+00  1.682960E+02  0.000000E+00  0.000000E+00  0.000000E+00
  1.615016E+02  3.830184E+03
     59000  1.180000E+01        52
  4.043855E+09  8.640468E-01 -5.908693E+05  8.591887E+04 -6.833173E+05
  0.000000E+00  0.000000E+00  0.000000E+00  0.000000E+00 -5.908637E+05
  0.000000E+00 -1.103323E+04 -5.059674E+05  4.818759E+05  0.000000E+00
  0.000000E+00  0.000000E+00  0.000000E+00  4.674900E+06  1.816777E-04
  6.529091E+03  1.305818E+04  9.000000E+01  9.000000E+01  9.000000E+01
  0.000000E+00  1.244555E+00  4.044446E+09  1.278534E+00  2.773677E-02
  9.178033E-02  2.773677E-02  1.341877E+00  2.467683E-02  9.178033E-02
  2.467683E-02  1.113254E+00  3.674937E-01  1.347321E-01  1.449582E-01
  1.206477E+00  1.010010E+03  1.695208E+02  0.000000E+00  0.000000E+00
  0.000000E+00  1.695208E+02  0.000000E+00  0.000000E+00  0.000000E+00
  1.626770E+02  3.679531E+03
     60000  1.200000E+01        52
  4.043855E+09  1.451280E+00 -5.910912E+05  8.558675E+04 -6.831970E+05
  0.000000E+00  0.000000E+00  0.000000E+00  0.000000E+00 -5.910837E+05
  0.000000E+00 -1.054624E+04 -5.034835E+05  4.798992E+05  0.000000E+00
  0.000000E+00  0.000000E+00  0.000000E+00  4.796483E+06  9.981400E-04
  6.518990E+03  1.303798E+04  9.000000E+01  9.000000E+01  9.000000E+01
  0.000000E+00  1.159893E+00  4.044446E+09  1.194904E+00  2.952074E-02
  8.738504E-02  2.952074E-02  1.259223E+00  2.010800E-02  8.738504E-02
  2.010800E-02  1.025552E+00  4.385088E-01  1.653270E-01  1.775803E-01
  1.275512E+00  1.010057E+03  1.709779E+02  0.000000E+00  0.000000E+00
  0.000000E+00  1.709779E+02  0.000000E+00  0.000000E+00  0.000000E+00
  1.640752E+02  3.518413E+03
     61000  1.220000E+01        52
  4.043855E+09  2.245435E+00 -5.913484E+05  8.519141E+04 -6.830513E+05
  0.000000E+00  0.000000E+00  0.000000E+00  0.000000E+00 -5.913383E+05
  0.000000E+00 -9.976782E+03 -5.004981E+05  4.774984E+05  0.000000E+00
  0.000000E+00  0.000000E+00  0.000000E+00  4.951438E+06  4.618827E-04
  6.511451E+03  1.302290E+04  9.000000E+01  9.000000E+01  9.000000E+01
  0.000000E+00  1.063501E+00  4.044446E+09  1.097253E+00  3.350600E-02
  8.224747E-02  3.350600E-02  1.164480E+00  1.326915E-02  8.224747E-02
  1.326915E-02  9.287689E-01  5.371807E-01  2.088613E-01  2.235783E-01
  1.368747E+00  1.010118E+03  1.727996E+02  0.000000E+00  0.000000E+00
  0.000000E+00  1.727996E+02  0.000000E+00  0.000000E+00  0.000000E+00
  1.658234E+02  3.330238E+03
     62000  1.240000E+01        52
  4.043855E+09  5.477149E+00 -5.916808E+05  8.470786E+04 -6.828970E+05
  0.000000E+00  0.000000E+00  0.000000E+00  0.000000E+00 -5.916605E+05
  0.000000E+00 -9.283531E+03 -4.967574E+05  4.744572E+05  0.000000E+00
  0.000000E+00  0.000000E+00  0.000000E+00  5.167103E+06  2.238490E-03
  6.508381E+03  1.301676E+04  9.000000E+01  9.000000E+01  9.000000E+01
  0.000000E+00  9.504420E-01  4.044447E+09  9.819466E-01  3.641497E-02
  7.251614E-02  3.641497E-02  1.050812E+00  3.790886E-04  7.251614E-02
  3.790886E-04  8.185678E-01  6.861994E-01  2.775410E-01  2.964499E-01
  1.510251E+00  1.010212E+03  1.752729E+02  0.000000E+00  0.000000E+00
  0.000000E+00  1.752729E+02  0.000000E+00  0.000000E+00  0.000000E+00
  1.681968E+02  3.105837E+03
     63000  1.260000E+01        52
  4.043855E+09  1.885954E+01 -5.922135E+05  8.402808E+04 -6.827521E+05
  0.000000E+00  0.000000E+00  0.000000E+00  0.000000E+00 -5.921515E+05
  0.000000E+00 -8.336220E+03 -4.913894E+05  4.700320E+05  0.000000E+00
  0.000000E+00  0.000000E+00  0.000000E+00  5.525319E+06  7.292535E-03
  6.510584E+03  1.302117E+04  9.000000E+01  9.000000E+01  9.000000E+01
  0.000000E+00  8.063768E-01  4.044447E+09  8.321357E-01  3.365862E-02
  6.426612E-02  3.365862E-02  9.057565E-01 -1.443370E-02  6.426612E-02
 -1.443370E-02  6.812380E-01  9.702248E-01  4.112915E-01  4.388225E-01
  1.774457E+00  1.010394E+03  1.792331E+02  0.000000E+00  0.000000E+00
  0.000000E+00  1.792331E+02  0.000000E+00  0.000000E+00  0.000000E+00
  1.719971E+02  2.817743E+03
     64000  1.280000E+01        52
  4.043855E+09  1.878665E+02 -5.933076E+05  8.249504E+04 -6.823316E+05
  0.000000E+00  0.000000E+00  0.000000E+00  0.000000E+00 -5.927207E+05
  0.000000E+00 -5.981860E+03 -4.794337E+05  4.603940E+05  0.000000E+00
  0.000000E+00  0.000000E+00  0.000000E+00  6.480919E+06  7.061980E-02
  6.528890E+03  1.305778E+04  9.000000E+01  9.000000E+01  9.000000E+01
  0.000000E+00  5.812811E-01  4.044448E+09  5.969773E-01  2.419645E-02
  7.112947E-02  2.419645E-02  6.594191E-01 -7.522483E-03  7.112947E-02
 -7.522483E-03  4.874469E-01  1.833964E+00  8.587490E-01  9.221597E-01
  2.588933E+00  1.010985E+03  1.890215E+02  0.000000E+00  0.000000E+00
  0.000000E+00  1.890215E+02  0.000000E+00  0.000000E+00  0.000000E+00
  1.813904E+02  2.382478E+03
     65000  1.300000E+01        52
  4.043855E+09  2.376874E+03 -5.944848E+05  7.378060E+04 -6.747885E+05
  0.000000E+00  0.000000E+00  0.000000E+00  0.000000E+00 -5.871015E+05
  0.000000E+00  9.985877E+03 -4.160961E+05  4.130358E+05  0.000000E+00
  0.000000E+00  0.000000E+00  0.000000E+00  1.562750E+07  8.981550E-01
  6.523092E+03  1.304618E+04  9.000000E+01  9.000000E+01  9.000000E+01
  0.000000E+00  1.605718E-01  4.044442E+09  1.431430E-01 -2.944885E-03
  3.374164E-02 -2.944885E-03  1.443299E-01 -7.482883E-03  3.374164E-02
 -7.482883E-03  1.942425E-01  9.030350E+00  5.388710E+00  5.953207E+00
  9.620151E+00  1.016331E+03  2.534713E+02  0.000000E+00  0.000000E+00
  0.000000E+00  2.534713E+02  0.000000E+00  0.000000E+00  0.000000E+00
  2.432382E+02  1.586955E+03
     66000  1.320000E+01        52
  4.043855E+09  4.448900E+02 -5.971731E+05  7.632395E+04 -6.802831E+05
  0.000000E+00  0.000000E+00  0.000000E+00  0.000000E+00 -5.957717E+05
  0.000000E+00  2.114191E+03 -4.216764E+05  4.102184E+05  0.000000E+00
  0.000000E+00  0.000000E+00  0.000000E+00  3.366704E+07  4.142482E-01
  6.786093E+03  1.357219E+04  9.000000E+01  9.000000E+01  9.000000E+01
  0.000000E+00  1.011382E-02  4.044451E+09  4.897914E-03  1.793498E-03
  9.967801E-03  1.793498E-03  1.474890E-02  4.192096E-04  9.967801E-03
  4.192096E-04  1.069464E-02  1.682840E+01  1.112512E+01  1.268043E+01
  1.763731E+01  1.022912E+03  3.273663E+02  0.000000E+00  0.000000E+00
  0.000000E+00  3.273663E+02  0.000000E+00  0.000000E+00  0.000000E+00
  3.141499E+02  2.153407E+02
     67000  1.340000E+01        52
  4.043855E+09  1.689580E+03 -5.981030E+05  7.693592E+04 -6.824482E+05
  0.000000E+00  0.000000E+00  0.000000E+00  0.000000E+00 -5.928289E+05
  0.000000E+00  2.516999E+03 -4.224905E+05  4.101890E+05  0.000000E+00
  0.000000E+00  0.000000E+00  0.000000E+00  5.181490E+07  1.322433E+00
  7.409261E+03  1.481852E+04  9.000000E+01  9.000000E+01  9.000000E+01
  0.000000E+00  8.102820E-02  4.044448E+09  7.990467E-02 -1.544741E-03
  2.368984E-03 -1.544741E-03  8.114868E-02 -4.184739E-03  2.368984E-03
 -4.184739E-03  8.203124E-02  2.356946E+01  1.635116E+01  1.907190E+01
  2.508425E+01  1.029385E+03  3.779641E+02  0.000000E+00  0.000000E+00
  0.000000E+00  3.779641E+02  0.000000E+00  0.000000E+00  0.000000E+00
  3.627050E+02  2.655198E+03
