# Li56 La24 Zr16 O96                                                    
        15       120
Li      Li      
  2.500000E-02  0.000000E+00  0.000000E+00
  7.500000E-02  0.000000E+00  0.000000E+00
  1.250000E-01  0.000000E+00  0.000000E+00
  1.750000E-01  0.000000E+00  0.000000E+00
  2.250000E-01  0.000000E+00  0.000000E+00
  2.750000E-01  0.000000E+00  0.000000E+00
  3.250000E-01  0.000000E+00  0.000000E+00
  3.750000E-01  0.000000E+00  0.000000E+00
  4.250000E-01  0.000000E+00  0.000000E+00
  4.750000E-01  0.000000E+00  0.000000E+00
  5.250000E-01  0.000000E+00  0.000000E+00
  5.750000E-01  0.000000E+00  0.000000E+00
  6.250000E-01  2.256688E-03  1.102025E-07
  6.750000E-01  0.000000E+00  1.102025E-07
  7.250000E-01  0.000000E+00  1.102025E-07
  7.750000E-01  1.467943E-03  2.204050E-07
  8.250000E-01  1.295455E-03  3.306075E-07
  8.750000E-01  3.455017E-03  6.612151E-07
  9.250000E-01  1.339730E-02  2.093848E-06
  9.750000E-01  2.504509E-02  5.069315E-06
  1.025000E+00  3.944820E-02  1.024883E-05
  1.075000E+00  9.614761E-02  2.413435E-05
  1.125000E+00  1.015884E+00  1.848096E-04
  1.175000E+00  5.820297E+01  1.022668E-02
  1.225000E+00  1.200014E+02  3.273004E-02
  1.275000E+00  3.391503E+01  3.961968E-02
  1.325000E+00  3.620266E+01  4.756208E-02
  1.375000E+00  3.227543E+01  5.518732E-02
  1.425000E+00  8.205212E+01  7.600788E-02
  1.475000E+00  2.484444E+02  1.435513E-01
  1.525000E+00  2.824687E+02  2.256389E-01
  1.575000E+00  2.841283E+02  3.137114E-01
  1.625000E+00  4.149487E+02  4.506304E-01
  1.675000E+00  5.125044E+02  6.303055E-01
  1.725000E+00  5.293697E+02  8.271376E-01
  1.775000E+00  4.362398E+02  9.988806E-01
  1.825000E+00  3.595658E+02  1.148525E+00
  1.875000E+00  2.750238E+02  1.269341E+00
  1.925000E+00  1.952487E+02  1.359748E+00
  1.975000E+00  1.391689E+02  1.427579E+00
  2.025000E+00  9.081909E+01  1.474114E+00
  2.075000E+00  6.468552E+01  1.508915E+00
  2.125000E+00  4.451123E+01  1.534030E+00
  2.175000E+00  3.105266E+01  1.552386E+00
  2.225000E+00  2.530686E+01  1.568041E+00
  2.275000E+00  3.390297E+01  1.589966E+00
  2.325000E+00  3.599315E+01  1.614277E+00
  2.375000E+00  2.089395E+01  1.629004E+00
  2.425000E+00  1.340508E+01  1.638854E+00
  2.475000E+00  1.142960E+01  1.647602E+00
  2.525000E+00  1.529342E+01  1.659785E+00
  2.575000E+00  2.262530E+01  1.678531E+00
  2.625000E+00  2.649884E+01  1.701346E+00
  2.675000E+00  2.814974E+01  1.726515E+00
  2.725000E+00  2.608648E+01  1.750719E+00
  2.775000E+00  2.570376E+01  1.775451E+00
  2.825000E+00  2.765741E+01  1.803031E+00
  2.875000E+00  2.719688E+01  1.831120E+00
  2.925000E+00  2.812554E+01  1.861187E+00
  2.975000E+00  2.577567E+01  1.889692E+00
  3.025000E+00  2.609187E+01  1.919525E+00
  3.075000E+00  2.801782E+01  1.952627E+00
  3.125000E+00  2.913133E+01  1.988174E+00
  3.175000E+00  2.992093E+01  2.025861E+00
  3.225000E+00  3.197861E+01  2.067420E+00
  3.275000E+00  3.291385E+01  2.111530E+00
  3.325000E+00  3.349686E+01  2.157802E+00
  3.375000E+00  3.384422E+01  2.205971E+00
  3.425000E+00  3.311284E+01  2.254506E+00
  3.475000E+00  3.479084E+01  2.307000E+00
  3.525000E+00  3.335249E+01  2.358783E+00
  3.575000E+00  3.051911E+01  2.407520E+00
  3.625000E+00  2.720602E+01  2.452190E+00
  3.675000E+00  2.536497E+01  2.494994E+00
  3.725000E+00  2.364733E+01  2.535992E+00
  3.775000E+00  2.278375E+01  2.576561E+00
  3.825000E+00  2.172198E+01  2.616271E+00
  3.875000E+00  1.983599E+01  2.653487E+00
  3.925000E+00  1.852993E+01  2.689156E+00
  3.975000E+00  1.823818E+01  2.725163E+00
  4.025000E+00  1.775630E+01  2.761106E+00
  4.075000E+00  1.765536E+01  2.797739E+00
  4.125000E+00  1.744216E+01  2.834822E+00
  4.175000E+00  1.715586E+01  2.872187E+00
  4.225000E+00  1.690558E+01  2.909894E+00
  4.275000E+00  1.717394E+01  2.949111E+00
  4.325000E+00  1.762782E+01  2.990311E+00
  4.375000E+00  1.692783E+01  3.030796E+00
  4.425000E+00  1.786889E+01  3.074514E+00
  4.475000E+00  1.717131E+01  3.117479E+00
  4.525000E+00  1.715103E+01  3.161359E+00
  4.575000E+00  1.781315E+01  3.207945E+00
  4.625000E+00  1.851746E+01  3.257437E+00
  4.675000E+00  1.807349E+01  3.306793E+00
  4.725000E+00  1.910169E+01  3.360078E+00
  4.775000E+00  1.910164E+01  3.414497E+00
  4.825000E+00  2.028157E+01  3.473494E+00
  4.875000E+00  1.953041E+01  3.531489E+00
  4.925000E+00  1.910998E+01  3.589406E+00
  4.975000E+00  1.926082E+01  3.648971E+00
  5.025000E+00  1.892103E+01  3.708668E+00
  5.075000E+00  1.818852E+01  3.767201E+00
  5.125000E+00  1.916258E+01  3.830089E+00
  5.175000E+00  1.881624E+01  3.893052E+00
  5.225000E+00  1.832646E+01  3.955567E+00
  5.275000E+00  1.828438E+01  4.019138E+00
  5.325000E+00  1.782116E+01  4.082278E+00
  5.375000E+00  1.773919E+01  4.146314E+00
  5.425000E+00  1.760155E+01  4.211040E+00
  5.475000E+00  1.749456E+01  4.276565E+00
  5.525000E+00  1.651824E+01  4.339567E+00
  5.575000E+00  1.639587E+01  4.403240E+00
  5.625000E+00  1.598206E+01  4.466425E+00
  5.675000E+00  1.606854E+01  4.531085E+00
  5.725000E+00  1.546398E+01  4.594414E+00
  5.775000E+00  1.508957E+01  4.657294E+00
  5.825000E+00  1.528951E+01  4.722115E+00
  5.875000E+00  1.495722E+01  4.786621E+00
  5.925000E+00  1.462002E+01  4.850750E+00
  5.975000E+00  1.440450E+01  4.915005E+00
Li      La      
  2.500000E-02  0.000000E+00  0.000000E+00
  7.500000E-02  0.000000E+00  0.000000E+00
  1.250000E-01  0.000000E+00  0.000000E+00
  1.750000E-01  0.000000E+00  0.000000E+00
  2.250000E-01  0.000000E+00  0.000000E+00
  2.750000E-01  0.000000E+00  0.000000E+00
  3.250000E-01  0.000000E+00  0.000000E+00
  3.750000E-01  0.000000E+00  0.000000E+00
  4.250000E-01  0.000000E+00  0.000000E+00
  4.750000E-01  0.000000E+00  0.000000E+00
  5.250000E-01  0.000000E+00  0.000000E+00
  5.750000E-01  0.000000E+00  0.000000E+00
  6.250000E-01  0.000000E+00  0.000000E+00
  6.750000E-01  0.000000E+00  0.000000E+00
  7.250000E-01  1.956590E-03  5.509338E-08
  7.750000E-01  0.000000E+00  5.509338E-08
  8.250000E-01  0.000000E+00  5.509338E-08
  8.750000E-01  0.000000E+00  5.509338E-08
  9.250000E-01  0.000000E+00  5.509338E-08
  9.750000E-01  0.000000E+00  5.509338E-08
  1.025000E+00  9.790707E-04  1.101868E-07
  1.075000E+00  0.000000E+00  1.101868E-07
  1.125000E+00  0.000000E+00  1.101868E-07
  1.175000E+00  0.000000E+00  1.101868E-07
  1.225000E+00  0.000000E+00  1.101868E-07
  1.275000E+00  0.000000E+00  1.101868E-07
  1.325000E+00  5.859555E-04  1.652801E-07
  1.375000E+00  0.000000E+00  1.652801E-07
  1.425000E+00  5.066098E-04  2.203735E-07
  1.475000E+00  4.728488E-04  2.754669E-07
  1.525000E+00  0.000000E+00  2.754669E-07
  1.575000E+00  0.000000E+00  2.754669E-07
  1.625000E+00  1.168768E-03  4.407471E-07
  1.675000E+00  3.666790E-04  4.958404E-07
  1.725000E+00  3.457318E-04  5.509338E-07
  1.775000E+00  9.795886E-04  7.162140E-07
  1.825000E+00  2.779953E-03  1.212054E-06
  1.875000E+00  2.926305E-03  1.762988E-06
  1.925000E+00  3.609154E-03  2.479202E-06
  1.975000E+00  3.956232E-03  3.305603E-06
  2.025000E+00  6.021255E-03  4.627844E-06
  2.075000E+00  1.099129E-02  7.162140E-06
  2.125000E+00  4.875552E-02  1.895212E-05
  2.175000E+00  3.140346E-01  9.850697E-05
  2.225000E+00  1.210294E+00  4.193708E-04
  2.275000E+00  4.252252E+00  1.597928E-03
  2.325000E+00  1.314257E+01  5.402402E-03
  2.375000E+00  3.121631E+01  1.483163E-02
  2.425000E+00  5.229546E+01  3.130015E-02
  2.475000E+00  6.812229E+01  5.364647E-02
  2.525000E+00  7.383170E+01  7.885406E-02
  2.575000E+00  7.359115E+01  1.049844E-01
  2.625000E+00  7.374115E+01  1.321947E-01
  2.675000E+00  7.447030E+01  1.607308E-01
  2.725000E+00  7.904582E+01  1.921631E-01
  2.775000E+00  8.796754E+01  2.284384E-01
  2.825000E+00  8.750932E+01  2.658369E-01
  2.875000E+00  9.419330E+01  3.075294E-01
  2.925000E+00  9.924112E+01  3.529974E-01
  2.975000E+00  1.010586E+02  4.008945E-01
  3.025000E+00  1.031782E+02  4.514537E-01
  3.075000E+00  1.073996E+02  5.058355E-01
  3.125000E+00  1.031244E+02  5.597645E-01
  3.175000E+00  9.809149E+01  6.127162E-01
  3.225000E+00  9.707358E+01  6.667817E-01
  3.275000E+00  9.585283E+01  7.218355E-01
  3.325000E+00  8.922271E+01  7.746580E-01
  3.375000E+00  8.232440E+01  8.248732E-01
  3.425000E+00  7.707605E+01  8.732905E-01
  3.475000E+00  7.085864E+01  9.191111E-01
  3.525000E+00  6.547795E+01  9.626796E-01
  3.575000E+00  6.070510E+01  1.004226E+00
  3.625000E+00  5.691873E+01  1.044279E+00
  3.675000E+00  5.276265E+01  1.082438E+00
  3.725000E+00  4.898520E+01  1.118836E+00
  3.775000E+00  4.690934E+01  1.154633E+00
  3.825000E+00  4.326346E+01  1.188529E+00
  3.875000E+00  3.843270E+01  1.219432E+00
  3.925000E+00  3.584892E+01  1.249006E+00
  3.975000E+00  3.151907E+01  1.275675E+00
  4.025000E+00  2.978098E+01  1.301511E+00
  4.075000E+00  2.900583E+01  1.327304E+00
  4.125000E+00  2.998491E+01  1.354625E+00
  4.175000E+00  2.958952E+01  1.382244E+00
  4.225000E+00  2.818487E+01  1.409186E+00
  4.275000E+00  2.606267E+01  1.434692E+00
  4.325000E+00  2.507294E+01  1.459807E+00
  4.375000E+00  2.458138E+01  1.485003E+00
  4.425000E+00  2.484217E+01  1.511051E+00
  4.475000E+00  2.388063E+01  1.536659E+00
  4.525000E+00  2.158853E+01  1.560330E+00
  4.575000E+00  2.221385E+01  1.585228E+00
  4.625000E+00  2.203941E+01  1.610473E+00
  4.675000E+00  2.252003E+01  1.636830E+00
  4.725000E+00  2.191110E+01  1.663025E+00
  4.775000E+00  2.180380E+01  1.689647E+00
  4.825000E+00  2.064894E+01  1.715389E+00
  4.875000E+00  1.928606E+01  1.739933E+00
  4.925000E+00  2.021984E+01  1.766196E+00
  4.975000E+00  2.009421E+01  1.792829E+00
  5.025000E+00  1.994462E+01  1.819797E+00
  5.075000E+00  1.932487E+01  1.846450E+00
  5.125000E+00  1.919215E+01  1.873444E+00
  5.175000E+00  1.890998E+01  1.900563E+00
  5.225000E+00  1.822333E+01  1.927204E+00
  5.275000E+00  1.830800E+01  1.954484E+00
  5.325000E+00  1.812821E+01  1.982010E+00
  5.375000E+00  1.753782E+01  2.009142E+00
  5.425000E+00  1.726753E+01  2.036356E+00
  5.475000E+00  1.656687E+01  2.062948E+00
  5.525000E+00  1.670926E+01  2.090262E+00
  5.575000E+00  1.630628E+01  2.117401E+00
  5.625000E+00  1.629700E+01  2.145014E+00
  5.675000E+00  1.658819E+01  2.173622E+00
  5.725000E+00  1.588825E+01  2.201507E+00
  5.775000E+00  1.557227E+01  2.229318E+00
  5.825000E+00  1.618326E+01  2.258722E+00
  5.875000E+00  1.537312E+01  2.287136E+00
  5.925000E+00  1.555377E+01  2.316376E+00
  5.975000E+00  1.546610E+01  2.345943E+00
Li      Zr      
  2.500000E-02  0.000000E+00  0.000000E+00
  7.500000E-02  0.000000E+00  0.000000E+00
  1.250000E-01  0.000000E+00  0.000000E+00
  1.750000E-01  0.000000E+00  0.000000E+00
  2.250000E-01  0.000000E+00  0.000000E+00
  2.750000E-01  0.000000E+00  0.000000E+00
  3.250000E-01  0.000000E+00  0.000000E+00
  3.750000E-01  0.000000E+00  0.000000E+00
  4.250000E-01  0.000000E+00  0.000000E+00
  4.750000E-01  0.000000E+00  0.000000E+00
  5.250000E-01  0.000000E+00  0.000000E+00
  5.750000E-01  0.000000E+00  0.000000E+00
  6.250000E-01  0.000000E+00  0.000000E+00
  6.750000E-01  0.000000E+00  0.000000E+00
  7.250000E-01  0.000000E+00  0.000000E+00
  7.750000E-01  0.000000E+00  0.000000E+00
  8.250000E-01  0.000000E+00  0.000000E+00
  8.750000E-01  2.015139E-03  5.509338E-08
  9.250000E-01  0.000000E+00  5.509338E-08
  9.750000E-01  0.000000E+00  5.509338E-08
  1.025000E+00  0.000000E+00  5.509338E-08
  1.075000E+00  0.000000E+00  5.509338E-08
  1.125000E+00  0.000000E+00  5.509338E-08
  1.175000E+00  1.117630E-03  1.101868E-07
  1.225000E+00  0.000000E+00  1.101868E-07
  1.275000E+00  0.000000E+00  1.101868E-07
  1.325000E+00  0.000000E+00  1.101868E-07
  1.375000E+00  8.161799E-04  1.652801E-07
  1.425000E+00  0.000000E+00  1.652801E-07
  1.475000E+00  0.000000E+00  1.652801E-07
  1.525000E+00  1.327060E-03  2.754669E-07
  1.575000E+00  0.000000E+00  2.754669E-07
  1.625000E+00  1.168768E-03  3.856537E-07
  1.675000E+00  1.650056E-03  5.509338E-07
  1.725000E+00  1.555793E-03  7.162140E-07
  1.775000E+00  2.938766E-03  1.046774E-06
  1.825000E+00  4.633256E-03  1.597708E-06
  1.875000E+00  3.950512E-03  2.093549E-06
  1.925000E+00  1.457543E-02  4.021817E-06
  1.975000E+00  8.822398E-02  1.630764E-05
  2.025000E+00  7.503989E-01  1.261638E-04
  2.075000E+00  3.978726E+00  7.377555E-04
  2.125000E+00  1.266709E+01  2.779847E-03
  2.175000E+00  2.698925E+01  7.337998E-03
  2.225000E+00  3.529699E+01  1.357644E-02
  2.275000E+00  3.655551E+01  2.033095E-02
  2.325000E+00  3.938033E+01  2.793075E-02
  2.375000E+00  4.549346E+01  3.709195E-02
  2.425000E+00  5.234952E+01  4.808231E-02
  2.475000E+00  6.524243E+01  6.235006E-02
  2.525000E+00  8.035039E+01  8.063886E-02
  2.575000E+00  1.036112E+02  1.051653E-01
  2.625000E+00  1.368476E+02  1.388296E-01
  2.675000E+00  1.638976E+02  1.806986E-01
  2.725000E+00  1.751823E+02  2.271390E-01
  2.775000E+00  1.860930E+02  2.782987E-01
  2.825000E+00  1.774394E+02  3.288531E-01
  2.875000E+00  1.554507E+02  3.747242E-01
  2.925000E+00  1.304930E+02  4.145817E-01
  2.975000E+00  1.151385E+02  4.509619E-01
  3.025000E+00  9.695345E+01  4.826345E-01
  3.075000E+00  7.756570E+01  5.088181E-01
  3.125000E+00  6.348113E+01  5.309498E-01
  3.175000E+00  5.432654E+01  5.505008E-01
  3.225000E+00  4.559613E+01  5.674308E-01
  3.275000E+00  3.787348E+01  5.819327E-01
  3.325000E+00  3.443270E+01  5.955228E-01
  3.375000E+00  3.141572E+01  6.082979E-01
  3.425000E+00  2.725246E+01  6.197108E-01
  3.475000E+00  2.722903E+01  6.314492E-01
  3.525000E+00  2.740907E+01  6.436077E-01
  3.575000E+00  2.859023E+01  6.566525E-01
  3.625000E+00  2.717352E+01  6.694001E-01
  3.675000E+00  2.393511E+01  6.809404E-01
  3.725000E+00  2.138980E+01  6.915360E-01
  3.775000E+00  2.130495E+01  7.023748E-01
  3.825000E+00  2.326351E+01  7.145256E-01
  3.875000E+00  2.255687E+01  7.266173E-01
  3.925000E+00  2.190660E+01  7.386655E-01
  3.975000E+00  2.129548E+01  7.506778E-01
  4.025000E+00  2.224838E+01  7.635454E-01
  4.075000E+00  2.268056E+01  7.769908E-01
  4.125000E+00  2.238058E+01  7.905860E-01
  4.175000E+00  2.362616E+01  8.052878E-01
  4.225000E+00  2.271729E+01  8.197647E-01
  4.275000E+00  2.323330E+01  8.349229E-01
  4.325000E+00  2.423590E+01  8.511073E-01
  4.375000E+00  2.415218E+01  8.676109E-01
  4.425000E+00  2.416211E+01  8.845007E-01
  4.475000E+00  2.550408E+01  9.027338E-01
  4.525000E+00  2.501412E+01  9.210185E-01
  4.575000E+00  2.539509E+01  9.399942E-01
  4.625000E+00  2.343846E+01  9.578927E-01
  4.675000E+00  2.238380E+01  9.753574E-01
  4.725000E+00  2.138703E+01  9.924032E-01
  4.775000E+00  2.068624E+01  1.009241E+00
  4.825000E+00  1.953957E+01  1.025481E+00
  4.875000E+00  1.935401E+01  1.041901E+00
  4.925000E+00  1.871165E+01  1.058104E+00
  4.975000E+00  1.786549E+01  1.073890E+00
  5.025000E+00  1.661508E+01  1.088867E+00
  5.075000E+00  1.565380E+01  1.103260E+00
  5.125000E+00  1.487893E+01  1.117212E+00
  5.175000E+00  1.558149E+01  1.132109E+00
  5.225000E+00  1.446375E+01  1.146205E+00
  5.275000E+00  1.469162E+01  1.160800E+00
  5.325000E+00  1.477954E+01  1.175761E+00
  5.375000E+00  1.483415E+01  1.191060E+00
  5.425000E+00  1.466580E+01  1.206469E+00
  5.475000E+00  1.465029E+01  1.222147E+00
  5.525000E+00  1.487647E+01  1.238358E+00
  5.575000E+00  1.505656E+01  1.255065E+00
  5.625000E+00  1.542137E+01  1.272484E+00
  5.675000E+00  1.493778E+01  1.289658E+00
  5.725000E+00  1.469980E+01  1.306858E+00
  5.775000E+00  1.476361E+01  1.324436E+00
  5.825000E+00  1.443511E+01  1.341921E+00
  5.875000E+00  1.491044E+01  1.360294E+00
  5.925000E+00  1.471674E+01  1.378738E+00
  5.975000E+00  1.419390E+01  1.396828E+00
Li      O       
  2.500000E-02  0.000000E+00  0.000000E+00
  7.500000E-02  0.000000E+00  0.000000E+00
  1.250000E-01  0.000000E+00  0.000000E+00
  1.750000E-01  8.341947E-03  5.509338E-08
  2.250000E-01  5.059870E-03  1.101868E-07
  2.750000E-01  0.000000E+00  1.101868E-07
  3.250000E-01  0.000000E+00  1.101868E-07
  3.750000E-01  0.000000E+00  1.101868E-07
  4.250000E-01  0.000000E+00  1.101868E-07
  4.750000E-01  2.277875E-03  2.203735E-07
  5.250000E-01  2.797451E-03  3.856537E-07
  5.750000E-01  4.664767E-03  7.162140E-07
  6.250000E-01  4.606747E-03  1.101868E-06
  6.750000E-01  1.692790E-03  1.267148E-06
  7.250000E-01  5.869770E-03  1.928268E-06
  7.750000E-01  6.849421E-03  2.809763E-06
  8.250000E-01  1.548927E-02  5.068591E-06
  8.750000E-01  1.746453E-02  7.933447E-06
  9.250000E-01  3.997149E-02  1.526087E-05
  9.750000E-01  2.872818E-01  7.377004E-05
  1.025000E+00  7.220647E-01  2.362955E-04
  1.075000E+00  2.445628E+00  8.417718E-04
  1.125000E+00  5.310360E+01  1.524010E-02
  1.175000E+00  1.096688E+03  3.396065E-01
  1.225000E+00  3.479971E+03  1.458322E+00
  1.275000E+00  1.217136E+03  1.882186E+00
  1.325000E+00  1.585445E+02  1.941813E+00
  1.375000E+00  3.598401E+01  1.956387E+00
  1.425000E+00  1.589843E+01  1.963303E+00
  1.475000E+00  5.000731E+00  1.965634E+00
  1.525000E+00  2.853179E+00  1.967055E+00
  1.575000E+00  1.426933E+00  1.967813E+00
  1.625000E+00  9.420267E-01  1.968346E+00
  1.675000E+00  7.340914E-01  1.968787E+00
  1.725000E+00  7.863669E-01  1.969289E+00
  1.775000E+00  9.739560E-01  1.969946E+00
  1.825000E+00  8.871912E-01  1.970579E+00
  1.875000E+00  1.116605E+00  1.971420E+00
  1.925000E+00  1.466566E+00  1.972584E+00
  1.975000E+00  1.542667E+00  1.973873E+00
  2.025000E+00  1.711793E+00  1.975377E+00
  2.075000E+00  2.666104E+00  1.977835E+00
  2.125000E+00  2.998294E+00  1.980736E+00
  2.175000E+00  4.859815E+00  1.985660E+00
  2.225000E+00  7.792516E+00  1.993924E+00
  2.275000E+00  1.562557E+01  2.011247E+00
  2.325000E+00  3.595328E+01  2.052878E+00
  2.375000E+00  1.333583E+01  2.068990E+00
  2.425000E+00  1.393404E+01  2.086543E+00
  2.475000E+00  2.722814E+01  2.122269E+00
  2.525000E+00  4.117300E+01  2.178498E+00
  2.575000E+00  4.795061E+01  2.246603E+00
  2.625000E+00  5.901529E+01  2.333709E+00
  2.675000E+00  7.453363E+01  2.447950E+00
  2.725000E+00  7.720295E+01  2.570748E+00
  2.775000E+00  7.802494E+01  2.699449E+00
  2.825000E+00  7.750886E+01  2.831948E+00
  2.875000E+00  6.861700E+01  2.953435E+00
  2.925000E+00  6.256347E+01  3.068090E+00
  2.975000E+00  5.394570E+01  3.170361E+00
  3.025000E+00  4.745169E+01  3.263370E+00
  3.075000E+00  4.128737E+01  3.346993E+00
  3.125000E+00  3.578844E+01  3.421856E+00
  3.175000E+00  3.209935E+01  3.491167E+00
  3.225000E+00  2.876417E+01  3.555248E+00
  3.275000E+00  2.665328E+01  3.616483E+00
  3.325000E+00  2.404382E+01  3.673421E+00
  3.375000E+00  2.296140E+01  3.729444E+00
  3.425000E+00  2.255524E+01  3.786119E+00
  3.475000E+00  2.281697E+01  3.845137E+00
  3.525000E+00  2.260274E+01  3.905295E+00
  3.575000E+00  2.296537E+01  3.968166E+00
  3.625000E+00  2.336997E+01  4.033945E+00
  3.675000E+00  2.416041E+01  4.103839E+00
  3.725000E+00  2.366507E+01  4.174175E+00
  3.775000E+00  2.403367E+01  4.247537E+00
  3.825000E+00  2.477857E+01  4.325190E+00
  3.875000E+00  2.620084E+01  4.409461E+00
  3.925000E+00  2.587067E+01  4.494830E+00
  3.975000E+00  2.587636E+01  4.582408E+00
  4.025000E+00  2.653488E+01  4.674488E+00
  4.075000E+00  2.636172E+01  4.768255E+00
  4.125000E+00  2.638958E+01  4.864437E+00
  4.175000E+00  2.754743E+01  4.967289E+00
  4.225000E+00  2.714668E+01  5.071086E+00
  4.275000E+00  2.728764E+01  5.177907E+00
  4.325000E+00  2.741025E+01  5.287732E+00
  4.375000E+00  2.760918E+01  5.400927E+00
  4.425000E+00  2.789622E+01  5.517927E+00
  4.475000E+00  2.750314E+01  5.635901E+00
  4.525000E+00  2.705927E+01  5.754578E+00
  4.575000E+00  2.666980E+01  5.874147E+00
  4.625000E+00  2.641397E+01  5.995172E+00
  4.675000E+00  2.609817E+01  6.117348E+00
  4.725000E+00  2.508209E+01  6.237294E+00
  4.775000E+00  2.470778E+01  6.357963E+00
  4.825000E+00  2.359530E+01  6.475625E+00
  4.875000E+00  2.286204E+01  6.592005E+00
  4.925000E+00  2.165776E+01  6.704528E+00
  4.975000E+00  2.065217E+01  6.814016E+00
  5.025000E+00  1.973008E+01  6.920729E+00
  5.075000E+00  1.890521E+01  7.025025E+00
  5.125000E+00  1.855132E+01  7.129395E+00
  5.175000E+00  1.808778E+01  7.233153E+00
  5.225000E+00  1.738448E+01  7.334813E+00
  5.275000E+00  1.688659E+01  7.435460E+00
  5.325000E+00  1.657195E+01  7.536113E+00
  5.375000E+00  1.636572E+01  7.637389E+00
  5.425000E+00  1.616575E+01  7.739298E+00
  5.475000E+00  1.613827E+01  7.842917E+00
  5.525000E+00  1.595096E+01  7.947212E+00
  5.575000E+00  1.556557E+01  8.050838E+00
  5.625000E+00  1.540649E+01  8.155254E+00
  5.675000E+00  1.560822E+01  8.262925E+00
  5.725000E+00  1.513481E+01  8.369178E+00
  5.775000E+00  1.509511E+01  8.477012E+00
  5.825000E+00  1.483791E+01  8.584851E+00
  5.875000E+00  1.459625E+01  8.692764E+00
  5.925000E+00  1.469642E+01  8.803274E+00
  5.975000E+00  1.431495E+01  8.912740E+00
Li      O_s     
  2.500000E-02  0.000000E+00  0.000000E+00
  7.500000E-02  0.000000E+00  0.000000E+00
  1.250000E-01  0.000000E+00  0.000000E+00
  1.750000E-01  0.000000E+00  0.000000E+00
  2.250000E-01  0.000000E+00  0.000000E+00
  2.750000E-01  0.000000E+00  0.000000E+00
  3.250000E-01  0.000000E+00  0.000000E+00
  3.750000E-01  0.000000E+00  0.000000E+00
  4.250000E-01  0.000000E+00  0.000000E+00
  4.750000E-01  1.138937E-03  5.509338E-08
  5.250000E-01  0.000000E+00  5.509338E-08
  5.750000E-01  7.774611E-04  1.101868E-07
  6.250000E-01  1.316213E-03  2.203735E-07
  6.750000E-01  2.821317E-03  4.958404E-07
  7.250000E-01  2.445737E-03  7.713074E-07
  7.750000E-01  7.705599E-03  1.762988E-06
  8.250000E-01  2.984518E-02  6.115366E-06
  8.750000E-01  9.639079E-02  2.192717E-05
  9.250000E-01  1.155549E+02  2.120500E-02
  9.750000E-01  1.569984E+02  5.318005E-02
  1.025000E+00  7.865100E+02  2.302112E-01
  1.075000E+00  4.438759E+03  1.329137E+00
  1.125000E+00  1.750854E+03  1.803857E+00
  1.175000E+00  3.154733E+02  1.897165E+00
  1.225000E+00  1.230387E+02  1.936718E+00
  1.275000E+00  5.104339E+01  1.954494E+00
  1.325000E+00  1.714183E+01  1.960941E+00
  1.375000E+00  6.798779E+00  1.963694E+00
  1.425000E+00  3.905582E+00  1.965393E+00
  1.475000E+00  2.271211E+00  1.966452E+00
  1.525000E+00  1.418295E+00  1.967158E+00
  1.575000E+00  1.173023E+00  1.967782E+00
  1.625000E+00  9.029704E-01  1.968292E+00
  1.675000E+00  8.090772E-01  1.968779E+00
  1.725000E+00  9.728892E-01  1.969399E+00
  1.775000E+00  1.138935E+00  1.970168E+00
  1.825000E+00  1.531137E+00  1.971260E+00
  1.875000E+00  2.153761E+00  1.972882E+00
  1.925000E+00  2.904952E+00  1.975188E+00
  1.975000E+00  5.517559E+00  1.979798E+00
  2.025000E+00  1.486717E+01  1.992857E+00
  2.075000E+00  3.830320E+01  2.028184E+00
  2.125000E+00  1.649281E+01  2.044137E+00
  2.175000E+00  8.995383E+00  2.053252E+00
  2.225000E+00  1.197976E+01  2.065956E+00
  2.275000E+00  2.299788E+01  2.091452E+00
  2.325000E+00  3.820125E+01  2.135686E+00
  2.375000E+00  4.274400E+01  2.187331E+00
  2.425000E+00  5.117881E+01  2.251799E+00
  2.475000E+00  6.593985E+01  2.338320E+00
  2.525000E+00  7.118660E+01  2.435538E+00
  2.575000E+00  7.795735E+01  2.546261E+00
  2.625000E+00  7.963678E+01  2.663804E+00
  2.675000E+00  7.787032E+01  2.783160E+00
  2.725000E+00  6.923556E+01  2.893285E+00
  2.775000E+00  6.310012E+01  2.997368E+00
  2.825000E+00  5.770524E+01  3.096013E+00
  2.875000E+00  5.047555E+01  3.185380E+00
  2.925000E+00  4.591562E+01  3.269526E+00
  2.975000E+00  4.087377E+01  3.347015E+00
  3.025000E+00  3.603170E+01  3.417640E+00
  3.075000E+00  3.068301E+01  3.479786E+00
  3.125000E+00  2.713697E+01  3.536551E+00
  3.175000E+00  2.547651E+01  3.591562E+00
  3.225000E+00  2.370241E+01  3.644366E+00
  3.275000E+00  2.252177E+01  3.696108E+00
  3.325000E+00  2.180656E+01  3.747749E+00
  3.375000E+00  2.235829E+01  3.802300E+00
  3.425000E+00  2.318282E+01  3.860552E+00
  3.475000E+00  2.379136E+01  3.922090E+00
  3.525000E+00  2.336842E+01  3.984287E+00
  3.575000E+00  2.365198E+01  4.049037E+00
  3.625000E+00  2.444795E+01  4.117851E+00
  3.675000E+00  2.466792E+01  4.189212E+00
  3.725000E+00  2.497922E+01  4.263454E+00
  3.775000E+00  2.542642E+01  4.341068E+00
  3.825000E+00  2.594919E+01  4.422389E+00
  3.875000E+00  2.651134E+01  4.507659E+00
  3.925000E+00  2.764916E+01  4.598897E+00
  3.975000E+00  2.606143E+01  4.687101E+00
  4.025000E+00  2.696262E+01  4.780666E+00
  4.075000E+00  2.710127E+01  4.877063E+00
  4.125000E+00  2.794862E+01  4.978928E+00
  4.175000E+00  2.797721E+01  5.083384E+00
  4.225000E+00  2.770749E+01  5.189325E+00
  4.275000E+00  2.772281E+01  5.297850E+00
  4.325000E+00  2.764206E+01  5.408603E+00
  4.375000E+00  2.801218E+01  5.523450E+00
  4.425000E+00  2.789344E+01  5.640439E+00
  4.475000E+00  2.710614E+01  5.756710E+00
  4.525000E+00  2.659498E+01  5.873351E+00
  4.575000E+00  2.572900E+01  5.988702E+00
  4.625000E+00  2.494044E+01  6.102975E+00
  4.675000E+00  2.439407E+01  6.217174E+00
  4.725000E+00  2.370980E+01  6.330557E+00
  4.775000E+00  2.299905E+01  6.442881E+00
  4.825000E+00  2.203701E+01  6.552772E+00
  4.875000E+00  2.106551E+01  6.660007E+00
  4.925000E+00  2.031991E+01  6.765579E+00
  4.975000E+00  1.945549E+01  6.868723E+00
  5.025000E+00  1.898072E+01  6.971383E+00
  5.075000E+00  1.837628E+01  7.072761E+00
  5.125000E+00  1.803680E+01  7.174237E+00
  5.175000E+00  1.761960E+01  7.275309E+00
  5.225000E+00  1.718167E+01  7.375783E+00
  5.275000E+00  1.703417E+01  7.477310E+00
  5.325000E+00  1.699301E+01  7.580520E+00
  5.375000E+00  1.659533E+01  7.683217E+00
  5.425000E+00  1.646974E+01  7.787042E+00
  5.475000E+00  1.620739E+01  7.891105E+00
  5.525000E+00  1.587574E+01  7.994908E+00
  5.575000E+00  1.560712E+01  8.098811E+00
  5.625000E+00  1.572297E+01  8.205371E+00
  5.675000E+00  1.554136E+01  8.312581E+00
  5.725000E+00  1.535880E+01  8.420407E+00
  5.775000E+00  1.526431E+01  8.529449E+00
  5.825000E+00  1.512997E+01  8.639412E+00
  5.875000E+00  1.504559E+01  8.750646E+00
  5.925000E+00  1.469470E+01  8.861143E+00
  5.975000E+00  1.435106E+01  8.970886E+00
La      La      
  2.500000E-02  0.000000E+00  0.000000E+00
  7.500000E-02  0.000000E+00  0.000000E+00
  1.250000E-01  0.000000E+00  0.000000E+00
  1.750000E-01  0.000000E+00  0.000000E+00
  2.250000E-01  0.000000E+00  0.000000E+00
  2.750000E-01  0.000000E+00  0.000000E+00
  3.250000E-01  0.000000E+00  0.000000E+00
  3.750000E-01  0.000000E+00  0.000000E+00
  4.250000E-01  0.000000E+00  0.000000E+00
  4.750000E-01  0.000000E+00  0.000000E+00
  5.250000E-01  0.000000E+00  0.000000E+00
  5.750000E-01  0.000000E+00  0.000000E+00
  6.250000E-01  0.000000E+00  0.000000E+00
  6.750000E-01  0.000000E+00  0.000000E+00
  7.250000E-01  0.000000E+00  0.000000E+00
  7.750000E-01  0.000000E+00  0.000000E+00
  8.250000E-01  0.000000E+00  0.000000E+00
  8.750000E-01  0.000000E+00  0.000000E+00
  9.250000E-01  0.000000E+00  0.000000E+00
  9.750000E-01  0.000000E+00  0.000000E+00
  1.025000E+00  0.000000E+00  0.000000E+00
  1.075000E+00  0.000000E+00  0.000000E+00
  1.125000E+00  0.000000E+00  0.000000E+00
  1.175000E+00  0.000000E+00  0.000000E+00
  1.225000E+00  0.000000E+00  0.000000E+00
  1.275000E+00  0.000000E+00  0.000000E+00
  1.325000E+00  0.000000E+00  0.000000E+00
  1.375000E+00  0.000000E+00  0.000000E+00
  1.425000E+00  0.000000E+00  0.000000E+00
  1.475000E+00  0.000000E+00  0.000000E+00
  1.525000E+00  0.000000E+00  0.000000E+00
  1.575000E+00  0.000000E+00  0.000000E+00
  1.625000E+00  0.000000E+00  0.000000E+00
  1.675000E+00  0.000000E+00  0.000000E+00
  1.725000E+00  0.000000E+00  0.000000E+00
  1.775000E+00  0.000000E+00  0.000000E+00
  1.825000E+00  0.000000E+00  0.000000E+00
  1.875000E+00  0.000000E+00  0.000000E+00
  1.925000E+00  0.000000E+00  0.000000E+00
  1.975000E+00  0.000000E+00  0.000000E+00
  2.025000E+00  0.000000E+00  0.000000E+00
  2.075000E+00  0.000000E+00  0.000000E+00
  2.125000E+00  0.000000E+00  0.000000E+00
  2.175000E+00  0.000000E+00  0.000000E+00
  2.225000E+00  0.000000E+00  0.000000E+00
  2.275000E+00  0.000000E+00  0.000000E+00
  2.325000E+00  0.000000E+00  0.000000E+00
  2.375000E+00  0.000000E+00  0.000000E+00
  2.425000E+00  0.000000E+00  0.000000E+00
  2.475000E+00  0.000000E+00  0.000000E+00
  2.525000E+00  7.532906E-04  2.571882E-07
  2.575000E+00  0.000000E+00  2.571882E-07
  2.625000E+00  0.000000E+00  2.571882E-07
  2.675000E+00  6.711804E-04  5.143764E-07
  2.725000E+00  0.000000E+00  5.143764E-07
  2.775000E+00  0.000000E+00  5.143764E-07
  2.825000E+00  1.203597E-03  1.028753E-06
  2.875000E+00  5.810491E-04  1.285941E-06
  2.925000E+00  6.174899E-03  4.115011E-06
  2.975000E+00  2.224842E-02  1.465973E-05
  3.025000E+00  2.624272E-02  2.751914E-05
  3.075000E+00  3.758646E-02  4.655106E-05
  3.125000E+00  7.475388E-02  8.564367E-05
  3.175000E+00  1.524590E-01  1.679439E-04
  3.225000E+00  3.389436E-01  3.567200E-04
  3.275000E+00  6.860049E-01  7.507323E-04
  3.325000E+00  1.334098E+00  1.540557E-03
  3.375000E+00  2.054662E+00  2.793835E-03
  3.425000E+00  3.293386E+00  4.862657E-03
  3.475000E+00  4.761160E+00  7.941457E-03
  3.525000E+00  7.280911E+00  1.278611E-02
  3.575000E+00  9.905712E+00  1.956559E-02
  3.625000E+00  1.253232E+01  2.838432E-02
  3.675000E+00  1.441514E+01  3.880970E-02
  3.725000E+00  1.679843E+01  5.129155E-02
  3.775000E+00  1.833842E+01  6.528593E-02
  3.825000E+00  1.920146E+01  8.032964E-02
  3.875000E+00  2.110548E+01  9.730021E-02
  3.925000E+00  2.332867E+01  1.165456E-01
  3.975000E+00  2.168162E+01  1.348908E-01
  4.025000E+00  2.488403E+01  1.564787E-01
  4.075000E+00  2.327988E+01  1.771798E-01
  4.125000E+00  2.278133E+01  1.979377E-01
  4.175000E+00  2.312342E+01  2.195212E-01
  4.225000E+00  2.382643E+01  2.422967E-01
  4.275000E+00  2.406916E+01  2.658521E-01
  4.325000E+00  2.338158E+01  2.892729E-01
  4.375000E+00  2.514388E+01  3.150447E-01
  4.425000E+00  2.303801E+01  3.392009E-01
  4.475000E+00  2.234044E+01  3.631579E-01
  4.525000E+00  2.306567E+01  3.884485E-01
  4.575000E+00  2.338918E+01  4.146637E-01
  4.625000E+00  2.317046E+01  4.412045E-01
  4.675000E+00  2.354045E+01  4.687553E-01
  4.725000E+00  2.339317E+01  4.967225E-01
  4.775000E+00  2.316851E+01  5.250103E-01
  4.825000E+00  2.209956E+01  5.525611E-01
  4.875000E+00  2.175365E+01  5.802456E-01
  4.925000E+00  2.114471E+01  6.077100E-01
  4.975000E+00  1.981407E+01  6.339712E-01
  5.025000E+00  1.895743E+01  6.596046E-01
  5.075000E+00  1.819711E+01  6.847021E-01
  5.125000E+00  1.818188E+01  7.102751E-01
  5.175000E+00  1.792048E+01  7.359746E-01
  5.225000E+00  1.779184E+01  7.619851E-01
  5.275000E+00  1.582297E+01  7.855620E-01
  5.325000E+00  1.499402E+01  8.083293E-01
  5.375000E+00  1.531001E+01  8.320151E-01
  5.425000E+00  1.456482E+01  8.549691E-01
  5.475000E+00  1.389513E+01  8.772733E-01
  5.525000E+00  1.386363E+01  8.999351E-01
  5.575000E+00  1.278842E+01  9.212195E-01
  5.625000E+00  1.331892E+01  9.437862E-01
  5.675000E+00  1.278312E+01  9.658319E-01
  5.725000E+00  1.254660E+01  9.878526E-01
  5.775000E+00  1.365618E+01  1.012241E+00
  5.825000E+00  1.276682E+01  1.035438E+00
  5.875000E+00  1.266899E+01  1.058854E+00
  5.925000E+00  1.296624E+01  1.083229E+00
  5.975000E+00  1.349813E+01  1.109034E+00
La      Zr      
  2.500000E-02  0.000000E+00  0.000000E+00
  7.500000E-02  0.000000E+00  0.000000E+00
  1.250000E-01  0.000000E+00  0.000000E+00
  1.750000E-01  0.000000E+00  0.000000E+00
  2.250000E-01  0.000000E+00  0.000000E+00
  2.750000E-01  0.000000E+00  0.000000E+00
  3.250000E-01  0.000000E+00  0.000000E+00
  3.750000E-01  0.000000E+00  0.000000E+00
  4.250000E-01  0.000000E+00  0.000000E+00
  4.750000E-01  0.000000E+00  0.000000E+00
  5.250000E-01  0.000000E+00  0.000000E+00
  5.750000E-01  0.000000E+00  0.000000E+00
  6.250000E-01  0.000000E+00  0.000000E+00
  6.750000E-01  0.000000E+00  0.000000E+00
  7.250000E-01  0.000000E+00  0.000000E+00
  7.750000E-01  0.000000E+00  0.000000E+00
  8.250000E-01  0.000000E+00  0.000000E+00
  8.750000E-01  0.000000E+00  0.000000E+00
  9.250000E-01  0.000000E+00  0.000000E+00
  9.750000E-01  0.000000E+00  0.000000E+00
  1.025000E+00  0.000000E+00  0.000000E+00
  1.075000E+00  0.000000E+00  0.000000E+00
  1.125000E+00  0.000000E+00  0.000000E+00
  1.175000E+00  0.000000E+00  0.000000E+00
  1.225000E+00  0.000000E+00  0.000000E+00
  1.275000E+00  0.000000E+00  0.000000E+00
  1.325000E+00  0.000000E+00  0.000000E+00
  1.375000E+00  0.000000E+00  0.000000E+00
  1.425000E+00  0.000000E+00  0.000000E+00
  1.475000E+00  0.000000E+00  0.000000E+00
  1.525000E+00  0.000000E+00  0.000000E+00
  1.575000E+00  0.000000E+00  0.000000E+00
  1.625000E+00  0.000000E+00  0.000000E+00
  1.675000E+00  0.000000E+00  0.000000E+00
  1.725000E+00  0.000000E+00  0.000000E+00
  1.775000E+00  0.000000E+00  0.000000E+00
  1.825000E+00  1.081093E-03  1.285512E-07
  1.875000E+00  0.000000E+00  1.285512E-07
  1.925000E+00  0.000000E+00  1.285512E-07
  1.975000E+00  0.000000E+00  1.285512E-07
  2.025000E+00  0.000000E+00  1.285512E-07
  2.075000E+00  0.000000E+00  1.285512E-07
  2.125000E+00  0.000000E+00  1.285512E-07
  2.175000E+00  0.000000E+00  1.285512E-07
  2.225000E+00  0.000000E+00  1.285512E-07
  2.275000E+00  0.000000E+00  1.285512E-07
  2.325000E+00  6.661213E-04  2.571025E-07
  2.375000E+00  0.000000E+00  2.571025E-07
  2.425000E+00  0.000000E+00  2.571025E-07
  2.475000E+00  0.000000E+00  2.571025E-07
  2.525000E+00  0.000000E+00  2.571025E-07
  2.575000E+00  5.430600E-04  3.856537E-07
  2.625000E+00  5.225697E-04  5.142049E-07
  2.675000E+00  1.509653E-03  8.998586E-07
  2.725000E+00  2.909524E-03  1.671166E-06
  2.775000E+00  9.352080E-03  4.242191E-06
  2.825000E+00  9.475170E-03  6.941766E-06
  2.875000E+00  1.481181E-02  1.131251E-05
  2.925000E+00  2.272728E-02  1.825427E-05
  2.975000E+00  9.845713E-02  4.936367E-05
  3.025000E+00  2.872620E-01  1.432061E-04
  3.075000E+00  6.344409E-01  3.573724E-04
  3.125000E+00  1.432141E+00  8.566654E-04
  3.175000E+00  3.006251E+00  1.938553E-03
  3.225000E+00  5.004906E+00  3.796889E-03
  3.275000E+00  9.303638E+00  7.359301E-03
  3.325000E+00  1.366561E+01  1.275292E-02
  3.375000E+00  2.334623E+01  2.224656E-02
  3.425000E+00  3.365888E+01  3.634233E-02
  3.475000E+00  4.456360E+01  5.555367E-02
  3.525000E+00  5.416147E+01  7.957938E-02
  3.575000E+00  5.904312E+01  1.065188E-01
  3.625000E+00  6.331554E+01  1.362214E-01
  3.675000E+00  6.686058E+01  1.684582E-01
  3.725000E+00  6.430647E+01  2.003129E-01
  3.775000E+00  6.138146E+01  2.315404E-01
  3.825000E+00  6.115540E+01  2.634826E-01
  3.875000E+00  6.209389E+01  2.967684E-01
  3.925000E+00  6.002365E+01  3.297800E-01
  3.975000E+00  5.799624E+01  3.624945E-01
  4.025000E+00  5.499042E+01  3.942988E-01
  4.075000E+00  5.588019E+01  4.274255E-01
  4.125000E+00  5.556160E+01  4.611766E-01
  4.175000E+00  5.376672E+01  4.946340E-01
  4.225000E+00  5.265197E+01  5.281872E-01
  4.275000E+00  4.984282E+01  5.607064E-01
  4.325000E+00  4.828433E+01  5.929500E-01
  4.375000E+00  4.472253E+01  6.235096E-01
  4.425000E+00  4.313368E+01  6.536610E-01
  4.475000E+00  3.979571E+01  6.821113E-01
  4.525000E+00  3.560592E+01  7.081383E-01
  4.575000E+00  3.304682E+01  7.328315E-01
  4.625000E+00  2.997569E+01  7.557221E-01
  4.675000E+00  2.704202E+01  7.768213E-01
  4.725000E+00  2.636951E+01  7.978383E-01
  4.775000E+00  2.586265E+01  8.188898E-01
  4.825000E+00  2.389869E+01  8.387523E-01
  4.875000E+00  2.220293E+01  8.575898E-01
  4.925000E+00  2.074756E+01  8.755555E-01
  4.975000E+00  1.981294E+01  8.930620E-01
  5.025000E+00  1.834366E+01  9.095976E-01
  5.075000E+00  1.754400E+01  9.257288E-01
  5.125000E+00  1.683676E+01  9.415161E-01
  5.175000E+00  1.605797E+01  9.568685E-01
  5.225000E+00  1.482936E+01  9.713215E-01
  5.275000E+00  1.465257E+01  9.858768E-01
  5.325000E+00  1.489797E+01  1.000958E+00
  5.375000E+00  1.461100E+01  1.016027E+00
  5.425000E+00  1.343175E+01  1.030140E+00
  5.475000E+00  1.337026E+01  1.044447E+00
  5.525000E+00  1.290641E+01  1.058512E+00
  5.575000E+00  1.376952E+01  1.073790E+00
  5.625000E+00  1.422345E+01  1.089857E+00
  5.675000E+00  1.484694E+01  1.106926E+00
  5.725000E+00  1.468531E+01  1.124109E+00
  5.775000E+00  1.560340E+01  1.142687E+00
  5.825000E+00  1.552251E+01  1.161489E+00
  5.875000E+00  1.445892E+01  1.179306E+00
  5.925000E+00  1.359781E+01  1.196347E+00
  5.975000E+00  1.509172E+01  1.215581E+00
La      O       
  2.500000E-02  0.000000E+00  0.000000E+00
  7.500000E-02  0.000000E+00  0.000000E+00
  1.250000E-01  0.000000E+00  0.000000E+00
  1.750000E-01  0.000000E+00  0.000000E+00
  2.250000E-01  1.180636E-02  1.285512E-07
  2.750000E-01  0.000000E+00  1.285512E-07
  3.250000E-01  1.134155E-02  3.856537E-07
  3.750000E-01  0.000000E+00  3.856537E-07
  4.250000E-01  0.000000E+00  3.856537E-07
  4.750000E-01  0.000000E+00  3.856537E-07
  5.250000E-01  2.175795E-03  5.142049E-07
  5.750000E-01  3.628152E-03  7.713074E-07
  6.250000E-01  4.606747E-03  1.156961E-06
  6.750000E-01  1.316614E-03  1.285512E-06
  7.250000E-01  0.000000E+00  1.285512E-06
  7.750000E-01  1.997748E-03  1.542615E-06
  8.250000E-01  1.763006E-03  1.799717E-06
  8.750000E-01  7.836650E-04  1.928268E-06
  9.250000E-01  0.000000E+00  1.928268E-06
  9.750000E-01  0.000000E+00  1.928268E-06
  1.025000E+00  0.000000E+00  1.928268E-06
  1.075000E+00  5.192416E-04  2.056820E-06
  1.125000E+00  2.370599E-03  2.699576E-06
  1.175000E+00  1.738535E-03  3.213781E-06
  1.225000E+00  2.399294E-03  3.985088E-06
  1.275000E+00  2.583966E-03  4.884947E-06
  1.325000E+00  2.392652E-03  5.784805E-06
  1.375000E+00  2.856630E-03  6.941766E-06
  1.425000E+00  3.546269E-03  8.484381E-06
  1.475000E+00  2.482456E-03  9.641342E-06
  1.525000E+00  2.064316E-03  1.066975E-05
  1.575000E+00  5.080266E-03  1.336933E-05
  1.625000E+00  5.908770E-03  1.671166E-05
  1.675000E+00  4.064026E-03  1.915413E-05
  1.725000E+00  8.873782E-03  2.481039E-05
  1.775000E+00  1.104758E-02  3.226636E-05
  1.825000E+00  1.333348E-02  4.177915E-05
  1.875000E+00  1.707011E-02  5.463427E-05
  1.925000E+00  2.720747E-02  7.623088E-05
  1.975000E+00  4.538678E-02  1.141535E-04
  2.025000E+00  8.268772E-02  1.867849E-04
  2.075000E+00  2.008498E-01  3.720273E-04
  2.125000E+00  1.164475E+00  1.498393E-03
  2.175000E+00  8.676256E+00  1.029027E-02
  2.225000E+00  2.532029E+01  3.714115E-02
  2.275000E+00  4.491952E+01  8.694087E-02
  2.325000E+00  6.852723E+01  1.662891E-01
  2.375000E+00  9.177839E+01  2.771798E-01
  2.425000E+00  1.130588E+02  4.195945E-01
  2.475000E+00  1.358068E+02  5.977907E-01
  2.525000E+00  1.623761E+02  8.195443E-01
  2.575000E+00  2.005233E+02  1.104347E+00
  2.625000E+00  2.014463E+02  1.401680E+00
  2.675000E+00  1.754877E+02  1.670659E+00
  2.725000E+00  1.425593E+02  1.897411E+00
  2.775000E+00  1.173057E+02  2.090906E+00
  2.825000E+00  9.500745E+01  2.253318E+00
  2.875000E+00  7.836967E+01  2.392072E+00
  2.925000E+00  6.673248E+01  2.514368E+00
  2.975000E+00  5.542519E+01  2.619443E+00
  3.025000E+00  4.801643E+01  2.713559E+00
  3.075000E+00  4.094720E+01  2.796494E+00
  3.125000E+00  3.654216E+01  2.872933E+00
  3.175000E+00  3.285753E+01  2.943881E+00
  3.225000E+00  3.078569E+01  3.012466E+00
  3.275000E+00  2.813400E+01  3.077102E+00
  3.325000E+00  2.694818E+01  3.140918E+00
  3.375000E+00  2.570074E+01  3.203625E+00
  3.425000E+00  2.448087E+01  3.265138E+00
  3.475000E+00  2.461119E+01  3.328797E+00
  3.525000E+00  2.486704E+01  3.394982E+00
  3.575000E+00  2.528242E+01  3.464196E+00
  3.625000E+00  2.543709E+01  3.535794E+00
  3.675000E+00  2.549209E+01  3.609540E+00
  3.725000E+00  2.632447E+01  3.687780E+00
  3.775000E+00  2.676395E+01  3.769476E+00
  3.825000E+00  2.665287E+01  3.853003E+00
  3.875000E+00  2.616386E+01  3.937155E+00
  3.925000E+00  2.684630E+01  4.025744E+00
  3.975000E+00  2.630854E+01  4.114784E+00
  4.025000E+00  2.630189E+01  4.206056E+00
  4.075000E+00  2.529470E+01  4.296027E+00
  4.125000E+00  2.553277E+01  4.389087E+00
  4.175000E+00  2.531139E+01  4.483590E+00
  4.225000E+00  2.444232E+01  4.577047E+00
  4.275000E+00  2.407289E+01  4.671283E+00
  4.325000E+00  2.429046E+01  4.768608E+00
  4.375000E+00  2.447041E+01  4.868934E+00
  4.425000E+00  2.449829E+01  4.971683E+00
  4.475000E+00  2.415889E+01  5.075312E+00
  4.525000E+00  2.293048E+01  5.175881E+00
  4.575000E+00  2.272158E+01  5.277749E+00
  4.625000E+00  2.256875E+01  5.381155E+00
  4.675000E+00  2.218897E+01  5.485031E+00
  4.725000E+00  2.194118E+01  5.589956E+00
  4.775000E+00  2.162657E+01  5.695577E+00
  4.825000E+00  2.091577E+01  5.799877E+00
  4.875000E+00  2.069836E+01  5.905243E+00
  4.925000E+00  2.060616E+01  6.012302E+00
  4.975000E+00  2.047921E+01  6.120874E+00
  5.025000E+00  2.027728E+01  6.230546E+00
  5.075000E+00  1.971620E+01  6.339316E+00
  5.125000E+00  1.956282E+01  6.449377E+00
  5.175000E+00  1.971554E+01  6.562473E+00
  5.225000E+00  1.976616E+01  6.678060E+00
  5.275000E+00  1.952363E+01  6.794424E+00
  5.325000E+00  1.988667E+01  6.915210E+00
  5.375000E+00  1.988101E+01  7.038240E+00
  5.425000E+00  2.025593E+01  7.165933E+00
  5.475000E+00  2.026383E+01  7.296041E+00
  5.525000E+00  1.983477E+01  7.425731E+00
  5.575000E+00  1.979157E+01  7.557491E+00
  5.625000E+00  1.899854E+01  7.686251E+00
  5.675000E+00  1.843938E+01  7.813452E+00
  5.725000E+00  1.814888E+01  7.940866E+00
  5.775000E+00  1.800055E+01  8.069455E+00
  5.825000E+00  1.792654E+01  8.199742E+00
  5.875000E+00  1.764373E+01  8.330185E+00
  5.925000E+00  1.759557E+01  8.462495E+00
  5.975000E+00  1.719732E+01  8.594003E+00
La      O_s     
  2.500000E-02  0.000000E+00  0.000000E+00
  7.500000E-02  0.000000E+00  0.000000E+00
  1.250000E-01  0.000000E+00  0.000000E+00
  1.750000E-01  0.000000E+00  0.000000E+00
  2.250000E-01  0.000000E+00  0.000000E+00
  2.750000E-01  0.000000E+00  0.000000E+00
  3.250000E-01  0.000000E+00  0.000000E+00
  3.750000E-01  0.000000E+00  0.000000E+00
  4.250000E-01  0.000000E+00  0.000000E+00
  4.750000E-01  0.000000E+00  0.000000E+00
  5.250000E-01  0.000000E+00  0.000000E+00
  5.750000E-01  0.000000E+00  0.000000E+00
  6.250000E-01  0.000000E+00  0.000000E+00
  6.750000E-01  0.000000E+00  0.000000E+00
  7.250000E-01  0.000000E+00  0.000000E+00
  7.750000E-01  9.988739E-04  1.285512E-07
  8.250000E-01  0.000000E+00  1.285512E-07
  8.750000E-01  0.000000E+00  1.285512E-07
  9.250000E-01  0.000000E+00  1.285512E-07
  9.750000E-01  0.000000E+00  1.285512E-07
  1.025000E+00  0.000000E+00  1.285512E-07
  1.075000E+00  5.192416E-04  2.571025E-07
  1.125000E+00  4.741199E-04  3.856537E-07
  1.175000E+00  4.346337E-04  5.142049E-07
  1.225000E+00  3.998824E-04  6.427561E-07
  1.275000E+00  1.107414E-03  1.028410E-06
  1.325000E+00  3.418074E-04  1.156961E-06
  1.375000E+00  0.000000E+00  1.156961E-06
  1.425000E+00  5.910448E-04  1.414064E-06
  1.475000E+00  8.274854E-04  1.799717E-06
  1.525000E+00  5.160789E-04  2.056820E-06
  1.575000E+00  1.935339E-03  3.085229E-06
  1.625000E+00  2.499864E-03  4.499293E-06
  1.675000E+00  1.283377E-03  5.270600E-06
  1.725000E+00  2.016769E-03  6.556113E-06
  1.775000E+00  2.857133E-03  8.484381E-06
  1.825000E+00  4.684736E-03  1.182671E-05
  1.875000E+00  1.058347E-02  1.979689E-05
  1.925000E+00  1.943390E-02  3.522304E-05
  1.975000E+00  4.554063E-02  7.327420E-05
  2.025000E+00  1.789860E-01  2.304924E-04
  2.075000E+00  6.813005E-01  8.588508E-04
  2.125000E+00  2.247747E+00  3.033038E-03
  2.175000E+00  8.205984E+00  1.134837E-02
  2.225000E+00  2.260828E+01  3.532331E-02
  2.275000E+00  4.927021E+01  8.994639E-02
  2.325000E+00  7.839204E+01  1.807172E-01
  2.375000E+00  1.054358E+02  3.081094E-01
  2.425000E+00  1.212671E+02  4.608637E-01
  2.475000E+00  1.315393E+02  6.334603E-01
  2.525000E+00  1.508679E+02  8.394974E-01
  2.575000E+00  1.749211E+02  1.087938E+00
  2.625000E+00  1.758024E+02  1.347420E+00
  2.675000E+00  1.660167E+02  1.601882E+00
  2.725000E+00  1.386884E+02  1.822478E+00
  2.775000E+00  1.197465E+02  2.019998E+00
  2.825000E+00  9.814486E+01  2.187773E+00
  2.875000E+00  8.113810E+01  2.331429E+00
  2.925000E+00  6.729743E+01  2.454760E+00
  2.975000E+00  5.776382E+01  2.564269E+00
  3.025000E+00  5.001080E+01  2.662294E+00
  3.075000E+00  4.405194E+01  2.751517E+00
  3.125000E+00  4.043667E+01  2.836103E+00
  3.175000E+00  3.666369E+01  2.915270E+00
  3.225000E+00  3.434659E+01  2.991788E+00
  3.275000E+00  3.275700E+01  3.067045E+00
  3.325000E+00  3.149047E+01  3.141618E+00
  3.375000E+00  3.108005E+01  3.217449E+00
  3.425000E+00  2.974039E+01  3.292178E+00
  3.475000E+00  2.909165E+01  3.367426E+00
  3.525000E+00  2.982644E+01  3.446811E+00
  3.575000E+00  3.105167E+01  3.531818E+00
  3.625000E+00  3.076412E+01  3.618410E+00
  3.675000E+00  2.929989E+01  3.703172E+00
  3.725000E+00  2.827098E+01  3.787198E+00
  3.775000E+00  2.817333E+01  3.873196E+00
  3.825000E+00  2.727596E+01  3.958675E+00
  3.875000E+00  2.780328E+01  4.048100E+00
  3.925000E+00  2.788188E+01  4.140106E+00
  3.975000E+00  2.632418E+01  4.229200E+00
  4.025000E+00  2.573536E+01  4.318506E+00
  4.075000E+00  2.616115E+01  4.411558E+00
  4.125000E+00  2.636011E+01  4.507634E+00
  4.175000E+00  2.534255E+01  4.602253E+00
  4.225000E+00  2.416767E+01  4.694660E+00
  4.275000E+00  2.447162E+01  4.790457E+00
  4.325000E+00  2.464033E+01  4.889184E+00
  4.375000E+00  2.431382E+01  4.988868E+00
  4.425000E+00  2.380345E+01  5.088703E+00
  4.475000E+00  2.364894E+01  5.190144E+00
  4.525000E+00  2.364970E+01  5.293868E+00
  4.575000E+00  2.372357E+01  5.400228E+00
  4.625000E+00  2.260690E+01  5.503809E+00
  4.675000E+00  2.240231E+01  5.608684E+00
  4.725000E+00  2.172215E+01  5.712561E+00
  4.775000E+00  2.085245E+01  5.814401E+00
  4.825000E+00  2.117851E+01  5.920011E+00
  4.875000E+00  2.067454E+01  6.025256E+00
  4.925000E+00  1.989253E+01  6.128608E+00
  4.975000E+00  2.016064E+01  6.235490E+00
  5.025000E+00  2.038769E+01  6.345760E+00
  5.075000E+00  2.007034E+01  6.456484E+00
  5.125000E+00  1.997299E+01  6.568852E+00
  5.175000E+00  2.022479E+01  6.684869E+00
  5.225000E+00  2.051001E+01  6.804806E+00
  5.275000E+00  2.027514E+01  6.925649E+00
  5.325000E+00  2.053128E+01  7.050350E+00
  5.375000E+00  2.033565E+01  7.176194E+00
  5.425000E+00  1.974615E+01  7.300673E+00
  5.475000E+00  2.020537E+01  7.430405E+00
  5.525000E+00  1.931286E+01  7.556683E+00
  5.575000E+00  1.871643E+01  7.681286E+00
  5.625000E+00  1.873623E+01  7.808267E+00
  5.675000E+00  1.863405E+01  7.936812E+00
  5.725000E+00  1.795686E+01  8.062877E+00
  5.775000E+00  1.757870E+01  8.188453E+00
  5.825000E+00  1.765155E+01  8.316741E+00
  5.875000E+00  1.706207E+01  8.442884E+00
  5.925000E+00  1.712217E+01  8.571635E+00
  5.975000E+00  1.679268E+01  8.700048E+00
Zr      Zr      
  2.500000E-02  0.000000E+00  0.000000E+00
  7.500000E-02  0.000000E+00  0.000000E+00
  1.250000E-01  0.000000E+00  0.000000E+00
  1.750000E-01  0.000000E+00  0.000000E+00
  2.250000E-01  0.000000E+00  0.000000E+00
  2.750000E-01  0.000000E+00  0.000000E+00
  3.250000E-01  0.000000E+00  0.000000E+00
  3.750000E-01  0.000000E+00  0.000000E+00
  4.250000E-01  0.000000E+00  0.000000E+00
  4.750000E-01  0.000000E+00  0.000000E+00
  5.250000E-01  0.000000E+00  0.000000E+00
  5.750000E-01  0.000000E+00  0.000000E+00
  6.250000E-01  0.000000E+00  0.000000E+00
  6.750000E-01  0.000000E+00  0.000000E+00
  7.250000E-01  0.000000E+00  0.000000E+00
  7.750000E-01  0.000000E+00  0.000000E+00
  8.250000E-01  0.000000E+00  0.000000E+00
  8.750000E-01  0.000000E+00  0.000000E+00
  9.250000E-01  0.000000E+00  0.000000E+00
  9.750000E-01  0.000000E+00  0.000000E+00
  1.025000E+00  0.000000E+00  0.000000E+00
  1.075000E+00  0.000000E+00  0.000000E+00
  1.125000E+00  0.000000E+00  0.000000E+00
  1.175000E+00  0.000000E+00  0.000000E+00
  1.225000E+00  0.000000E+00  0.000000E+00
  1.275000E+00  0.000000E+00  0.000000E+00
  1.325000E+00  0.000000E+00  0.000000E+00
  1.375000E+00  0.000000E+00  0.000000E+00
  1.425000E+00  0.000000E+00  0.000000E+00
  1.475000E+00  0.000000E+00  0.000000E+00
  1.525000E+00  0.000000E+00  0.000000E+00
  1.575000E+00  0.000000E+00  0.000000E+00
  1.625000E+00  0.000000E+00  0.000000E+00
  1.675000E+00  0.000000E+00  0.000000E+00
  1.725000E+00  0.000000E+00  0.000000E+00
  1.775000E+00  0.000000E+00  0.000000E+00
  1.825000E+00  0.000000E+00  0.000000E+00
  1.875000E+00  0.000000E+00  0.000000E+00
  1.925000E+00  0.000000E+00  0.000000E+00
  1.975000E+00  0.000000E+00  0.000000E+00
  2.025000E+00  0.000000E+00  0.000000E+00
  2.075000E+00  0.000000E+00  0.000000E+00
  2.125000E+00  0.000000E+00  0.000000E+00
  2.175000E+00  0.000000E+00  0.000000E+00
  2.225000E+00  0.000000E+00  0.000000E+00
  2.275000E+00  0.000000E+00  0.000000E+00
  2.325000E+00  0.000000E+00  0.000000E+00
  2.375000E+00  0.000000E+00  0.000000E+00
  2.425000E+00  0.000000E+00  0.000000E+00
  2.475000E+00  0.000000E+00  0.000000E+00
  2.525000E+00  0.000000E+00  0.000000E+00
  2.575000E+00  0.000000E+00  0.000000E+00
  2.625000E+00  0.000000E+00  0.000000E+00
  2.675000E+00  0.000000E+00  0.000000E+00
  2.725000E+00  0.000000E+00  0.000000E+00
  2.775000E+00  1.403514E-03  3.858466E-07
  2.825000E+00  1.354273E-03  7.716932E-07
  2.875000E+00  3.922735E-03  1.929233E-06
  2.925000E+00  2.147539E-02  8.488625E-06
  2.975000E+00  6.716344E-02  2.971019E-05
  3.025000E+00  1.594511E-01  8.179948E-05
  3.075000E+00  2.688388E+00  9.893107E-04
  3.125000E+00  8.987825E+00  4.122771E-03
  3.175000E+00  1.685858E+01  1.018982E-02
  3.225000E+00  1.271008E+01  1.490911E-02
  3.275000E+00  1.726260E+01  2.151905E-02
  3.325000E+00  2.053359E+01  2.962337E-02
  3.375000E+00  1.375078E+01  3.521506E-02
  3.425000E+00  1.959531E+01  4.342125E-02
  3.475000E+00  2.299689E+01  5.333519E-02
  3.525000E+00  3.017228E+01  6.671944E-02
  3.575000E+00  3.911342E+01  8.456561E-02
  3.625000E+00  3.585077E+01  1.013839E-01
  3.675000E+00  3.930254E+01  1.203336E-01
  3.725000E+00  3.584221E+01  1.380883E-01
  3.775000E+00  3.205115E+01  1.543942E-01
  3.825000E+00  3.020664E+01  1.701715E-01
  3.875000E+00  2.793788E+01  1.851477E-01
  3.925000E+00  2.670515E+01  1.998350E-01
  3.975000E+00  2.345877E+01  2.130676E-01
  4.025000E+00  1.909155E+01  2.241094E-01
  4.075000E+00  1.774855E+01  2.346310E-01
  4.125000E+00  1.647165E+01  2.446368E-01
  4.175000E+00  1.435633E+01  2.535703E-01
  4.225000E+00  1.356263E+01  2.622133E-01
  4.275000E+00  1.402669E+01  2.713648E-01
  4.325000E+00  1.249492E+01  2.797087E-01
  4.375000E+00  1.103701E+01  2.872505E-01
  4.425000E+00  9.514477E+00  2.939013E-01
  4.475000E+00  9.633358E+00  3.007883E-01
  4.525000E+00  9.318713E+00  3.076000E-01
  4.575000E+00  1.029503E+01  3.152926E-01
  4.625000E+00  8.187961E+00  3.215453E-01
  4.675000E+00  8.568611E+00  3.282308E-01
  4.725000E+00  8.226048E+00  3.347871E-01
  4.775000E+00  9.449268E+00  3.424786E-01
  4.825000E+00  9.520462E+00  3.503912E-01
  4.875000E+00  9.321626E+00  3.582999E-01
  4.925000E+00  9.142674E+00  3.662167E-01
  4.975000E+00  9.122272E+00  3.742770E-01
  5.025000E+00  8.907824E+00  3.823068E-01
  5.075000E+00  8.961452E+00  3.905466E-01
  5.125000E+00  1.037252E+01  4.002726E-01
  5.175000E+00  1.060408E+01  4.104108E-01
  5.225000E+00  1.013131E+01  4.202850E-01
  5.275000E+00  1.106543E+01  4.312770E-01
  5.325000E+00  9.433812E+00  4.408267E-01
  5.375000E+00  1.006157E+01  4.512040E-01
  5.425000E+00  1.084464E+01  4.625981E-01
  5.475000E+00  1.164371E+01  4.750582E-01
  5.525000E+00  1.262855E+01  4.888202E-01
  5.575000E+00  1.349114E+01  5.037895E-01
  5.625000E+00  1.449952E+01  5.201675E-01
  5.675000E+00  1.795821E+01  5.408146E-01
  5.725000E+00  1.418933E+01  5.574172E-01
  5.775000E+00  1.261403E+01  5.724355E-01
  5.825000E+00  1.209071E+01  5.870810E-01
  5.875000E+00  1.286027E+01  6.029274E-01
  5.925000E+00  1.247204E+01  6.185580E-01
  5.975000E+00  1.218364E+01  6.340860E-01
Zr      O       
  2.500000E-02  0.000000E+00  0.000000E+00
  7.500000E-02  0.000000E+00  0.000000E+00
  1.250000E-01  0.000000E+00  0.000000E+00
  1.750000E-01  0.000000E+00  0.000000E+00
  2.250000E-01  0.000000E+00  0.000000E+00
  2.750000E-01  1.187123E-02  1.928268E-07
  3.250000E-01  0.000000E+00  1.928268E-07
  3.750000E-01  6.392202E-03  3.856537E-07
  4.250000E-01  0.000000E+00  3.856537E-07
  4.750000E-01  3.986281E-03  5.784805E-07
  5.250000E-01  0.000000E+00  5.784805E-07
  5.750000E-01  0.000000E+00  5.784805E-07
  6.250000E-01  2.303374E-03  7.713074E-07
  6.750000E-01  1.974922E-03  9.641342E-07
  7.250000E-01  1.712016E-03  1.156961E-06
  7.750000E-01  0.000000E+00  1.156961E-06
  8.250000E-01  2.644510E-03  1.542615E-06
  8.750000E-01  4.701990E-03  2.313922E-06
  9.250000E-01  0.000000E+00  2.313922E-06
  9.750000E-01  2.840356E-03  2.892403E-06
  1.025000E+00  2.570061E-03  3.470883E-06
  1.075000E+00  0.000000E+00  3.470883E-06
  1.125000E+00  2.844719E-03  4.242191E-06
  1.175000E+00  6.519506E-04  4.435017E-06
  1.225000E+00  2.999118E-03  5.399152E-06
  1.275000E+00  1.107414E-03  5.784805E-06
  1.325000E+00  2.050844E-03  6.556113E-06
  1.375000E+00  3.808840E-03  8.098727E-06
  1.425000E+00  7.535821E-03  1.137678E-05
  1.475000E+00  8.688597E-03  1.542615E-05
  1.525000E+00  1.393413E-02  2.236791E-05
  1.575000E+00  1.596655E-02  3.085229E-05
  1.625000E+00  2.727124E-02  4.627844E-05
  1.675000E+00  4.395565E-02  7.269572E-05
  1.725000E+00  5.475527E-02  1.075974E-04
  1.775000E+00  1.297139E-01  1.951408E-04
  1.825000E+00  2.829761E-01  3.970305E-04
  1.875000E+00  1.152745E+00  1.265137E-03
  1.925000E+00  2.106805E+01  1.798843E-02
  1.975000E+00  9.918287E+01  1.008600E-01
  2.025000E+00  2.636398E+02  3.324366E-01
  2.075000E+00  7.478731E+02  1.022194E+00
  2.125000E+00  7.812284E+02  1.777856E+00
  2.175000E+00  5.212867E+02  2.306089E+00
  2.225000E+00  3.005136E+02  2.624769E+00
  2.275000E+00  1.711838E+02  2.814551E+00
  2.325000E+00  1.050497E+02  2.936188E+00
  2.375000E+00  6.800607E+01  3.018356E+00
  2.425000E+00  4.607954E+01  3.076401E+00
  2.475000E+00  3.406761E+01  3.121102E+00
  2.525000E+00  2.443434E+01  3.154471E+00
  2.575000E+00  1.951310E+01  3.182185E+00
  2.625000E+00  1.553404E+01  3.205114E+00
  2.675000E+00  1.365217E+01  3.226039E+00
  2.725000E+00  1.166234E+01  3.244589E+00
  2.775000E+00  1.064243E+01  3.262143E+00
  2.825000E+00  9.741377E+00  3.278796E+00
  2.875000E+00  9.583243E+00  3.295763E+00
  2.925000E+00  9.449391E+00  3.313080E+00
  2.975000E+00  8.968854E+00  3.330084E+00
  3.025000E+00  9.129816E+00  3.347979E+00
  3.075000E+00  9.615816E+00  3.367455E+00
  3.125000E+00  1.086597E+01  3.390184E+00
  3.175000E+00  1.115422E+01  3.414269E+00
  3.225000E+00  1.143164E+01  3.439737E+00
  3.275000E+00  1.226382E+01  3.467912E+00
  3.325000E+00  1.390581E+01  3.500843E+00
  3.375000E+00  1.705011E+01  3.542443E+00
  3.425000E+00  1.932053E+01  3.590989E+00
  3.475000E+00  2.078285E+01  3.644746E+00
  3.525000E+00  2.668596E+01  3.715773E+00
  3.575000E+00  2.715518E+01  3.790113E+00
  3.625000E+00  2.925462E+01  3.872456E+00
  3.675000E+00  2.941191E+01  3.957542E+00
  3.725000E+00  3.293774E+01  4.055438E+00
  3.775000E+00  3.381818E+01  4.158667E+00
  3.825000E+00  3.782729E+01  4.277212E+00
  3.875000E+00  3.889945E+01  4.402326E+00
  3.925000E+00  3.940760E+01  4.532366E+00
  3.975000E+00  3.673381E+01  4.656691E+00
  4.025000E+00  3.461987E+01  4.776827E+00
  4.075000E+00  3.299363E+01  4.894182E+00
  4.125000E+00  2.968969E+01  5.002393E+00
  4.175000E+00  2.615433E+01  5.100043E+00
  4.225000E+00  2.424752E+01  5.192755E+00
  4.275000E+00  2.242372E+01  5.280536E+00
  4.325000E+00  1.992278E+01  5.360361E+00
  4.375000E+00  1.853910E+01  5.436369E+00
  4.425000E+00  1.808306E+01  5.512212E+00
  4.475000E+00  1.709724E+01  5.585550E+00
  4.525000E+00  1.585449E+01  5.655085E+00
  4.575000E+00  1.603667E+01  5.726982E+00
  4.625000E+00  1.574260E+01  5.799112E+00
  4.675000E+00  1.555286E+01  5.871922E+00
  4.725000E+00  1.629339E+01  5.949838E+00
  4.775000E+00  1.621635E+01  6.029037E+00
  4.825000E+00  1.543709E+01  6.106016E+00
  4.875000E+00  1.624529E+01  6.188714E+00
  4.925000E+00  1.590108E+01  6.271328E+00
  4.975000E+00  1.682154E+01  6.360508E+00
  5.025000E+00  1.653683E+01  6.449949E+00
  5.075000E+00  1.657997E+01  6.541418E+00
  5.125000E+00  1.647479E+01  6.634105E+00
  5.175000E+00  1.593982E+01  6.725542E+00
  5.225000E+00  1.625482E+01  6.820596E+00
  5.275000E+00  1.667829E+01  6.920001E+00
  5.325000E+00  1.771768E+01  7.027613E+00
  5.375000E+00  1.742520E+01  7.135446E+00
  5.425000E+00  1.741672E+01  7.245240E+00
  5.475000E+00  1.775001E+01  7.359208E+00
  5.525000E+00  1.751631E+01  7.473739E+00
  5.575000E+00  1.777074E+01  7.592045E+00
  5.625000E+00  1.762906E+01  7.711524E+00
  5.675000E+00  1.771180E+01  7.833706E+00
  5.725000E+00  1.727075E+01  7.954954E+00
  5.775000E+00  1.662392E+01  8.073709E+00
  5.825000E+00  1.637629E+01  8.192730E+00
  5.875000E+00  1.638245E+01  8.313848E+00
  5.925000E+00  1.632791E+01  8.436626E+00
  5.975000E+00  1.590552E+01  8.558255E+00
Zr      O_s     
  2.500000E-02  0.000000E+00  0.000000E+00
  7.500000E-02  0.000000E+00  0.000000E+00
  1.250000E-01  0.000000E+00  0.000000E+00
  1.750000E-01  0.000000E+00  0.000000E+00
  2.250000E-01  0.000000E+00  0.000000E+00
  2.750000E-01  0.000000E+00  0.000000E+00
  3.250000E-01  0.000000E+00  0.000000E+00
  3.750000E-01  0.000000E+00  0.000000E+00
  4.250000E-01  0.000000E+00  0.000000E+00
  4.750000E-01  0.000000E+00  0.000000E+00
  5.250000E-01  0.000000E+00  0.000000E+00
  5.750000E-01  0.000000E+00  0.000000E+00
  6.250000E-01  0.000000E+00  0.000000E+00
  6.750000E-01  0.000000E+00  0.000000E+00
  7.250000E-01  0.000000E+00  0.000000E+00
  7.750000E-01  0.000000E+00  0.000000E+00
  8.250000E-01  0.000000E+00  0.000000E+00
  8.750000E-01  1.175497E-03  1.928268E-07
  9.250000E-01  0.000000E+00  1.928268E-07
  9.750000E-01  0.000000E+00  1.928268E-07
  1.025000E+00  0.000000E+00  1.928268E-07
  1.075000E+00  1.557725E-03  5.784805E-07
  1.125000E+00  7.111798E-04  7.713074E-07
  1.175000E+00  1.303901E-03  1.156961E-06
  1.225000E+00  1.799471E-03  1.735442E-06
  1.275000E+00  2.214828E-03  2.506749E-06
  1.325000E+00  5.127110E-04  2.699576E-06
  1.375000E+00  3.332735E-03  4.049364E-06
  1.425000E+00  6.205971E-03  6.748939E-06
  1.475000E+00  1.117105E-02  1.195526E-05
  1.525000E+00  2.012708E-02  2.198226E-05
  1.575000E+00  1.593026E-01  1.066332E-04
  1.625000E+00  3.854790E+00  2.287119E-03
  1.675000E+00  1.569409E+01  1.171924E-02
  1.725000E+00  1.663078E+01  2.231990E-02
  1.775000E+00  4.167672E+01  5.044736E-02
  1.825000E+00  1.469727E+02  1.553052E-01
  1.875000E+00  4.079810E+02  4.625467E-01
  1.925000E+00  4.690033E+02  8.348297E-01
  1.975000E+00  4.982194E+02  1.251114E+00
  2.025000E+00  4.564804E+02  1.652078E+00
  2.075000E+00  4.219948E+02  2.041281E+00
  2.125000E+00  3.468589E+02  2.376788E+00
  2.175000E+00  2.221703E+02  2.601919E+00
  2.225000E+00  1.469977E+02  2.757803E+00
  2.275000E+00  9.577342E+01  2.863981E+00
  2.325000E+00  7.644324E+01  2.952495E+00
  2.375000E+00  5.189312E+01  3.015195E+00
  2.425000E+00  3.836311E+01  3.063519E+00
  2.475000E+00  3.088614E+01  3.104046E+00
  2.525000E+00  2.372865E+01  3.136451E+00
  2.575000E+00  1.887351E+01  3.163257E+00
  2.625000E+00  1.650928E+01  3.187625E+00
  2.675000E+00  1.366034E+01  3.208563E+00
  2.725000E+00  1.319627E+01  3.229553E+00
  2.775000E+00  1.186580E+01  3.249125E+00
  2.825000E+00  1.160629E+01  3.268966E+00
  2.875000E+00  1.140825E+01  3.289164E+00
  2.925000E+00  1.164552E+01  3.310506E+00
  2.975000E+00  1.253040E+01  3.334261E+00
  3.025000E+00  1.291449E+01  3.359575E+00
  3.075000E+00  1.272604E+01  3.385350E+00
  3.125000E+00  1.418526E+01  3.415023E+00
  3.175000E+00  1.598607E+01  3.449541E+00
  3.225000E+00  1.735514E+01  3.488205E+00
  3.275000E+00  2.207516E+01  3.538921E+00
  3.325000E+00  2.421926E+01  3.596275E+00
  3.375000E+00  2.742197E+01  3.663181E+00
  3.425000E+00  2.736774E+01  3.731948E+00
  3.475000E+00  2.819036E+01  3.804865E+00
  3.525000E+00  2.940380E+01  3.883126E+00
  3.575000E+00  3.186272E+01  3.970353E+00
  3.625000E+00  3.653538E+01  4.073190E+00
  3.675000E+00  3.858161E+01  4.184802E+00
  3.725000E+00  3.880251E+01  4.300129E+00
  3.775000E+00  3.918933E+01  4.419754E+00
  3.825000E+00  3.758289E+01  4.537533E+00
  3.875000E+00  3.385530E+01  4.646423E+00
  3.925000E+00  3.268188E+01  4.754269E+00
  3.975000E+00  3.000861E+01  4.855833E+00
  4.025000E+00  2.865596E+01  4.955273E+00
  4.075000E+00  2.692422E+01  5.051040E+00
  4.125000E+00  2.391387E+01  5.138200E+00
  4.175000E+00  2.119733E+01  5.217342E+00
  4.225000E+00  2.068568E+01  5.296436E+00
  4.275000E+00  1.883807E+01  5.370179E+00
  4.325000E+00  1.733919E+01  5.439653E+00
  4.375000E+00  1.681650E+01  5.508598E+00
  4.425000E+00  1.647976E+01  5.577717E+00
  4.475000E+00  1.557048E+01  5.644506E+00
  4.525000E+00  1.530443E+01  5.711628E+00
  4.575000E+00  1.578854E+01  5.782413E+00
  4.625000E+00  1.572110E+01  5.854445E+00
  4.675000E+00  1.569851E+01  5.927936E+00
  4.725000E+00  1.661060E+01  6.007370E+00
  4.775000E+00  1.613241E+01  6.086158E+00
  4.825000E+00  1.638505E+01  6.167865E+00
  4.875000E+00  1.664719E+01  6.252608E+00
  4.925000E+00  1.659749E+01  6.338841E+00
  4.975000E+00  1.637511E+01  6.425654E+00
  5.025000E+00  1.655480E+01  6.515192E+00
  5.075000E+00  1.625509E+01  6.604868E+00
  5.125000E+00  1.634284E+01  6.696814E+00
  5.175000E+00  1.709805E+01  6.794894E+00
  5.225000E+00  1.742304E+01  6.896780E+00
  5.275000E+00  1.723851E+01  6.999524E+00
  5.325000E+00  1.765034E+01  7.106727E+00
  5.375000E+00  1.728124E+01  7.213669E+00
  5.425000E+00  1.702161E+01  7.320973E+00
  5.475000E+00  1.731061E+01  7.432119E+00
  5.525000E+00  1.687170E+01  7.542435E+00
  5.575000E+00  1.719041E+01  7.656878E+00
  5.625000E+00  1.708060E+01  7.772639E+00
  5.675000E+00  1.728728E+01  7.891893E+00
  5.725000E+00  1.674461E+01  8.009448E+00
  5.775000E+00  1.664459E+01  8.128351E+00
  5.825000E+00  1.649770E+01  8.248253E+00
  5.875000E+00  1.601230E+01  8.366635E+00
  5.925000E+00  1.571655E+01  8.484816E+00
  5.975000E+00  1.513933E+01  8.600586E+00
O       O       
  2.500000E-02  0.000000E+00  0.000000E+00
  7.500000E-02  0.000000E+00  0.000000E+00
  1.250000E-01  0.000000E+00  0.000000E+00
  1.750000E-01  0.000000E+00  0.000000E+00
  2.250000E-01  1.180735E-02  1.285619E-07
  2.750000E-01  3.957407E-03  1.928429E-07
  3.250000E-01  8.506868E-03  3.856858E-07
  3.750000E-01  4.261823E-03  5.142478E-07
  4.250000E-01  3.319116E-03  6.428097E-07
  4.750000E-01  2.657742E-03  7.713716E-07
  5.250000E-01  5.439941E-03  1.092776E-06
  5.750000E-01  4.535568E-03  1.414181E-06
  6.250000E-01  3.071421E-03  1.671305E-06
  6.750000E-01  3.291811E-03  1.992710E-06
  7.250000E-01  3.424318E-03  2.378396E-06
  7.750000E-01  3.995829E-03  2.892644E-06
  8.250000E-01  4.407883E-03  3.535453E-06
  8.750000E-01  4.310517E-03  4.242544E-06
  9.250000E-01  3.857220E-03  4.949635E-06
  9.750000E-01  3.156214E-03  5.592444E-06
  1.025000E+00  6.854066E-03  7.135188E-06
  1.075000E+00  6.491061E-03  8.742212E-06
  1.125000E+00  5.689913E-03  1.028496E-05
  1.175000E+00  6.302715E-03  1.214910E-05
  1.225000E+00  5.598820E-03  1.394897E-05
  1.275000E+00  6.645037E-03  1.626309E-05
  1.325000E+00  5.811209E-03  1.844864E-05
  1.375000E+00  6.824740E-03  2.121272E-05
  1.425000E+00  7.684223E-03  2.455533E-05
  1.475000E+00  8.551395E-03  2.854075E-05
  1.525000E+00  9.548256E-03  3.329754E-05
  1.575000E+00  1.028235E-02  3.876143E-05
  1.625000E+00  1.193216E-02  4.551093E-05
  1.675000E+00  1.454615E-02  5.425314E-05
  1.725000E+00  1.926175E-02  6.653080E-05
  1.775000E+00  2.228750E-02  8.157255E-05
  1.825000E+00  2.177683E-01  2.369397E-04
  1.875000E+00  1.171107E-01  3.251331E-04
  1.925000E+00  3.151794E-01  5.753147E-04
  1.975000E+00  6.460846E-01  1.115146E-03
  2.025000E+00  1.499627E+00  2.432392E-03
  2.075000E+00  2.670926E+00  4.895767E-03
  2.125000E+00  5.063069E+00  9.793142E-03
  2.175000E+00  1.135726E+01  2.130175E-02
  2.225000E+00  1.633773E+01  3.862708E-02
  2.275000E+00  2.459849E+01  6.589802E-02
  2.325000E+00  4.850033E+01  1.220570E-01
  2.375000E+00  1.623232E+02  3.181831E-01
  2.425000E+00  3.329645E+02  7.376023E-01
  2.475000E+00  2.277455E+02  1.036434E+00
  2.525000E+00  5.520451E+01  1.111826E+00
  2.575000E+00  9.020164E+00  1.124637E+00
  2.625000E+00  5.757586E+00  1.133135E+00
  2.675000E+00  6.097324E+00  1.142481E+00
  2.725000E+00  7.659598E+00  1.154664E+00
  2.775000E+00  9.761190E+00  1.170765E+00
  2.825000E+00  1.226167E+01  1.191726E+00
  2.875000E+00  1.477267E+01  1.217881E+00
  2.925000E+00  1.681664E+01  1.248700E+00
  2.975000E+00  1.945294E+01  1.285579E+00
  3.025000E+00  2.318575E+01  1.331024E+00
  3.075000E+00  2.841134E+01  1.388569E+00
  3.125000E+00  3.159707E+01  1.454664E+00
  3.175000E+00  3.448227E+01  1.529120E+00
  3.225000E+00  3.528021E+01  1.607718E+00
  3.275000E+00  3.797355E+01  1.694960E+00
  3.325000E+00  4.073650E+01  1.791429E+00
  3.375000E+00  4.462751E+01  1.900314E+00
  3.425000E+00  4.563867E+01  2.014990E+00
  3.475000E+00  4.611213E+01  2.134264E+00
  3.525000E+00  4.621802E+01  2.257276E+00
  3.575000E+00  4.452584E+01  2.379170E+00
  3.625000E+00  4.360826E+01  2.501915E+00
  3.675000E+00  4.319522E+01  2.626874E+00
  3.725000E+00  4.276384E+01  2.753975E+00
  3.775000E+00  4.085840E+01  2.878694E+00
  3.825000E+00  3.925361E+01  3.001710E+00
  3.875000E+00  3.787187E+01  3.123518E+00
  3.925000E+00  3.637637E+01  3.243555E+00
  3.975000E+00  3.502576E+01  3.362099E+00
  4.025000E+00  3.359022E+01  3.478662E+00
  4.075000E+00  3.260949E+01  3.594651E+00
  4.125000E+00  3.062943E+01  3.706287E+00
  4.175000E+00  2.781378E+01  3.810133E+00
  4.225000E+00  2.526744E+01  3.906745E+00
  4.275000E+00  2.384208E+01  4.000078E+00
  4.325000E+00  2.214830E+01  4.088820E+00
  4.375000E+00  2.126381E+01  4.175999E+00
  4.425000E+00  2.053982E+01  4.262146E+00
  4.475000E+00  2.046491E+01  4.349929E+00
  4.525000E+00  1.955840E+01  4.435709E+00
  4.575000E+00  1.881613E+01  4.520068E+00
  4.625000E+00  1.889015E+01  4.606619E+00
  4.675000E+00  1.839698E+01  4.692743E+00
  4.725000E+00  1.840657E+01  4.780765E+00
  4.775000E+00  1.786945E+01  4.868037E+00
  4.825000E+00  1.775611E+01  4.956581E+00
  4.875000E+00  1.791910E+01  5.047799E+00
  4.925000E+00  1.748429E+01  5.138639E+00
  4.975000E+00  1.743475E+01  5.231070E+00
  5.025000E+00  1.750566E+01  5.325751E+00
  5.075000E+00  1.758572E+01  5.422768E+00
  5.125000E+00  1.765812E+01  5.522113E+00
  5.175000E+00  1.790211E+01  5.624806E+00
  5.225000E+00  1.764547E+01  5.727992E+00
  5.275000E+00  1.728878E+01  5.831036E+00
  5.325000E+00  1.745234E+01  5.937037E+00
  5.375000E+00  1.747249E+01  6.045162E+00
  5.425000E+00  1.728363E+01  6.154117E+00
  5.475000E+00  1.702809E+01  6.263450E+00
  5.525000E+00  1.703743E+01  6.374849E+00
  5.575000E+00  1.735847E+01  6.490411E+00
  5.625000E+00  1.700329E+01  6.605649E+00
  5.675000E+00  1.654897E+01  6.719809E+00
  5.725000E+00  1.655086E+01  6.836004E+00
  5.775000E+00  1.616146E+01  6.951455E+00
  5.825000E+00  1.603323E+01  7.067982E+00
  5.875000E+00  1.533123E+01  7.181328E+00
  5.925000E+00  1.527983E+01  7.296226E+00
  5.975000E+00  1.480240E+01  7.409419E+00
O       O_s     
  2.500000E-02  1.266553E+05  2.260757E-02
  7.500000E-02  3.509796E+04  6.646166E-02
  1.250000E-01  4.060047E+04  2.041556E-01
  1.750000E-01  5.868663E+04  5.917444E-01
  2.250000E-01  2.655708E+04  8.809058E-01
  2.750000E-01  6.626271E+03  9.885377E-01
  3.250000E-01  4.911272E+02  9.996711E-01
  3.750000E-01  7.931658E+00  9.999104E-01
  4.250000E-01  9.143402E-01  9.999458E-01
  4.750000E-01  3.275394E-01  9.999616E-01
  5.250000E-01  1.370751E-01  9.999697E-01
  5.750000E-01  7.619119E-02  9.999751E-01
  6.250000E-01  3.992514E-02  9.999785E-01
  6.750000E-01  3.489028E-02  9.999819E-01
  7.250000E-01  1.769083E-02  9.999839E-01
  7.750000E-01  1.448367E-02  9.999857E-01
  8.250000E-01  9.916911E-03  9.999872E-01
  8.750000E-01  8.424399E-03  9.999886E-01
  9.250000E-01  6.135975E-03  9.999897E-01
  9.750000E-01  6.943093E-03  9.999911E-01
  1.025000E+00  6.996276E-03  9.999927E-01
  1.075000E+00  5.322227E-03  9.999940E-01
  1.125000E+00  4.267079E-03  9.999951E-01
  1.175000E+00  4.129021E-03  9.999964E-01
  1.225000E+00  3.498971E-03  9.999975E-01
  1.275000E+00  4.337371E-03  9.999990E-01
  1.325000E+00  5.383466E-03  1.000001E+00
  1.375000E+00  6.110014E-03  1.000004E+00
  1.425000E+00  5.836568E-03  1.000006E+00
  1.475000E+00  6.068226E-03  1.000009E+00
  1.525000E+00  7.805693E-03  1.000013E+00
  1.575000E+00  5.926976E-03  1.000016E+00
  1.625000E+00  7.499592E-03  1.000020E+00
  1.675000E+00  9.464902E-03  1.000026E+00
  1.725000E+00  3.655393E-02  1.000049E+00
  1.775000E+00  6.247599E-02  1.000091E+00
  1.825000E+00  1.373889E-01  1.000189E+00
  1.875000E+00  3.615023E-01  1.000462E+00
  1.925000E+00  1.409484E+00  1.001580E+00
  1.975000E+00  5.046086E+00  1.005797E+00
  2.025000E+00  1.425628E+01  1.018319E+00
  2.075000E+00  2.101473E+01  1.037701E+00
  2.125000E+00  1.121923E+01  1.048553E+00
  2.175000E+00  1.768774E+01  1.066476E+00
  2.225000E+00  8.883680E+01  1.160683E+00
  2.275000E+00  4.150365E+02  1.620811E+00
  2.325000E+00  3.748754E+02  2.054882E+00
  2.375000E+00  3.648874E+01  2.098969E+00
  2.425000E+00  1.054851E+01  2.112257E+00
  2.475000E+00  4.582198E+00  2.118269E+00
  2.525000E+00  3.923783E+00  2.123628E+00
  2.575000E+00  4.946100E+00  2.130653E+00
  2.625000E+00  6.650657E+00  2.140469E+00
  2.675000E+00  8.723758E+00  2.153840E+00
  2.725000E+00  1.111335E+01  2.171517E+00
  2.775000E+00  1.362070E+01  2.193984E+00
  2.825000E+00  1.675516E+01  2.222627E+00
  2.875000E+00  2.114987E+01  2.260073E+00
  2.925000E+00  2.455670E+01  2.305076E+00
  2.975000E+00  2.585274E+01  2.354088E+00
  3.025000E+00  2.865370E+01  2.410251E+00
  3.075000E+00  3.314711E+01  2.477387E+00
  3.125000E+00  3.617321E+01  2.553055E+00
  3.175000E+00  3.911770E+01  2.637521E+00
  3.225000E+00  4.280774E+01  2.732888E+00
  3.275000E+00  4.550693E+01  2.837437E+00
  3.325000E+00  4.647145E+01  2.947487E+00
  3.375000E+00  4.754212E+01  3.063484E+00
  3.425000E+00  4.706848E+01  3.181753E+00
  3.475000E+00  4.615850E+01  3.301146E+00
  3.525000E+00  4.609139E+01  3.423821E+00
  3.575000E+00  4.555891E+01  3.548544E+00
  3.625000E+00  4.321680E+01  3.670187E+00
  3.675000E+00  4.104289E+01  3.788920E+00
  3.725000E+00  3.987731E+01  3.907441E+00
  3.775000E+00  3.848950E+01  4.024929E+00
  3.825000E+00  3.706514E+01  4.141086E+00
  3.875000E+00  3.609404E+01  4.257177E+00
  3.925000E+00  3.463967E+01  4.371483E+00
  3.975000E+00  3.216736E+01  4.480353E+00
  4.025000E+00  3.003953E+01  4.584595E+00
  4.075000E+00  2.837788E+01  4.685532E+00
  4.125000E+00  2.576166E+01  4.779426E+00
  4.175000E+00  2.430795E+01  4.870183E+00
  4.225000E+00  2.254883E+01  4.956400E+00
  4.275000E+00  2.182832E+01  5.041849E+00
  4.325000E+00  2.135496E+01  5.127412E+00
  4.375000E+00  2.093609E+01  5.213248E+00
  4.425000E+00  2.020041E+01  5.297971E+00
  4.475000E+00  1.973920E+01  5.382642E+00
  4.525000E+00  1.943184E+01  5.467867E+00
  4.575000E+00  1.916214E+01  5.553777E+00
  4.625000E+00  1.923602E+01  5.641913E+00
  4.675000E+00  1.881743E+01  5.730005E+00
  4.725000E+00  1.885743E+01  5.820184E+00
  4.775000E+00  1.855115E+01  5.910785E+00
  4.825000E+00  1.863484E+01  6.003710E+00
  4.875000E+00  1.833182E+01  6.097029E+00
  4.925000E+00  1.821585E+01  6.191670E+00
  4.975000E+00  1.828263E+01  6.288596E+00
  5.025000E+00  1.832909E+01  6.387731E+00
  5.075000E+00  1.818801E+01  6.488071E+00
  5.125000E+00  1.820365E+01  6.590485E+00
  5.175000E+00  1.838177E+01  6.695929E+00
  5.225000E+00  1.859666E+01  6.804678E+00
  5.275000E+00  1.840030E+01  6.914347E+00
  5.325000E+00  1.814296E+01  7.024542E+00
  5.375000E+00  1.799381E+01  7.135893E+00
  5.425000E+00  1.763244E+01  7.247047E+00
  5.475000E+00  1.741721E+01  7.358878E+00
  5.525000E+00  1.718507E+01  7.471243E+00
  5.575000E+00  1.673824E+01  7.582676E+00
  5.625000E+00  1.664927E+01  7.695514E+00
  5.675000E+00  1.642564E+01  7.808824E+00
  5.725000E+00  1.601529E+01  7.921258E+00
  5.775000E+00  1.574183E+01  8.033712E+00
  5.825000E+00  1.553620E+01  8.146627E+00
  5.875000E+00  1.513159E+01  8.258497E+00
  5.925000E+00  1.470822E+01  8.369096E+00
  5.975000E+00  1.427293E+01  8.478241E+00
O_s     O_s     
  2.500000E-02  0.000000E+00  0.000000E+00
  7.500000E-02  0.000000E+00  0.000000E+00
  1.250000E-01  0.000000E+00  0.000000E+00
  1.750000E-01  0.000000E+00  0.000000E+00
  2.250000E-01  0.000000E+00  0.000000E+00
  2.750000E-01  0.000000E+00  0.000000E+00
  3.250000E-01  0.000000E+00  0.000000E+00
  3.750000E-01  2.130912E-03  6.428097E-08
  4.250000E-01  1.659558E-03  1.285619E-07
  4.750000E-01  0.000000E+00  1.285619E-07
  5.250000E-01  2.175976E-03  2.571239E-07
  5.750000E-01  0.000000E+00  2.571239E-07
  6.250000E-01  0.000000E+00  2.571239E-07
  6.750000E-01  0.000000E+00  2.571239E-07
  7.250000E-01  0.000000E+00  2.571239E-07
  7.750000E-01  4.994786E-04  3.214049E-07
  8.250000E-01  4.407883E-04  3.856858E-07
  8.750000E-01  3.918651E-04  4.499668E-07
  9.250000E-01  7.013127E-04  5.785287E-07
  9.750000E-01  6.312429E-04  7.070907E-07
  1.025000E+00  5.711722E-04  8.356526E-07
  1.075000E+00  7.789273E-04  1.028496E-06
  1.125000E+00  4.741594E-04  1.157057E-06
  1.175000E+00  4.346700E-04  1.285619E-06
  1.225000E+00  2.399494E-03  2.056991E-06
  1.275000E+00  2.768765E-03  3.021206E-06
  1.325000E+00  1.709179E-03  3.664015E-06
  1.375000E+00  2.539438E-03  4.692511E-06
  1.425000E+00  2.364376E-03  5.721006E-06
  1.475000E+00  2.206812E-03  6.749502E-06
  1.525000E+00  2.193518E-03  7.842278E-06
  1.575000E+00  4.112939E-03  1.002783E-05
  1.625000E+00  1.670503E-02  1.947713E-05
  1.675000E+00  8.781166E-02  7.225181E-05
  1.725000E+00  3.282565E-01  2.814864E-04
  1.775000E+00  1.582698E+00  1.349643E-03
  1.825000E+00  1.842651E+01  1.449607E-02
  1.875000E+00  9.550415E+00  2.168827E-02
  1.925000E+00  1.782497E+01  3.583728E-02
  1.975000E+00  8.814231E+00  4.320195E-02
  2.025000E+00  1.119129E+01  5.303219E-02
  2.075000E+00  7.592115E+01  1.230537E-01
  2.125000E+00  3.951589E+02  5.052806E-01
  2.175000E+00  4.816364E+02  9.933353E-01
  2.225000E+00  6.838623E+01  1.065855E+00
  2.275000E+00  2.492800E+01  1.093492E+00
  2.325000E+00  1.086101E+01  1.106068E+00
  2.375000E+00  5.627916E+00  1.112868E+00
  2.425000E+00  4.244126E+00  1.118214E+00
  2.475000E+00  4.481049E+00  1.124093E+00
  2.525000E+00  5.939953E+00  1.132205E+00
  2.575000E+00  8.306569E+00  1.144003E+00
  2.625000E+00  1.107979E+01  1.160357E+00
  2.675000E+00  1.620709E+01  1.185198E+00
  2.725000E+00  1.980331E+01  1.216697E+00
  2.775000E+00  2.021508E+01  1.250042E+00
  2.825000E+00  2.123115E+01  1.286336E+00
  2.875000E+00  2.452994E+01  1.329766E+00
  2.925000E+00  2.797049E+01  1.381026E+00
  2.975000E+00  3.213418E+01  1.441946E+00
  3.025000E+00  3.533384E+01  1.511203E+00
  3.075000E+00  4.094973E+01  1.594143E+00
  3.125000E+00  4.252193E+01  1.683090E+00
  3.175000E+00  4.756499E+01  1.785796E+00
  3.225000E+00  4.859395E+01  1.894054E+00
  3.275000E+00  4.859134E+01  2.005690E+00
  3.325000E+00  4.879731E+01  2.121247E+00
  3.375000E+00  4.855963E+01  2.239727E+00
  3.425000E+00  4.703332E+01  2.357907E+00
  3.475000E+00  4.536708E+01  2.475254E+00
  3.525000E+00  4.345384E+01  2.590909E+00
  3.575000E+00  4.301636E+01  2.708671E+00
  3.625000E+00  4.052642E+01  2.822741E+00
  3.675000E+00  3.941738E+01  2.936771E+00
  3.725000E+00  3.815219E+01  3.050165E+00
  3.775000E+00  3.601121E+01  3.160089E+00
  3.825000E+00  3.450186E+01  3.268213E+00
  3.875000E+00  3.300596E+01  3.374371E+00
  3.925000E+00  3.094178E+01  3.476475E+00
  3.975000E+00  2.801718E+01  3.571298E+00
  4.025000E+00  2.634337E+01  3.662714E+00
  4.075000E+00  2.462971E+01  3.750319E+00
  4.125000E+00  2.287161E+01  3.833680E+00
  4.175000E+00  2.273816E+01  3.918576E+00
  4.225000E+00  2.165277E+01  4.001367E+00
  4.275000E+00  2.088271E+01  4.083114E+00
  4.325000E+00  2.072891E+01  4.166169E+00
  4.375000E+00  2.022538E+01  4.249091E+00
  4.425000E+00  1.996058E+01  4.332809E+00
  4.475000E+00  1.991905E+01  4.418250E+00
  4.525000E+00  1.971622E+01  4.504723E+00
  4.575000E+00  1.960786E+01  4.592631E+00
  4.625000E+00  1.974195E+01  4.683085E+00
  4.675000E+00  1.947803E+01  4.774270E+00
  4.725000E+00  1.943275E+01  4.867200E+00
  4.775000E+00  1.929754E+01  4.961446E+00
  4.825000E+00  1.916152E+01  5.056998E+00
  4.875000E+00  1.892235E+01  5.153323E+00
  4.925000E+00  1.910966E+01  5.252607E+00
  4.975000E+00  1.944423E+01  5.355692E+00
  5.025000E+00  1.926704E+01  5.459900E+00
  5.075000E+00  1.905399E+01  5.565017E+00
  5.125000E+00  1.891083E+01  5.671410E+00
  5.175000E+00  1.899653E+01  5.780381E+00
  5.225000E+00  1.885536E+01  5.890642E+00
  5.275000E+00  1.834893E+01  6.000005E+00
  5.325000E+00  1.828812E+01  6.111081E+00
  5.375000E+00  1.805870E+01  6.222834E+00
  5.425000E+00  1.780788E+01  6.335094E+00
  5.475000E+00  1.771656E+01  6.448847E+00
  5.525000E+00  1.703641E+01  6.560240E+00
  5.575000E+00  1.667144E+01  6.671228E+00
  5.625000E+00  1.602974E+01  6.779867E+00
  5.675000E+00  1.601334E+01  6.890333E+00
  5.725000E+00  1.563947E+01  7.000129E+00
  5.775000E+00  1.513781E+01  7.108268E+00
  5.825000E+00  1.514421E+01  7.218334E+00
  5.875000E+00  1.456581E+01  7.326021E+00
  5.925000E+00  1.419251E+01  7.432742E+00
  5.975000E+00  1.400101E+01  7.539808E+00
