title: #Li56 La24 Zr16 O96                                                     
energy unitS: electron Volts
         0  0.000000E+00        52
 -1.165984E+05  3.000000E+02 -1.167994E+05  1.362317E+04 -1.304225E+05
  0.000000E+00  0.000000E+00  0.000000E+00  0.000000E+00 -1.165983E+05
  0.000000E+00  3.377908E+04 -9.662661E+04  1.304057E+05  0.000000E+00
  0.000000E+00  0.000000E+00  0.000000E+00  6.008194E+04  0.000000E+00
  0.000000E+00  0.000000E+00  9.000000E+01  9.000000E+01  9.000000E+01
  0.000000E+00 -2.928043E+02  0.000000E+00 -3.062579E+02 -4.759639E-02
 -1.519424E-02 -4.759639E-02 -3.061576E+02 -2.578879E-02 -1.519424E-02
 -2.578879E-02 -2.659975E+02  0.000000E+00  0.000000E+00  0.000000E+00
  0.000000E+00  0.000000E+00  3.970821E+01  0.000000E+00  0.000000E+00
  0.000000E+00  3.970821E+01  0.000000E+00  0.000000E+00  0.000000E+00
  3.810512E+01 -1.112570E+04
      1000  5.000000E-01        52
 -1.241465E+05  3.000000E+02 -1.243482E+05  2.450391E+04 -1.499268E+05
  0.000000E+00  0.000000E+00  0.000000E+00  0.000000E+00 -1.241472E+05
  0.000000E+00  6.447058E+02 -1.514006E+05  1.498959E+05  0.000000E+00
  0.000000E+00  0.000000E+00  0.000000E+00  5.808569E+04  9.997963E-03
  1.074675E+03  2.149349E+03  9.000000E+01  9.000000E+01  9.000000E+01
  0.000000E+00 -2.202562E+00  7.589856E-01 -1.790463E+01 -1.865799E-01
  2.179307E+00 -1.865799E-01 -1.734993E+01 -4.945351E+00  2.179307E+00
 -4.945351E+00  2.864687E+01  1.855419E+00  5.558057E-01  6.107072E-01
  1.217081E+00  1.242848E+00  3.926347E+01  0.000000E+00  0.000000E+00
  0.000000E+00  3.926347E+01  0.000000E+00  0.000000E+00  0.000000E+00
  3.767834E+01 -8.091021E+01
      2000  1.000000E+00        52
 -4.375556E+04  3.138169E+02 -1.233949E+05  2.318546E+04 -1.477832E+05
  0.000000E+00  0.000000E+00  0.000000E+00  0.000000E+00 -1.231846E+05
  0.000000E+00  1.080685E+04 -1.392540E+05  1.476551E+05  0.000000E+00
  0.000000E+00  0.000000E+00  0.000000E+00  8.231691E+04  2.564397E+01
  1.202864E+03  2.405728E+03  9.000000E+01  9.000000E+01  9.000000E+01
  0.000000E+00 -6.650389E+01  7.942910E+04 -7.176427E+01  8.703838E-02
  1.141297E+00  8.703838E-02 -7.102316E+01 -2.761516E-01  1.141297E+00
 -2.761516E-01 -5.672423E+01  3.153858E+00  1.195853E+00  9.231718E-01
  2.594209E+00  7.023940E+02  4.410238E+01  0.000000E+00  0.000000E+00
  0.000000E+00  4.410238E+01  0.000000E+00  0.000000E+00  0.000000E+00
  4.232189E+01 -3.462120E+03
      3000  1.500000E+00        52
 -4.428192E+04  3.010076E+02 -1.239129E+05  2.406923E+04 -1.492408E+05
  0.000000E+00  0.000000E+00  0.000000E+00  0.000000E+00 -1.237112E+05
  0.000000E+00  6.499151E+03 -1.451684E+05  1.491502E+05  0.000000E+00
  0.000000E+00  0.000000E+00  0.000000E+00  7.565319E+04  2.073037E+00
  1.258667E+03  2.517333E+03  9.000000E+01  9.000000E+01  9.000000E+01
  0.000000E+00 -4.246958E+01  7.942930E+04 -4.754633E+01 -4.160935E-01
  8.549709E-01 -4.160935E-01 -4.311552E+01 -2.887955E+00  8.549709E-01
 -2.887955E+00 -3.674690E+01  3.925353E+00  2.271720E+00  1.659958E+00
  3.611911E+00  7.028366E+02  4.287868E+01  0.000000E+00  0.000000E+00
  0.000000E+00  4.287868E+01  0.000000E+00  0.000000E+00  0.000000E+00
  4.114759E+01 -2.031942E+03
      4000  2.000000E+00        52
 -4.447048E+04  3.000000E+02 -1.241008E+05  2.443918E+04 -1.498181E+05
  0.000000E+00  0.000000E+00  0.000000E+00  0.000000E+00 -1.238998E+05
  0.000000E+00  4.623976E+03 -1.476760E+05  1.497438E+05  0.000000E+00
  0.000000E+00  0.000000E+00  0.000000E+00  7.152964E+04  9.972917E-03
  1.278092E+03  2.556185E+03  9.000000E+01  9.000000E+01  9.000000E+01
  0.000000E+00 -3.111036E+01  7.942933E+04 -3.415177E+01  1.301007E+00
  1.719597E+00  1.301007E+00 -3.319482E+01 -1.869089E+00  1.719597E+00
 -1.869089E+00 -2.598448E+01  4.259168E+00  2.584103E+00  1.933874E+00
  4.043629E+00  7.024775E+02  4.208503E+01  0.000000E+00  0.000000E+00
  0.000000E+00  4.208503E+01  0.000000E+00  0.000000E+00  0.000000E+00
  4.038599E+01 -1.407334E+03
      5000  2.500000E+00        52
 -4.460445E+04  3.001243E+02 -1.242347E+05  2.451557E+04 -1.500104E+05
  0.000000E+00  0.000000E+00  0.000000E+00  0.000000E+00 -1.240336E+05
