#Li56 La24 Zr16 O96                                                     
        15       120
Li      Li      
  2.500000E-02  0.000000E+00  0.000000E+00
  7.500000E-02  0.000000E+00  0.000000E+00
  1.250000E-01  0.000000E+00  0.000000E+00
  1.750000E-01  0.000000E+00  0.000000E+00
  2.250000E-01  0.000000E+00  0.000000E+00
  2.750000E-01  0.000000E+00  0.000000E+00
  3.250000E-01  0.000000E+00  0.000000E+00
  3.750000E-01  0.000000E+00  0.000000E+00
  4.250000E-01  0.000000E+00  0.000000E+00
  4.750000E-01  0.000000E+00  0.000000E+00
  5.250000E-01  0.000000E+00  0.000000E+00
  5.750000E-01  0.000000E+00  0.000000E+00
  6.250000E-01  0.000000E+00  0.000000E+00
  6.750000E-01  0.000000E+00  0.000000E+00
  7.250000E-01  0.000000E+00  0.000000E+00
  7.750000E-01  0.000000E+00  0.000000E+00
  8.250000E-01  0.000000E+00  0.000000E+00
  8.750000E-01  0.000000E+00  0.000000E+00
  9.250000E-01  0.000000E+00  0.000000E+00
  9.750000E-01  0.000000E+00  0.000000E+00
  1.025000E+00  0.000000E+00  0.000000E+00
  1.075000E+00  9.485364E-04  1.310522E-05
  1.125000E+00  0.000000E+00  1.310522E-05
  1.175000E+00  1.587954E-03  3.931565E-05
  1.225000E+00  2.045384E-02  4.062617E-04
  1.275000E+00  5.394649E-02  1.454679E-03
  1.325000E+00  1.692136E-01  5.006192E-03
  1.375000E+00  3.629696E-01  1.321006E-02
  1.425000E+00  7.919633E-01  3.243541E-02
  1.475000E+00  1.864845E+00  8.093781E-02
  1.525000E+00  3.482080E+00  1.777460E-01
  1.575000E+00  5.019420E+00  3.265951E-01
  1.625000E+00  5.781836E+00  5.091114E-01
  1.675000E+00  5.675882E+00  6.994778E-01
  1.725000E+00  5.122481E+00  8.816927E-01
  1.775000E+00  4.418340E+00  1.048103E+00
  1.825000E+00  3.603884E+00  1.191592E+00
  1.875000E+00  2.883824E+00  1.312789E+00
  1.925000E+00  2.246051E+00  1.412284E+00
  1.975000E+00  1.736922E+00  1.493274E+00
  2.025000E+00  1.319898E+00  1.557974E+00
  2.075000E+00  1.017715E+00  1.610356E+00
  2.125000E+00  8.050555E-01  1.653813E+00
  2.175000E+00  6.565354E-01  1.690940E+00
  2.225000E+00  5.815213E-01  1.725354E+00
  2.275000E+00  5.117594E-01  1.757016E+00
  2.325000E+00  4.735583E-01  1.787617E+00
  2.375000E+00  4.132085E-01  1.815479E+00
  2.425000E+00  3.836681E-01  1.842449E+00
  2.475000E+00  3.908739E-01  1.871071E+00
  2.525000E+00  4.071871E-01  1.902104E+00
  2.575000E+00  5.924175E-01  1.949060E+00
  2.625000E+00  6.182730E-01  1.999987E+00
  2.675000E+00  6.453233E-01  2.055186E+00
  2.725000E+00  6.187592E-01  2.110110E+00
  2.775000E+00  5.899718E-01  2.164418E+00
  2.825000E+00  6.176284E-01  2.223339E+00
  2.875000E+00  6.806898E-01  2.290595E+00
  2.925000E+00  7.218162E-01  2.364417E+00
  2.975000E+00  7.531277E-01  2.444096E+00
  3.025000E+00  8.053545E-01  2.532190E+00
  3.075000E+00  8.212335E-01  2.625014E+00
  3.125000E+00  8.068403E-01  2.719201E+00
  3.175000E+00  8.376379E-01  2.820137E+00
  3.225000E+00  8.220912E-01  2.922345E+00
  3.275000E+00  8.092428E-01  3.026099E+00
  3.325000E+00  8.065077E-01  3.132684E+00
  3.375000E+00  7.932797E-01  3.240697E+00
  3.425000E+00  7.734653E-01  3.349156E+00
  3.475000E+00  7.625348E-01  3.459226E+00
  3.525000E+00  7.399094E-01  3.569127E+00
  3.575000E+00  7.384868E-01  3.681950E+00
  3.625000E+00  7.360264E-01  3.797564E+00
  3.675000E+00  7.779099E-01  3.923151E+00
  3.725000E+00  7.374931E-01  4.045475E+00
  3.775000E+00  7.654768E-01  4.175872E+00
  3.825000E+00  8.149845E-01  4.318404E+00
  3.875000E+00  7.601376E-01  4.454843E+00
  3.925000E+00  7.793947E-01  4.598371E+00
  3.975000E+00  7.956445E-01  4.748649E+00
  4.025000E+00  7.847297E-01  4.900617E+00
  4.075000E+00  8.077789E-01  5.060959E+00
  4.125000E+00  8.049386E-01  5.224682E+00
  4.175000E+00  8.026307E-01  5.391918E+00
  4.225000E+00  7.957225E-01  5.561709E+00
  4.275000E+00  8.136316E-01  5.739455E+00
  4.325000E+00  7.964521E-01  5.917542E+00
  4.375000E+00  8.077353E-01  6.102352E+00
  4.425000E+00  8.172443E-01  6.293635E+00
  4.475000E+00  8.255815E-01  6.491262E+00
  4.525000E+00  8.220015E-01  6.692453E+00
  4.575000E+00  8.343557E-01  6.901206E+00
  4.625000E+00  8.918580E-01  7.129250E+00
  4.675000E+00  8.406785E-01  7.348880E+00
  4.725000E+00  8.703687E-01  7.581157E+00
  4.775000E+00  9.291707E-01  7.834403E+00
  4.825000E+00  8.898106E-01  8.082026E+00
  4.875000E+00  9.338369E-01  8.347314E+00
  4.925000E+00  8.841462E-01  8.603666E+00
  4.975000E+00  9.035835E-01  8.870999E+00
  5.025000E+00  9.086162E-01  9.145252E+00
  5.075000E+00  9.063378E-01  9.424288E+00
  5.125000E+00  9.723458E-01  9.729574E+00
  5.175000E+00  9.208972E-01  1.002438E+01
  5.225000E+00  9.107459E-01  1.032159E+01
  5.275000E+00  9.156268E-01  1.062614E+01
  5.325000E+00  9.399606E-01  1.094474E+01
  5.375000E+00  9.472206E-01  1.127186E+01
  5.425000E+00  9.194104E-01  1.159531E+01
  5.475000E+00  9.144347E-01  1.192297E+01
  5.525000E+00  9.403750E-01  1.226610E+01
  5.575000E+00  9.199851E-01  1.260790E+01
  5.625000E+00  9.583108E-01  1.297035E+01
  5.675000E+00  9.634558E-01  1.334125E+01
  5.725000E+00  9.321832E-01  1.370647E+01
  5.775000E+00  9.393200E-01  1.408094E+01
  5.825000E+00  9.615849E-01  1.447095E+01
  5.875000E+00  9.858494E-01  1.487770E+01
  5.925000E+00  9.850520E-01  1.529106E+01
  5.975000E+00  1.011904E+00  1.572289E+01
Li      La      
  2.500000E-02  0.000000E+00  0.000000E+00
  7.500000E-02  0.000000E+00  0.000000E+00
  1.250000E-01  0.000000E+00  0.000000E+00
  1.750000E-01  0.000000E+00  0.000000E+00
  2.250000E-01  0.000000E+00  0.000000E+00
  2.750000E-01  0.000000E+00  0.000000E+00
  3.250000E-01  0.000000E+00  0.000000E+00
  3.750000E-01  0.000000E+00  0.000000E+00
  4.250000E-01  0.000000E+00  0.000000E+00
  4.750000E-01  0.000000E+00  0.000000E+00
  5.250000E-01  0.000000E+00  0.000000E+00
  5.750000E-01  0.000000E+00  0.000000E+00
  6.250000E-01  0.000000E+00  0.000000E+00
  6.750000E-01  0.000000E+00  0.000000E+00
  7.250000E-01  0.000000E+00  0.000000E+00
  7.750000E-01  0.000000E+00  0.000000E+00
  8.250000E-01  0.000000E+00  0.000000E+00
  8.750000E-01  0.000000E+00  0.000000E+00
  9.250000E-01  0.000000E+00  0.000000E+00
  9.750000E-01  0.000000E+00  0.000000E+00
  1.025000E+00  0.000000E+00  0.000000E+00
  1.075000E+00  0.000000E+00  0.000000E+00
  1.125000E+00  0.000000E+00  0.000000E+00
  1.175000E+00  0.000000E+00  0.000000E+00
  1.225000E+00  0.000000E+00  0.000000E+00
  1.275000E+00  0.000000E+00  0.000000E+00
  1.325000E+00  0.000000E+00  0.000000E+00
  1.375000E+00  0.000000E+00  0.000000E+00
  1.425000E+00  0.000000E+00  0.000000E+00
  1.475000E+00  0.000000E+00  0.000000E+00
  1.525000E+00  0.000000E+00  0.000000E+00
  1.575000E+00  0.000000E+00  0.000000E+00
  1.625000E+00  0.000000E+00  0.000000E+00
  1.675000E+00  0.000000E+00  0.000000E+00
  1.725000E+00  0.000000E+00  0.000000E+00
  1.775000E+00  0.000000E+00  0.000000E+00
  1.825000E+00  0.000000E+00  0.000000E+00
  1.875000E+00  0.000000E+00  0.000000E+00
  1.925000E+00  0.000000E+00  0.000000E+00
  1.975000E+00  0.000000E+00  0.000000E+00
  2.025000E+00  0.000000E+00  0.000000E+00
  2.075000E+00  2.968599E-04  6.548274E-06
  2.125000E+00  0.000000E+00  6.548274E-06
  2.175000E+00  2.701911E-04  1.309655E-05
  2.225000E+00  1.549108E-03  5.238619E-05
  2.275000E+00  5.433142E-03  1.964482E-04
  2.325000E+00  5.533016E-02  1.728744E-03
  2.375000E+00  2.846132E-01  9.953376E-03
  2.425000E+00  8.735501E-01  3.627089E-02
  2.475000E+00  1.637580E+00  8.766174E-02
  2.525000E+00  2.180223E+00  1.588742E-01
  2.575000E+00  2.339270E+00  2.383375E-01
  2.625000E+00  2.402743E+00  3.231573E-01
  2.675000E+00  2.435765E+00  4.124496E-01
  2.725000E+00  2.499540E+00  5.075371E-01
  2.775000E+00  2.614276E+00  6.106724E-01
  2.825000E+00  2.613850E+00  7.175402E-01
  2.875000E+00  2.610015E+00  8.280620E-01
  2.925000E+00  2.614923E+00  9.426764E-01
  2.975000E+00  2.485596E+00  1.055379E+00
  3.025000E+00  2.335384E+00  1.164859E+00
  3.075000E+00  2.320075E+00  1.277247E+00
  3.125000E+00  2.178759E+00  1.386250E+00
  3.175000E+00  2.002140E+00  1.489647E+00
  3.225000E+00  1.747715E+00  1.582770E+00
  3.275000E+00  1.634218E+00  1.672567E+00
  3.325000E+00  1.619431E+00  1.764288E+00
  3.375000E+00  1.528937E+00  1.853509E+00
  3.425000E+00  1.251224E+00  1.928702E+00
  3.475000E+00  1.179277E+00  2.001657E+00
  3.525000E+00  1.104707E+00  2.071979E+00
  3.575000E+00  1.048920E+00  2.140657E+00
  3.625000E+00  1.049365E+00  2.211300E+00
  3.675000E+00  9.740631E-01  2.278695E+00
  3.725000E+00  9.521428E-01  2.346377E+00
  3.775000E+00  8.886984E-01  2.411258E+00
  3.825000E+00  8.339030E-01  2.473761E+00
  3.875000E+00  7.908151E-01  2.534595E+00
  3.925000E+00  7.771013E-01  2.595926E+00
  3.975000E+00  7.736114E-01  2.658547E+00
  4.025000E+00  8.259933E-01  2.727101E+00
  4.075000E+00  8.391782E-01  2.798490E+00
  4.125000E+00  7.634443E-01  2.865040E+00
  4.175000E+00  7.724740E-01  2.934020E+00
  4.225000E+00  7.775709E-01  3.005127E+00
  4.275000E+00  7.876050E-01  3.078867E+00
  4.325000E+00  7.943732E-01  3.154991E+00
  4.375000E+00  7.840666E-01  3.231874E+00
  4.425000E+00  8.011766E-01  3.312241E+00
  4.475000E+00  8.636703E-01  3.400846E+00
  4.525000E+00  8.284585E-01  3.487748E+00
  4.575000E+00  8.213806E-01  3.575822E+00
  4.625000E+00  8.478171E-01  3.668729E+00
  4.675000E+00  9.177399E-01  3.771485E+00
  4.725000E+00  9.338596E-01  3.878294E+00
  4.775000E+00  8.983155E-01  3.983223E+00
  4.825000E+00  9.320087E-01  4.094380E+00
  4.875000E+00  9.522513E-01  4.210317E+00
  4.925000E+00  1.015855E+00  4.336549E+00
  4.975000E+00  9.847971E-01  4.461418E+00
  5.025000E+00  9.947078E-01  4.590091E+00
  5.075000E+00  9.916811E-01  4.720939E+00
  5.125000E+00  1.019290E+00  4.858092E+00
  5.175000E+00  1.034054E+00  4.999961E+00
  5.225000E+00  1.061928E+00  5.148482E+00
  5.275000E+00  1.157193E+00  5.313440E+00
  5.325000E+00  1.125106E+00  5.476878E+00
  5.375000E+00  1.159797E+00  5.648534E+00
  5.425000E+00  1.175911E+00  5.825829E+00
  5.475000E+00  1.183400E+00  6.007557E+00
  5.525000E+00  1.207470E+00  6.196383E+00
  5.575000E+00  1.178423E+00  6.384017E+00
  5.625000E+00  1.166091E+00  6.573033E+00
  5.675000E+00  1.177742E+00  6.767346E+00
  5.725000E+00  1.198404E+00  6.968568E+00
  5.775000E+00  1.211202E+00  7.175507E+00
  5.825000E+00  1.228773E+00  7.389098E+00
  5.875000E+00  1.194651E+00  7.600339E+00
  5.925000E+00  1.175266E+00  7.811704E+00
  5.975000E+00  1.187508E+00  8.028891E+00
Li      Zr      
  2.500000E-02  0.000000E+00  0.000000E+00
  7.500000E-02  0.000000E+00  0.000000E+00
  1.250000E-01  0.000000E+00  0.000000E+00
  1.750000E-01  0.000000E+00  0.000000E+00
  2.250000E-01  0.000000E+00  0.000000E+00
  2.750000E-01  0.000000E+00  0.000000E+00
  3.250000E-01  0.000000E+00  0.000000E+00
  3.750000E-01  0.000000E+00  0.000000E+00
  4.250000E-01  0.000000E+00  0.000000E+00
  4.750000E-01  0.000000E+00  0.000000E+00
  5.250000E-01  0.000000E+00  0.000000E+00
  5.750000E-01  0.000000E+00  0.000000E+00
  6.250000E-01  0.000000E+00  0.000000E+00
  6.750000E-01  0.000000E+00  0.000000E+00
  7.250000E-01  0.000000E+00  0.000000E+00
  7.750000E-01  0.000000E+00  0.000000E+00
  8.250000E-01  0.000000E+00  0.000000E+00
  8.750000E-01  0.000000E+00  0.000000E+00
  9.250000E-01  0.000000E+00  0.000000E+00
  9.750000E-01  0.000000E+00  0.000000E+00
  1.025000E+00  0.000000E+00  0.000000E+00
  1.075000E+00  0.000000E+00  0.000000E+00
  1.125000E+00  0.000000E+00  0.000000E+00
  1.175000E+00  0.000000E+00  0.000000E+00
  1.225000E+00  0.000000E+00  0.000000E+00
  1.275000E+00  0.000000E+00  0.000000E+00
  1.325000E+00  0.000000E+00  0.000000E+00
  1.375000E+00  0.000000E+00  0.000000E+00
  1.425000E+00  0.000000E+00  0.000000E+00
  1.475000E+00  0.000000E+00  0.000000E+00
  1.525000E+00  0.000000E+00  0.000000E+00
  1.575000E+00  0.000000E+00  0.000000E+00
  1.625000E+00  7.260373E-04  6.548274E-06
  1.675000E+00  0.000000E+00  6.548274E-06
  1.725000E+00  0.000000E+00  6.548274E-06
  1.775000E+00  0.000000E+00  6.548274E-06
  1.825000E+00  0.000000E+00  6.548274E-06
  1.875000E+00  0.000000E+00  6.548274E-06
  1.925000E+00  0.000000E+00  6.548274E-06
  1.975000E+00  9.830431E-04  1.964482E-05
  2.025000E+00  2.805298E-03  5.893446E-05
  2.075000E+00  2.137391E-02  3.732516E-04
  2.125000E+00  1.452072E-01  2.612761E-03
  2.175000E+00  3.359826E-01  8.041280E-03
  2.225000E+00  5.731699E-01  1.773273E-02
  2.275000E+00  7.249541E-01  3.054770E-02
  2.325000E+00  9.033712E-01  4.722615E-02
  2.375000E+00  1.295375E+00  7.218162E-02
  2.425000E+00  1.933047E+00  1.110063E-01
  2.475000E+00  2.790959E+00  1.693973E-01
  2.525000E+00  3.513919E+00  2.459139E-01
  2.575000E+00  4.050205E+00  3.376355E-01
  2.625000E+00  4.164501E+00  4.356436E-01
  2.675000E+00  4.081550E+00  5.353934E-01
  2.725000E+00  3.749051E+00  6.304744E-01
  2.775000E+00  3.355984E+00  7.187385E-01
  2.825000E+00  2.890370E+00  7.975208E-01
  2.875000E+00  2.470143E+00  8.672534E-01
  2.925000E+00  2.260251E+00  9.332993E-01
  2.975000E+00  1.726747E+00  9.854956E-01
  3.025000E+00  1.655889E+00  1.037247E+00
  3.075000E+00  1.261625E+00  1.077990E+00
  3.125000E+00  1.150308E+00  1.116356E+00
  3.175000E+00  1.141372E+00  1.155652E+00
  3.225000E+00  8.951802E-01  1.187451E+00
  3.275000E+00  7.822511E-01  1.216106E+00
  3.325000E+00  6.858907E-01  1.242005E+00
  3.375000E+00  6.606693E-01  1.267707E+00
  3.425000E+00  6.323679E-01  1.293042E+00
  3.475000E+00  6.160480E-01  1.318449E+00
  3.525000E+00  6.110399E-01  1.344380E+00
  3.575000E+00  5.865669E-01  1.369984E+00
  3.625000E+00  6.260882E-01  1.398083E+00
  3.675000E+00  7.695874E-01  1.433581E+00
  3.725000E+00  6.676791E-01  1.465222E+00
  3.775000E+00  6.908760E-01  1.498848E+00
  3.825000E+00  7.134261E-01  1.534496E+00
  3.875000E+00  7.431449E-01  1.572607E+00
  3.925000E+00  7.790926E-01  1.613599E+00
  3.975000E+00  8.182257E-01  1.657754E+00
  4.025000E+00  8.478483E-01  1.704666E+00
  4.075000E+00  8.865176E-01  1.754944E+00
  4.125000E+00  9.015524E-01  1.807337E+00
  4.175000E+00  9.949250E-01  1.866566E+00
  4.225000E+00  9.158782E-01  1.922403E+00
  4.275000E+00  9.459862E-01  1.981449E+00
  4.325000E+00  9.559128E-01  2.042518E+00
  4.375000E+00  9.645401E-01  2.105571E+00
  4.425000E+00  9.501120E-01  2.169109E+00
  4.475000E+00  9.293822E-01  2.232673E+00
  4.525000E+00  9.021214E-01  2.295759E+00
  4.575000E+00  9.626642E-01  2.364575E+00
  4.625000E+00  8.692694E-01  2.428080E+00
  4.675000E+00  8.413883E-01  2.490885E+00
  4.725000E+00  8.494395E-01  2.555654E+00
  4.775000E+00  8.411617E-01  2.621156E+00
  4.825000E+00  8.230776E-01  2.686600E+00
  4.875000E+00  8.471836E-01  2.755363E+00
  4.925000E+00  9.319606E-01  2.832567E+00
  4.975000E+00  8.829554E-01  2.907204E+00
  5.025000E+00  9.681316E-01  2.990695E+00
  5.075000E+00  9.246575E-01  3.072031E+00
  5.125000E+00  9.694815E-01  3.158999E+00
  5.175000E+00  9.849885E-01  3.249090E+00
  5.225000E+00  1.021920E+00  3.344374E+00
  5.275000E+00  1.039021E+00  3.443115E+00
  5.325000E+00  1.025010E+00  3.542380E+00
  5.375000E+00  1.035694E+00  3.644573E+00
  5.425000E+00  1.098386E+00  3.754977E+00
  5.475000E+00  1.062681E+00  3.863770E+00
  5.525000E+00  1.055782E+00  3.973840E+00
  5.575000E+00  1.077212E+00  4.088186E+00
  5.625000E+00  1.082446E+00  4.205157E+00
  5.675000E+00  1.084889E+00  4.324487E+00
  5.725000E+00  1.070994E+00  4.444372E+00
  5.775000E+00  1.136407E+00  4.573812E+00
  5.825000E+00  1.065956E+00  4.697339E+00
  5.875000E+00  1.067832E+00  4.823216E+00
  5.925000E+00  1.053872E+00  4.949572E+00
  5.975000E+00  1.064450E+00  5.079359E+00
Li      O       
  2.500000E-02  0.000000E+00  0.000000E+00
  7.500000E-02  0.000000E+00  0.000000E+00
  1.250000E-01  0.000000E+00  0.000000E+00
  1.750000E-01  0.000000E+00  0.000000E+00
  2.250000E-01  0.000000E+00  0.000000E+00
  2.750000E-01  0.000000E+00  0.000000E+00
  3.250000E-01  0.000000E+00  0.000000E+00
  3.750000E-01  0.000000E+00  0.000000E+00
  4.250000E-01  0.000000E+00  0.000000E+00
  4.750000E-01  0.000000E+00  0.000000E+00
  5.250000E-01  0.000000E+00  0.000000E+00
  5.750000E-01  0.000000E+00  0.000000E+00
  6.250000E-01  0.000000E+00  0.000000E+00
  6.750000E-01  0.000000E+00  0.000000E+00
  7.250000E-01  0.000000E+00  0.000000E+00
  7.750000E-01  0.000000E+00  0.000000E+00
  8.250000E-01  4.693620E-04  6.548274E-06
  8.750000E-01  4.172674E-04  1.309655E-05
  9.250000E-01  3.733873E-04  1.964482E-05
  9.750000E-01  9.074194E-03  1.964482E-04
  1.025000E+00  1.398855E-02  4.976688E-04
  1.075000E+00  5.888885E-02  1.892451E-03
  1.125000E+00  1.583860E+00  4.297632E-02
  1.175000E+00  1.877770E+01  5.743033E-01
  1.225000E+00  3.106884E+01  1.529814E+00
  1.275000E+00  1.087137E+01  1.892006E+00
  1.325000E+00  1.715690E+00  1.953736E+00
  1.375000E+00  3.309087E-01  1.966558E+00
  1.425000E+00  1.227352E-01  1.971666E+00
  1.475000E+00  6.946791E-02  1.974763E+00
  1.525000E+00  5.468311E-02  1.977369E+00
  1.575000E+00  4.753106E-02  1.979785E+00
  1.625000E+00  4.344123E-02  1.982136E+00
  1.675000E+00  3.701435E-02  1.984264E+00
  1.725000E+00  4.209458E-02  1.986831E+00
  1.775000E+00  4.310347E-02  1.989614E+00
  1.825000E+00  4.883302E-02  1.992948E+00
  1.875000E+00  1.303376E-01  2.002338E+00
  1.925000E+00  1.353825E-01  2.012619E+00
  1.975000E+00  1.396740E-01  2.023783E+00
  2.025000E+00  8.291215E-02  2.030751E+00
  2.075000E+00  2.256877E-01  2.050664E+00
  2.125000E+00  1.196615E-01  2.061737E+00
  2.175000E+00  1.509693E-01  2.076373E+00
  2.225000E+00  2.436617E-01  2.101092E+00
  2.275000E+00  2.522089E-01  2.127842E+00
  2.325000E+00  3.254785E-01  2.163897E+00
  2.375000E+00  4.947874E-01  2.221089E+00
  2.425000E+00  5.810445E-01  2.291110E+00
  2.475000E+00  7.954720E-01  2.390965E+00
  2.525000E+00  8.979012E-01  2.508277E+00
  2.575000E+00  9.862139E-01  2.642281E+00
  2.625000E+00  1.022599E+00  2.786677E+00
  2.675000E+00  1.033182E+00  2.938178E+00
  2.725000E+00  1.043555E+00  3.096973E+00
  2.775000E+00  1.036830E+00  3.260589E+00
  2.825000E+00  1.083498E+00  3.437785E+00
  2.875000E+00  1.032222E+00  3.612624E+00
  2.925000E+00  1.079068E+00  3.801810E+00
  2.975000E+00  1.048771E+00  3.992024E+00
  3.025000E+00  1.056433E+00  4.190123E+00
  3.075000E+00  1.049664E+00  4.393512E+00
  3.125000E+00  1.058588E+00  4.605355E+00
  3.175000E+00  1.056164E+00  4.823531E+00
  3.225000E+00  1.072858E+00  5.052190E+00
  3.275000E+00  1.070739E+00  5.287528E+00
  3.325000E+00  1.076585E+00  5.531432E+00
  3.375000E+00  1.084676E+00  5.784614E+00
  3.425000E+00  1.126707E+00  6.055457E+00
  3.475000E+00  1.135878E+00  6.336535E+00
  3.525000E+00  1.155987E+00  6.630880E+00
  3.575000E+00  1.146856E+00  6.931243E+00
  3.625000E+00  1.200598E+00  7.254538E+00
  3.675000E+00  1.195764E+00  7.585475E+00
  3.725000E+00  1.197617E+00  7.926005E+00
  3.775000E+00  1.220794E+00  8.282506E+00
  3.825000E+00  1.224077E+00  8.649497E+00
  3.875000E+00  1.213271E+00  9.022821E+00
  3.925000E+00  1.186312E+00  9.397330E+00
  3.975000E+00  1.166464E+00  9.775014E+00
  4.025000E+00  1.143581E+00  1.015466E+01
  4.075000E+00  1.140284E+00  1.054268E+01
  4.125000E+00  1.138162E+00  1.093954E+01
  4.175000E+00  1.109854E+00  1.133597E+01
  4.225000E+00  1.081324E+00  1.173151E+01
  4.275000E+00  1.067718E+00  1.213137E+01
  4.325000E+00  1.039877E+00  1.252997E+01
  4.375000E+00  1.021637E+00  1.293069E+01
  4.425000E+00  1.028807E+00  1.334349E+01
  4.475000E+00  1.016254E+00  1.376052E+01
  4.525000E+00  9.943874E-01  1.417775E+01
  4.575000E+00  1.024329E+00  1.461710E+01
  4.625000E+00  1.009621E+00  1.505965E+01
  4.675000E+00  1.032457E+00  1.552205E+01
  4.725000E+00  1.018967E+00  1.598822E+01
  4.775000E+00  1.004214E+00  1.645742E+01
  4.825000E+00  9.951354E-01  1.693216E+01
  4.875000E+00  9.793989E-01  1.740913E+01
  4.925000E+00  9.865555E-01  1.789949E+01
  4.975000E+00  9.736033E-01  1.839329E+01
  5.025000E+00  9.614243E-01  1.889076E+01
  5.075000E+00  9.693606E-01  1.940237E+01
  5.125000E+00  9.490665E-01  1.991319E+01
  5.175000E+00  9.664815E-01  2.044358E+01
  5.225000E+00  9.535040E-01  2.097701E+01
  5.275000E+00  9.404062E-01  2.151323E+01
  5.325000E+00  9.577308E-01  2.206973E+01
  5.375000E+00  9.254726E-01  2.261763E+01
  5.425000E+00  9.369397E-01  2.318268E+01
  5.475000E+00  9.634210E-01  2.377447E+01
  5.525000E+00  9.444504E-01  2.436525E+01
  5.575000E+00  9.479533E-01  2.496900E+01
  5.625000E+00  9.536069E-01  2.558730E+01
  5.675000E+00  9.623182E-01  2.622238E+01
  5.725000E+00  9.542795E-01  2.686330E+01
  5.775000E+00  9.554380E-01  2.751627E+01
  5.825000E+00  9.596089E-01  2.818348E+01
  5.875000E+00  9.609725E-01  2.886317E+01
  5.925000E+00  9.646022E-01  2.955708E+01
  5.975000E+00  9.708138E-01  3.026730E+01
Li      O_s     
  2.500000E-02  0.000000E+00  0.000000E+00
  7.500000E-02  0.000000E+00  0.000000E+00
  1.250000E-01  0.000000E+00  0.000000E+00
  1.750000E-01  0.000000E+00  0.000000E+00
  2.250000E-01  0.000000E+00  0.000000E+00
  2.750000E-01  0.000000E+00  0.000000E+00
  3.250000E-01  0.000000E+00  0.000000E+00
  3.750000E-01  0.000000E+00  0.000000E+00
  4.250000E-01  0.000000E+00  0.000000E+00
  4.750000E-01  0.000000E+00  0.000000E+00
  5.250000E-01  0.000000E+00  0.000000E+00
  5.750000E-01  0.000000E+00  0.000000E+00
  6.250000E-01  0.000000E+00  0.000000E+00
  6.750000E-01  0.000000E+00  0.000000E+00
  7.250000E-01  0.000000E+00  0.000000E+00
  7.750000E-01  5.318567E-04  6.548274E-06
  8.250000E-01  2.816172E-03  4.583792E-05
  8.750000E-01  2.503604E-03  8.512756E-05
  9.250000E-01  6.347583E-03  1.964482E-04
  9.750000E-01  1.411541E-01  2.946723E-03
  1.025000E+00  1.836757E+00  4.249830E-02
  1.075000E+00  2.683922E+01  6.781851E-01
  1.125000E+00  3.449224E+01  1.572882E+00
  1.175000E+00  1.031547E+01  1.864765E+00
  1.225000E+00  2.227355E+00  1.933267E+00
  1.275000E+00  6.240457E-01  1.954057E+00
  1.325000E+00  2.431486E-01  1.962806E+00
  1.375000E+00  1.316536E-01  1.967907E+00
  1.425000E+00  8.701608E-02  1.971528E+00
  1.475000E+00  6.006844E-02  1.974206E+00
  1.525000E+00  4.904992E-02  1.976544E+00
  1.575000E+00  4.083291E-02  1.978620E+00
  1.625000E+00  3.630187E-02  1.980584E+00
  1.675000E+00  3.564767E-02  1.982634E+00
  1.725000E+00  3.414815E-02  1.984716E+00
  1.775000E+00  3.569981E-02  1.987021E+00
  1.825000E+00  3.991068E-02  1.989745E+00
  1.875000E+00  1.248841E-01  1.998743E+00
  1.925000E+00  1.302949E-01  2.008637E+00
  1.975000E+00  1.381995E-01  2.019684E+00
  2.025000E+00  8.984748E-02  2.027234E+00
  2.075000E+00  2.446125E-01  2.048817E+00
  2.125000E+00  1.587231E-01  2.063505E+00
  2.175000E+00  2.239209E-01  2.085213E+00
  2.225000E+00  3.953452E-01  2.125321E+00
  2.275000E+00  4.695346E-01  2.175120E+00
  2.325000E+00  6.435677E-01  2.246412E+00
  2.375000E+00  8.331055E-01  2.342710E+00
  2.425000E+00  8.844722E-01  2.449297E+00
  2.475000E+00  9.998043E-01  2.574801E+00
  2.525000E+00  1.005559E+00  2.706179E+00
  2.575000E+00  1.036141E+00  2.846967E+00
  2.625000E+00  1.055014E+00  2.995940E+00
  2.675000E+00  1.054617E+00  3.150584E+00
  2.725000E+00  1.043942E+00  3.309439E+00
  2.775000E+00  1.028656E+00  3.471764E+00
  2.825000E+00  1.052507E+00  3.643892E+00
  2.875000E+00  1.007480E+00  3.814540E+00
  2.925000E+00  1.034361E+00  3.995888E+00
  2.975000E+00  9.958416E-01  4.176502E+00
  3.025000E+00  9.935405E-01  4.362807E+00
  3.075000E+00  9.983975E-01  4.556263E+00
  3.125000E+00  1.011829E+00  4.758748E+00
  3.175000E+00  1.034164E+00  4.972379E+00
  3.225000E+00  1.039369E+00  5.193901E+00
  3.275000E+00  1.042972E+00  5.423136E+00
  3.325000E+00  1.050485E+00  5.661127E+00
  3.375000E+00  1.065880E+00  5.909922E+00
  3.425000E+00  1.100692E+00  6.174511E+00
  3.475000E+00  1.113332E+00  6.450010E+00
  3.525000E+00  1.135644E+00  6.739176E+00
  3.575000E+00  1.149306E+00  7.040180E+00
  3.625000E+00  1.210204E+00  7.366062E+00
  3.675000E+00  1.197420E+00  7.697457E+00
  3.725000E+00  1.177397E+00  8.032237E+00
  3.775000E+00  1.209381E+00  8.385405E+00
  3.825000E+00  1.187405E+00  8.741402E+00
  3.875000E+00  1.187095E+00  9.106671E+00
  3.925000E+00  1.152646E+00  9.470552E+00
  3.975000E+00  1.134753E+00  9.837970E+00
  4.025000E+00  1.122614E+00  1.021066E+01
  4.075000E+00  1.124812E+00  1.059341E+01
  4.125000E+00  1.105203E+00  1.097878E+01
  4.175000E+00  1.076598E+00  1.136332E+01
  4.225000E+00  1.049191E+00  1.174711E+01
  4.275000E+00  1.047016E+00  1.213922E+01
  4.325000E+00  1.016695E+00  1.252894E+01
  4.375000E+00  9.943742E-01  1.291896E+01
  4.425000E+00  1.013417E+00  1.332559E+01
  4.475000E+00  9.824880E-01  1.372876E+01
  4.525000E+00  9.674661E-01  1.413470E+01
  4.575000E+00  9.994584E-01  1.456337E+01
  4.625000E+00  9.905590E-01  1.499757E+01
  4.675000E+00  1.017573E+00  1.545330E+01
  4.725000E+00  9.931884E-01  1.590768E+01
  4.775000E+00  9.776974E-01  1.636449E+01
  4.825000E+00  9.763168E-01  1.683026E+01
  4.875000E+00  9.654957E-01  1.730045E+01
  4.925000E+00  9.699030E-01  1.778254E+01
  4.975000E+00  9.618027E-01  1.827035E+01
  5.025000E+00  9.440233E-01  1.875882E+01
  5.075000E+00  9.631322E-01  1.926714E+01
  5.125000E+00  9.440175E-01  1.977524E+01
  5.175000E+00  9.556111E-01  2.029967E+01
  5.225000E+00  9.467853E-01  2.082934E+01
  5.275000E+00  9.423240E-01  2.136665E+01
  5.325000E+00  9.624978E-01  2.192592E+01
  5.375000E+00  9.323746E-01  2.247791E+01
  5.425000E+00  9.385358E-01  2.304393E+01
  5.475000E+00  9.548926E-01  2.363047E+01
  5.525000E+00  9.431209E-01  2.422042E+01
  5.575000E+00  9.585741E-01  2.483094E+01
  5.625000E+00  9.565155E-01  2.545112E+01
  5.675000E+00  9.578333E-01  2.608324E+01
  5.725000E+00  9.518421E-01  2.672253E+01
  5.775000E+00  9.573543E-01  2.737680E+01
  5.825000E+00  9.618221E-01  2.804556E+01
  5.875000E+00  9.557786E-01  2.872157E+01
  5.925000E+00  9.683343E-01  2.941817E+01
  5.975000E+00  9.680927E-01  3.012639E+01
La      La      
  2.500000E-02  0.000000E+00  0.000000E+00
  7.500000E-02  0.000000E+00  0.000000E+00
  1.250000E-01  0.000000E+00  0.000000E+00
  1.750000E-01  0.000000E+00  0.000000E+00
  2.250000E-01  0.000000E+00  0.000000E+00
  2.750000E-01  0.000000E+00  0.000000E+00
  3.250000E-01  0.000000E+00  0.000000E+00
  3.750000E-01  0.000000E+00  0.000000E+00
  4.250000E-01  0.000000E+00  0.000000E+00
  4.750000E-01  0.000000E+00  0.000000E+00
  5.250000E-01  0.000000E+00  0.000000E+00
  5.750000E-01  0.000000E+00  0.000000E+00
  6.250000E-01  0.000000E+00  0.000000E+00
  6.750000E-01  0.000000E+00  0.000000E+00
  7.250000E-01  0.000000E+00  0.000000E+00
  7.750000E-01  0.000000E+00  0.000000E+00
  8.250000E-01  0.000000E+00  0.000000E+00
  8.750000E-01  0.000000E+00  0.000000E+00
  9.250000E-01  0.000000E+00  0.000000E+00
  9.750000E-01  0.000000E+00  0.000000E+00
  1.025000E+00  0.000000E+00  0.000000E+00
  1.075000E+00  0.000000E+00  0.000000E+00
  1.125000E+00  0.000000E+00  0.000000E+00
  1.175000E+00  0.000000E+00  0.000000E+00
  1.225000E+00  0.000000E+00  0.000000E+00
  1.275000E+00  0.000000E+00  0.000000E+00
  1.325000E+00  0.000000E+00  0.000000E+00
  1.375000E+00  0.000000E+00  0.000000E+00
  1.425000E+00  0.000000E+00  0.000000E+00
  1.475000E+00  0.000000E+00  0.000000E+00
  1.525000E+00  0.000000E+00  0.000000E+00
  1.575000E+00  0.000000E+00  0.000000E+00
  1.625000E+00  0.000000E+00  0.000000E+00
  1.675000E+00  0.000000E+00  0.000000E+00
  1.725000E+00  0.000000E+00  0.000000E+00
  1.775000E+00  0.000000E+00  0.000000E+00
  1.825000E+00  0.000000E+00  0.000000E+00
  1.875000E+00  0.000000E+00  0.000000E+00
  1.925000E+00  0.000000E+00  0.000000E+00
  1.975000E+00  0.000000E+00  0.000000E+00
  2.025000E+00  0.000000E+00  0.000000E+00
  2.075000E+00  0.000000E+00  0.000000E+00
  2.125000E+00  0.000000E+00  0.000000E+00
  2.175000E+00  0.000000E+00  0.000000E+00
  2.225000E+00  0.000000E+00  0.000000E+00
  2.275000E+00  0.000000E+00  0.000000E+00
  2.325000E+00  0.000000E+00  0.000000E+00
  2.375000E+00  0.000000E+00  0.000000E+00
  2.425000E+00  0.000000E+00  0.000000E+00
  2.475000E+00  0.000000E+00  0.000000E+00
  2.525000E+00  0.000000E+00  0.000000E+00
  2.575000E+00  0.000000E+00  0.000000E+00
  2.625000E+00  0.000000E+00  0.000000E+00
  2.675000E+00  0.000000E+00  0.000000E+00
  2.725000E+00  0.000000E+00  0.000000E+00
  2.775000E+00  0.000000E+00  0.000000E+00
  2.825000E+00  0.000000E+00  0.000000E+00
  2.875000E+00  0.000000E+00  0.000000E+00
  2.925000E+00  0.000000E+00  0.000000E+00
  2.975000E+00  0.000000E+00  0.000000E+00
  3.025000E+00  0.000000E+00  0.000000E+00
  3.075000E+00  0.000000E+00  0.000000E+00
  3.125000E+00  0.000000E+00  0.000000E+00
  3.175000E+00  1.185277E-03  6.121169E-05
  3.225000E+00  4.595238E-03  3.060584E-04
  3.275000E+00  7.797999E-03  7.345402E-04
  3.325000E+00  2.593797E-02  2.203621E-03
  3.375000E+00  4.615443E-02  4.896935E-03
  3.425000E+00  1.028747E-01  1.107932E-02
  3.475000E+00  2.003660E-01  2.347468E-02
  3.525000E+00  3.101133E-01  4.321545E-02
  3.575000E+00  5.389597E-01  7.850399E-02
  3.625000E+00  7.328723E-01  1.278406E-01
  3.675000E+00  9.864377E-01  1.960916E-01
  3.725000E+00  1.181008E+00  2.800435E-01
  3.775000E+00  1.417815E+00  3.835524E-01
  3.825000E+00  1.586792E+00  5.024867E-01
  3.875000E+00  1.903788E+00  6.489357E-01
  3.925000E+00  2.021570E+00  8.084839E-01
  3.975000E+00  2.024345E+00  9.723476E-01
  4.025000E+00  2.288551E+00  1.162287E+00
  4.075000E+00  1.725819E+00  1.309104E+00
  4.125000E+00  1.678617E+00  1.455430E+00
  4.175000E+00  1.585527E+00  1.597013E+00
  4.225000E+00  1.550565E+00  1.738810E+00
  4.275000E+00  1.443244E+00  1.873935E+00
  4.325000E+00  1.413900E+00  2.009427E+00
  4.375000E+00  1.370531E+00  2.143817E+00
  4.425000E+00  1.331191E+00  2.277350E+00
  4.475000E+00  1.272970E+00  2.407945E+00
  4.525000E+00  1.205605E+00  2.534409E+00
  4.575000E+00  1.165411E+00  2.659372E+00
  4.625000E+00  1.059913E+00  2.775521E+00
  4.675000E+00  9.985470E-01  2.887325E+00
  4.725000E+00  9.448791E-01  2.995394E+00
  4.775000E+00  8.798652E-01  3.098168E+00
  4.825000E+00  8.545390E-01  3.200086E+00
  4.875000E+00  8.046719E-01  3.298055E+00
  4.925000E+00  7.861997E-01  3.395749E+00
  4.975000E+00  7.683038E-01  3.493167E+00
  5.025000E+00  7.396043E-01  3.588841E+00
  5.075000E+00  7.459790E-01  3.687269E+00
  5.125000E+00  7.255806E-01  3.784902E+00
  5.175000E+00  7.464282E-01  3.887309E+00
  5.225000E+00  7.444655E-01  3.991430E+00
  5.275000E+00  7.317076E-01  4.095735E+00
  5.325000E+00  7.222451E-01  4.200652E+00
  5.375000E+00  7.285154E-01  4.308476E+00
  5.425000E+00  7.492516E-01  4.421442E+00
  5.475000E+00  7.607415E-01  4.538265E+00
  5.525000E+00  7.572118E-01  4.656679E+00
  5.575000E+00  7.719466E-01  4.779592E+00
  5.625000E+00  7.886835E-01  4.907433E+00
  5.675000E+00  8.277157E-01  5.043996E+00
  5.725000E+00  8.282678E-01  5.183069E+00
  5.775000E+00  8.661158E-01  5.331048E+00
  5.825000E+00  8.842364E-01  5.484751E+00
  5.875000E+00  9.301768E-01  5.649226E+00
  5.925000E+00  1.009674E+00  5.830811E+00
  5.975000E+00  1.210393E+00  6.052183E+00
La      Zr      
  2.500000E-02  0.000000E+00  0.000000E+00
  7.500000E-02  0.000000E+00  0.000000E+00
  1.250000E-01  0.000000E+00  0.000000E+00
  1.750000E-01  0.000000E+00  0.000000E+00
  2.250000E-01  0.000000E+00  0.000000E+00
  2.750000E-01  0.000000E+00  0.000000E+00
  3.250000E-01  0.000000E+00  0.000000E+00
  3.750000E-01  0.000000E+00  0.000000E+00
  4.250000E-01  0.000000E+00  0.000000E+00
  4.750000E-01  0.000000E+00  0.000000E+00
  5.250000E-01  0.000000E+00  0.000000E+00
  5.750000E-01  0.000000E+00  0.000000E+00
  6.250000E-01  0.000000E+00  0.000000E+00
  6.750000E-01  0.000000E+00  0.000000E+00
  7.250000E-01  0.000000E+00  0.000000E+00
  7.750000E-01  0.000000E+00  0.000000E+00
  8.250000E-01  0.000000E+00  0.000000E+00
  8.750000E-01  0.000000E+00  0.000000E+00
  9.250000E-01  0.000000E+00  0.000000E+00
  9.750000E-01  0.000000E+00  0.000000E+00
  1.025000E+00  0.000000E+00  0.000000E+00
  1.075000E+00  0.000000E+00  0.000000E+00
  1.125000E+00  0.000000E+00  0.000000E+00
  1.175000E+00  0.000000E+00  0.000000E+00
  1.225000E+00  0.000000E+00  0.000000E+00
  1.275000E+00  0.000000E+00  0.000000E+00
  1.325000E+00  0.000000E+00  0.000000E+00
  1.375000E+00  0.000000E+00  0.000000E+00
  1.425000E+00  0.000000E+00  0.000000E+00
  1.475000E+00  0.000000E+00  0.000000E+00
  1.525000E+00  0.000000E+00  0.000000E+00
  1.575000E+00  0.000000E+00  0.000000E+00
  1.625000E+00  0.000000E+00  0.000000E+00
  1.675000E+00  0.000000E+00  0.000000E+00
  1.725000E+00  0.000000E+00  0.000000E+00
  1.775000E+00  0.000000E+00  0.000000E+00
  1.825000E+00  0.000000E+00  0.000000E+00
  1.875000E+00  0.000000E+00  0.000000E+00
  1.925000E+00  0.000000E+00  0.000000E+00
  1.975000E+00  0.000000E+00  0.000000E+00
  2.025000E+00  0.000000E+00  0.000000E+00
  2.075000E+00  0.000000E+00  0.000000E+00
  2.125000E+00  0.000000E+00  0.000000E+00
  2.175000E+00  0.000000E+00  0.000000E+00
  2.225000E+00  0.000000E+00  0.000000E+00
  2.275000E+00  0.000000E+00  0.000000E+00
  2.325000E+00  0.000000E+00  0.000000E+00
  2.375000E+00  0.000000E+00  0.000000E+00
  2.425000E+00  0.000000E+00  0.000000E+00
  2.475000E+00  0.000000E+00  0.000000E+00
  2.525000E+00  0.000000E+00  0.000000E+00
  2.575000E+00  0.000000E+00  0.000000E+00
  2.625000E+00  0.000000E+00  0.000000E+00
  2.675000E+00  0.000000E+00  0.000000E+00
  2.725000E+00  0.000000E+00  0.000000E+00
  2.775000E+00  0.000000E+00  0.000000E+00
  2.825000E+00  0.000000E+00  0.000000E+00
  2.875000E+00  0.000000E+00  0.000000E+00
  2.925000E+00  0.000000E+00  0.000000E+00
  2.975000E+00  0.000000E+00  0.000000E+00
  3.025000E+00  4.888955E-04  1.527931E-05
  3.075000E+00  5.677513E-03  1.986310E-04
  3.125000E+00  2.565402E-02  1.054272E-03
  3.175000E+00  8.121409E-02  3.850385E-03
  3.225000E+00  1.914118E-01  1.064968E-02
  3.275000E+00  4.367092E-01  2.664711E-02
  3.325000E+00  7.838173E-01  5.624312E-02
  3.375000E+00  1.308265E+00  1.071385E-01
  3.425000E+00  2.034615E+00  1.886536E-01
  3.475000E+00  2.845994E+00  3.060292E-01
  3.525000E+00  3.736499E+00  4.645978E-01
  3.575000E+00  4.550519E+00  6.632288E-01
  3.625000E+00  4.543991E+00  8.671617E-01
  3.675000E+00  4.860425E+00  1.091355E+00
  3.725000E+00  3.764538E+00  1.269756E+00
  3.775000E+00  3.572553E+00  1.443635E+00
  3.825000E+00  3.378858E+00  1.612471E+00
  3.875000E+00  3.284181E+00  1.780895E+00
  3.925000E+00  3.068331E+00  1.942336E+00
  3.975000E+00  2.929619E+00  2.100431E+00
  4.025000E+00  2.812551E+00  2.256051E+00
  4.075000E+00  2.638616E+00  2.405696E+00
  4.125000E+00  2.339462E+00  2.541651E+00
  4.175000E+00  2.088444E+00  2.665979E+00
  4.225000E+00  1.854599E+00  2.779046E+00
  4.275000E+00  1.604620E+00  2.879202E+00
  4.325000E+00  1.413711E+00  2.969518E+00
  4.375000E+00  1.253966E+00  3.051491E+00
  4.425000E+00  1.072022E+00  3.123182E+00
  4.475000E+00  9.454352E-01  3.187844E+00
  4.525000E+00  8.896986E-01  3.250061E+00
  4.575000E+00  8.006782E-01  3.307297E+00
  4.625000E+00  7.393302E-01  3.361310E+00
  4.675000E+00  6.585070E-01  3.410463E+00
  4.725000E+00  6.354265E-01  3.458914E+00
  4.775000E+00  6.288601E-01  3.507884E+00
  4.825000E+00  5.957169E-01  3.555250E+00
  4.875000E+00  5.888307E-01  3.603044E+00
  4.925000E+00  5.832065E-01  3.651357E+00
  4.975000E+00  5.708198E-01  3.699609E+00
  5.025000E+00  5.759940E-01  3.749282E+00
  5.075000E+00  5.999616E-01  3.802057E+00
  5.125000E+00  6.198229E-01  3.857658E+00
  5.175000E+00  6.042284E-01  3.912923E+00
  5.225000E+00  6.158254E-01  3.970343E+00
  5.275000E+00  6.231783E-01  4.029565E+00
  5.325000E+00  6.287278E-01  4.090453E+00
  5.375000E+00  6.381449E-01  4.153420E+00
  5.425000E+00  6.518219E-01  4.218937E+00
  5.475000E+00  6.628057E-01  4.286793E+00
  5.525000E+00  6.949775E-01  4.359247E+00
  5.575000E+00  6.933631E-01  4.432847E+00
  5.625000E+00  7.441529E-01  4.513262E+00
  5.675000E+00  7.652705E-01  4.597436E+00
  5.725000E+00  8.775390E-01  4.695667E+00
  5.775000E+00  1.015601E+00  4.811346E+00
  5.825000E+00  9.207129E-01  4.918042E+00
  5.875000E+00  9.292166E-01  5.027579E+00
  5.925000E+00  8.433818E-01  5.128698E+00
  5.975000E+00  8.619073E-01  5.233789E+00
La      O       
  2.500000E-02  0.000000E+00  0.000000E+00
  7.500000E-02  0.000000E+00  0.000000E+00
  1.250000E-01  0.000000E+00  0.000000E+00
  1.750000E-01  0.000000E+00  0.000000E+00
  2.250000E-01  0.000000E+00  0.000000E+00
  2.750000E-01  0.000000E+00  0.000000E+00
  3.250000E-01  0.000000E+00  0.000000E+00
  3.750000E-01  0.000000E+00  0.000000E+00
  4.250000E-01  0.000000E+00  0.000000E+00
  4.750000E-01  0.000000E+00  0.000000E+00
  5.250000E-01  0.000000E+00  0.000000E+00
  5.750000E-01  0.000000E+00  0.000000E+00
  6.250000E-01  0.000000E+00  0.000000E+00
  6.750000E-01  0.000000E+00  0.000000E+00
  7.250000E-01  0.000000E+00  0.000000E+00
  7.750000E-01  0.000000E+00  0.000000E+00
  8.250000E-01  0.000000E+00  0.000000E+00
  8.750000E-01  0.000000E+00  0.000000E+00
  9.250000E-01  0.000000E+00  0.000000E+00
  9.750000E-01  0.000000E+00  0.000000E+00
  1.025000E+00  0.000000E+00  0.000000E+00
  1.075000E+00  0.000000E+00  0.000000E+00
  1.125000E+00  0.000000E+00  0.000000E+00
  1.175000E+00  0.000000E+00  0.000000E+00
  1.225000E+00  0.000000E+00  0.000000E+00
  1.275000E+00  0.000000E+00  0.000000E+00
  1.325000E+00  8.493216E-04  3.055861E-05
  1.375000E+00  0.000000E+00  3.055861E-05
  1.425000E+00  3.671565E-04  4.583792E-05
  1.475000E+00  0.000000E+00  4.583792E-05
  1.525000E+00  0.000000E+00  4.583792E-05
  1.575000E+00  0.000000E+00  4.583792E-05
  1.625000E+00  0.000000E+00  4.583792E-05
  1.675000E+00  0.000000E+00  4.583792E-05
  1.725000E+00  0.000000E+00  4.583792E-05
  1.775000E+00  2.366465E-04  6.111722E-05
  1.825000E+00  0.000000E+00  6.111722E-05
  1.875000E+00  0.000000E+00  6.111722E-05
  1.925000E+00  4.024108E-04  9.167583E-05
  1.975000E+00  5.734418E-04  1.375138E-04
  2.025000E+00  3.636498E-04  1.680724E-04
  2.075000E+00  8.658412E-04  2.444689E-04
  2.125000E+00  1.337435E-02  1.482093E-03
  2.175000E+00  1.601333E-01  1.700587E-02
  2.225000E+00  8.491262E-01  1.031506E-01
  2.275000E+00  2.652588E+00  3.844884E-01
  2.325000E+00  5.102768E+00  9.497464E-01
  2.375000E+00  6.670056E+00  1.720740E+00
  2.425000E+00  6.388718E+00  2.490634E+00
  2.475000E+00  5.558810E+00  3.188424E+00
  2.525000E+00  4.468305E+00  3.772216E+00
  2.575000E+00  3.243492E+00  4.212932E+00
  2.625000E+00  2.555515E+00  4.573784E+00
  2.675000E+00  1.844434E+00  4.844243E+00
  2.725000E+00  1.475637E+00  5.068787E+00
  2.775000E+00  1.168001E+00  5.253102E+00
  2.825000E+00  9.982786E-01  5.416361E+00
  2.875000E+00  8.623761E-01  5.562431E+00
  2.925000E+00  7.618579E-01  5.696003E+00
  2.975000E+00  6.939216E-01  5.821859E+00
  3.025000E+00  6.331197E-01  5.940579E+00
  3.075000E+00  5.958235E-01  6.056029E+00
  3.125000E+00  5.555317E-01  6.167201E+00
  3.175000E+00  5.437942E-01  6.279535E+00
  3.225000E+00  5.406127E-01  6.394756E+00
  3.275000E+00  5.350070E-01  6.512346E+00
  3.325000E+00  5.304357E-01  6.632517E+00
  3.375000E+00  5.503146E-01  6.760971E+00
  3.425000E+00  5.642386E-01  6.896605E+00
  3.475000E+00  5.747312E-01  7.038825E+00
  3.525000E+00  5.933465E-01  7.189906E+00
  3.575000E+00  6.213208E-01  7.352631E+00
  3.625000E+00  6.332377E-01  7.523148E+00
  3.675000E+00  6.547700E-01  7.704361E+00
  3.725000E+00  6.735824E-01  7.895887E+00
  3.775000E+00  7.001221E-01  8.100339E+00
  3.825000E+00  7.130257E-01  8.314112E+00
  3.875000E+00  7.436556E-01  8.542935E+00
  3.925000E+00  7.719226E-01  8.786624E+00
  3.975000E+00  7.962286E-01  9.044432E+00
  4.025000E+00  8.070378E-01  9.312355E+00
  4.075000E+00  8.347714E-01  9.596412E+00
  4.125000E+00  8.927008E-01  9.907682E+00
  4.175000E+00  9.150365E-01  1.023452E+01
  4.225000E+00  9.507742E-01  1.058231E+01
  4.275000E+00  9.254819E-01  1.092891E+01
  4.325000E+00  9.337444E-01  1.128682E+01
  4.375000E+00  9.099139E-01  1.164372E+01
  4.425000E+00  9.091545E-01  1.200851E+01
  4.475000E+00  9.208238E-01  1.238638E+01
  4.525000E+00  9.272428E-01  1.277544E+01
  4.575000E+00  9.842114E-01  1.319758E+01
  4.625000E+00  9.705757E-01  1.362301E+01
  4.675000E+00  1.024674E+00  1.408193E+01
  4.725000E+00  1.029888E+00  1.455310E+01
  4.775000E+00  1.054412E+00  1.504575E+01
  4.825000E+00  1.083308E+00  1.556255E+01
  4.875000E+00  1.176751E+00  1.613563E+01
  4.925000E+00  1.167120E+00  1.671574E+01
  4.975000E+00  1.165138E+00  1.730669E+01
  5.025000E+00  1.198910E+00  1.792704E+01
  5.075000E+00  1.255044E+00  1.858943E+01
  5.125000E+00  1.262583E+00  1.926899E+01
  5.175000E+00  1.276781E+00  1.996967E+01
  5.225000E+00  1.290671E+00  2.069172E+01
  5.275000E+00  1.291857E+00  2.142834E+01
  5.325000E+00  1.405631E+00  2.224510E+01
  5.375000E+00  1.373356E+00  2.305815E+01
  5.425000E+00  1.345421E+00  2.386956E+01
  5.475000E+00  1.302901E+00  2.466988E+01
  5.525000E+00  1.161667E+00  2.539653E+01
  5.575000E+00  1.142051E+00  2.612390E+01
  5.625000E+00  1.090920E+00  2.683122E+01
  5.675000E+00  1.076667E+00  2.754177E+01
  5.725000E+00  1.039743E+00  2.824010E+01
  5.775000E+00  1.025215E+00  2.894075E+01
  5.825000E+00  1.006438E+00  2.964052E+01
  5.875000E+00  9.855995E-01  3.033763E+01
  5.925000E+00  9.748336E-01  3.103890E+01
  5.975000E+00  9.789293E-01  3.175506E+01
La      O_s     
  2.500000E-02  0.000000E+00  0.000000E+00
  7.500000E-02  0.000000E+00  0.000000E+00
  1.250000E-01  0.000000E+00  0.000000E+00
  1.750000E-01  0.000000E+00  0.000000E+00
  2.250000E-01  0.000000E+00  0.000000E+00
  2.750000E-01  9.832531E-03  1.527931E-05
  3.250000E-01  0.000000E+00  1.527931E-05
  3.750000E-01  0.000000E+00  1.527931E-05
  4.250000E-01  0.000000E+00  1.527931E-05
  4.750000E-01  0.000000E+00  1.527931E-05
  5.250000E-01  0.000000E+00  1.527931E-05
  5.750000E-01  0.000000E+00  1.527931E-05
  6.250000E-01  0.000000E+00  1.527931E-05
  6.750000E-01  0.000000E+00  1.527931E-05
  7.250000E-01  0.000000E+00  1.527931E-05
  7.750000E-01  0.000000E+00  1.527931E-05
  8.250000E-01  0.000000E+00  1.527931E-05
  8.750000E-01  0.000000E+00  1.527931E-05
  9.250000E-01  0.000000E+00  1.527931E-05
  9.750000E-01  0.000000E+00  1.527931E-05
  1.025000E+00  0.000000E+00  1.527931E-05
  1.075000E+00  0.000000E+00  1.527931E-05
  1.125000E+00  0.000000E+00  1.527931E-05
  1.175000E+00  0.000000E+00  1.527931E-05
  1.225000E+00  0.000000E+00  1.527931E-05
  1.275000E+00  0.000000E+00  1.527931E-05
  1.325000E+00  0.000000E+00  1.527931E-05
  1.375000E+00  0.000000E+00  1.527931E-05
  1.425000E+00  0.000000E+00  1.527931E-05
  1.475000E+00  3.426888E-04  3.055861E-05
  1.525000E+00  0.000000E+00  3.055861E-05
  1.575000E+00  0.000000E+00  3.055861E-05
  1.625000E+00  0.000000E+00  3.055861E-05
  1.675000E+00  0.000000E+00  3.055861E-05
  1.725000E+00  2.505630E-04  4.583792E-05
  1.775000E+00  2.366465E-04  6.111722E-05
  1.825000E+00  0.000000E+00  6.111722E-05
  1.875000E+00  0.000000E+00  6.111722E-05
  1.925000E+00  2.012054E-04  7.639653E-05
  1.975000E+00  3.822945E-04  1.069551E-04
  2.025000E+00  5.454747E-04  1.527931E-04
  2.075000E+00  8.658412E-04  2.291896E-04
  2.125000E+00  2.311616E-03  4.430999E-04
  2.175000E+00  2.616350E-02  2.979465E-03
  2.225000E+00  2.691360E-01  3.028358E-02
  2.275000E+00  1.537415E+00  1.933443E-01
  2.325000E+00  3.712559E+00  6.046021E-01
  2.375000E+00  5.382177E+00  1.226730E+00
  2.425000E+00  6.156692E+00  1.968662E+00
  2.475000E+00  5.945513E+00  2.714995E+00
  2.525000E+00  4.966616E+00  3.363892E+00
  2.575000E+00  3.803715E+00  3.880730E+00
  2.625000E+00  3.037143E+00  4.309589E+00
  2.675000E+00  2.170995E+00  4.627934E+00
  2.725000E+00  1.676759E+00  4.883083E+00
  2.775000E+00  1.318951E+00  5.091217E+00
  2.825000E+00  1.106749E+00  5.272216E+00
  2.875000E+00  9.431111E-01  5.431961E+00
  2.925000E+00  8.455211E-01  5.580201E+00
  2.975000E+00  7.704155E-01  5.719930E+00
  3.025000E+00  7.005058E-01  5.851287E+00
  3.075000E+00  6.727853E-01  5.981650E+00
  3.125000E+00  6.323411E-01  6.108193E+00
  3.175000E+00  6.288545E-01  6.238097E+00
  3.225000E+00  6.198300E-01  6.370202E+00
  3.275000E+00  6.286472E-01  6.508373E+00
  3.325000E+00  6.236413E-01  6.649661E+00
  3.375000E+00  6.284073E-01  6.796342E+00
  3.425000E+00  6.439452E-01  6.951137E+00
  3.475000E+00  6.459860E-01  7.110989E+00
  3.525000E+00  6.595940E-01  7.278939E+00
  3.575000E+00  6.664176E-01  7.453475E+00
  3.625000E+00  6.827165E-01  7.637315E+00
  3.675000E+00  6.926429E-01  7.829009E+00
  3.725000E+00  7.042120E-01  8.029245E+00
  3.775000E+00  7.072379E-01  8.235775E+00
  3.825000E+00  7.373861E-01  8.456851E+00
  3.875000E+00  7.782662E-01  8.696324E+00
  3.925000E+00  7.737133E-01  8.940579E+00
  3.975000E+00  7.878761E-01  9.195682E+00
  4.025000E+00  8.061634E-01  9.463314E+00
  4.075000E+00  8.245337E-01  9.743888E+00
  4.125000E+00  8.873986E-01  1.005331E+01
  4.175000E+00  8.901832E-01  1.037127E+01
  4.225000E+00  9.371989E-01  1.071409E+01
  4.275000E+00  9.189949E-01  1.105826E+01
  4.325000E+00  9.405208E-01  1.141878E+01
  4.375000E+00  9.274047E-01  1.178253E+01
  4.425000E+00  9.221016E-01  1.215252E+01
  4.475000E+00  9.283078E-01  1.253346E+01
  4.525000E+00  9.369657E-01  1.292660E+01
  4.575000E+00  9.837483E-01  1.334854E+01
  4.625000E+00  9.779655E-01  1.377721E+01
  4.675000E+00  1.040197E+00  1.424308E+01
  4.725000E+00  1.030088E+00  1.471434E+01
  4.775000E+00  1.051861E+00  1.520580E+01
  4.825000E+00  1.086959E+00  1.572435E+01
  4.875000E+00  1.204518E+00  1.631095E+01
  4.925000E+00  1.216335E+00  1.691552E+01
  4.975000E+00  1.232378E+00  1.754057E+01
  5.025000E+00  1.257820E+00  1.819140E+01
  5.075000E+00  1.305649E+00  1.888050E+01
  5.125000E+00  1.305988E+00  1.958343E+01
  5.175000E+00  1.320271E+00  2.030797E+01
  5.225000E+00  1.323773E+00  2.104854E+01
  5.275000E+00  1.312731E+00  2.179706E+01
  5.325000E+00  1.376364E+00  2.259681E+01
  5.375000E+00  1.332011E+00  2.338539E+01
  5.425000E+00  1.285098E+00  2.416042E+01
  5.475000E+00  1.223526E+00  2.491198E+01
  5.525000E+00  1.111544E+00  2.560728E+01
  5.575000E+00  1.100956E+00  2.630847E+01
  5.625000E+00  1.038557E+00  2.698185E+01
  5.675000E+00  1.024435E+00  2.765793E+01
  5.725000E+00  1.008531E+00  2.833529E+01
  5.775000E+00  9.840329E-01  2.900779E+01
  5.825000E+00  9.652565E-01  2.967894E+01
  5.875000E+00  9.523962E-01  3.035255E+01
  5.925000E+00  9.429105E-01  3.103086E+01
  5.975000E+00  9.708884E-01  3.174114E+01
Zr      Zr      
  2.500000E-02  0.000000E+00  0.000000E+00
  7.500000E-02  0.000000E+00  0.000000E+00
  1.250000E-01  0.000000E+00  0.000000E+00
  1.750000E-01  0.000000E+00  0.000000E+00
  2.250000E-01  0.000000E+00  0.000000E+00
  2.750000E-01  0.000000E+00  0.000000E+00
  3.250000E-01  0.000000E+00  0.000000E+00
  3.750000E-01  0.000000E+00  0.000000E+00
  4.250000E-01  0.000000E+00  0.000000E+00
  4.750000E-01  0.000000E+00  0.000000E+00
  5.250000E-01  0.000000E+00  0.000000E+00
  5.750000E-01  0.000000E+00  0.000000E+00
  6.250000E-01  0.000000E+00  0.000000E+00
  6.750000E-01  0.000000E+00  0.000000E+00
  7.250000E-01  0.000000E+00  0.000000E+00
  7.750000E-01  0.000000E+00  0.000000E+00
  8.250000E-01  0.000000E+00  0.000000E+00
  8.750000E-01  0.000000E+00  0.000000E+00
  9.250000E-01  0.000000E+00  0.000000E+00
  9.750000E-01  0.000000E+00  0.000000E+00
  1.025000E+00  0.000000E+00  0.000000E+00
  1.075000E+00  0.000000E+00  0.000000E+00
  1.125000E+00  0.000000E+00  0.000000E+00
  1.175000E+00  0.000000E+00  0.000000E+00
  1.225000E+00  0.000000E+00  0.000000E+00
  1.275000E+00  0.000000E+00  0.000000E+00
  1.325000E+00  0.000000E+00  0.000000E+00
  1.375000E+00  0.000000E+00  0.000000E+00
  1.425000E+00  0.000000E+00  0.000000E+00
  1.475000E+00  0.000000E+00  0.000000E+00
  1.525000E+00  0.000000E+00  0.000000E+00
  1.575000E+00  0.000000E+00  0.000000E+00
  1.625000E+00  0.000000E+00  0.000000E+00
  1.675000E+00  0.000000E+00  0.000000E+00
  1.725000E+00  0.000000E+00  0.000000E+00
  1.775000E+00  0.000000E+00  0.000000E+00
  1.825000E+00  0.000000E+00  0.000000E+00
  1.875000E+00  0.000000E+00  0.000000E+00
  1.925000E+00  0.000000E+00  0.000000E+00
  1.975000E+00  0.000000E+00  0.000000E+00
  2.025000E+00  0.000000E+00  0.000000E+00
  2.075000E+00  0.000000E+00  0.000000E+00
  2.125000E+00  0.000000E+00  0.000000E+00
  2.175000E+00  0.000000E+00  0.000000E+00
  2.225000E+00  0.000000E+00  0.000000E+00
  2.275000E+00  0.000000E+00  0.000000E+00
  2.325000E+00  0.000000E+00  0.000000E+00
  2.375000E+00  0.000000E+00  0.000000E+00
  2.425000E+00  0.000000E+00  0.000000E+00
  2.475000E+00  0.000000E+00  0.000000E+00
  2.525000E+00  0.000000E+00  0.000000E+00
  2.575000E+00  0.000000E+00  0.000000E+00
  2.625000E+00  0.000000E+00  0.000000E+00
  2.675000E+00  0.000000E+00  0.000000E+00
  2.725000E+00  0.000000E+00  0.000000E+00
  2.775000E+00  0.000000E+00  0.000000E+00
  2.825000E+00  0.000000E+00  0.000000E+00
  2.875000E+00  0.000000E+00  0.000000E+00
  2.925000E+00  0.000000E+00  0.000000E+00
  2.975000E+00  0.000000E+00  0.000000E+00
  3.025000E+00  1.470090E-03  4.594427E-05
  3.075000E+00  7.113358E-03  2.756656E-04
  3.125000E+00  2.066267E-02  9.648297E-04
  3.175000E+00  4.136849E-02  2.389102E-03
  3.225000E+00  6.984416E-02  4.870093E-03
  3.275000E+00  1.103713E-01  8.913188E-03
  3.325000E+00  1.837342E-01  1.585077E-02
  3.375000E+00  1.653396E-01  2.228297E-02
  3.425000E+00  1.582540E-01  2.862328E-02
  3.475000E+00  1.826969E-01  3.615814E-02
  3.525000E+00  2.121949E-01  4.516322E-02
  3.575000E+00  2.094587E-01  5.430613E-02
  3.625000E+00  2.549065E-01  6.574625E-02
  3.675000E+00  2.908479E-01  7.916198E-02
  3.725000E+00  2.937569E-01  9.308309E-02
  3.775000E+00  3.124584E-01  1.082906E-01
  3.825000E+00  3.071014E-01  1.236360E-01
  3.875000E+00  2.857891E-01  1.382923E-01
  3.925000E+00  3.126096E-01  1.547403E-01
  3.975000E+00  2.877671E-01  1.702695E-01
  4.025000E+00  2.972693E-01  1.867175E-01
  4.075000E+00  3.005507E-01  2.037628E-01
  4.125000E+00  2.838218E-01  2.202568E-01
  4.175000E+00  2.894127E-01  2.374859E-01
  4.225000E+00  2.810961E-01  2.546231E-01
  4.275000E+00  2.995861E-01  2.733225E-01
  4.325000E+00  2.898227E-01  2.918380E-01
  4.375000E+00  3.464899E-01  3.144885E-01
  4.425000E+00  2.995434E-01  3.345202E-01
  4.475000E+00  3.567043E-01  3.589166E-01
  4.525000E+00  3.501790E-01  3.834049E-01
  4.575000E+00  3.817723E-01  4.106958E-01
  4.625000E+00  4.345651E-01  4.424433E-01
  4.675000E+00  4.764069E-01  4.780042E-01
  4.725000E+00  5.121718E-01  5.170568E-01
  4.775000E+00  5.498822E-01  5.598769E-01
  4.825000E+00  5.951729E-01  6.071995E-01
  4.875000E+00  6.639715E-01  6.610921E-01
  4.925000E+00  6.860535E-01  7.179252E-01
  4.975000E+00  7.832107E-01  7.841308E-01
  5.025000E+00  8.657293E-01  8.587903E-01
  5.075000E+00  8.806157E-01  9.362523E-01
  5.125000E+00  9.874618E-01  1.024833E+00
  5.175000E+00  1.002128E+00  1.116492E+00
  5.225000E+00  1.049562E+00  1.214353E+00
  5.275000E+00  1.133703E+00  1.322092E+00
  5.325000E+00  1.193638E+00  1.437688E+00
  5.375000E+00  1.267455E+00  1.562748E+00
  5.425000E+00  1.379955E+00  1.701454E+00
  5.475000E+00  1.478729E+00  1.852841E+00
  5.525000E+00  1.643347E+00  2.024167E+00
  5.575000E+00  2.123437E+00  2.249569E+00
  5.625000E+00  2.166211E+00  2.483655E+00
  5.675000E+00  2.343744E+00  2.741449E+00
  5.725000E+00  1.528893E+00  2.912591E+00
  5.775000E+00  1.485995E+00  3.081850E+00
  5.825000E+00  1.492312E+00  3.254784E+00
  5.875000E+00  1.440516E+00  3.424594E+00
  5.925000E+00  1.546211E+00  3.609979E+00
  5.975000E+00  1.510267E+00  3.794124E+00
Zr      O       
  2.500000E-02  0.000000E+00  0.000000E+00
  7.500000E-02  0.000000E+00  0.000000E+00
  1.250000E-01  0.000000E+00  0.000000E+00
  1.750000E-01  0.000000E+00  0.000000E+00
  2.250000E-01  0.000000E+00  0.000000E+00
  2.750000E-01  0.000000E+00  0.000000E+00
  3.250000E-01  0.000000E+00  0.000000E+00
  3.750000E-01  0.000000E+00  0.000000E+00
  4.250000E-01  0.000000E+00  0.000000E+00
  4.750000E-01  0.000000E+00  0.000000E+00
  5.250000E-01  0.000000E+00  0.000000E+00
  5.750000E-01  0.000000E+00  0.000000E+00
  6.250000E-01  0.000000E+00  0.000000E+00
  6.750000E-01  0.000000E+00  0.000000E+00
  7.250000E-01  0.000000E+00  0.000000E+00
  7.750000E-01  0.000000E+00  0.000000E+00
  8.250000E-01  0.000000E+00  0.000000E+00
  8.750000E-01  0.000000E+00  0.000000E+00
  9.250000E-01  0.000000E+00  0.000000E+00
  9.750000E-01  0.000000E+00  0.000000E+00
  1.025000E+00  0.000000E+00  0.000000E+00
  1.075000E+00  0.000000E+00  0.000000E+00
  1.125000E+00  0.000000E+00  0.000000E+00
  1.175000E+00  0.000000E+00  0.000000E+00
  1.225000E+00  0.000000E+00  0.000000E+00
  1.275000E+00  0.000000E+00  0.000000E+00
  1.325000E+00  0.000000E+00  0.000000E+00
  1.375000E+00  0.000000E+00  0.000000E+00
  1.425000E+00  0.000000E+00  0.000000E+00
  1.475000E+00  5.140331E-04  2.291896E-05
  1.525000E+00  4.808816E-04  4.583792E-05
  1.575000E+00  0.000000E+00  4.583792E-05
  1.625000E+00  4.235218E-04  6.875688E-05
  1.675000E+00  3.986161E-04  9.167583E-05
  1.725000E+00  3.758444E-04  1.145948E-04
  1.775000E+00  3.549697E-04  1.375138E-04
  1.825000E+00  1.678935E-03  2.521085E-04
  1.875000E+00  1.876897E-02  1.604327E-03
  1.925000E+00  9.971739E-01  7.732857E-02
  1.975000E+00  6.231592E+00  5.754492E-01
  2.025000E+00  1.291548E+01  1.660776E+00
  2.075000E+00  1.211121E+01  2.729396E+00
  2.125000E+00  8.860505E+00  3.549322E+00
  2.175000E+00  4.956487E+00  4.029818E+00
  2.225000E+00  2.756121E+00  4.309429E+00
  2.275000E+00  1.614199E+00  4.480633E+00
  2.325000E+00  1.023519E+00  4.594014E+00
  2.375000E+00  6.783074E-01  4.672419E+00
  2.425000E+00  5.038019E-01  4.733132E+00
  2.475000E+00  3.790346E-01  4.780711E+00
  2.525000E+00  3.297901E-01  4.823799E+00
  2.575000E+00  2.754449E-01  4.861226E+00
  2.625000E+00  2.596958E-01  4.897896E+00
  2.675000E+00  2.352302E-01  4.932389E+00
  2.725000E+00  2.358649E-01  4.968280E+00
  2.775000E+00  2.214873E-01  5.003232E+00
  2.825000E+00  2.239470E-01  5.039856E+00
  2.875000E+00  2.298918E-01  5.078795E+00
  2.925000E+00  2.358256E-01  5.120141E+00
  2.975000E+00  2.524806E-01  5.165933E+00
  3.025000E+00  2.668147E-01  5.215965E+00
  3.075000E+00  2.971232E-01  5.273538E+00
  3.125000E+00  3.261726E-01  5.338811E+00
  3.175000E+00  3.716765E-01  5.415589E+00
  3.225000E+00  4.259449E-01  5.506371E+00
  3.275000E+00  4.881174E-01  5.613655E+00
  3.325000E+00  5.499266E-01  5.738243E+00
  3.375000E+00  6.241852E-01  5.883938E+00
  3.425000E+00  6.550050E-01  6.041392E+00
  3.475000E+00  7.051077E-01  6.215874E+00
  3.525000E+00  7.204408E-01  6.399317E+00
  3.575000E+00  7.848770E-01  6.604877E+00
  3.625000E+00  8.227834E-01  6.826435E+00
  3.675000E+00  8.394693E-01  7.058764E+00
  3.725000E+00  8.907570E-01  7.312042E+00
  3.775000E+00  9.089919E-01  7.577489E+00
  3.825000E+00  9.156552E-01  7.852012E+00
  3.875000E+00  8.916568E-01  8.126375E+00
  3.925000E+00  9.225900E-01  8.417629E+00
  3.975000E+00  9.114182E-01  8.712734E+00
  4.025000E+00  9.658910E-01  9.033393E+00
  4.075000E+00  8.691887E-01  9.329162E+00
  4.125000E+00  7.946755E-01  9.606252E+00
  4.175000E+00  7.917968E-01  9.889072E+00
  4.225000E+00  8.051841E-01  1.018360E+01
  4.275000E+00  7.927631E-01  1.048050E+01
  4.325000E+00  8.058105E-01  1.078937E+01
  4.375000E+00  8.417229E-01  1.111952E+01
  4.425000E+00  8.986635E-01  1.148011E+01
  4.475000E+00  9.984373E-01  1.188983E+01
  4.525000E+00  9.762760E-01  1.229946E+01
  4.575000E+00  9.982828E-01  1.272763E+01
  4.625000E+00  1.145125E+00  1.322958E+01
  4.675000E+00  1.098655E+00  1.372163E+01
  4.725000E+00  1.162644E+00  1.425353E+01
  4.775000E+00  1.088831E+00  1.476226E+01
  4.825000E+00  1.091267E+00  1.528287E+01
  4.875000E+00  1.102599E+00  1.581983E+01
  4.925000E+00  1.114078E+00  1.637358E+01
  4.975000E+00  1.134590E+00  1.694903E+01
  5.025000E+00  1.152830E+00  1.754554E+01
  5.075000E+00  1.197274E+00  1.817744E+01
  5.125000E+00  1.128294E+00  1.878472E+01
  5.175000E+00  1.132364E+00  1.940615E+01
  5.225000E+00  1.116286E+00  2.003064E+01
  5.275000E+00  1.124285E+00  2.067171E+01
  5.325000E+00  1.126937E+00  2.132653E+01
  5.375000E+00  1.149776E+00  2.200722E+01
  5.425000E+00  1.155889E+00  2.270432E+01
  5.475000E+00  1.206027E+00  2.344513E+01
  5.525000E+00  1.178985E+00  2.418262E+01
  5.575000E+00  1.188124E+00  2.493933E+01
  5.625000E+00  1.143624E+00  2.568083E+01
  5.675000E+00  1.173639E+00  2.645538E+01
  5.725000E+00  1.146609E+00  2.722548E+01
  5.775000E+00  1.143876E+00  2.800722E+01
  5.825000E+00  1.146804E+00  2.880459E+01
  5.875000E+00  1.136408E+00  2.960836E+01
  5.925000E+00  1.142318E+00  3.043012E+01
  5.975000E+00  1.110436E+00  3.124248E+01
Zr      O_s     
  2.500000E-02  0.000000E+00  0.000000E+00
  7.500000E-02  0.000000E+00  0.000000E+00
  1.250000E-01  0.000000E+00  0.000000E+00
  1.750000E-01  0.000000E+00  0.000000E+00
  2.250000E-01  0.000000E+00  0.000000E+00
  2.750000E-01  0.000000E+00  0.000000E+00
  3.250000E-01  0.000000E+00  0.000000E+00
  3.750000E-01  0.000000E+00  0.000000E+00
  4.250000E-01  0.000000E+00  0.000000E+00
  4.750000E-01  0.000000E+00  0.000000E+00
  5.250000E-01  0.000000E+00  0.000000E+00
  5.750000E-01  0.000000E+00  0.000000E+00
  6.250000E-01  0.000000E+00  0.000000E+00
  6.750000E-01  0.000000E+00  0.000000E+00
  7.250000E-01  0.000000E+00  0.000000E+00
  7.750000E-01  0.000000E+00  0.000000E+00
  8.250000E-01  0.000000E+00  0.000000E+00
  8.750000E-01  0.000000E+00  0.000000E+00
  9.250000E-01  0.000000E+00  0.000000E+00
  9.750000E-01  0.000000E+00  0.000000E+00
  1.025000E+00  0.000000E+00  0.000000E+00
  1.075000E+00  0.000000E+00  0.000000E+00
  1.125000E+00  0.000000E+00  0.000000E+00
  1.175000E+00  8.099822E-04  2.291896E-05
  1.225000E+00  0.000000E+00  2.291896E-05
  1.275000E+00  0.000000E+00  2.291896E-05
  1.325000E+00  0.000000E+00  2.291896E-05
  1.375000E+00  0.000000E+00  2.291896E-05
  1.425000E+00  0.000000E+00  2.291896E-05
  1.475000E+00  5.140331E-04  4.583792E-05
  1.525000E+00  0.000000E+00  4.583792E-05
  1.575000E+00  9.016732E-04  9.167583E-05
  1.625000E+00  8.470435E-04  1.375138E-04
  1.675000E+00  9.168171E-03  6.646498E-04
  1.725000E+00  1.488344E-01  9.740557E-03
  1.775000E+00  1.715569E+00  1.205079E-01
  1.825000E+00  4.744334E+00  4.443298E-01
  1.875000E+00  7.773535E+00  1.004378E+00
  1.925000E+00  9.832002E+00  1.751008E+00
  1.975000E+00  8.899243E+00  2.462367E+00
  2.025000E+00  7.008804E+00  3.051338E+00
  2.075000E+00  5.188034E+00  3.509099E+00
  2.125000E+00  4.413039E+00  3.917469E+00
  2.175000E+00  2.611464E+00  4.170632E+00
  2.225000E+00  1.727997E+00  4.345939E+00
  2.275000E+00  1.187203E+00  4.471856E+00
  2.325000E+00  8.184843E-01  4.562523E+00
  2.375000E+00  5.960222E-01  4.631417E+00
  2.425000E+00  4.638629E-01  4.687317E+00
  2.475000E+00  3.742876E-01  4.734301E+00
  2.525000E+00  3.155811E-01  4.775532E+00
  2.575000E+00  2.810112E-01  4.813715E+00
  2.625000E+00  2.517426E-01  4.849262E+00
  2.675000E+00  2.380436E-01  4.884168E+00
  2.725000E+00  2.317983E-01  4.919440E+00
  2.775000E+00  2.367373E-01  4.956798E+00
  2.825000E+00  2.301133E-01  4.994431E+00
  2.875000E+00  2.554654E-01  5.037702E+00
  2.925000E+00  2.794873E-01  5.086702E+00
  2.975000E+00  2.949398E-01  5.140195E+00
  3.025000E+00  3.342823E-01  5.202879E+00
  3.075000E+00  3.910387E-01  5.278649E+00
  3.125000E+00  4.247802E-01  5.363655E+00
  3.175000E+00  4.819590E-01  5.463215E+00
  3.225000E+00  5.340173E-01  5.577031E+00
  3.275000E+00  5.846773E-01  5.705537E+00
  3.325000E+00  6.228657E-01  5.846649E+00
  3.375000E+00  6.543291E-01  5.999381E+00
  3.425000E+00  6.772199E-01  6.162175E+00
  3.475000E+00  7.110353E-01  6.338123E+00
  3.525000E+00  7.468137E-01  6.528282E+00
  3.575000E+00  7.966908E-01  6.736936E+00
  3.625000E+00  8.367419E-01  6.962252E+00
  3.675000E+00  8.518911E-01  7.198020E+00
  3.725000E+00  8.584347E-01  7.442107E+00
  3.775000E+00  8.746163E-01  7.697516E+00
  3.825000E+00  8.530470E-01  7.953268E+00
  3.875000E+00  8.391451E-01  8.211473E+00
  3.925000E+00  8.073026E-01  8.466332E+00
  3.975000E+00  7.762203E-01  8.717661E+00
  4.025000E+00  8.538446E-01  9.001123E+00
  4.075000E+00  7.736150E-01  9.264370E+00
  4.125000E+00  7.285511E-01  9.518404E+00
  4.175000E+00  7.120396E-01  9.772736E+00
  4.225000E+00  7.369524E-01  1.004231E+01
  4.275000E+00  7.316872E-01  1.031633E+01
  4.325000E+00  7.354358E-01  1.059823E+01
  4.375000E+00  7.774470E-01  1.090317E+01
  4.425000E+00  8.308625E-01  1.123655E+01
  4.475000E+00  9.106405E-01  1.161024E+01
  4.525000E+00  9.133503E-01  1.199347E+01
  4.575000E+00  9.567634E-01  1.240383E+01
  4.625000E+00  1.103505E+00  1.288754E+01
  4.675000E+00  1.113495E+00  1.338623E+01
  4.725000E+00  1.172513E+00  1.392265E+01
  4.775000E+00  1.091872E+00  1.443280E+01
  4.825000E+00  1.101500E+00  1.495829E+01
  4.875000E+00  1.129376E+00  1.550830E+01
  4.925000E+00  1.143957E+00  1.607689E+01
  4.975000E+00  1.152846E+00  1.666160E+01
  5.025000E+00  1.176615E+00  1.727042E+01
  5.075000E+00  1.195885E+00  1.790159E+01
  5.125000E+00  1.127826E+00  1.850862E+01
  5.175000E+00  1.122592E+00  1.912468E+01
  5.225000E+00  1.127675E+00  1.975555E+01
  5.275000E+00  1.145508E+00  2.040871E+01
  5.325000E+00  1.146225E+00  2.107474E+01
  5.375000E+00  1.147375E+00  2.175401E+01
  5.425000E+00  1.168810E+00  2.245891E+01
  5.475000E+00  1.206065E+00  2.319974E+01
  5.525000E+00  1.174368E+00  2.393434E+01
  5.575000E+00  1.208743E+00  2.470419E+01
  5.625000E+00  1.185547E+00  2.547286E+01
  5.675000E+00  1.203853E+00  2.626735E+01
  5.725000E+00  1.164763E+00  2.704964E+01
  5.775000E+00  1.179458E+00  2.785570E+01
  5.825000E+00  1.154913E+00  2.865871E+01
  5.875000E+00  1.167613E+00  2.948455E+01
  5.925000E+00  1.165862E+00  3.032325E+01
  5.975000E+00  1.148124E+00  3.116318E+01
O       O       
  2.500000E-02  0.000000E+00  0.000000E+00
  7.500000E-02  0.000000E+00  0.000000E+00
  1.250000E-01  0.000000E+00  0.000000E+00
  1.750000E-01  0.000000E+00  0.000000E+00
  2.250000E-01  0.000000E+00  0.000000E+00
  2.750000E-01  0.000000E+00  0.000000E+00
  3.250000E-01  0.000000E+00  0.000000E+00
  3.750000E-01  0.000000E+00  0.000000E+00
  4.250000E-01  0.000000E+00  0.000000E+00
  4.750000E-01  0.000000E+00  0.000000E+00
  5.250000E-01  0.000000E+00  0.000000E+00
  5.750000E-01  0.000000E+00  0.000000E+00
  6.250000E-01  0.000000E+00  0.000000E+00
  6.750000E-01  8.181953E-04  7.642601E-06
  7.250000E-01  0.000000E+00  7.642601E-06
  7.750000E-01  6.207390E-04  1.528520E-05
  8.250000E-01  0.000000E+00  1.528520E-05
  8.750000E-01  4.869998E-04  2.292780E-05
  9.250000E-01  4.357866E-04  3.057041E-05
  9.750000E-01  0.000000E+00  3.057041E-05
  1.025000E+00  0.000000E+00  3.057041E-05
  1.075000E+00  3.226769E-04  3.821301E-05
  1.125000E+00  2.946365E-04  4.585561E-05
  1.175000E+00  5.401965E-04  6.114081E-05
  1.225000E+00  2.485024E-04  6.878341E-05
  1.275000E+00  2.293966E-04  7.642601E-05
  1.325000E+00  4.248247E-04  9.171122E-05
  1.375000E+00  7.889869E-04  1.222816E-04
  1.425000E+00  7.345964E-04  1.528520E-04
  1.475000E+00  3.428210E-04  1.681372E-04
  1.525000E+00  6.414229E-04  1.987076E-04
  1.575000E+00  6.013474E-04  2.292780E-04
  1.625000E+00  1.129827E-03  2.904189E-04
  1.675000E+00  1.329233E-04  2.980615E-04
  1.725000E+00  8.773088E-04  3.515597E-04
  1.775000E+00  1.538796E-03  4.509135E-04
  1.825000E+00  2.127472E-03  5.961229E-04
  1.875000E+00  4.349293E-03  9.094696E-04
  1.925000E+00  6.340416E-03  1.390953E-03
  1.975000E+00  1.558451E-02  2.636697E-03
  2.025000E+00  2.555626E-02  4.784268E-03
  2.075000E+00  3.750540E-02  8.093515E-03
  2.125000E+00  6.004261E-02  1.364969E-02
  2.175000E+00  1.002796E-01  2.337108E-02
  2.225000E+00  2.360180E-01  4.731535E-02
  2.275000E+00  6.445597E-01  1.156784E-01
  2.325000E+00  1.543495E+00  2.866587E-01
  2.375000E+00  2.772989E+00  6.071894E-01
  2.425000E+00  2.846276E+00  9.501893E-01
  2.475000E+00  1.576085E+00  1.148033E+00
  2.525000E+00  7.128907E-01  1.241174E+00
  2.575000E+00  5.029556E-01  1.309514E+00
  2.625000E+00  5.612136E-01  1.388760E+00
  2.675000E+00  6.994479E-01  1.491324E+00
  2.725000E+00  8.640165E-01  1.622799E+00
  2.775000E+00  1.038607E+00  1.786695E+00
  2.825000E+00  1.172087E+00  1.978379E+00
  2.875000E+00  1.362873E+00  2.209224E+00
  2.925000E+00  1.429405E+00  2.459832E+00
  2.975000E+00  1.545176E+00  2.740079E+00
  3.025000E+00  1.459835E+00  3.013822E+00
  3.075000E+00  1.641237E+00  3.331838E+00
  3.125000E+00  1.472544E+00  3.626521E+00
  3.175000E+00  1.571300E+00  3.951110E+00
  3.225000E+00  1.443780E+00  4.258824E+00
  3.275000E+00  1.439812E+00  4.575282E+00
  3.325000E+00  1.377742E+00  4.887413E+00
  3.375000E+00  1.339974E+00  5.200186E+00
  3.425000E+00  1.287815E+00  5.509758E+00
  3.475000E+00  1.242252E+00  5.817158E+00
  3.525000E+00  1.176796E+00  6.116802E+00
  3.575000E+00  1.144109E+00  6.416445E+00
  3.625000E+00  1.118698E+00  6.717686E+00
  3.675000E+00  1.093076E+00  7.020203E+00
  3.725000E+00  1.081938E+00  7.327841E+00
  3.775000E+00  1.032059E+00  7.629227E+00
  3.825000E+00  1.026514E+00  7.936987E+00
  3.875000E+00  1.014501E+00  8.249149E+00
  3.925000E+00  9.773680E-01  8.557696E+00
  3.975000E+00  9.695522E-01  8.871623E+00
  4.025000E+00  9.785110E-01  9.196472E+00
  4.075000E+00  9.768362E-01  9.528872E+00
  4.125000E+00  9.871193E-01  9.873064E+00
  4.175000E+00  1.037500E+00  1.024365E+01
  4.225000E+00  9.712404E-01  1.059892E+01
  4.275000E+00  9.948566E-01  1.097150E+01
  4.325000E+00  9.614002E-01  1.134002E+01
  4.375000E+00  9.740008E-01  1.172205E+01
  4.425000E+00  9.474284E-01  1.210220E+01
  4.475000E+00  9.666776E-01  1.249889E+01
  4.525000E+00  9.856508E-01  1.291245E+01
  4.575000E+00  9.711025E-01  1.332896E+01
  4.625000E+00  9.927970E-01  1.376414E+01
  4.675000E+00  9.871691E-01  1.420626E+01
  4.725000E+00  9.969247E-01  1.466235E+01
  4.775000E+00  9.817831E-01  1.512106E+01
  4.825000E+00  9.849783E-01  1.559096E+01
  4.875000E+00  9.861573E-01  1.607122E+01
  4.925000E+00  9.875469E-01  1.656208E+01
  4.975000E+00  9.754666E-01  1.705682E+01
  5.025000E+00  9.646439E-01  1.755596E+01
  5.075000E+00  9.450349E-01  1.805473E+01
  5.125000E+00  9.596564E-01  1.857125E+01
  5.175000E+00  9.411324E-01  1.908773E+01
  5.225000E+00  9.941080E-01  1.964387E+01
  5.275000E+00  9.337477E-01  2.017629E+01
  5.325000E+00  9.474278E-01  2.072680E+01
  5.375000E+00  9.728713E-01  2.130277E+01
  5.425000E+00  9.655265E-01  2.188506E+01
  5.475000E+00  9.626784E-01  2.247639E+01
  5.525000E+00  9.507581E-01  2.307112E+01
  5.575000E+00  9.790436E-01  2.369467E+01
  5.625000E+00  1.021666E+00  2.435709E+01
  5.675000E+00  1.039804E+00  2.504331E+01
  5.725000E+00  1.023212E+00  2.573054E+01
  5.775000E+00  1.007841E+00  2.641931E+01
  5.825000E+00  1.052079E+00  2.715082E+01
  5.875000E+00  1.009212E+00  2.786463E+01
  5.925000E+00  1.029020E+00  2.860488E+01
  5.975000E+00  1.006594E+00  2.934128E+01
O       O_s     
  2.500000E-02  1.042172E+03  1.779657E-02
  7.500000E-02  6.134541E+02  9.112578E-02
  1.250000E-01  8.247571E+02  3.587199E-01
  1.750000E-01  5.504650E+02  7.065189E-01
  2.250000E-01  2.093262E+02  9.245661E-01
  2.750000E-01  4.391208E+01  9.928034E-01
  3.250000E-01  3.094673E+00  9.995149E-01
  3.750000E-01  8.338743E-02  9.997555E-01
  4.250000E-01  1.855494E-02  9.998243E-01
  4.750000E-01  1.238137E-02  9.998816E-01
  5.250000E-01  2.703203E-03  9.998969E-01
  5.750000E-01  3.944158E-03  9.999236E-01
  6.250000E-01  4.769511E-04  9.999274E-01
  6.750000E-01  2.044699E-03  9.999465E-01
  7.250000E-01  1.418004E-03  9.999618E-01
  7.750000E-01  6.204995E-04  9.999694E-01
  8.250000E-01  2.737945E-04  9.999733E-01
  8.750000E-01  2.434060E-04  9.999771E-01
  9.250000E-01  2.178092E-04  9.999809E-01
  9.750000E-01  1.960474E-04  9.999847E-01
  1.025000E+00  0.000000E+00  9.999847E-01
  1.075000E+00  0.000000E+00  9.999847E-01
  1.125000E+00  1.472614E-04  9.999885E-01
  1.175000E+00  0.000000E+00  9.999885E-01
  1.225000E+00  2.484065E-04  9.999962E-01
  1.275000E+00  1.146541E-04  1.000000E+00
  1.325000E+00  1.061652E-04  1.000004E+00
  1.375000E+00  1.971706E-04  1.000011E+00
  1.425000E+00  4.589456E-04  1.000031E+00
  1.475000E+00  8.567219E-05  1.000034E+00
  1.525000E+00  6.411754E-04  1.000065E+00
  1.575000E+00  3.005577E-04  1.000080E+00
  1.625000E+00  4.941087E-04  1.000107E+00
  1.675000E+00  3.321801E-04  1.000126E+00
  1.725000E+00  5.011259E-04  1.000157E+00
  1.775000E+00  1.064909E-03  1.000225E+00
  1.825000E+00  2.630331E-03  1.000405E+00
  1.875000E+00  3.923457E-03  1.000688E+00
  1.925000E+00  1.111660E-02  1.001532E+00
  1.975000E+00  2.121735E-02  1.003228E+00
  2.025000E+00  4.054695E-02  1.006635E+00
  2.075000E+00  6.740574E-02  1.012583E+00
  2.125000E+00  1.633404E-01  1.027698E+00
  2.175000E+00  5.526646E-01  1.081274E+00
  2.225000E+00  1.607662E+00  1.244373E+00
  2.275000E+00  3.158997E+00  1.579422E+00
  2.325000E+00  3.256248E+00  1.940132E+00
  2.375000E+00  1.427301E+00  2.105114E+00
  2.425000E+00  4.748620E-01  2.162339E+00
  2.475000E+00  3.111151E-01  2.201393E+00
  2.525000E+00  3.278897E-01  2.244232E+00
  2.575000E+00  4.291352E-01  2.302542E+00
  2.625000E+00  6.051724E-01  2.387995E+00
  2.675000E+00  7.850644E-01  2.503113E+00
  2.725000E+00  9.822934E-01  2.652587E+00
  2.775000E+00  1.136266E+00  2.831893E+00
  2.825000E+00  1.275596E+00  3.040505E+00
  2.875000E+00  1.415073E+00  3.280192E+00
  2.925000E+00  1.434954E+00  3.531773E+00
  2.975000E+00  1.497908E+00  3.803447E+00
  3.025000E+00  1.478807E+00  4.080747E+00
  3.075000E+00  1.660811E+00  4.402556E+00
  3.125000E+00  1.486120E+00  4.699956E+00
  3.175000E+00  1.570694E+00  5.024420E+00
  3.225000E+00  1.438742E+00  5.331061E+00
  3.275000E+00  1.422086E+00  5.643622E+00
  3.325000E+00  1.348362E+00  5.949097E+00
  3.375000E+00  1.294192E+00  6.251184E+00
  3.425000E+00  1.236707E+00  6.548470E+00
  3.475000E+00  1.191465E+00  6.843303E+00
  3.525000E+00  1.153854E+00  7.137105E+00
  3.575000E+00  1.113856E+00  7.428825E+00
  3.625000E+00  1.081426E+00  7.720030E+00
  3.675000E+00  1.061489E+00  8.013805E+00
  3.725000E+00  1.066891E+00  8.317164E+00
  3.775000E+00  1.032420E+00  8.618655E+00
  3.825000E+00  1.024207E+00  8.925723E+00
  3.875000E+00  1.016195E+00  9.238407E+00
  3.925000E+00  9.889577E-01  9.550613E+00
  3.975000E+00  9.823087E-01  9.868671E+00
  4.025000E+00  9.726336E-01  1.019157E+01
  4.075000E+00  9.722386E-01  1.052240E+01
  4.125000E+00  9.768461E-01  1.086301E+01
  4.175000E+00  1.016759E+00  1.122619E+01
  4.225000E+00  9.477250E-01  1.157286E+01
  4.275000E+00  9.663012E-01  1.193474E+01
  4.325000E+00  9.360364E-01  1.229354E+01
  4.375000E+00  9.547610E-01  1.266802E+01
  4.425000E+00  9.283848E-01  1.304053E+01
  4.475000E+00  9.587090E-01  1.343395E+01
  4.525000E+00  9.804091E-01  1.384532E+01
  4.575000E+00  9.675306E-01  1.426030E+01
  4.625000E+00  9.977995E-01  1.469767E+01
  4.675000E+00  9.983962E-01  1.514481E+01
  4.725000E+00  1.022958E+00  1.561281E+01
  4.775000E+00  1.018750E+00  1.608880E+01
  4.825000E+00  1.011093E+00  1.657116E+01
  4.875000E+00  1.006335E+00  1.706124E+01
  4.925000E+00  1.002905E+00  1.755973E+01
  4.975000E+00  9.916668E-01  1.806269E+01
  5.025000E+00  9.727835E-01  1.856604E+01
  5.075000E+00  9.542166E-01  1.906966E+01
  5.125000E+00  9.554467E-01  1.958391E+01
  5.175000E+00  9.401777E-01  2.009987E+01
  5.225000E+00  9.831821E-01  2.064990E+01
  5.275000E+00  9.300781E-01  2.118023E+01
  5.325000E+00  9.328298E-01  2.172226E+01
  5.375000E+00  9.618370E-01  2.229169E+01
  5.425000E+00  9.551719E-01  2.286774E+01
  5.475000E+00  9.466299E-01  2.344921E+01
  5.525000E+00  9.613587E-01  2.405057E+01
  5.575000E+00  9.741377E-01  2.467099E+01
  5.625000E+00  1.008069E+00  2.532460E+01
  5.675000E+00  1.026930E+00  2.600233E+01
  5.725000E+00  1.017528E+00  2.668573E+01
  5.775000E+00  9.916791E-01  2.736346E+01
  5.825000E+00  1.049383E+00  2.809310E+01
  5.875000E+00  1.010470E+00  2.880779E+01
  5.925000E+00  1.035106E+00  2.955242E+01
  5.975000E+00  1.014033E+00  3.029426E+01
O_s     O_s     
  2.500000E-02  0.000000E+00  0.000000E+00
  7.500000E-02  0.000000E+00  0.000000E+00
  1.250000E-01  0.000000E+00  0.000000E+00
  1.750000E-01  0.000000E+00  0.000000E+00
  2.250000E-01  0.000000E+00  0.000000E+00
  2.750000E-01  0.000000E+00  0.000000E+00
  3.250000E-01  0.000000E+00  0.000000E+00
  3.750000E-01  0.000000E+00  0.000000E+00
  4.250000E-01  0.000000E+00  0.000000E+00
  4.750000E-01  0.000000E+00  0.000000E+00
  5.250000E-01  0.000000E+00  0.000000E+00
  5.750000E-01  0.000000E+00  0.000000E+00
  6.250000E-01  0.000000E+00  0.000000E+00
  6.750000E-01  8.181953E-04  7.642601E-06
  7.250000E-01  0.000000E+00  7.642601E-06
  7.750000E-01  0.000000E+00  7.642601E-06
  8.250000E-01  0.000000E+00  7.642601E-06
  8.750000E-01  0.000000E+00  7.642601E-06
  9.250000E-01  0.000000E+00  7.642601E-06
  9.750000E-01  0.000000E+00  7.642601E-06
  1.025000E+00  0.000000E+00  7.642601E-06
  1.075000E+00  0.000000E+00  7.642601E-06
  1.125000E+00  0.000000E+00  7.642601E-06
  1.175000E+00  0.000000E+00  7.642601E-06
  1.225000E+00  0.000000E+00  7.642601E-06
  1.275000E+00  2.293966E-04  1.528520E-05
  1.325000E+00  2.124124E-04  2.292780E-05
  1.375000E+00  0.000000E+00  2.292780E-05
  1.425000E+00  3.672982E-04  3.821301E-05
  1.475000E+00  1.714105E-04  4.585561E-05
  1.525000E+00  0.000000E+00  4.585561E-05
  1.575000E+00  3.006737E-04  6.114081E-05
  1.625000E+00  0.000000E+00  6.114081E-05
  1.675000E+00  1.329233E-04  6.878341E-05
  1.725000E+00  2.506597E-04  8.406862E-05
  1.775000E+00  1.183689E-03  1.604946E-04
  1.825000E+00  2.799305E-03  3.515597E-04
  1.875000E+00  1.028979E-02  1.092892E-03
  1.925000E+00  2.787770E-02  3.209893E-03
  1.975000E+00  5.698387E-02  7.764883E-03
  2.025000E+00  9.540397E-02  1.578197E-02
  2.075000E+00  4.255520E-01  5.333007E-02
  2.125000E+00  1.704236E+00  2.110352E-01
  2.175000E+00  4.153088E+00  6.136474E-01
  2.225000E+00  3.280824E+00  9.464903E-01
  2.275000E+00  1.222898E+00  1.076193E+00
  2.325000E+00  4.507265E-01  1.126122E+00
  2.375000E+00  2.269170E-01  1.152351E+00
  2.425000E+00  1.733895E-01  1.173246E+00
  2.475000E+00  2.038980E-01  1.198841E+00
  2.525000E+00  3.221374E-01  1.240929E+00
  2.575000E+00  5.345661E-01  1.313564E+00
  2.625000E+00  7.752747E-01  1.423037E+00
  2.675000E+00  1.016545E+00  1.572098E+00
  2.725000E+00  1.164109E+00  1.749239E+00
  2.775000E+00  1.244101E+00  1.945562E+00
  2.825000E+00  1.258681E+00  2.151408E+00
  2.875000E+00  1.383267E+00  2.385707E+00
  2.925000E+00  1.410617E+00  2.633021E+00
  2.975000E+00  1.526635E+00  2.909905E+00
  3.025000E+00  1.475037E+00  3.186499E+00
  3.075000E+00  1.662102E+00  3.508558E+00
  3.125000E+00  1.483734E+00  3.805481E+00
  3.175000E+00  1.557241E+00  4.127165E+00
  3.225000E+00  1.402794E+00  4.426144E+00
  3.275000E+00  1.385672E+00  4.730701E+00
  3.325000E+00  1.282746E+00  5.021311E+00
  3.375000E+00  1.228945E+00  5.308169E+00
  3.425000E+00  1.173773E+00  5.590326E+00
  3.475000E+00  1.134433E+00  5.871046E+00
  3.525000E+00  1.098277E+00  6.150697E+00
  3.575000E+00  1.088052E+00  6.435659E+00
  3.625000E+00  1.067412E+00  6.723089E+00
  3.675000E+00  1.048975E+00  7.013401E+00
  3.725000E+00  1.069063E+00  7.317378E+00
  3.775000E+00  1.027087E+00  7.617312E+00
  3.825000E+00  1.021900E+00  7.923689E+00
  3.875000E+00  1.001635E+00  8.231892E+00
  3.925000E+00  9.836624E-01  8.542426E+00
  3.975000E+00  9.760669E-01  8.858463E+00
  4.025000E+00  9.645833E-01  9.178688E+00
  4.075000E+00  9.641241E-01  9.506762E+00
  4.125000E+00  9.514580E-01  9.838519E+00
  4.175000E+00  9.889298E-01  1.019175E+01
  4.225000E+00  9.219116E-01  1.052898E+01
  4.275000E+00  9.429404E-01  1.088212E+01
  4.325000E+00  9.135086E-01  1.123228E+01
  4.375000E+00  9.592311E-01  1.160852E+01
  4.425000E+00  9.436380E-01  1.198715E+01
  4.475000E+00  9.583341E-01  1.238041E+01
  4.525000E+00  9.809697E-01  1.279201E+01
  4.575000E+00  9.728309E-01  1.320927E+01
  4.625000E+00  9.994922E-01  1.364738E+01
  4.675000E+00  1.013995E+00  1.410151E+01
  4.725000E+00  1.036700E+00  1.457579E+01
  4.775000E+00  1.034879E+00  1.505932E+01
  4.825000E+00  1.030299E+00  1.555084E+01
  4.875000E+00  1.012161E+00  1.604376E+01
  4.925000E+00  1.015578E+00  1.654855E+01
  4.975000E+00  1.001611E+00  1.705655E+01
  5.025000E+00  9.897829E-01  1.756870E+01
  5.075000E+00  9.555913E-01  1.807304E+01
  5.125000E+00  9.496458E-01  1.858417E+01
  5.175000E+00  9.292950E-01  1.909415E+01
  5.225000E+00  9.713622E-01  1.963757E+01
  5.275000E+00  9.260943E-01  2.016563E+01
  5.325000E+00  9.257387E-01  2.070354E+01
  5.375000E+00  9.603880E-01  2.127211E+01
  5.425000E+00  9.467839E-01  2.184311E+01
  5.475000E+00  9.413901E-01  2.242136E+01
  5.525000E+00  9.514301E-01  2.301650E+01
  5.575000E+00  9.716878E-01  2.363537E+01
  5.625000E+00  1.007604E+00  2.428868E+01
  5.675000E+00  1.023013E+00  2.496382E+01
  5.725000E+00  1.015850E+00  2.564609E+01
  5.775000E+00  9.899818E-01  2.632266E+01
  5.825000E+00  1.034614E+00  2.704203E+01
  5.875000E+00  1.011546E+00  2.775748E+01
  5.925000E+00  1.039686E+00  2.850541E+01
  5.975000E+00  1.024229E+00  2.925471E+01
