title: #Li56 La24 Zr16 O96                                                     
energy unitS: electron Volts
         0  0.000000E+00        52
 -1.165984E+05  3.000000E+02 -1.167994E+05  1.362317E+04 -1.304225E+05
  0.000000E+00  0.000000E+00  0.000000E+00  0.000000E+00 -1.165983E+05
  0.000000E+00  3.377908E+04 -9.662661E+04  1.304057E+05  0.000000E+00
  0.000000E+00  0.000000E+00  0.000000E+00  6.008194E+04  0.000000E+00
  0.000000E+00  0.000000E+00  9.000000E+01  9.000000E+01  9.000000E+01
  0.000000E+00 -2.928043E+02  0.000000E+00 -3.062579E+02 -4.759639E-02
 -1.519424E-02 -4.759639E-02 -3.061576E+02 -2.578879E-02 -1.519424E-02
 -2.578879E-02 -2.659975E+02  0.000000E+00  0.000000E+00  0.000000E+00
  0.000000E+00  0.000000E+00  3.970821E+01  0.000000E+00  0.000000E+00
  0.000000E+00  3.970821E+01  0.000000E+00  0.000000E+00  0.000000E+00
  3.810512E+01 -1.112570E+04
      1000  5.000000E-01        52
 -1.241465E+05  3.000000E+02 -1.243482E+05  2.450391E+04 -1.499268E+05
  0.000000E+00  0.000000E+00  0.000000E+00  0.000000E+00 -1.241472E+05
  0.000000E+00  6.447058E+02 -1.514006E+05  1.498959E+05  0.000000E+00
  0.000000E+00  0.000000E+00  0.000000E+00  5.808569E+04  9.997963E-03
  1.074675E+03  2.149349E+03  9.000000E+01  9.000000E+01  9.000000E+01
  0.000000E+00 -2.202562E+00  7.589856E-01 -1.790463E+01 -1.865799E-01
  2.179307E+00 -1.865799E-01 -1.734993E+01 -4.945351E+00  2.179307E+00
 -4.945351E+00  2.864687E+01  1.855419E+00  5.558057E-01  6.107072E-01
  1.217081E+00  1.242848E+00  3.926347E+01  0.000000E+00  0.000000E+00
  0.000000E+00  3.926347E+01  0.000000E+00  0.000000E+00  0.000000E+00
  3.767834E+01 -8.091021E+01
      2000  1.000000E+00        52
 -4.375556E+04  3.138169E+02 -1.233949E+05  2.318546E+04 -1.477832E+05
  0.000000E+00  0.000000E+00  0.000000E+00  0.000000E+00 -1.231846E+05
  0.000000E+00  1.080685E+04 -1.392540E+05  1.476551E+05  0.000000E+00
  0.000000E+00  0.000000E+00  0.000000E+00  8.231691E+04  2.564397E+01
  1.202864E+03  2.405728E+03  9.000000E+01  9.000000E+01  9.000000E+01
  0.000000E+00 -6.650389E+01  7.942910E+04 -7.176427E+01  8.703838E-02
  1.141297E+00  8.703838E-02 -7.102316E+01 -2.761516E-01  1.141297E+00
 -2.761516E-01 -5.672423E+01  3.153858E+00  1.195853E+00  9.231718E-01
  2.594209E+00  7.023940E+02  4.410238E+01  0.000000E+00  0.000000E+00
  0.000000E+00  4.410238E+01  0.000000E+00  0.000000E+00  0.000000E+00
  4.232189E+01 -3.462120E+03
      3000  1.500000E+00        52
 -4.428192E+04  3.010076E+02 -1.239129E+05  2.406923E+04 -1.492408E+05
  0.000000E+00  0.000000E+00  0.000000E+00  0.000000E+00 -1.237112E+05
  0.000000E+00  6.499151E+03 -1.451684E+05  1.491502E+05  0.000000E+00
  0.000000E+00  0.000000E+00  0.000000E+00  7.565319E+04  2.073037E+00
  1.258667E+03  2.517333E+03  9.000000E+01  9.000000E+01  9.000000E+01
  0.000000E+00 -4.246958E+01  7.942930E+04 -4.754633E+01 -4.160935E-01
  8.549709E-01 -4.160935E-01 -4.311552E+01 -2.887955E+00  8.549709E-01
 -2.887955E+00 -3.674690E+01  3.925353E+00  2.271720E+00  1.659958E+00
  3.611911E+00  7.028366E+02  4.287868E+01  0.000000E+00  0.000000E+00
  0.000000E+00  4.287868E+01  0.000000E+00  0.000000E+00  0.000000E+00
  4.114759E+01 -2.031942E+03
      4000  2.000000E+00        52
 -4.447048E+04  3.000000E+02 -1.241008E+05  2.443918E+04 -1.498181E+05
  0.000000E+00  0.000000E+00  0.000000E+00  0.000000E+00 -1.238998E+05
  0.000000E+00  4.623976E+03 -1.476760E+05  1.497438E+05  0.000000E+00
  0.000000E+00  0.000000E+00  0.000000E+00  7.152964E+04  9.972917E-03
  1.278092E+03  2.556185E+03  9.000000E+01  9.000000E+01  9.000000E+01
  0.000000E+00 -3.111036E+01  7.942933E+04 -3.415177E+01  1.301007E+00
  1.719597E+00  1.301007E+00 -3.319482E+01 -1.869089E+00  1.719597E+00
 -1.869089E+00 -2.598448E+01  4.259168E+00  2.584103E+00  1.933874E+00
  4.043629E+00  7.024775E+02  4.208503E+01  0.000000E+00  0.000000E+00
  0.000000E+00  4.208503E+01  0.000000E+00  0.000000E+00  0.000000E+00
  4.038599E+01 -1.407334E+03
      5000  2.500000E+00        52
 -4.460445E+04  3.001243E+02 -1.242347E+05  2.451557E+04 -1.500104E+05
  0.000000E+00  0.000000E+00  0.000000E+00  0.000000E+00 -1.240336E+05
  0.000000E+00  3.814143E+03 -1.486546E+05  1.499485E+05  0.000000E+00
  0.000000E+00  0.000000E+00  0.000000E+00  6.863276E+04  1.530251E-01
  1.260122E+03  2.520244E+03  9.000000E+01  9.000000E+01  9.000000E+01
  0.000000E+00 -2.620297E+01  7.942915E+04 -2.642158E+01 -1.164678E-01
  2.383063E+00 -1.164678E-01 -3.096654E+01 -2.555835E+00  2.383063E+00
 -2.555835E+00 -2.122079E+01  4.321834E+00  2.604068E+00  1.967129E+00
  4.154915E+00  7.024895E+02  4.150905E+01  0.000000E+00  0.000000E+00
  0.000000E+00  4.150905E+01  0.000000E+00  0.000000E+00  0.000000E+00
  3.983326E+01 -1.137334E+03
      6000  3.000000E+00        52
 -4.470460E+04  2.998167E+02 -1.243346E+05  2.466822E+04 -1.502643E+05
  0.000000E+00  0.000000E+00  0.000000E+00  0.000000E+00 -1.241337E+05
  0.000000E+00  2.919077E+03 -1.498129E+05  1.502091E+05  0.000000E+00
  0.000000E+00  0.000000E+00  0.000000E+00  6.642468E+04  6.968107E-01
  1.261445E+03  2.522891E+03  9.000000E+01  9.000000E+01  9.000000E+01
  0.000000E+00 -1.997498E+01  7.942917E+04 -2.141500E+01 -5.936237E-03
  1.063183E+00 -5.936237E-03 -2.134058E+01 -5.580816E-01  1.063183E+00
 -5.580816E-01 -1.716937E+01  4.416871E+00  2.637838E+00  1.965039E+00
  4.252273E+00  7.025781E+02  4.105904E+01  0.000000E+00  0.000000E+00
  0.000000E+00  4.105904E+01  0.000000E+00  0.000000E+00  0.000000E+00
  3.940142E+01 -8.391159E+02
      7000  3.500000E+00        52
  6.140256E+04  3.000000E+02 -1.227201E+05  2.324995E+04 -1.472572E+05
  0.000000E+00  0.000000E+00  0.000000E+00  0.000000E+00 -1.225191E+05
  0.000000E+00  1.181654E+04 -1.377098E+05  1.469520E+05  0.000000E+00
  0.000000E+00  0.000000E+00  0.000000E+00  1.030552E+05  1.040159E-02
  1.287171E+03  2.574343E+03  9.000000E+01  9.000000E+01  9.000000E+01
  0.000000E+00 -5.837976E+01  1.839217E+05 -5.984812E+01 -5.324867E-01
  8.446983E-03 -5.324867E-01 -5.883081E+01  1.316537E-01  8.446983E-03
  1.316537E-01 -5.646034E+01  5.752991E+00  3.829473E+00  2.531800E+00
  5.472098E+00  1.886092E+03  4.753231E+01  0.000000E+00  0.000000E+00
  0.000000E+00  4.753231E+01  0.000000E+00  0.000000E+00  0.000000E+00
  4.561335E+01 -3.804855E+03
      8000  4.000000E+00        52
  6.066796E+04  3.009237E+02 -1.234540E+05  2.438531E+04 -1.492049E+05
  0.000000E+00  0.000000E+00  0.000000E+00  0.000000E+00 -1.232524E+05
  0.000000E+00  6.265151E+03 -1.454510E+05  1.489851E+05  0.000000E+00
  0.000000E+00  0.000000E+00  0.000000E+00  9.453109E+04  1.611487E+00
  1.365516E+03  2.731032E+03  9.000000E+01  9.000000E+01  9.000000E+01
  0.000000E+00 -3.268431E+01  1.839204E+05 -3.277954E+01 -1.112158E+00
  7.104541E-01 -1.112158E+00 -3.208623E+01  1.297553E+00  7.104541E-01
  1.297553E+00 -3.318715E+01  7.078821E+00  5.834953E+00  3.885123E+00
  7.101396E+00  1.888178E+03  4.618389E+01  0.000000E+00  0.000000E+00
  0.000000E+00  4.618389E+01  0.000000E+00  0.000000E+00  0.000000E+00
  4.431937E+01 -1.953979E+03
      9000  4.500000E+00        52
  6.046023E+04  3.005658E+02 -1.236616E+05  2.466316E+04 -1.497217E+05
  0.000000E+00  0.000000E+00  0.000000E+00  0.000000E+00 -1.234602E+05
  0.000000E+00  4.946797E+03 -1.473918E+05  1.495447E+05  0.000000E+00
  0.000000E+00  0.000000E+00  0.000000E+00  8.930453E+04  7.419296E-01
  1.396947E+03  2.793893E+03  9.000000E+01  9.000000E+01  9.000000E+01
  0.000000E+00 -2.681907E+01  1.839205E+05 -2.549110E+01 -8.686144E-01
  2.321604E-01 -8.686144E-01 -2.693143E+01  9.774160E-01  2.321604E-01
  9.774160E-01 -2.803467E+01  7.715766E+00  6.513167E+00  4.450617E+00
  7.790750E+00  1.888836E+03  4.531655E+01  0.000000E+00  0.000000E+00
  0.000000E+00  4.531655E+01  0.000000E+00  0.000000E+00  0.000000E+00
  4.348704E+01 -1.514688E+03
     10000  5.000000E+00        52
  6.032215E+04  3.000000E+02 -1.238004E+05  2.473591E+04 -1.499377E+05
  0.000000E+00  0.000000E+00  0.000000E+00  0.000000E+00 -1.235993E+05
  0.000000E+00  4.311882E+03 -1.482811E+05  1.497900E+05  0.000000E+00
  0.000000E+00  0.000000E+00  0.000000E+00  8.523909E+04  1.015627E-02
  1.401453E+03  2.802905E+03  9.000000E+01  9.000000E+01  9.000000E+01
  0.000000E+00 -2.417689E+01  1.839215E+05 -2.497730E+01  5.440956E-01
 -8.623273E-01  5.440956E-01 -2.494853E+01  7.732882E-01 -8.623273E-01
  7.732882E-01 -2.260483E+01  7.985902E+00  6.700114E+00  4.765826E+00
  8.111655E+00  1.888071E+03  4.461819E+01  0.000000E+00  0.000000E+00
  0.000000E+00  4.461819E+01  0.000000E+00  0.000000E+00  0.000000E+00
  4.281687E+01 -1.303302E+03
