#Li56 La24 Zr16 O96                                                     
        15       120
Li      Li      
  2.500000E-02  0.000000E+00  0.000000E+00
  7.500000E-02  0.000000E+00  0.000000E+00
  1.250000E-01  0.000000E+00  0.000000E+00
  1.750000E-01  0.000000E+00  0.000000E+00
  2.250000E-01  0.000000E+00  0.000000E+00
  2.750000E-01  0.000000E+00  0.000000E+00
  3.250000E-01  0.000000E+00  0.000000E+00
  3.750000E-01  0.000000E+00  0.000000E+00
  4.250000E-01  0.000000E+00  0.000000E+00
  4.750000E-01  0.000000E+00  0.000000E+00
  5.250000E-01  0.000000E+00  0.000000E+00
  5.750000E-01  0.000000E+00  0.000000E+00
  6.250000E-01  0.000000E+00  0.000000E+00
  6.750000E-01  0.000000E+00  0.000000E+00
  7.250000E-01  0.000000E+00  0.000000E+00
  7.750000E-01  0.000000E+00  0.000000E+00
  8.250000E-01  0.000000E+00  0.000000E+00
  8.750000E-01  0.000000E+00  0.000000E+00
  9.250000E-01  0.000000E+00  0.000000E+00
  9.750000E-01  0.000000E+00  0.000000E+00
  1.025000E+00  0.000000E+00  0.000000E+00
  1.075000E+00  0.000000E+00  0.000000E+00
  1.125000E+00  2.100031E-04  4.409150E-06
  1.175000E+00  3.465241E-03  8.377384E-05
  1.225000E+00  3.351127E-02  9.179850E-04
  1.275000E+00  1.358057E-01  4.580225E-03
  1.325000E+00  4.210064E-01  1.684119E-02
  1.375000E+00  9.193346E-01  4.567350E-02
  1.425000E+00  1.836163E+00  1.075233E-01
  1.475000E+00  2.832663E+00  2.097521E-01
  1.525000E+00  3.895210E+00  3.600185E-01
  1.575000E+00  4.411556E+00  5.415459E-01
  1.625000E+00  4.582089E+00  7.422504E-01
  1.675000E+00  4.319607E+00  9.432794E-01
  1.725000E+00  3.651851E+00  1.123529E+00
  1.775000E+00  3.015272E+00  1.281110E+00
  1.825000E+00  2.345142E+00  1.410671E+00
  1.875000E+00  1.745073E+00  1.512435E+00
  1.925000E+00  1.226498E+00  1.587824E+00
  1.975000E+00  9.265771E-01  1.647774E+00
  2.025000E+00  6.755868E-01  1.693726E+00
  2.075000E+00  5.426799E-01  1.732484E+00
  2.125000E+00  4.762846E-01  1.768158E+00
  2.175000E+00  4.404453E-01  1.802719E+00
  2.225000E+00  4.429629E-01  1.839093E+00
  2.275000E+00  4.326022E-01  1.876232E+00
  2.325000E+00  4.303158E-01  1.914815E+00
  2.375000E+00  4.190051E-01  1.954018E+00
  2.425000E+00  4.061724E-01  1.993637E+00
  2.475000E+00  4.102712E-01  2.035323E+00
  2.525000E+00  4.133798E-01  2.079038E+00
  2.575000E+00  4.353113E-01  2.126915E+00
  2.625000E+00  4.646313E-01  2.180019E+00
  2.675000E+00  5.028132E-01  2.239698E+00
  2.725000E+00  5.353498E-01  2.305636E+00
  2.775000E+00  5.537135E-01  2.376361E+00
  2.825000E+00  5.718789E-01  2.452063E+00
  2.875000E+00  6.044852E-01  2.534938E+00
  2.925000E+00  6.146621E-01  2.622165E+00
  2.975000E+00  6.593679E-01  2.718963E+00
  3.025000E+00  6.818138E-01  2.822448E+00
  3.075000E+00  7.208150E-01  2.935500E+00
  3.125000E+00  7.102648E-01  3.050549E+00
  3.175000E+00  7.157010E-01  3.170217E+00
  3.225000E+00  7.068183E-01  3.292152E+00
  3.275000E+00  7.243418E-01  3.421015E+00
  3.325000E+00  7.412930E-01  3.556951E+00
  3.375000E+00  7.246447E-01  3.693860E+00
  3.425000E+00  7.394187E-01  3.837731E+00
  3.475000E+00  7.310000E-01  3.984146E+00
  3.525000E+00  7.267200E-01  4.133924E+00
  3.575000E+00  7.310859E-01  4.288905E+00
  3.625000E+00  7.520944E-01  4.452831E+00
  3.675000E+00  7.668824E-01  4.624623E+00
  3.725000E+00  8.041939E-01  4.809709E+00
  3.775000E+00  8.184217E-01  5.003159E+00
  3.825000E+00  8.227509E-01  5.202819E+00
  3.875000E+00  8.275699E-01  5.408932E+00
  3.925000E+00  8.359570E-01  5.622542E+00
  3.975000E+00  8.296083E-01  5.839966E+00
  4.025000E+00  8.646970E-01  6.072322E+00
  4.075000E+00  8.584731E-01  6.308772E+00
  4.125000E+00  8.561819E-01  6.550414E+00
  4.175000E+00  8.778676E-01  6.804218E+00
  4.225000E+00  8.580378E-01  7.058267E+00
  4.275000E+00  8.575315E-01  7.318211E+00
  4.325000E+00  8.935461E-01  7.595446E+00
  4.375000E+00  8.883188E-01  7.877467E+00
  4.425000E+00  8.872498E-01  8.165624E+00
  4.475000E+00  8.900339E-01  8.461255E+00
  4.525000E+00  8.975889E-01  8.766095E+00
  4.575000E+00  9.113492E-01  9.082486E+00
  4.625000E+00  9.208929E-01  9.409216E+00
  4.675000E+00  9.183890E-01  9.742141E+00
  4.725000E+00  9.318489E-01  1.008721E+01
  4.775000E+00  9.309711E-01  1.043929E+01
  4.825000E+00  9.270566E-01  1.079727E+01
  4.875000E+00  9.386424E-01  1.116727E+01
  4.925000E+00  9.375926E-01  1.154448E+01
  4.975000E+00  9.327800E-01  1.192741E+01
  5.025000E+00  9.457197E-01  1.232350E+01
  5.075000E+00  9.513798E-01  1.272993E+01
  5.125000E+00  9.728777E-01  1.315377E+01
  5.175000E+00  9.722246E-01  1.358563E+01
  5.225000E+00  9.751398E-01  1.402719E+01
  5.275000E+00  1.000421E+00  1.448892E+01
  5.325000E+00  1.021621E+00  1.496941E+01
  5.375000E+00  1.021026E+00  1.545868E+01
  5.425000E+00  1.021865E+00  1.595751E+01
  5.475000E+00  1.032223E+00  1.647072E+01
  5.525000E+00  1.048176E+00  1.700142E+01
  5.575000E+00  1.042680E+00  1.753895E+01
  5.625000E+00  1.033121E+00  1.808114E+01
  5.675000E+00  1.039475E+00  1.863640E+01
  5.725000E+00  1.039838E+00  1.920169E+01
  5.775000E+00  1.043480E+00  1.977892E+01
  5.825000E+00  1.040903E+00  2.036473E+01
  5.875000E+00  1.045046E+00  2.096301E+01
  5.925000E+00  1.039617E+00  2.156836E+01
  5.975000E+00  1.043586E+00  2.218632E+01
Li      La      
  2.500000E-02  0.000000E+00  0.000000E+00
  7.500000E-02  0.000000E+00  0.000000E+00
  1.250000E-01  0.000000E+00  0.000000E+00
  1.750000E-01  0.000000E+00  0.000000E+00
  2.250000E-01  0.000000E+00  0.000000E+00
  2.750000E-01  0.000000E+00  0.000000E+00
  3.250000E-01  0.000000E+00  0.000000E+00
  3.750000E-01  0.000000E+00  0.000000E+00
  4.250000E-01  0.000000E+00  0.000000E+00
  4.750000E-01  0.000000E+00  0.000000E+00
  5.250000E-01  0.000000E+00  0.000000E+00
  5.750000E-01  0.000000E+00  0.000000E+00
  6.250000E-01  0.000000E+00  0.000000E+00
  6.750000E-01  0.000000E+00  0.000000E+00
  7.250000E-01  0.000000E+00  0.000000E+00
  7.750000E-01  0.000000E+00  0.000000E+00
  8.250000E-01  0.000000E+00  0.000000E+00
  8.750000E-01  0.000000E+00  0.000000E+00
  9.250000E-01  0.000000E+00  0.000000E+00
  9.750000E-01  0.000000E+00  0.000000E+00
  1.025000E+00  0.000000E+00  0.000000E+00
  1.075000E+00  0.000000E+00  0.000000E+00
  1.125000E+00  0.000000E+00  0.000000E+00
  1.175000E+00  0.000000E+00  0.000000E+00
  1.225000E+00  0.000000E+00  0.000000E+00
  1.275000E+00  0.000000E+00  0.000000E+00
  1.325000E+00  0.000000E+00  0.000000E+00
  1.375000E+00  0.000000E+00  0.000000E+00
  1.425000E+00  0.000000E+00  0.000000E+00
  1.475000E+00  0.000000E+00  0.000000E+00
  1.525000E+00  0.000000E+00  0.000000E+00
  1.575000E+00  0.000000E+00  0.000000E+00
  1.625000E+00  0.000000E+00  0.000000E+00
  1.675000E+00  0.000000E+00  0.000000E+00
  1.725000E+00  0.000000E+00  0.000000E+00
  1.775000E+00  0.000000E+00  0.000000E+00
  1.825000E+00  0.000000E+00  0.000000E+00
  1.875000E+00  0.000000E+00  0.000000E+00
  1.925000E+00  0.000000E+00  0.000000E+00
  1.975000E+00  0.000000E+00  0.000000E+00
  2.025000E+00  0.000000E+00  0.000000E+00
  2.075000E+00  0.000000E+00  0.000000E+00
  2.125000E+00  4.117893E-05  1.321870E-06
  2.175000E+00  2.227424E-04  8.812467E-06
  2.225000E+00  2.040803E-03  8.063407E-05
  2.275000E+00  1.286221E-02  5.538636E-04
  2.325000E+00  5.652961E-02  2.726137E-03
  2.375000E+00  1.828968E-01  1.005987E-02
  2.425000E+00  4.735650E-01  2.985664E-02
  2.475000E+00  9.525986E-01  7.133780E-02
  2.525000E+00  1.429919E+00  1.361451E-01
  2.575000E+00  1.820674E+00  2.219627E-01
  2.625000E+00  2.055150E+00  3.226306E-01
  2.675000E+00  2.264974E+00  4.378430E-01
  2.725000E+00  2.415169E+00  5.653308E-01
  2.775000E+00  2.550646E+00  7.049560E-01
  2.825000E+00  2.697216E+00  8.579730E-01
  2.875000E+00  2.667510E+00  1.014709E+00
  2.925000E+00  2.666242E+00  1.176867E+00
  2.975000E+00  2.590780E+00  1.339868E+00
  3.025000E+00  2.442530E+00  1.498750E+00
  3.075000E+00  2.307541E+00  1.653855E+00
  3.125000E+00  2.090794E+00  1.798998E+00
  3.175000E+00  1.851541E+00  1.931678E+00
  3.225000E+00  1.676139E+00  2.055602E+00
  3.275000E+00  1.526510E+00  2.171989E+00
  3.325000E+00  1.361520E+00  2.278991E+00
  3.375000E+00  1.238372E+00  2.379264E+00
  3.425000E+00  1.136340E+00  2.474021E+00
  3.475000E+00  1.054660E+00  2.564554E+00
  3.525000E+00  1.014692E+00  2.654180E+00
  3.575000E+00  9.496244E-01  2.740456E+00
  3.625000E+00  9.045002E-01  2.824946E+00
  3.675000E+00  8.910937E-01  2.910496E+00
  3.725000E+00  8.446394E-01  2.993808E+00
  3.775000E+00  7.836147E-01  3.073189E+00
  3.825000E+00  7.382406E-01  3.149968E+00
  3.875000E+00  7.199852E-01  3.226819E+00
  3.925000E+00  6.938163E-01  3.302800E+00
  3.975000E+00  6.799985E-01  3.379178E+00
  4.025000E+00  6.854886E-01  3.458121E+00
  4.075000E+00  6.854557E-01  3.539033E+00
  4.125000E+00  6.777005E-01  3.621005E+00
  4.175000E+00  6.902206E-01  3.706528E+00
  4.225000E+00  6.804534E-01  3.792872E+00
  4.275000E+00  6.998522E-01  3.883792E+00
  4.325000E+00  7.066522E-01  3.977756E+00
  4.375000E+00  7.283556E-01  4.076857E+00
  4.425000E+00  7.371207E-01  4.179457E+00
  4.475000E+00  7.381489E-01  4.284534E+00
  4.525000E+00  7.548449E-01  4.394403E+00
  4.575000E+00  7.755489E-01  4.509794E+00
  4.625000E+00  7.723370E-01  4.627233E+00
  4.675000E+00  8.079930E-01  4.752764E+00
  4.725000E+00  8.178090E-01  4.882552E+00
  4.775000E+00  8.223547E-01  5.015838E+00
  4.825000E+00  8.348044E-01  5.153991E+00
  4.875000E+00  8.602816E-01  5.299326E+00
  4.925000E+00  8.848641E-01  5.451895E+00
  4.975000E+00  9.061908E-01  5.611331E+00
  5.025000E+00  9.448669E-01  5.780930E+00
  5.075000E+00  9.815208E-01  5.960631E+00
  5.125000E+00  9.965285E-01  6.146692E+00
  5.175000E+00  1.026070E+00  6.342026E+00
  5.225000E+00  1.053435E+00  6.546463E+00
  5.275000E+00  1.085171E+00  6.761109E+00
  5.325000E+00  1.106864E+00  6.984215E+00
  5.375000E+00  1.103932E+00  7.210929E+00
  5.425000E+00  1.128207E+00  7.446959E+00
  5.475000E+00  1.128477E+00  7.687417E+00
  5.525000E+00  1.146821E+00  7.936268E+00
  5.575000E+00  1.149717E+00  8.190283E+00
  5.625000E+00  1.150075E+00  8.448956E+00
  5.675000E+00  1.143974E+00  8.710850E+00
  5.725000E+00  1.130449E+00  8.974229E+00
  5.775000E+00  1.155439E+00  9.248152E+00
  5.825000E+00  1.147007E+00  9.524806E+00
  5.875000E+00  1.140607E+00  9.804659E+00
  5.925000E+00  1.140925E+00  1.008938E+01
  5.975000E+00  1.134139E+00  1.037720E+01
Li      Zr      
  2.500000E-02  0.000000E+00  0.000000E+00
  7.500000E-02  0.000000E+00  0.000000E+00
  1.250000E-01  0.000000E+00  0.000000E+00
  1.750000E-01  0.000000E+00  0.000000E+00
  2.250000E-01  0.000000E+00  0.000000E+00
  2.750000E-01  0.000000E+00  0.000000E+00
  3.250000E-01  0.000000E+00  0.000000E+00
  3.750000E-01  0.000000E+00  0.000000E+00
  4.250000E-01  0.000000E+00  0.000000E+00
  4.750000E-01  0.000000E+00  0.000000E+00
  5.250000E-01  0.000000E+00  0.000000E+00
  5.750000E-01  0.000000E+00  0.000000E+00
  6.250000E-01  0.000000E+00  0.000000E+00
  6.750000E-01  0.000000E+00  0.000000E+00
  7.250000E-01  0.000000E+00  0.000000E+00
  7.750000E-01  0.000000E+00  0.000000E+00
  8.250000E-01  0.000000E+00  0.000000E+00
  8.750000E-01  0.000000E+00  0.000000E+00
  9.250000E-01  0.000000E+00  0.000000E+00
  9.750000E-01  0.000000E+00  0.000000E+00
  1.025000E+00  0.000000E+00  0.000000E+00
  1.075000E+00  0.000000E+00  0.000000E+00
  1.125000E+00  0.000000E+00  0.000000E+00
  1.175000E+00  0.000000E+00  0.000000E+00
  1.225000E+00  0.000000E+00  0.000000E+00
  1.275000E+00  0.000000E+00  0.000000E+00
  1.325000E+00  0.000000E+00  0.000000E+00
  1.375000E+00  0.000000E+00  0.000000E+00
  1.425000E+00  0.000000E+00  0.000000E+00
  1.475000E+00  0.000000E+00  0.000000E+00
  1.525000E+00  0.000000E+00  0.000000E+00
  1.575000E+00  0.000000E+00  0.000000E+00
  1.625000E+00  3.520805E-05  4.406234E-07
  1.675000E+00  0.000000E+00  4.406234E-07
  1.725000E+00  0.000000E+00  4.406234E-07
  1.775000E+00  0.000000E+00  4.406234E-07
  1.825000E+00  2.791451E-05  8.812467E-07
  1.875000E+00  0.000000E+00  8.812467E-07
  1.925000E+00  0.000000E+00  8.812467E-07
  1.975000E+00  2.383557E-05  1.321870E-06
  2.025000E+00  2.494041E-04  6.168727E-06
  2.075000E+00  3.044702E-03  6.829662E-05
  2.125000E+00  2.602508E-02  6.252445E-04
  2.175000E+00  1.163698E-01  3.234175E-03
  2.225000E+00  3.279808E-01  1.092922E-02
  2.275000E+00  5.648595E-01  2.478418E-02
  2.325000E+00  8.779575E-01  4.727580E-02
  2.375000E+00  1.317249E+00  8.248822E-02
  2.425000E+00  1.854850E+00  1.341813E-01
  2.475000E+00  2.479557E+00  2.061633E-01
  2.525000E+00  3.192081E+00  3.026118E-01
  2.575000E+00  3.659839E+00  4.176162E-01
  2.625000E+00  3.929442E+00  5.459341E-01
  2.675000E+00  3.925085E+00  6.790389E-01
  2.725000E+00  3.620750E+00  8.064562E-01
  2.775000E+00  3.102010E+00  9.196611E-01
  2.825000E+00  2.614825E+00  1.018556E+00
  2.875000E+00  2.023883E+00  1.097835E+00
  2.925000E+00  1.670843E+00  1.165581E+00
  2.975000E+00  1.315465E+00  1.220757E+00
  3.025000E+00  1.067724E+00  1.267059E+00
  3.075000E+00  8.854754E-01  1.306738E+00
  3.125000E+00  7.732512E-01  1.342524E+00
  3.175000E+00  7.050109E-01  1.376205E+00
  3.225000E+00  6.614628E-01  1.408808E+00
  3.275000E+00  6.241781E-01  1.440534E+00
  3.325000E+00  6.223587E-01  1.473142E+00
  3.375000E+00  6.115078E-01  1.506152E+00
  3.425000E+00  6.029784E-01  1.539672E+00
  3.475000E+00  5.843272E-01  1.573112E+00
  3.525000E+00  5.918354E-01  1.607962E+00
  3.575000E+00  6.110725E-01  1.644974E+00
  3.625000E+00  6.377686E-01  1.684690E+00
  3.675000E+00  6.483109E-01  1.726185E+00
  3.725000E+00  6.717643E-01  1.770358E+00
  3.775000E+00  7.265933E-01  1.819428E+00
  3.825000E+00  7.460487E-01  1.871156E+00
  3.875000E+00  7.935342E-01  1.927623E+00
  3.925000E+00  8.353437E-01  1.988610E+00
  3.975000E+00  8.422239E-01  2.051675E+00
  4.025000E+00  8.880433E-01  2.119855E+00
  4.075000E+00  9.138768E-01  2.191773E+00
  4.125000E+00  9.240084E-01  2.266282E+00
  4.175000E+00  9.170888E-01  2.342038E+00
  4.225000E+00  9.038764E-01  2.418501E+00
  4.275000E+00  8.867285E-01  2.495299E+00
  4.325000E+00  8.864757E-01  2.573882E+00
  4.375000E+00  8.980641E-01  2.655344E+00
  4.425000E+00  8.722996E-01  2.736287E+00
  4.475000E+00  8.890565E-01  2.820661E+00
  4.525000E+00  8.600544E-01  2.904116E+00
  4.575000E+00  8.592425E-01  2.989344E+00
  4.625000E+00  8.764336E-01  3.078189E+00
  4.675000E+00  8.858686E-01  3.169942E+00
  4.725000E+00  8.614264E-01  3.261083E+00
  4.775000E+00  8.572313E-01  3.353709E+00
  4.825000E+00  8.538388E-01  3.447910E+00
  4.875000E+00  8.759203E-01  3.546562E+00
  4.925000E+00  8.882245E-01  3.648661E+00
  4.975000E+00  8.964487E-01  3.753809E+00
  5.025000E+00  9.306426E-01  3.865172E+00
  5.075000E+00  9.386184E-01  3.979737E+00
  5.125000E+00  9.614527E-01  4.099412E+00
  5.175000E+00  1.005162E+00  4.226981E+00
  5.225000E+00  1.022784E+00  4.359306E+00
  5.275000E+00  1.039358E+00  4.496362E+00
  5.325000E+00  1.061735E+00  4.639036E+00
  5.375000E+00  1.056289E+00  4.783655E+00
  5.425000E+00  1.071027E+00  4.933034E+00
  5.475000E+00  1.092356E+00  5.088208E+00
  5.525000E+00  1.046632E+00  5.239615E+00
  5.575000E+00  1.055009E+00  5.395009E+00
  5.625000E+00  1.056619E+00  5.553444E+00
  5.675000E+00  1.046686E+00  5.713192E+00
  5.725000E+00  1.051101E+00  5.876453E+00
  5.775000E+00  1.057635E+00  6.043611E+00
  5.825000E+00  1.021262E+00  6.207827E+00
  5.875000E+00  1.051359E+00  6.379798E+00
  5.925000E+00  1.041788E+00  6.553115E+00
  5.975000E+00  1.046459E+00  6.730161E+00
Li      O       
  2.500000E-02  0.000000E+00  0.000000E+00
  7.500000E-02  0.000000E+00  0.000000E+00
  1.250000E-01  0.000000E+00  0.000000E+00
  1.750000E-01  0.000000E+00  0.000000E+00
  2.250000E-01  0.000000E+00  0.000000E+00
  2.750000E-01  0.000000E+00  0.000000E+00
  3.250000E-01  0.000000E+00  0.000000E+00
  3.750000E-01  0.000000E+00  0.000000E+00
  4.250000E-01  0.000000E+00  0.000000E+00
  4.750000E-01  0.000000E+00  0.000000E+00
  5.250000E-01  0.000000E+00  0.000000E+00
  5.750000E-01  0.000000E+00  0.000000E+00
  6.250000E-01  0.000000E+00  0.000000E+00
  6.750000E-01  0.000000E+00  0.000000E+00
  7.250000E-01  0.000000E+00  0.000000E+00
  7.750000E-01  2.579156E-05  4.406234E-07
  8.250000E-01  4.552195E-05  1.321870E-06
  8.750000E-01  0.000000E+00  1.321870E-06
  9.250000E-01  2.534957E-04  7.490597E-06
  9.750000E-01  8.800778E-04  3.128426E-05
  1.025000E+00  1.358180E-02  4.370984E-04
  1.075000E+00  3.092627E-01  1.060096E-02
  1.125000E+00  2.985647E+00  1.180619E-01
  1.175000E+00  1.354014E+01  6.496806E-01
  1.225000E+00  1.899803E+01  1.460412E+00
  1.275000E+00  8.626917E+00  1.859223E+00
  1.325000E+00  2.759015E+00  1.996967E+00
  1.375000E+00  9.034454E-01  2.045540E+00
  1.425000E+00  3.344024E-01  2.064850E+00
  1.475000E+00  1.542070E-01  2.074390E+00
  1.525000E+00  9.566367E-02  2.080716E+00
  1.575000E+00  6.326417E-02  2.085179E+00
  1.625000E+00  5.314655E-02  2.089170E+00
  1.675000E+00  4.644235E-02  2.092875E+00
  1.725000E+00  4.147194E-02  2.096384E+00
  1.775000E+00  4.353591E-02  2.100285E+00
  1.825000E+00  4.855729E-02  2.104883E+00
  1.875000E+00  5.959533E-02  2.110841E+00
  1.925000E+00  7.206206E-02  2.118434E+00
  1.975000E+00  8.042122E-02  2.127354E+00
  2.025000E+00  9.584296E-02  2.138530E+00
  2.075000E+00  1.184339E-01  2.153030E+00
  2.125000E+00  1.424516E-01  2.171321E+00
  2.175000E+00  1.754719E-01  2.194925E+00
  2.225000E+00  2.353527E-01  2.228056E+00
  2.275000E+00  2.899387E-01  2.270726E+00
  2.325000E+00  3.680960E-01  2.327305E+00
  2.375000E+00  4.648105E-01  2.401856E+00
  2.425000E+00  5.725225E-01  2.497591E+00
  2.475000E+00  7.031488E-01  2.620066E+00
  2.525000E+00  8.063605E-01  2.766251E+00
  2.575000E+00  9.309918E-01  2.941780E+00
  2.625000E+00  9.994484E-01  3.137605E+00
  2.675000E+00  1.037159E+00  3.348634E+00
  2.725000E+00  1.074040E+00  3.575412E+00
  2.775000E+00  1.075797E+00  3.810973E+00
  2.825000E+00  1.093233E+00  4.059056E+00
  2.875000E+00  1.074528E+00  4.311602E+00
  2.925000E+00  1.038585E+00  4.564264E+00
  2.975000E+00  1.017335E+00  4.820290E+00
  3.025000E+00  1.007361E+00  5.082399E+00
  3.075000E+00  9.952601E-01  5.349990E+00
  3.125000E+00  9.906794E-01  5.625082E+00
  3.175000E+00  1.008926E+00  5.914278E+00
  3.225000E+00  1.013610E+00  6.214039E+00
  3.275000E+00  1.010786E+00  6.522305E+00
  3.325000E+00  1.037479E+00  6.848447E+00
  3.375000E+00  1.042391E+00  7.186062E+00
  3.425000E+00  1.067961E+00  7.542284E+00
  3.475000E+00  1.095718E+00  7.918512E+00
  3.525000E+00  1.131719E+00  8.318365E+00
  3.575000E+00  1.147595E+00  8.735411E+00
  3.625000E+00  1.166241E+00  9.171170E+00
  3.675000E+00  1.169185E+00  9.620164E+00
  3.725000E+00  1.165635E+00  1.008006E+01
  3.775000E+00  1.156668E+00  1.054875E+01
  3.825000E+00  1.145345E+00  1.102522E+01
  3.875000E+00  1.124053E+00  1.150515E+01
  3.925000E+00  1.102518E+00  1.198810E+01
  3.975000E+00  1.088035E+00  1.247693E+01
  4.025000E+00  1.054232E+00  1.296257E+01
  4.075000E+00  1.030231E+00  1.344901E+01
  4.125000E+00  1.008055E+00  1.393673E+01
  4.175000E+00  9.693812E-01  1.441718E+01
  4.225000E+00  9.574863E-01  1.490317E+01
  4.275000E+00  9.280943E-01  1.538546E+01
  4.325000E+00  9.193311E-01  1.587443E+01
  4.375000E+00  9.134789E-01  1.637159E+01
  4.425000E+00  9.098677E-01  1.687817E+01
  4.475000E+00  9.171912E-01  1.740043E+01
  4.525000E+00  9.221625E-01  1.793732E+01
  4.575000E+00  9.250979E-01  1.848788E+01
  4.625000E+00  9.413060E-01  1.906041E+01
  4.675000E+00  9.452243E-01  1.964781E+01
  4.725000E+00  9.566359E-01  2.025509E+01
  4.775000E+00  9.568479E-01  2.087543E+01
  4.825000E+00  9.680090E-01  2.151622E+01
  4.875000E+00  9.779454E-01  2.217707E+01
  4.925000E+00  9.818222E-01  2.285422E+01
  4.975000E+00  9.839997E-01  2.354672E+01
  5.025000E+00  9.907158E-01  2.425804E+01
  5.075000E+00  9.915253E-01  2.498417E+01
  5.125000E+00  1.002249E+00  2.573269E+01
  5.175000E+00  9.938036E-01  2.648945E+01
  5.225000E+00  9.855509E-01  2.725450E+01
  5.275000E+00  9.784713E-01  2.802866E+01
  5.325000E+00  9.625315E-01  2.880472E+01
  5.375000E+00  9.647294E-01  2.959722E+01
  5.425000E+00  9.556167E-01  3.039691E+01
  5.475000E+00  9.606104E-01  3.121567E+01
  5.525000E+00  9.541196E-01  3.204382E+01
  5.575000E+00  9.524391E-01  3.288553E+01
  5.625000E+00  9.549708E-01  3.374469E+01
  5.675000E+00  9.546936E-01  3.461894E+01
  5.725000E+00  9.521588E-01  3.550630E+01
  5.775000E+00  9.571309E-01  3.641394E+01
  5.825000E+00  9.578930E-01  3.733810E+01
  5.875000E+00  9.600062E-01  3.828027E+01
  5.925000E+00  9.623124E-01  3.924084E+01
  5.975000E+00  9.643174E-01  4.021973E+01
Li      O_s     
  2.500000E-02  0.000000E+00  0.000000E+00
  7.500000E-02  0.000000E+00  0.000000E+00
  1.250000E-01  0.000000E+00  0.000000E+00
  1.750000E-01  0.000000E+00  0.000000E+00
  2.250000E-01  0.000000E+00  0.000000E+00
  2.750000E-01  0.000000E+00  0.000000E+00
  3.250000E-01  0.000000E+00  0.000000E+00
  3.750000E-01  0.000000E+00  0.000000E+00
  4.250000E-01  0.000000E+00  0.000000E+00
  4.750000E-01  0.000000E+00  0.000000E+00
  5.250000E-01  0.000000E+00  0.000000E+00
  5.750000E-01  0.000000E+00  0.000000E+00
  6.250000E-01  0.000000E+00  0.000000E+00
  6.750000E-01  3.399583E-05  4.406234E-07
  7.250000E-01  5.894047E-05  1.321870E-06
  7.750000E-01  7.737469E-05  2.643740E-06
  8.250000E-01  2.276098E-04  7.049974E-06
  8.750000E-01  5.665725E-04  1.938743E-05
  9.250000E-01  1.086410E-03  4.582483E-05
  9.750000E-01  1.199513E-02  3.701236E-04
  1.025000E+00  2.255361E+00  6.775862E-02
  1.075000E+00  2.441144E+01  8.700359E-01
  1.125000E+00  2.236099E+01  1.674864E+00
  1.175000E+00  5.537338E+00  1.892274E+00
  1.225000E+00  1.941038E+00  1.975107E+00
  1.275000E+00  9.724483E-01  2.020062E+00
  1.325000E+00  4.784580E-01  2.043949E+00
  1.375000E+00  2.602827E-01  2.057942E+00
  1.425000E+00  1.550533E-01  2.066896E+00
  1.475000E+00  1.048368E-01  2.073382E+00
  1.525000E+00  6.982555E-02  2.078000E+00
  1.575000E+00  5.733628E-02  2.082044E+00
  1.625000E+00  4.771864E-02  2.085627E+00
  1.675000E+00  4.356490E-02  2.089103E+00
  1.725000E+00  3.861306E-02  2.092370E+00
  1.775000E+00  4.247850E-02  2.096176E+00
  1.825000E+00  4.917141E-02  2.100833E+00
  1.875000E+00  5.371117E-02  2.106202E+00
  1.925000E+00  6.693538E-02  2.113255E+00
  1.975000E+00  8.791750E-02  2.123007E+00
  2.025000E+00  1.041338E-01  2.135149E+00
  2.075000E+00  1.467431E-01  2.153115E+00
  2.125000E+00  1.844130E-01  2.176794E+00
  2.175000E+00  2.421800E-01  2.209371E+00
  2.225000E+00  3.321187E-01  2.256124E+00
  2.275000E+00  4.315099E-01  2.319629E+00
  2.325000E+00  5.567564E-01  2.405207E+00
  2.375000E+00  6.875059E-01  2.515476E+00
  2.425000E+00  7.887172E-01  2.647362E+00
  2.475000E+00  8.853950E-01  2.801581E+00
  2.525000E+00  9.656624E-01  2.976645E+00
  2.575000E+00  9.951946E-01  3.164279E+00
  2.625000E+00  1.017558E+00  3.363653E+00
  2.675000E+00  1.013715E+00  3.569911E+00
  2.725000E+00  1.034248E+00  3.788288E+00
  2.775000E+00  9.959424E-01  4.006363E+00
  2.825000E+00  9.853575E-01  4.229967E+00
  2.875000E+00  9.548870E-01  4.454393E+00
  2.925000E+00  9.400138E-01  4.683075E+00
  2.975000E+00  9.329619E-01  4.917868E+00
  3.025000E+00  9.128108E-01  5.155375E+00
  3.075000E+00  9.411331E-01  5.408414E+00
  3.125000E+00  9.470725E-01  5.671397E+00
  3.175000E+00  9.541277E-01  5.944886E+00
  3.225000E+00  9.683615E-01  6.231265E+00
  3.275000E+00  9.846166E-01  6.531550E+00
  3.325000E+00  1.004301E+00  6.847262E+00
  3.375000E+00  1.019610E+00  7.177499E+00
  3.425000E+00  1.045138E+00  7.526107E+00
  3.475000E+00  1.076844E+00  7.895855E+00
  3.525000E+00  1.120614E+00  8.291784E+00
  3.575000E+00  1.139283E+00  8.705809E+00
  3.625000E+00  1.162983E+00  9.140352E+00
  3.675000E+00  1.161773E+00  9.586499E+00
  3.725000E+00  1.157341E+00  1.004312E+01
  3.775000E+00  1.143140E+00  1.050633E+01
  3.825000E+00  1.139588E+00  1.098041E+01
  3.875000E+00  1.140287E+00  1.146726E+01
  3.925000E+00  1.106641E+00  1.195203E+01
  3.975000E+00  1.073869E+00  1.243449E+01
  4.025000E+00  1.044618E+00  1.291570E+01
  4.075000E+00  1.017403E+00  1.339608E+01
  4.125000E+00  9.973594E-01  1.387863E+01
  4.175000E+00  9.798291E-01  1.436426E+01
  4.225000E+00  9.620005E-01  1.485254E+01
  4.275000E+00  9.410912E-01  1.534158E+01
  4.325000E+00  9.317294E-01  1.583715E+01
  4.375000E+00  9.204536E-01  1.633810E+01
  4.425000E+00  9.172650E-01  1.684880E+01
  4.475000E+00  9.027176E-01  1.736282E+01
  4.525000E+00  9.098801E-01  1.789255E+01
  4.575000E+00  9.116995E-01  1.843515E+01
  4.625000E+00  9.180767E-01  1.899354E+01
  4.675000E+00  9.190370E-01  1.956468E+01
  4.725000E+00  9.207022E-01  2.014915E+01
  4.775000E+00  9.305287E-01  2.075242E+01
  4.825000E+00  9.379572E-01  2.137332E+01
  4.875000E+00  9.507446E-01  2.201579E+01
  4.925000E+00  9.556993E-01  2.267492E+01
  4.975000E+00  9.654741E-01  2.335438E+01
  5.025000E+00  9.783136E-01  2.405679E+01
  5.075000E+00  9.845478E-01  2.477781E+01
  5.125000E+00  9.938387E-01  2.552005E+01
  5.175000E+00  1.000724E+00  2.628208E+01
  5.225000E+00  9.904994E-01  2.705098E+01
  5.275000E+00  9.897393E-01  2.783405E+01
  5.325000E+00  9.832149E-01  2.862679E+01
  5.375000E+00  9.712855E-01  2.942468E+01
  5.425000E+00  9.688544E-01  3.023545E+01
  5.475000E+00  9.740959E-01  3.106570E+01
  5.525000E+00  9.667494E-01  3.190480E+01
  5.575000E+00  9.624487E-01  3.275536E+01
  5.625000E+00  9.663916E-01  3.362480E+01
  5.675000E+00  9.649646E-01  3.450845E+01
  5.725000E+00  9.644058E-01  3.540722E+01
  5.775000E+00  9.678406E-01  3.632502E+01
  5.825000E+00  9.627117E-01  3.725383E+01
  5.875000E+00  9.660156E-01  3.820189E+01
  5.925000E+00  9.727930E-01  3.917293E+01
  5.975000E+00  9.716470E-01  4.015926E+01
La      La      
  2.500000E-02  0.000000E+00  0.000000E+00
  7.500000E-02  0.000000E+00  0.000000E+00
  1.250000E-01  0.000000E+00  0.000000E+00
  1.750000E-01  0.000000E+00  0.000000E+00
  2.250000E-01  0.000000E+00  0.000000E+00
  2.750000E-01  0.000000E+00  0.000000E+00
  3.250000E-01  0.000000E+00  0.000000E+00
  3.750000E-01  0.000000E+00  0.000000E+00
  4.250000E-01  0.000000E+00  0.000000E+00
  4.750000E-01  0.000000E+00  0.000000E+00
  5.250000E-01  0.000000E+00  0.000000E+00
  5.750000E-01  0.000000E+00  0.000000E+00
  6.250000E-01  0.000000E+00  0.000000E+00
  6.750000E-01  0.000000E+00  0.000000E+00
  7.250000E-01  0.000000E+00  0.000000E+00
  7.750000E-01  0.000000E+00  0.000000E+00
  8.250000E-01  0.000000E+00  0.000000E+00
  8.750000E-01  0.000000E+00  0.000000E+00
  9.250000E-01  0.000000E+00  0.000000E+00
  9.750000E-01  0.000000E+00  0.000000E+00
  1.025000E+00  0.000000E+00  0.000000E+00
  1.075000E+00  0.000000E+00  0.000000E+00
  1.125000E+00  0.000000E+00  0.000000E+00
  1.175000E+00  0.000000E+00  0.000000E+00
  1.225000E+00  0.000000E+00  0.000000E+00
  1.275000E+00  0.000000E+00  0.000000E+00
  1.325000E+00  0.000000E+00  0.000000E+00
  1.375000E+00  0.000000E+00  0.000000E+00
  1.425000E+00  0.000000E+00  0.000000E+00
  1.475000E+00  0.000000E+00  0.000000E+00
  1.525000E+00  0.000000E+00  0.000000E+00
  1.575000E+00  0.000000E+00  0.000000E+00
  1.625000E+00  0.000000E+00  0.000000E+00
  1.675000E+00  0.000000E+00  0.000000E+00
  1.725000E+00  0.000000E+00  0.000000E+00
  1.775000E+00  0.000000E+00  0.000000E+00
  1.825000E+00  0.000000E+00  0.000000E+00
  1.875000E+00  0.000000E+00  0.000000E+00
  1.925000E+00  0.000000E+00  0.000000E+00
  1.975000E+00  0.000000E+00  0.000000E+00
  2.025000E+00  0.000000E+00  0.000000E+00
  2.075000E+00  0.000000E+00  0.000000E+00
  2.125000E+00  0.000000E+00  0.000000E+00
  2.175000E+00  0.000000E+00  0.000000E+00
  2.225000E+00  0.000000E+00  0.000000E+00
  2.275000E+00  0.000000E+00  0.000000E+00
  2.325000E+00  0.000000E+00  0.000000E+00
  2.375000E+00  0.000000E+00  0.000000E+00
  2.425000E+00  0.000000E+00  0.000000E+00
  2.475000E+00  0.000000E+00  0.000000E+00
  2.525000E+00  0.000000E+00  0.000000E+00
  2.575000E+00  0.000000E+00  0.000000E+00
  2.625000E+00  0.000000E+00  0.000000E+00
  2.675000E+00  0.000000E+00  0.000000E+00
  2.725000E+00  0.000000E+00  0.000000E+00
  2.775000E+00  0.000000E+00  0.000000E+00
  2.825000E+00  0.000000E+00  0.000000E+00
  2.875000E+00  0.000000E+00  0.000000E+00
  2.925000E+00  0.000000E+00  0.000000E+00
  2.975000E+00  0.000000E+00  0.000000E+00
  3.025000E+00  0.000000E+00  0.000000E+00
  3.075000E+00  0.000000E+00  0.000000E+00
  3.125000E+00  1.186642E-04  8.237682E-06
  3.175000E+00  6.035205E-04  5.148551E-05
  3.225000E+00  9.192105E-04  1.194464E-04
  3.275000E+00  3.727496E-03  4.036464E-04
  3.325000E+00  1.383603E-02  1.491020E-03
  3.375000E+00  4.130472E-02  4.835519E-03
  3.425000E+00  1.036771E-01  1.348097E-02
  3.475000E+00  2.079558E-01  3.133202E-02
  3.525000E+00  3.993702E-01  6.660784E-02
  3.575000E+00  5.907464E-01  1.202784E-01
  3.625000E+00  8.547559E-01  2.001221E-01
  3.675000E+00  1.152992E+00  3.108160E-01
  3.725000E+00  1.486419E+00  4.574302E-01
  3.775000E+00  1.809172E+00  6.407022E-01
  3.825000E+00  2.135047E+00  8.627530E-01
  3.875000E+00  2.281715E+00  1.106302E+00
  3.925000E+00  2.373832E+00  1.366265E+00
  3.975000E+00  2.317808E+00  1.626600E+00
  4.025000E+00  2.235868E+00  1.884090E+00
  4.075000E+00  2.093459E+00  2.131206E+00
  4.125000E+00  2.004776E+00  2.373696E+00
  4.175000E+00  1.943450E+00  2.614502E+00
  4.225000E+00  1.898064E+00  2.855351E+00
  4.275000E+00  1.832731E+00  3.093447E+00
  4.325000E+00  1.647663E+00  3.312537E+00
  4.375000E+00  1.549871E+00  3.523415E+00
  4.425000E+00  1.428163E+00  3.722201E+00
  4.475000E+00  1.328838E+00  3.911365E+00
  4.525000E+00  1.223738E+00  4.089482E+00
  4.575000E+00  1.107914E+00  4.254324E+00
  4.625000E+00  1.047385E+00  4.413585E+00
  4.675000E+00  1.002977E+00  4.569409E+00
  4.725000E+00  9.122173E-01  4.714180E+00
  4.775000E+00  8.261243E-01  4.848078E+00
  4.825000E+00  7.915947E-01  4.979079E+00
  4.875000E+00  7.509133E-01  5.105938E+00
  4.925000E+00  7.353378E-01  5.232726E+00
  4.975000E+00  7.060351E-01  5.356946E+00
  5.025000E+00  6.835988E-01  5.479648E+00
  5.075000E+00  6.576195E-01  5.600048E+00
  5.125000E+00  6.562998E-01  5.722586E+00
  5.175000E+00  6.665698E-01  5.849481E+00
  5.225000E+00  6.852000E-01  5.982456E+00
  5.275000E+00  6.917211E-01  6.119278E+00
  5.325000E+00  6.846159E-01  6.257273E+00
  5.375000E+00  7.090814E-01  6.402897E+00
  5.425000E+00  7.010718E-01  6.549567E+00
  5.475000E+00  7.175618E-01  6.702466E+00
  5.525000E+00  7.115139E-01  6.856859E+00
  5.575000E+00  6.953970E-01  7.010498E+00
  5.625000E+00  7.062275E-01  7.169341E+00
  5.675000E+00  7.391492E-01  7.338557E+00
  5.725000E+00  7.459267E-01  7.512348E+00
  5.775000E+00  7.627752E-01  7.693181E+00
  5.825000E+00  7.535789E-01  7.874942E+00
  5.875000E+00  7.976233E-01  8.070642E+00
  5.925000E+00  8.085963E-01  8.272426E+00
  5.975000E+00  8.195950E-01  8.480422E+00
La      Zr      
  2.500000E-02  0.000000E+00  0.000000E+00
  7.500000E-02  0.000000E+00  0.000000E+00
  1.250000E-01  0.000000E+00  0.000000E+00
  1.750000E-01  0.000000E+00  0.000000E+00
  2.250000E-01  0.000000E+00  0.000000E+00
  2.750000E-01  0.000000E+00  0.000000E+00
  3.250000E-01  0.000000E+00  0.000000E+00
  3.750000E-01  0.000000E+00  0.000000E+00
  4.250000E-01  0.000000E+00  0.000000E+00
  4.750000E-01  0.000000E+00  0.000000E+00
  5.250000E-01  0.000000E+00  0.000000E+00
  5.750000E-01  0.000000E+00  0.000000E+00
  6.250000E-01  0.000000E+00  0.000000E+00
  6.750000E-01  0.000000E+00  0.000000E+00
  7.250000E-01  0.000000E+00  0.000000E+00
  7.750000E-01  0.000000E+00  0.000000E+00
  8.250000E-01  0.000000E+00  0.000000E+00
  8.750000E-01  0.000000E+00  0.000000E+00
  9.250000E-01  0.000000E+00  0.000000E+00
  9.750000E-01  0.000000E+00  0.000000E+00
  1.025000E+00  0.000000E+00  0.000000E+00
  1.075000E+00  0.000000E+00  0.000000E+00
  1.125000E+00  0.000000E+00  0.000000E+00
  1.175000E+00  0.000000E+00  0.000000E+00
  1.225000E+00  0.000000E+00  0.000000E+00
  1.275000E+00  0.000000E+00  0.000000E+00
  1.325000E+00  0.000000E+00  0.000000E+00
  1.375000E+00  0.000000E+00  0.000000E+00
  1.425000E+00  0.000000E+00  0.000000E+00
  1.475000E+00  0.000000E+00  0.000000E+00
  1.525000E+00  0.000000E+00  0.000000E+00
  1.575000E+00  0.000000E+00  0.000000E+00
  1.625000E+00  0.000000E+00  0.000000E+00
  1.675000E+00  0.000000E+00  0.000000E+00
  1.725000E+00  0.000000E+00  0.000000E+00
  1.775000E+00  0.000000E+00  0.000000E+00
  1.825000E+00  0.000000E+00  0.000000E+00
  1.875000E+00  0.000000E+00  0.000000E+00
  1.925000E+00  0.000000E+00  0.000000E+00
  1.975000E+00  0.000000E+00  0.000000E+00
  2.025000E+00  0.000000E+00  0.000000E+00
  2.075000E+00  0.000000E+00  0.000000E+00
  2.125000E+00  0.000000E+00  0.000000E+00
  2.175000E+00  0.000000E+00  0.000000E+00
  2.225000E+00  0.000000E+00  0.000000E+00
  2.275000E+00  0.000000E+00  0.000000E+00
  2.325000E+00  0.000000E+00  0.000000E+00
  2.375000E+00  0.000000E+00  0.000000E+00
  2.425000E+00  0.000000E+00  0.000000E+00
  2.475000E+00  0.000000E+00  0.000000E+00
  2.525000E+00  0.000000E+00  0.000000E+00
  2.575000E+00  0.000000E+00  0.000000E+00
  2.625000E+00  0.000000E+00  0.000000E+00
  2.675000E+00  0.000000E+00  0.000000E+00
  2.725000E+00  0.000000E+00  0.000000E+00
  2.775000E+00  0.000000E+00  0.000000E+00
  2.825000E+00  0.000000E+00  0.000000E+00
  2.875000E+00  0.000000E+00  0.000000E+00
  2.925000E+00  0.000000E+00  0.000000E+00
  2.975000E+00  2.451182E-05  1.028121E-06
  3.025000E+00  1.896658E-04  9.253091E-06
  3.075000E+00  1.628989E-03  8.224969E-05
  3.125000E+00  7.664247E-03  4.369515E-04
  3.175000E+00  3.221700E-02  1.976049E-03
  3.225000E+00  1.014160E-01  6.974774E-03
  3.275000E+00  2.550204E-01  1.993733E-02
  3.325000E+00  5.552168E-01  4.902699E-02
  3.375000E+00  1.121620E+00  1.095730E-01
  3.425000E+00  1.744225E+00  2.065382E-01
  3.475000E+00  2.663208E+00  3.589459E-01
  3.525000E+00  3.425014E+00  5.606304E-01
  3.575000E+00  3.907800E+00  7.973182E-01
  3.625000E+00  4.271201E+00  1.063303E+00
  3.675000E+00  4.325288E+00  1.340138E+00
  3.725000E+00  4.105605E+00  1.610112E+00
  3.775000E+00  3.875841E+00  1.871864E+00
  3.825000E+00  3.591750E+00  2.120899E+00
  3.875000E+00  3.369929E+00  2.360702E+00
  3.925000E+00  3.113688E+00  2.588026E+00
  3.975000E+00  2.803108E+00  2.797922E+00
  4.025000E+00  2.515072E+00  2.991017E+00
  4.075000E+00  2.292970E+00  3.171462E+00
  4.125000E+00  2.125088E+00  3.342824E+00
  4.175000E+00  1.807793E+00  3.492155E+00
  4.225000E+00  1.605866E+00  3.628003E+00
  4.275000E+00  1.371442E+00  3.746782E+00
  4.325000E+00  1.154151E+00  3.849093E+00
  4.375000E+00  1.006734E+00  3.940412E+00
  4.425000E+00  8.579577E-01  4.020025E+00
  4.475000E+00  7.881378E-01  4.094821E+00
  4.525000E+00  7.022538E-01  4.162963E+00
  4.575000E+00  6.242377E-01  4.224882E+00
  4.625000E+00  5.687135E-01  4.282533E+00
  4.675000E+00  5.652795E-01  4.341081E+00
  4.725000E+00  5.147427E-01  4.395542E+00
  4.775000E+00  5.014408E-01  4.449724E+00
  4.825000E+00  4.934412E-01  4.504164E+00
  4.875000E+00  4.801580E-01  4.558242E+00
  4.925000E+00  4.994375E-01  4.615651E+00
  4.975000E+00  4.979603E-01  4.674059E+00
  5.025000E+00  4.979462E-01  4.733645E+00
  5.075000E+00  5.075397E-01  4.795593E+00
  5.125000E+00  5.072662E-01  4.858734E+00
  5.175000E+00  5.060660E-01  4.922961E+00
  5.225000E+00  5.172710E-01  4.989884E+00
  5.275000E+00  5.180526E-01  5.058198E+00
  5.325000E+00  5.383692E-01  5.130543E+00
  5.375000E+00  5.509426E-01  5.205974E+00
  5.425000E+00  5.502030E-01  5.282712E+00
  5.475000E+00  5.810191E-01  5.365248E+00
  5.525000E+00  6.108123E-01  5.453609E+00
  5.575000E+00  6.287962E-01  5.546225E+00
  5.625000E+00  6.381482E-01  5.641913E+00
  5.675000E+00  6.468049E-01  5.740630E+00
  5.725000E+00  6.804678E-01  5.846323E+00
  5.775000E+00  6.739464E-01  5.952839E+00
  5.825000E+00  6.830721E-01  6.062675E+00
  5.875000E+00  6.898926E-01  6.175521E+00
  5.925000E+00  7.230652E-01  6.295814E+00
  5.975000E+00  7.375765E-01  6.420601E+00
La      O       
  2.500000E-02  0.000000E+00  0.000000E+00
  7.500000E-02  0.000000E+00  0.000000E+00
  1.250000E-01  0.000000E+00  0.000000E+00
  1.750000E-01  0.000000E+00  0.000000E+00
  2.250000E-01  0.000000E+00  0.000000E+00
  2.750000E-01  0.000000E+00  0.000000E+00
  3.250000E-01  0.000000E+00  0.000000E+00
  3.750000E-01  0.000000E+00  0.000000E+00
  4.250000E-01  0.000000E+00  0.000000E+00
  4.750000E-01  0.000000E+00  0.000000E+00
  5.250000E-01  0.000000E+00  0.000000E+00
  5.750000E-01  0.000000E+00  0.000000E+00
  6.250000E-01  0.000000E+00  0.000000E+00
  6.750000E-01  0.000000E+00  0.000000E+00
  7.250000E-01  0.000000E+00  0.000000E+00
  7.750000E-01  0.000000E+00  0.000000E+00
  8.250000E-01  0.000000E+00  0.000000E+00
  8.750000E-01  0.000000E+00  0.000000E+00
  9.250000E-01  0.000000E+00  0.000000E+00
  9.750000E-01  0.000000E+00  0.000000E+00
  1.025000E+00  0.000000E+00  0.000000E+00
  1.075000E+00  0.000000E+00  0.000000E+00
  1.125000E+00  0.000000E+00  0.000000E+00
  1.175000E+00  0.000000E+00  0.000000E+00
  1.225000E+00  0.000000E+00  0.000000E+00
  1.275000E+00  2.223988E-05  1.028121E-06
  1.325000E+00  0.000000E+00  1.028121E-06
  1.375000E+00  1.912297E-05  2.056242E-06
  1.425000E+00  1.780468E-05  3.084364E-06
  1.475000E+00  0.000000E+00  3.084364E-06
  1.525000E+00  0.000000E+00  3.084364E-06
  1.575000E+00  0.000000E+00  3.084364E-06
  1.625000E+00  1.369202E-05  4.112485E-06
  1.675000E+00  1.288685E-05  5.140606E-06
  1.725000E+00  2.430132E-05  7.196848E-06
  1.775000E+00  1.147580E-05  8.224969E-06
  1.825000E+00  8.684515E-05  1.644994E-05
  1.875000E+00  5.142215E-05  2.159054E-05
  1.925000E+00  7.805713E-05  2.981551E-05
  1.975000E+00  1.019633E-04  4.112485E-05
  2.025000E+00  1.763463E-04  6.168727E-05
  2.075000E+00  1.175653E-03  2.056242E-04
  2.125000E+00  1.496511E-02  2.127183E-03
  2.175000E+00  1.135233E-01  1.739787E-02
  2.225000E+00  5.382158E-01  9.316320E-02
  2.275000E+00  1.612884E+00  3.305296E-01
  2.325000E+00  3.366508E+00  8.479913E-01
  2.375000E+00  5.097047E+00  1.665510E+00
  2.425000E+00  5.888855E+00  2.650214E+00
  2.475000E+00  5.473362E+00  3.603570E+00
  2.525000E+00  4.564509E+00  4.431068E+00
  2.575000E+00  3.492620E+00  5.089567E+00
  2.625000E+00  2.570500E+00  5.593213E+00
  2.675000E+00  1.908857E+00  5.981604E+00
  2.725000E+00  1.416493E+00  6.280689E+00
  2.775000E+00  1.085882E+00  6.518459E+00
  2.825000E+00  8.673426E-01  6.715281E+00
  2.875000E+00  7.280108E-01  6.886385E+00
  2.925000E+00  6.243479E-01  7.038274E+00
  2.975000E+00  5.393458E-01  7.174007E+00
  3.025000E+00  4.854418E-01  7.300316E+00
  3.075000E+00  4.550884E-01  7.422674E+00
  3.125000E+00  4.325968E-01  7.542798E+00
  3.175000E+00  4.206539E-01  7.663373E+00
  3.225000E+00  4.208354E-01  7.787829E+00
  3.275000E+00  4.253306E-01  7.917545E+00
  3.325000E+00  4.375336E-01  8.055088E+00
  3.375000E+00  4.542127E-01  8.202201E+00
  3.425000E+00  4.781963E-01  8.361704E+00
  3.475000E+00  5.096342E-01  8.536694E+00
  3.525000E+00  5.547932E-01  8.732710E+00
  3.575000E+00  5.869830E-01  8.946025E+00
  3.625000E+00  6.274753E-01  9.180477E+00
  3.675000E+00  6.530240E-01  9.431254E+00
  3.725000E+00  6.925020E-01  9.704476E+00
  3.775000E+00  7.144901E-01  9.993992E+00
  3.825000E+00  7.516626E-01  1.030669E+01
  3.875000E+00  7.850271E-01  1.064187E+01
  3.925000E+00  8.158387E-01  1.099924E+01
  3.975000E+00  8.325156E-01  1.137327E+01
  4.025000E+00  8.489564E-01  1.176435E+01
  4.075000E+00  8.613593E-01  1.217105E+01
  4.125000E+00  8.895153E-01  1.260142E+01
  4.175000E+00  8.855445E-01  1.304032E+01
  4.225000E+00  8.795485E-01  1.348675E+01
  4.275000E+00  8.948341E-01  1.395176E+01
  4.325000E+00  8.936366E-01  1.442706E+01
  4.375000E+00  8.971544E-01  1.491534E+01
  4.425000E+00  9.103444E-01  1.542218E+01
  4.475000E+00  9.372592E-01  1.595586E+01
  4.525000E+00  9.548044E-01  1.651176E+01
  4.575000E+00  9.701727E-01  1.708915E+01
  4.625000E+00  9.903280E-01  1.769149E+01
  4.675000E+00  1.022090E+00  1.832667E+01
  4.725000E+00  1.049691E+00  1.899302E+01
  4.775000E+00  1.090483E+00  1.970000E+01
  4.825000E+00  1.125040E+00  2.044473E+01
  4.875000E+00  1.139213E+00  2.121456E+01
  4.925000E+00  1.157622E+00  2.201296E+01
  4.975000E+00  1.179504E+00  2.284305E+01
  5.025000E+00  1.201034E+00  2.370537E+01
  5.075000E+00  1.216730E+00  2.459642E+01
  5.125000E+00  1.227088E+00  2.551286E+01
  5.175000E+00  1.218771E+00  2.644093E+01
  5.225000E+00  1.204302E+00  2.737579E+01
  5.275000E+00  1.190617E+00  2.831780E+01
  5.325000E+00  1.176874E+00  2.926668E+01
  5.375000E+00  1.162569E+00  3.022170E+01
  5.425000E+00  1.141475E+00  3.117693E+01
  5.475000E+00  1.111332E+00  3.212415E+01
  5.525000E+00  1.094751E+00  3.307435E+01
  5.575000E+00  1.073310E+00  3.402289E+01
  5.625000E+00  1.037194E+00  3.495602E+01
  5.675000E+00  1.031729E+00  3.590082E+01
  5.725000E+00  1.010579E+00  3.684262E+01
  5.775000E+00  9.962355E-01  3.778734E+01
  5.825000E+00  9.910541E-01  3.874349E+01
  5.875000E+00  9.851666E-01  3.971035E+01
  5.925000E+00  9.775312E-01  4.068612E+01
  5.975000E+00  9.694959E-01  4.167027E+01
La      O_s     
  2.500000E-02  0.000000E+00  0.000000E+00
  7.500000E-02  0.000000E+00  0.000000E+00
  1.250000E-01  0.000000E+00  0.000000E+00
  1.750000E-01  0.000000E+00  0.000000E+00
  2.250000E-01  0.000000E+00  0.000000E+00
  2.750000E-01  0.000000E+00  0.000000E+00
  3.250000E-01  0.000000E+00  0.000000E+00
  3.750000E-01  2.567456E-04  1.028121E-06
  4.250000E-01  0.000000E+00  1.028121E-06
  4.750000E-01  1.601107E-04  2.056242E-06
  5.250000E-01  0.000000E+00  2.056242E-06
  5.750000E-01  0.000000E+00  2.056242E-06
  6.250000E-01  0.000000E+00  2.056242E-06
  6.750000E-01  0.000000E+00  2.056242E-06
  7.250000E-01  0.000000E+00  2.056242E-06
  7.750000E-01  0.000000E+00  2.056242E-06
  8.250000E-01  0.000000E+00  2.056242E-06
  8.750000E-01  0.000000E+00  2.056242E-06
  9.250000E-01  4.224928E-05  3.084364E-06
  9.750000E-01  0.000000E+00  3.084364E-06
  1.025000E+00  0.000000E+00  3.084364E-06
  1.075000E+00  0.000000E+00  3.084364E-06
  1.125000E+00  0.000000E+00  3.084364E-06
  1.175000E+00  0.000000E+00  3.084364E-06
  1.225000E+00  0.000000E+00  3.084364E-06
  1.275000E+00  0.000000E+00  3.084364E-06
  1.325000E+00  2.059326E-05  4.112485E-06
  1.375000E+00  1.912297E-05  5.140606E-06
  1.425000E+00  3.560936E-05  7.196848E-06
  1.475000E+00  1.661816E-05  8.224969E-06
  1.525000E+00  1.554640E-05  9.253091E-06
  1.575000E+00  2.915016E-05  1.130933E-05
  1.625000E+00  2.738404E-05  1.336558E-05
  1.675000E+00  0.000000E+00  1.336558E-05
  1.725000E+00  4.860264E-05  1.747806E-05
  1.775000E+00  2.295160E-05  1.953430E-05
  1.825000E+00  2.171129E-05  2.159054E-05
  1.875000E+00  3.085329E-05  2.467491E-05
  1.925000E+00  5.854285E-05  3.084364E-05
  1.975000E+00  1.112327E-04  4.318109E-05
  2.025000E+00  7.053852E-05  5.140606E-05
  2.075000E+00  1.511554E-04  6.991224E-05
  2.125000E+00  2.161894E-04  9.767151E-05
  2.175000E+00  3.057249E-03  5.089200E-04
  2.225000E+00  5.974251E-02  8.918951E-03
  2.275000E+00  4.262993E-01  7.165696E-02
  2.325000E+00  1.567826E+00  3.126455E-01
  2.375000E+00  3.414958E+00  8.603729E-01
  2.425000E+00  5.026625E+00  1.700899E+00
  2.475000E+00  5.618017E+00  2.679451E+00
  2.525000E+00  5.190298E+00  3.620398E+00
  2.575000E+00  4.260978E+00  4.423764E+00
  2.625000E+00  3.294765E+00  5.069317E+00
  2.675000E+00  2.410457E+00  5.559768E+00
  2.725000E+00  1.812311E+00  5.942428E+00
  2.775000E+00  1.396523E+00  6.248217E+00
  2.825000E+00  1.061440E+00  6.489085E+00
  2.875000E+00  8.741781E-01  6.694543E+00
  2.925000E+00  7.353565E-01  6.873437E+00
  2.975000E+00  6.537262E-01  7.037956E+00
  3.025000E+00  5.795200E-01  7.188744E+00
  3.075000E+00  5.374939E-01  7.333257E+00
  3.125000E+00  4.929037E-01  7.470127E+00
  3.175000E+00  4.926669E-01  7.611343E+00
  3.225000E+00  4.995257E-01  7.759071E+00
  3.275000E+00  5.047953E-01  7.913022E+00
  3.325000E+00  5.304001E-01  8.079759E+00
  3.375000E+00  5.391484E-01  8.254381E+00
  3.425000E+00  5.666901E-01  8.443402E+00
  3.475000E+00  5.935397E-01  8.647201E+00
  3.525000E+00  6.319472E-01  8.870477E+00
  3.575000E+00  6.595694E-01  9.110170E+00
  3.625000E+00  6.858367E-01  9.366430E+00
  3.675000E+00  7.158508E-01  9.641333E+00
  3.725000E+00  7.337865E-01  9.930843E+00
  3.775000E+00  7.581212E-01  1.023804E+01
  3.825000E+00  7.892770E-01  1.056639E+01
  3.875000E+00  8.048113E-01  1.091001E+01
  3.925000E+00  8.220162E-01  1.127009E+01
  3.975000E+00  8.477333E-01  1.165096E+01
  4.025000E+00  8.375760E-01  1.203679E+01
  4.075000E+00  8.589619E-01  1.244236E+01
  4.125000E+00  8.631783E-01  1.285999E+01
  4.175000E+00  8.548228E-01  1.328366E+01
  4.225000E+00  8.638179E-01  1.372211E+01
  4.275000E+00  8.554366E-01  1.416664E+01
  4.325000E+00  8.705276E-01  1.462966E+01
  4.375000E+00  8.731840E-01  1.510488E+01
  4.425000E+00  8.908718E-01  1.560088E+01
  4.475000E+00  9.239665E-01  1.612700E+01
  4.525000E+00  9.611582E-01  1.668659E+01
  4.575000E+00  9.869210E-01  1.727396E+01
  4.625000E+00  9.990723E-01  1.788161E+01
  4.675000E+00  1.029971E+00  1.852169E+01
  4.725000E+00  1.061749E+00  1.919569E+01
  4.775000E+00  1.082522E+00  1.989751E+01
  4.825000E+00  1.110551E+00  2.063266E+01
  4.875000E+00  1.140905E+00  2.140363E+01
  4.925000E+00  1.156084E+00  2.220096E+01
  4.975000E+00  1.191753E+00  2.303967E+01
  5.025000E+00  1.225514E+00  2.391957E+01
  5.075000E+00  1.227988E+00  2.481887E+01
  5.125000E+00  1.224236E+00  2.573317E+01
  5.175000E+00  1.218780E+00  2.666125E+01
  5.225000E+00  1.209163E+00  2.759989E+01
  5.275000E+00  1.192359E+00  2.854328E+01
  5.325000E+00  1.155447E+00  2.947488E+01
  5.375000E+00  1.136986E+00  3.040888E+01
  5.425000E+00  1.111602E+00  3.133911E+01
  5.475000E+00  1.084850E+00  3.226376E+01
  5.525000E+00  1.061219E+00  3.318486E+01
  5.575000E+00  1.040474E+00  3.410438E+01
  5.625000E+00  1.020255E+00  3.502227E+01
  5.675000E+00  1.001892E+00  3.593974E+01
  5.725000E+00  9.707299E-01  3.684441E+01
  5.775000E+00  9.697197E-01  3.776398E+01
  5.825000E+00  9.672060E-01  3.869713E+01
  5.875000E+00  9.711373E-01  3.965022E+01
  5.925000E+00  9.625563E-01  4.061104E+01
  5.975000E+00  9.501653E-01  4.157556E+01
Zr      Zr      
  2.500000E-02  0.000000E+00  0.000000E+00
  7.500000E-02  0.000000E+00  0.000000E+00
  1.250000E-01  0.000000E+00  0.000000E+00
  1.750000E-01  0.000000E+00  0.000000E+00
  2.250000E-01  0.000000E+00  0.000000E+00
  2.750000E-01  0.000000E+00  0.000000E+00
  3.250000E-01  0.000000E+00  0.000000E+00
  3.750000E-01  0.000000E+00  0.000000E+00
  4.250000E-01  0.000000E+00  0.000000E+00
  4.750000E-01  0.000000E+00  0.000000E+00
  5.250000E-01  0.000000E+00  0.000000E+00
  5.750000E-01  0.000000E+00  0.000000E+00
  6.250000E-01  0.000000E+00  0.000000E+00
  6.750000E-01  0.000000E+00  0.000000E+00
  7.250000E-01  0.000000E+00  0.000000E+00
  7.750000E-01  0.000000E+00  0.000000E+00
  8.250000E-01  0.000000E+00  0.000000E+00
  8.750000E-01  0.000000E+00  0.000000E+00
  9.250000E-01  0.000000E+00  0.000000E+00
  9.750000E-01  0.000000E+00  0.000000E+00
  1.025000E+00  0.000000E+00  0.000000E+00
  1.075000E+00  0.000000E+00  0.000000E+00
  1.125000E+00  0.000000E+00  0.000000E+00
  1.175000E+00  0.000000E+00  0.000000E+00
  1.225000E+00  0.000000E+00  0.000000E+00
  1.275000E+00  0.000000E+00  0.000000E+00
  1.325000E+00  0.000000E+00  0.000000E+00
  1.375000E+00  0.000000E+00  0.000000E+00
  1.425000E+00  0.000000E+00  0.000000E+00
  1.475000E+00  0.000000E+00  0.000000E+00
  1.525000E+00  0.000000E+00  0.000000E+00
  1.575000E+00  0.000000E+00  0.000000E+00
  1.625000E+00  0.000000E+00  0.000000E+00
  1.675000E+00  0.000000E+00  0.000000E+00
  1.725000E+00  0.000000E+00  0.000000E+00
  1.775000E+00  0.000000E+00  0.000000E+00
  1.825000E+00  0.000000E+00  0.000000E+00
  1.875000E+00  0.000000E+00  0.000000E+00
  1.925000E+00  0.000000E+00  0.000000E+00
  1.975000E+00  0.000000E+00  0.000000E+00
  2.025000E+00  0.000000E+00  0.000000E+00
  2.075000E+00  0.000000E+00  0.000000E+00
  2.125000E+00  0.000000E+00  0.000000E+00
  2.175000E+00  0.000000E+00  0.000000E+00
  2.225000E+00  0.000000E+00  0.000000E+00
  2.275000E+00  0.000000E+00  0.000000E+00
  2.325000E+00  0.000000E+00  0.000000E+00
  2.375000E+00  0.000000E+00  0.000000E+00
  2.425000E+00  0.000000E+00  0.000000E+00
  2.475000E+00  0.000000E+00  0.000000E+00
  2.525000E+00  0.000000E+00  0.000000E+00
  2.575000E+00  0.000000E+00  0.000000E+00
  2.625000E+00  0.000000E+00  0.000000E+00
  2.675000E+00  0.000000E+00  0.000000E+00
  2.725000E+00  0.000000E+00  0.000000E+00
  2.775000E+00  0.000000E+00  0.000000E+00
  2.825000E+00  0.000000E+00  0.000000E+00
  2.875000E+00  0.000000E+00  0.000000E+00
  2.925000E+00  0.000000E+00  0.000000E+00
  2.975000E+00  1.179297E-03  4.946432E-05
  3.025000E+00  6.701232E-03  3.400672E-04
  3.075000E+00  2.628528E-02  1.517936E-03
  3.125000E+00  9.352036E-02  5.846064E-03
  3.175000E+00  2.665525E-01  1.858003E-02
  3.225000E+00  4.277008E-01  3.966111E-02
  3.275000E+00  5.132718E-01  6.575044E-02
  3.325000E+00  6.916090E-01  1.019861E-01
  3.375000E+00  7.415974E-01  1.420182E-01
  3.425000E+00  7.392891E-01  1.831169E-01
  3.475000E+00  7.651130E-01  2.269021E-01
  3.525000E+00  7.788422E-01  2.727648E-01
  3.575000E+00  9.127343E-01  3.280473E-01
  3.625000E+00  9.567839E-01  3.876302E-01
  3.675000E+00  1.089696E+00  4.573749E-01
  3.725000E+00  1.112166E+00  5.305079E-01
  3.775000E+00  1.235841E+00  6.139697E-01
  3.825000E+00  1.135747E+00  6.927168E-01
  3.875000E+00  9.552213E-01  7.606901E-01
  3.925000E+00  8.647275E-01  8.238220E-01
  3.975000E+00  8.184625E-01  8.851083E-01
  4.025000E+00  7.578264E-01  9.432907E-01
  4.075000E+00  6.549203E-01  9.948294E-01
  4.125000E+00  6.353443E-01  1.046062E+00
  4.175000E+00  6.157642E-01  1.096927E+00
  4.225000E+00  5.437178E-01  1.142923E+00
  4.275000E+00  5.114414E-01  1.187218E+00
  4.325000E+00  4.454893E-01  1.226709E+00
  4.375000E+00  4.372736E-01  1.266373E+00
  4.425000E+00  4.407075E-01  1.307268E+00
  4.475000E+00  4.712435E-01  1.351990E+00
  4.525000E+00  4.611418E-01  1.396736E+00
  4.575000E+00  4.645505E-01  1.442815E+00
  4.625000E+00  5.631915E-01  1.499906E+00
  4.675000E+00  5.856243E-01  1.560562E+00
  4.725000E+00  6.143499E-01  1.625561E+00
  4.775000E+00  6.685017E-01  1.697795E+00
  4.825000E+00  7.459281E-01  1.780091E+00
  4.875000E+00  8.313355E-01  1.873721E+00
  4.925000E+00  9.360799E-01  1.981321E+00
  4.975000E+00  9.710483E-01  2.095219E+00
  5.025000E+00  9.705249E-01  2.211355E+00
  5.075000E+00  9.869811E-01  2.331822E+00
  5.125000E+00  1.050648E+00  2.462600E+00
  5.175000E+00  1.016340E+00  2.591587E+00
  5.225000E+00  1.027137E+00  2.724476E+00
  5.275000E+00  1.061446E+00  2.864445E+00
  5.325000E+00  1.053247E+00  3.005977E+00
  5.375000E+00  1.046930E+00  3.149316E+00
  5.425000E+00  1.117271E+00  3.305144E+00
  5.475000E+00  1.092104E+00  3.460282E+00
  5.525000E+00  1.138634E+00  3.624999E+00
  5.575000E+00  1.186789E+00  3.799802E+00
  5.625000E+00  1.181805E+00  3.977008E+00
  5.675000E+00  1.253702E+00  4.168352E+00
  5.725000E+00  1.210682E+00  4.356400E+00
  5.775000E+00  1.232216E+00  4.551150E+00
  5.825000E+00  1.250817E+00  4.752278E+00
  5.875000E+00  1.354661E+00  4.973860E+00
  5.925000E+00  1.409180E+00  5.208299E+00
  5.975000E+00  1.401263E+00  5.445372E+00
Zr      O       
  2.500000E-02  0.000000E+00  0.000000E+00
  7.500000E-02  0.000000E+00  0.000000E+00
  1.250000E-01  0.000000E+00  0.000000E+00
  1.750000E-01  0.000000E+00  0.000000E+00
  2.250000E-01  0.000000E+00  0.000000E+00
  2.750000E-01  0.000000E+00  0.000000E+00
  3.250000E-01  0.000000E+00  0.000000E+00
  3.750000E-01  0.000000E+00  0.000000E+00
  4.250000E-01  0.000000E+00  0.000000E+00
  4.750000E-01  0.000000E+00  0.000000E+00
  5.250000E-01  0.000000E+00  0.000000E+00
  5.750000E-01  0.000000E+00  0.000000E+00
  6.250000E-01  0.000000E+00  0.000000E+00
  6.750000E-01  0.000000E+00  0.000000E+00
  7.250000E-01  0.000000E+00  0.000000E+00
  7.750000E-01  0.000000E+00  0.000000E+00
  8.250000E-01  0.000000E+00  0.000000E+00
  8.750000E-01  0.000000E+00  0.000000E+00
  9.250000E-01  0.000000E+00  0.000000E+00
  9.750000E-01  0.000000E+00  0.000000E+00
  1.025000E+00  0.000000E+00  0.000000E+00
  1.075000E+00  0.000000E+00  0.000000E+00
  1.125000E+00  0.000000E+00  0.000000E+00
  1.175000E+00  0.000000E+00  0.000000E+00
  1.225000E+00  0.000000E+00  0.000000E+00
  1.275000E+00  6.671964E-05  3.084364E-06
  1.325000E+00  3.088990E-05  4.626545E-06
  1.375000E+00  2.868445E-05  6.168727E-06
  1.425000E+00  0.000000E+00  6.168727E-06
  1.475000E+00  0.000000E+00  6.168727E-06
  1.525000E+00  6.995881E-05  1.079527E-05
  1.575000E+00  1.093131E-04  1.850618E-05
  1.625000E+00  8.215211E-05  2.467491E-05
  1.675000E+00  7.732107E-05  3.084364E-05
  1.725000E+00  1.458079E-04  4.318109E-05
  1.775000E+00  2.926330E-04  6.939818E-05
  1.825000E+00  3.224126E-03  3.747502E-04
  1.875000E+00  7.062318E-02  7.434858E-03
  1.925000E+00  6.894884E-01  8.008704E-02
  1.975000E+00  3.376440E+00  4.545874E-01
  2.025000E+00  7.663010E+00  1.348114E+00
  2.075000E+00  9.779177E+00  2.545393E+00
  2.125000E+00  8.503677E+00  3.637287E+00
  2.175000E+00  5.505410E+00  4.377851E+00
  2.225000E+00  3.239209E+00  4.833839E+00
  2.275000E+00  1.822422E+00  5.102043E+00
  2.325000E+00  1.082255E+00  5.268395E+00
  2.375000E+00  6.786091E-01  5.377238E+00
  2.425000E+00  4.682764E-01  5.455540E+00
  2.475000E+00  3.498707E-01  5.516481E+00
  2.525000E+00  2.856221E-01  5.568262E+00
  2.575000E+00  2.500174E-01  5.615400E+00
  2.625000E+00  2.200250E-01  5.658510E+00
  2.675000E+00  1.981125E-01  5.698820E+00
  2.725000E+00  1.857454E-01  5.738039E+00
  2.775000E+00  1.873527E-01  5.779062E+00
  2.825000E+00  1.938007E-01  5.823041E+00
  2.875000E+00  1.943627E-01  5.868722E+00
  2.925000E+00  1.978351E-01  5.916850E+00
  2.975000E+00  2.120150E-01  5.970207E+00
  3.025000E+00  2.341128E-01  6.031121E+00
  3.075000E+00  2.633743E-01  6.101934E+00
  3.125000E+00  2.919745E-01  6.183009E+00
  3.175000E+00  3.367774E-01  6.279542E+00
  3.225000E+00  3.866199E-01  6.393879E+00
  3.275000E+00  4.476358E-01  6.530398E+00
  3.325000E+00  5.189925E-01  6.693548E+00
  3.375000E+00  5.966547E-01  6.886796E+00
  3.425000E+00  6.560885E-01  7.105636E+00
  3.475000E+00  7.369325E-01  7.358671E+00
  3.525000E+00  8.189031E-01  7.648002E+00
  3.575000E+00  8.914402E-01  7.971959E+00
  3.625000E+00  9.504253E-01  8.327080E+00
  3.675000E+00  9.910294E-01  8.707658E+00
  3.725000E+00  9.996848E-01  9.102077E+00
  3.775000E+00  1.006361E+00  9.509861E+00
  3.825000E+00  9.883862E-01  9.921040E+00
  3.875000E+00  9.553977E-01  1.032896E+01
  3.925000E+00  9.269166E-01  1.073499E+01
  3.975000E+00  8.866438E-01  1.113334E+01
  4.025000E+00  8.811133E-01  1.153923E+01
  4.075000E+00  8.770227E-01  1.195333E+01
  4.125000E+00  8.709611E-01  1.237472E+01
  4.175000E+00  8.711565E-01  1.280649E+01
  4.225000E+00  8.924677E-01  1.325948E+01
  4.275000E+00  9.229423E-01  1.373909E+01
  4.325000E+00  9.668170E-01  1.425332E+01
  4.375000E+00  1.000990E+00  1.479810E+01
  4.425000E+00  1.037039E+00  1.537548E+01
  4.475000E+00  1.075090E+00  1.598765E+01
  4.525000E+00  1.101754E+00  1.662910E+01
  4.575000E+00  1.123983E+00  1.729803E+01
  4.625000E+00  1.159699E+00  1.800339E+01
  4.675000E+00  1.186095E+00  1.874048E+01
  4.725000E+00  1.196951E+00  1.950032E+01
  4.775000E+00  1.170505E+00  2.025918E+01
  4.825000E+00  1.176215E+00  2.103779E+01
  4.875000E+00  1.173383E+00  2.183071E+01
  4.925000E+00  1.157763E+00  2.262920E+01
  4.975000E+00  1.130037E+00  2.342448E+01
  5.025000E+00  1.102020E+00  2.421570E+01
  5.075000E+00  1.093263E+00  2.501634E+01
  5.125000E+00  1.066158E+00  2.581259E+01
  5.175000E+00  1.039930E+00  2.660448E+01
  5.225000E+00  1.017345E+00  2.739421E+01
  5.275000E+00  1.012197E+00  2.819506E+01
  5.325000E+00  1.010515E+00  2.900980E+01
  5.375000E+00  9.950841E-01  2.982724E+01
  5.425000E+00  9.884069E-01  3.065437E+01
  5.475000E+00  1.003407E+00  3.150960E+01
  5.525000E+00  9.980975E-01  3.237592E+01
  5.575000E+00  1.005341E+00  3.326439E+01
  5.625000E+00  1.007780E+00  3.417106E+01
  5.675000E+00  1.021282E+00  3.510628E+01
  5.725000E+00  1.036735E+00  3.607246E+01
  5.775000E+00  1.061284E+00  3.707887E+01
  5.825000E+00  1.056287E+00  3.809796E+01
  5.875000E+00  1.063209E+00  3.914141E+01
  5.925000E+00  1.067764E+00  4.020725E+01
  5.975000E+00  1.058105E+00  4.128134E+01
Zr      O_s     
  2.500000E-02  0.000000E+00  0.000000E+00
  7.500000E-02  0.000000E+00  0.000000E+00
  1.250000E-01  0.000000E+00  0.000000E+00
  1.750000E-01  0.000000E+00  0.000000E+00
  2.250000E-01  0.000000E+00  0.000000E+00
  2.750000E-01  0.000000E+00  0.000000E+00
  3.250000E-01  0.000000E+00  0.000000E+00
  3.750000E-01  0.000000E+00  0.000000E+00
  4.250000E-01  0.000000E+00  0.000000E+00
  4.750000E-01  2.401661E-04  1.542182E-06
  5.250000E-01  0.000000E+00  1.542182E-06
  5.750000E-01  0.000000E+00  1.542182E-06
  6.250000E-01  0.000000E+00  1.542182E-06
  6.750000E-01  0.000000E+00  1.542182E-06
  7.250000E-01  0.000000E+00  1.542182E-06
  7.750000E-01  0.000000E+00  1.542182E-06
  8.250000E-01  0.000000E+00  1.542182E-06
  8.750000E-01  0.000000E+00  1.542182E-06
  9.250000E-01  0.000000E+00  1.542182E-06
  9.750000E-01  5.704208E-05  3.084364E-06
  1.025000E+00  0.000000E+00  3.084364E-06
  1.075000E+00  0.000000E+00  3.084364E-06
  1.125000E+00  4.284728E-05  4.626545E-06
  1.175000E+00  0.000000E+00  4.626545E-06
  1.225000E+00  3.613826E-05  6.168727E-06
  1.275000E+00  0.000000E+00  6.168727E-06
  1.325000E+00  0.000000E+00  6.168727E-06
  1.375000E+00  0.000000E+00  6.168727E-06
  1.425000E+00  2.670702E-05  7.710909E-06
  1.475000E+00  7.478171E-05  1.233745E-05
  1.525000E+00  4.663921E-05  1.542182E-05
  1.575000E+00  1.530383E-04  2.621709E-05
  1.625000E+00  1.026901E-04  3.392800E-05
  1.675000E+00  4.832567E-04  7.248254E-05
  1.725000E+00  6.944102E-03  6.600538E-04
  1.775000E+00  1.684361E-01  1.575030E-02
  1.825000E+00  1.242086E+00  1.333864E-01
  1.875000E+00  3.749400E+00  5.082090E-01
  1.925000E+00  6.169377E+00  1.158283E+00
  1.975000E+00  7.677306E+00  2.009818E+00
  2.025000E+00  7.529004E+00  2.887718E+00
  2.075000E+00  6.118697E+00  3.636839E+00
  2.125000E+00  4.374400E+00  4.198524E+00
  2.175000E+00  2.990253E+00  4.600760E+00
  2.225000E+00  1.974833E+00  4.878760E+00
  2.275000E+00  1.343187E+00  5.076435E+00
  2.325000E+00  8.927191E-01  5.213654E+00
  2.375000E+00  6.318986E-01  5.315005E+00
  2.425000E+00  4.576333E-01  5.391528E+00
  2.475000E+00  3.585829E-01  5.453986E+00
  2.525000E+00  2.832997E-01  5.505345E+00
  2.575000E+00  2.467210E-01  5.551862E+00
  2.625000E+00  2.346964E-01  5.597847E+00
  2.675000E+00  2.087693E-01  5.640325E+00
  2.725000E+00  2.010251E-01  5.682770E+00
  2.775000E+00  1.928111E-01  5.724989E+00
  2.825000E+00  1.881940E-01  5.767695E+00
  2.875000E+00  1.968364E-01  5.813957E+00
  2.925000E+00  2.169860E-01  5.866745E+00
  2.975000E+00  2.453633E-01  5.928494E+00
  3.025000E+00  2.623493E-01  5.996755E+00
  3.075000E+00  3.069039E-01  6.079271E+00
  3.125000E+00  3.679172E-01  6.181435E+00
  3.175000E+00  4.260736E-01  6.303563E+00
  3.225000E+00  4.876969E-01  6.447793E+00
  3.275000E+00  5.462823E-01  6.614396E+00
  3.325000E+00  6.279058E-01  6.811784E+00
  3.375000E+00  6.988604E-01  7.038135E+00
  3.425000E+00  7.749819E-01  7.296632E+00
  3.475000E+00  8.443041E-01  7.586535E+00
  3.525000E+00  9.344463E-01  7.916688E+00
  3.575000E+00  9.728845E-01  8.270243E+00
  3.625000E+00  9.827181E-01  8.637430E+00
  3.675000E+00  9.765402E-01  9.012444E+00
  3.725000E+00  9.505867E-01  9.387492E+00
  3.775000E+00  8.945469E-01  9.749968E+00
  3.825000E+00  8.535934E-01  1.010507E+01
  3.875000E+00  8.125206E-01  1.045198E+01
  3.925000E+00  7.880472E-01  1.079719E+01
  3.975000E+00  7.710966E-01  1.114362E+01
  4.025000E+00  7.594769E-01  1.149348E+01
  4.075000E+00  7.608809E-01  1.185274E+01
  4.125000E+00  8.006773E-01  1.224013E+01
  4.175000E+00  7.929344E-01  1.263313E+01
  4.225000E+00  8.163260E-01  1.304747E+01
  4.275000E+00  8.660096E-01  1.349749E+01
  4.325000E+00  9.110510E-01  1.398206E+01
  4.375000E+00  9.483869E-01  1.449822E+01
  4.425000E+00  9.784800E-01  1.504300E+01
  4.475000E+00  1.049255E+00  1.564046E+01
  4.525000E+00  1.100194E+00  1.628100E+01
  4.575000E+00  1.123247E+00  1.694949E+01
  4.625000E+00  1.157019E+00  1.765322E+01
  4.675000E+00  1.182784E+00  1.838825E+01
  4.725000E+00  1.200940E+00  1.915062E+01
  4.775000E+00  1.205128E+00  1.993193E+01
  4.825000E+00  1.213402E+00  2.073515E+01
  4.875000E+00  1.203547E+00  2.154846E+01
  4.925000E+00  1.170994E+00  2.235607E+01
  4.975000E+00  1.153428E+00  2.316781E+01
  5.025000E+00  1.120596E+00  2.397238E+01
  5.075000E+00  1.100945E+00  2.477864E+01
  5.125000E+00  1.062117E+00  2.557187E+01
  5.175000E+00  1.043308E+00  2.636633E+01
  5.225000E+00  1.036566E+00  2.717098E+01
  5.275000E+00  1.031784E+00  2.798733E+01
  5.325000E+00  1.019109E+00  2.880900E+01
  5.375000E+00  1.014563E+00  2.964244E+01
  5.425000E+00  1.013407E+00  3.049049E+01
  5.475000E+00  1.020672E+00  3.136044E+01
  5.525000E+00  1.000457E+00  3.222881E+01
  5.575000E+00  1.009332E+00  3.312080E+01
  5.625000E+00  1.008940E+00  3.402851E+01
  5.675000E+00  1.013719E+00  3.495681E+01
  5.725000E+00  1.030558E+00  3.591724E+01
  5.775000E+00  1.032730E+00  3.689657E+01
  5.825000E+00  1.053807E+00  3.791326E+01
  5.875000E+00  1.068159E+00  3.896157E+01
  5.925000E+00  1.071907E+00  4.003155E+01
  5.975000E+00  1.062204E+00  4.110980E+01
O       O       
  2.500000E-02  0.000000E+00  0.000000E+00
  7.500000E-02  0.000000E+00  0.000000E+00
  1.250000E-01  0.000000E+00  0.000000E+00
  1.750000E-01  0.000000E+00  0.000000E+00
  2.250000E-01  0.000000E+00  0.000000E+00
  2.750000E-01  0.000000E+00  0.000000E+00
  3.250000E-01  0.000000E+00  0.000000E+00
  3.750000E-01  1.284223E-04  5.142590E-07
  4.250000E-01  1.000156E-04  1.028518E-06
  4.750000E-01  0.000000E+00  1.028518E-06
  5.250000E-01  0.000000E+00  1.028518E-06
  5.750000E-01  5.466846E-05  1.542777E-06
  6.250000E-01  4.627586E-05  2.057036E-06
  6.750000E-01  3.967711E-05  2.571295E-06
  7.250000E-01  0.000000E+00  2.571295E-06
  7.750000E-01  3.010177E-05  3.085554E-06
  8.250000E-01  5.312944E-05  4.114072E-06
  8.750000E-01  4.723259E-05  5.142590E-06
  9.250000E-01  1.056640E-04  7.713885E-06
  9.750000E-01  1.902136E-05  8.228144E-06
  1.025000E+00  3.442249E-05  9.256662E-06
  1.075000E+00  0.000000E+00  9.256662E-06
  1.125000E+00  4.286381E-05  1.079944E-05
  1.175000E+00  5.239198E-05  1.285647E-05
  1.225000E+00  3.615221E-05  1.439925E-05
  1.275000E+00  3.337270E-05  1.594203E-05
  1.325000E+00  1.133067E-04  2.159888E-05
  1.375000E+00  3.826069E-05  2.365591E-05
  1.425000E+00  8.905776E-05  2.879850E-05
  1.475000E+00  9.974742E-05  3.496961E-05
  1.525000E+00  1.088668E-04  4.216924E-05
  1.575000E+00  2.478720E-04  5.965404E-05
  1.625000E+00  4.246164E-04  9.153810E-05
  1.675000E+00  6.510369E-04  1.434783E-04
  1.725000E+00  1.081826E-03  2.350164E-04
  1.775000E+00  2.353447E-03  4.458625E-04
  1.825000E+00  4.914075E-03  9.112669E-04
  1.875000E+00  9.804844E-03  1.891445E-03
  1.925000E+00  2.282100E-02  4.296120E-03
  1.975000E+00  4.342530E-02  9.112669E-03
  2.025000E+00  8.308676E-02  1.880079E-02
  2.075000E+00  1.217523E-01  3.370711E-02
  2.125000E+00  1.899756E-01  5.810047E-02
  2.175000E+00  2.924470E-01  9.743922E-02
  2.225000E+00  4.842290E-01  1.656048E-01
  2.275000E+00  8.571559E-01  2.917515E-01
  2.325000E+00  1.467111E+00  5.172592E-01
  2.375000E+00  2.063761E+00  8.482671E-01
  2.425000E+00  1.945741E+00  1.173624E+00
  2.475000E+00  1.207019E+00  1.383864E+00
  2.525000E+00  7.821556E-01  1.525660E+00
  2.575000E+00  7.022790E-01  1.658068E+00
  2.625000E+00  8.085289E-01  1.816486E+00
  2.675000E+00  9.684023E-01  2.013524E+00
  2.725000E+00  1.154663E+00  2.257326E+00
  2.775000E+00  1.310054E+00  2.544181E+00
  2.825000E+00  1.433547E+00  2.869490E+00
  2.875000E+00  1.503992E+00  3.222973E+00
  2.925000E+00  1.556705E+00  3.601681E+00
  2.975000E+00  1.563726E+00  3.995213E+00
  3.025000E+00  1.538283E+00  4.395465E+00
  3.075000E+00  1.489890E+00  4.796045E+00
  3.125000E+00  1.425241E+00  5.191807E+00
  3.175000E+00  1.383289E+00  5.588308E+00
  3.225000E+00  1.327700E+00  5.980957E+00
  3.275000E+00  1.254875E+00  6.363665E+00
  3.325000E+00  1.192622E+00  6.738578E+00
  3.375000E+00  1.132299E+00  7.105313E+00
  3.425000E+00  1.071956E+00  7.462867E+00
  3.475000E+00  1.027529E+00  7.815682E+00
  3.525000E+00  1.004153E+00  8.170463E+00
  3.575000E+00  9.608864E-01  8.519658E+00
  3.625000E+00  9.227273E-01  8.864430E+00
  3.675000E+00  9.045435E-01  9.211795E+00
  3.725000E+00  8.896299E-01  9.562793E+00
  3.775000E+00  8.721557E-01  9.916196E+00
  3.825000E+00  8.537646E-01  1.027137E+01
  3.875000E+00  8.566974E-01  1.063715E+01
  3.925000E+00  8.425165E-01  1.100621E+01
  3.975000E+00  8.528291E-01  1.138937E+01
  4.025000E+00  8.878100E-01  1.179834E+01
  4.075000E+00  9.119764E-01  1.222894E+01
  4.125000E+00  9.325129E-01  1.268012E+01
  4.175000E+00  9.311721E-01  1.314163E+01
  4.225000E+00  9.330821E-01  1.361523E+01
  4.275000E+00  9.178715E-01  1.409221E+01
  4.325000E+00  9.071426E-01  1.457470E+01
  4.375000E+00  9.060312E-01  1.506780E+01
  4.425000E+00  9.163671E-01  1.557800E+01
  4.475000E+00  9.197577E-01  1.610172E+01
  4.525000E+00  9.465238E-01  1.665279E+01
  4.575000E+00  9.638263E-01  1.722641E+01
  4.625000E+00  9.952210E-01  1.783172E+01
  4.675000E+00  1.004685E+00  1.845608E+01
  4.725000E+00  1.012780E+00  1.909900E+01
  4.775000E+00  1.022469E+00  1.976189E+01
  4.825000E+00  1.024919E+00  2.044035E+01
  4.875000E+00  1.017715E+00  2.112807E+01
  4.925000E+00  1.015259E+00  2.182828E+01
  4.975000E+00  1.002963E+00  2.253413E+01
  5.025000E+00  9.782944E-01  2.323652E+01
  5.075000E+00  9.532099E-01  2.393460E+01
  5.125000E+00  9.493835E-01  2.464363E+01
  5.175000E+00  9.387398E-01  2.535847E+01
  5.225000E+00  9.357620E-01  2.608487E+01
  5.275000E+00  9.279388E-01  2.681905E+01
  5.325000E+00  9.307175E-01  2.756946E+01
  5.375000E+00  9.425854E-01  2.834377E+01
  5.425000E+00  9.509505E-01  2.913955E+01
  5.475000E+00  9.531355E-01  2.995194E+01
  5.525000E+00  9.604623E-01  3.078559E+01
  5.575000E+00  9.712495E-01  3.164393E+01
  5.625000E+00  9.913469E-01  3.253581E+01
  5.675000E+00  9.981728E-01  3.344988E+01
  5.725000E+00  1.009371E+00  3.439055E+01
  5.775000E+00  1.013590E+00  3.535173E+01
  5.825000E+00  1.024310E+00  3.633997E+01
  5.875000E+00  1.011505E+00  3.733268E+01
  5.925000E+00  1.023797E+00  3.835463E+01
  5.975000E+00  1.021833E+00  3.939191E+01
O       O_s     
  2.500000E-02  3.345153E+02  7.926300E-03
  7.500000E-02  5.538889E+02  9.979664E-02
  1.250000E-01  6.934734E+02  4.120003E-01
  1.750000E-01  3.984622E+02  7.613363E-01
  2.250000E-01  1.270130E+02  9.449194E-01
  2.750000E-01  2.265936E+01  9.937783E-01
  3.250000E-01  1.955284E+00  9.996623E-01
  3.750000E-01  6.797340E-02  9.999345E-01
  4.250000E-01  3.849114E-03  9.999542E-01
  4.750000E-01  8.005537E-04  9.999594E-01
  5.250000E-01  7.537539E-04  9.999653E-01
  5.750000E-01  4.645026E-04  9.999697E-01
  6.250000E-01  2.312900E-04  9.999722E-01
  6.750000E-01  1.784781E-04  9.999746E-01
  7.250000E-01  5.157291E-05  9.999753E-01
  7.750000E-01  1.354057E-04  9.999776E-01
  8.250000E-01  3.983171E-05  9.999784E-01
  8.750000E-01  8.262515E-05  9.999802E-01
  9.250000E-01  6.337392E-05  9.999818E-01
  9.750000E-01  4.753507E-05  9.999830E-01
  1.025000E+00  9.462531E-05  9.999859E-01
  1.075000E+00  3.128335E-05  9.999869E-01
  1.125000E+00  7.141213E-05  9.999895E-01
  1.175000E+00  7.201118E-05  9.999923E-01
  1.225000E+00  4.216131E-05  9.999941E-01
  1.275000E+00  3.335982E-05  9.999956E-01
  1.325000E+00  2.059326E-05  9.999967E-01
  1.375000E+00  5.258815E-05  9.999995E-01
  1.425000E+00  8.012106E-05  1.000004E+00
  1.475000E+00  8.309078E-05  1.000009E+00
  1.525000E+00  5.829901E-05  1.000013E+00
  1.575000E+00  1.020255E-04  1.000020E+00
  1.625000E+00  1.608812E-04  1.000032E+00
  1.675000E+00  3.221711E-04  1.000058E+00
  1.725000E+00  7.290396E-04  1.000120E+00
  1.775000E+00  2.077120E-03  1.000306E+00
  1.825000E+00  6.345124E-03  1.000907E+00
  1.875000E+00  1.851969E-02  1.002758E+00
  1.925000E+00  4.218256E-02  1.007203E+00
  1.975000E+00  7.927645E-02  1.015996E+00
  2.025000E+00  1.277673E-01  1.030894E+00
  2.075000E+00  1.994538E-01  1.055313E+00
  2.125000E+00  3.462273E-01  1.099770E+00
  2.175000E+00  7.826940E-01  1.205055E+00
  2.225000E+00  1.671490E+00  1.440353E+00
  2.275000E+00  2.565157E+00  1.817864E+00
  2.325000E+00  2.079465E+00  2.137496E+00
  2.375000E+00  9.110684E-01  2.283623E+00
  2.425000E+00  3.949016E-01  2.349656E+00
  2.475000E+00  3.201968E-01  2.405428E+00
  2.525000E+00  4.131692E-01  2.480332E+00
  2.575000E+00  5.706179E-01  2.587916E+00
  2.625000E+00  7.766150E-01  2.740080E+00
  2.675000E+00  9.732649E-01  2.938109E+00
  2.725000E+00  1.189320E+00  3.189228E+00
  2.775000E+00  1.367409E+00  3.488642E+00
  2.825000E+00  1.481454E+00  3.824822E+00
  2.875000E+00  1.535451E+00  4.185698E+00
  2.925000E+00  1.562313E+00  4.565770E+00
  2.975000E+00  1.559423E+00  4.958220E+00
  3.025000E+00  1.537808E+00  5.358348E+00
  3.075000E+00  1.518998E+00  5.766755E+00
  3.125000E+00  1.439547E+00  6.166489E+00
  3.175000E+00  1.386948E+00  6.564039E+00
  3.225000E+00  1.305983E+00  6.950265E+00
  3.275000E+00  1.256593E+00  7.333497E+00
  3.325000E+00  1.184467E+00  7.705846E+00
  3.375000E+00  1.119263E+00  8.068359E+00
  3.425000E+00  1.075519E+00  8.427101E+00
  3.475000E+00  1.034820E+00  8.782419E+00
  3.525000E+00  1.005515E+00  9.137682E+00
  3.575000E+00  9.698970E-01  9.490151E+00
  3.625000E+00  9.477507E-01  9.844273E+00
  3.675000E+00  9.178458E-01  1.019675E+01
  3.725000E+00  8.956938E-01  1.055014E+01
  3.775000E+00  8.844269E-01  1.090851E+01
  3.825000E+00  8.800761E-01  1.127463E+01
  3.875000E+00  8.712454E-01  1.164662E+01
  3.925000E+00  8.838792E-01  1.203380E+01
  3.975000E+00  8.990720E-01  1.243773E+01
  4.025000E+00  9.078356E-01  1.285593E+01
  4.075000E+00  9.010950E-01  1.328140E+01
  4.125000E+00  8.939858E-01  1.371393E+01
  4.175000E+00  8.904826E-01  1.415528E+01
  4.225000E+00  8.714543E-01  1.459760E+01
  4.275000E+00  8.726806E-01  1.505109E+01
  4.325000E+00  8.756273E-01  1.551682E+01
  4.375000E+00  8.819937E-01  1.599684E+01
  4.425000E+00  8.975469E-01  1.649656E+01
  4.475000E+00  9.134724E-01  1.701670E+01
  4.525000E+00  9.380067E-01  1.756282E+01
  4.575000E+00  9.646827E-01  1.813694E+01
  4.625000E+00  9.852738E-01  1.873621E+01
  4.675000E+00  1.001799E+00  1.935877E+01
  4.725000E+00  1.025262E+00  2.000962E+01
  4.775000E+00  1.037754E+00  2.068241E+01
  4.825000E+00  1.045894E+00  2.137475E+01
  4.875000E+00  1.041962E+00  2.207886E+01
  4.925000E+00  1.034797E+00  2.279255E+01
  4.975000E+00  1.013377E+00  2.350573E+01
  5.025000E+00  9.955534E-01  2.422051E+01
  5.075000E+00  9.719326E-01  2.493230E+01
  5.125000E+00  9.520017E-01  2.564329E+01
  5.175000E+00  9.444641E-01  2.636248E+01
  5.225000E+00  9.386316E-01  2.709111E+01
  5.275000E+00  9.282312E-01  2.782552E+01
  5.325000E+00  9.348311E-01  2.857924E+01
  5.375000E+00  9.356461E-01  2.934786E+01
  5.425000E+00  9.409355E-01  3.013526E+01
  5.475000E+00  9.566350E-01  3.095063E+01
  5.525000E+00  9.641111E-01  3.178745E+01
  5.575000E+00  9.726493E-01  3.264702E+01
  5.625000E+00  9.844532E-01  3.353271E+01
  5.675000E+00  9.989158E-01  3.444745E+01
  5.725000E+00  1.005053E+00  3.538410E+01
  5.775000E+00  1.007817E+00  3.633981E+01
  5.825000E+00  1.013560E+00  3.731768E+01
  5.875000E+00  1.016347E+00  3.831514E+01
  5.925000E+00  1.020500E+00  3.933380E+01
  5.975000E+00  1.020638E+00  4.036986E+01
O_s     O_s     
  2.500000E-02  0.000000E+00  0.000000E+00
  7.500000E-02  0.000000E+00  0.000000E+00
  1.250000E-01  0.000000E+00  0.000000E+00
  1.750000E-01  0.000000E+00  0.000000E+00
  2.250000E-01  0.000000E+00  0.000000E+00
  2.750000E-01  0.000000E+00  0.000000E+00
  3.250000E-01  0.000000E+00  0.000000E+00
  3.750000E-01  0.000000E+00  0.000000E+00
  4.250000E-01  0.000000E+00  0.000000E+00
  4.750000E-01  0.000000E+00  0.000000E+00
  5.250000E-01  0.000000E+00  0.000000E+00
  5.750000E-01  5.466846E-05  5.142590E-07
  6.250000E-01  0.000000E+00  5.142590E-07
  6.750000E-01  0.000000E+00  5.142590E-07
  7.250000E-01  6.879042E-05  1.542777E-06
  7.750000E-01  3.010177E-05  2.057036E-06
  8.250000E-01  2.656472E-05  2.571295E-06
  8.750000E-01  0.000000E+00  2.571295E-06
  9.250000E-01  0.000000E+00  2.571295E-06
  9.750000E-01  3.804273E-05  3.599813E-06
  1.025000E+00  3.442249E-05  4.628331E-06
  1.075000E+00  1.564771E-05  5.142590E-06
  1.125000E+00  1.428794E-05  5.656849E-06
  1.175000E+00  6.548997E-05  8.228144E-06
  1.225000E+00  0.000000E+00  8.228144E-06
  1.275000E+00  2.224846E-05  9.256662E-06
  1.325000E+00  6.180364E-05  1.234222E-05
  1.375000E+00  1.913035E-05  1.337073E-05
  1.425000E+00  5.343466E-05  1.645629E-05
  1.475000E+00  4.156143E-05  1.902758E-05
  1.525000E+00  3.110480E-05  2.108462E-05
  1.575000E+00  4.374211E-05  2.417017E-05
  1.625000E+00  5.478921E-05  2.828424E-05
  1.675000E+00  5.801319E-05  3.291258E-05
  1.725000E+00  2.491847E-04  5.399719E-05
  1.775000E+00  3.415369E-03  3.599813E-04
  1.825000E+00  2.011241E-02  2.264797E-03
  1.875000E+00  3.551041E-02  5.814726E-03
  1.925000E+00  8.635963E-02  1.491454E-02
  1.975000E+00  1.630280E-01  3.299691E-02
  2.025000E+00  2.163325E-01  5.822183E-02
  2.075000E+00  5.323607E-01  1.233995E-01
  2.125000E+00  2.027918E+00  3.837894E-01
  2.175000E+00  3.623615E+00  8.712231E-01
  2.225000E+00  2.092171E+00  1.165741E+00
  2.275000E+00  6.052415E-01  1.254814E+00
  2.325000E+00  2.160100E-01  1.288016E+00
  2.375000E+00  1.342185E-01  1.309544E+00
  2.425000E+00  1.447087E-01  1.333741E+00
  2.475000E+00  2.177748E-01  1.371673E+00
  2.525000E+00  3.480426E-01  1.434770E+00
  2.575000E+00  5.638132E-01  1.541071E+00
  2.625000E+00  8.282244E-01  1.703348E+00
  2.675000E+00  1.082459E+00  1.923593E+00
  2.725000E+00  1.280714E+00  2.194010E+00
  2.775000E+00  1.412483E+00  2.503293E+00
  2.825000E+00  1.478619E+00  2.838830E+00
  2.875000E+00  1.506815E+00  3.192976E+00
  2.925000E+00  1.536355E+00  3.566734E+00
  2.975000E+00  1.535935E+00  3.953272E+00
  3.025000E+00  1.501794E+00  4.344029E+00
  3.075000E+00  1.487277E+00  4.743908E+00
  3.125000E+00  1.420696E+00  5.138407E+00
  3.175000E+00  1.372586E+00  5.531841E+00
  3.225000E+00  1.306350E+00  5.918175E+00
  3.275000E+00  1.235956E+00  6.295113E+00
  3.325000E+00  1.171583E+00  6.663412E+00
  3.375000E+00  1.126832E+00  7.028377E+00
  3.425000E+00  1.087673E+00  7.391173E+00
  3.475000E+00  1.056702E+00  7.754005E+00
  3.525000E+00  1.008349E+00  8.110269E+00
  3.575000E+00  9.749397E-01  8.464570E+00
  3.625000E+00  9.556560E-01  8.821646E+00
  3.675000E+00  9.360962E-01  9.181128E+00
  3.725000E+00  9.103792E-01  9.540313E+00
  3.775000E+00  9.043852E-01  9.906775E+00
  3.825000E+00  9.153777E-01  1.028758E+01
  3.875000E+00  9.168090E-01  1.067902E+01
  3.925000E+00  9.066381E-01  1.107617E+01
  3.975000E+00  8.993229E-01  1.148022E+01
  4.025000E+00  8.858218E-01  1.188827E+01
  4.075000E+00  8.727705E-01  1.230037E+01
  4.125000E+00  8.570352E-01  1.271502E+01
  4.175000E+00  8.468706E-01  1.313476E+01
  4.225000E+00  8.415674E-01  1.356191E+01
  4.275000E+00  8.527277E-01  1.400503E+01
  4.325000E+00  8.593056E-01  1.446208E+01
  4.375000E+00  8.771674E-01  1.493947E+01
  4.425000E+00  8.867460E-01  1.543318E+01
  4.475000E+00  9.132867E-01  1.595321E+01
  4.525000E+00  9.303171E-01  1.649485E+01
  4.575000E+00  9.567381E-01  1.706425E+01
  4.625000E+00  9.822890E-01  1.766170E+01
  4.675000E+00  1.008408E+00  1.828837E+01
  4.725000E+00  1.023280E+00  1.893796E+01
  4.775000E+00  1.038979E+00  1.961154E+01
  4.825000E+00  1.056204E+00  2.031071E+01
  4.875000E+00  1.058170E+00  2.102578E+01
  4.925000E+00  1.042684E+00  2.174490E+01
  4.975000E+00  1.031693E+00  2.247097E+01
  5.025000E+00  1.004906E+00  2.319247E+01
  5.075000E+00  9.848503E-01  2.391371E+01
  5.125000E+00  9.672377E-01  2.463608E+01
  5.175000E+00  9.446173E-01  2.535539E+01
  5.225000E+00  9.396858E-01  2.608484E+01
  5.275000E+00  9.388415E-01  2.682765E+01
  5.325000E+00  9.336286E-01  2.758040E+01
  5.375000E+00  9.367697E-01  2.834994E+01
  5.425000E+00  9.419869E-01  2.913822E+01
  5.475000E+00  9.476281E-01  2.994591E+01
  5.525000E+00  9.556667E-01  3.077540E+01
  5.575000E+00  9.683959E-01  3.163122E+01
  5.625000E+00  9.847208E-01  3.251714E+01
  5.675000E+00  9.953211E-01  3.342859E+01
  5.725000E+00  1.006486E+00  3.436658E+01
  5.775000E+00  1.012147E+00  3.532639E+01
  5.825000E+00  1.018278E+00  3.630881E+01
  5.875000E+00  1.020389E+00  3.731024E+01
  5.925000E+00  1.023675E+00  3.833207E+01
  5.975000E+00  1.018936E+00  3.936640E+01
