title: # Li56 La24 Zr16 O96                                                    
energy unitS: electron Volts
         0  0.000000E+00        52
 -5.396572E+05  3.500000E+02 -5.407429E+05  6.307024E+04 -6.038132E+05
  0.000000E+00  0.000000E+00  0.000000E+00  0.000000E+00 -5.396570E+05
  0.000000E+00  1.563293E+05 -4.473454E+05  6.036747E+05  0.000000E+00
  0.000000E+00  0.000000E+00  0.000000E+00  2.781571E+05  0.000000E+00
  0.000000E+00  0.000000E+00  9.000000E+01  9.000000E+01  9.000000E+01
  0.000000E+00 -2.921111E+02  0.000000E+00 -3.054936E+02 -1.405420E-02
  1.436976E-03 -1.405420E-02 -3.054757E+02  2.443069E-02  1.436976E-03
  2.443069E-02 -2.653642E+02  0.000000E+00  0.000000E+00  0.000000E+00
  0.000000E+00  0.000000E+00  6.618035E+01  0.000000E+00  0.000000E+00
  0.000000E+00  6.618035E+01  0.000000E+00  0.000000E+00  0.000000E+00
  6.350853E+01 -5.138594E+04
      1000  2.000000E-01        52
 -5.730305E+05  3.500000E+02 -5.741168E+05  1.126218E+05 -6.915388E+05
  0.000000E+00  0.000000E+00  0.000000E+00  0.000000E+00 -5.730309E+05
  0.000000E+00  2.936000E+03 -6.979765E+05  6.913121E+05  0.000000E+00
  0.000000E+00  0.000000E+00  0.000000E+00  2.737736E+05  1.171474E-02
  4.800188E+03  9.600375E+03  9.000000E+01  9.000000E+01  9.000000E+01
  0.000000E+00 -1.471851E+00  5.263506E-01 -3.376807E+01 -2.810327E-01
 -1.557872E+00 -2.810327E-01 -3.332198E+01  9.533058E-02 -1.557872E+00
  9.533058E-02  6.267450E+01  1.352811E+00  5.997026E-02  7.159357E-02
  4.651266E-01  5.357591E-01  6.583086E+01  0.000000E+00  0.000000E+00
  0.000000E+00  6.583086E+01  0.000000E+00  0.000000E+00  0.000000E+00
  6.317315E+01 -2.548364E+02
      2000  4.000000E-01        52
 -5.742709E+05  3.499614E+02 -5.753570E+05  1.125967E+05 -6.929479E+05
  0.000000E+00  0.000000E+00  0.000000E+00  0.000000E+00 -5.742712E+05
  0.000000E+00  7.914487E+03 -6.947810E+05  6.927071E+05  0.000000E+00
  0.000000E+00  0.000000E+00  0.000000E+00  2.735718E+05  1.849124E-01
  4.994188E+03  9.988376E+03  9.000000E+01  9.000000E+01  9.000000E+01
  0.000000E+00 -1.106517E+01  5.369406E-01 -3.138733E+01 -1.078463E-01
  7.063793E-02 -1.078463E-01 -2.925277E+01 -3.327707E-02  7.063793E-02
 -3.327707E-02  2.744459E+01  1.834777E+00  4.611982E-01  5.253151E-01
  1.067983E+00  1.112848E+00  6.581468E+01  0.000000E+00  0.000000E+00
  0.000000E+00  6.581468E+01  0.000000E+00  0.000000E+00  0.000000E+00
  6.315763E+01 -1.914412E+03
      3000  6.000000E-01        52
 -5.746251E+05  3.501036E+02 -5.757118E+05  1.125204E+05 -6.933126E+05
  0.000000E+00  0.000000E+00  0.000000E+00  0.000000E+00 -5.746255E+05
  0.000000E+00  9.786157E+03 -6.934381E+05  6.930633E+05  0.000000E+00
  0.000000E+00  0.000000E+00  0.000000E+00  2.729380E+05  5.470405E-01
  5.080484E+03  1.016097E+04  9.000000E+01  9.000000E+01  9.000000E+01
  0.000000E+00 -1.470358E+01  5.451434E-01 -2.606301E+01 -3.346834E-01
  3.866613E-01 -3.346834E-01 -2.582476E+01 -1.418363E+00  3.866613E-01
 -1.418363E+00  7.777038E+00  2.169767E+00  8.181554E-01  8.832593E-01
  1.560989E+00  1.579551E+00  6.576381E+01  0.000000E+00  0.000000E+00
  0.000000E+00  6.576381E+01  0.000000E+00  0.000000E+00  0.000000E+00
  6.310881E+01 -2.538008E+03
      4000  8.000000E-01        52
 -5.749341E+05  3.500000E+02 -5.760204E+05  1.126419E+05 -6.937307E+05
  0.000000E+00  0.000000E+00  0.000000E+00  0.000000E+00 -5.749345E+05
  0.000000E+00  9.760170E+03 -6.938573E+05  6.934808E+05  0.000000E+00
  0.000000E+00  0.000000E+00  0.000000E+00  2.722086E+05  1.162890E-02
  5.068334E+03  1.013667E+04  9.000000E+01  9.000000E+01  9.000000E+01
  0.000000E+00 -1.469390E+01  5.561426E-01 -2.492983E+01  6.949537E-01
 -5.578733E-01  6.949537E-01 -2.349147E+01 -3.944623E-01 -5.578733E-01
 -3.944623E-01  4.339598E+00  2.398297E+00  1.010933E+00  1.091410E+00
  1.838186E+00  1.844834E+00  6.570518E+01  0.000000E+00  0.000000E+00
  0.000000E+00  6.570518E+01  0.000000E+00  0.000000E+00  0.000000E+00
  6.305254E+01 -2.529560E+03
      5000  1.000000E+00        52
 -5.751557E+05  3.499890E+02 -5.762420E+05  1.127711E+05 -6.941303E+05
  0.000000E+00  0.000000E+00  0.000000E+00  0.000000E+00 -5.751561E+05
  0.000000E+00  9.797907E+03 -6.943159E+05  6.938794E+05  0.000000E+00
  0.000000E+00  0.000000E+00  0.000000E+00  2.714831E+05  1.610914E-01
  5.117177E+03  1.023435E+04  9.000000E+01  9.000000E+01  9.000000E+01
  0.000000E+00 -1.480656E+01  5.386997E-01 -2.233530E+01  1.599270E-01
 -5.935355E-01  1.599270E-01 -2.187308E+01  6.529469E-01 -5.935355E-01
  6.529469E-01 -2.113073E-01  2.573672E+00  1.153006E+00  1.248601E+00
  2.067877E+00  2.062765E+00  6.564676E+01  0.000000E+00  0.000000E+00
  0.000000E+00  6.564676E+01  0.000000E+00  0.000000E+00  0.000000E+00
  6.299648E+01 -2.542162E+03
      6000  1.200000E+00        52
 -5.753348E+05  3.500741E+02 -5.764214E+05  1.129305E+05 -6.944841E+05
  0.000000E+00  0.000000E+00  0.000000E+00  0.000000E+00 -5.753352E+05
  0.000000E+00  9.206495E+03 -6.952931E+05  6.942350E+05  0.000000E+00
  0.000000E+00  0.000000E+00  0.000000E+00  2.708169E+05  5.444224E-01
  5.132279E+03  1.026456E+04  9.000000E+01  9.000000E+01  9.000000E+01
  0.000000E+00 -1.369093E+01  5.428375E-01 -1.990959E+01 -6.634468E-02
  3.556051E-01 -6.634468E-02 -1.790351E+01  8.559207E-01  3.556051E-01
  8.559207E-01 -3.259699E+00  2.727601E+00  1.269542E+00  1.373489E+00
  2.262139E+00  2.248669E+00  6.559301E+01  0.000000E+00  0.000000E+00
  0.000000E+00  6.559301E+01  0.000000E+00  0.000000E+00  0.000000E+00
  6.294490E+01 -2.344848E+03
      7000  1.400000E+00        52
  1.477452E+08  3.500000E+02 -5.434949E+05  5.391611E+04 -6.076996E+05
  0.000000E+00  0.000000E+00  0.000000E+00  0.000000E+00 -5.424089E+05
  0.000000E+00  2.904743E+05 -3.355015E+05  6.053985E+05  0.000000E+00
  0.000000E+00  0.000000E+00  0.000000E+00  4.836557E+05  2.379773E-02
  1.028859E+04  2.057717E+04  9.000000E+01  9.000000E+01  9.000000E+01
  0.000000E+00 -3.141848E+02  1.482876E+08 -3.281136E+02 -2.490633E+00
 -2.509989E+00 -2.490633E+00 -3.261411E+02 -2.306274E+00 -2.509989E+00
 -2.306274E+00 -2.882998E+02  3.014111E+00  1.346666E+00  1.423272E+00
  2.400642E+00  1.144513E+03  7.958131E+01  0.000000E+00  0.000000E+00
  0.000000E+00  7.958131E+01  0.000000E+00  0.000000E+00  0.000000E+00
  7.636847E+01 -9.610092E+04
      8000  1.600000E+00        52
  1.478937E+08  3.546496E+02 -5.530550E+05  9.647224E+04 -6.557587E+05
  0.000000E+00  0.000000E+00  0.000000E+00  0.000000E+00 -5.519545E+05
  0.000000E+00  1.118685E+05 -5.517043E+05  6.511099E+05  0.000000E+00
  0.000000E+00  0.000000E+00  0.000000E+00  5.806562E+05  9.004034E-02
  6.231438E+03  1.246288E+04  9.000000E+01  9.000000E+01  9.000000E+01
  0.000000E+00 -9.954839E+01  1.484456E+08 -1.017844E+02  9.863928E-02
  8.332142E-02  9.863928E-02 -1.006923E+02 -2.262301E-02  8.332142E-02
 -2.262301E-02 -9.616847E+01  4.354009E+00  1.656792E+00  1.568008E+00
  3.566160E+00  1.535427E+03  8.458085E+01  0.000000E+00  0.000000E+00
  0.000000E+00  8.458085E+01  0.000000E+00  0.000000E+00  0.000000E+00
  8.116616E+01 -3.655606E+04
      9000  1.800000E+00        52
  1.478841E+08  3.533112E+02 -5.626444E+05  1.089335E+05 -6.781578E+05
  0.000000E+00  0.000000E+00  0.000000E+00  0.000000E+00 -5.615480E+05
  0.000000E+00  5.151273E+04 -6.356307E+05  6.739834E+05  0.000000E+00
  0.000000E+00  0.000000E+00  0.000000E+00  5.667842E+05  3.370953E-01
  6.579982E+03  1.315996E+04  9.000000E+01  9.000000E+01  9.000000E+01
  0.000000E+00 -4.586529E+01  1.484456E+08 -4.637850E+01 -2.232566E-02
  1.517058E-02 -2.232566E-02 -4.526237E+01 -1.123024E-01  1.517058E-02
 -1.123024E-01 -4.595500E+01  5.581591E+00  2.858022E+00  2.345202E+00
  4.881800E+00  1.536920E+03  8.390186E+01  0.000000E+00  0.000000E+00
  0.000000E+00  8.390186E+01  0.000000E+00  0.000000E+00  0.000000E+00
  8.051459E+01 -1.644023E+04
     10000  2.000000E+00        52
  1.478804E+08  3.500000E+02 -5.662444E+05  1.122816E+05 -6.853031E+05
  0.000000E+00  0.000000E+00  0.000000E+00  0.000000E+00 -5.651583E+05
  0.000000E+00  3.470965E+04 -6.601891E+05  6.813447E+05  0.000000E+00
  0.000000E+00  0.000000E+00  0.000000E+00  5.595133E+05  1.145310E-02
  6.777066E+03  1.355413E+04  9.000000E+01  9.000000E+01  9.000000E+01
  0.000000E+00 -3.065175E+01  1.484456E+08 -3.096935E+01 -4.646797E-01
 -3.790067E-01 -4.646797E-01 -2.977310E+01  1.073909E-01 -3.790067E-01
  1.073909E-01 -3.121279E+01  6.806867E+00  4.441963E+00  3.375891E+00
  6.228623E+00  1.539100E+03  8.354154E+01  0.000000E+00  0.000000E+00
  0.000000E+00  8.354154E+01  0.000000E+00  0.000000E+00  0.000000E+00
  8.016882E+01 -1.084605E+04
     11000  2.200000E+00        52
  1.478788E+08  3.502253E+02 -5.678668E+05  1.131518E+05 -6.878492E+05
  0.000000E+00  0.000000E+00  0.000000E+00  0.000000E+00 -5.667800E+05
  0.000000E+00  2.938212E+04 -6.683041E+05  6.840251E+05  0.000000E+00
  0.000000E+00  0.000000E+00  0.000000E+00  5.540246E+05  1.198395E-01
  6.830562E+03  1.366112E+04  9.000000E+01  9.000000E+01  9.000000E+01
  0.000000E+00 -2.588570E+01  1.484456E+08 -2.587016E+01 -3.931804E-01
 -3.326190E-02 -3.931804E-01 -2.527352E+01  5.011831E-01 -3.326190E-02
  5.011831E-01 -2.651344E+01  8.025848E+00  5.909254E+00  4.514614E+00
  7.524850E+00  1.540876E+03  8.326747E+01  0.000000E+00  0.000000E+00
  0.000000E+00  8.326747E+01  0.000000E+00  0.000000E+00  0.000000E+00
  7.990581E+01 -9.069745E+03
     12000  2.400000E+00        52
  1.478779E+08  3.503030E+02 -5.687716E+05  1.133973E+05 -6.889795E+05
  0.000000E+00  0.000000E+00  0.000000E+00  0.000000E+00 -5.676846E+05
  0.000000E+00  2.727535E+04 -6.716220E+05  6.852762E+05  0.000000E+00
  0.000000E+00  0.000000E+00  0.000000E+00  5.493197E+05  3.920127E-01
  6.810592E+03  1.362118E+04  9.000000E+01  9.000000E+01  9.000000E+01
  0.000000E+00 -2.408549E+01  1.484456E+08 -2.417706E+01 -3.730982E-01
  3.202761E-01 -3.730982E-01 -2.361085E+01  1.199668E-01  3.202761E-01
  1.199668E-01 -2.446856E+01  9.172908E+00  7.069338E+00  5.514488E+00
  8.692442E+00  1.542126E+03  8.303109E+01  0.000000E+00  0.000000E+00
  0.000000E+00  8.303109E+01  0.000000E+00  0.000000E+00  0.000000E+00
  7.967897E+01 -8.367327E+03
     13000  2.600000E+00        52
  1.478774E+08  3.500000E+02 -5.693411E+05  1.135906E+05 -6.897353E+05
  0.000000E+00  0.000000E+00  0.000000E+00  0.000000E+00 -5.682550E+05
  0.000000E+00  2.593755E+04 -6.738255E+05  6.861559E+05  0.000000E+00
  0.000000E+00  0.000000E+00  0.000000E+00  5.448926E+05  1.154337E-02
  6.803600E+03  1.360720E+04  9.000000E+01  9.000000E+01  9.000000E+01
  0.000000E+00 -2.298894E+01  1.484456E+08 -2.271965E+01 -3.645909E-01
  4.549358E-01 -3.645909E-01 -2.250322E+01  2.802843E-01  4.549358E-01
  2.802843E-01 -2.374396E+01  1.012982E+01  8.002076E+00  6.363682E+00
  9.677382E+00  1.543361E+03  8.280743E+01  0.000000E+00  0.000000E+00
  0.000000E+00  8.280743E+01  0.000000E+00  0.000000E+00  0.000000E+00
  7.946434E+01 -7.922020E+03
     14000  2.800000E+00        52
  1.479022E+08  3.509340E+02 -5.668537E+05  1.008154E+05 -6.736187E+05
  0.000000E+00  0.000000E+00  0.000000E+00  0.000000E+00 -5.657647E+05
  0.000000E+00  7.752062E+04 -6.014150E+05  6.670364E+05  0.000000E+00
  0.000000E+00  0.000000E+00  0.000000E+00  6.567066E+05  1.644165E-01
  5.949632E+03  1.189926E+04  9.000000E+01  9.000000E+01  9.000000E+01
  0.000000E+00 -6.047086E+01  1.484680E+08 -6.066682E+01 -7.706710E-01
  6.816999E-01 -7.706710E-01 -6.106672E+01  2.304983E-01  6.816999E-01
  2.304983E-01 -5.967906E+01  1.083514E+01  8.575317E+00  6.958968E+00
  1.038518E+01  1.869556E+03  8.812304E+01  0.000000E+00  0.000000E+00
  0.000000E+00  8.812304E+01  0.000000E+00  0.000000E+00  0.000000E+00
  8.456535E+01 -2.511445E+04
     15000  3.000000E+00        52
  1.512633E+08  2.645159E+03 -5.353210E+05  6.461383E+04 -6.267618E+05
  0.000000E+00  0.000000E+00  0.000000E+00  0.000000E+00 -5.271148E+05
  0.000000E+00  2.639712E+05 -4.012333E+05  6.115505E+05  0.000000E+00
  0.000000E+00  0.000000E+00  0.000000E+00  8.843180E+05  4.509172E+03
  2.682695E+04  5.365391E+04  9.000000E+01  9.000000E+01  9.000000E+01
  0.000000E+00 -1.475518E+02  1.517904E+08 -1.436788E+02 -1.198772E+01
  6.268679E+00 -1.198772E+01 -1.535694E+02  1.032517E+01  6.268679E+00
  1.032517E+01 -1.454073E+02  1.102033E+01  8.747968E+00  7.064979E+00
  1.103736E+01  2.424669E+03  9.731247E+01  0.000000E+00  0.000000E+00
  0.000000E+00  9.731247E+01  0.000000E+00  0.000000E+00  0.000000E+00
  9.338379E+01 -8.251998E+04
     16000  3.200000E+00        52
  1.512279E+08  3.500000E+02 -5.636035E+05  1.037454E+05 -6.732537E+05
  0.000000E+00  0.000000E+00  0.000000E+00  0.000000E+00 -5.625172E+05
  0.000000E+00  5.870694E+04 -6.113071E+05  6.582044E+05  0.000000E+00
  0.000000E+00  0.000000E+00  0.000000E+00  8.547305E+05  1.075555E-02
  5.904808E+03  1.180962E+04  9.000000E+01  9.000000E+01  9.000000E+01
  0.000000E+00 -3.486297E+01  1.517904E+08 -3.532572E+01  4.016671E-01
  1.806957E-01  4.016671E-01 -3.471702E+01  7.015437E-01  1.806957E-01
  7.015437E-01 -3.454617E+01  1.203156E+01  9.627612E+00  7.858648E+00
  1.233613E+01  2.427600E+03  9.621484E+01  0.000000E+00  0.000000E+00
  0.000000E+00  9.621484E+01  0.000000E+00  0.000000E+00  0.000000E+00
  9.233047E+01 -1.884515E+04
     17000  3.400000E+00        52
  1.512254E+08  3.503902E+02 -5.661616E+05  1.118773E+05 -6.848001E+05
  0.000000E+00  0.000000E+00  0.000000E+00  0.000000E+00 -5.650741E+05
  0.000000E+00  2.425655E+04 -6.591104E+05  6.698445E+05  0.000000E+00
  0.000000E+00  0.000000E+00  0.000000E+00  8.456806E+05  9.393231E-02
  6.761224E+03  1.352245E+04  9.000000E+01  9.000000E+01  9.000000E+01
  0.000000E+00 -1.376313E+01  1.517904E+08 -1.397060E+01  5.244703E-01
  1.870142E-02  5.244703E-01 -1.328264E+01  2.961543E-01  1.870142E-02
  2.961543E-01 -1.403615E+01  1.379591E+01  1.151501E+01  9.398446E+00
  1.426225E+01  2.429792E+03  9.587406E+01  0.000000E+00  0.000000E+00
  0.000000E+00  9.587406E+01  0.000000E+00  0.000000E+00  0.000000E+00
  9.200345E+01 -7.360879E+03
     18000  3.600000E+00        52
  1.512242E+08  3.504872E+02 -5.672789E+05  1.135081E+05 -6.878195E+05
  0.000000E+00  0.000000E+00  0.000000E+00  0.000000E+00 -5.661911E+05
  0.000000E+00  1.727013E+04 -6.698250E+05  6.730301E+05  0.000000E+00
  0.000000E+00  0.000000E+00  0.000000E+00  8.406131E+05  3.310736E-01
  7.032493E+03  1.406499E+04  9.000000E+01  9.000000E+01  9.000000E+01
  0.000000E+00 -9.465146E+00  1.517904E+08 -9.317823E+00  1.811579E-02
 -1.939213E-01  1.811579E-02 -8.987661E+00  5.420580E-01 -1.939213E-01
  5.420580E-01 -1.008996E+01  1.572946E+01  1.336235E+01  1.112795E+01
  1.615161E+01  2.431970E+03  9.568218E+01  0.000000E+00  0.000000E+00
  0.000000E+00  9.568218E+01  0.000000E+00  0.000000E+00  0.000000E+00
  9.181931E+01 -5.031871E+03
     19000  3.800000E+00        52
  1.512236E+08  3.500000E+02 -5.679269E+05  1.138964E+05 -6.889211E+05
  0.000000E+00  0.000000E+00  0.000000E+00  0.000000E+00 -5.668406E+05
  0.000000E+00  1.524968E+04 -6.731828E+05  6.742369E+05  0.000000E+00
  0.000000E+00  0.000000E+00  0.000000E+00  8.367639E+05  1.142758E-02
  7.097823E+03  1.419565E+04  9.000000E+01  9.000000E+01  9.000000E+01
  0.000000E+00 -8.237919E+00  1.517904E+08 -8.119932E+00  2.398984E-01
  1.023686E-02  2.398984E-01 -7.698268E+00  3.081054E-01  1.023686E-02
  3.081054E-01 -8.895558E+00  1.764170E+01  1.515778E+01  1.285261E+01
  1.805324E+01  2.433906E+03  9.553591E+01  0.000000E+00  0.000000E+00
  0.000000E+00  9.553591E+01  0.000000E+00  0.000000E+00  0.000000E+00
  9.167895E+01 -4.359398E+03
     20000  4.000000E+00        52
  1.512231E+08  3.500933E+02 -5.684280E+05  1.140851E+05 -6.896642E+05
  0.000000E+00  0.000000E+00  0.000000E+00  0.000000E+00 -5.673414E+05
  0.000000E+00  1.403515E+04 -6.753771E+05  6.751099E+05  0.000000E+00
  0.000000E+00  0.000000E+00  0.000000E+00  8.332560E+05  1.113114E-01
  7.151188E+03  1.430238E+04  9.000000E+01  9.000000E+01  9.000000E+01
  0.000000E+00 -7.503978E+00  1.517904E+08 -7.391500E+00 -1.045540E-01
 -3.115233E-02 -1.045540E-01 -6.782140E+00  1.451450E-01 -3.115233E-02
  1.451450E-01 -8.338295E+00  1.949482E+01  1.689481E+01  1.457287E+01
  1.991616E+01  2.435294E+03  9.540222E+01  0.000000E+00  0.000000E+00
  0.000000E+00  9.540222E+01  0.000000E+00  0.000000E+00  0.000000E+00
  9.155066E+01 -3.954359E+03
     21000  4.200000E+00        52
  1.512227E+08  3.501325E+02 -5.688528E+05  1.140673E+05 -6.900513E+05
  0.000000E+00  0.000000E+00  0.000000E+00  0.000000E+00 -5.677661E+05
  0.000000E+00  1.346120E+04 -6.763925E+05  6.755912E+05  0.000000E+00
  0.000000E+00  0.000000E+00  0.000000E+00  8.301901E+05  3.577685E-01
  7.131272E+03  1.426254E+04  9.000000E+01  9.000000E+01  9.000000E+01
  0.000000E+00 -7.167147E+00  1.517904E+08 -7.208992E+00 -2.534474E-02
  2.144577E-01 -2.534474E-02 -6.071530E+00  4.949426E-01  2.144577E-01
  4.949426E-01 -8.220919E+00  2.118541E+01  1.853600E+01  1.612759E+01
  2.157784E+01  2.436551E+03  9.528507E+01  0.000000E+00  0.000000E+00
  0.000000E+00  9.528507E+01  0.000000E+00  0.000000E+00  0.000000E+00
  9.143824E+01 -3.762963E+03
     22000  4.400000E+00        52
  1.512224E+08  3.500000E+02 -5.691423E+05  1.142625E+05 -6.905240E+05
  0.000000E+00  0.000000E+00  0.000000E+00  0.000000E+00 -5.680561E+05
  0.000000E+00  1.229965E+04 -6.781673E+05  6.762285E+05  0.000000E+00
  0.000000E+00  0.000000E+00  0.000000E+00  8.272204E+05  1.151289E-02
  7.119183E+03  1.423837E+04  9.000000E+01  9.000000E+01  9.000000E+01
  0.000000E+00 -6.453299E+00  1.517904E+08 -6.474001E+00 -8.982184E-02
 -1.167072E-01 -8.982184E-02 -5.369317E+00  6.412834E-01 -1.167072E-01
  6.412834E-01 -7.516580E+00  2.269376E+01  1.993323E+01  1.750119E+01
  2.298773E+01  2.437329E+03  9.517132E+01  0.000000E+00  0.000000E+00
  0.000000E+00  9.517132E+01  0.000000E+00  0.000000E+00  0.000000E+00
  9.132908E+01 -3.376052E+03
     23000  4.600000E+00        52
  1.512221E+08  3.499967E+02 -5.694205E+05  1.142966E+05 -6.908251E+05
  0.000000E+00  0.000000E+00  0.000000E+00  0.000000E+00 -5.683342E+05
  0.000000E+00  1.186577E+04 -6.790300E+05  6.766798E+05  0.000000E+00
  0.000000E+00  0.000000E+00  0.000000E+00  8.244938E+05  1.138760E-01
  7.107947E+03  1.421589E+04  9.000000E+01  9.000000E+01  9.000000E+01
  0.000000E+00 -6.197288E+00  1.517904E+08 -6.337826E+00  2.316656E-01
 -1.748410E-01  2.316656E-01 -5.114430E+00  4.066885E-01 -1.748410E-01
  4.066885E-01 -7.139608E+00  2.393516E+01  2.119661E+01  1.858301E+01
  2.419696E+01  2.439083E+03  9.506664E+01  0.000000E+00  0.000000E+00
  0.000000E+00  9.506664E+01  0.000000E+00  0.000000E+00  0.000000E+00
  9.122863E+01 -3.231433E+03
     24000  4.800000E+00        52
  1.512219E+08  3.500077E+02 -5.696161E+05  1.143179E+05 -6.910676E+05
  0.000000E+00  0.000000E+00  0.000000E+00  0.000000E+00 -5.685298E+05
  0.000000E+00  1.175472E+04 -6.795384E+05  6.770261E+05  0.000000E+00
  0.000000E+00  0.000000E+00  0.000000E+00  8.219056E+05  3.623638E-01
  7.133518E+03  1.426704E+04  9.000000E+01  9.000000E+01  9.000000E+01
  0.000000E+00 -6.145545E+00  1.517904E+08 -5.921189E+00  1.862890E-01
 -1.311117E-01  1.862890E-01 -5.491189E+00  6.254413E-01 -1.311117E-01
  6.254413E-01 -7.024258E+00  2.495811E+01  2.227556E+01  1.961542E+01
  2.525589E+01  2.440899E+03  9.496706E+01  0.000000E+00  0.000000E+00
  0.000000E+00  9.496706E+01  0.000000E+00  0.000000E+00  0.000000E+00
  9.113306E+01 -3.194393E+03
     25000  5.000000E+00        52
  1.512217E+08  3.500000E+02 -5.697804E+05  1.144159E+05 -6.912783E+05
  0.000000E+00  0.000000E+00  0.000000E+00  0.000000E+00 -5.686941E+05
  0.000000E+00  1.108954E+04 -6.804435E+05  6.773690E+05  0.000000E+00
  0.000000E+00  0.000000E+00  0.000000E+00  8.193796E+05  1.155269E-02
  7.082040E+03  1.416408E+04  9.000000E+01  9.000000E+01  9.000000E+01
  0.000000E+00 -5.736635E+00  1.517904E+08 -5.466976E+00 -3.747116E-03
 -2.516145E-01 -3.747116E-03 -4.640212E+00  4.279565E-01 -2.516145E-01
  4.279565E-01 -7.102718E+00  2.580160E+01  2.310676E+01  2.043983E+01
  2.612397E+01  2.441857E+03  9.486967E+01  0.000000E+00  0.000000E+00
  0.000000E+00  9.486967E+01  0.000000E+00  0.000000E+00  0.000000E+00
  9.103961E+01 -2.972682E+03
     26000  5.200000E+00        52
  1.512216E+08  3.499805E+02 -5.699552E+05  1.146157E+05 -6.916803E+05
  0.000000E+00  0.000000E+00  0.000000E+00  0.000000E+00 -5.688690E+05
  0.000000E+00  9.998369E+03 -6.820066E+05  6.777861E+05  0.000000E+00
  0.000000E+00  0.000000E+00  0.000000E+00  8.170609E+05  1.153813E-01
  7.109429E+03  1.421886E+04  9.000000E+01  9.000000E+01  9.000000E+01
  0.000000E+00 -5.049095E+00  1.517904E+08 -4.820341E+00 -3.529191E-02
 -2.854966E-01 -3.529191E-02 -4.470500E+00  7.422106E-02 -2.854966E-01
