#Li56 La24 Zr16 O96                                                     
        15       120
Li      Li      
  2.500000E-02  0.000000E+00  0.000000E+00
  7.500000E-02  0.000000E+00  0.000000E+00
  1.250000E-01  0.000000E+00  0.000000E+00
  1.750000E-01  0.000000E+00  0.000000E+00
  2.250000E-01  0.000000E+00  0.000000E+00
  2.750000E-01  0.000000E+00  0.000000E+00
  3.250000E-01  0.000000E+00  0.000000E+00
  3.750000E-01  0.000000E+00  0.000000E+00
  4.250000E-01  0.000000E+00  0.000000E+00
  4.750000E-01  0.000000E+00  0.000000E+00
  5.250000E-01  0.000000E+00  0.000000E+00
  5.750000E-01  0.000000E+00  0.000000E+00
  6.250000E-01  0.000000E+00  0.000000E+00
  6.750000E-01  0.000000E+00  0.000000E+00
  7.250000E-01  0.000000E+00  0.000000E+00
  7.750000E-01  0.000000E+00  0.000000E+00
  8.250000E-01  0.000000E+00  0.000000E+00
  8.750000E-01  0.000000E+00  0.000000E+00
  9.250000E-01  0.000000E+00  0.000000E+00
  9.750000E-01  0.000000E+00  0.000000E+00
  1.025000E+00  0.000000E+00  0.000000E+00
  1.075000E+00  0.000000E+00  0.000000E+00
  1.125000E+00  0.000000E+00  0.000000E+00
  1.175000E+00  1.567527E-03  3.702452E-05
  1.225000E+00  2.492935E-02  6.770199E-04
  1.275000E+00  1.509614E-01  4.875336E-03
  1.325000E+00  5.087270E-01  2.015456E-02
  1.375000E+00  1.149840E+00  5.734438E-02
  1.425000E+00  1.978115E+00  1.260606E-01
  1.475000E+00  2.915120E+00  2.345570E-01
  1.525000E+00  3.798105E+00  3.856620E-01
  1.575000E+00  4.334574E+00  5.696025E-01
  1.625000E+00  4.439264E+00  7.701352E-01
  1.675000E+00  4.183003E+00  9.708981E-01
  1.725000E+00  3.663723E+00  1.157392E+00
  1.775000E+00  3.041216E+00  1.321302E+00
  1.825000E+00  2.349874E+00  1.455187E+00
  1.875000E+00  1.749829E+00  1.560421E+00
  1.925000E+00  1.296339E+00  1.642596E+00
  1.975000E+00  9.752009E-01  1.707666E+00
  2.025000E+00  7.525174E-01  1.760453E+00
  2.075000E+00  6.028492E-01  1.804854E+00
  2.125000E+00  5.118709E-01  1.844394E+00
  2.175000E+00  4.687874E-01  1.882329E+00
  2.225000E+00  4.720798E-01  1.922308E+00
  2.275000E+00  4.862679E-01  1.965360E+00
  2.325000E+00  4.954658E-01  2.011175E+00
  2.375000E+00  5.008488E-01  2.059501E+00
  2.425000E+00  4.946974E-01  2.109265E+00
  2.475000E+00  4.907620E-01  2.160689E+00
  2.525000E+00  4.956465E-01  2.214745E+00
  2.575000E+00  5.100795E-01  2.272600E+00
  2.625000E+00  5.315896E-01  2.335258E+00
  2.675000E+00  5.600840E-01  2.403815E+00
  2.725000E+00  5.819220E-01  2.477731E+00
  2.775000E+00  6.084518E-01  2.557880E+00
  2.825000E+00  6.345184E-01  2.644502E+00
  2.875000E+00  6.674630E-01  2.738875E+00
  2.925000E+00  6.865275E-01  2.839349E+00
  2.975000E+00  7.173160E-01  2.947948E+00
  3.025000E+00  7.397718E-01  3.063744E+00
  3.075000E+00  7.611192E-01  3.186852E+00
  3.125000E+00  7.593997E-01  3.313708E+00
  3.175000E+00  7.584531E-01  3.444493E+00
  3.225000E+00  7.528889E-01  3.578440E+00
  3.275000E+00  7.322668E-01  3.712789E+00
  3.325000E+00  7.213943E-01  3.849215E+00
  3.375000E+00  7.101070E-01  3.987576E+00
  3.425000E+00  7.013674E-01  4.128312E+00
  3.475000E+00  6.982552E-01  4.272545E+00
  3.525000E+00  6.960129E-01  4.420482E+00
  3.575000E+00  7.027490E-01  4.574118E+00
  3.625000E+00  7.063922E-01  4.732900E+00
  3.675000E+00  7.192400E-01  4.899061E+00
  3.725000E+00  7.235825E-01  5.070805E+00
  3.775000E+00  7.302214E-01  5.248808E+00
  3.825000E+00  7.493081E-01  5.436335E+00
  3.875000E+00  7.484080E-01  5.628565E+00
  3.925000E+00  7.525188E-01  5.826871E+00
  3.975000E+00  7.604337E-01  6.032400E+00
  4.025000E+00  7.658552E-01  6.244636E+00
  4.075000E+00  7.696054E-01  6.463242E+00
  4.125000E+00  7.740175E-01  6.688529E+00
  4.175000E+00  7.755019E-01  6.919754E+00
  4.225000E+00  7.778516E-01  7.157268E+00
  4.275000E+00  7.766948E-01  7.400074E+00
  4.325000E+00  7.788711E-01  7.649290E+00
  4.375000E+00  7.838514E-01  7.905933E+00
  4.425000E+00  7.909356E-01  8.170847E+00
  4.475000E+00  8.001111E-01  8.444925E+00
  4.525000E+00  8.104645E-01  8.728788E+00
  4.575000E+00  8.228653E-01  9.023399E+00
  4.625000E+00  8.336760E-01  9.328440E+00
  4.675000E+00  8.398665E-01  9.642426E+00
  4.725000E+00  8.451595E-01  9.965186E+00
  4.775000E+00  8.602324E-01  1.030069E+01
  4.825000E+00  8.631828E-01  1.064444E+01
  4.875000E+00  8.783255E-01  1.100150E+01
  4.925000E+00  8.854344E-01  1.136887E+01
  4.975000E+00  9.052679E-01  1.175213E+01
  5.025000E+00  9.167565E-01  1.214810E+01
  5.075000E+00  9.303801E-01  1.255800E+01
  5.125000E+00  9.476559E-01  1.298377E+01
  5.175000E+00  9.569322E-01  1.342213E+01
  5.225000E+00  9.658939E-01  1.387320E+01
  5.275000E+00  9.801739E-01  1.433973E+01
  5.325000E+00  9.910946E-01  1.482045E+01
  5.375000E+00  1.003381E+00  1.531631E+01
  5.425000E+00  1.016406E+00  1.582800E+01
  5.475000E+00  1.024612E+00  1.635337E+01
  5.525000E+00  1.039584E+00  1.689619E+01
  5.575000E+00  1.045487E+00  1.745203E+01
  5.625000E+00  1.056343E+00  1.802375E+01
  5.675000E+00  1.063201E+00  1.860946E+01
  5.725000E+00  1.064582E+00  1.920631E+01
  5.775000E+00  1.071643E+00  1.981766E+01
  5.825000E+00  1.074105E+00  2.044107E+01
  5.875000E+00  1.078424E+00  2.107778E+01
  5.925000E+00  1.080946E+00  2.172689E+01
  5.975000E+00  1.087576E+00  2.239105E+01
Li      La      
  2.500000E-02  0.000000E+00  0.000000E+00
  7.500000E-02  0.000000E+00  0.000000E+00
  1.250000E-01  0.000000E+00  0.000000E+00
  1.750000E-01  0.000000E+00  0.000000E+00
  2.250000E-01  0.000000E+00  0.000000E+00
  2.750000E-01  0.000000E+00  0.000000E+00
  3.250000E-01  0.000000E+00  0.000000E+00
  3.750000E-01  0.000000E+00  0.000000E+00
  4.250000E-01  0.000000E+00  0.000000E+00
  4.750000E-01  0.000000E+00  0.000000E+00
  5.250000E-01  0.000000E+00  0.000000E+00
  5.750000E-01  0.000000E+00  0.000000E+00
  6.250000E-01  0.000000E+00  0.000000E+00
  6.750000E-01  0.000000E+00  0.000000E+00
  7.250000E-01  0.000000E+00  0.000000E+00
  7.750000E-01  0.000000E+00  0.000000E+00
  8.250000E-01  0.000000E+00  0.000000E+00
  8.750000E-01  0.000000E+00  0.000000E+00
  9.250000E-01  0.000000E+00  0.000000E+00
  9.750000E-01  0.000000E+00  0.000000E+00
  1.025000E+00  0.000000E+00  0.000000E+00
  1.075000E+00  0.000000E+00  0.000000E+00
  1.125000E+00  0.000000E+00  0.000000E+00
  1.175000E+00  0.000000E+00  0.000000E+00
  1.225000E+00  0.000000E+00  0.000000E+00
  1.275000E+00  0.000000E+00  0.000000E+00
  1.325000E+00  0.000000E+00  0.000000E+00
  1.375000E+00  0.000000E+00  0.000000E+00
  1.425000E+00  0.000000E+00  0.000000E+00
  1.475000E+00  0.000000E+00  0.000000E+00
  1.525000E+00  0.000000E+00  0.000000E+00
  1.575000E+00  0.000000E+00  0.000000E+00
  1.625000E+00  0.000000E+00  0.000000E+00
  1.675000E+00  0.000000E+00  0.000000E+00
  1.725000E+00  0.000000E+00  0.000000E+00
  1.775000E+00  0.000000E+00  0.000000E+00
  1.825000E+00  0.000000E+00  0.000000E+00
  1.875000E+00  0.000000E+00  0.000000E+00
  1.925000E+00  0.000000E+00  0.000000E+00
  1.975000E+00  0.000000E+00  0.000000E+00
  2.025000E+00  0.000000E+00  0.000000E+00
  2.075000E+00  0.000000E+00  0.000000E+00
  2.125000E+00  0.000000E+00  0.000000E+00
  2.175000E+00  7.620438E-05  2.642860E-06
  2.225000E+00  5.461357E-04  2.246431E-05
  2.275000E+00  6.216494E-03  2.583395E-04
  2.325000E+00  3.986342E-02  1.838109E-03
  2.375000E+00  1.555110E-01  8.268848E-03
  2.425000E+00  4.243364E-01  2.656272E-02
  2.475000E+00  8.297375E-01  6.382440E-02
  2.525000E+00  1.259317E+00  1.226855E-01
  2.575000E+00  1.610009E+00  2.009479E-01
  2.625000E+00  1.874662E+00  2.956481E-01
  2.675000E+00  2.086496E+00  4.051028E-01
  2.725000E+00  2.278242E+00  5.291256E-01
  2.775000E+00  2.440776E+00  6.669171E-01
  2.825000E+00  2.549768E+00  8.160953E-01
  2.875000E+00  2.612956E+00  9.744297E-01
  2.925000E+00  2.614593E+00  1.138422E+00
  2.975000E+00  2.536684E+00  1.303013E+00
  3.025000E+00  2.428288E+00  1.465912E+00
  3.075000E+00  2.266820E+00  1.623047E+00
  3.125000E+00  2.076245E+00  1.771690E+00
  3.175000E+00  1.889411E+00  1.911320E+00
  3.225000E+00  1.707373E+00  2.041503E+00
  3.275000E+00  1.553174E+00  2.163629E+00
  3.325000E+00  1.430299E+00  2.279553E+00
  3.375000E+00  1.299221E+00  2.388044E+00
  3.425000E+00  1.185658E+00  2.490008E+00
  3.475000E+00  1.091039E+00  2.586594E+00
  3.525000E+00  1.016505E+00  2.679190E+00
  3.575000E+00  9.768330E-01  2.770714E+00
  3.625000E+00  9.515742E-01  2.862383E+00
  3.675000E+00  9.320570E-01  2.954666E+00
  3.725000E+00  8.910758E-01  3.045308E+00
  3.775000E+00  8.558834E-01  3.134723E+00
  3.825000E+00  8.152168E-01  3.222161E+00
  3.875000E+00  7.820225E-01  3.308245E+00
  3.925000E+00  7.619623E-01  3.394300E+00
  3.975000E+00  7.422640E-01  3.480280E+00
  4.025000E+00  7.336618E-01  3.567414E+00
  4.075000E+00  7.269273E-01  3.655907E+00
  4.125000E+00  7.150211E-01  3.745099E+00
  4.175000E+00  7.207119E-01  3.837195E+00
  4.225000E+00  7.281916E-01  3.932487E+00
  4.275000E+00  7.408764E-01  4.031749E+00
  4.325000E+00  7.485048E-01  4.134391E+00
  4.375000E+00  7.586583E-01  4.240846E+00
  4.425000E+00  7.624384E-01  4.350290E+00
  4.475000E+00  7.736921E-01  4.463873E+00
  4.525000E+00  7.768305E-01  4.580480E+00
  4.575000E+00  7.896849E-01  4.701651E+00
  4.625000E+00  7.992937E-01  4.826991E+00
  4.675000E+00  8.174058E-01  4.957958E+00
  4.725000E+00  8.274995E-01  5.093393E+00
  4.775000E+00  8.420215E-01  5.234138E+00
  4.825000E+00  8.679074E-01  5.382263E+00
  4.875000E+00  8.986159E-01  5.538824E+00
  4.925000E+00  9.347083E-01  5.705030E+00
  4.975000E+00  9.682833E-01  5.880721E+00
  5.025000E+00  1.000686E+00  6.065959E+00
  5.075000E+00  1.037019E+00  6.261762E+00
  5.125000E+00  1.059882E+00  6.465844E+00
  5.175000E+00  1.083160E+00  6.678498E+00
  5.225000E+00  1.110470E+00  6.900747E+00
  5.275000E+00  1.135489E+00  7.132373E+00
  5.325000E+00  1.154212E+00  7.372303E+00
  5.375000E+00  1.169356E+00  7.619967E+00
  5.425000E+00  1.182111E+00  7.875013E+00
  5.475000E+00  1.187522E+00  8.135970E+00
  5.525000E+00  1.193100E+00  8.402963E+00
  5.575000E+00  1.189342E+00  8.673955E+00
  5.625000E+00  1.192646E+00  8.950596E+00
  5.675000E+00  1.192446E+00  9.232129E+00
  5.725000E+00  1.194331E+00  9.519098E+00
  5.775000E+00  1.185765E+00  9.809007E+00
  5.825000E+00  1.179492E+00  1.010240E+01
  5.875000E+00  1.160177E+00  1.039596E+01
  5.925000E+00  1.139064E+00  1.068911E+01
  5.975000E+00  1.118699E+00  1.098189E+01
Li      Zr      
  2.500000E-02  0.000000E+00  0.000000E+00
  7.500000E-02  0.000000E+00  0.000000E+00
  1.250000E-01  0.000000E+00  0.000000E+00
  1.750000E-01  0.000000E+00  0.000000E+00
  2.250000E-01  0.000000E+00  0.000000E+00
  2.750000E-01  0.000000E+00  0.000000E+00
  3.250000E-01  0.000000E+00  0.000000E+00
  3.750000E-01  0.000000E+00  0.000000E+00
  4.250000E-01  0.000000E+00  0.000000E+00
  4.750000E-01  0.000000E+00  0.000000E+00
  5.250000E-01  0.000000E+00  0.000000E+00
  5.750000E-01  0.000000E+00  0.000000E+00
  6.250000E-01  0.000000E+00  0.000000E+00
  6.750000E-01  0.000000E+00  0.000000E+00
  7.250000E-01  0.000000E+00  0.000000E+00
  7.750000E-01  0.000000E+00  0.000000E+00
  8.250000E-01  0.000000E+00  0.000000E+00
  8.750000E-01  0.000000E+00  0.000000E+00
  9.250000E-01  0.000000E+00  0.000000E+00
  9.750000E-01  0.000000E+00  0.000000E+00
  1.025000E+00  0.000000E+00  0.000000E+00
  1.075000E+00  0.000000E+00  0.000000E+00
  1.125000E+00  0.000000E+00  0.000000E+00
  1.175000E+00  0.000000E+00  0.000000E+00
  1.225000E+00  0.000000E+00  0.000000E+00
  1.275000E+00  0.000000E+00  0.000000E+00
  1.325000E+00  0.000000E+00  0.000000E+00
  1.375000E+00  0.000000E+00  0.000000E+00
  1.425000E+00  0.000000E+00  0.000000E+00
  1.475000E+00  0.000000E+00  0.000000E+00
  1.525000E+00  0.000000E+00  0.000000E+00
  1.575000E+00  0.000000E+00  0.000000E+00
  1.625000E+00  0.000000E+00  0.000000E+00
  1.675000E+00  0.000000E+00  0.000000E+00
  1.725000E+00  0.000000E+00  0.000000E+00
  1.775000E+00  0.000000E+00  0.000000E+00
  1.825000E+00  0.000000E+00  0.000000E+00
  1.875000E+00  0.000000E+00  0.000000E+00
  1.925000E+00  0.000000E+00  0.000000E+00
  1.975000E+00  0.000000E+00  0.000000E+00
  2.025000E+00  5.604355E-04  1.123215E-05
  2.075000E+00  6.813204E-03  1.546073E-04
  2.125000E+00  3.505644E-02  9.283045E-04
  2.175000E+00  1.169642E-01  3.632611E-03
  2.225000E+00  2.605067E-01  9.935831E-03
  2.275000E+00  4.686923E-01  2.179170E-02
  2.325000E+00  7.547290E-01  4.173142E-02
  2.375000E+00  1.155667E+00  7.359109E-02
  2.425000E+00  1.681583E+00  1.219217E-01
  2.475000E+00  2.355033E+00  1.924279E-01
  2.525000E+00  3.036478E+00  2.870456E-01
  2.575000E+00  3.616128E+00  4.042320E-01
  2.625000E+00  3.905753E+00  5.357671E-01
  2.675000E+00  3.863490E+00  6.708827E-01
  2.725000E+00  3.540669E+00  7.993805E-01
  2.775000E+00  3.105904E+00  9.162742E-01
  2.825000E+00  2.630755E+00  1.018885E+00
  2.875000E+00  2.211174E+00  1.108211E+00
  2.925000E+00  1.857211E+00  1.185869E+00
  2.975000E+00  1.516887E+00  1.251484E+00
  3.025000E+00  1.283876E+00  1.308902E+00
  3.075000E+00  1.085424E+00  1.359063E+00
  3.125000E+00  9.564057E-01  1.404710E+00
  3.175000E+00  8.775043E-01  1.447943E+00
  3.225000E+00  7.832930E-01  1.487759E+00
  3.275000E+00  7.294219E-01  1.525995E+00
  3.325000E+00  6.885984E-01  1.563202E+00
  3.375000E+00  6.462124E-01  1.599177E+00
  3.425000E+00  6.257888E-01  1.635054E+00
  3.475000E+00  6.102390E-01  1.671069E+00
  3.525000E+00  6.053228E-01  1.707829E+00
  3.575000E+00  6.109975E-01  1.745994E+00
  3.625000E+00  6.165322E-01  1.785589E+00
  3.675000E+00  6.345843E-01  1.827476E+00
  3.725000E+00  6.479831E-01  1.871419E+00
  3.775000E+00  6.734981E-01  1.918326E+00
  3.825000E+00  7.030565E-01  1.968598E+00
  3.875000E+00  7.399503E-01  2.022900E+00
  3.925000E+00  7.863226E-01  2.082104E+00
  3.975000E+00  8.334106E-01  2.146463E+00
  4.025000E+00  8.765622E-01  2.215867E+00
  4.075000E+00  9.096402E-01  2.289690E+00
  4.125000E+00  9.267800E-01  2.366762E+00
  4.175000E+00  9.427652E-01  2.447075E+00
  4.225000E+00  9.256728E-01  2.527833E+00
  4.275000E+00  9.215301E-01  2.610143E+00
  4.325000E+00  9.087228E-01  2.693218E+00
  4.375000E+00  8.971680E-01  2.777145E+00
  4.425000E+00  8.832010E-01  2.861664E+00
  4.475000E+00  8.710820E-01  2.946918E+00
  4.525000E+00  8.628520E-01  3.033264E+00
  4.575000E+00  8.586407E-01  3.121098E+00
  4.625000E+00  8.470712E-01  3.209653E+00
  4.675000E+00  8.407337E-01  3.299456E+00
  4.725000E+00  8.451732E-01  3.391675E+00
  4.775000E+00  8.489468E-01  3.486276E+00
  4.825000E+00  8.555482E-01  3.583620E+00
  4.875000E+00  8.663262E-01  3.684244E+00
  4.925000E+00  8.873218E-01  3.789431E+00
  4.975000E+00  9.008083E-01  3.898396E+00
  5.025000E+00  9.256419E-01  4.012627E+00
  5.075000E+00  9.437262E-01  4.131419E+00
  5.125000E+00  9.698364E-01  4.255915E+00
  5.175000E+00  9.903845E-01  4.385541E+00
  5.225000E+00  1.008739E+00  4.520133E+00
  5.275000E+00  1.016540E+00  4.658375E+00
  5.325000E+00  1.024544E+00  4.800358E+00
  5.375000E+00  1.024135E+00  4.944963E+00
  5.425000E+00  1.027563E+00  5.092764E+00
  5.475000E+00  1.024300E+00  5.242823E+00
  5.525000E+00  1.029153E+00  5.396360E+00
  5.575000E+00  1.031733E+00  5.553081E+00
  5.625000E+00  1.034768E+00  5.713094E+00
  5.675000E+00  1.032393E+00  5.875591E+00
  5.725000E+00  1.032176E+00  6.040929E+00
  5.775000E+00  1.030290E+00  6.208860E+00
  5.825000E+00  1.031158E+00  6.379856E+00
  5.875000E+00  1.032525E+00  6.554030E+00
  5.925000E+00  1.034358E+00  6.731496E+00
  5.975000E+00  1.036204E+00  6.912292E+00
Li      O       
  2.500000E-02  0.000000E+00  0.000000E+00
  7.500000E-02  0.000000E+00  0.000000E+00
  1.250000E-01  0.000000E+00  0.000000E+00
  1.750000E-01  0.000000E+00  0.000000E+00
  2.250000E-01  0.000000E+00  0.000000E+00
  2.750000E-01  0.000000E+00  0.000000E+00
  3.250000E-01  0.000000E+00  0.000000E+00
  3.750000E-01  0.000000E+00  0.000000E+00
  4.250000E-01  0.000000E+00  0.000000E+00
  4.750000E-01  0.000000E+00  0.000000E+00
  5.250000E-01  0.000000E+00  0.000000E+00
  5.750000E-01  0.000000E+00  0.000000E+00
  6.250000E-01  0.000000E+00  0.000000E+00
  6.750000E-01  0.000000E+00  0.000000E+00
  7.250000E-01  0.000000E+00  0.000000E+00
  7.750000E-01  0.000000E+00  0.000000E+00
  8.250000E-01  0.000000E+00  0.000000E+00
  8.750000E-01  0.000000E+00  0.000000E+00
  9.250000E-01  2.632743E-05  6.607149E-07
  9.750000E-01  8.530917E-04  2.444645E-05
  1.025000E+00  7.204487E-03  2.464467E-04
  1.075000E+00  3.009883E-01  1.044789E-02
  1.125000E+00  3.623804E+00  1.449589E-01
  1.175000E+00  1.338900E+01  6.870920E-01
  1.225000E+00  1.657264E+01  1.416450E+00
  1.275000E+00  8.965590E+00  1.843886E+00
  1.325000E+00  3.130523E+00  2.005068E+00
  1.375000E+00  1.054409E+00  2.063531E+00
  1.425000E+00  4.187658E-01  2.088469E+00
  1.475000E+00  1.948702E-01  2.100902E+00
  1.525000E+00  1.078624E-01  2.108259E+00
  1.575000E+00  7.204150E-02  2.113500E+00
  1.625000E+00  5.616690E-02  2.117849E+00
  1.675000E+00  4.887285E-02  2.121870E+00
  1.725000E+00  4.855682E-02  2.126107E+00
  1.775000E+00  4.924240E-02  2.130657E+00
  1.825000E+00  5.186450E-02  2.135723E+00
  1.875000E+00  6.341400E-02  2.142261E+00
  1.925000E+00  7.099141E-02  2.149975E+00
  1.975000E+00  8.273213E-02  2.159438E+00
  2.025000E+00  9.533997E-02  2.170903E+00
  2.075000E+00  1.269653E-01  2.186934E+00
  2.125000E+00  1.499254E-01  2.206787E+00
  2.175000E+00  1.909777E-01  2.233281E+00
  2.225000E+00  2.509220E-01  2.269708E+00
  2.275000E+00  3.179902E-01  2.317971E+00
  2.325000E+00  4.055532E-01  2.382259E+00
  2.375000E+00  5.115980E-01  2.466882E+00
  2.425000E+00  6.256349E-01  2.574770E+00
  2.475000E+00  7.462025E-01  2.708812E+00
  2.525000E+00  8.559621E-01  2.868844E+00
  2.575000E+00  9.556432E-01  3.054659E+00
  2.625000E+00  1.028422E+00  3.262466E+00
  2.675000E+00  1.073089E+00  3.487637E+00
  2.725000E+00  1.092090E+00  3.725441E+00
  2.775000E+00  1.085264E+00  3.970511E+00
  2.825000E+00  1.074786E+00  4.222039E+00
  2.875000E+00  1.056845E+00  4.478201E+00
  2.925000E+00  1.051314E+00  4.741962E+00
  2.975000E+00  1.041527E+00  5.012278E+00
  3.025000E+00  1.031773E+00  5.289139E+00
  3.075000E+00  1.023484E+00  5.572929E+00
  3.125000E+00  1.016677E+00  5.864074E+00
  3.175000E+00  1.010874E+00  6.162894E+00
  3.225000E+00  1.012589E+00  6.471723E+00
  3.275000E+00  1.012184E+00  6.790074E+00
  3.325000E+00  1.021574E+00  7.121265E+00
  3.375000E+00  1.037706E+00  7.467879E+00
  3.425000E+00  1.065254E+00  7.834316E+00
  3.475000E+00  1.098090E+00  8.223156E+00
  3.525000E+00  1.125130E+00  8.633120E+00
  3.575000E+00  1.150590E+00  9.064337E+00
  3.625000E+00  1.170235E+00  9.515270E+00
  3.675000E+00  1.175485E+00  9.980808E+00
  3.725000E+00  1.169493E+00  1.045666E+01
  3.775000E+00  1.165808E+00  1.094384E+01
  3.825000E+00  1.152112E+00  1.143812E+01
  3.875000E+00  1.125996E+00  1.193392E+01
  3.925000E+00  1.098663E+00  1.243024E+01
  3.975000E+00  1.064838E+00  1.292362E+01
  4.025000E+00  1.031823E+00  1.341381E+01
  4.075000E+00  1.006368E+00  1.390385E+01
  4.125000E+00  9.753281E-01  1.439050E+01
  4.175000E+00  9.517374E-01  1.487697E+01
  4.225000E+00  9.331945E-01  1.536545E+01
  4.275000E+00  9.184664E-01  1.585767E+01
  4.325000E+00  9.078158E-01  1.635562E+01
  4.375000E+00  9.020709E-01  1.686194E+01
  4.425000E+00  9.005134E-01  1.737899E+01
  4.475000E+00  9.019120E-01  1.790862E+01
  4.525000E+00  9.066782E-01  1.845301E+01
  4.575000E+00  9.183064E-01  1.901664E+01
  4.625000E+00  9.251787E-01  1.959696E+01
  4.675000E+00  9.376073E-01  2.019786E+01
  4.725000E+00  9.465836E-01  2.081757E+01
  4.775000E+00  9.518743E-01  2.145399E+01
  4.825000E+00  9.623453E-01  2.211096E+01
  4.875000E+00  9.665713E-01  2.278456E+01
  4.925000E+00  9.740409E-01  2.347737E+01
  4.975000E+00  9.789608E-01  2.418788E+01
  5.025000E+00  9.816673E-01  2.491475E+01
  5.075000E+00  9.869322E-01  2.566013E+01
  5.125000E+00  9.891559E-01  2.642199E+01
  5.175000E+00  9.898006E-01  2.719929E+01
  5.225000E+00  9.862955E-01  2.798887E+01
  5.275000E+00  9.833108E-01  2.879121E+01
  5.325000E+00  9.780491E-01  2.960445E+01
  5.375000E+00  9.699273E-01  3.042615E+01
  5.425000E+00  9.641768E-01  3.125825E+01
  5.475000E+00  9.611660E-01  3.210312E+01
  5.525000E+00  9.547348E-01  3.295772E+01
  5.575000E+00  9.532154E-01  3.382649E+01
  5.625000E+00  9.561979E-01  3.471367E+01
  5.675000E+00  9.572066E-01  3.561764E+01
  5.725000E+00  9.579312E-01  3.653831E+01
  5.775000E+00  9.604628E-01  3.747761E+01
  5.825000E+00  9.619645E-01  3.843474E+01
  5.875000E+00  9.615567E-01  3.940796E+01
  5.925000E+00  9.635448E-01  4.039986E+01
  5.975000E+00  9.633994E-01  4.140842E+01
Li      O_s     
  2.500000E-02  0.000000E+00  0.000000E+00
  7.500000E-02  0.000000E+00  0.000000E+00
  1.250000E-01  0.000000E+00  0.000000E+00
  1.750000E-01  0.000000E+00  0.000000E+00
  2.250000E-01  0.000000E+00  0.000000E+00
  2.750000E-01  0.000000E+00  0.000000E+00
  3.250000E-01  0.000000E+00  0.000000E+00
  3.750000E-01  0.000000E+00  0.000000E+00
  4.250000E-01  0.000000E+00  0.000000E+00
  4.750000E-01  0.000000E+00  0.000000E+00
  5.250000E-01  0.000000E+00  0.000000E+00
  5.750000E-01  0.000000E+00  0.000000E+00
  6.250000E-01  0.000000E+00  0.000000E+00
  6.750000E-01  0.000000E+00  0.000000E+00
  7.250000E-01  0.000000E+00  0.000000E+00
  7.750000E-01  0.000000E+00  0.000000E+00
  8.250000E-01  0.000000E+00  0.000000E+00
  8.750000E-01  0.000000E+00  0.000000E+00
  9.250000E-01  7.898228E-05  1.982145E-06
  9.750000E-01  8.365038E-03  2.352145E-04
  1.025000E+00  2.014404E+00  6.230740E-02
  1.075000E+00  2.147733E+01  7.902415E-01
  1.125000E+00  2.142905E+01  1.585660E+00
  1.175000E+00  6.627884E+00  1.854030E+00
  1.225000E+00  2.434795E+00  1.961184E+00
  1.275000E+00  1.249179E+00  2.020739E+00
  1.325000E+00  6.821035E-01  2.055859E+00
  1.375000E+00  3.760214E-01  2.076708E+00
  1.425000E+00  2.169940E-01  2.089630E+00
  1.475000E+00  1.360508E-01  2.098310E+00
  1.525000E+00  9.172279E-02  2.104566E+00
  1.575000E+00  6.803616E-02  2.109515E+00
  1.625000E+00  5.333424E-02  2.113646E+00
  1.675000E+00  4.745148E-02  2.117550E+00
  1.725000E+00  4.309011E-02  2.121310E+00
  1.775000E+00  4.512337E-02  2.125479E+00
  1.825000E+00  4.916540E-02  2.130281E+00
  1.875000E+00  5.947906E-02  2.136413E+00
  1.925000E+00  7.154470E-02  2.144188E+00
  1.975000E+00  8.616895E-02  2.154044E+00
  2.025000E+00  1.045267E-01  2.166614E+00
  2.075000E+00  1.449036E-01  2.184910E+00
  2.125000E+00  1.836946E-01  2.209235E+00
  2.175000E+00  2.532367E-01  2.244365E+00
  2.225000E+00  3.498818E-01  2.295159E+00
  2.275000E+00  4.551667E-01  2.364242E+00
  2.325000E+00  5.809122E-01  2.456327E+00
  2.375000E+00  7.048484E-01  2.572915E+00
  2.425000E+00  8.189488E-01  2.714140E+00
  2.475000E+00  9.240533E-01  2.880129E+00
  2.525000E+00  9.972636E-01  3.066580E+00
  2.575000E+00  1.047781E+00  3.270310E+00
  2.625000E+00  1.070217E+00  3.486562E+00
  2.675000E+00  1.064745E+00  3.709982E+00
  2.725000E+00  1.043420E+00  3.937188E+00
  2.775000E+00  1.015057E+00  4.166404E+00
  2.825000E+00  9.928524E-01  4.398758E+00
  2.875000E+00  9.666664E-01  4.633062E+00
  2.925000E+00  9.628725E-01  4.874635E+00
  2.975000E+00  9.593786E-01  5.123630E+00
  3.025000E+00  9.650280E-01  5.382580E+00
  3.075000E+00  9.726222E-01  5.652268E+00
  3.125000E+00  9.761347E-01  5.931802E+00
  3.175000E+00  9.803087E-01  6.221587E+00
  3.225000E+00  9.856305E-01  6.522194E+00
  3.275000E+00  9.929773E-01  6.834505E+00
  3.325000E+00  1.008906E+00  7.161588E+00
  3.375000E+00  1.027122E+00  7.504667E+00
  3.425000E+00  1.056507E+00  7.868095E+00
  3.475000E+00  1.088520E+00  8.253547E+00
  3.525000E+00  1.124158E+00  8.663156E+00
  3.575000E+00  1.148096E+00  9.093438E+00
  3.625000E+00  1.161469E+00  9.540994E+00
  3.675000E+00  1.163845E+00  1.000192E+01
  3.725000E+00  1.159266E+00  1.047361E+01
  3.775000E+00  1.142966E+00  1.095124E+01
  3.825000E+00  1.126002E+00  1.143433E+01
  3.875000E+00  1.101686E+00  1.191942E+01
  3.925000E+00  1.072779E+00  1.240405E+01
  3.975000E+00  1.044887E+00  1.288819E+01
  4.025000E+00  1.020055E+00  1.337278E+01
  4.075000E+00  9.984620E-01  1.385897E+01
  4.125000E+00  9.745257E-01  1.434523E+01
  4.175000E+00  9.531878E-01  1.483243E+01
  4.225000E+00  9.410455E-01  1.532502E+01
  4.275000E+00  9.231661E-01  1.581976E+01
  4.325000E+00  9.093034E-01  1.631853E+01
  4.375000E+00  8.967761E-01  1.682187E+01
  4.425000E+00  8.928566E-01  1.733453E+01
  4.475000E+00  8.870658E-01  1.785544E+01
  4.525000E+00  8.875585E-01  1.838835E+01
  4.575000E+00  8.942468E-01  1.893721E+01
  4.625000E+00  8.985681E-01  1.950084E+01
  4.675000E+00  9.101948E-01  2.008418E+01
  4.725000E+00  9.175914E-01  2.068490E+01
  4.775000E+00  9.227519E-01  2.130185E+01
  4.825000E+00  9.329078E-01  2.193873E+01
  4.875000E+00  9.394563E-01  2.259343E+01
  4.925000E+00  9.491484E-01  2.326853E+01
  4.975000E+00  9.565890E-01  2.396281E+01
  5.025000E+00  9.628991E-01  2.467578E+01
  5.075000E+00  9.703971E-01  2.540868E+01
  5.125000E+00  9.771478E-01  2.616128E+01
  5.175000E+00  9.821907E-01  2.693261E+01
  5.225000E+00  9.789939E-01  2.771635E+01
  5.275000E+00  9.790029E-01  2.851517E+01
  5.325000E+00  9.754833E-01  2.932627E+01
  5.375000E+00  9.691295E-01  3.014730E+01
  5.425000E+00  9.663143E-01  3.098125E+01
  5.475000E+00  9.666427E-01  3.183092E+01
  5.525000E+00  9.659860E-01  3.269560E+01
  5.575000E+00  9.700675E-01  3.357972E+01
  5.625000E+00  9.711615E-01  3.448079E+01
  5.675000E+00  9.740443E-01  3.540066E+01
  5.725000E+00  9.760243E-01  3.633873E+01
  5.775000E+00  9.767016E-01  3.729391E+01
  5.825000E+00  9.751958E-01  3.826420E+01
  5.875000E+00  9.752009E-01  3.925122E+01
  5.925000E+00  9.740695E-01  4.025396E+01
  5.975000E+00  9.727793E-01  4.127234E+01
La      La      
  2.500000E-02  0.000000E+00  0.000000E+00
  7.500000E-02  0.000000E+00  0.000000E+00
  1.250000E-01  0.000000E+00  0.000000E+00
  1.750000E-01  0.000000E+00  0.000000E+00
  2.250000E-01  0.000000E+00  0.000000E+00
  2.750000E-01  0.000000E+00  0.000000E+00
  3.250000E-01  0.000000E+00  0.000000E+00
  3.750000E-01  0.000000E+00  0.000000E+00
  4.250000E-01  0.000000E+00  0.000000E+00
  4.750000E-01  0.000000E+00  0.000000E+00
  5.250000E-01  0.000000E+00  0.000000E+00
  5.750000E-01  0.000000E+00  0.000000E+00
  6.250000E-01  0.000000E+00  0.000000E+00
  6.750000E-01  0.000000E+00  0.000000E+00
  7.250000E-01  0.000000E+00  0.000000E+00
  7.750000E-01  0.000000E+00  0.000000E+00
  8.250000E-01  0.000000E+00  0.000000E+00
  8.750000E-01  0.000000E+00  0.000000E+00
  9.250000E-01  0.000000E+00  0.000000E+00
  9.750000E-01  0.000000E+00  0.000000E+00
  1.025000E+00  0.000000E+00  0.000000E+00
  1.075000E+00  0.000000E+00  0.000000E+00
  1.125000E+00  0.000000E+00  0.000000E+00
  1.175000E+00  0.000000E+00  0.000000E+00
  1.225000E+00  0.000000E+00  0.000000E+00
  1.275000E+00  0.000000E+00  0.000000E+00
  1.325000E+00  0.000000E+00  0.000000E+00
  1.375000E+00  0.000000E+00  0.000000E+00
  1.425000E+00  0.000000E+00  0.000000E+00
  1.475000E+00  0.000000E+00  0.000000E+00
  1.525000E+00  0.000000E+00  0.000000E+00
  1.575000E+00  0.000000E+00  0.000000E+00
  1.625000E+00  0.000000E+00  0.000000E+00
  1.675000E+00  0.000000E+00  0.000000E+00
  1.725000E+00  0.000000E+00  0.000000E+00
  1.775000E+00  0.000000E+00  0.000000E+00
  1.825000E+00  0.000000E+00  0.000000E+00
  1.875000E+00  0.000000E+00  0.000000E+00
  1.925000E+00  0.000000E+00  0.000000E+00
  1.975000E+00  0.000000E+00  0.000000E+00
  2.025000E+00  0.000000E+00  0.000000E+00
  2.075000E+00  0.000000E+00  0.000000E+00
  2.125000E+00  0.000000E+00  0.000000E+00
  2.175000E+00  0.000000E+00  0.000000E+00
  2.225000E+00  0.000000E+00  0.000000E+00
  2.275000E+00  0.000000E+00  0.000000E+00
  2.325000E+00  0.000000E+00  0.000000E+00
  2.375000E+00  0.000000E+00  0.000000E+00
  2.425000E+00  0.000000E+00  0.000000E+00
  2.475000E+00  0.000000E+00  0.000000E+00
  2.525000E+00  0.000000E+00  0.000000E+00
  2.575000E+00  0.000000E+00  0.000000E+00
  2.625000E+00  0.000000E+00  0.000000E+00
  2.675000E+00  0.000000E+00  0.000000E+00
  2.725000E+00  0.000000E+00  0.000000E+00
  2.775000E+00  0.000000E+00  0.000000E+00
  2.825000E+00  0.000000E+00  0.000000E+00
  2.875000E+00  0.000000E+00  0.000000E+00
  2.925000E+00  0.000000E+00  0.000000E+00
  2.975000E+00  0.000000E+00  0.000000E+00
  3.025000E+00  0.000000E+00  0.000000E+00
  3.075000E+00  4.454873E-05  3.088102E-06
  3.125000E+00  0.000000E+00  3.088102E-06
  3.175000E+00  1.253603E-04  1.235241E-05
  3.225000E+00  1.053029E-03  9.264306E-05
  3.275000E+00  4.123760E-03  4.168938E-04
  3.325000E+00  1.104947E-02  1.312443E-03
  3.375000E+00  3.479920E-02  4.218347E-03
  3.425000E+00  9.336403E-02  1.224741E-02
  3.475000E+00  2.154395E-01  3.131953E-02
  3.525000E+00  4.115554E-01  6.880909E-02
  3.575000E+00  6.516682E-01  1.298670E-01
  3.625000E+00  9.490883E-01  2.212965E-01
  3.675000E+00  1.307511E+00  3.507528E-01
  3.725000E+00  1.676623E+00  5.213025E-01
  3.775000E+00  2.018460E+00  7.321735E-01
  3.825000E+00  2.261553E+00  9.747409E-01
  3.875000E+00  2.441657E+00  1.243517E+00
  3.925000E+00  2.519296E+00  1.528042E+00
  3.975000E+00  2.490975E+00  1.816582E+00
  4.025000E+00  2.419540E+00  2.103942E+00
  4.075000E+00  2.216342E+00  2.373750E+00
  4.125000E+00  2.031385E+00  2.627147E+00
  4.175000E+00  1.861728E+00  2.865045E+00
  4.225000E+00  1.714046E+00  3.089350E+00
  4.275000E+00  1.581090E+00  3.301181E+00
  4.325000E+00  1.426113E+00  3.496744E+00
  4.375000E+00  1.316896E+00  3.681530E+00
  4.425000E+00  1.216353E+00  3.856132E+00
  4.475000E+00  1.127860E+00  4.021709E+00
  4.525000E+00  1.075608E+00  4.183165E+00
  4.575000E+00  1.018918E+00  4.339509E+00
  4.625000E+00  9.653409E-01  4.490888E+00
  4.675000E+00  9.140415E-01  4.637338E+00
  4.725000E+00  8.570820E-01  4.777615E+00
  4.775000E+00  8.005586E-01  4.911429E+00
  4.825000E+00  7.617428E-01  5.041435E+00
  4.875000E+00  7.286854E-01  5.168390E+00
  4.925000E+00  7.044654E-01  5.293655E+00
  4.975000E+00  6.863600E-01  5.418192E+00
  5.025000E+00  6.677644E-01  5.541803E+00
  5.075000E+00  6.487017E-01  5.664286E+00
  5.125000E+00  6.326258E-01  5.786100E+00
  5.175000E+00  6.343965E-01  5.910649E+00
  5.225000E+00  6.305526E-01  6.036847E+00
  5.275000E+00  6.422872E-01  6.167866E+00
  5.325000E+00  6.580177E-01  6.304651E+00
  5.375000E+00  6.688699E-01  6.446314E+00
  5.425000E+00  6.865403E-01  6.594438E+00
  5.475000E+00  6.884482E-01  6.745724E+00
  5.525000E+00  7.105984E-01  6.904743E+00
  5.575000E+00  7.267778E-01  7.070339E+00
  5.625000E+00  7.387176E-01  7.241689E+00
  5.675000E+00  7.569271E-01  7.420397E+00
  5.725000E+00  7.744548E-01  7.606480E+00
  5.775000E+00  7.919846E-01  7.800113E+00
  5.825000E+00  8.066035E-01  8.000750E+00
  5.875000E+00  8.205634E-01  8.208379E+00
  5.925000E+00  8.346471E-01  8.423181E+00
  5.975000E+00  8.440757E-01  8.644092E+00
La      Zr      
  2.500000E-02  0.000000E+00  0.000000E+00
  7.500000E-02  0.000000E+00  0.000000E+00
  1.250000E-01  0.000000E+00  0.000000E+00
  1.750000E-01  0.000000E+00  0.000000E+00
  2.250000E-01  0.000000E+00  0.000000E+00
  2.750000E-01  0.000000E+00  0.000000E+00
  3.250000E-01  0.000000E+00  0.000000E+00
  3.750000E-01  0.000000E+00  0.000000E+00
  4.250000E-01  0.000000E+00  0.000000E+00
  4.750000E-01  0.000000E+00  0.000000E+00
  5.250000E-01  0.000000E+00  0.000000E+00
  5.750000E-01  0.000000E+00  0.000000E+00
  6.250000E-01  0.000000E+00  0.000000E+00
  6.750000E-01  0.000000E+00  0.000000E+00
  7.250000E-01  0.000000E+00  0.000000E+00
  7.750000E-01  0.000000E+00  0.000000E+00
  8.250000E-01  0.000000E+00  0.000000E+00
  8.750000E-01  0.000000E+00  0.000000E+00
  9.250000E-01  0.000000E+00  0.000000E+00
  9.750000E-01  0.000000E+00  0.000000E+00
  1.025000E+00  0.000000E+00  0.000000E+00
  1.075000E+00  0.000000E+00  0.000000E+00
  1.125000E+00  0.000000E+00  0.000000E+00
  1.175000E+00  0.000000E+00  0.000000E+00
  1.225000E+00  0.000000E+00  0.000000E+00
  1.275000E+00  0.000000E+00  0.000000E+00
  1.325000E+00  0.000000E+00  0.000000E+00
  1.375000E+00  0.000000E+00  0.000000E+00
  1.425000E+00  0.000000E+00  0.000000E+00
  1.475000E+00  0.000000E+00  0.000000E+00
  1.525000E+00  0.000000E+00  0.000000E+00
  1.575000E+00  0.000000E+00  0.000000E+00
  1.625000E+00  0.000000E+00  0.000000E+00
  1.675000E+00  0.000000E+00  0.000000E+00
  1.725000E+00  0.000000E+00  0.000000E+00
  1.775000E+00  0.000000E+00  0.000000E+00
  1.825000E+00  0.000000E+00  0.000000E+00
  1.875000E+00  0.000000E+00  0.000000E+00
  1.925000E+00  0.000000E+00  0.000000E+00
  1.975000E+00  0.000000E+00  0.000000E+00
  2.025000E+00  0.000000E+00  0.000000E+00
  2.075000E+00  0.000000E+00  0.000000E+00
  2.125000E+00  0.000000E+00  0.000000E+00
  2.175000E+00  0.000000E+00  0.000000E+00
  2.225000E+00  0.000000E+00  0.000000E+00
  2.275000E+00  0.000000E+00  0.000000E+00
  2.325000E+00  0.000000E+00  0.000000E+00
  2.375000E+00  0.000000E+00  0.000000E+00
  2.425000E+00  0.000000E+00  0.000000E+00
  2.475000E+00  0.000000E+00  0.000000E+00
  2.525000E+00  0.000000E+00  0.000000E+00
  2.575000E+00  0.000000E+00  0.000000E+00
  2.625000E+00  0.000000E+00  0.000000E+00
  2.675000E+00  0.000000E+00  0.000000E+00
  2.725000E+00  0.000000E+00  0.000000E+00
  2.775000E+00  0.000000E+00  0.000000E+00
  2.825000E+00  0.000000E+00  0.000000E+00
  2.875000E+00  0.000000E+00  0.000000E+00
  2.925000E+00  0.000000E+00  0.000000E+00
  2.975000E+00  3.564031E-05  1.541668E-06
  3.025000E+00  1.723594E-04  9.250009E-06
  3.075000E+00  2.034959E-03  1.032918E-04
  3.125000E+00  1.072394E-02  6.151256E-04
  3.175000E+00  4.643689E-02  2.902961E-03
  3.225000E+00  1.423035E-01  1.013647E-02
  3.275000E+00  3.424497E-01  2.808765E-02
  3.325000E+00  7.184675E-01  6.690840E-02
  3.375000E+00  1.324501E+00  1.406433E-01
  3.425000E+00  2.153704E+00  2.641186E-01
  3.475000E+00  3.128046E+00  4.487287E-01
  3.525000E+00  3.954532E+00  6.888806E-01
  3.575000E+00  4.490574E+00  9.693763E-01
  3.625000E+00  4.624742E+00  1.266389E+00
  3.675000E+00  4.616305E+00  1.571096E+00
  3.725000E+00  4.317503E+00  1.863886E+00
  3.775000E+00  4.021143E+00  2.143949E+00
  3.825000E+00  3.668090E+00  2.406234E+00
  3.875000E+00  3.321363E+00  2.649977E+00
  3.925000E+00  3.000869E+00  2.875919E+00
  3.975000E+00  2.710141E+00  3.085203E+00
  4.025000E+00  2.405681E+00  3.275680E+00
  4.075000E+00  2.135316E+00  3.448975E+00
  4.125000E+00  1.870117E+00  3.604496E+00
  4.175000E+00  1.618328E+00  3.742359E+00
  4.225000E+00  1.402072E+00  3.864679E+00
  4.275000E+00  1.229262E+00  3.974475E+00
  4.325000E+00  1.069873E+00  4.072283E+00
  4.375000E+00  9.391787E-01  4.160139E+00
  4.425000E+00  8.111204E-01  4.237761E+00
  4.475000E+00  6.935753E-01  4.305642E+00
  4.525000E+00  6.028133E-01  4.365966E+00
  4.575000E+00  5.413316E-01  4.421341E+00
  4.625000E+00  4.866298E-01  4.472215E+00
  4.675000E+00  4.595196E-01  4.521298E+00
  4.725000E+00  4.391077E-01  4.569210E+00
  4.775000E+00  4.279815E-01  4.616902E+00
  4.825000E+00  4.165560E-01  4.664297E+00
  4.875000E+00  4.198151E-01  4.713059E+00
  4.925000E+00  4.343011E-01  4.764543E+00
  4.975000E+00  4.517806E-01  4.819192E+00
  5.025000E+00  4.698435E-01  4.877174E+00
  5.075000E+00  4.744587E-01  4.936896E+00
  5.125000E+00  4.804746E-01  4.998574E+00
  5.175000E+00  4.809525E-01  5.061523E+00
  5.225000E+00  4.909144E-01  5.127024E+00
  5.275000E+00  5.037356E-01  5.195528E+00
  5.325000E+00  5.198623E-01  5.267572E+00
  5.375000E+00  5.421177E-01  5.344117E+00
  5.425000E+00  5.643148E-01  5.425286E+00
  5.475000E+00  5.893818E-01  5.511630E+00
  5.525000E+00  6.032225E-01  5.601624E+00
  5.575000E+00  6.102325E-01  5.694318E+00
  5.625000E+00  6.271078E-01  5.791292E+00
  5.675000E+00  6.348238E-01  5.891212E+00
  5.725000E+00  6.320414E-01  5.992455E+00
  5.775000E+00  6.510898E-01  6.098579E+00
  5.825000E+00  6.435768E-01  6.205302E+00
  5.875000E+00  6.535702E-01  6.315552E+00
  5.925000E+00  6.566935E-01  6.428221E+00
  5.975000E+00  6.743770E-01  6.545886E+00
La      O       
  2.500000E-02  0.000000E+00  0.000000E+00
  7.500000E-02  0.000000E+00  0.000000E+00
  1.250000E-01  0.000000E+00  0.000000E+00
  1.750000E-01  0.000000E+00  0.000000E+00
  2.250000E-01  0.000000E+00  0.000000E+00
  2.750000E-01  0.000000E+00  0.000000E+00
  3.250000E-01  0.000000E+00  0.000000E+00
  3.750000E-01  0.000000E+00  0.000000E+00
  4.250000E-01  0.000000E+00  0.000000E+00
  4.750000E-01  0.000000E+00  0.000000E+00
  5.250000E-01  0.000000E+00  0.000000E+00
  5.750000E-01  0.000000E+00  0.000000E+00
  6.250000E-01  0.000000E+00  0.000000E+00
  6.750000E-01  0.000000E+00  0.000000E+00
  7.250000E-01  0.000000E+00  0.000000E+00
  7.750000E-01  0.000000E+00  0.000000E+00
  8.250000E-01  0.000000E+00  0.000000E+00
  8.750000E-01  0.000000E+00  0.000000E+00
  9.250000E-01  0.000000E+00  0.000000E+00
  9.750000E-01  0.000000E+00  0.000000E+00
  1.025000E+00  0.000000E+00  0.000000E+00
  1.075000E+00  0.000000E+00  0.000000E+00
  1.125000E+00  0.000000E+00  0.000000E+00
  1.175000E+00  0.000000E+00  0.000000E+00
  1.225000E+00  0.000000E+00  0.000000E+00
  1.275000E+00  0.000000E+00  0.000000E+00
  1.325000E+00  0.000000E+00  0.000000E+00
  1.375000E+00  0.000000E+00  0.000000E+00
  1.425000E+00  0.000000E+00  0.000000E+00
  1.475000E+00  0.000000E+00  0.000000E+00
  1.525000E+00  0.000000E+00  0.000000E+00
  1.575000E+00  0.000000E+00  0.000000E+00
  1.625000E+00  0.000000E+00  0.000000E+00
  1.675000E+00  0.000000E+00  0.000000E+00
  1.725000E+00  0.000000E+00  0.000000E+00
  1.775000E+00  0.000000E+00  0.000000E+00
  1.825000E+00  0.000000E+00  0.000000E+00
  1.875000E+00  0.000000E+00  0.000000E+00
  1.925000E+00  0.000000E+00  0.000000E+00
  1.975000E+00  0.000000E+00  0.000000E+00
  2.025000E+00  1.282042E-05  1.541668E-06
  2.075000E+00  2.808310E-04  3.700004E-05
  2.125000E+00  5.436925E-03  7.569591E-04
  2.175000E+00  6.871254E-02  1.028909E-02
  2.225000E+00  4.207262E-01  7.136845E-02
  2.275000E+00  1.455411E+00  2.922618E-01
  2.325000E+00  3.215881E+00  8.020375E-01
  2.375000E+00  4.977222E+00  1.625316E+00
  2.425000E+00  5.834870E+00  2.631521E+00
  2.475000E+00  5.567203E+00  3.631564E+00
  2.525000E+00  4.653311E+00  4.501557E+00
  2.575000E+00  3.573841E+00  5.196453E+00
  2.625000E+00  2.642586E+00  5.730424E+00
  2.675000E+00  1.934814E+00  6.136415E+00
  2.725000E+00  1.443138E+00  6.450660E+00
  2.775000E+00  1.108736E+00  6.701030E+00
  2.825000E+00  8.791592E-01  6.906777E+00
  2.875000E+00  7.226742E-01  7.081941E+00
  2.925000E+00  6.108361E-01  7.235192E+00
  2.975000E+00  5.346047E-01  7.373942E+00
  3.025000E+00  4.807851E-01  7.502954E+00
  3.075000E+00  4.437156E-01  7.625987E+00
  3.125000E+00  4.236603E-01  7.747310E+00
  3.175000E+00  4.129618E-01  7.869384E+00
  3.225000E+00  4.104418E-01  7.994564E+00
  3.275000E+00  4.249349E-01  8.128214E+00
  3.325000E+00  4.413017E-01  8.271283E+00
  3.375000E+00  4.653210E-01  8.426709E+00
  3.425000E+00  4.876748E-01  8.594464E+00
  3.475000E+00  5.217851E-01  8.779232E+00
  3.525000E+00  5.503463E-01  8.979761E+00
  3.575000E+00  5.876555E-01  9.200002E+00
  3.625000E+00  6.215189E-01  9.439496E+00
  3.675000E+00  6.565109E-01  9.699500E+00
  3.725000E+00  6.960775E-01  9.982726E+00
  3.775000E+00  7.331506E-01  1.028910E+01
  3.825000E+00  7.709348E-01  1.061985E+01
  3.875000E+00  8.044821E-01  1.097408E+01
  3.925000E+00  8.372478E-01  1.135231E+01
  3.975000E+00  8.631031E-01  1.175222E+01
  4.025000E+00  8.818416E-01  1.217115E+01
  4.075000E+00  8.988174E-01  1.260882E+01
  4.125000E+00  9.124264E-01  1.306409E+01
  4.175000E+00  9.169980E-01  1.353280E+01
  4.225000E+00  9.212727E-01  1.401504E+01
  4.275000E+00  9.242375E-01  1.451035E+01
  4.325000E+00  9.252796E-01  1.501788E+01
  4.375000E+00  9.282467E-01  1.553889E+01
  4.425000E+00  9.313222E-01  1.607363E+01
  4.475000E+00  9.376705E-01  1.662426E+01
  4.525000E+00  9.490277E-01  1.719408E+01
  4.575000E+00  9.653789E-01  1.778660E+01
  4.625000E+00  9.781040E-01  1.840012E+01
  4.675000E+00  9.986159E-01  1.904012E+01
  4.725000E+00  1.023944E+00  1.971047E+01
  4.775000E+00  1.055653E+00  2.041628E+01
  4.825000E+00  1.086883E+00  2.115827E+01
  4.875000E+00  1.124650E+00  2.194204E+01
  4.925000E+00  1.148519E+00  2.275894E+01
  4.975000E+00  1.173821E+00  2.361088E+01
  5.025000E+00  1.191990E+00  2.449348E+01
  5.075000E+00  1.204022E+00  2.540282E+01
  5.125000E+00  1.211161E+00  2.633567E+01
  5.175000E+00  1.214111E+00  2.728912E+01
  5.225000E+00  1.211112E+00  2.825868E+01
  5.275000E+00  1.200697E+00  2.923839E+01
  5.325000E+00  1.192539E+00  3.022998E+01
  5.375000E+00  1.174286E+00  3.122482E+01
  5.425000E+00  1.158058E+00  3.222424E+01
  5.475000E+00  1.132762E+00  3.321994E+01
  5.525000E+00  1.103743E+00  3.420792E+01
  5.575000E+00  1.078448E+00  3.519082E+01
  5.625000E+00  1.052037E+00  3.616693E+01
  5.675000E+00  1.032296E+00  3.714181E+01
  5.725000E+00  1.013144E+00  3.811555E+01
  5.775000E+00  1.000976E+00  3.909447E+01
  5.825000E+00  9.913403E-01  4.008083E+01
  5.875000E+00  9.828169E-01  4.107556E+01
  5.925000E+00  9.817126E-01  4.208616E+01
  5.975000E+00  9.782897E-01  4.311031E+01
La      O_s     
  2.500000E-02  0.000000E+00  0.000000E+00
  7.500000E-02  0.000000E+00  0.000000E+00
  1.250000E-01  0.000000E+00  0.000000E+00
  1.750000E-01  0.000000E+00  0.000000E+00
  2.250000E-01  0.000000E+00  0.000000E+00
  2.750000E-01  0.000000E+00  0.000000E+00
  3.250000E-01  0.000000E+00  0.000000E+00
  3.750000E-01  0.000000E+00  0.000000E+00
  4.250000E-01  0.000000E+00  0.000000E+00
  4.750000E-01  0.000000E+00  0.000000E+00
  5.250000E-01  0.000000E+00  0.000000E+00
  5.750000E-01  0.000000E+00  0.000000E+00
  6.250000E-01  0.000000E+00  0.000000E+00
  6.750000E-01  0.000000E+00  0.000000E+00
  7.250000E-01  0.000000E+00  0.000000E+00
  7.750000E-01  0.000000E+00  0.000000E+00
  8.250000E-01  0.000000E+00  0.000000E+00
  8.750000E-01  0.000000E+00  0.000000E+00
  9.250000E-01  0.000000E+00  0.000000E+00
  9.750000E-01  0.000000E+00  0.000000E+00
  1.025000E+00  0.000000E+00  0.000000E+00
  1.075000E+00  0.000000E+00  0.000000E+00
  1.125000E+00  0.000000E+00  0.000000E+00
  1.175000E+00  0.000000E+00  0.000000E+00
  1.225000E+00  0.000000E+00  0.000000E+00
  1.275000E+00  0.000000E+00  0.000000E+00
  1.325000E+00  0.000000E+00  0.000000E+00
  1.375000E+00  0.000000E+00  0.000000E+00
  1.425000E+00  0.000000E+00  0.000000E+00
  1.475000E+00  0.000000E+00  0.000000E+00
  1.525000E+00  0.000000E+00  0.000000E+00
  1.575000E+00  0.000000E+00  0.000000E+00
  1.625000E+00  0.000000E+00  0.000000E+00
  1.675000E+00  0.000000E+00  0.000000E+00
  1.725000E+00  0.000000E+00  0.000000E+00
  1.775000E+00  0.000000E+00  0.000000E+00
  1.825000E+00  0.000000E+00  0.000000E+00
  1.875000E+00  0.000000E+00  0.000000E+00
  1.925000E+00  0.000000E+00  0.000000E+00
  1.975000E+00  0.000000E+00  0.000000E+00
  2.025000E+00  0.000000E+00  0.000000E+00
  2.075000E+00  0.000000E+00  0.000000E+00
  2.125000E+00  0.000000E+00  0.000000E+00
  2.175000E+00  8.445986E-04  1.171668E-04
  2.225000E+00  3.490565E-02  5.184630E-03
  2.275000E+00  3.456858E-01  5.765068E-02
  2.325000E+00  1.435804E+00  2.852518E-01
  2.375000E+00  3.273746E+00  8.267597E-01
  2.425000E+00  4.949966E+00  1.680366E+00
  2.475000E+00  5.590976E+00  2.684680E+00
  2.525000E+00  5.227604E+00  3.662043E+00
  2.575000E+00  4.295321E+00  4.497223E+00
  2.625000E+00  3.327123E+00  5.169514E+00
  2.675000E+00  2.475316E+00  5.688921E+00
  2.725000E+00  1.849123E+00  6.091570E+00
  2.775000E+00  1.401721E+00  6.408101E+00
  2.825000E+00  1.095173E+00  6.664400E+00
  2.875000E+00  8.884783E-01  6.879753E+00
  2.925000E+00  7.414451E-01  7.065772E+00
  2.975000E+00  6.395178E-01  7.231751E+00
  3.025000E+00  5.654193E-01  7.383473E+00
  3.075000E+00  5.191203E-01  7.527414E+00
  3.125000E+00  4.908303E-01  7.667972E+00
  3.175000E+00  4.807709E-01  7.810091E+00
  3.225000E+00  4.902929E-01  7.959625E+00
  3.275000E+00  5.021802E-01  8.117571E+00
  3.325000E+00  5.184383E-01  8.285646E+00
  3.375000E+00  5.468585E-01  8.468308E+00
  3.425000E+00  5.720299E-01  8.665080E+00
  3.475000E+00  6.009308E-01  8.877874E+00
  3.525000E+00  6.282146E-01  9.106776E+00
  3.575000E+00  6.587498E-01  9.353662E+00
  3.625000E+00  6.929540E-01  9.620682E+00
  3.675000E+00  7.210716E-01  9.906254E+00
  3.725000E+00  7.532181E-01  1.021273E+01
  3.775000E+00  7.849583E-01  1.054075E+01
  3.825000E+00  8.135166E-01  1.088977E+01
  3.875000E+00  8.314663E-01  1.125588E+01
  3.925000E+00  8.589043E-01  1.164390E+01
  3.975000E+00  8.690457E-01  1.204656E+01
  4.025000E+00  8.793883E-01  1.246432E+01
  4.075000E+00  8.841555E-01  1.289486E+01
  4.125000E+00  8.931403E-01  1.334050E+01
  4.175000E+00  8.895327E-01  1.379517E+01
  4.225000E+00  8.945773E-01  1.426344E+01
  4.275000E+00  8.953466E-01  1.474327E+01
  4.325000E+00  8.990371E-01  1.523641E+01
  4.375000E+00  9.069350E-01  1.574545E+01
  4.425000E+00  9.164795E-01  1.627167E+01
  4.475000E+00  9.352289E-01  1.682087E+01
  4.525000E+00  9.480417E-01  1.739009E+01
  4.575000E+00  9.679485E-01  1.798419E+01
  4.625000E+00  9.854651E-01  1.860233E+01
  4.675000E+00  1.012609E+00  1.925130E+01
  4.725000E+00  1.041238E+00  1.993297E+01
  4.775000E+00  1.071471E+00  2.064935E+01
  4.825000E+00  1.107541E+00  2.140545E+01
  4.875000E+00  1.142890E+00  2.220192E+01
  4.925000E+00  1.164576E+00  2.303025E+01
  4.975000E+00  1.177232E+00  2.388466E+01
  5.025000E+00  1.190539E+00  2.476619E+01
  5.075000E+00  1.205935E+00  2.567698E+01
  5.125000E+00  1.214960E+00  2.661275E+01
  5.175000E+00  1.223562E+00  2.757362E+01
  5.225000E+00  1.210933E+00  2.854304E+01
  5.275000E+00  1.197380E+00  2.952005E+01
  5.325000E+00  1.183606E+00  3.050421E+01
  5.375000E+00  1.153576E+00  3.148150E+01
  5.425000E+00  1.125453E+00  3.245278E+01
  5.475000E+00  1.089525E+00  3.341047E+01
  5.525000E+00  1.057351E+00  3.435693E+01
  5.575000E+00  1.037615E+00  3.530262E+01
  5.625000E+00  1.021395E+00  3.625029E+01
  5.675000E+00  1.003802E+00  3.719827E+01
  5.725000E+00  9.883930E-01  3.814822E+01
  5.775000E+00  9.800318E-01  3.910665E+01
  5.825000E+00  9.679093E-01  4.006970E+01
  5.875000E+00  9.641699E-01  4.104556E+01
  5.925000E+00  9.602940E-01  4.203411E+01
  5.975000E+00  9.626871E-01  4.304192E+01
Zr      Zr      
  2.500000E-02  0.000000E+00  0.000000E+00
  7.500000E-02  0.000000E+00  0.000000E+00
  1.250000E-01  0.000000E+00  0.000000E+00
  1.750000E-01  0.000000E+00  0.000000E+00
  2.250000E-01  0.000000E+00  0.000000E+00
  2.750000E-01  0.000000E+00  0.000000E+00
  3.250000E-01  0.000000E+00  0.000000E+00
  3.750000E-01  0.000000E+00  0.000000E+00
  4.250000E-01  0.000000E+00  0.000000E+00
  4.750000E-01  0.000000E+00  0.000000E+00
  5.250000E-01  0.000000E+00  0.000000E+00
  5.750000E-01  0.000000E+00  0.000000E+00
  6.250000E-01  0.000000E+00  0.000000E+00
  6.750000E-01  0.000000E+00  0.000000E+00
  7.250000E-01  0.000000E+00  0.000000E+00
  7.750000E-01  0.000000E+00  0.000000E+00
  8.250000E-01  0.000000E+00  0.000000E+00
  8.750000E-01  0.000000E+00  0.000000E+00
  9.250000E-01  0.000000E+00  0.000000E+00
  9.750000E-01  0.000000E+00  0.000000E+00
  1.025000E+00  0.000000E+00  0.000000E+00
  1.075000E+00  0.000000E+00  0.000000E+00
  1.125000E+00  0.000000E+00  0.000000E+00
  1.175000E+00  0.000000E+00  0.000000E+00
  1.225000E+00  0.000000E+00  0.000000E+00
  1.275000E+00  0.000000E+00  0.000000E+00
  1.325000E+00  0.000000E+00  0.000000E+00
  1.375000E+00  0.000000E+00  0.000000E+00
  1.425000E+00  0.000000E+00  0.000000E+00
  1.475000E+00  0.000000E+00  0.000000E+00
  1.525000E+00  0.000000E+00  0.000000E+00
  1.575000E+00  0.000000E+00  0.000000E+00
  1.625000E+00  0.000000E+00  0.000000E+00
  1.675000E+00  0.000000E+00  0.000000E+00
  1.725000E+00  0.000000E+00  0.000000E+00
  1.775000E+00  0.000000E+00  0.000000E+00
  1.825000E+00  0.000000E+00  0.000000E+00
  1.875000E+00  0.000000E+00  0.000000E+00
  1.925000E+00  0.000000E+00  0.000000E+00
  1.975000E+00  0.000000E+00  0.000000E+00
  2.025000E+00  0.000000E+00  0.000000E+00
  2.075000E+00  0.000000E+00  0.000000E+00
  2.125000E+00  0.000000E+00  0.000000E+00
  2.175000E+00  0.000000E+00  0.000000E+00
  2.225000E+00  0.000000E+00  0.000000E+00
  2.275000E+00  0.000000E+00  0.000000E+00
  2.325000E+00  0.000000E+00  0.000000E+00
  2.375000E+00  0.000000E+00  0.000000E+00
  2.425000E+00  0.000000E+00  0.000000E+00
  2.475000E+00  0.000000E+00  0.000000E+00
  2.525000E+00  0.000000E+00  0.000000E+00
  2.575000E+00  0.000000E+00  0.000000E+00
  2.625000E+00  0.000000E+00  0.000000E+00
  2.675000E+00  0.000000E+00  0.000000E+00
  2.725000E+00  0.000000E+00  0.000000E+00
  2.775000E+00  0.000000E+00  0.000000E+00
  2.825000E+00  0.000000E+00  0.000000E+00
  2.875000E+00  0.000000E+00  0.000000E+00
  2.925000E+00  0.000000E+00  0.000000E+00
  2.975000E+00  7.501831E-04  3.245015E-05
  3.025000E+00  5.286435E-03  2.688727E-04
  3.075000E+00  2.046368E-02  1.214563E-03
  3.125000E+00  5.837388E-02  4.000640E-03
  3.175000E+00  1.139465E-01  9.614515E-03
  3.225000E+00  2.472377E-01  2.218199E-02
  3.275000E+00  3.937994E-01  4.282492E-02
  3.325000E+00  4.854280E-01  6.905392E-02
  3.375000E+00  5.121215E-01  9.756369E-02
  3.425000E+00  5.025342E-01  1.263748E-01
  3.475000E+00  4.844068E-01  1.549634E-01
  3.525000E+00  5.050372E-01  1.856334E-01
  3.575000E+00  6.030746E-01  2.233034E-01
  3.625000E+00  7.435494E-01  2.710561E-01
  3.675000E+00  8.623727E-01  3.279783E-01
  3.725000E+00  8.791623E-01  3.875985E-01
  3.775000E+00  9.032853E-01  4.505100E-01
  3.825000E+00  9.179455E-01  5.161474E-01
  3.875000E+00  9.131077E-01  5.831570E-01
  3.925000E+00  8.867291E-01  6.499208E-01
  3.975000E+00  8.189988E-01  7.131662E-01
  4.025000E+00  7.384141E-01  7.716321E-01
  4.075000E+00  6.579721E-01  8.250311E-01
  4.125000E+00  5.845900E-01  8.736461E-01
  4.175000E+00  5.526054E-01  9.207220E-01
  4.225000E+00  5.148418E-01  9.656376E-01
  4.275000E+00  4.930081E-01  1.009672E+00
  4.325000E+00  4.675276E-01  1.052414E+00
  4.375000E+00  4.498655E-01  1.094497E+00
  4.425000E+00  4.373830E-01  1.136353E+00
  4.475000E+00  4.328266E-01  1.178715E+00
  4.525000E+00  4.430023E-01  1.223046E+00
  4.575000E+00  4.621488E-01  1.270321E+00
  4.625000E+00  4.753576E-01  1.320016E+00
  4.675000E+00  5.306472E-01  1.376698E+00
  4.725000E+00  6.031735E-01  1.442511E+00
  4.775000E+00  7.091288E-01  1.521532E+00
  4.825000E+00  8.299792E-01  1.615966E+00
  4.875000E+00  9.253530E-01  1.723446E+00
  4.925000E+00  9.971496E-01  1.841653E+00
  4.975000E+00  1.043737E+00  1.967907E+00
  5.025000E+00  1.081595E+00  2.101384E+00
  5.075000E+00  1.115261E+00  2.241768E+00
  5.125000E+00  1.141601E+00  2.388312E+00
  5.175000E+00  1.169091E+00  2.541329E+00
  5.225000E+00  1.180074E+00  2.698781E+00
  5.275000E+00  1.196328E+00  2.861473E+00
  5.325000E+00  1.233712E+00  3.032443E+00
  5.375000E+00  1.249738E+00  3.208902E+00
  5.425000E+00  1.271510E+00  3.391792E+00
  5.475000E+00  1.304749E+00  3.582937E+00
  5.525000E+00  1.337390E+00  3.782459E+00
  5.575000E+00  1.398563E+00  3.994901E+00
  5.625000E+00  1.466293E+00  4.221644E+00
  5.675000E+00  1.566655E+00  4.468232E+00
  5.725000E+00  1.567539E+00  4.719327E+00
  5.775000E+00  1.605217E+00  4.980968E+00
  5.825000E+00  1.632709E+00  5.251718E+00
  5.875000E+00  1.620536E+00  5.525083E+00
  5.925000E+00  1.631155E+00  5.804942E+00
  5.975000E+00  1.631283E+00  6.089567E+00
Zr      O       
  2.500000E-02  0.000000E+00  0.000000E+00
  7.500000E-02  0.000000E+00  0.000000E+00
  1.250000E-01  0.000000E+00  0.000000E+00
  1.750000E-01  0.000000E+00  0.000000E+00
  2.250000E-01  0.000000E+00  0.000000E+00
  2.750000E-01  0.000000E+00  0.000000E+00
  3.250000E-01  0.000000E+00  0.000000E+00
  3.750000E-01  0.000000E+00  0.000000E+00
  4.250000E-01  0.000000E+00  0.000000E+00
  4.750000E-01  0.000000E+00  0.000000E+00
  5.250000E-01  0.000000E+00  0.000000E+00
  5.750000E-01  0.000000E+00  0.000000E+00
  6.250000E-01  0.000000E+00  0.000000E+00
  6.750000E-01  0.000000E+00  0.000000E+00
  7.250000E-01  0.000000E+00  0.000000E+00
  7.750000E-01  0.000000E+00  0.000000E+00
  8.250000E-01  0.000000E+00  0.000000E+00
  8.750000E-01  0.000000E+00  0.000000E+00
  9.250000E-01  0.000000E+00  0.000000E+00
  9.750000E-01  0.000000E+00  0.000000E+00
  1.025000E+00  0.000000E+00  0.000000E+00
  1.075000E+00  0.000000E+00  0.000000E+00
  1.125000E+00  0.000000E+00  0.000000E+00
  1.175000E+00  0.000000E+00  0.000000E+00
  1.225000E+00  0.000000E+00  0.000000E+00
  1.275000E+00  0.000000E+00  0.000000E+00
  1.325000E+00  0.000000E+00  0.000000E+00
  1.375000E+00  0.000000E+00  0.000000E+00
  1.425000E+00  0.000000E+00  0.000000E+00
  1.475000E+00  0.000000E+00  0.000000E+00
  1.525000E+00  0.000000E+00  0.000000E+00
  1.575000E+00  0.000000E+00  0.000000E+00
  1.625000E+00  0.000000E+00  0.000000E+00
  1.675000E+00  0.000000E+00  0.000000E+00
  1.725000E+00  0.000000E+00  0.000000E+00
  1.775000E+00  0.000000E+00  0.000000E+00
  1.825000E+00  3.551436E-04  3.468753E-05
  1.875000E+00  4.075607E-02  4.236504E-03
  1.925000E+00  5.901480E-01  6.836682E-02
  1.975000E+00  3.116511E+00  4.248529E-01
  2.025000E+00  7.295794E+00  1.302179E+00
  2.075000E+00  9.518339E+00  2.503987E+00
  2.125000E+00  8.485603E+00  3.627652E+00
  2.175000E+00  5.738164E+00  4.423678E+00
  2.225000E+00  3.345240E+00  4.909327E+00
  2.275000E+00  1.879012E+00  5.194512E+00
  2.325000E+00  1.078830E+00  5.365526E+00
  2.375000E+00  6.733283E-01  5.476900E+00
  2.425000E+00  4.562731E-01  5.555583E+00
  2.475000E+00  3.322293E-01  5.615262E+00
  2.525000E+00  2.619224E-01  5.664232E+00
  2.575000E+00  2.226044E-01  5.707515E+00
  2.625000E+00  1.984234E-01  5.747609E+00
  2.675000E+00  1.890475E-01  5.787278E+00
  2.725000E+00  1.825242E-01  5.827023E+00
  2.775000E+00  1.793549E-01  5.867524E+00
  2.825000E+00  1.846335E-01  5.910733E+00
  2.875000E+00  1.901265E-01  5.956816E+00
  2.925000E+00  1.990198E-01  6.006748E+00
  2.975000E+00  2.136815E-01  6.062206E+00
  3.025000E+00  2.341158E-01  6.125028E+00
  3.075000E+00  2.612420E-01  6.197465E+00
  3.125000E+00  3.001008E-01  6.283404E+00
  3.175000E+00  3.490042E-01  6.386572E+00
  3.225000E+00  4.087510E-01  6.511236E+00
  3.275000E+00  4.737652E-01  6.660245E+00
  3.325000E+00  5.459337E-01  6.837235E+00
  3.375000E+00  6.181564E-01  7.043711E+00
  3.425000E+00  6.870288E-01  7.280042E+00
  3.475000E+00  7.561899E-01  7.547813E+00
  3.525000E+00  8.211910E-01  7.847030E+00
  3.575000E+00  8.844142E-01  8.178490E+00
  3.625000E+00  9.369534E-01  8.539532E+00
  3.675000E+00  9.856655E-01  8.929894E+00
  3.725000E+00  1.012352E+00  9.341809E+00
  3.775000E+00  1.026281E+00  9.770676E+00
  3.825000E+00  1.018852E+00  1.020779E+01
  3.875000E+00  1.003049E+00  1.064945E+01
  3.925000E+00  9.771963E-01  1.109090E+01
  3.975000E+00  9.519642E-01  1.153198E+01
  4.025000E+00  9.395537E-01  1.197833E+01
  4.075000E+00  9.123458E-01  1.242259E+01
  4.125000E+00  8.939127E-01  1.286862E+01
  4.175000E+00  8.942018E-01  1.332568E+01
  4.225000E+00  9.046838E-01  1.379924E+01
  4.275000E+00  9.239484E-01  1.429439E+01
  4.325000E+00  9.450282E-01  1.481276E+01
  4.375000E+00  9.775612E-01  1.536144E+01
  4.425000E+00  1.009265E+00  1.594094E+01
  4.475000E+00  1.036386E+00  1.654954E+01
  4.525000E+00  1.067544E+00  1.719052E+01
  4.575000E+00  1.088774E+00  1.785877E+01
  4.625000E+00  1.117734E+00  1.855988E+01
  4.675000E+00  1.129026E+00  1.928346E+01
  4.725000E+00  1.147225E+00  2.003451E+01
  4.775000E+00  1.148494E+00  2.080240E+01
  4.825000E+00  1.159895E+00  2.159423E+01
  4.875000E+00  1.155543E+00  2.239953E+01
  4.925000E+00  1.144681E+00  2.321370E+01
  4.975000E+00  1.124771E+00  2.403004E+01
  5.025000E+00  1.104445E+00  2.484782E+01
  5.075000E+00  1.082465E+00  2.566536E+01
  5.125000E+00  1.057952E+00  2.648020E+01
  5.175000E+00  1.040800E+00  2.729755E+01
  5.225000E+00  1.032761E+00  2.812433E+01
  5.275000E+00  1.027557E+00  2.896277E+01
  5.325000E+00  1.027871E+00  2.981744E+01
  5.375000E+00  1.031305E+00  3.069114E+01
  5.425000E+00  1.031300E+00  3.158117E+01
  5.475000E+00  1.035938E+00  3.249176E+01
  5.525000E+00  1.039031E+00  3.342182E+01
  5.575000E+00  1.043300E+00  3.437268E+01
  5.625000E+00  1.047867E+00  3.534492E+01
  5.675000E+00  1.061427E+00  3.634732E+01
  5.725000E+00  1.071143E+00  3.737680E+01
  5.775000E+00  1.082465E+00  3.843541E+01
  5.825000E+00  1.086660E+00  3.951661E+01
  5.875000E+00  1.084613E+00  4.061437E+01
  5.925000E+00  1.079897E+00  4.172605E+01
  5.975000E+00  1.066138E+00  4.284216E+01
Zr      O_s     
  2.500000E-02  0.000000E+00  0.000000E+00
  7.500000E-02  0.000000E+00  0.000000E+00
  1.250000E-01  0.000000E+00  0.000000E+00
  1.750000E-01  0.000000E+00  0.000000E+00
  2.250000E-01  0.000000E+00  0.000000E+00
  2.750000E-01  0.000000E+00  0.000000E+00
  3.250000E-01  0.000000E+00  0.000000E+00
  3.750000E-01  0.000000E+00  0.000000E+00
  4.250000E-01  0.000000E+00  0.000000E+00
  4.750000E-01  0.000000E+00  0.000000E+00
  5.250000E-01  0.000000E+00  0.000000E+00
  5.750000E-01  0.000000E+00  0.000000E+00
  6.250000E-01  0.000000E+00  0.000000E+00
  6.750000E-01  0.000000E+00  0.000000E+00
  7.250000E-01  0.000000E+00  0.000000E+00
  7.750000E-01  0.000000E+00  0.000000E+00
  8.250000E-01  0.000000E+00  0.000000E+00
  8.750000E-01  0.000000E+00  0.000000E+00
  9.250000E-01  0.000000E+00  0.000000E+00
  9.750000E-01  0.000000E+00  0.000000E+00
  1.025000E+00  0.000000E+00  0.000000E+00
  1.075000E+00  0.000000E+00  0.000000E+00
  1.125000E+00  0.000000E+00  0.000000E+00
  1.175000E+00  0.000000E+00  0.000000E+00
  1.225000E+00  0.000000E+00  0.000000E+00
  1.275000E+00  0.000000E+00  0.000000E+00
  1.325000E+00  0.000000E+00  0.000000E+00
  1.375000E+00  0.000000E+00  0.000000E+00
  1.425000E+00  0.000000E+00  0.000000E+00
  1.475000E+00  0.000000E+00  0.000000E+00
  1.525000E+00  0.000000E+00  0.000000E+00
  1.575000E+00  0.000000E+00  0.000000E+00
  1.625000E+00  0.000000E+00  0.000000E+00
  1.675000E+00  0.000000E+00  0.000000E+00
  1.725000E+00  3.418588E-03  2.983128E-04
  1.775000E+00  1.356311E-01  1.282976E-02
  1.825000E+00  1.199344E+00  1.299719E-01
  1.875000E+00  3.503564E+00  4.911778E-01
  1.925000E+00  5.729279E+00  1.113768E+00
  1.975000E+00  7.166565E+00  1.933525E+00
  2.025000E+00  7.326563E+00  2.814551E+00
  2.075000E+00  6.215968E+00  3.599394E+00
  2.125000E+00  4.614518E+00  4.210449E+00
  2.175000E+00  3.098965E+00  4.640353E+00
  2.225000E+00  2.049595E+00  4.937905E+00
  2.275000E+00  1.363515E+00  5.144851E+00
  2.325000E+00  9.251718E-01  5.291507E+00
  2.375000E+00  6.420819E-01  5.397713E+00
  2.425000E+00  4.670681E-01  5.478258E+00
  2.475000E+00  3.495444E-01  5.541047E+00
  2.525000E+00  2.846563E-01  5.594267E+00
  2.575000E+00  2.361983E-01  5.640193E+00
  2.625000E+00  2.113785E-01  5.682905E+00
  2.675000E+00  1.941941E-01  5.723654E+00
  2.725000E+00  1.832889E-01  5.763565E+00
  2.775000E+00  1.796212E-01  5.804126E+00
  2.825000E+00  1.824003E-01  5.846813E+00
  2.875000E+00  1.932272E-01  5.893648E+00
  2.925000E+00  2.077946E-01  5.945781E+00
  2.975000E+00  2.344598E-01  6.006632E+00
  3.025000E+00  2.696046E-01  6.078977E+00
  3.075000E+00  3.160858E-01  6.166620E+00
  3.125000E+00  3.766542E-01  6.274482E+00
  3.175000E+00  4.422456E-01  6.405213E+00
  3.225000E+00  5.101255E-01  6.560796E+00
  3.275000E+00  5.748179E-01  6.741587E+00
  3.325000E+00  6.296042E-01  6.945702E+00
  3.375000E+00  6.927683E-01  7.177101E+00
  3.425000E+00  7.533606E-01  7.436249E+00
  3.475000E+00  8.244339E-01  7.728186E+00
  3.525000E+00  8.864339E-01  8.051176E+00
  3.575000E+00  9.384599E-01  8.402891E+00
  3.625000E+00  9.614205E-01  8.773361E+00
  3.675000E+00  9.632201E-01  9.154834E+00
  3.725000E+00  9.446002E-01  9.539181E+00
  3.775000E+00  9.159697E-01  9.921951E+00
  3.825000E+00  8.985723E-01  1.030746E+01
  3.875000E+00  8.774239E-01  1.069381E+01
  3.925000E+00  8.594350E-01  1.108206E+01
  3.975000E+00  8.486759E-01  1.147528E+01
  4.025000E+00  8.464677E-01  1.187741E+01
  4.075000E+00  8.389543E-01  1.228593E+01
  4.125000E+00  8.342747E-01  1.270221E+01
  4.175000E+00  8.371871E-01  1.313012E+01
  4.225000E+00  8.439080E-01  1.357187E+01
  4.275000E+00  8.617423E-01  1.403368E+01
  4.325000E+00  8.877554E-01  1.452064E+01
  4.375000E+00  9.160980E-01  1.503482E+01
  4.425000E+00  9.566457E-01  1.558411E+01
  4.475000E+00  9.979113E-01  1.617011E+01
  4.525000E+00  1.032234E+00  1.678989E+01
  4.575000E+00  1.075131E+00  1.744977E+01
  4.625000E+00  1.122250E+00  1.815371E+01
  4.675000E+00  1.149467E+00  1.889039E+01
  4.725000E+00  1.178934E+00  1.966220E+01
  4.775000E+00  1.175580E+00  2.044820E+01
  4.825000E+00  1.174999E+00  2.125034E+01
  4.875000E+00  1.167702E+00  2.206411E+01
  4.925000E+00  1.158489E+00  2.288811E+01
  4.975000E+00  1.146985E+00  2.372057E+01
  5.025000E+00  1.136326E+00  2.456195E+01
  5.075000E+00  1.120509E+00  2.540822E+01
  5.125000E+00  1.098875E+00  2.625458E+01
  5.175000E+00  1.082405E+00  2.710461E+01
  5.225000E+00  1.064966E+00  2.795717E+01
  5.275000E+00  1.053083E+00  2.881644E+01
  5.325000E+00  1.043891E+00  2.968443E+01
  5.375000E+00  1.039658E+00  3.056521E+01
  5.425000E+00  1.035277E+00  3.145867E+01
  5.475000E+00  1.039029E+00  3.237197E+01
  5.525000E+00  1.042469E+00  3.330511E+01
  5.575000E+00  1.047238E+00  3.425956E+01
  5.625000E+00  1.049562E+00  3.523337E+01
  5.675000E+00  1.059111E+00  3.623358E+01
  5.725000E+00  1.067638E+00  3.725969E+01
  5.775000E+00  1.074823E+00  3.831083E+01
  5.825000E+00  1.081093E+00  3.938649E+01
  5.875000E+00  1.089292E+00  4.048899E+01
  5.925000E+00  1.084924E+00  4.160584E+01
  5.975000E+00  1.077096E+00  4.273343E+01
O       O       
  2.500000E-02  0.000000E+00  0.000000E+00
  7.500000E-02  0.000000E+00  0.000000E+00
  1.250000E-01  0.000000E+00  0.000000E+00
  1.750000E-01  0.000000E+00  0.000000E+00
  2.250000E-01  0.000000E+00  0.000000E+00
  2.750000E-01  0.000000E+00  0.000000E+00
  3.250000E-01  0.000000E+00  0.000000E+00
  3.750000E-01  0.000000E+00  0.000000E+00
  4.250000E-01  0.000000E+00  0.000000E+00
  4.750000E-01  0.000000E+00  0.000000E+00
  5.250000E-01  0.000000E+00  0.000000E+00
  5.750000E-01  0.000000E+00  0.000000E+00
  6.250000E-01  0.000000E+00  0.000000E+00
  6.750000E-01  0.000000E+00  0.000000E+00
  7.250000E-01  0.000000E+00  0.000000E+00
  7.750000E-01  0.000000E+00  0.000000E+00
  8.250000E-01  0.000000E+00  0.000000E+00
  8.750000E-01  0.000000E+00  0.000000E+00
  9.250000E-01  0.000000E+00  0.000000E+00
  9.750000E-01  0.000000E+00  0.000000E+00
  1.025000E+00  0.000000E+00  0.000000E+00
  1.075000E+00  0.000000E+00  0.000000E+00
  1.125000E+00  0.000000E+00  0.000000E+00
  1.175000E+00  0.000000E+00  0.000000E+00
  1.225000E+00  0.000000E+00  0.000000E+00
  1.275000E+00  0.000000E+00  0.000000E+00
  1.325000E+00  0.000000E+00  0.000000E+00
  1.375000E+00  1.390781E-05  7.711316E-07
  1.425000E+00  2.589809E-05  2.313395E-06
  1.475000E+00  6.043052E-05  6.169053E-06
  1.525000E+00  1.469863E-04  1.619376E-05
  1.575000E+00  2.226044E-04  3.238753E-05
  1.625000E+00  4.182349E-04  6.477506E-05
  1.675000E+00  7.872803E-04  1.295501E-04
  1.725000E+00  1.802742E-03  2.868610E-04
  1.775000E+00  3.747424E-03  6.330991E-04
  1.825000E+00  7.989868E-03  1.413484E-03
  1.875000E+00  1.572231E-02  3.034403E-03
  1.925000E+00  3.254319E-02  6.570812E-03
  1.975000E+00  6.116535E-02  1.356729E-02
  2.025000E+00  1.071688E-01  2.645444E-02
  2.075000E+00  1.718066E-01  4.814714E-02
  2.125000E+00  2.464332E-01  8.077989E-02
  2.175000E+00  3.472251E-01  1.289486E-01
  2.225000E+00  5.400779E-01  2.073550E-01
  2.275000E+00  9.409379E-01  3.501647E-01
  2.325000E+00  1.520511E+00  5.911934E-01
  2.375000E+00  1.937129E+00  9.116125E-01
  2.425000E+00  1.786316E+00  1.219657E+00
  2.475000E+00  1.246569E+00  1.443580E+00
  2.525000E+00  8.436242E-01  1.601306E+00
  2.575000E+00  7.474885E-01  1.746647E+00
  2.625000E+00  8.432681E-01  1.917041E+00
  2.675000E+00  1.018337E+00  2.130723E+00
  2.725000E+00  1.196223E+00  2.391203E+00
  2.775000E+00  1.362038E+00  2.698772E+00
  2.825000E+00  1.482198E+00  3.045646E+00
  2.875000E+00  1.562802E+00  3.424444E+00
  2.925000E+00  1.587206E+00  3.822654E+00
  2.975000E+00  1.573928E+00  4.231147E+00
  3.025000E+00  1.526245E+00  4.640692E+00
  3.075000E+00  1.485768E+00  5.052664E+00
  3.125000E+00  1.418579E+00  5.458901E+00
  3.175000E+00  1.365607E+00  5.862582E+00
  3.225000E+00  1.300216E+00  6.259134E+00
  3.275000E+00  1.246084E+00  6.651052E+00
  3.325000E+00  1.187102E+00  7.035906E+00
  3.375000E+00  1.126031E+00  7.412022E+00
  3.425000E+00  1.068327E+00  7.779516E+00
  3.475000E+00  1.017453E+00  8.139802E+00
  3.525000E+00  9.678638E-01  8.492462E+00
  3.575000E+00  9.249356E-01  8.839109E+00
  3.625000E+00  8.888881E-01  9.181630E+00
  3.675000E+00  8.606676E-01  9.522488E+00
  3.725000E+00  8.443055E-01  9.866026E+00
  3.775000E+00  8.255482E-01  1.021101E+01
  3.825000E+00  8.201789E-01  1.056289E+01
  3.875000E+00  8.196682E-01  1.092380E+01
  3.925000E+00  8.281211E-01  1.129791E+01
  3.975000E+00  8.503965E-01  1.169193E+01
  4.025000E+00  8.791401E-01  1.210958E+01
  4.075000E+00  9.144763E-01  1.255488E+01
  4.125000E+00  9.326640E-01  1.302024E+01
  4.175000E+00  9.428424E-01  1.350216E+01
  4.225000E+00  9.283842E-01  1.398812E+01
  4.275000E+00  9.134283E-01  1.447764E+01
  4.325000E+00  8.942092E-01  1.496813E+01
  4.375000E+00  8.903573E-01  1.546787E+01
  4.425000E+00  8.970399E-01  1.598293E+01
  4.475000E+00  9.204018E-01  1.652342E+01
  4.525000E+00  9.463257E-01  1.709162E+01
  4.575000E+00  9.764723E-01  1.769094E+01
  4.625000E+00  1.010279E+00  1.832465E+01
  4.675000E+00  1.037818E+00  1.898977E+01
  4.725000E+00  1.057815E+00  1.968230E+01
  4.775000E+00  1.062858E+00  2.039292E+01
  4.825000E+00  1.058112E+00  2.111527E+01
  4.875000E+00  1.051204E+00  2.184786E+01
  4.925000E+00  1.036946E+00  2.258540E+01
  4.975000E+00  1.019825E+00  2.332557E+01
  5.025000E+00  1.001013E+00  2.406677E+01
  5.075000E+00  9.848235E-01  2.481056E+01
  5.125000E+00  9.716004E-01  2.555889E+01
  5.175000E+00  9.609104E-01  2.631350E+01
  5.225000E+00  9.557398E-01  2.707863E+01
  5.275000E+00  9.481194E-01  2.785225E+01
  5.325000E+00  9.460192E-01  2.863886E+01
  5.375000E+00  9.487690E-01  2.944264E+01
  5.425000E+00  9.535606E-01  3.026557E+01
  5.475000E+00  9.565188E-01  3.110635E+01
  5.525000E+00  9.645131E-01  3.196971E+01
  5.575000E+00  9.734843E-01  3.285695E+01
  5.625000E+00  9.839197E-01  3.376985E+01
  5.675000E+00  9.915653E-01  3.470627E+01
  5.725000E+00  9.965387E-01  3.566405E+01
  5.775000E+00  9.979812E-01  3.664004E+01
  5.825000E+00  1.004764E+00  3.763975E+01
  5.875000E+00  1.006220E+00  3.865817E+01
  5.925000E+00  1.011579E+00  3.969952E+01
  5.975000E+00  1.012559E+00  4.075954E+01
O       O_s     
  2.500000E-02  3.859645E+02  9.431541E-03
  7.500000E-02  6.222677E+02  1.158729E-01
  1.250000E-01  7.166777E+02  4.486189E-01
  1.750000E-01  3.813313E+02  7.933968E-01
  2.250000E-01  1.082325E+02  9.547297E-01
  2.750000E-01  1.819901E+01  9.951989E-01
  3.250000E-01  1.510169E+00  9.998855E-01
  3.750000E-01  2.734491E-02  9.999985E-01
  4.250000E-01  2.907341E-04  1.000000E+00
  4.750000E-01  0.000000E+00  1.000000E+00
  5.250000E-01  0.000000E+00  1.000000E+00
  5.750000E-01  0.000000E+00  1.000000E+00
  6.250000E-01  0.000000E+00  1.000000E+00
  6.750000E-01  0.000000E+00  1.000000E+00
  7.250000E-01  0.000000E+00  1.000000E+00
  7.750000E-01  0.000000E+00  1.000000E+00
  8.250000E-01  0.000000E+00  1.000000E+00
  8.750000E-01  0.000000E+00  1.000000E+00
  9.250000E-01  0.000000E+00  1.000000E+00
  9.750000E-01  0.000000E+00  1.000000E+00
  1.025000E+00  0.000000E+00  1.000000E+00
  1.075000E+00  0.000000E+00  1.000000E+00
  1.125000E+00  0.000000E+00  1.000000E+00
  1.175000E+00  0.000000E+00  1.000000E+00
  1.225000E+00  0.000000E+00  1.000000E+00
  1.275000E+00  0.000000E+00  1.000000E+00
  1.325000E+00  0.000000E+00  1.000000E+00
  1.375000E+00  0.000000E+00  1.000000E+00
  1.425000E+00  0.000000E+00  1.000000E+00
  1.475000E+00  6.040721E-06  1.000000E+00
  1.525000E+00  1.695341E-05  1.000002E+00
  1.575000E+00  3.178836E-05  1.000004E+00
  1.625000E+00  1.443349E-04  1.000015E+00
  1.675000E+00  2.248505E-04  1.000034E+00
  1.725000E+00  6.183492E-04  1.000087E+00
  1.775000E+00  2.398594E-03  1.000309E+00
  1.825000E+00  8.061760E-03  1.001097E+00
  1.875000E+00  2.164535E-02  1.003328E+00
  1.925000E+00  5.049129E-02  1.008815E+00
  1.975000E+00  1.016895E-01  1.020447E+00
  2.025000E+00  1.748193E-01  1.041469E+00
  2.075000E+00  2.517985E-01  1.073262E+00
  2.125000E+00  3.866446E-01  1.124461E+00
  2.175000E+00  7.961064E-01  1.234901E+00
  2.225000E+00  1.642100E+00  1.473294E+00
  2.275000E+00  2.369675E+00  1.832949E+00
  2.325000E+00  1.997296E+00  2.149557E+00
  2.375000E+00  1.016657E+00  2.317721E+00
  2.425000E+00  4.644353E-01  2.397812E+00
  2.475000E+00  3.694062E-01  2.464169E+00
  2.525000E+00  4.576777E-01  2.549737E+00
  2.575000E+00  6.196301E-01  2.670218E+00
  2.625000E+00  8.246641E-01  2.836852E+00
  2.675000E+00  1.045042E+00  3.056138E+00
  2.725000E+00  1.255566E+00  3.329540E+00
  2.775000E+00  1.422107E+00  3.650674E+00
  2.825000E+00  1.528506E+00  4.008384E+00
  2.875000E+00  1.575466E+00  4.390251E+00
  2.925000E+00  1.571831E+00  4.784604E+00
  2.975000E+00  1.551035E+00  5.187156E+00
  3.025000E+00  1.517405E+00  5.594329E+00
  3.075000E+00  1.490272E+00  6.007550E+00
  3.125000E+00  1.428092E+00  6.416511E+00
  3.175000E+00  1.383085E+00  6.825359E+00
  3.225000E+00  1.315843E+00  7.226677E+00
  3.275000E+00  1.251213E+00  7.620208E+00
  3.325000E+00  1.182549E+00  8.003586E+00
  3.375000E+00  1.122237E+00  8.378435E+00
  3.425000E+00  1.067934E+00  8.745793E+00
  3.475000E+00  1.018554E+00  9.106470E+00
  3.525000E+00  9.740845E-01  9.461396E+00
  3.575000E+00  9.337067E-01  9.811330E+00
  3.625000E+00  8.991744E-01  1.015781E+01
  3.675000E+00  8.741800E-01  1.050402E+01
  3.725000E+00  8.592605E-01  1.085365E+01
  3.775000E+00  8.511788E-01  1.120934E+01
  3.825000E+00  8.557812E-01  1.157650E+01
  3.875000E+00  8.635992E-01  1.195675E+01
  3.925000E+00  8.736640E-01  1.235143E+01
  3.975000E+00  8.869608E-01  1.276240E+01
  4.025000E+00  8.951817E-01  1.318767E+01
  4.075000E+00  9.001875E-01  1.362601E+01
  4.125000E+00  8.964293E-01  1.407329E+01
  4.175000E+00  8.887734E-01  1.452757E+01
  4.225000E+00  8.700695E-01  1.498301E+01
  4.275000E+00  8.626377E-01  1.544531E+01
  4.325000E+00  8.572788E-01  1.591555E+01
  4.375000E+00  8.652309E-01  1.640118E+01
  4.425000E+00  8.779250E-01  1.690527E+01
  4.475000E+00  9.010314E-01  1.743438E+01
  4.525000E+00  9.346887E-01  1.799559E+01
  4.575000E+00  9.671943E-01  1.858922E+01
  4.625000E+00  1.005575E+00  1.921997E+01
  4.675000E+00  1.040056E+00  1.988653E+01
  4.725000E+00  1.068952E+00  2.058635E+01
  4.775000E+00  1.083821E+00  2.131099E+01
  4.825000E+00  1.083886E+00  2.205094E+01
  4.875000E+00  1.071067E+00  2.279736E+01
  4.925000E+00  1.054316E+00  2.354726E+01
  4.975000E+00  1.031237E+00  2.429571E+01
  5.025000E+00  1.008124E+00  2.504217E+01
  5.075000E+00  9.892946E-01  2.578934E+01
  5.125000E+00  9.723165E-01  2.653823E+01
  5.175000E+00  9.593947E-01  2.729165E+01
  5.225000E+00  9.546509E-01  2.805590E+01
  5.275000E+00  9.458868E-01  2.882770E+01
  5.325000E+00  9.437177E-01  2.961239E+01
  5.375000E+00  9.476364E-01  3.041521E+01
  5.425000E+00  9.510161E-01  3.123596E+01
  5.475000E+00  9.556722E-01  3.207599E+01
  5.525000E+00  9.652682E-01  3.294003E+01
  5.575000E+00  9.751995E-01  3.382882E+01
  5.625000E+00  9.837212E-01  3.474154E+01
  5.675000E+00  9.913966E-01  3.567781E+01
  5.725000E+00  9.970565E-01  3.663608E+01
  5.775000E+00  1.000635E+00  3.761467E+01
  5.825000E+00  1.007500E+00  3.861710E+01
  5.875000E+00  1.008662E+00  3.963799E+01
  5.925000E+00  1.011929E+00  4.067970E+01
  5.975000E+00  1.013217E+00  4.174041E+01
O_s     O_s     
  2.500000E-02  0.000000E+00  0.000000E+00
  7.500000E-02  0.000000E+00  0.000000E+00
  1.250000E-01  0.000000E+00  0.000000E+00
  1.750000E-01  0.000000E+00  0.000000E+00
  2.250000E-01  0.000000E+00  0.000000E+00
  2.750000E-01  0.000000E+00  0.000000E+00
  3.250000E-01  0.000000E+00  0.000000E+00
  3.750000E-01  0.000000E+00  0.000000E+00
  4.250000E-01  0.000000E+00  0.000000E+00
  4.750000E-01  0.000000E+00  0.000000E+00
  5.250000E-01  0.000000E+00  0.000000E+00
  5.750000E-01  0.000000E+00  0.000000E+00
  6.250000E-01  0.000000E+00  0.000000E+00
  6.750000E-01  0.000000E+00  0.000000E+00
  7.250000E-01  0.000000E+00  0.000000E+00
  7.750000E-01  0.000000E+00  0.000000E+00
  8.250000E-01  0.000000E+00  0.000000E+00
  8.750000E-01  0.000000E+00  0.000000E+00
  9.250000E-01  0.000000E+00  0.000000E+00
  9.750000E-01  0.000000E+00  0.000000E+00
  1.025000E+00  0.000000E+00  0.000000E+00
  1.075000E+00  0.000000E+00  0.000000E+00
  1.125000E+00  0.000000E+00  0.000000E+00
  1.175000E+00  0.000000E+00  0.000000E+00
  1.225000E+00  0.000000E+00  0.000000E+00
  1.275000E+00  0.000000E+00  0.000000E+00
  1.325000E+00  0.000000E+00  0.000000E+00
  1.375000E+00  0.000000E+00  0.000000E+00
  1.425000E+00  0.000000E+00  0.000000E+00
  1.475000E+00  0.000000E+00  0.000000E+00
  1.525000E+00  0.000000E+00  0.000000E+00
  1.575000E+00  0.000000E+00  0.000000E+00
  1.625000E+00  0.000000E+00  0.000000E+00
  1.675000E+00  0.000000E+00  0.000000E+00
  1.725000E+00  8.836970E-05  7.711316E-06
  1.775000E+00  3.580501E-03  3.385268E-04
  1.825000E+00  1.282958E-02  1.591616E-03
  1.875000E+00  3.659065E-02  5.363991E-03
  1.925000E+00  1.151572E-01  1.787792E-02
  1.975000E+00  2.243831E-01  4.354426E-02
  2.025000E+00  2.533972E-01  7.401553E-02
  2.075000E+00  4.769068E-01  1.342309E-01
  2.125000E+00  1.741920E+00  3.648964E-01
  2.175000E+00  3.352344E+00  8.299497E-01
  2.225000E+00  2.235711E+00  1.154521E+00
  2.275000E+00  7.516935E-01  1.268609E+00
  2.325000E+00  2.986052E-01  1.315943E+00
  2.375000E+00  1.934434E-01  1.347940E+00
  2.425000E+00  1.824008E-01  1.379395E+00
  2.475000E+00  2.482433E-01  1.423987E+00
  2.525000E+00  3.896077E-01  1.496829E+00
  2.575000E+00  6.076423E-01  1.614979E+00
  2.625000E+00  8.738976E-01  1.791562E+00
  2.675000E+00  1.154141E+00  2.033740E+00
  2.725000E+00  1.372405E+00  2.332584E+00
  2.775000E+00  1.495406E+00  2.670270E+00
  2.825000E+00  1.536590E+00  3.029872E+00
  2.875000E+00  1.531341E+00  3.401044E+00
  2.925000E+00  1.516731E+00  3.781573E+00
  2.975000E+00  1.505760E+00  4.172375E+00
  3.025000E+00  1.479070E+00  4.569261E+00
  3.075000E+00  1.466929E+00  4.976009E+00
  3.125000E+00  1.416615E+00  5.381684E+00
  3.175000E+00  1.373944E+00  5.787829E+00
  3.225000E+00  1.307182E+00  6.186506E+00
  3.275000E+00  1.246466E+00  6.578544E+00
  3.325000E+00  1.189317E+00  6.964116E+00
  3.375000E+00  1.129360E+00  7.341344E+00
  3.425000E+00  1.071425E+00  7.709903E+00
  3.475000E+00  1.022808E+00  8.072086E+00
  3.525000E+00  9.794381E-01  8.428964E+00
  3.575000E+00  9.434454E-01  8.782547E+00
  3.625000E+00  9.146975E-01  9.135013E+00
  3.675000E+00  8.981456E-01  9.490714E+00
  3.725000E+00  8.942741E-01  9.854584E+00
  3.775000E+00  8.922473E-01  1.022744E+01
  3.825000E+00  8.963165E-01  1.061199E+01
  3.875000E+00  8.951723E-01  1.100615E+01
  3.925000E+00  8.948962E-01  1.141042E+01
  3.975000E+00  8.901683E-01  1.182287E+01
  4.025000E+00  8.835455E-01  1.224261E+01
  4.075000E+00  8.704073E-01  1.266645E+01
  4.125000E+00  8.590706E-01  1.309509E+01
  4.175000E+00  8.489338E-01  1.352901E+01
  4.225000E+00  8.341940E-01  1.396567E+01
  4.275000E+00  8.330692E-01  1.441212E+01
  4.325000E+00  8.329288E-01  1.486900E+01
  4.375000E+00  8.506699E-01  1.534646E+01
  4.425000E+00  8.686553E-01  1.584523E+01
  4.475000E+00  8.957667E-01  1.637125E+01
  4.525000E+00  9.309718E-01  1.693022E+01
  4.575000E+00  9.660530E-01  1.752315E+01
  4.625000E+00  1.006918E+00  1.815475E+01
  4.675000E+00  1.038929E+00  1.882059E+01
  4.725000E+00  1.065075E+00  1.951786E+01
  4.775000E+00  1.083230E+00  2.024211E+01
  4.825000E+00  1.086318E+00  2.098372E+01
  4.875000E+00  1.078181E+00  2.173510E+01
  4.925000E+00  1.058407E+00  2.248791E+01
  4.975000E+00  1.037291E+00  2.324076E+01
  5.025000E+00  1.013298E+00  2.399105E+01
  5.075000E+00  9.923924E-01  2.474056E+01
  5.125000E+00  9.750706E-01  2.549156E+01
  5.175000E+00  9.594885E-01  2.624506E+01
  5.225000E+00  9.527566E-01  2.700779E+01
  5.275000E+00  9.416853E-01  2.777616E+01
  5.325000E+00  9.432713E-01  2.856049E+01
  5.375000E+00  9.482310E-01  2.936381E+01
  5.425000E+00  9.561939E-01  3.018902E+01
  5.475000E+00  9.642055E-01  3.103656E+01
  5.525000E+00  9.714178E-01  3.190610E+01
  5.575000E+00  9.787538E-01  3.279814E+01
  5.625000E+00  9.891358E-01  3.371588E+01
  5.675000E+00  9.957656E-01  3.465627E+01
  5.725000E+00  1.000618E+00  3.561796E+01
  5.775000E+00  1.001603E+00  3.659750E+01
  5.825000E+00  1.009016E+00  3.760144E+01
  5.875000E+00  1.009560E+00  3.862324E+01
  5.925000E+00  1.014297E+00  3.966739E+01
  5.975000E+00  1.012927E+00  4.072780E+01
