title: #Li56 La24 Zr16 O96                                                     
energy unitS: electron Volts
         0  0.000000E+00        52
 -1.165314E+05  4.000000E+02 -1.167994E+05  1.362317E+04 -1.304225E+05
  0.000000E+00  0.000000E+00  0.000000E+00  0.000000E+00 -1.165313E+05
  0.000000E+00  3.377908E+04 -9.662661E+04  1.304057E+05  0.000000E+00
  0.000000E+00  0.000000E+00  0.000000E+00  6.008194E+04  0.000000E+00
  0.000000E+00  0.000000E+00  9.000000E+01  9.000000E+01  9.000000E+01
  0.000000E+00 -2.916289E+02  0.000000E+00 -3.051018E+02 -6.346186E-02
 -2.025898E-02 -6.346186E-02 -3.049682E+02 -3.438506E-02 -2.025898E-02
 -3.438506E-02 -2.648166E+02  0.000000E+00  0.000000E+00  0.000000E+00
  0.000000E+00  0.000000E+00  3.970821E+01  0.000000E+00  0.000000E+00
  0.000000E+00  3.970821E+01  0.000000E+00  0.000000E+00  0.000000E+00
  3.810512E+01 -1.108104E+04
      1000  5.000000E-01        52
 -1.240150E+05  4.000000E+02 -1.242837E+05  2.440258E+04 -1.497684E+05
  0.000000E+00  0.000000E+00  0.000000E+00  0.000000E+00 -1.240157E+05
  0.000000E+00  1.163580E+03 -1.507372E+05  1.497366E+05  0.000000E+00
  0.000000E+00  0.000000E+00  0.000000E+00  5.846139E+04  1.331717E-02
  1.082046E+03  2.164091E+03  9.000000E+01  9.000000E+01  9.000000E+01
  0.000000E+00 -5.658428E+00  7.466483E-01 -2.159025E+01  9.020134E-01
  3.606170E-01  9.020134E-01 -1.914367E+01 -3.233583E+00  3.606170E-01
 -3.233583E+00  2.375864E+01  2.023879E+00  6.678449E-01  7.153317E-01
  1.337217E+00  1.361688E+00  3.934794E+01  0.000000E+00  0.000000E+00
  0.000000E+00  3.934794E+01  0.000000E+00  0.000000E+00  0.000000E+00
  3.775940E+01 -2.092045E+02
      2000  1.000000E+00        52
 -1.241891E+05  3.998185E+02 -1.244577E+05  2.442229E+04 -1.499838E+05
  0.000000E+00  0.000000E+00  0.000000E+00  0.000000E+00 -1.241898E+05
  0.000000E+00  1.588544E+03 -1.505722E+05  1.499530E+05  0.000000E+00
  0.000000E+00  0.000000E+00  0.000000E+00  5.797349E+04  2.235008E-01
  1.103892E+03  2.207783E+03  9.000000E+01  9.000000E+01  9.000000E+01
  0.000000E+00 -9.571884E+00  7.498836E-01 -1.632112E+01 -2.851183E-01
  3.946385E+00 -2.851183E-01 -1.848551E+01 -1.916788E+00  3.946385E+00
 -1.916788E+00  6.090980E+00  2.551355E+00  1.112012E+00  1.152217E+00
  2.042138E+00  2.032397E+00  3.923818E+01  0.000000E+00  0.000000E+00
  0.000000E+00  3.923818E+01  0.000000E+00  0.000000E+00  0.000000E+00
  3.765406E+01 -3.509400E+02
      3000  1.500000E+00        52
 -1.242728E+05  3.990370E+02 -1.245409E+05  2.454346E+04 -1.502068E+05
  0.000000E+00  0.000000E+00  0.000000E+00  0.000000E+00 -1.242736E+05
  0.000000E+00  1.173839E+03 -1.512477E+05  1.501766E+05  0.000000E+00
  0.000000E+00  0.000000E+00  0.000000E+00  5.749402E+04  1.145086E+00
  1.122423E+03  2.244846E+03  9.000000E+01  9.000000E+01  9.000000E+01
  0.000000E+00 -5.859508E+00  7.490229E-01 -9.112069E+00 -1.331236E+00
  1.846948E+00 -1.331236E+00 -1.212113E+01 -1.284882E+00  1.846948E+00
 -1.284882E+00  3.654675E+00  2.916225E+00  1.305499E+00  1.407270E+00
  2.513992E+00  2.481629E+00  3.912970E+01  0.000000E+00  0.000000E+00
  0.000000E+00  3.912970E+01  0.000000E+00  0.000000E+00  0.000000E+00
  3.754997E+01 -2.130541E+02
      4000  2.000000E+00        52
 -1.243401E+05  4.000000E+02 -1.246088E+05  2.453604E+04 -1.502509E+05
  0.000000E+00  0.000000E+00  0.000000E+00  0.000000E+00 -1.243408E+05
  0.000000E+00  1.156524E+03 -1.512767E+05  1.502211E+05  0.000000E+00
  0.000000E+00  0.000000E+00  0.000000E+00  5.712576E+04  1.330901E-02
  1.106078E+03  2.212156E+03  9.000000E+01  9.000000E+01  9.000000E+01
  0.000000E+00 -5.725622E+00  7.479265E-01 -6.039550E+00  2.249183E-01
  2.356420E+00  2.249183E-01 -1.244006E+01 -1.658789E+00  2.356420E+00
 -1.658789E+00  1.302743E+00  3.120064E+00  1.505829E+00  1.624919E+00
  2.787240E+00  2.745155E+00  3.904598E+01  0.000000E+00  0.000000E+00
  0.000000E+00  3.904598E+01  0.000000E+00  0.000000E+00  0.000000E+00
  3.746962E+01 -2.068525E+02
      5000  2.500000E+00        52
 -1.243685E+05  3.998146E+02 -1.246371E+05  2.447012E+04 -1.502017E+05
  0.000000E+00  0.000000E+00  0.000000E+00  0.000000E+00 -1.243692E+05
  0.000000E+00  1.190927E+03 -1.511706E+05  1.501725E+05  0.000000E+00
  0.000000E+00  0.000000E+00  0.000000E+00  5.677783E+04  2.217907E-01
  1.094516E+03  2.189032E+03  9.000000E+01  9.000000E+01  9.000000E+01
  0.000000E+00 -6.082380E+00  7.395187E-01 -8.643098E+00  2.951626E+00
  3.649965E-01  2.951626E+00 -9.704271E+00 -2.426905E+00  3.649965E-01
 -2.426905E+00  1.002281E-01  3.212273E+00  1.550205E+00  1.731574E+00
  2.925612E+00  2.874906E+00  3.896655E+01  0.000000E+00  0.000000E+00
  0.000000E+00  3.896655E+01  0.000000E+00  0.000000E+00  0.000000E+00
  3.739340E+01 -2.184029E+02
      6000  3.000000E+00        52
 -1.243880E+05  4.000049E+02 -1.246568E+05  2.457839E+04 -1.503369E+05
  0.000000E+00  0.000000E+00  0.000000E+00  0.000000E+00 -1.243887E+05
  0.000000E+00  7.624697E+02 -1.517490E+05  1.503081E+05  0.000000E+00
  0.000000E+00  0.000000E+00  0.000000E+00  5.657988E+04  1.232646E+00
  1.101699E+03  2.203397E+03  9.000000E+01  9.000000E+01  9.000000E+01
  0.000000E+00 -2.109948E+00  7.331333E-01 -3.492022E+00  3.062606E+00
  3.522350E-01  3.062606E+00 -8.198780E+00 -6.451600E-01  3.522350E-01
 -6.451600E-01  5.360958E+00  3.315834E+00  1.625040E+00  1.783191E+00
  3.014887E+00  2.960200E+00  3.892121E+01  0.000000E+00  0.000000E+00
  0.000000E+00  3.892121E+01  0.000000E+00  0.000000E+00  0.000000E+00
  3.734989E+01 -7.549875E+01
      7000  3.500000E+00        52
 -1.244208E+05  4.000000E+02 -1.246895E+05  2.452206E+04 -1.503022E+05
  0.000000E+00  0.000000E+00  0.000000E+00  0.000000E+00 -1.244215E+05
  0.000000E+00  8.791430E+02 -1.515761E+05  1.502739E+05  0.000000E+00
  0.000000E+00  0.000000E+00  0.000000E+00  5.640846E+04  1.329010E-02
  1.090655E+03  2.181310E+03  9.000000E+01  9.000000E+01  9.000000E+01
  0.000000E+00 -3.206605E+00  7.287947E-01 -7.853506E+00  1.919760E+00
  3.035098E+00  1.919760E+00 -6.163308E+00 -2.616660E+00  3.035098E+00
 -2.616660E+00  4.396997E+00  3.388548E+00  1.638109E+00  1.764297E+00
  3.079219E+00  3.025972E+00  3.888186E+01  0.000000E+00  0.000000E+00
  0.000000E+00  3.888186E+01  0.000000E+00  0.000000E+00  0.000000E+00
  3.731213E+01 -1.143920E+02
      8000  4.000000E+00        52
 -1.244304E+05  3.995424E+02 -1.246988E+05  2.450502E+04 -1.502813E+05
  0.000000E+00  0.000000E+00  0.000000E+00  0.000000E+00 -1.244311E+05
  0.000000E+00  8.037540E+02 -1.516049E+05  1.502537E+05  0.000000E+00
  0.000000E+00  0.000000E+00  0.000000E+00  5.625741E+04  2.283960E-01
  1.077466E+03  2.154933E+03  9.000000E+01  9.000000E+01  9.000000E+01
  0.000000E+00 -2.514640E+00  7.208653E-01 -4.933023E+00  1.628256E+00
  1.621921E+00  1.628256E+00 -6.237290E+00 -1.789664E+00  1.621921E+00
 -1.789664E+00  3.626394E+00  3.503318E+00  1.788206E+00  1.880003E+00
  3.188442E+00  3.133554E+00  3.884713E+01  0.000000E+00  0.000000E+00
  0.000000E+00  3.884713E+01  0.000000E+00  0.000000E+00  0.000000E+00
  3.727880E+01 -8.946671E+01
      9000  4.500000E+00        52
 -1.244346E+05  4.000172E+02 -1.247033E+05  2.459608E+04 -1.503934E+05
  0.000000E+00  0.000000E+00  0.000000E+00  0.000000E+00 -1.244352E+05
  0.000000E+00  4.902546E+02 -1.520639E+05  1.503661E+05  0.000000E+00
  0.000000E+00  0.000000E+00  0.000000E+00  5.618723E+04  1.214796E+00
  1.094006E+03  2.188012E+03  9.000000E+01  9.000000E+01  9.000000E+01
  0.000000E+00  4.290302E-01  7.134430E-01 -6.707812E-01  2.554789E+00
  1.779607E+00  2.554789E+00 -4.901814E+00 -9.221632E-01  1.779607E+00
 -9.221632E-01  6.859686E+00  3.530034E+00  1.809276E+00  1.868346E+00
  3.239241E+00  3.179757E+00  3.883097E+01  0.000000E+00  0.000000E+00
  0.000000E+00  3.883097E+01  0.000000E+00  0.000000E+00  0.000000E+00
  3.726329E+01  1.524514E+01
     10000  5.000000E+00        52
 -1.244376E+05  4.000000E+02 -1.247063E+05  2.459733E+04 -1.504006E+05
  0.000000E+00  0.000000E+00  0.000000E+00  0.000000E+00 -1.244383E+05
  0.000000E+00  4.569433E+02 -1.521095E+05  1.503725E+05  0.000000E+00
  0.000000E+00  0.000000E+00  0.000000E+00  5.615084E+04  1.331744E-02
  1.096932E+03  2.193864E+03  9.000000E+01  9.000000E+01  9.000000E+01
  0.000000E+00  7.417770E-01  7.060749E-01 -1.635222E+00  2.327289E+00
  2.443421E+00  2.327289E+00 -2.951772E+00 -2.116174E+00  2.443421E+00
 -2.116174E+00  6.812325E+00  3.621303E+00  1.817479E+00  1.913651E+00
  3.286514E+00  3.226163E+00  3.882258E+01  0.000000E+00  0.000000E+00
  0.000000E+00  3.882258E+01  0.000000E+00  0.000000E+00  0.000000E+00
  3.725525E+01  2.634121E+01
     11000  5.500000E+00        52
 -1.244376E+05  3.956648E+02 -1.247332E+05  2.451709E+04 -1.503506E+05
  0.000000E+00  0.000000E+00  0.000000E+00  0.000000E+00 -1.244681E+05
  0.000000E+00  7.699554E+02 -1.517536E+05  1.503231E+05  0.000000E+00
  0.000000E+00  0.000000E+00  0.000000E+00  5.604534E+04  1.320250E+00
  1.100274E+03  2.200549E+03  9.000000E+01  9.000000E+01  9.000000E+01
  0.000000E+00 -2.255161E+00  3.052047E+01 -3.260333E+00  2.702060E-01
  1.672263E+00  2.702060E-01 -5.729323E+00 -2.799827E-02  1.672263E+00
 -2.799827E-02  2.224173E+00  2.058787E-01  1.871490E-01  1.548400E-01
  2.566964E-01  2.125358E-01  3.879825E+01  0.000000E+00  0.000000E+00
  0.000000E+00  3.879825E+01  0.000000E+00  0.000000E+00  0.000000E+00
  3.723190E+01 -7.993244E+01
     12000  6.000000E+00        52
 -1.244376E+05  3.963984E+02 -1.247369E+05  2.460587E+04 -1.504368E+05
  0.000000E+00  0.000000E+00  0.000000E+00  0.000000E+00 -1.244713E+05
  0.000000E+00  3.696594E+02 -1.522273E+05  1.504091E+05  0.000000E+00
  0.000000E+00  0.000000E+00  0.000000E+00  5.600120E+04  1.589725E+00
  1.093940E+03  2.187880E+03  9.000000E+01  9.000000E+01  9.000000E+01
  0.000000E+00  1.519842E+00  3.379271E+01  9.238407E-01  1.077573E+00
  3.699799E-01  1.077573E+00 -1.903486E+00 -5.320490E-01  3.699799E-01
 -5.320490E-01  5.539172E+00  2.214980E-01  1.941996E-01  1.477618E-01
  2.650657E-01  2.185873E-01  3.878806E+01  0.000000E+00  0.000000E+00
  0.000000E+00  3.878806E+01  0.000000E+00  0.000000E+00  0.000000E+00
  3.722212E+01  5.382720E+01
     13000  6.500000E+00        52
 -1.244376E+05  4.005580E+02 -1.247346E+05  2.455733E+04 -1.503926E+05
  0.000000E+00  0.000000E+00  0.000000E+00  0.000000E+00 -1.244662E+05
  0.000000E+00  6.646231E+02 -1.519019E+05  1.503653E+05  0.000000E+00
  0.000000E+00  0.000000E+00  0.000000E+00  5.600647E+04  1.720546E+00
  1.100614E+03  2.201227E+03  9.000000E+01  9.000000E+01  9.000000E+01
  0.000000E+00 -1.203743E+00  2.871866E+01 -4.266752E+00  1.656122E+00
  1.832126E+00  1.656122E+00 -3.008300E+00 -9.742011E-01  1.832126E+00
 -9.742011E-01  3.663822E+00  2.269727E-01  1.759106E-01  1.453874E-01
  2.648858E-01  2.191923E-01  3.878928E+01  0.000000E+00  0.000000E+00
  0.000000E+00  3.878928E+01  0.000000E+00  0.000000E+00  0.000000E+00
  3.722329E+01 -4.263615E+01
     14000  7.000000E+00        52
 -1.244377E+05  3.966414E+02 -1.247381E+05  2.451282E+04 -1.503493E+05
  0.000000E+00  0.000000E+00  0.000000E+00  0.000000E+00 -1.244723E+05
  0.000000E+00  8.252611E+02 -1.516931E+05  1.503217E+05  0.000000E+00
  0.000000E+00  0.000000E+00  0.000000E+00  5.613792E+04  1.805160E+00
  1.098338E+03  2.196675E+03  9.000000E+01  9.000000E+01  9.000000E+01
  0.000000E+00 -2.758418E+00  3.469750E+01 -3.600373E+00  7.430235E-01
  1.803509E+00  7.430235E-01 -4.959804E+00 -2.518903E+00  1.803509E+00
 -2.518903E+00  2.849240E-01  2.374599E-01  1.944361E-01  1.471795E-01
  2.836444E-01  2.344364E-01  3.881960E+01  0.000000E+00  0.000000E+00
  0.000000E+00  3.881960E+01  0.000000E+00  0.000000E+00  0.000000E+00
  3.725239E+01 -9.793149E+01
     15000  7.500000E+00        52
 -1.244376E+05  3.984839E+02 -1.247500E+05  2.457672E+04 -1.504280E+05
  0.000000E+00  0.000000E+00  0.000000E+00  0.000000E+00 -1.244830E+05
  0.000000E+00  5.015464E+02 -1.521015E+05  1.504006E+05  0.000000E+00
  0.000000E+00  0.000000E+00  0.000000E+00  5.607464E+04  1.955444E+00
  1.101238E+03  2.202475E+03  9.000000E+01  9.000000E+01  9.000000E+01
  0.000000E+00  3.044427E-01  4.543639E+01 -9.779891E-01  2.655799E-01
  1.449170E+00  2.655799E-01 -3.076166E+00 -2.023673E+00  1.449170E+00
 -2.023673E+00  4.967483E+00  2.435653E-01  2.049482E-01  1.569963E-01
  2.897934E-01  2.438718E-01  3.880501E+01  0.000000E+00  0.000000E+00
  0.000000E+00  3.880501E+01  0.000000E+00  0.000000E+00  0.000000E+00
  3.723838E+01  1.079638E+01
     16000  8.000000E+00        52
 -1.244376E+05  3.924480E+02 -1.247472E+05  2.458533E+04 -1.504231E+05
  0.000000E+00  0.000000E+00  0.000000E+00  0.000000E+00 -1.244843E+05
  0.000000E+00  4.994936E+02 -1.520774E+05  1.503957E+05  0.000000E+00
  0.000000E+00  0.000000E+00  0.000000E+00  5.608994E+04  2.044742E+00
  1.090596E+03  2.181192E+03  9.000000E+01  9.000000E+01  9.000000E+01
  0.000000E+00  2.476504E-01  4.664448E+01 -2.318576E+00  3.251235E-01
  3.108729E+00  3.251235E-01 -9.985727E-01 -1.413703E+00  3.108729E+00
 -1.413703E+00  4.060100E+00  2.563455E-01  1.939203E-01  1.524646E-01
  2.991868E-01  2.497532E-01  3.880854E+01  0.000000E+00  0.000000E+00
  0.000000E+00  3.880854E+01  0.000000E+00  0.000000E+00  0.000000E+00
  3.724177E+01  8.784762E+00
     17000  8.500000E+00        52
 -1.244377E+05  4.035061E+02 -1.247461E+05  2.460088E+04 -1.504499E+05
  0.000000E+00  0.000000E+00  0.000000E+00  0.000000E+00 -1.244757E+05
  0.000000E+00  4.408252E+02 -1.521877E+05  1.504226E+05  0.000000E+00
  0.000000E+00  0.000000E+00  0.000000E+00  5.599212E+04  2.035393E+00
  1.102966E+03  2.205932E+03  9.000000E+01  9.000000E+01  9.000000E+01
  0.000000E+00  9.398288E-01  3.806702E+01  4.318482E-01  8.945104E-01
  7.645001E-01  8.945104E-01 -1.147681E+00 -1.626474E+00  7.645001E-01
 -1.626474E+00  3.535319E+00  2.704853E-01  2.061047E-01  1.658775E-01
  3.118183E-01  2.622210E-01  3.878597E+01  0.000000E+00  0.000000E+00
  0.000000E+00  3.878597E+01  0.000000E+00  0.000000E+00  0.000000E+00
  3.722011E+01  3.327987E+01
     18000  9.000000E+00        52
 -1.244376E+05  4.064080E+02 -1.247525E+05  2.457583E+04 -1.504247E+05
  0.000000E+00  0.000000E+00  0.000000E+00  0.000000E+00 -1.244802E+05
  0.000000E+00  6.123967E+02 -1.519780E+05  1.503977E+05  0.000000E+00
  0.000000E+00  0.000000E+00  0.000000E+00  5.599735E+04  2.148975E+00
  1.096321E+03  2.192641E+03  9.000000E+01  9.000000E+01  9.000000E+01
  0.000000E+00 -6.385786E-01  4.262440E+01 -2.845551E+00 -1.294127E+00
  3.492354E+00 -1.294127E+00 -3.606962E+00 -6.741774E-01  3.492354E+00
 -6.741774E-01  4.536777E+00  2.909914E-01  2.089553E-01  1.649069E-01
  3.262642E-01  2.751523E-01  3.878717E+01  0.000000E+00  0.000000E+00
  0.000000E+00  3.878717E+01  0.000000E+00  0.000000E+00  0.000000E+00
  3.722127E+01 -2.261454E+01
     19000  9.500000E+00        52
 -1.244376E+05  3.956094E+02 -1.247570E+05  2.455682E+04 -1.504014E+05
  0.000000E+00  0.000000E+00  0.000000E+00  0.000000E+00 -1.244919E+05
  0.000000E+00  5.901456E+02 -1.519593E+05  1.503742E+05  0.000000E+00
  0.000000E+00  0.000000E+00  0.000000E+00  5.596381E+04  2.112458E+00
  1.087665E+03  2.175331E+03  9.000000E+01  9.000000E+01  9.000000E+01
  0.000000E+00 -5.656704E-01  5.429724E+01 -4.059040E+00  9.913475E-01
  1.728695E+00  9.913475E-01 -1.549027E+00  6.079061E-01  1.728695E+00
  6.079061E-01  3.911056E+00  2.873477E-01  2.151961E-01  1.664342E-01
  3.175933E-01  2.702604E-01  3.877943E+01  0.000000E+00  0.000000E+00
  0.000000E+00  3.877943E+01  0.000000E+00  0.000000E+00  0.000000E+00
  3.721383E+01 -2.002058E+01
     20000  1.000000E+01        52
 -1.244376E+05  3.966811E+02 -1.247572E+05  2.455035E+04 -1.504012E+05
  0.000000E+00  0.000000E+00  0.000000E+00  0.000000E+00 -1.244914E+05
  0.000000E+00  5.755826E+02 -1.519860E+05  1.503743E+05  0.000000E+00
  0.000000E+00  0.000000E+00  0.000000E+00  5.593434E+04  2.140363E+00
  1.093649E+03  2.187297E+03  9.000000E+01  9.000000E+01  9.000000E+01
  0.000000E+00 -4.152083E-01  5.385276E+01 -2.777582E+00  3.346062E-01
  1.802761E+00  3.346062E-01 -1.728256E+00 -1.118768E+00  1.802761E+00
 -1.118768E+00  3.260213E+00  2.945860E-01  2.128821E-01  1.638399E-01
  3.319250E-01  2.817767E-01  3.877262E+01  0.000000E+00  0.000000E+00
  0.000000E+00  3.877262E+01  0.000000E+00  0.000000E+00  0.000000E+00
  3.720730E+01 -1.468759E+01
     21000  1.050000E+01        52
 -1.244376E+05  4.054650E+02 -1.247515E+05  2.455117E+04 -1.503945E+05
  0.000000E+00  0.000000E+00  0.000000E+00  0.000000E+00 -1.244799E+05
  0.000000E+00  6.516234E+02 -1.518990E+05  1.503672E+05  0.000000E+00
  0.000000E+00  0.000000E+00  0.000000E+00  5.592124E+04  2.204539E+00
  1.091759E+03  2.183519E+03  9.000000E+01  9.000000E+01  9.000000E+01
  0.000000E+00 -1.021080E+00  4.223636E+01 -5.030869E+00  8.378074E-01
  2.964962E+00  8.378074E-01 -2.856087E+00  2.135806E-01  2.964962E+00
  2.135806E-01  4.823716E+00  3.168703E-01  2.389259E-01  1.843722E-01
  3.581238E-01  3.040559E-01  3.876959E+01  0.000000E+00  0.000000E+00
  0.000000E+00  3.876959E+01  0.000000E+00  0.000000E+00  0.000000E+00
  3.720440E+01 -3.611125E+01
     22000  1.100000E+01        52
 -1.244376E+05  4.032444E+02 -1.247546E+05  2.453162E+04 -1.503774E+05
  0.000000E+00  0.000000E+00  0.000000E+00  0.000000E+00 -1.244844E+05
  0.000000E+00  7.035008E+02 -1.518288E+05  1.503500E+05  0.000000E+00
  0.000000E+00  0.000000E+00  0.000000E+00  5.602062E+04  2.219336E+00
  1.091154E+03  2.182308E+03  9.000000E+01  9.000000E+01  9.000000E+01
  0.000000E+00 -1.535357E+00  4.682167E+01 -1.916731E+00 -6.962021E-01
  1.236983E+00 -6.962021E-01 -3.665062E+00 -8.892607E-01  1.236983E+00
 -8.892607E-01  9.757240E-01  3.228853E-01  2.301161E-01  1.857243E-01
  3.651502E-01  3.131740E-01  3.879255E+01  0.000000E+00  0.000000E+00
  0.000000E+00  3.879255E+01  0.000000E+00  0.000000E+00  0.000000E+00
  3.722642E+01 -5.439553E+01
     23000  1.150000E+01        52
 -1.244377E+05  3.976461E+02 -1.247643E+05  2.454105E+04 -1.503956E+05
  0.000000E+00  0.000000E+00  0.000000E+00  0.000000E+00 -1.244978E+05
  0.000000E+00  6.193326E+02 -1.519298E+05  1.503686E+05  0.000000E+00
  0.000000E+00  0.000000E+00  0.000000E+00  5.587004E+04  2.208658E+00
  1.090291E+03  2.180582E+03  9.000000E+01  9.000000E+01  9.000000E+01
  0.000000E+00 -8.162231E-01  6.021509E+01 -4.501188E+00 -9.151513E-01
  3.306556E+00 -9.151513E-01 -6.556010E-01  4.900239E-01  3.306556E+00
  4.900239E-01  2.708120E+00  3.273895E-01  2.350569E-01  1.801955E-01
  3.610753E-01  3.086955E-01  3.875776E+01  0.000000E+00  0.000000E+00
  0.000000E+00  3.875776E+01  0.000000E+00  0.000000E+00  0.000000E+00
  3.719304E+01 -2.883991E+01
     24000  1.200000E+01        52
 -1.244377E+05  3.979443E+02 -1.247629E+05  2.462242E+04 -1.504864E+05
  0.000000E+00  0.000000E+00  0.000000E+00  0.000000E+00 -1.244962E+05
  0.000000E+00  3.445895E+02 -1.523171E+05  1.504595E+05  0.000000E+00
  0.000000E+00  0.000000E+00  0.000000E+00  5.578758E+04  2.247926E+00
  1.101086E+03  2.202173E+03  9.000000E+01  9.000000E+01  9.000000E+01
  0.000000E+00  1.782090E+00  5.860945E+01 -1.912446E+00 -8.764233E-02
  2.004848E+00 -8.764233E-02 -1.964888E-01 -8.386242E-01  2.004848E+00
 -8.386242E-01  7.455206E+00  3.322122E-01  2.302178E-01  1.822255E-01
  3.703222E-01  3.153357E-01  3.873868E+01  0.000000E+00  0.000000E+00
  0.000000E+00  3.873868E+01  0.000000E+00  0.000000E+00  0.000000E+00
  3.717473E+01  6.287432E+01
     25000  1.250000E+01        52
 -1.244376E+05  4.030950E+02 -1.247564E+05  2.459147E+04 -1.504275E+05
  0.000000E+00  0.000000E+00  0.000000E+00  0.000000E+00 -1.244864E+05
  0.000000E+00  3.213563E+02 -1.522386E+05  1.504008E+05  0.000000E+00
  0.000000E+00  0.000000E+00  0.000000E+00  5.580294E+04  2.233696E+00
  1.079599E+03  2.159198E+03  9.000000E+01  9.000000E+01  9.000000E+01
  0.000000E+00  2.066232E+00  4.875197E+01 -3.505513E-01  4.284376E-01
  1.160340E+00  4.284376E-01  2.128020E+00 -1.168220E+00  1.160340E+00
 -1.168220E+00  4.421228E+00  3.430360E-01  2.430777E-01  1.919610E-01
  3.731208E-01  3.206450E-01  3.874224E+01  0.000000E+00  0.000000E+00
  0.000000E+00  3.874224E+01  0.000000E+00  0.000000E+00  0.000000E+00
  3.717814E+01  7.291925E+01
     26000  1.300000E+01        52
 -1.244376E+05  4.061760E+02 -1.247549E+05  2.458710E+04 -1.504287E+05
  0.000000E+00  0.000000E+00  0.000000E+00  0.000000E+00 -1.244827E+05
  0.000000E+00  4.652876E+02 -1.521101E+05  1.504020E+05  0.000000E+00
  0.000000E+00  0.000000E+00  0.000000E+00  5.588450E+04  2.276044E+00
  1.086699E+03  2.173398E+03  9.000000E+01  9.000000E+01  9.000000E+01
  0.000000E+00  7.446618E-01  4.511689E+01  7.907418E-01 -6.102740E-01
  9.559428E-01 -6.102740E-01 -1.964309E+00 -1.645953E+00  9.559428E-01
 -1.645953E+00  3.407552E+00  3.471007E-01  2.335150E-01  1.830064E-01
  3.828208E-01  3.268060E-01  3.876110E+01  0.000000E+00  0.000000E+00
  0.000000E+00  3.876110E+01  0.000000E+00  0.000000E+00  0.000000E+00
  3.719625E+01  2.631822E+01
     27000  1.350000E+01        52
 -1.244376E+05  3.965983E+02 -1.247603E+05  2.460288E+04 -1.504534E+05
  0.000000E+00  0.000000E+00  0.000000E+00  0.000000E+00 -1.244945E+05
  0.000000E+00  3.826726E+02 -1.522244E+05  1.504266E+05  0.000000E+00
  0.000000E+00  0.000000E+00  0.000000E+00  5.589565E+04  2.179867E+00
  1.090250E+03  2.180500E+03  9.000000E+01  9.000000E+01  9.000000E+01
  0.000000E+00  1.402528E+00  5.692567E+01 -1.775021E+00  1.405560E+00
  1.958098E+00  1.405560E+00 -8.716193E-01 -5.929226E-01  1.958098E+00
 -5.929226E-01  6.854225E+00  3.411146E-01  2.496713E-01  1.945109E-01
  3.831431E-01  3.280325E-01  3.876368E+01  0.000000E+00  0.000000E+00
  0.000000E+00  3.876368E+01  0.000000E+00  0.000000E+00  0.000000E+00
  3.719872E+01  4.957876E+01
     28000  1.400000E+01        52
 -1.244377E+05  3.915227E+02 -1.247680E+05  2.454700E+04 -1.504016E+05
  0.000000E+00  0.000000E+00  0.000000E+00  0.000000E+00 -1.245057E+05
  0.000000E+00  6.259246E+02 -1.519216E+05  1.503744E+05  0.000000E+00
  0.000000E+00  0.000000E+00  0.000000E+00  5.595579E+04  2.182743E+00
  1.086550E+03  2.173100E+03  9.000000E+01  9.000000E+01  9.000000E+01
  0.000000E+00 -9.543507E-01  6.804144E+01 -2.718895E+00  1.059601E+00
  3.287165E+00  1.059601E+00 -2.367008E+00 -3.973391E-01  3.287165E+00
 -3.973391E-01  2.222851E+00  3.550957E-01  2.430321E-01  1.871423E-01
  3.845305E-01  3.309174E-01  3.877758E+01  0.000000E+00  0.000000E+00
  0.000000E+00  3.877758E+01  0.000000E+00  0.000000E+00  0.000000E+00
  3.721206E+01 -3.377218E+01
     29000  1.450000E+01        52
 -1.244377E+05  3.969146E+02 -1.247641E+05  2.457138E+04 -1.504363E+05
  0.000000E+00  0.000000E+00  0.000000E+00  0.000000E+00 -1.244982E+05
  0.000000E+00  5.661670E+02 -1.520449E+05  1.504094E+05  0.000000E+00
  0.000000E+00  0.000000E+00  0.000000E+00  5.589774E+04  2.239601E+00
  1.100826E+03  2.201651E+03  9.000000E+01  9.000000E+01  9.000000E+01
  0.000000E+00 -3.237478E-01  6.052401E+01 -2.477934E+00  1.828814E+00
  2.145573E+00  1.828814E+00 -1.832463E+00  5.044155E-01  2.145573E+00
  5.044155E-01  3.339154E+00  3.604287E-01  2.536006E-01  1.955290E-01
  4.059866E-01  3.463531E-01  3.876416E+01  0.000000E+00  0.000000E+00
  0.000000E+00  3.876416E+01  0.000000E+00  0.000000E+00  0.000000E+00
  3.719918E+01 -1.144477E+01
     30000  1.500000E+01        52
 -1.244377E+05  4.101839E+02 -1.247573E+05  2.458673E+04 -1.504316E+05
  0.000000E+00  0.000000E+00  0.000000E+00  0.000000E+00 -1.244824E+05
  0.000000E+00  4.436564E+02 -1.521359E+05  1.504044E+05  0.000000E+00
  0.000000E+00  0.000000E+00  0.000000E+00  5.595828E+04  2.295007E+00
  1.087604E+03  2.175208E+03  9.000000E+01  9.000000E+01  9.000000E+01
  0.000000E+00  9.980088E-01  4.479925E+01 -7.618533E-01  1.098179E+00
  3.995582E+00  1.098179E+00 -2.149603E+00 -2.112891E+00  3.995582E+00
 -2.112891E+00  5.905483E+00  3.608309E-01  2.484842E-01  1.945815E-01
  4.016245E-01  3.422750E-01  3.877815E+01  0.000000E+00  0.000000E+00
  0.000000E+00  3.877815E+01  0.000000E+00  0.000000E+00  0.000000E+00
  3.721261E+01  3.531870E+01
     31000  1.550000E+01        52
 -1.244377E+05  4.103669E+02 -1.247626E+05  2.457900E+04 -1.504291E+05
  0.000000E+00  0.000000E+00  0.000000E+00  0.000000E+00 -1.244876E+05
  0.000000E+00  4.431445E+02 -1.521342E+05  1.504023E+05  0.000000E+00
  0.000000E+00  0.000000E+00  0.000000E+00  5.584282E+04  2.276560E+00
  1.087515E+03  2.175029E+03  9.000000E+01  9.000000E+01  9.000000E+01
  0.000000E+00  1.007218E+00  4.998665E+01 -2.668575E+00  3.975208E-01
  3.060383E+00  3.975208E-01  9.971624E-01  2.313842E-01  3.060383E+00
  2.313842E-01  4.693067E+00  3.640335E-01  2.516850E-01  1.937025E-01
  4.053488E-01  3.465938E-01  3.875146E+01  0.000000E+00  0.000000E+00
  0.000000E+00  3.875146E+01  0.000000E+00  0.000000E+00  0.000000E+00
  3.718700E+01  3.557107E+01
     32000  1.600000E+01        52
 -1.244377E+05  3.921829E+02 -1.247647E+05  2.458144E+04 -1.504442E+05
  0.000000E+00  0.000000E+00  0.000000E+00  0.000000E+00 -1.245019E+05
  0.000000E+00  4.807422E+02 -1.521328E+05  1.504173E+05  0.000000E+00
  0.000000E+00  0.000000E+00  0.000000E+00  5.581814E+04  2.209019E+00
  1.098117E+03  2.196234E+03  9.000000E+01  9.000000E+01  9.000000E+01
  0.000000E+00  4.225660E-01  6.420393E+01 -6.842275E-01 -9.965107E-02
  2.203215E+00 -9.965107E-02 -2.503886E+00 -1.655839E-01  2.203215E+00
 -1.655839E-01  4.455811E+00  3.754403E-01  2.557901E-01  1.955944E-01
  4.143566E-01  3.541230E-01  3.874576E+01  0.000000E+00  0.000000E+00
  0.000000E+00  3.874576E+01  0.000000E+00  0.000000E+00  0.000000E+00
  3.718152E+01  1.491681E+01
     33000  1.650000E+01        52
 -1.244377E+05  3.968897E+02 -1.247725E+05  2.460954E+04 -1.504753E+05
  0.000000E+00  0.000000E+00  0.000000E+00  0.000000E+00 -1.245066E+05
  0.000000E+00  2.715864E+02 -1.523633E+05  1.504485E+05  0.000000E+00
  0.000000E+00  0.000000E+00  0.000000E+00  5.571320E+04  2.224314E+00
  1.093222E+03  2.186444E+03  9.000000E+01  9.000000E+01  9.000000E+01
  0.000000E+00  2.461748E+00  6.897292E+01  1.530233E+00  1.392029E+00
  1.936246E+00  1.392029E+00 -1.015648E+00 -1.261215E+00  1.936246E+00
 -1.261215E+00  6.870661E+00  3.685132E-01  2.532781E-01  1.961395E-01
  4.110455E-01  3.515098E-01  3.872146E+01  0.000000E+00  0.000000E+00
  0.000000E+00  3.872146E+01  0.000000E+00  0.000000E+00  0.000000E+00
  3.715820E+01  8.673767E+01
     34000  1.700000E+01        52
 -1.244377E+05  4.074593E+02 -1.247686E+05  2.454295E+04 -1.504036E+05
  0.000000E+00  0.000000E+00  0.000000E+00  0.000000E+00 -1.244956E+05
  0.000000E+00  6.753076E+02 -1.518854E+05  1.503767E+05  0.000000E+00
  0.000000E+00  0.000000E+00  0.000000E+00  5.585270E+04  2.314294E+00
  1.092015E+03  2.184030E+03  9.000000E+01  9.000000E+01  9.000000E+01
  0.000000E+00 -1.220620E+00  5.795596E+01 -3.060399E+00  2.003450E+00
  1.078178E+00  2.003450E+00 -2.616545E+00  5.508684E-01  1.078178E+00
  5.508684E-01  2.015082E+00  3.691403E-01  2.512372E-01  1.982842E-01
  4.074162E-01  3.478636E-01  3.875375E+01  0.000000E+00  0.000000E+00
  0.000000E+00  3.875375E+01  0.000000E+00  0.000000E+00  0.000000E+00
  3.718919E+01 -4.311525E+01
     35000  1.750000E+01        52
 -1.244377E+05  4.047253E+02 -1.247596E+05  2.454687E+04 -1.503970E+05
  0.000000E+00  0.000000E+00  0.000000E+00  0.000000E+00 -1.244884E+05
  0.000000E+00  6.082490E+02 -1.519428E+05  1.503699E+05  0.000000E+00
  0.000000E+00  0.000000E+00  0.000000E+00  5.586700E+04  2.292549E+00
  1.090562E+03  2.181124E+03  9.000000E+01  9.000000E+01  9.000000E+01
  0.000000E+00 -6.222090E-01  5.080028E+01 -1.148678E+00  1.426262E+00
  4.718948E-01  1.426262E+00 -3.563021E+00  3.191927E-01  4.718948E-01
  3.191927E-01  2.845072E+00  3.647272E-01  2.450115E-01  1.905257E-01
  4.006040E-01  3.428089E-01  3.875706E+01  0.000000E+00  0.000000E+00
  0.000000E+00  3.875706E+01  0.000000E+00  0.000000E+00  0.000000E+00
  3.719236E+01 -2.198354E+01
     36000  1.800000E+01        52
 -1.244377E+05  4.033398E+02 -1.247648E+05  2.452408E+04 -1.503858E+05
  0.000000E+00  0.000000E+00  0.000000E+00  0.000000E+00 -1.244945E+05
  0.000000E+00  7.077326E+02 -1.518449E+05  1.503587E+05  0.000000E+00
  0.000000E+00  0.000000E+00  0.000000E+00  5.590564E+04  2.333236E+00
  1.096977E+03  2.193954E+03  9.000000E+01  9.000000E+01  9.000000E+01
  0.000000E+00 -1.577207E+00  5.685008E+01 -2.861764E+00  1.142175E+00
  3.363549E+00  1.142175E+00 -3.998167E+00 -6.765930E-01  3.363549E+00
 -6.765930E-01  2.128309E+00  3.703445E-01  2.517474E-01  2.018134E-01
  4.095724E-01  3.506842E-01  3.876599E+01  0.000000E+00  0.000000E+00
  0.000000E+00  3.876599E+01  0.000000E+00  0.000000E+00  0.000000E+00
  3.720094E+01 -5.576355E+01
     37000  1.850000E+01        52
 -1.244377E+05  3.908592E+02 -1.247670E+05  2.458352E+04 -1.504448E+05
  0.000000E+00  0.000000E+00  0.000000E+00  0.000000E+00 -1.245051E+05
  0.000000E+00  5.706271E+02 -1.520356E+05  1.504177E+05  0.000000E+00
  0.000000E+00  0.000000E+00  0.000000E+00  5.594895E+04  2.314542E+00
  1.094225E+03  2.188449E+03  9.000000E+01  9.000000E+01  9.000000E+01
  0.000000E+00 -4.419045E-01  6.751755E+01 -3.759154E+00  3.589005E-01
  1.956372E+00  3.589005E-01 -2.799593E+00  1.282403E+00  1.956372E+00
  1.282403E+00  5.233034E+00  3.654684E-01  2.462887E-01  1.878530E-01
  4.060373E-01  3.477295E-01  3.877600E+01  0.000000E+00  0.000000E+00
  0.000000E+00  3.877600E+01  0.000000E+00  0.000000E+00  0.000000E+00
  3.721054E+01 -1.563603E+01
     38000  1.900000E+01        52
 -1.244377E+05  3.993680E+02 -1.247677E+05  2.453694E+04 -1.503963E+05
  0.000000E+00  0.000000E+00  0.000000E+00  0.000000E+00 -1.245001E+05
  0.000000E+00  6.203084E+02 -1.519324E+05  1.503693E+05  0.000000E+00
  0.000000E+00  0.000000E+00  0.000000E+00  5.584347E+04  2.310033E+00
  1.091704E+03  2.183407E+03  9.000000E+01  9.000000E+01  9.000000E+01
  0.000000E+00 -8.040442E-01  6.242954E+01 -2.208052E+00  4.650350E-01
  4.210935E+00  4.650350E-01 -2.757532E+00 -1.869250E+00  4.210935E+00
 -1.869250E+00  2.553451E+00  3.603008E-01  2.442708E-01  1.945893E-01
  3.993507E-01  3.408837E-01  3.875161E+01  0.000000E+00  0.000000E+00
  0.000000E+00  3.875161E+01  0.000000E+00  0.000000E+00  0.000000E+00
  3.718714E+01 -2.839608E+01
     39000  1.950000E+01        52
 -1.244377E+05  4.091374E+02 -1.247682E+05  2.457574E+04 -1.504428E+05
  0.000000E+00  0.000000E+00  0.000000E+00  0.000000E+00 -1.244940E+05
  0.000000E+00  4.127297E+02 -1.522014E+05  1.504163E+05  0.000000E+00
  0.000000E+00  0.000000E+00  0.000000E+00  5.575953E+04  2.317632E+00
  1.098914E+03  2.197828E+03  9.000000E+01  9.000000E+01  9.000000E+01
  0.000000E+00  1.280650E+00  5.633851E+01 -1.103972E+00 -1.121295E-01
  2.292282E+00 -1.121295E-01 -7.529944E-01 -9.422972E-01  2.292282E+00
 -9.422972E-01  5.698917E+00  3.738624E-01  2.572901E-01  1.954210E-01
  4.104558E-01  3.513225E-01  3.873219E+01  0.000000E+00  0.000000E+00
  0.000000E+00  3.873219E+01  0.000000E+00  0.000000E+00  0.000000E+00
  3.716850E+01  4.516018E+01
     40000  2.000000E+01        52
 -1.244377E+05  4.002361E+02 -1.247628E+05  2.451346E+04 -1.503758E+05
  0.000000E+00  0.000000E+00  0.000000E+00  0.000000E+00 -1.244946E+05
  0.000000E+00  7.767599E+02 -1.517710E+05  1.503486E+05  0.000000E+00
  0.000000E+00  0.000000E+00  0.000000E+00  5.589446E+04  2.310884E+00
  1.099559E+03  2.199119E+03  9.000000E+01  9.000000E+01  9.000000E+01
  0.000000E+00 -2.267654E+00  5.698855E+01 -3.962124E+00  2.188142E+00
  2.861368E+00  2.188142E+00 -3.676515E+00 -8.223906E-01  2.861368E+00
 -8.223906E-01  8.356760E-01  3.695465E-01  2.581498E-01  1.953884E-01
  4.073468E-01  3.483106E-01  3.876341E+01  0.000000E+00  0.000000E+00
  0.000000E+00  3.876341E+01  0.000000E+00  0.000000E+00  0.000000E+00
  3.719846E+01 -8.015888E+01
     41000  2.050000E+01        52
 -1.244377E+05  3.943207E+02 -1.247654E+05  2.455551E+04 -1.504108E+05
  0.000000E+00  0.000000E+00  0.000000E+00  0.000000E+00 -1.245012E+05
  0.000000E+00  5.569293E+02 -1.520069E+05  1.503842E+05  0.000000E+00
  0.000000E+00  0.000000E+00  0.000000E+00  5.579832E+04  2.260418E+00
  1.089827E+03  2.179654E+03  9.000000E+01  9.000000E+01  9.000000E+01
  0.000000E+00 -2.698945E-01  6.356926E+01 -2.596130E+00  6.965398E-01
  3.421548E+00  6.965398E-01 -3.422134E+00 -5.568055E-01  3.421548E+00
 -5.568055E-01  5.208581E+00  3.634875E-01  2.498001E-01  2.009277E-01
  4.053560E-01  3.459322E-01  3.874117E+01  0.000000E+00  0.000000E+00
  0.000000E+00  3.874117E+01  0.000000E+00  0.000000E+00  0.000000E+00
  3.717712E+01 -9.524038E+00
     42000  2.100000E+01        52
 -1.244377E+05  3.973693E+02 -1.247686E+05  2.457300E+04 -1.504302E+05
  0.000000E+00  0.000000E+00  0.000000E+00  0.000000E+00 -1.245023E+05
  0.000000E+00  4.666907E+02 -1.521133E+05  1.504029E+05  0.000000E+00
  0.000000E+00  0.000000E+00  0.000000E+00  5.585859E+04  2.273217E+00
  1.088571E+03  2.177143E+03  9.000000E+01  9.000000E+01  9.000000E+01
  0.000000E+00  6.204210E-01  6.468068E+01  7.884271E-02  1.067403E+00
  2.750134E+00  1.067403E+00 -3.379286E+00 -2.151415E+00  2.750134E+00
 -2.151415E+00  5.161707E+00  3.776667E-01  2.485180E-01  1.970876E-01
  4.092067E-01  3.518524E-01  3.875511E+01  0.000000E+00  0.000000E+00
  0.000000E+00  3.875511E+01  0.000000E+00  0.000000E+00  0.000000E+00
  3.719050E+01  2.191707E+01
     43000  2.150000E+01        52
 -1.244377E+05  4.013069E+02 -1.247660E+05  2.449570E+04 -1.503420E+05
  0.000000E+00  0.000000E+00  0.000000E+00  0.000000E+00 -1.244971E+05
  0.000000E+00  7.722450E+02 -1.517030E+05  1.503146E+05  0.000000E+00
  0.000000E+00  0.000000E+00  0.000000E+00  5.588152E+04  2.331954E+00
  1.080328E+03  2.160656E+03  9.000000E+01  9.000000E+01  9.000000E+01
  0.000000E+00 -2.212061E+00  5.945924E+01 -2.760508E+00  1.843945E+00
  2.559644E+00  1.843945E+00 -5.814695E+00 -4.652764E-01  2.559644E+00
 -4.652764E-01  1.939022E+00  3.718875E-01  2.620558E-01  2.032987E-01
  4.158314E-01  3.569673E-01  3.876041E+01  0.000000E+00  0.000000E+00
  0.000000E+00  3.876041E+01  0.000000E+00  0.000000E+00  0.000000E+00
  3.719559E+01 -7.817561E+01
     44000  2.200000E+01        52
 -1.244376E+05  4.054144E+02 -1.247661E+05  2.452757E+04 -1.503866E+05
  0.000000E+00  0.000000E+00  0.000000E+00  0.000000E+00 -1.244944E+05
  0.000000E+00  6.584728E+02 -1.518870E+05  1.503596E+05  0.000000E+00
  0.000000E+00  0.000000E+00  0.000000E+00  5.580242E+04  2.320693E+00
  1.092923E+03  2.185846E+03  9.000000E+01  9.000000E+01  9.000000E+01
  0.000000E+00 -1.088591E+00  5.683711E+01 -2.632043E+00  4.577090E-01
  1.856642E+00  4.577090E-01 -4.130182E+00 -2.372379E+00  1.856642E+00
 -2.372379E+00  3.496453E+00  3.787121E-01  2.592071E-01  2.076825E-01
  4.191249E-01  3.596451E-01  3.874212E+01  0.000000E+00  0.000000E+00
  0.000000E+00  3.874212E+01  0.000000E+00  0.000000E+00  0.000000E+00
  3.717803E+01 -3.841703E+01
     45000  2.250000E+01        52
 -1.244377E+05  3.983834E+02 -1.247650E+05  2.458229E+04 -1.504447E+05
  0.000000E+00  0.000000E+00  0.000000E+00  0.000000E+00 -1.244981E+05
  0.000000E+00  4.643791E+02 -1.521481E+05  1.504177E+05  0.000000E+00
  0.000000E+00  0.000000E+00  0.000000E+00  5.582241E+04  2.279994E+00
  1.097367E+03  2.194733E+03  9.000000E+01  9.000000E+01  9.000000E+01
  0.000000E+00  6.554802E-01  6.044825E+01 -2.287638E+00  5.333397E-01
  9.731464E-01  5.333397E-01 -1.705756E+00 -3.502745E-01  9.731464E-01
 -3.502745E-01  5.959834E+00  3.895663E-01  2.686946E-01  2.069205E-01
  4.266115E-01  3.675982E-01  3.874674E+01  0.000000E+00  0.000000E+00
  0.000000E+00  3.874674E+01  0.000000E+00  0.000000E+00  0.000000E+00
  3.718247E+01  2.314057E+01
     46000  2.300000E+01        52
 -1.244377E+05  3.991023E+02 -1.247693E+05  2.458810E+04 -1.504408E+05
  0.000000E+00  0.000000E+00  0.000000E+00  0.000000E+00 -1.245019E+05
  0.000000E+00  3.616984E+02 -1.522189E+05  1.504139E+05  0.000000E+00
  0.000000E+00  0.000000E+00  0.000000E+00  5.574868E+04  2.307002E+00
  1.083374E+03  2.166747E+03  9.000000E+01  9.000000E+01  9.000000E+01
  0.000000E+00  1.636248E+00  6.425113E+01 -4.243212E-01 -8.611711E-02
  1.360381E+00 -8.611711E-02 -1.236991E+00 -1.012111E+00  1.360381E+00
 -1.012111E+00  6.570056E+00  3.626149E-01  2.547772E-01  1.937548E-01
  4.087787E-01  3.496812E-01  3.872968E+01  0.000000E+00  0.000000E+00
  0.000000E+00  3.872968E+01  0.000000E+00  0.000000E+00  0.000000E+00
  3.716609E+01  5.768857E+01
     47000  2.350000E+01        52
 -1.244376E+05  3.999712E+02 -1.247704E+05  2.455888E+04 -1.504098E+05
  0.000000E+00  0.000000E+00  0.000000E+00  0.000000E+00 -1.245024E+05
  0.000000E+00  5.304734E+02 -1.520133E+05  1.503828E+05  0.000000E+00
  0.000000E+00  0.000000E+00  0.000000E+00  5.580215E+04  2.203454E+00
  1.080478E+03  2.160956E+03  9.000000E+01  9.000000E+01  9.000000E+01
  0.000000E+00  5.152459E-02  6.479938E+01 -1.484244E+00  5.207252E-01
  5.569317E+00  5.207252E-01 -2.681276E+00 -2.600956E+00  5.569317E+00
 -2.600956E+00  4.320094E+00  3.958705E-01  2.719292E-01  2.143189E-01
  4.375926E-01  3.764813E-01  3.874205E+01  0.000000E+00  0.000000E+00
  0.000000E+00  3.874205E+01  0.000000E+00  0.000000E+00  0.000000E+00
  3.717797E+01  1.818325E+00
     48000  2.400000E+01        52
 -1.244377E+05  4.034091E+02 -1.247666E+05  2.462211E+04 -1.504751E+05
  0.000000E+00  0.000000E+00  0.000000E+00  0.000000E+00 -1.244963E+05
  0.000000E+00  2.597365E+02 -1.523613E+05  1.504482E+05  0.000000E+00
  0.000000E+00  0.000000E+00  0.000000E+00  5.576287E+04  2.307304E+00
  1.086418E+03  2.172836E+03  9.000000E+01  9.000000E+01  9.000000E+01
  0.000000E+00  2.654129E+00  5.859681E+01 -5.274744E-01  1.711205E+00
  2.943186E+00  1.711205E+00  7.797704E-01  8.695485E-02  2.943186E+00
  8.695485E-02  7.710091E+00  4.051176E-01  2.693768E-01  2.127909E-01
  4.451797E-01  3.815136E-01  3.873296E+01  0.000000E+00  0.000000E+00
  0.000000E+00  3.873296E+01  0.000000E+00  0.000000E+00  0.000000E+00
  3.716924E+01  9.359942E+01
     49000  2.450000E+01        52
 -1.244377E+05  4.025096E+02 -1.247681E+05  2.453792E+04 -1.503982E+05
  0.000000E+00  0.000000E+00  0.000000E+00  0.000000E+00 -1.244984E+05
  0.000000E+00  6.655404E+02 -1.518899E+05  1.503710E+05  0.000000E+00
  0.000000E+00  0.000000E+00  0.000000E+00  5.587180E+04  2.272855E+00
  1.092228E+03  2.184456E+03  9.000000E+01  9.000000E+01  9.000000E+01
  0.000000E+00 -1.190629E+00  6.069984E+01 -1.279317E+00  3.920790E-01
  2.472338E+00  3.920790E-01 -4.111431E+00 -1.933278E+00  2.472338E+00
 -1.933278E+00  1.818860E+00  3.981434E-01  2.725616E-01  2.169284E-01
  4.419307E-01  3.809839E-01  3.875817E+01  0.000000E+00  0.000000E+00
  0.000000E+00  3.875817E+01  0.000000E+00  0.000000E+00  0.000000E+00
  3.719343E+01 -4.207026E+01
     50000  2.500000E+01        52
 -1.244377E+05  3.988120E+02 -1.247692E+05  2.460402E+04 -1.504628E+05
  0.000000E+00  0.000000E+00  0.000000E+00  0.000000E+00 -1.245020E+05
  0.000000E+00  3.855848E+02 -1.522295E+05  1.504359E+05  0.000000E+00
  0.000000E+00  0.000000E+00  0.000000E+00  5.576973E+04  2.243739E+00
  1.089568E+03  2.179137E+03  9.000000E+01  9.000000E+01  9.000000E+01
  0.000000E+00  1.406205E+00  6.435757E+01  1.647478E+00  1.178520E+00
  1.771871E+00  1.178520E+00 -8.090637E-01 -2.916066E+00  1.771871E+00
 -2.916066E+00  3.380200E+00  4.046583E-01  2.641503E-01  2.067636E-01
  4.432188E-01  3.815120E-01  3.873455E+01  0.000000E+00  0.000000E+00
  0.000000E+00  3.873455E+01  0.000000E+00  0.000000E+00  0.000000E+00
  3.717077E+01  4.959675E+01
     51000  2.550000E+01        52
 -1.244377E+05  4.022974E+02 -1.247724E+05  2.456412E+04 -1.504263E+05
  0.000000E+00  0.000000E+00  0.000000E+00  0.000000E+00 -1.245028E+05
  0.000000E+00  4.780206E+02 -1.521012E+05  1.503997E+05  0.000000E+00
  0.000000E+00  0.000000E+00  0.000000E+00  5.575520E+04  2.295598E+00
  1.089799E+03  2.179599E+03  9.000000E+01  9.000000E+01  9.000000E+01
  0.000000E+00  5.768895E-01  6.518257E+01 -1.410999E+00 -3.046792E-01
  3.618596E+00 -3.046792E-01 -1.696074E+00 -7.730835E-02  3.618596E+00
 -7.730835E-02  4.837741E+00  4.020195E-01  2.798905E-01  2.108056E-01
  4.498710E-01  3.842715E-01  3.873119E+01  0.000000E+00  0.000000E+00
  0.000000E+00  3.873119E+01  0.000000E+00  0.000000E+00  0.000000E+00
  3.716754E+01  2.034155E+01
     52000  2.600000E+01        52
 -1.244377E+05  3.954354E+02 -1.247654E+05  2.453206E+04 -1.503880E+05
  0.000000E+00  0.000000E+00  0.000000E+00  0.000000E+00 -1.245004E+05
  0.000000E+00  6.127193E+02 -1.519299E+05  1.503614E+05  0.000000E+00
  0.000000E+00  0.000000E+00  0.000000E+00  5.577393E+04  2.240351E+00
  1.090601E+03  2.181203E+03  9.000000E+01  9.000000E+01  9.000000E+01
  0.000000E+00 -7.831252E-01  6.279260E+01 -1.626028E+00  1.451391E+00
  2.789696E+00  1.451391E+00 -4.873559E+00 -1.599956E+00  2.789696E+00
 -1.599956E+00  4.150211E+00  3.970671E-01  2.660516E-01  2.074243E-01
  4.413674E-01  3.795613E-01  3.873552E+01  0.000000E+00  0.000000E+00
  0.000000E+00  3.873552E+01  0.000000E+00  0.000000E+00  0.000000E+00
  3.717170E+01 -2.762285E+01
     53000  2.650000E+01        52
 -1.244377E+05  4.010181E+02 -1.247669E+05  2.454930E+04 -1.504061E+05
  0.000000E+00  0.000000E+00  0.000000E+00  0.000000E+00 -1.244982E+05
  0.000000E+00  5.351102E+02 -1.520243E+05  1.503796E+05  0.000000E+00
  0.000000E+00  0.000000E+00  0.000000E+00  5.571538E+04  2.256732E+00
  1.089906E+03  2.179812E+03  9.000000E+01  9.000000E+01  9.000000E+01
  0.000000E+00  2.100961E-02  6.059295E+01 -8.232865E-01  5.081213E-01
  2.714055E+00  5.081213E-01 -2.156049E+00 -1.540472E+00  2.714055E+00
 -1.540472E+00  3.042365E+00  3.949712E-01  2.715330E-01  2.104558E-01
  4.397985E-01  3.777400E-01  3.872196E+01  0.000000E+00  0.000000E+00
  0.000000E+00  3.872196E+01  0.000000E+00  0.000000E+00  0.000000E+00
  3.715869E+01  7.402853E-01
     54000  2.700000E+01        52
 -1.244377E+05  3.992623E+02 -1.247715E+05  2.460082E+04 -1.504580E+05
  0.000000E+00  0.000000E+00  0.000000E+00  0.000000E+00 -1.245040E+05
  0.000000E+00  3.663505E+02 -1.522363E+05  1.504312E+05  0.000000E+00
  0.000000E+00  0.000000E+00  0.000000E+00  5.575061E+04  2.264864E+00
  1.085745E+03  2.171490E+03  9.000000E+01  9.000000E+01  9.000000E+01
  0.000000E+00  1.594236E+00  6.630966E+01 -7.386679E-02  1.735426E+00
  2.823334E+00  1.735426E+00 -5.160634E-01 -1.136545E+00  2.823334E+00
 -1.136545E+00  5.372639E+00  4.034174E-01  2.767449E-01  2.189839E-01
  4.507691E-01  3.884036E-01  3.873012E+01  0.000000E+00  0.000000E+00
  0.000000E+00  3.873012E+01  0.000000E+00  0.000000E+00  0.000000E+00
  3.716652E+01  5.620932E+01
     55000  2.750000E+01        52
 -1.244376E+05  4.015713E+02 -1.247758E+05  2.459096E+04 -1.504556E+05
  0.000000E+00  0.000000E+00  0.000000E+00  0.000000E+00 -1.245067E+05
  0.000000E+00  4.054166E+02 -1.522015E+05  1.504291E+05  0.000000E+00
  0.000000E+00  0.000000E+00  0.000000E+00  5.569601E+04  2.312996E+00
  1.088899E+03  2.177799E+03  9.000000E+01  9.000000E+01  9.000000E+01
  0.000000E+00  1.255377E+00  6.909922E+01 -1.548531E-02  1.093383E+00
  3.842585E+00  1.093383E+00 -1.142513E+00 -8.485208E-01  3.842585E+00
 -8.485208E-01  4.924130E+00  4.075549E-01  2.796389E-01  2.213477E-01
  4.514518E-01  3.891147E-01  3.871747E+01  0.000000E+00  0.000000E+00
  0.000000E+00  3.871747E+01  0.000000E+00  0.000000E+00  0.000000E+00
  3.715438E+01  4.421854E+01
     56000  2.800000E+01        52
 -1.244377E+05  3.993177E+02 -1.247702E+05  2.450708E+04 -1.503683E+05
  0.000000E+00  0.000000E+00  0.000000E+00  0.000000E+00 -1.245026E+05
  0.000000E+00  7.502131E+02 -1.517733E+05  1.503413E+05  0.000000E+00
  0.000000E+00  0.000000E+00  0.000000E+00  5.587675E+04  2.288160E+00
  1.091087E+03  2.182173E+03  9.000000E+01  9.000000E+01  9.000000E+01
  0.000000E+00 -2.029569E+00  6.491397E+01 -4.370351E+00  1.356977E+00
  4.020474E+00  1.356977E+00 -3.614075E+00 -9.161943E-01  4.020474E+00
 -9.161943E-01  1.895720E+00  3.941703E-01  2.693576E-01  2.107637E-01
  4.426830E-01  3.794851E-01  3.875931E+01  0.000000E+00  0.000000E+00
  0.000000E+00  3.875931E+01  0.000000E+00  0.000000E+00  0.000000E+00
  3.719453E+01 -7.172011E+01
     57000  2.850000E+01        52
 -1.244377E+05  3.958379E+02 -1.247654E+05  2.453483E+04 -1.503919E+05
  0.000000E+00  0.000000E+00  0.000000E+00  0.000000E+00 -1.245002E+05
  0.000000E+00  6.297347E+02 -1.519183E+05  1.503648E+05  0.000000E+00
  0.000000E+00  0.000000E+00  0.000000E+00  5.581999E+04  2.305567E+00
  1.091627E+03  2.183254E+03  9.000000E+01  9.000000E+01  9.000000E+01
  0.000000E+00 -9.380533E-01  6.256802E+01 -1.808782E+00  6.374742E-01
  2.951652E+00  6.374742E-01 -3.598807E+00  7.744410E-02  2.951652E+00
  7.744410E-02  2.593429E+00  4.075166E-01  2.776059E-01  2.231066E-01
  4.645322E-01  3.974376E-01  3.874618E+01  0.000000E+00  0.000000E+00
  0.000000E+00  3.874618E+01  0.000000E+00  0.000000E+00  0.000000E+00
  3.718193E+01 -3.311489E+01
     58000  2.900000E+01        52
 -1.244377E+05  3.992307E+02 -1.247662E+05  2.453038E+04 -1.503891E+05
  0.000000E+00  0.000000E+00  0.000000E+00  0.000000E+00 -1.244987E+05
  0.000000E+00  6.644494E+02 -1.518827E+05  1.503621E+05  0.000000E+00
  0.000000E+00  0.000000E+00  0.000000E+00  5.578562E+04  2.278117E+00
  1.092515E+03  2.185031E+03  9.000000E+01  9.000000E+01  9.000000E+01
  0.000000E+00 -1.223672E+00  6.104880E+01 -2.778117E+00 -3.681566E-01
  1.647454E+00 -3.681566E-01 -4.619486E+00 -1.126667E+00  1.647454E+00
 -1.126667E+00  3.726588E+00  4.113085E-01  2.740566E-01  2.116650E-01
  4.507450E-01  3.890074E-01  3.873823E+01  0.000000E+00  0.000000E+00
  0.000000E+00  3.873823E+01  0.000000E+00  0.000000E+00  0.000000E+00
  3.717430E+01 -4.317110E+01
     59000  2.950000E+01        52
 -1.244377E+05  4.050451E+02 -1.247773E+05  2.465225E+04 -1.505184E+05
  0.000000E+00  0.000000E+00  0.000000E+00  0.000000E+00 -1.245059E+05
  0.000000E+00  1.276066E+02 -1.525422E+05  1.504921E+05  0.000000E+00
  0.000000E+00  0.000000E+00  0.000000E+00  5.563167E+04  2.302330E+00
  1.088856E+03  2.177712E+03  9.000000E+01  9.000000E+01  9.000000E+01
  0.000000E+00  3.933006E+00  6.831371E+01  1.252315E+00 -3.930603E-01
  3.415365E+00 -3.930603E-01  2.271890E+00 -1.965315E-01  3.415365E+00
 -1.965315E-01  8.274813E+00  4.014081E-01  2.664285E-01  2.090157E-01
  4.540023E-01  3.905646E-01  3.870256E+01  0.000000E+00  0.000000E+00
  0.000000E+00  3.870256E+01  0.000000E+00  0.000000E+00  0.000000E+00
  3.714007E+01  1.383734E+02
     60000  3.000000E+01        52
 -1.244376E+05  3.949936E+02 -1.247718E+05  2.458807E+04 -1.504483E+05
  0.000000E+00  0.000000E+00  0.000000E+00  0.000000E+00 -1.245071E+05
  0.000000E+00  4.188684E+02 -1.521798E+05  1.504219E+05  0.000000E+00
  0.000000E+00  0.000000E+00  0.000000E+00  5.567695E+04  2.171073E+00
  1.088413E+03  2.176826E+03  9.000000E+01  9.000000E+01  9.000000E+01
  0.000000E+00  1.045029E+00  6.951340E+01 -4.383674E-01  6.098696E-01
  3.067360E+00  6.098696E-01 -2.931439E+00 -1.434336E-01  3.067360E+00
 -1.434336E-01  6.504892E+00  4.171693E-01  2.830094E-01  2.206992E-01
  4.652768E-01  4.016813E-01  3.871306E+01  0.000000E+00  0.000000E+00
  0.000000E+00  3.871306E+01  0.000000E+00  0.000000E+00  0.000000E+00
  3.715014E+01  3.679677E+01
     61000  3.050000E+01        52
 -1.244377E+05  3.945126E+02 -1.247657E+05  2.453363E+04 -1.504035E+05
  0.000000E+00  0.000000E+00  0.000000E+00  0.000000E+00 -1.245013E+05
  0.000000E+00  6.364842E+02 -1.519489E+05  1.503769E+05  0.000000E+00
  0.000000E+00  0.000000E+00  0.000000E+00  5.577428E+04  2.237637E+00
  1.104254E+03  2.208508E+03  9.000000E+01  9.000000E+01  9.000000E+01
  0.000000E+00 -1.019387E+00  6.368935E+01 -2.810260E+00  1.373033E+00
  2.038202E+00  1.373033E+00 -3.296303E+00  2.327152E-01  2.038202E+00
  2.327152E-01  3.048402E+00  4.037547E-01  2.840076E-01  2.215029E-01
  4.502150E-01  3.896676E-01  3.873560E+01  0.000000E+00  0.000000E+00
  0.000000E+00  3.873560E+01  0.000000E+00  0.000000E+00  0.000000E+00
  3.717178E+01 -3.595664E+01
     62000  3.100000E+01        52
 -1.244377E+05  3.997463E+02 -1.247652E+05  2.451688E+04 -1.503731E+05
  0.000000E+00  0.000000E+00  0.000000E+00  0.000000E+00 -1.244973E+05
  0.000000E+00  7.139449E+02 -1.518145E+05  1.503463E+05  0.000000E+00
  0.000000E+00  0.000000E+00  0.000000E+00  5.578490E+04  2.333064E+00
  1.091028E+03  2.182056E+03  9.000000E+01  9.000000E+01  9.000000E+01
  0.000000E+00 -1.684811E+00  5.970634E+01 -3.279266E+00 -5.233796E-01
  3.819757E+00 -5.233796E-01 -3.981068E+00 -3.199126E+00  3.819757E+00
 -3.199126E+00  2.205902E+00  4.206535E-01  2.940253E-01  2.183876E-01
  4.626033E-01  3.998945E-01  3.873806E+01  0.000000E+00  0.000000E+00
  0.000000E+00  3.873806E+01  0.000000E+00  0.000000E+00  0.000000E+00
  3.717414E+01 -5.943932E+01
     63000  3.150000E+01        52
 -1.244377E+05  4.007416E+02 -1.247707E+05  2.459232E+04 -1.504470E+05
  0.000000E+00  0.000000E+00  0.000000E+00  0.000000E+00 -1.245022E+05
  0.000000E+00  3.641177E+02 -1.522242E+05  1.504203E+05  0.000000E+00
  0.000000E+00  0.000000E+00  0.000000E+00  5.572709E+04  2.299827E+00
  1.084001E+03  2.168002E+03  9.000000E+01  9.000000E+01  9.000000E+01
  0.000000E+00  1.634775E+00  6.454836E+01  6.884906E-02  1.960086E+00
  3.746219E+00  1.960086E+00 -1.731510E+00 -2.158065E+00  3.746219E+00
 -2.158065E+00  6.566986E+00  4.122324E-01  2.873981E-01  2.241970E-01
  4.608071E-01  3.967935E-01  3.872468E+01  0.000000E+00  0.000000E+00
  0.000000E+00  3.872468E+01  0.000000E+00  0.000000E+00  0.000000E+00
  3.716129E+01  5.761431E+01
     64000  3.200000E+01        52
 -1.244377E+05  3.926650E+02 -1.247733E+05  2.454788E+04 -1.504132E+05
  0.000000E+00  0.000000E+00  0.000000E+00  0.000000E+00 -1.245102E+05
  0.000000E+00  4.754639E+02 -1.520953E+05  1.503869E+05  0.000000E+00
  0.000000E+00  0.000000E+00  0.000000E+00  5.568968E+04  2.241933E+00
  1.091945E+03  2.183890E+03  9.000000E+01  9.000000E+01  9.000000E+01
  0.000000E+00  4.796122E-01  7.261079E+01 -9.267227E-01  3.227150E-01
  2.565221E+00  3.227150E-01 -3.351578E+00 -2.093053E+00  2.565221E+00
 -2.093053E+00  5.717137E+00  4.182585E-01  2.882412E-01  2.217804E-01
  4.636793E-01  3.998035E-01  3.871601E+01  0.000000E+00  0.000000E+00
  0.000000E+00  3.871601E+01  0.000000E+00  0.000000E+00  0.000000E+00
  3.715297E+01  1.689161E+01
     65000  3.250000E+01        52
 -1.244377E+05  4.097922E+02 -1.247796E+05  2.455238E+04 -1.504293E+05
  0.000000E+00  0.000000E+00  0.000000E+00  0.000000E+00 -1.245051E+05
  0.000000E+00  5.433451E+02 -1.520543E+05  1.504031E+05  0.000000E+00
  0.000000E+00  0.000000E+00  0.000000E+00  5.567355E+04  2.326420E+00
  1.097274E+03  2.194548E+03  9.000000E+01  9.000000E+01  9.000000E+01
  0.000000E+00  5.436566E-02  6.741633E+01 -1.429103E+00 -2.689972E-01
  3.093706E+00 -2.689972E-01 -2.539857E+00 -1.017911E+00  3.093706E+00
 -1.017911E+00  4.132056E+00  4.174141E-01  2.947444E-01  2.220661E-01
  4.701051E-01  4.048564E-01  3.871227E+01  0.000000E+00  0.000000E+00
  0.000000E+00  3.871227E+01  0.000000E+00  0.000000E+00  0.000000E+00
  3.714939E+01  1.914166E+00
     66000  3.300000E+01        52
 -1.244377E+05  4.058659E+02 -1.247679E+05  2.455264E+04 -1.504035E+05
  0.000000E+00  0.000000E+00  0.000000E+00  0.000000E+00 -1.244960E+05
  0.000000E+00  5.219308E+02 -1.520213E+05  1.503772E+05  0.000000E+00
  0.000000E+00  0.000000E+00  0.000000E+00  5.570640E+04  2.292829E+00
  1.082998E+03  2.165995E+03  9.000000E+01  9.000000E+01  9.000000E+01
  0.000000E+00  2.071714E-01  5.832008E+01 -4.690545E-01  1.445137E+00
  1.765414E+00  1.445137E+00 -2.638985E+00 -1.360035E+00  1.765414E+00
 -1.360035E+00  3.729554E+00  4.190998E-01  2.949293E-01  2.318532E-01
  4.709457E-01  4.065662E-01  3.871988E+01  0.000000E+00  0.000000E+00
  0.000000E+00  3.871988E+01  0.000000E+00  0.000000E+00  0.000000E+00
  3.715669E+01  7.298622E+00
     67000  3.350000E+01        52
 -1.244376E+05  4.049316E+02 -1.247702E+05  2.460503E+04 -1.504674E+05
  0.000000E+00  0.000000E+00  0.000000E+00  0.000000E+00 -1.244989E+05
  0.000000E+00  2.940129E+02 -1.523312E+05  1.504409E+05  0.000000E+00
  0.000000E+00  0.000000E+00  0.000000E+00  5.565068E+04  2.396753E+00
  1.092172E+03  2.184344E+03  9.000000E+01  9.000000E+01  9.000000E+01
  0.000000E+00  2.354164E+00  6.131351E+01  1.064107E+00  6.754018E-01
  2.666547E+00  6.754018E-01 -2.382715E+00 -1.235207E+00  2.666547E+00
 -1.235207E+00  8.381100E+00  4.231791E-01  2.930296E-01  2.282293E-01
  4.687423E-01  4.044800E-01  3.870697E+01  0.000000E+00  0.000000E+00
  0.000000E+00  3.870697E+01  0.000000E+00  0.000000E+00  0.000000E+00
  3.714430E+01  8.285396E+01
     68000  3.400000E+01        52
 -1.244377E+05  3.920585E+02 -1.247739E+05  2.449126E+04 -1.503533E+05
  0.000000E+00  0.000000E+00  0.000000E+00  0.000000E+00 -1.245112E+05
  0.000000E+00  7.952406E+02 -1.517076E+05  1.503266E+05  0.000000E+00
  0.000000E+00  0.000000E+00  0.000000E+00  5.573554E+04  2.274046E+00
  1.088125E+03  2.176249E+03  9.000000E+01  9.000000E+01  9.000000E+01
  0.000000E+00 -2.552507E+00  7.351645E+01 -2.988168E+00 -3.905063E-01
  1.065047E+00 -3.905063E-01 -6.927732E+00 -6.409433E-01  1.065047E+00
 -6.409433E-01  2.258379E+00  4.339336E-01  3.060886E-01  2.309551E-01
  4.830726E-01  4.169336E-01  3.872663E+01  0.000000E+00  0.000000E+00
  0.000000E+00  3.872663E+01  0.000000E+00  0.000000E+00  0.000000E+00
  3.716317E+01 -8.997154E+01
     69000  3.450000E+01        52
 -1.244377E+05  3.978832E+02 -1.247776E+05  2.460810E+04 -1.504940E+05
  0.000000E+00  0.000000E+00  0.000000E+00  0.000000E+00 -1.245110E+05
  0.000000E+00  4.144625E+02 -1.522696E+05  1.504675E+05  0.000000E+00
  0.000000E+00  0.000000E+00  0.000000E+00  5.570634E+04  2.297218E+00
  1.108266E+03  2.216532E+03  9.000000E+01  9.000000E+01  9.000000E+01
  0.000000E+00  1.122799E+00  7.336345E+01 -4.756264E-01  5.611594E-01
  3.388331E+00  5.611594E-01 -1.576548E-01 -1.987988E+00  3.388331E+00
 -1.987988E+00  4.001679E+00  4.305985E-01  2.937611E-01  2.256204E-01
  4.757082E-01  4.100044E-01  3.871987E+01  0.000000E+00  0.000000E+00
  0.000000E+00  3.871987E+01  0.000000E+00  0.000000E+00  0.000000E+00
  3.715668E+01  3.955604E+01
     70000  3.500000E+01        52
 -1.244377E+05  4.038961E+02 -1.247700E+05  2.451919E+04 -1.503970E+05
  0.000000E+00  0.000000E+00  0.000000E+00  0.000000E+00 -1.244994E+05
  0.000000E+00  7.231788E+02 -1.518627E+05  1.503702E+05  0.000000E+00
  0.000000E+00  0.000000E+00  0.000000E+00  5.570179E+04  2.250029E+00
  1.107834E+03  2.215669E+03  9.000000E+01  9.000000E+01  9.000000E+01
  0.000000E+00 -1.722085E+00  6.172460E+01 -2.092847E+00  9.405430E-01
  2.435097E+00  9.405430E-01 -4.694743E+00 -2.883753E+00  2.435097E+00
 -2.883753E+00  1.621335E+00  4.427694E-01  3.075881E-01  2.363601E-01
  4.887378E-01  4.230370E-01  3.871881E+01  0.000000E+00  0.000000E+00
  0.000000E+00  3.871881E+01  0.000000E+00  0.000000E+00  0.000000E+00
  3.715567E+01 -6.066382E+01
     71000  3.550000E+01        52
 -1.244377E+05  4.107464E+02 -1.247718E+05  2.454716E+04 -1.504152E+05
  0.000000E+00  0.000000E+00  0.000000E+00  0.000000E+00 -1.244966E+05
  0.000000E+00  5.375614E+02 -1.520435E+05  1.503886E+05  0.000000E+00
  0.000000E+00  0.000000E+00  0.000000E+00  5.566783E+04  2.303465E+00
  1.096225E+03  2.192451E+03  9.000000E+01  9.000000E+01  9.000000E+01
  0.000000E+00  1.212390E-01  5.898676E+01 -8.246437E-01  1.152821E+00
  1.129656E+00  1.152821E+00 -3.397518E+00 -2.004026E+00  1.129656E+00
 -2.004026E+00  4.585879E+00  4.359568E-01  2.947947E-01  2.299650E-01
  4.786181E-01  4.153800E-01  3.871094E+01  0.000000E+00  0.000000E+00
  0.000000E+00  3.871094E+01  0.000000E+00  0.000000E+00  0.000000E+00
  3.714811E+01  4.268279E+00
     72000  3.600000E+01        52
 -1.244377E+05  4.042530E+02 -1.247779E+05  2.455165E+04 -1.504236E+05
  0.000000E+00  0.000000E+00  0.000000E+00  0.000000E+00 -1.245070E+05
  0.000000E+00  5.873840E+02 -1.519977E+05  1.503969E+05  0.000000E+00
  0.000000E+00  0.000000E+00  0.000000E+00  5.573254E+04  2.340394E+00
  1.094098E+03  2.188197E+03  9.000000E+01  9.000000E+01  9.000000E+01
  0.000000E+00 -4.323692E-01  6.936247E+01  3.524669E-01  1.030221E+00
  2.623267E+00  1.030221E+00 -5.289365E+00 -1.645459E+00  2.623267E+00
 -1.645459E+00  3.639790E+00  4.430352E-01  3.010430E-01  2.512924E-01
  4.872353E-01  4.223794E-01  3.872594E+01  0.000000E+00  0.000000E+00
  0.000000E+00  3.872594E+01  0.000000E+00  0.000000E+00  0.000000E+00
  3.716250E+01 -1.523946E+01
     73000  3.650000E+01        52
 -1.244377E+05  3.944395E+02 -1.247826E+05  2.461011E+04 -1.504953E+05
  0.000000E+00  0.000000E+00  0.000000E+00  0.000000E+00 -1.245183E+05
  0.000000E+00  3.127418E+02 -1.523615E+05  1.504690E+05  0.000000E+00
  0.000000E+00  0.000000E+00  0.000000E+00  5.562305E+04  2.309770E+00
  1.102623E+03  2.205245E+03  9.000000E+01  9.000000E+01  9.000000E+01
  0.000000E+00  2.044646E+00  8.063671E+01  1.809564E+00  4.477378E-01
  1.511071E+00  4.477378E-01 -2.661364E+00 -2.697647E+00  1.511071E+00
 -2.697647E+00  6.985738E+00  4.574917E-01  3.061399E-01  2.374367E-01
  4.984128E-01  4.337154E-01  3.870056E+01  0.000000E+00  0.000000E+00
  0.000000E+00  3.870056E+01  0.000000E+00  0.000000E+00  0.000000E+00
  3.713815E+01  7.192484E+01
     74000  3.700000E+01        52
 -1.244377E+05  3.962819E+02 -1.247775E+05  2.455098E+04 -1.504247E+05
  0.000000E+00  0.000000E+00  0.000000E+00  0.000000E+00 -1.245120E+05
  0.000000E+00  5.776211E+02 -1.520130E+05  1.503982E+05  0.000000E+00
  0.000000E+00  0.000000E+00  0.000000E+00  5.569414E+04  2.331362E+00
  1.096234E+03  2.192468E+03  9.000000E+01  9.000000E+01  9.000000E+01
  0.000000E+00 -4.413527E-01  7.432039E+01  1.757428E+00 -3.530802E-03
  3.388774E+00 -3.530802E-03 -4.435458E+00 -2.601111E+00  3.388774E+00
 -2.601111E+00  1.353971E+00  4.633505E-01  3.140783E-01  2.459515E-01
  5.165330E-01  4.465116E-01  3.871704E+01  0.000000E+00  0.000000E+00
  0.000000E+00  3.871704E+01  0.000000E+00  0.000000E+00  0.000000E+00
  3.715396E+01 -1.554538E+01
     75000  3.750000E+01        52
 -1.244377E+05  4.059530E+02 -1.247688E+05  2.456944E+04 -1.504315E+05
  0.000000E+00  0.000000E+00  0.000000E+00  0.000000E+00 -1.244968E+05
  0.000000E+00  4.744707E+02 -1.521170E+05  1.504049E+05  0.000000E+00
  0.000000E+00  0.000000E+00  0.000000E+00  5.566160E+04  2.317525E+00
  1.093272E+03  2.186543E+03  9.000000E+01  9.000000E+01  9.000000E+01
  0.000000E+00  6.578575E-01  5.909816E+01 -8.139144E-03  1.201752E+00
  2.689431E+00  1.201752E+00 -2.512572E+00 -1.123147E+00  2.689431E+00
 -1.123147E+00  4.494284E+00  4.546688E-01  3.163233E-01  2.497182E-01
  5.049865E-01  4.390414E-01  3.870950E+01  0.000000E+00  0.000000E+00
  0.000000E+00  3.870950E+01  0.000000E+00  0.000000E+00  0.000000E+00
  3.714673E+01  2.315760E+01
     76000  3.800000E+01        52
 -1.244377E+05  4.081238E+02 -1.247753E+05  2.457997E+04 -1.504607E+05
  0.000000E+00  0.000000E+00  0.000000E+00  0.000000E+00 -1.245018E+05
  0.000000E+00  5.616705E+02 -1.520833E+05  1.504341E+05  0.000000E+00
  0.000000E+00  0.000000E+00  0.000000E+00  5.578370E+04  2.335628E+00
  1.105435E+03  2.210870E+03  9.000000E+01  9.000000E+01  9.000000E+01
  0.000000E+00 -1.400124E-01  6.417076E+01  9.949674E-01 -1.170054E-01
  3.274942E+00 -1.170054E-01 -2.891147E+00 -2.880425E+00  3.274942E+00
 -2.880425E+00  1.476143E+00  4.627468E-01  3.109743E-01  2.536212E-01
  5.097696E-01  4.426278E-01  3.873778E+01  0.000000E+00  0.000000E+00
  0.000000E+00  3.873778E+01  0.000000E+00  0.000000E+00  0.000000E+00
  3.717387E+01 -4.939465E+00
     77000  3.850000E+01        52
 -1.244377E+05  3.950291E+02 -1.247847E+05  2.453315E+04 -1.504061E+05
  0.000000E+00  0.000000E+00  0.000000E+00  0.000000E+00 -1.245200E+05
  0.000000E+00  6.410897E+02 -1.519146E+05  1.503792E+05  0.000000E+00
  0.000000E+00  0.000000E+00  0.000000E+00  5.573676E+04  2.244045E+00
  1.088268E+03  2.176536E+03  9.000000E+01  9.000000E+01  9.000000E+01
  0.000000E+00 -1.057080E+00  8.233226E+01 -6.096344E-01  1.912229E+00
  1.369823E+00  1.912229E+00 -5.420038E+00 -9.247694E-01  1.369823E+00
 -9.247694E-01  2.858431E+00  4.787764E-01  3.172122E-01  2.623369E-01
  5.251297E-01  4.581538E-01  3.872692E+01  0.000000E+00  0.000000E+00
  0.000000E+00  3.872692E+01  0.000000E+00  0.000000E+00  0.000000E+00
  3.716344E+01 -3.726111E+01
     78000  3.900000E+01        52
 -1.244377E+05  3.998431E+02 -1.247897E+05  2.462664E+04 -1.505094E+05
  0.000000E+00  0.000000E+00  0.000000E+00  0.000000E+00 -1.245218E+05
  0.000000E+00  1.763402E+02 -1.524926E+05  1.504829E+05  0.000000E+00
  0.000000E+00  0.000000E+00  0.000000E+00  5.564041E+04  2.325074E+00
  1.093029E+03  2.186059E+03  9.000000E+01  9.000000E+01  9.000000E+01
  0.000000E+00  3.404712E+00  8.414668E+01  3.789663E+00  1.390678E-01
  1.823171E+00  1.390678E-01  6.290497E-01 -3.035623E+00  1.823171E+00
 -3.035623E+00  5.795423E+00  4.588017E-01  3.054094E-01  2.435485E-01
  5.153385E-01  4.478710E-01  3.870459E+01  0.000000E+00  0.000000E+00
  0.000000E+00  3.870459E+01  0.000000E+00  0.000000E+00  0.000000E+00
  3.714201E+01  1.198055E+02
     79000  3.950000E+01        52
 -1.244377E+05  4.032885E+02 -1.247750E+05  2.450459E+04 -1.503779E+05
  0.000000E+00  0.000000E+00  0.000000E+00  0.000000E+00 -1.245048E+05
  0.000000E+00  8.175457E+02 -1.517300E+05  1.503510E+05  0.000000E+00
  0.000000E+00  0.000000E+00  0.000000E+00  5.577022E+04  2.276761E+00
  1.098294E+03  2.196588E+03  9.000000E+01  9.000000E+01  9.000000E+01
  0.000000E+00 -2.619512E+00  6.714019E+01 -3.658092E+00  3.508554E-01
  2.127464E+00  3.508554E-01 -4.168499E+00 -2.341528E+00  2.127464E+00
 -2.341528E+00 -3.194541E-02  4.724202E-01  3.302784E-01  2.578973E-01
  5.246717E-01  4.564797E-01  3.873466E+01  0.000000E+00  0.000000E+00
  0.000000E+00  3.873466E+01  0.000000E+00  0.000000E+00  0.000000E+00
  3.717088E+01 -9.239082E+01
     80000  4.000000E+01        52
 -1.244377E+05  4.058142E+02 -1.247723E+05  2.457596E+04 -1.504433E+05
  0.000000E+00  0.000000E+00  0.000000E+00  0.000000E+00 -1.245004E+05
  0.000000E+00  4.987992E+02 -1.521082E+05  1.504169E+05  0.000000E+00
  0.000000E+00  0.000000E+00  0.000000E+00  5.572395E+04  2.355323E+00
  1.095058E+03  2.190115E+03  9.000000E+01  9.000000E+01  9.000000E+01
  0.000000E+00  4.252464E-01  6.272996E+01 -1.292298E+00  1.180170E+00
  1.847157E+00  1.180170E+00 -8.601061E-01 -2.991897E+00  1.847157E+00
 -2.991897E+00  3.428144E+00  4.620775E-01  3.110542E-01  2.573226E-01
  5.227922E-01  4.519702E-01  3.872395E+01  0.000000E+00  0.000000E+00
  0.000000E+00  3.872395E+01  0.000000E+00  0.000000E+00  0.000000E+00
  3.716059E+01  1.498610E+01
     81000  4.050000E+01        52
 -1.244377E+05  3.990314E+02 -1.247805E+05  2.453768E+04 -1.504107E+05
  0.000000E+00  0.000000E+00  0.000000E+00  0.000000E+00 -1.245131E+05
  0.000000E+00  6.553063E+02 -1.519135E+05  1.503837E+05  0.000000E+00
  0.000000E+00  0.000000E+00  0.000000E+00  5.573109E+04  2.290148E+00
  1.092537E+03  2.185075E+03  9.000000E+01  9.000000E+01  9.000000E+01
  0.000000E+00 -1.140923E+00  7.538325E+01 -5.330426E-02  1.710272E+00
  2.200304E+00  1.710272E+00 -4.801008E+00 -7.215150E-01  2.200304E+00
 -7.215150E-01  1.431543E+00  4.598746E-01  3.091421E-01  2.571306E-01
  5.144958E-01  4.451099E-01  3.872560E+01  0.000000E+00  0.000000E+00
  0.000000E+00  3.872560E+01  0.000000E+00  0.000000E+00  0.000000E+00
  3.716218E+01 -4.021239E+01
     82000  4.100000E+01        52
 -1.244377E+05  3.910423E+02 -1.247855E+05  2.461694E+04 -1.504947E+05
  0.000000E+00  0.000000E+00  0.000000E+00  0.000000E+00 -1.245235E+05
  0.000000E+00  3.191987E+02 -1.523332E+05  1.504680E+05  0.000000E+00
  0.000000E+00  0.000000E+00  0.000000E+00  5.569445E+04  2.283577E+00
  1.092179E+03  2.184358E+03  9.000000E+01  9.000000E+01  9.000000E+01
  0.000000E+00  1.937840E+00  8.586492E+01  2.576819E+00 -4.806771E-01
  1.321606E+00 -4.806771E-01 -3.484743E-01 -1.777531E+00  1.321606E+00
 -1.777531E+00  3.585175E+00  4.772570E-01  3.054603E-01  2.459901E-01
  5.245152E-01  4.549541E-01  3.871711E+01  0.000000E+00  0.000000E+00
  0.000000E+00  3.871711E+01  0.000000E+00  0.000000E+00  0.000000E+00
  3.715403E+01  6.825522E+01
     83000  4.150000E+01        52
 -1.244377E+05  3.982690E+02 -1.247826E+05  2.459971E+04 -1.504791E+05
  0.000000E+00  0.000000E+00  0.000000E+00  0.000000E+00 -1.245157E+05
  0.000000E+00  3.659684E+02 -1.522802E+05  1.504525E+05  0.000000E+00
  0.000000E+00  0.000000E+00  0.000000E+00  5.566098E+04  2.233928E+00
  1.096816E+03  2.193631E+03  9.000000E+01  9.000000E+01  9.000000E+01
  0.000000E+00  1.587819E+00  7.808526E+01  8.330837E-01 -1.026805E+00
  1.112965E+00 -1.026805E+00 -1.137959E+00 -2.940091E+00  1.112965E+00
 -2.940091E+00  5.068331E+00  4.711952E-01  3.174335E-01  2.591022E-01
  5.280394E-01  4.564810E-01  3.870936E+01  0.000000E+00  0.000000E+00
  0.000000E+00  3.870936E+01  0.000000E+00  0.000000E+00  0.000000E+00
  3.714659E+01  5.589305E+01
     84000  4.200000E+01        52
 -1.244377E+05  4.049399E+02 -1.247758E+05  2.452591E+04 -1.503900E+05
  0.000000E+00  0.000000E+00  0.000000E+00  0.000000E+00 -1.245045E+05
  0.000000E+00  6.820766E+02 -1.518575E+05  1.503631E+05  0.000000E+00
  0.000000E+00  0.000000E+00  0.000000E+00  5.573379E+04  2.340015E+00
  1.088260E+03  2.176520E+03  9.000000E+01  9.000000E+01  9.000000E+01
  0.000000E+00 -1.319165E+00  6.679892E+01 -9.988591E-01  1.555312E+00
  1.480670E+00  1.555312E+00 -3.685175E+00 -1.013888E+00  1.480670E+00
 -1.013888E+00  7.265393E-01  4.785568E-01  3.150775E-01  2.569873E-01
  5.218626E-01  4.520826E-01  3.872623E+01  0.000000E+00  0.000000E+00
  0.000000E+00  3.872623E+01  0.000000E+00  0.000000E+00  0.000000E+00
  3.716278E+01 -4.649686E+01
     85000  4.250000E+01        52
 -1.244377E+05  4.067243E+02 -1.247783E+05  2.459314E+04 -1.504527E+05
  0.000000E+00  0.000000E+00  0.000000E+00  0.000000E+00 -1.245058E+05
  0.000000E+00  3.015368E+02 -1.522874E+05  1.504264E+05  0.000000E+00
  0.000000E+00  0.000000E+00  0.000000E+00  5.561804E+04  2.357321E+00
  1.081257E+03  2.162514E+03  9.000000E+01  9.000000E+01  9.000000E+01
  0.000000E+00  2.307009E+00  6.815514E+01  2.732785E+00  1.658207E+00
  1.009281E+00  1.658207E+00 -1.206793E+00 -1.043935E-01  1.009281E+00
 -1.043935E-01  5.395035E+00  4.675321E-01  3.063338E-01  2.590185E-01
  5.184783E-01  4.480207E-01  3.869940E+01  0.000000E+00  0.000000E+00
  0.000000E+00  3.869940E+01  0.000000E+00  0.000000E+00  0.000000E+00
  3.713703E+01  8.114673E+01
     86000  4.300000E+01        52
 -1.244377E+05  3.920512E+02 -1.247801E+05  2.460281E+04 -1.504664E+05
  0.000000E+00  0.000000E+00  0.000000E+00  0.000000E+00 -1.245174E+05
  0.000000E+00  3.399824E+02 -1.522668E+05  1.504396E+05  0.000000E+00
  0.000000E+00  0.000000E+00  0.000000E+00  5.569571E+04  2.283038E+00
  1.083562E+03  2.167123E+03  9.000000E+01  9.000000E+01  9.000000E+01
  0.000000E+00  1.753903E+00  7.972279E+01  1.409375E+00  8.528760E-01
  1.488635E+00  8.528760E-01 -1.586579E-01 -1.558379E+00  1.488635E+00
 -1.558379E+00  4.010992E+00  4.792172E-01  3.196877E-01  2.595248E-01
  5.245284E-01  4.548020E-01  3.871741E+01  0.000000E+00  0.000000E+00
  0.000000E+00  3.871741E+01  0.000000E+00  0.000000E+00  0.000000E+00
  3.715431E+01  6.177794E+01
     87000  4.350000E+01        52
 -1.244377E+05  3.966341E+02 -1.247855E+05  2.457721E+04 -1.504517E+05
  0.000000E+00  0.000000E+00  0.000000E+00  0.000000E+00 -1.245197E+05
  0.000000E+00  4.600440E+02 -1.521427E+05  1.504247E+05  0.000000E+00
  0.000000E+00  0.000000E+00  0.000000E+00  5.578486E+04  2.279264E+00
  1.088999E+03  2.177998E+03  9.000000E+01  9.000000E+01  9.000000E+01
  0.000000E+00  6.747338E-01  8.201525E+01  1.487745E+00  1.978643E+00
  2.702165E+00  1.978643E+00 -1.919362E+00  3.654497E-01  2.702165E+00
  3.654497E-01  2.455819E+00  4.747873E-01  3.125786E-01  2.556664E-01
  5.184224E-01  4.498238E-01  3.873805E+01  0.000000E+00  0.000000E+00
  0.000000E+00  3.873805E+01  0.000000E+00  0.000000E+00  0.000000E+00
  3.717413E+01  2.380427E+01
     88000  4.400000E+01        52
 -1.244376E+05  4.040022E+02 -1.247812E+05  2.451254E+04 -1.503798E+05
  0.000000E+00  0.000000E+00  0.000000E+00  0.000000E+00 -1.245105E+05
  0.000000E+00  7.920804E+02 -1.517331E+05  1.503530E+05  0.000000E+00
  0.000000E+00  0.000000E+00  0.000000E+00  5.583366E+04  2.396049E+00
  1.086050E+03  2.172101E+03  9.000000E+01  9.000000E+01  9.000000E+01
  0.000000E+00 -2.367113E+00  7.285153E+01 -9.777036E-01  2.694596E+00
  1.280219E+00  2.694596E+00 -4.400600E+00 -1.754772E+00  1.280219E+00
 -1.754772E+00 -1.723034E+00  4.721774E-01  3.126000E-01  2.567195E-01
  5.200316E-01  4.513258E-01  3.874935E+01  0.000000E+00  0.000000E+00
  0.000000E+00  3.874935E+01  0.000000E+00  0.000000E+00  0.000000E+00
  3.718496E+01 -8.358359E+01
     89000  4.450000E+01        52
 -1.244377E+05  4.047617E+02 -1.247723E+05  2.457128E+04 -1.504462E+05
  0.000000E+00  0.000000E+00  0.000000E+00  0.000000E+00 -1.245011E+05
  0.000000E+00  5.317199E+02 -1.520932E+05  1.504197E+05  0.000000E+00
  0.000000E+00  0.000000E+00  0.000000E+00  5.576919E+04  2.263522E+00
  1.102591E+03  2.205182E+03  9.000000E+01  9.000000E+01  9.000000E+01
  0.000000E+00  1.004384E-01  6.345331E+01 -9.291129E-01  2.249934E+00
  7.540028E-01  2.249934E+00 -2.235051E+00 -1.000725E+00  7.540028E-01
 -1.000725E+00  3.465479E+00  4.747427E-01  3.104543E-01  2.501908E-01
  5.234025E-01  4.522749E-01  3.873442E+01  0.000000E+00  0.000000E+00
  0.000000E+00  3.873442E+01  0.000000E+00  0.000000E+00  0.000000E+00
  3.717065E+01  3.542422E+00
     90000  4.500000E+01        52
 -1.244377E+05  4.063757E+02 -1.247808E+05  2.451348E+04 -1.503944E+05
  0.000000E+00  0.000000E+00  0.000000E+00  0.000000E+00 -1.245085E+05
  0.000000E+00  8.160774E+02 -1.517522E+05  1.503680E+05  0.000000E+00
  0.000000E+00  0.000000E+00  0.000000E+00  5.588333E+04  2.369568E+00
  1.100159E+03  2.200317E+03  9.000000E+01  9.000000E+01  9.000000E+01
  0.000000E+00 -2.561346E+00  7.079279E+01 -2.364279E+00  3.327813E-01
  2.253343E+00  3.327813E-01 -5.807262E+00 -3.295688E+00  2.253343E+00
 -3.295688E+00  4.875023E-01  4.954788E-01  3.200921E-01  2.671657E-01
  5.416994E-01  4.705690E-01  3.876083E+01  0.000000E+00  0.000000E+00
  0.000000E+00  3.876083E+01  0.000000E+00  0.000000E+00  0.000000E+00
  3.719599E+01 -9.052250E+01
     91000  4.550000E+01        52
 -1.244377E+05  3.915334E+02 -1.247839E+05  2.453379E+04 -1.504094E+05
  0.000000E+00  0.000000E+00  0.000000E+00  0.000000E+00 -1.245216E+05
  0.000000E+00  6.802221E+02 -1.518861E+05  1.503829E+05  0.000000E+00
  0.000000E+00  0.000000E+00  0.000000E+00  5.573888E+04  2.205300E+00
  1.091689E+03  2.183377E+03  9.000000E+01  9.000000E+01  9.000000E+01
  0.000000E+00 -1.471374E+00  8.396083E+01 -2.195217E+00  1.770091E+00
  2.811424E-01  1.770091E+00 -3.619313E+00 -6.920311E-01  2.811424E-01
 -6.920311E-01  1.400408E+00  4.841636E-01  3.029399E-01  2.586409E-01
  5.328686E-01  4.624832E-01  3.872741E+01  0.000000E+00  0.000000E+00
  0.000000E+00  3.872741E+01  0.000000E+00  0.000000E+00  0.000000E+00
  3.716391E+01 -5.186655E+01
     92000  4.600000E+01        52
 -1.244377E+05  3.935949E+02 -1.247878E+05  2.453575E+04 -1.504256E+05
  0.000000E+00  0.000000E+00  0.000000E+00  0.000000E+00 -1.245241E+05
  0.000000E+00  6.573975E+02 -1.519456E+05  1.503990E+05  0.000000E+00
  0.000000E+00  0.000000E+00  0.000000E+00  5.574077E+04  2.226797E+00
  1.101998E+03  2.203995E+03  9.000000E+01  9.000000E+01  9.000000E+01
  0.000000E+00 -1.229380E+00  8.642114E+01  4.171176E-01  3.095044E+00
  1.197419E+00  3.095044E+00 -5.607425E+00 -1.224529E+00  1.197419E+00
 -1.224529E+00  1.502168E+00  4.978831E-01  3.203833E-01  2.666086E-01
  5.472576E-01  4.753729E-01  3.872784E+01  0.000000E+00  0.000000E+00
  0.000000E+00  3.872784E+01  0.000000E+00  0.000000E+00  0.000000E+00
  3.716433E+01 -4.333763E+01
     93000  4.650000E+01        52
 -1.244377E+05  3.949460E+02 -1.247722E+05  2.455299E+04 -1.504323E+05
  0.000000E+00  0.000000E+00  0.000000E+00  0.000000E+00 -1.245075E+05
  0.000000E+00  5.514358E+02 -1.520686E+05  1.504058E+05  0.000000E+00
  0.000000E+00  0.000000E+00  0.000000E+00  5.569088E+04  2.266633E+00
  1.107125E+03  2.214250E+03  9.000000E+01  9.000000E+01  9.000000E+01
  0.000000E+00 -2.104938E-01  6.990757E+01 -4.052752E-01  8.505725E-01
  6.876926E-01  8.505725E-01 -1.222973E+00 -1.173188E+00  6.876926E-01
 -1.173188E+00  9.967663E-01  5.022210E-01  3.256724E-01  2.723554E-01
  5.544110E-01  4.804334E-01  3.871629E+01  0.000000E+00  0.000000E+00
  0.000000E+00  3.871629E+01  0.000000E+00  0.000000E+00  0.000000E+00
  3.715324E+01 -7.413606E+00
     94000  4.700000E+01        52
 -1.244377E+05  4.129404E+02 -1.247788E+05  2.456758E+04 -1.504461E+05
  0.000000E+00  0.000000E+00  0.000000E+00  0.000000E+00 -1.245021E+05
  0.000000E+00  6.126183E+02 -1.520067E+05  1.504198E+05  0.000000E+00
  0.000000E+00  0.000000E+00  0.000000E+00  5.582742E+04  2.376907E+00
  1.099770E+03  2.199541E+03  9.000000E+01  9.000000E+01  9.000000E+01
  0.000000E+00 -5.599757E-01  6.446010E+01  8.866464E-01 -3.707182E-01
  3.558959E-01 -3.707182E-01 -4.639788E+00  4.280995E-01  3.558959E-01
  4.280995E-01  2.073215E+00  4.923809E-01  3.105220E-01  2.577934E-01
  5.425269E-01  4.693574E-01  3.874790E+01  0.000000E+00  0.000000E+00
  0.000000E+00  3.874790E+01  0.000000E+00  0.000000E+00  0.000000E+00
  3.718358E+01 -1.977073E+01
     95000  4.750000E+01        52
 -1.244377E+05  3.992387E+02 -1.247826E+05  2.454153E+04 -1.504232E+05
  0.000000E+00  0.000000E+00  0.000000E+00  0.000000E+00 -1.245150E+05
  0.000000E+00  6.479847E+02 -1.519471E+05  1.503968E+05  0.000000E+00
  0.000000E+00  0.000000E+00  0.000000E+00  5.576678E+04  2.298358E+00
  1.099116E+03  2.198233E+03  9.000000E+01  9.000000E+01  9.000000E+01
  0.000000E+00 -1.068368E+00  7.742550E+01 -8.260012E-01  1.278973E+00
  1.822118E+00  1.278973E+00 -4.104870E+00 -1.804349E+00  1.822118E+00
 -1.804349E+00  1.725767E+00  4.978147E-01  3.200851E-01  2.637662E-01
  5.431400E-01  4.702033E-01  3.873387E+01  0.000000E+00  0.000000E+00
  0.000000E+00  3.873387E+01  0.000000E+00  0.000000E+00  0.000000E+00
  3.717011E+01 -3.767927E+01
     96000  4.800000E+01        52
 -1.244377E+05  3.938464E+02 -1.247893E+05  2.454634E+04 -1.504357E+05
  0.000000E+00  0.000000E+00  0.000000E+00  0.000000E+00 -1.245254E+05
  0.000000E+00  6.737033E+02 -1.519355E+05  1.504089E+05  0.000000E+00
  0.000000E+00  0.000000E+00  0.000000E+00  5.576503E+04  2.294199E+00
  1.100151E+03  2.200303E+03  9.000000E+01  9.000000E+01  9.000000E+01
  0.000000E+00 -1.379777E+00  8.770513E+01  1.837094E-01  1.592394E+00
  2.701918E+00  1.592394E+00 -2.979403E+00 -2.081792E+00  2.701918E+00
 -2.081792E+00 -1.343639E+00  4.933154E-01  3.080930E-01  2.546960E-01
  5.402057E-01  4.681722E-01  3.873346E+01  0.000000E+00  0.000000E+00
  0.000000E+00  3.873346E+01  0.000000E+00  0.000000E+00  0.000000E+00
  3.716972E+01 -4.866055E+01
     97000  4.850000E+01        52
 -1.244377E+05  3.937204E+02 -1.247816E+05  2.454821E+04 -1.504205E+05
  0.000000E+00  0.000000E+00  0.000000E+00  0.000000E+00 -1.245178E+05
  0.000000E+00  5.933847E+02 -1.519814E+05  1.503934E+05  0.000000E+00
  0.000000E+00  0.000000E+00  0.000000E+00  5.578040E+04  2.276202E+00
  1.090677E+03  2.181354E+03  9.000000E+01  9.000000E+01  9.000000E+01
  0.000000E+00 -6.220543E-01  8.013929E+01 -6.981430E-01  1.726555E+00
  5.891809E-01  1.726555E+00 -2.019444E+00 -1.105227E+00  5.891809E-01
 -1.105227E+00  8.514241E-01  4.893404E-01  3.156966E-01  2.619507E-01
  5.379595E-01  4.674721E-01  3.873702E+01  0.000000E+00  0.000000E+00
  0.000000E+00  3.873702E+01  0.000000E+00  0.000000E+00  0.000000E+00
  3.717314E+01 -2.194401E+01
     98000  4.900000E+01        52
 -1.244377E+05  4.093562E+02 -1.247805E+05  2.455972E+04 -1.504325E+05
  0.000000E+00  0.000000E+00  0.000000E+00  0.000000E+00 -1.245062E+05
  0.000000E+00  5.231788E+02 -1.520671E+05  1.504057E+05  0.000000E+00
  0.000000E+00  0.000000E+00  0.000000E+00  5.573269E+04  2.339597E+00
  1.092270E+03  2.184540E+03  9.000000E+01  9.000000E+01  9.000000E+01
  0.000000E+00  2.394996E-01  6.855474E+01  5.673258E-01  1.506935E+00
  1.232219E+00  1.506935E+00 -2.201043E+00  1.287503E+00  1.232219E+00
  1.287503E+00  2.352216E+00  5.063358E-01  3.287462E-01  2.680129E-01
  5.530621E-01  4.802242E-01  3.872597E+01  0.000000E+00  0.000000E+00
  0.000000E+00  3.872597E+01  0.000000E+00  0.000000E+00  0.000000E+00
  3.716254E+01  8.441524E+00
     99000  4.950000E+01        52
 -1.244377E+05  4.014844E+02 -1.247792E+05  2.451198E+04 -1.503865E+05
  0.000000E+00  0.000000E+00  0.000000E+00  0.000000E+00 -1.245102E+05
  0.000000E+00  7.268164E+02 -1.518234E+05  1.503596E+05  0.000000E+00
  0.000000E+00  0.000000E+00  0.000000E+00  5.576307E+04  2.294997E+00
  1.095263E+03  2.190526E+03  9.000000E+01  9.000000E+01  9.000000E+01
  0.000000E+00 -1.785119E+00  7.258592E+01 -2.361194E+00  1.758880E+00
  2.081976E+00  1.758880E+00 -3.194932E+00 -6.448008E-01  2.081976E+00
 -6.448008E-01  2.007700E-01  4.929521E-01  3.175277E-01  2.658714E-01
  5.450035E-01  4.730061E-01  3.873301E+01  0.000000E+00  0.000000E+00
  0.000000E+00  3.873301E+01  0.000000E+00  0.000000E+00  0.000000E+00
  3.716929E+01 -6.295349E+01
    100000  5.000000E+01        52
 -1.244377E+05  3.942583E+02 -1.247854E+05  2.452167E+04 -1.504195E+05
  0.000000E+00  0.000000E+00  0.000000E+00  0.000000E+00 -1.245212E+05
  0.000000E+00  7.881871E+02 -1.518296E+05  1.503929E+05  0.000000E+00
  0.000000E+00  0.000000E+00  0.000000E+00  5.577018E+04  2.225964E+00
  1.112461E+03  2.224921E+03  9.000000E+01  9.000000E+01  9.000000E+01
  0.000000E+00 -2.456403E+00  8.357942E+01 -1.882889E+00  8.868294E-02
  1.221847E+00  8.868294E-02 -3.875914E+00 -1.947029E+00  1.221847E+00
 -1.947029E+00 -1.610406E+00  5.045208E-01  3.385081E-01  2.654056E-01
  5.577673E-01  4.854043E-01  3.873465E+01  0.000000E+00  0.000000E+00
  0.000000E+00  3.873465E+01  0.000000E+00  0.000000E+00  0.000000E+00
  3.717087E+01 -8.663786E+01
