title: #Li56 La24 Zr16 O96                                                     
energy unitS: electron Volts
         0  0.000000E+00        52
 -1.164979E+05  4.500000E+02 -1.167994E+05  1.362317E+04 -1.304225E+05
  0.000000E+00  0.000000E+00  0.000000E+00  0.000000E+00 -1.164978E+05
  0.000000E+00  3.377908E+04 -9.662661E+04  1.304057E+05  0.000000E+00
  0.000000E+00  0.000000E+00  0.000000E+00  6.008194E+04  0.000000E+00
  0.000000E+00  0.000000E+00  9.000000E+01  9.000000E+01  9.000000E+01
  0.000000E+00 -2.910411E+02  0.000000E+00 -3.045238E+02 -7.139459E-02
 -2.279136E-02 -7.139459E-02 -3.043735E+02 -3.868319E-02 -2.279136E-02
 -3.868319E-02 -2.642261E+02  0.000000E+00  0.000000E+00  0.000000E+00
  0.000000E+00  0.000000E+00  3.970821E+01  0.000000E+00  0.000000E+00
  0.000000E+00  3.970821E+01  0.000000E+00  0.000000E+00  0.000000E+00
  3.810512E+01 -1.105871E+04
      1000  5.000000E-01        52
 -1.239586E+05  4.500000E+02 -1.242608E+05  2.444144E+04 -1.498060E+05
  0.000000E+00  0.000000E+00  0.000000E+00  0.000000E+00 -1.239593E+05
  0.000000E+00  1.233311E+03 -1.507483E+05  1.497741E+05  0.000000E+00
  0.000000E+00  0.000000E+00  0.000000E+00  5.859771E+04  1.498449E-02
  1.103748E+03  2.207497E+03  9.000000E+01  9.000000E+01  9.000000E+01
  0.000000E+00 -5.669865E+00  7.394736E-01 -1.919572E+01  6.399635E-01
 -4.408539E-01  6.399635E-01 -2.025090E+01 -3.365186E+00 -4.408539E-01
 -3.365186E+00  2.243702E+01  2.090252E+00  7.307197E-01  7.768509E-01
  1.442791E+00  1.457181E+00  3.937850E+01  0.000000E+00  0.000000E+00
  0.000000E+00  3.937850E+01  0.000000E+00  0.000000E+00  0.000000E+00
  3.778872E+01 -2.101162E+02
      2000  1.000000E+00        52
 -1.241080E+05  4.498846E+02 -1.244102E+05  2.444107E+04 -1.499673E+05
  0.000000E+00  0.000000E+00  0.000000E+00  0.000000E+00 -1.241088E+05
  0.000000E+00  1.515943E+03 -1.506511E+05  1.499350E+05  0.000000E+00
  0.000000E+00  0.000000E+00  0.000000E+00  5.821149E+04  2.597089E-01
  1.116004E+03  2.232008E+03  9.000000E+01  9.000000E+01  9.000000E+01
  0.000000E+00 -8.267970E+00  7.395309E-01 -1.603384E+01  1.927515E+00
 -9.816669E-01  1.927515E+00 -1.471227E+01 -3.074941E+00 -9.816669E-01
 -3.074941E+00  5.942201E+00  2.641420E+00  1.192426E+00  1.192670E+00
  2.171510E+00  2.150444E+00  3.929180E+01  0.000000E+00  0.000000E+00
  0.000000E+00  3.929180E+01  0.000000E+00  0.000000E+00  0.000000E+00
  3.770552E+01 -3.043782E+02
      3000  1.500000E+00        52
 -1.241924E+05  4.496354E+02 -1.244943E+05  2.442077E+04 -1.500332E+05
  0.000000E+00  0.000000E+00  0.000000E+00  0.000000E+00 -1.241931E+05
  0.000000E+00  1.580851E+03 -1.506579E+05  1.500026E+05  0.000000E+00
  0.000000E+00  0.000000E+00  0.000000E+00  5.775427E+04  1.391338E+00
  1.118057E+03  2.236114E+03  9.000000E+01  9.000000E+01  9.000000E+01
  0.000000E+00 -8.928838E+00  7.393194E-01 -1.136052E+01  3.265583E+00
 -1.000984E+00  3.265583E+00 -1.671058E+01 -2.384600E+00 -1.000984E+00
 -2.384600E+00  1.284586E+00  2.896967E+00  1.396421E+00  1.461184E+00
  2.553145E+00  2.517263E+00  3.918866E+01  0.000000E+00  0.000000E+00
  0.000000E+00  3.918866E+01  0.000000E+00  0.000000E+00  0.000000E+00
  3.760654E+01 -3.261257E+02
      4000  2.000000E+00        52
 -1.242267E+05  4.500000E+02 -1.245289E+05  2.451523E+04 -1.501768E+05
  0.000000E+00  0.000000E+00  0.000000E+00  0.000000E+00 -1.242274E+05
  0.000000E+00  1.349880E+03 -1.510614E+05  1.501461E+05  0.000000E+00
  0.000000E+00  0.000000E+00  0.000000E+00  5.741750E+04  1.496542E-02
  1.132635E+03  2.265270E+03  9.000000E+01  9.000000E+01  9.000000E+01
  0.000000E+00 -6.856473E+00  7.338983E-01 -9.590070E+00  1.978735E+00
  4.443161E-01  1.978735E+00 -1.223777E+01 -1.213276E+00  4.443161E-01
 -1.213276E+00  1.258421E+00  3.156152E+00  1.552800E+00  1.629696E+00
  2.830151E+00  2.784497E+00  3.911234E+01  0.000000E+00  0.000000E+00
  0.000000E+00  3.911234E+01  0.000000E+00  0.000000E+00  0.000000E+00
  3.753330E+01 -2.489723E+02
      5000  2.500000E+00        52
 -1.242756E+05  4.501890E+02 -1.245779E+05  2.455717E+04 -1.502589E+05
  0.000000E+00  0.000000E+00  0.000000E+00  0.000000E+00 -1.242762E+05
  0.000000E+00  1.103705E+03 -1.513719E+05  1.502279E+05  0.000000E+00
  0.000000E+00  0.000000E+00  0.000000E+00  5.722639E+04  2.603527E-01
  1.123871E+03  2.247743E+03  9.000000E+01  9.000000E+01  9.000000E+01
  0.000000E+00 -4.609679E+00  7.246606E-01 -7.220796E+00  1.642117E+00
 -1.410570E+00  1.642117E+00 -5.477194E+00 -2.335612E+00 -1.410570E+00
 -2.335612E+00 -1.131048E+00  3.321340E+00  1.661673E+00  1.766415E+00
  3.002805E+00  2.953519E+00  3.906889E+01  0.000000E+00  0.000000E+00
  0.000000E+00  3.906889E+01  0.000000E+00  0.000000E+00  0.000000E+00
  3.749161E+01 -1.668296E+02
      6000  3.000000E+00        52
 -1.242956E+05  4.505285E+02 -1.245982E+05  2.457333E+04 -1.503047E+05
  0.000000E+00  0.000000E+00  0.000000E+00  0.000000E+00 -1.242963E+05
  0.000000E+00  9.821176E+02 -1.515590E+05  1.502747E+05  0.000000E+00
  0.000000E+00  0.000000E+00  0.000000E+00  5.691628E+04  1.461274E+00
  1.133215E+03  2.266429E+03  9.000000E+01  9.000000E+01  9.000000E+01
  0.000000E+00 -3.504620E+00  7.172495E-01 -1.038343E+00  1.239624E+00
 -1.771614E-01  1.239624E+00 -6.647843E+00 -1.427083E+00 -1.771614E-01
 -1.427083E+00 -2.827673E+00  3.409643E+00  1.755949E+00  1.809054E+00
  3.141124E+00  3.085884E+00  3.899820E+01  0.000000E+00  0.000000E+00
  0.000000E+00  3.899820E+01  0.000000E+00  0.000000E+00  0.000000E+00
  3.742377E+01 -1.261489E+02
      7000  3.500000E+00        52
 -1.243275E+05  4.500000E+02 -1.246296E+05  2.455272E+04 -1.503103E+05
  0.000000E+00  0.000000E+00  0.000000E+00  0.000000E+00 -1.243281E+05
  0.000000E+00  9.769691E+02 -1.515596E+05  1.502807E+05  0.000000E+00
  0.000000E+00  0.000000E+00  0.000000E+00  5.671159E+04  1.495171E-02
  1.127934E+03  2.255868E+03  9.000000E+01  9.000000E+01  9.000000E+01
  0.000000E+00 -3.476000E+00  7.112624E-01 -1.742656E-01 -7.812885E-01
  3.243835E-01 -7.812885E-01 -5.385195E+00 -1.507765E+00  3.243835E-01
 -1.507765E+00 -4.868540E+00  3.499018E+00  1.808911E+00  1.908419E+00
  3.258416E+00  3.203438E+00  3.895139E+01  0.000000E+00  0.000000E+00
  0.000000E+00  3.895139E+01  0.000000E+00  0.000000E+00  0.000000E+00
  3.737885E+01 -1.246688E+02
      8000  4.000000E+00        52
  7.082534E+05  4.750687E+02 -1.223377E+05  2.259379E+04 -1.461575E+05
  0.000000E+00  0.000000E+00  0.000000E+00  0.000000E+00 -1.220194E+05
  0.000000E+00  1.447557E+04 -1.338680E+05  1.458916E+05  0.000000E+00
  0.000000E+00  0.000000E+00  0.000000E+00  9.874429E+04  4.280982E+01
  1.225958E+03  2.451917E+03  9.000000E+01  9.000000E+01  9.000000E+01
  0.000000E+00 -7.386963E+01  8.302729E+05 -7.528184E+01 -4.525314E-01
  1.170173E-01 -4.525314E-01 -7.665008E+01 -8.155760E-01  1.170173E-01
 -8.155760E-01 -6.967696E+01  5.125941E+00  2.734967E+00  2.295454E+00
  5.232507E+00  1.473265E+03  4.686008E+01  0.000000E+00  0.000000E+00
  0.000000E+00  4.686008E+01  0.000000E+00  0.000000E+00  0.000000E+00
  4.496825E+01 -4.613005E+03
      9000  4.500000E+00        52
  7.072891E+05  4.510954E+02 -1.232863E+05  2.425249E+04 -1.489052E+05
  0.000000E+00  0.000000E+00  0.000000E+00  0.000000E+00 -1.229840E+05
  0.000000E+00  6.740124E+03 -1.446906E+05  1.486979E+05  0.000000E+00
  0.000000E+00  0.000000E+00  0.000000E+00  9.267378E+04  3.046102E+00
  1.366405E+03  2.732810E+03  9.000000E+01  9.000000E+01  9.000000E+01
  0.000000E+00 -3.489631E+01  8.302731E+05 -3.615607E+01 -1.313320E+00
  1.159065E+00 -1.313320E+00 -3.600956E+01  1.207923E+00  1.159065E+00
  1.207923E+00 -3.252329E+01  7.279996E+00  5.500383E+00  4.164176E+00
  7.793506E+00  1.476079E+03  4.587942E+01  0.000000E+00  0.000000E+00
  0.000000E+00  4.587942E+01  0.000000E+00  0.000000E+00  0.000000E+00
  4.402719E+01 -2.045231E+03
     10000  5.000000E+00        52
  7.070331E+05  4.500000E+02 -1.235417E+05  2.431798E+04 -1.492158E+05
  0.000000E+00  0.000000E+00  0.000000E+00  0.000000E+00 -1.232401E+05
  0.000000E+00  6.038650E+03 -1.457170E+05  1.490433E+05  0.000000E+00
  0.000000E+00  0.000000E+00  0.000000E+00  8.873841E+04  1.494049E-02
  1.356151E+03  2.712302E+03  9.000000E+01  9.000000E+01  9.000000E+01
  0.000000E+00 -3.228610E+01  8.302732E+05 -3.221048E+01  2.539802E-01
  9.478960E-01  2.539802E-01 -3.226324E+01 -9.704221E-02  9.478960E-01
 -9.704221E-02 -3.238457E+01  8.340575E+00  6.684436E+00  5.247621E+00
  8.920435E+00  1.476955E+03  4.522059E+01  0.000000E+00  0.000000E+00
  0.000000E+00  4.522059E+01  0.000000E+00  0.000000E+00  0.000000E+00
  4.339495E+01 -1.811896E+03
     11000  5.500000E+00        52
  7.070333E+05  4.155871E+02 -1.239425E+05  2.531850E+04 -1.506830E+05
  0.000000E+00  0.000000E+00  0.000000E+00  0.000000E+00 -1.236640E+05
  0.000000E+00  3.770111E+02 -1.530753E+05  1.506082E+05  0.000000E+00
  0.000000E+00  0.000000E+00  0.000000E+00  7.191377E+04  9.934274E-01
  1.422053E+03  2.844106E+03  9.000000E+01  9.000000E+01  9.000000E+01
  0.000000E+00  1.318105E+00  8.306973E+05  6.860414E-01 -5.652904E-01
  5.676649E-01 -5.652904E-01  2.146538E+00 -1.337747E+00  5.676649E-01
 -1.337747E+00  1.121736E+00  8.961965E-01  9.002251E-01  7.454637E-01
  1.098867E+00  9.730850E-01  4.216023E+01  0.000000E+00  0.000000E+00
  0.000000E+00  4.216023E+01  0.000000E+00  0.000000E+00  0.000000E+00
  4.045815E+01  5.994710E+01
     12000  6.000000E+00        52
  7.070332E+05  4.108237E+02 -1.241291E+05  2.506919E+04 -1.505476E+05
  0.000000E+00  0.000000E+00  0.000000E+00  0.000000E+00 -1.238539E+05
  0.000000E+00  6.385980E+02 -1.525505E+05  1.504906E+05  0.000000E+00
  0.000000E+00  0.000000E+00  0.000000E+00  6.702815E+04  1.166166E+00
  1.349240E+03  2.698481E+03  9.000000E+01  9.000000E+01  9.000000E+01
  0.000000E+00 -6.929950E-01  8.308871E+05  5.747355E-01  9.533739E-01
  1.193870E-01  9.533739E-01 -2.819549E+00 -1.646921E+00  1.193870E-01
 -1.646921E+00  1.658279E-01  1.751202E+00  1.778806E+00  1.549851E+00
  2.064358E+00  1.899731E+00  4.118301E+01  0.000000E+00  0.000000E+00
  0.000000E+00  4.118301E+01  0.000000E+00  0.000000E+00  0.000000E+00
  3.952038E+01 -2.937605E+01
     13000  6.500000E+00        52
  7.070332E+05  4.475713E+02 -1.242250E+05  2.498205E+04 -1.504880E+05
  0.000000E+00  0.000000E+00  0.000000E+00  0.000000E+00 -1.239251E+05
  0.000000E+00  3.788082E+02 -1.526217E+05  1.504386E+05  0.000000E+00
  0.000000E+00  0.000000E+00  0.000000E+00  6.481584E+04  1.454614E+00
  1.280953E+03  2.561905E+03  9.000000E+01  9.000000E+01  9.000000E+01
  0.000000E+00  1.796337E+00  8.309583E+05  4.127249E+00  1.874426E+00
  5.638976E-01  1.874426E+00 -6.228348E-01 -1.210100E+00  5.638976E-01
 -1.210100E+00  1.884598E+00  2.318664E+00  2.375963E+00  2.030448E+00
  2.705939E+00  2.525867E+00  4.072484E+01  0.000000E+00  0.000000E+00
  0.000000E+00  4.072484E+01  0.000000E+00  0.000000E+00  0.000000E+00
  3.908071E+01  7.363344E+01
     14000  7.000000E+00        52
  7.070333E+05  4.641926E+02 -1.242834E+05  2.487608E+04 -1.504351E+05
  0.000000E+00  0.000000E+00  0.000000E+00  0.000000E+00 -1.239723E+05
  0.000000E+00  7.788330E+02 -1.521614E+05  1.503890E+05  0.000000E+00
  0.000000E+00  0.000000E+00  0.000000E+00  6.374673E+04  1.656232E+00
  1.275641E+03  2.551282E+03  9.000000E+01  9.000000E+01  9.000000E+01
  0.000000E+00 -1.296906E+00  8.310057E+05  2.218108E-01  1.600776E+00
 -2.125832E-02  1.600776E+00 -4.903800E+00  1.164252E+00 -2.125832E-02
  1.164252E+00  7.912721E-01  2.609345E+00  2.664457E+00  2.295989E+00
  3.026165E+00  2.827525E+00  4.049969E+01  0.000000E+00  0.000000E+00
  0.000000E+00  4.049969E+01  0.000000E+00  0.000000E+00  0.000000E+00
  3.886464E+01 -5.228442E+01
     15000  7.500000E+00        52
  7.070332E+05  4.458600E+02 -1.243440E+05  2.489329E+04 -1.505099E+05
  0.000000E+00  0.000000E+00  0.000000E+00  0.000000E+00 -1.240453E+05
  0.000000E+00  6.264401E+02 -1.523853E+05  1.504666E+05  0.000000E+00
  0.000000E+00  0.000000E+00  0.000000E+00  6.276777E+04  1.667945E+00
  1.272586E+03  2.545173E+03  9.000000E+01  9.000000E+01  9.000000E+01
  0.000000E+00 -2.437257E-01  8.310786E+05  1.160882E-01 -1.051078E+00
 -5.969594E-01 -1.051078E+00 -2.132294E+00 -3.222155E-01 -5.969594E-01
 -3.222155E-01  1.285029E+00  2.797037E+00  2.843060E+00  2.472901E+00
  3.266528E+00  3.056091E+00  4.029130E+01  0.000000E+00  0.000000E+00
  0.000000E+00  4.029130E+01  0.000000E+00  0.000000E+00  0.000000E+00
  3.866466E+01 -9.674847E+00
     16000  8.000000E+00        52
  7.070332E+05  4.310592E+02 -1.243902E+05  2.485893E+04 -1.505056E+05
  0.000000E+00  0.000000E+00  0.000000E+00  0.000000E+00 -1.241014E+05
  0.000000E+00  6.598361E+02 -1.523162E+05  1.504630E+05  0.000000E+00
  0.000000E+00  0.000000E+00  0.000000E+00  6.244216E+04  1.787118E+00
  1.256502E+03  2.513004E+03  9.000000E+01  9.000000E+01  9.000000E+01
  0.000000E+00 -6.942942E-01  8.311346E+05  2.824786E-02  8.770827E-01
 -1.443680E+00  8.770827E-01 -6.086259E-01 -2.210135E-01 -1.443680E+00
 -2.210135E-01 -1.502505E+00  2.884256E+00  2.834271E+00  2.536857E+00
  3.319981E+00  3.119225E+00  4.022150E+01  0.000000E+00  0.000000E+00
  0.000000E+00  4.022150E+01  0.000000E+00  0.000000E+00  0.000000E+00
  3.859769E+01 -2.741748E+01
     17000  8.500000E+00        52
  7.070332E+05  4.450925E+02 -1.244003E+05  2.485466E+04 -1.505062E+05
  0.000000E+00  0.000000E+00  0.000000E+00  0.000000E+00 -1.241020E+05
  0.000000E+00  5.862725E+02 -1.523800E+05  1.504638E+05  0.000000E+00
  0.000000E+00  0.000000E+00  0.000000E+00  6.214806E+04  1.913537E+00
  1.251224E+03  2.502448E+03  9.000000E+01  9.000000E+01  9.000000E+01
  0.000000E+00  8.578188E-02  8.311353E+05 -1.516939E+00  1.840386E+00
  5.617579E-01  1.840386E+00  1.485377E+00 -3.732406E-01  5.617579E-01
 -3.732406E-01  2.889068E-01  2.915195E+00  2.963158E+00  2.562821E+00
  3.372128E+00  3.166403E+00  4.015826E+01  0.000000E+00  0.000000E+00
  0.000000E+00  4.015826E+01  0.000000E+00  0.000000E+00  0.000000E+00
  3.853700E+01  3.371546E+00
     18000  9.000000E+00        52
  7.070332E+05  4.732389E+02 -1.244084E+05  2.482459E+04 -1.504612E+05
  0.000000E+00  0.000000E+00  0.000000E+00  0.000000E+00 -1.240913E+05
  0.000000E+00  5.238693E+02 -1.523519E+05  1.504194E+05  0.000000E+00
  0.000000E+00  0.000000E+00  0.000000E+00  6.196730E+04  2.115096E+00
  1.228164E+03  2.456329E+03  9.000000E+01  9.000000E+01  9.000000E+01
  0.000000E+00  9.375976E-01  8.311246E+05  2.531211E-02  1.539138E+00
  1.902628E-01  1.539138E+00  1.763936E+00 -1.151238E+00  1.902628E-01
 -1.151238E+00  1.023545E+00  2.971073E+00  3.008469E+00  2.567540E+00
  3.413950E+00  3.211696E+00  4.011929E+01  0.000000E+00  0.000000E+00
  0.000000E+00  4.011929E+01  0.000000E+00  0.000000E+00  0.000000E+00
  3.849960E+01  3.674389E+01
     19000  9.500000E+00        52
  4.491684E+12  3.289454-266 -1.239014E+05  1.961809E+04 -1.448628E+05
  0.000000E+00  0.000000E+00  0.000000E+00  0.000000E+00 -1.239013E+05
  0.000000E+00  2.552487E+04 -1.219504E+05  1.447887E+05  0.000000E+00
  0.000000E+00  0.000000E+00  0.000000E+00  7.210534E+04  1.242272-268
  1.343312E+03  2.686624E+03  9.000000E+01  9.000000E+01  9.000000E+01
  0.000000E+00 -1.865816E+02  4.491684E+12 -1.876840E+02  2.590369E-01
  1.320081E+00  2.590369E-01 -1.878884E+02  2.733572E-01  1.320081E+00
  2.733572E-01 -1.841723E+02  3.031654E+00  3.031708E+00  2.599367E+00
  3.453364E+00  1.660142E+02  4.219764E+01  0.000000E+00  0.000000E+00
  0.000000E+00  4.219764E+01  0.000000E+00  0.000000E+00  0.000000E+00
  4.049404E+01 -8.508289E+03
     20000  1.000000E+01        52
  4.491684E+12  1.075073-266 -1.240357E+05  2.032761E+04 -1.455410E+05
  0.000000E+00  0.000000E+00  0.000000E+00  0.000000E+00 -1.240356E+05
  0.000000E+00  2.256166E+04 -1.252607E+05  1.454670E+05  0.000000E+00
  0.000000E+00  0.000000E+00  0.000000E+00  7.210534E+04  2.113220-269
  1.177686E+03  2.355372E+03  9.000000E+01  9.000000E+01  9.000000E+01
  0.000000E+00 -1.649212E+02  4.491684E+12 -1.662328E+02  1.995771E-01
  1.194360E+00  1.995771E-01 -1.660495E+02  6.546408E-01  1.194360E+00
  6.546408E-01 -1.624811E+02  3.031654E+00  3.031708E+00  2.599367E+00
  3.453364E+00  1.660142E+02  4.219764E+01  0.000000E+00  0.000000E+00
  0.000000E+00  4.219764E+01  0.000000E+00  0.000000E+00  0.000000E+00
  4.049404E+01 -7.520554E+03
     21000  1.050000E+01        52
  4.491684E+12  6.171802-267 -1.240936E+05  2.064670E+04 -1.458636E+05
  0.000000E+00  0.000000E+00  0.000000E+00  0.000000E+00 -1.240935E+05
  0.000000E+00  2.117073E+04 -1.268657E+05  1.457896E+05  0.000000E+00
  0.000000E+00  0.000000E+00  0.000000E+00  7.210534E+04  7.420523-270
  1.123393E+03  2.246786E+03  9.000000E+01  9.000000E+01  9.000000E+01
  0.000000E+00 -1.547537E+02  4.491684E+12 -1.561809E+02  1.848312E-01
  1.161398E+00  1.848312E-01 -1.558294E+02  9.026090E-01  1.161398E+00
  9.026090E-01 -1.522507E+02  3.031654E+00  3.031708E+00  2.599367E+00
  3.453364E+00  1.660142E+02  4.219764E+01  0.000000E+00  0.000000E+00
  0.000000E+00  4.219764E+01  0.000000E+00  0.000000E+00  0.000000E+00
  4.049404E+01 -7.056909E+03
     22000  1.100000E+01        52
  4.491684E+12  4.347406-267 -1.241297E+05  2.084063E+04 -1.460703E+05
  0.000000E+00  0.000000E+00  0.000000E+00  0.000000E+00 -1.241297E+05
  0.000000E+00  2.029751E+04 -1.278986E+05  1.459962E+05  0.000000E+00
  0.000000E+00  0.000000E+00  0.000000E+00  7.210534E+04  3.811810-270
  1.099949E+03  2.199899E+03  9.000000E+01  9.000000E+01  9.000000E+01
  0.000000E+00 -1.483707E+02  4.491684E+12 -1.498770E+02  1.778926E-01
  1.132319E+00  1.778926E-01 -1.494096E+02  1.072321E+00  1.132319E+00
  1.072321E+00 -1.458254E+02  3.031654E+00  3.031708E+00  2.599367E+00
  3.453364E+00  1.660142E+02  4.219764E+01  0.000000E+00  0.000000E+00
  0.000000E+00  4.219764E+01  0.000000E+00  0.000000E+00  0.000000E+00
  4.049404E+01 -6.765837E+03
     23000  1.150000E+01        52
  4.491684E+12  3.374081-267 -1.241558E+05  2.098030E+04 -1.462239E+05
  0.000000E+00  0.000000E+00  0.000000E+00  0.000000E+00 -1.241558E+05
  0.000000E+00  1.965739E+04 -1.286679E+05  1.461498E+05  0.000000E+00
  0.000000E+00  0.000000E+00  0.000000E+00  7.210534E+04  2.434134-270
  1.087743E+03  2.175487E+03  9.000000E+01  9.000000E+01  9.000000E+01
  0.000000E+00 -1.436915E+02  4.491684E+12 -1.452615E+02  1.672249E-01
  1.111703E+00  1.672249E-01 -1.446880E+02  1.202194E+00  1.111703E+00
  1.202194E+00 -1.411250E+02  3.031654E+00  3.031708E+00  2.599367E+00
  3.453364E+00  1.660142E+02  4.219764E+01  0.000000E+00  0.000000E+00
  0.000000E+00  4.219764E+01  0.000000E+00  0.000000E+00  0.000000E+00
  4.049404E+01 -6.552463E+03
     24000  1.200000E+01        52
  4.491684E+12  2.780409-267 -1.241762E+05  2.109051E+04 -1.463474E+05
  0.000000E+00  0.000000E+00  0.000000E+00  0.000000E+00 -1.241762E+05
  0.000000E+00  1.914826E+04 -1.292862E+05  1.462732E+05  0.000000E+00
  0.000000E+00  0.000000E+00  0.000000E+00  7.210534E+04  1.788057-270
  1.080641E+03  2.161283E+03  9.000000E+01  9.000000E+01  9.000000E+01
  0.000000E+00 -1.399699E+02  4.491684E+12 -1.415991E+02  1.588104E-01
  1.094404E+00  1.588104E-01 -1.409169E+02  1.310192E+00  1.094404E+00
  1.310192E+00 -1.373937E+02  3.031654E+00  3.031708E+00  2.599367E+00
  3.453364E+00  1.660142E+02  4.219764E+01  0.000000E+00  0.000000E+00
  0.000000E+00  4.219764E+01  0.000000E+00  0.000000E+00  0.000000E+00
  4.049404E+01 -6.382755E+03
     25000  1.250000E+01        52
  4.491684E+12  2.410620-267 -1.241931E+05  2.118185E+04 -1.464512E+05
  0.000000E+00  0.000000E+00  0.000000E+00  0.000000E+00 -1.241930E+05
  0.000000E+00  1.872438E+04 -1.298050E+05  1.463769E+05  0.000000E+00
  0.000000E+00  0.000000E+00  0.000000E+00  7.210534E+04  1.601795-270
  1.076257E+03  2.152513E+03  9.000000E+01  9.000000E+01  9.000000E+01
  0.000000E+00 -1.368714E+02  4.491684E+12 -1.385626E+02  1.591309E-01
  1.076932E+00  1.591309E-01 -1.377594E+02  1.405169E+00  1.076932E+00
  1.405169E+00 -1.342923E+02  3.031654E+00  3.031708E+00  2.599367E+00
  3.453364E+00  1.660142E+02  4.219764E+01  0.000000E+00  0.000000E+00
  0.000000E+00  4.219764E+01  0.000000E+00  0.000000E+00  0.000000E+00
  4.049404E+01 -6.241461E+03
     26000  1.300000E+01        52
  4.491684E+12  2.042028-267 -1.242072E+05  2.126097E+04 -1.465415E+05
  0.000000E+00  0.000000E+00  0.000000E+00  0.000000E+00 -1.242071E+05
  0.000000E+00  1.835828E+04 -1.302558E+05  1.464672E+05  0.000000E+00
  0.000000E+00  0.000000E+00  0.000000E+00  7.210534E+04  1.047309-270
  1.073398E+03  2.146795E+03  9.000000E+01  9.000000E+01  9.000000E+01
  0.000000E+00 -1.341953E+02  4.491684E+12 -1.359008E+02  1.744249E-01
  1.067663E+00  1.744249E-01 -1.350560E+02  1.483402E+00  1.067663E+00
  1.483402E+00 -1.316290E+02  3.031654E+00  3.031708E+00  2.599367E+00
  3.453364E+00  1.660142E+02  4.219764E+01  0.000000E+00  0.000000E+00
  0.000000E+00  4.219764E+01  0.000000E+00  0.000000E+00  0.000000E+00
  4.049404E+01 -6.119426E+03
     27000  1.350000E+01        52
  4.491684E+12  1.801817-267 -1.242190E+05  2.133057E+04 -1.466211E+05
  0.000000E+00  0.000000E+00  0.000000E+00  0.000000E+00 -1.242190E+05
  0.000000E+00  1.803771E+04 -1.306521E+05  1.465468E+05  0.000000E+00
  0.000000E+00  0.000000E+00  0.000000E+00  7.210534E+04  7.936832-271
  1.071514E+03  2.143029E+03  9.000000E+01  9.000000E+01  9.000000E+01
  0.000000E+00 -1.318520E+02  4.491684E+12 -1.335455E+02  1.851247E-01
  1.051236E+00  1.851247E-01 -1.327087E+02  1.535034E+00  1.051236E+00
  1.535034E+00 -1.293018E+02  3.031654E+00  3.031708E+00  2.599367E+00
  3.453364E+00  1.660142E+02  4.219764E+01  0.000000E+00  0.000000E+00
  0.000000E+00  4.219764E+01  0.000000E+00  0.000000E+00  0.000000E+00
  4.049404E+01 -6.012571E+03
     28000  1.400000E+01        52
  4.491684E+12  1.622475-267 -1.242293E+05  2.139237E+04 -1.466920E+05
  0.000000E+00  0.000000E+00  0.000000E+00  0.000000E+00 -1.242293E+05
  0.000000E+00  1.775326E+04 -1.310050E+05  1.466176E+05  0.000000E+00
  0.000000E+00  0.000000E+00  0.000000E+00  7.210534E+04  6.541962-271
  1.070322E+03  2.140643E+03  9.000000E+01  9.000000E+01  9.000000E+01
  0.000000E+00 -1.297727E+02  4.491684E+12 -1.314521E+02  1.967738E-01
  1.031124E+00  1.967738E-01 -1.306257E+02  1.575896E+00  1.031124E+00
  1.575896E+00 -1.272403E+02  3.031654E+00  3.031708E+00  2.599367E+00
  3.453364E+00  1.660142E+02  4.219764E+01  0.000000E+00  0.000000E+00
  0.000000E+00  4.219764E+01  0.000000E+00  0.000000E+00  0.000000E+00
  4.049404E+01 -5.917753E+03
     29000  1.450000E+01        52
  4.491684E+12  1.479539-267 -1.242385E+05  2.144795E+04 -1.467560E+05
  0.000000E+00  0.000000E+00  0.000000E+00  0.000000E+00 -1.242384E+05
  0.000000E+00  1.749758E+04 -1.313231E+05  1.466816E+05  0.000000E+00
  0.000000E+00  0.000000E+00  0.000000E+00  7.210534E+04  5.511360-271
  1.069579E+03  2.139158E+03  9.000000E+01  9.000000E+01  9.000000E+01
  0.000000E+00 -1.279037E+02  4.491684E+12 -1.295639E+02  2.096564E-01
  1.011487E+00  2.096564E-01 -1.287545E+02  1.610422E+00  1.011487E+00
  1.610422E+00 -1.253928E+02  3.031654E+00  3.031708E+00  2.599367E+00
  3.453364E+00  1.660142E+02  4.219764E+01  0.000000E+00  0.000000E+00
  0.000000E+00  4.219764E+01  0.000000E+00  0.000000E+00  0.000000E+00
  4.049404E+01 -5.832525E+03
     30000  1.500000E+01        52
  4.491684E+12  1.363001-267 -1.242466E+05  2.149838E+04 -1.468141E+05
  0.000000E+00  0.000000E+00  0.000000E+00  0.000000E+00 -1.242466E+05
  0.000000E+00  1.726560E+04 -1.316123E+05  1.467396E+05  0.000000E+00
  0.000000E+00  0.000000E+00  0.000000E+00  7.210534E+04  4.709471-271
  1.069135E+03  2.138269E+03  9.000000E+01  9.000000E+01  9.000000E+01
  0.000000E+00 -1.262080E+02  4.491684E+12 -1.278462E+02  2.244712E-01
  9.926996E-01  2.244712E-01 -1.270578E+02  1.640186E+00  9.926996E-01
  1.640186E+00 -1.237201E+02  3.031654E+00  3.031708E+00  2.599367E+00
  3.453364E+00  1.660142E+02  4.219764E+01  0.000000E+00  0.000000E+00
  0.000000E+00  4.219764E+01  0.000000E+00  0.000000E+00  0.000000E+00
  4.049404E+01 -5.755200E+03
     31000  1.550000E+01        52
  4.491684E+12  1.266274-267 -1.242540E+05  2.154443E+04 -1.468673E+05
  0.000000E+00  0.000000E+00  0.000000E+00  0.000000E+00 -1.242539E+05
  0.000000E+00  1.705363E+04 -1.318770E+05  1.467928E+05  0.000000E+00
  0.000000E+00  0.000000E+00  0.000000E+00  7.210534E+04  4.087572-271
  1.068889E+03  2.137779E+03  9.000000E+01  9.000000E+01  9.000000E+01
  0.000000E+00 -1.246586E+02  4.491684E+12 -1.262725E+02  2.404628E-01
  9.756360E-01  2.404628E-01 -1.255086E+02  1.666306E+00  9.756360E-01
  1.666306E+00 -1.221946E+02  3.031654E+00  3.031708E+00  2.599367E+00
  3.453364E+00  1.660142E+02  4.219764E+01  0.000000E+00  0.000000E+00
  0.000000E+00  4.219764E+01  0.000000E+00  0.000000E+00  0.000000E+00
  4.049404E+01 -5.684543E+03
     32000  1.600000E+01        52
  4.491684E+12  1.184685-267 -1.242607E+05  2.158670E+04 -1.469162E+05
  0.000000E+00  0.000000E+00  0.000000E+00  0.000000E+00 -1.242606E+05
  0.000000E+00  1.685875E+04 -1.321205E+05  1.468417E+05  0.000000E+00
  0.000000E+00  0.000000E+00  0.000000E+00  7.210534E+04  3.593853-271
  1.068777E+03  2.137553E+03  9.000000E+01  9.000000E+01  9.000000E+01
  0.000000E+00 -1.232341E+02  4.491684E+12 -1.248242E+02  2.584593E-01
  9.598232E-01  2.584593E-01 -1.240843E+02  1.689497E+00  9.598232E-01
  1.689497E+00 -1.207937E+02  3.031654E+00  3.031708E+00  2.599367E+00
  3.453364E+00  1.660142E+02  4.219764E+01  0.000000E+00  0.000000E+00
  0.000000E+00  4.219764E+01  0.000000E+00  0.000000E+00  0.000000E+00
  4.049404E+01 -5.619585E+03
     33000  1.650000E+01        52
  4.491684E+12  1.114953-267 -1.242668E+05  2.162570E+04 -1.469612E+05
  0.000000E+00  0.000000E+00  0.000000E+00  0.000000E+00 -1.242667E+05
  0.000000E+00  1.667865E+04 -1.323456E+05  1.468868E+05  0.000000E+00
  0.000000E+00  0.000000E+00  0.000000E+00  7.210534E+04  3.200936-271
  1.068750E+03  2.137501E+03  9.000000E+01  9.000000E+01  9.000000E+01
  0.000000E+00 -1.219176E+02  4.491684E+12 -1.234844E+02  2.774804E-01
  9.453163E-01  2.774804E-01 -1.227684E+02  1.710388E+00  9.453163E-01
  1.710388E+00 -1.194999E+02  3.031654E+00  3.031708E+00  2.599367E+00
  3.453364E+00  1.660142E+02  4.219764E+01  0.000000E+00  0.000000E+00
  0.000000E+00  4.219764E+01  0.000000E+00  0.000000E+00  0.000000E+00
  4.049404E+01 -5.559552E+03
     34000  1.700000E+01        52
  4.491684E+12  1.054743-267 -1.242724E+05  2.166181E+04 -1.470030E+05
  0.000000E+00  0.000000E+00  0.000000E+00  0.000000E+00 -1.242724E+05
  0.000000E+00  1.651146E+04 -1.325546E+05  1.469285E+05  0.000000E+00
  0.000000E+00  0.000000E+00  0.000000E+00  7.210534E+04  2.883481-271
  1.068782E+03  2.137564E+03  9.000000E+01  9.000000E+01  9.000000E+01
  0.000000E+00 -1.206954E+02  4.491684E+12 -1.222408E+02  2.972653E-01
  9.318859E-01  2.972653E-01 -1.215466E+02  1.729345E+00  9.318859E-01
  1.729345E+00 -1.182988E+02  3.031654E+00  3.031708E+00  2.599367E+00
  3.453364E+00  1.660142E+02  4.219764E+01  0.000000E+00  0.000000E+00
  0.000000E+00  4.219764E+01  0.000000E+00  0.000000E+00  0.000000E+00
  4.049404E+01 -5.503820E+03
     35000  1.750000E+01        52
  4.491684E+12  1.002314-267 -1.242776E+05  2.169540E+04 -1.470419E+05
  0.000000E+00  0.000000E+00  0.000000E+00  0.000000E+00 -1.242776E+05
  0.000000E+00  1.635561E+04 -1.327494E+05  1.469673E+05  0.000000E+00
  0.000000E+00  0.000000E+00  0.000000E+00  7.210534E+04  2.621645-271
  1.068852E+03  2.137703E+03  9.000000E+01  9.000000E+01  9.000000E+01
  0.000000E+00 -1.195561E+02  4.491684E+12 -1.210824E+02  3.177755E-01
  9.192413E-01  3.177755E-01 -1.204073E+02  1.746647E+00  9.192413E-01
  1.746647E+00 -1.171788E+02  3.031654E+00  3.031708E+00  2.599367E+00
  3.453364E+00  1.660142E+02  4.219764E+01  0.000000E+00  0.000000E+00
  0.000000E+00  4.219764E+01  0.000000E+00  0.000000E+00  0.000000E+00
  4.049404E+01 -5.451869E+03
     36000  1.800000E+01        52
  4.491684E+12  9.563863-268 -1.242825E+05  2.172675E+04 -1.470782E+05
  0.000000E+00  0.000000E+00  0.000000E+00  0.000000E+00 -1.242824E+05
  0.000000E+00  1.620977E+04 -1.329317E+05  1.470036E+05  0.000000E+00
  0.000000E+00  0.000000E+00  0.000000E+00  7.210534E+04  2.413288-271
  1.068946E+03  2.137893E+03  9.000000E+01  9.000000E+01  9.000000E+01
  0.000000E+00 -1.184901E+02  4.491684E+12 -1.199994E+02  3.382864E-01
  9.073029E-01  3.382864E-01 -1.193408E+02  1.762509E+00  9.073029E-01
  1.762509E+00 -1.161301E+02  3.031654E+00  3.031708E+00  2.599367E+00
  3.453364E+00  1.660142E+02  4.219764E+01  0.000000E+00  0.000000E+00
  0.000000E+00  4.219764E+01  0.000000E+00  0.000000E+00  0.000000E+00
  4.049404E+01 -5.403256E+03
     37000  1.850000E+01        52
  4.491684E+12  9.159897-268 -1.242870E+05  2.175614E+04 -1.471122E+05
  0.000000E+00  0.000000E+00  0.000000E+00  0.000000E+00 -1.242869E+05
  0.000000E+00  1.607268E+04 -1.331029E+05  1.470375E+05  0.000000E+00
  0.000000E+00  0.000000E+00  0.000000E+00  7.210534E+04  2.226936-271
  1.069058E+03  2.138116E+03  9.000000E+01  9.000000E+01  9.000000E+01
  0.000000E+00 -1.174880E+02  4.491684E+12 -1.189824E+02  3.586200E-01
  8.958455E-01  3.586200E-01 -1.183381E+02  1.777234E+00  8.958455E-01
  1.777234E+00 -1.151436E+02  3.031654E+00  3.031708E+00  2.599367E+00
  3.453364E+00  1.660142E+02  4.219764E+01  0.000000E+00  0.000000E+00
  0.000000E+00  4.219764E+01  0.000000E+00  0.000000E+00  0.000000E+00
  4.049404E+01 -5.357562E+03
     38000  1.900000E+01        52
  4.491684E+12  8.803664-268 -1.242912E+05  2.178376E+04 -1.471441E+05
  0.000000E+00  0.000000E+00  0.000000E+00  0.000000E+00 -1.242912E+05
  0.000000E+00  1.594354E+04 -1.332643E+05  1.470694E+05  0.000000E+00
  0.000000E+00  0.000000E+00  0.000000E+00  7.210534E+04  2.076641-271
  1.069181E+03  2.138363E+03  9.000000E+01  9.000000E+01  9.000000E+01
  0.000000E+00 -1.165440E+02  4.491684E+12 -1.180256E+02  3.787674E-01
  8.842276E-01  3.787674E-01 -1.173928E+02  1.790981E+00  8.842276E-01
  1.790981E+00 -1.142135E+02  3.031654E+00  3.031708E+00  2.599367E+00
  3.453364E+00  1.660142E+02  4.219764E+01  0.000000E+00  0.000000E+00
  0.000000E+00  4.219764E+01  0.000000E+00  0.000000E+00  0.000000E+00
  4.049404E+01 -5.314512E+03
     39000  1.950000E+01        52
  4.491684E+12  8.489036-268 -1.242952E+05  2.180985E+04 -1.471743E+05
  0.000000E+00  0.000000E+00  0.000000E+00  0.000000E+00 -1.242951E+05
  0.000000E+00  1.582131E+04 -1.334169E+05  1.470996E+05  0.000000E+00
  0.000000E+00  0.000000E+00  0.000000E+00  7.210534E+04  1.949622-271
  1.069313E+03  2.138625E+03  9.000000E+01  9.000000E+01  9.000000E+01
  0.000000E+00 -1.156505E+02  4.491684E+12 -1.171215E+02  3.985383E-01
  8.728839E-01  3.985383E-01 -1.164977E+02  1.803975E+00  8.728839E-01
  1.803975E+00 -1.133324E+02  3.031654E+00  3.031708E+00  2.599367E+00
  3.453364E+00  1.660142E+02  4.219764E+01  0.000000E+00  0.000000E+00
  0.000000E+00  4.219764E+01  0.000000E+00  0.000000E+00  0.000000E+00
  4.049404E+01 -5.273769E+03
     40000  2.000000E+01        52
  4.491684E+12  8.210426-268 -1.242989E+05  2.183454E+04 -1.472029E+05
  0.000000E+00  0.000000E+00  0.000000E+00  0.000000E+00 -1.242988E+05
  0.000000E+00  1.570540E+04 -1.335616E+05  1.471281E+05  0.000000E+00
  0.000000E+00  0.000000E+00  0.000000E+00  7.210534E+04  1.844378-271
  1.069449E+03  2.138898E+03  9.000000E+01  9.000000E+01  9.000000E+01
  0.000000E+00 -1.148033E+02  4.491684E+12 -1.162656E+02  4.179353E-01
  8.612243E-01  4.179353E-01 -1.156486E+02  1.816313E+00  8.612243E-01
  1.816313E+00 -1.124956E+02  3.031654E+00  3.031708E+00  2.599367E+00
  3.453364E+00  1.660142E+02  4.219764E+01  0.000000E+00  0.000000E+00
  0.000000E+00  4.219764E+01  0.000000E+00  0.000000E+00  0.000000E+00
  4.049404E+01 -5.235133E+03
     41000  2.050000E+01        52
  4.491684E+12  7.963794-268 -1.243024E+05  2.185799E+04 -1.472300E+05
  0.000000E+00  0.000000E+00  0.000000E+00  0.000000E+00 -1.243024E+05
  0.000000E+00  1.559516E+04 -1.336993E+05  1.471552E+05  0.000000E+00
  0.000000E+00  0.000000E+00  0.000000E+00  7.210534E+04  1.753177-271
  1.069589E+03  2.139178E+03  9.000000E+01  9.000000E+01  9.000000E+01
  0.000000E+00 -1.139975E+02  4.491684E+12 -1.154529E+02  4.368276E-01
  8.493049E-01  4.368276E-01 -1.148410E+02  1.827968E+00  8.493049E-01
  1.827968E+00 -1.116985E+02  3.031654E+00  3.031708E+00  2.599367E+00
  3.453364E+00  1.660142E+02  4.219764E+01  0.000000E+00  0.000000E+00
  0.000000E+00  4.219764E+01  0.000000E+00  0.000000E+00  0.000000E+00
  4.049404E+01 -5.198388E+03
     42000  2.100000E+01        52
  4.491684E+12  7.744818-268 -1.243057E+05  2.188033E+04 -1.472558E+05
  0.000000E+00  0.000000E+00  0.000000E+00  0.000000E+00 -1.243057E+05
  0.000000E+00  1.549000E+04 -1.338305E+05  1.471811E+05  0.000000E+00
  0.000000E+00  0.000000E+00  0.000000E+00  7.210534E+04  1.683032-271
  1.069733E+03  2.139466E+03  9.000000E+01  9.000000E+01  9.000000E+01
  0.000000E+00 -1.132288E+02  4.491684E+12 -1.146791E+02  4.558004E-01
  8.370380E-01  4.558004E-01 -1.140703E+02  1.839244E+00  8.370380E-01
  1.839244E+00 -1.109369E+02  3.031654E+00  3.031708E+00  2.599367E+00
  3.453364E+00  1.660142E+02  4.219764E+01  0.000000E+00  0.000000E+00
  0.000000E+00  4.219764E+01  0.000000E+00  0.000000E+00  0.000000E+00
  4.049404E+01 -5.163334E+03
     43000  2.150000E+01        52
  4.491684E+12  7.549926-268 -1.243089E+05  2.190165E+04 -1.472805E+05
  0.000000E+00  0.000000E+00  0.000000E+00  0.000000E+00 -1.243089E+05
  0.000000E+00  1.538946E+04 -1.339560E+05  1.472057E+05  0.000000E+00
  0.000000E+00  0.000000E+00  0.000000E+00  7.210534E+04  1.617937-271
  1.069881E+03  2.139762E+03  9.000000E+01  9.000000E+01  9.000000E+01
  0.000000E+00 -1.124938E+02  4.491684E+12 -1.139407E+02  4.745158E-01
  8.245681E-01  4.745158E-01 -1.133333E+02  1.849941E+00  8.245681E-01
  1.849941E+00 -1.102076E+02  3.031654E+00  3.031708E+00  2.599367E+00
  3.453364E+00  1.660142E+02  4.219764E+01  0.000000E+00  0.000000E+00
  0.000000E+00  4.219764E+01  0.000000E+00  0.000000E+00  0.000000E+00
  4.049404E+01 -5.129821E+03
     44000  2.200000E+01        52
  4.491684E+12  7.376058-268 -1.243119E+05  2.192207E+04 -1.473041E+05
  0.000000E+00  0.000000E+00  0.000000E+00  0.000000E+00 -1.243119E+05
  0.000000E+00  1.529307E+04 -1.340763E+05  1.472293E+05  0.000000E+00
  0.000000E+00  0.000000E+00  0.000000E+00  7.210534E+04  1.565393-271
  1.070034E+03  2.140068E+03  9.000000E+01  9.000000E+01  9.000000E+01
  0.000000E+00 -1.117892E+02  4.491684E+12 -1.132340E+02  4.931448E-01
  8.121184E-01  4.931448E-01 -1.126265E+02  1.860137E+00  8.121184E-01
  1.860137E+00 -1.095072E+02  3.031654E+00  3.031708E+00  2.599367E+00
  3.453364E+00  1.660142E+02  4.219764E+01  0.000000E+00  0.000000E+00
  0.000000E+00  4.219764E+01  0.000000E+00  0.000000E+00  0.000000E+00
  4.049404E+01 -5.097690E+03
     45000  2.250000E+01        52
  4.491684E+12  7.220767-268 -1.243148E+05  2.194168E+04 -1.473267E+05
  0.000000E+00  0.000000E+00  0.000000E+00  0.000000E+00 -1.243148E+05
  0.000000E+00  1.520050E+04 -1.341918E+05  1.472519E+05  0.000000E+00
  0.000000E+00  0.000000E+00  0.000000E+00  7.210534E+04  1.525365-271
  1.070192E+03  2.140385E+03  9.000000E+01  9.000000E+01  9.000000E+01
  0.000000E+00 -1.111126E+02  4.491684E+12 -1.125565E+02  5.116136E-01
  7.996573E-01  5.116136E-01 -1.119479E+02  1.870146E+00  7.996573E-01
  1.870146E+00 -1.088334E+02  3.031654E+00  3.031708E+00  2.599367E+00
  3.453364E+00  1.660142E+02  4.219764E+01  0.000000E+00  0.000000E+00
  0.000000E+00  4.219764E+01  0.000000E+00  0.000000E+00  0.000000E+00
  4.049404E+01 -5.066835E+03
     46000  2.300000E+01        52
  4.491684E+12  7.082564-268 -1.243176E+05  2.196052E+04 -1.473485E+05
  0.000000E+00  0.000000E+00  0.000000E+00  0.000000E+00 -1.243175E+05
  0.000000E+00  1.511151E+04 -1.343028E+05  1.472736E+05  0.000000E+00
  0.000000E+00  0.000000E+00  0.000000E+00  7.210534E+04  1.497719-271
  1.070356E+03  2.140712E+03  9.000000E+01  9.000000E+01  9.000000E+01
  0.000000E+00 -1.104620E+02  4.491684E+12 -1.119064E+02  5.297922E-01
  7.873277E-01  5.297922E-01 -1.112953E+02  1.879421E+00  7.873277E-01
  1.879421E+00 -1.081844E+02  3.031654E+00  3.031708E+00  2.599367E+00
  3.453364E+00  1.660142E+02  4.219764E+01  0.000000E+00  0.000000E+00
  0.000000E+00  4.219764E+01  0.000000E+00  0.000000E+00  0.000000E+00
  4.049404E+01 -5.037168E+03
     47000  2.350000E+01        52
  4.491684E+12  6.960118-268 -1.243202E+05  2.197868E+04 -1.473694E+05
  0.000000E+00  0.000000E+00  0.000000E+00  0.000000E+00 -1.243202E+05
  0.000000E+00  1.502574E+04 -1.344099E+05  1.472946E+05  0.000000E+00
  0.000000E+00  0.000000E+00  0.000000E+00  7.210534E+04  1.486735-271
  1.070526E+03  2.141053E+03  9.000000E+01  9.000000E+01  9.000000E+01
  0.000000E+00 -1.098351E+02  4.491684E+12 -1.112809E+02  5.479676E-01
  7.749513E-01  5.479676E-01 -1.106664E+02  1.888602E+00  7.749513E-01
  1.888602E+00 -1.075580E+02  3.031654E+00  3.031708E+00  2.599367E+00
  3.453364E+00  1.660142E+02  4.219764E+01  0.000000E+00  0.000000E+00
  0.000000E+00  4.219764E+01  0.000000E+00  0.000000E+00  0.000000E+00
  4.049404E+01 -5.008580E+03
     48000  2.400000E+01        52
  4.491684E+12  6.852212-268 -1.243227E+05  2.199619E+04 -1.473896E+05
  0.000000E+00  0.000000E+00  0.000000E+00  0.000000E+00 -1.243227E+05
  0.000000E+00  1.494301E+04 -1.345132E+05  1.473148E+05  0.000000E+00
  0.000000E+00  0.000000E+00  0.000000E+00  7.210534E+04  1.495361-271
  1.070703E+03  2.141406E+03  9.000000E+01  9.000000E+01  9.000000E+01
  0.000000E+00 -1.092304E+02  4.491684E+12 -1.106787E+02  5.662165E-01
  7.630476E-01  5.662165E-01 -1.100591E+02  1.897806E+00  7.630476E-01
  1.897806E+00 -1.069534E+02  3.031654E+00  3.031708E+00  2.599367E+00
  3.453364E+00  1.660142E+02  4.219764E+01  0.000000E+00  0.000000E+00
  0.000000E+00  4.219764E+01  0.000000E+00  0.000000E+00  0.000000E+00
  4.049404E+01 -4.981003E+03
     49000  2.450000E+01        52
  4.491684E+12  6.758287-268 -1.243252E+05  2.201309E+04 -1.474092E+05
  0.000000E+00  0.000000E+00  0.000000E+00  0.000000E+00 -1.243251E+05
  0.000000E+00  1.486309E+04 -1.346130E+05  1.473343E+05  0.000000E+00
  0.000000E+00  0.000000E+00  0.000000E+00  7.210534E+04  1.519447-271
  1.070886E+03  2.141772E+03  9.000000E+01  9.000000E+01  9.000000E+01
  0.000000E+00 -1.086462E+02  4.491684E+12 -1.100977E+02  5.840128E-01
  7.513896E-01  5.840128E-01 -1.094722E+02  1.906847E+00  7.513896E-01
  1.906847E+00 -1.063687E+02  3.031654E+00  3.031708E+00  2.599367E+00
  3.453364E+00  1.660142E+02  4.219764E+01  0.000000E+00  0.000000E+00
  0.000000E+00  4.219764E+01  0.000000E+00  0.000000E+00  0.000000E+00
  4.049404E+01 -4.954365E+03
     50000  2.500000E+01        52
  4.491684E+12  6.678138-268 -1.243275E+05  2.202944E+04 -1.474280E+05
  0.000000E+00  0.000000E+00  0.000000E+00  0.000000E+00 -1.243275E+05
  0.000000E+00  1.478581E+04 -1.347095E+05  1.473532E+05  0.000000E+00
  0.000000E+00  0.000000E+00  0.000000E+00  7.210534E+04  1.557330-271
  1.071078E+03  2.142156E+03  9.000000E+01  9.000000E+01  9.000000E+01
  0.000000E+00 -1.080812E+02  4.491684E+12 -1.095370E+02  6.017343E-01
  7.394368E-01  6.017343E-01 -1.089043E+02  1.916189E+00  7.394368E-01
  1.916189E+00 -1.058024E+02  3.031654E+00  3.031708E+00  2.599367E+00
  3.453364E+00  1.660142E+02  4.219764E+01  0.000000E+00  0.000000E+00
  0.000000E+00  4.219764E+01  0.000000E+00  0.000000E+00  0.000000E+00
  4.049404E+01 -4.928602E+03
     51000  2.550000E+01        52
  4.491684E+12  6.611057-268 -1.243298E+05  2.204527E+04 -1.474463E+05
  0.000000E+00  0.000000E+00  0.000000E+00  0.000000E+00 -1.243297E+05
  0.000000E+00  1.471099E+04 -1.348030E+05  1.473714E+05  0.000000E+00
  0.000000E+00  0.000000E+00  0.000000E+00  7.210534E+04  1.617423-271
  1.071280E+03  2.142560E+03  9.000000E+01  9.000000E+01  9.000000E+01
  0.000000E+00 -1.075344E+02  4.491684E+12 -1.089951E+02  6.194093E-01
  7.282511E-01  6.194093E-01 -1.083534E+02  1.925676E+00  7.282511E-01
  1.925676E+00 -1.052546E+02  3.031654E+00  3.031708E+00  2.599367E+00
  3.453364E+00  1.660142E+02  4.219764E+01  0.000000E+00  0.000000E+00
  0.000000E+00  4.219764E+01  0.000000E+00  0.000000E+00  0.000000E+00
  4.049404E+01 -4.903665E+03
     52000  2.600000E+01        52
  4.491684E+12  6.555642-268 -1.243320E+05  2.206060E+04 -1.474640E+05
  0.000000E+00  0.000000E+00  0.000000E+00  0.000000E+00 -1.243319E+05
  0.000000E+00  1.463854E+04 -1.348936E+05  1.473891E+05  0.000000E+00
  0.000000E+00  0.000000E+00  0.000000E+00  7.210534E+04  1.684160-271
  1.071495E+03  2.142989E+03  9.000000E+01  9.000000E+01  9.000000E+01
  0.000000E+00 -1.070047E+02  4.491684E+12 -1.084714E+02  6.369029E-01
  7.174695E-01  6.369029E-01 -1.078191E+02  1.935229E+00  7.174695E-01
  1.935229E+00 -1.047236E+02  3.031654E+00  3.031708E+00  2.599367E+00
  3.453364E+00  1.660142E+02  4.219764E+01  0.000000E+00  0.000000E+00
  0.000000E+00  4.219764E+01  0.000000E+00  0.000000E+00  0.000000E+00
  4.049404E+01 -4.879512E+03
     53000  2.650000E+01        52
  4.491684E+12  6.508427-268 -1.243341E+05  2.207547E+04 -1.474813E+05
  0.000000E+00  0.000000E+00  0.000000E+00  0.000000E+00 -1.243340E+05
  0.000000E+00  1.456824E+04 -1.349815E+05  1.474063E+05  0.000000E+00
  0.000000E+00  0.000000E+00  0.000000E+00  7.210534E+04  1.731321-271
  1.071723E+03  2.143446E+03  9.000000E+01  9.000000E+01  9.000000E+01
  0.000000E+00 -1.064908E+02  4.491684E+12 -1.079645E+02  6.543860E-01
  7.070666E-01  6.543860E-01 -1.072997E+02  1.944952E+00  7.070666E-01
  1.944952E+00 -1.042083E+02  3.031654E+00  3.031708E+00  2.599367E+00
  3.453364E+00  1.660142E+02  4.219764E+01  0.000000E+00  0.000000E+00
  0.000000E+00  4.219764E+01  0.000000E+00  0.000000E+00  0.000000E+00
  4.049404E+01 -4.856078E+03
     54000  2.700000E+01        52
  4.491684E+12  6.465290-268 -1.243361E+05  2.208991E+04 -1.474980E+05
  0.000000E+00  0.000000E+00  0.000000E+00  0.000000E+00 -1.243361E+05
  0.000000E+00  1.450001E+04 -1.350669E+05  1.474230E+05  0.000000E+00
  0.000000E+00  0.000000E+00  0.000000E+00  7.210534E+04  1.741514-271
  1.071965E+03  2.143930E+03  9.000000E+01  9.000000E+01  9.000000E+01
  0.000000E+00 -1.059921E+02  4.491684E+12 -1.074739E+02  6.718008E-01
  6.974338E-01  6.718008E-01 -1.067950E+02  1.955376E+00  6.974338E-01
  1.955376E+00 -1.037075E+02  3.031654E+00  3.031708E+00  2.599367E+00
  3.453364E+00  1.660142E+02  4.219764E+01  0.000000E+00  0.000000E+00
  0.000000E+00  4.219764E+01  0.000000E+00  0.000000E+00  0.000000E+00
  4.049404E+01 -4.833338E+03
     55000  2.750000E+01        52
  4.491684E+12  6.422237-268 -1.243381E+05  2.210395E+04 -1.475143E+05
  0.000000E+00  0.000000E+00  0.000000E+00  0.000000E+00 -1.243380E+05
  0.000000E+00  1.443370E+04 -1.351500E+05  1.474393E+05  0.000000E+00
  0.000000E+00  0.000000E+00  0.000000E+00  7.210534E+04  1.708913-271
  1.072218E+03  2.144437E+03  9.000000E+01  9.000000E+01  9.000000E+01
  0.000000E+00 -1.055074E+02  4.491684E+12 -1.069973E+02  6.889482E-01
  6.881302E-01  6.889482E-01 -1.063041E+02  1.965667E+00  6.881302E-01
  1.965667E+00 -1.032207E+02  3.031654E+00  3.031708E+00  2.599367E+00
  3.453364E+00  1.660142E+02  4.219764E+01  0.000000E+00  0.000000E+00
  0.000000E+00  4.219764E+01  0.000000E+00  0.000000E+00  0.000000E+00
  4.049404E+01 -4.811232E+03
     56000  2.800000E+01        52
  4.491684E+12  6.377454-268 -1.243400E+05  2.211761E+04 -1.475301E+05
  0.000000E+00  0.000000E+00  0.000000E+00  0.000000E+00 -1.243400E+05
  0.000000E+00  1.436920E+04 -1.352308E+05  1.474551E+05  0.000000E+00
  0.000000E+00  0.000000E+00  0.000000E+00  7.210534E+04  1.639629-271
  1.072478E+03  2.144957E+03  9.000000E+01  9.000000E+01  9.000000E+01
  0.000000E+00 -1.050360E+02  4.491684E+12 -1.065348E+02  7.061275E-01
  6.790890E-01  7.061275E-01 -1.058259E+02  1.975788E+00  6.790890E-01
  1.975788E+00 -1.027471E+02  3.031654E+00  3.031708E+00  2.599367E+00
  3.453364E+00  1.660142E+02  4.219764E+01  0.000000E+00  0.000000E+00
  0.000000E+00  4.219764E+01  0.000000E+00  0.000000E+00  0.000000E+00
  4.049404E+01 -4.789735E+03
     57000  2.850000E+01        52
  4.491684E+12  6.331429-268 -1.243419E+05  2.213091E+04 -1.475455E+05
  0.000000E+00  0.000000E+00  0.000000E+00  0.000000E+00 -1.243418E+05
  0.000000E+00  1.430641E+04 -1.353096E+05  1.474705E+05  0.000000E+00
  0.000000E+00  0.000000E+00  0.000000E+00  7.210534E+04  1.559256-271
  1.072741E+03  2.145481E+03  9.000000E+01  9.000000E+01  9.000000E+01
  0.000000E+00 -1.045770E+02  4.491684E+12 -1.060849E+02  7.230442E-01
  6.703241E-01  7.230442E-01 -1.053599E+02  1.985641E+00  6.703241E-01
  1.985641E+00 -1.022860E+02  3.031654E+00  3.031708E+00  2.599367E+00
  3.453364E+00  1.660142E+02  4.219764E+01  0.000000E+00  0.000000E+00
  0.000000E+00  4.219764E+01  0.000000E+00  0.000000E+00  0.000000E+00
  4.049404E+01 -4.768804E+03
     58000  2.900000E+01        52
  4.491684E+12  6.286360-268 -1.243437E+05  2.214386E+04 -1.475605E+05
  0.000000E+00  0.000000E+00  0.000000E+00  0.000000E+00 -1.243436E+05
  0.000000E+00  1.424523E+04 -1.353863E+05  1.474855E+05  0.000000E+00
  0.000000E+00  0.000000E+00  0.000000E+00  7.210534E+04  1.489459-271
  1.073001E+03  2.146001E+03  9.000000E+01  9.000000E+01  9.000000E+01
  0.000000E+00 -1.041297E+02  4.491684E+12 -1.056467E+02  7.397796E-01
  6.615513E-01  7.397796E-01 -1.049058E+02  1.995565E+00  6.615513E-01
  1.995565E+00 -1.018367E+02  3.031654E+00  3.031708E+00  2.599367E+00
  3.453364E+00  1.660142E+02  4.219764E+01  0.000000E+00  0.000000E+00
  0.000000E+00  4.219764E+01  0.000000E+00  0.000000E+00  0.000000E+00
  4.049404E+01 -4.748410E+03
     59000  2.950000E+01        52
  4.491684E+12  6.244272-268 -1.243454E+05  2.215648E+04 -1.475752E+05
  0.000000E+00  0.000000E+00  0.000000E+00  0.000000E+00 -1.243454E+05
  0.000000E+00  1.418559E+04 -1.354611E+05  1.475001E+05  0.000000E+00
  0.000000E+00  0.000000E+00  0.000000E+00  7.210534E+04  1.441279-271
  1.073257E+03  2.146514E+03  9.000000E+01  9.000000E+01  9.000000E+01
  0.000000E+00 -1.036938E+02  4.491684E+12 -1.052195E+02  7.562696E-01
  6.529262E-01  7.562696E-01 -1.044627E+02  2.005063E+00  6.529262E-01
  2.005063E+00 -1.013991E+02  3.031654E+00  3.031708E+00  2.599367E+00
  3.453364E+00  1.660142E+02  4.219764E+01  0.000000E+00  0.000000E+00
  0.000000E+00  4.219764E+01  0.000000E+00  0.000000E+00  0.000000E+00
  4.049404E+01 -4.728530E+03
     60000  3.000000E+01        52
  4.491684E+12  6.206681-268 -1.243471E+05  2.216878E+04 -1.475894E+05
  0.000000E+00  0.000000E+00  0.000000E+00  0.000000E+00 -1.243471E+05
  0.000000E+00  1.412745E+04 -1.355339E+05  1.475144E+05  0.000000E+00
  0.000000E+00  0.000000E+00  0.000000E+00  7.210534E+04  1.396869-271
  1.073509E+03  2.147018E+03  9.000000E+01  9.000000E+01  9.000000E+01
  0.000000E+00 -1.032688E+02  4.491684E+12 -1.048030E+02  7.726834E-01
  6.444264E-01  7.726834E-01 -1.040305E+02  2.014853E+00  6.444264E-01
  2.014853E+00 -1.009727E+02  3.031654E+00  3.031708E+00  2.599367E+00
  3.453364E+00  1.660142E+02  4.219764E+01  0.000000E+00  0.000000E+00
  0.000000E+00  4.219764E+01  0.000000E+00  0.000000E+00  0.000000E+00
  4.049404E+01 -4.709149E+03
     61000  3.050000E+01        52
  4.491684E+12  6.173840-268 -1.243487E+05  2.218076E+04 -1.476033E+05
  0.000000E+00  0.000000E+00  0.000000E+00  0.000000E+00 -1.243487E+05
  0.000000E+00  1.407074E+04 -1.356050E+05  1.475282E+05  0.000000E+00
  0.000000E+00  0.000000E+00  0.000000E+00  7.210534E+04  1.370785-271
  1.073757E+03  2.147514E+03  9.000000E+01  9.000000E+01  9.000000E+01
  0.000000E+00 -1.028543E+02  4.491684E+12 -1.043966E+02  7.885562E-01
  6.357686E-01  7.885562E-01 -1.036086E+02  2.024723E+00  6.357686E-01
  2.024723E+00 -1.005576E+02  3.031654E+00  3.031708E+00  2.599367E+00
  3.453364E+00  1.660142E+02  4.219764E+01  0.000000E+00  0.000000E+00
  0.000000E+00  4.219764E+01  0.000000E+00  0.000000E+00  0.000000E+00
  4.049404E+01 -4.690248E+03
     62000  3.100000E+01        52
  4.491684E+12  6.145403-268 -1.243503E+05  2.219245E+04 -1.476168E+05
  0.000000E+00  0.000000E+00  0.000000E+00  0.000000E+00 -1.243503E+05
  0.000000E+00  1.401540E+04 -1.356743E+05  1.475417E+05  0.000000E+00
  0.000000E+00  0.000000E+00  0.000000E+00  7.210534E+04  1.354530-271
  1.074000E+03  2.148000E+03  9.000000E+01  9.000000E+01  9.000000E+01
  0.000000E+00 -1.024497E+02  4.491684E+12 -1.039998E+02  8.041899E-01
  6.272461E-01  8.041899E-01 -1.031961E+02  2.034467E+00  6.272461E-01
  2.034467E+00 -1.001533E+02  3.031654E+00  3.031708E+00  2.599367E+00
  3.453364E+00  1.660142E+02  4.219764E+01  0.000000E+00  0.000000E+00
  0.000000E+00  4.219764E+01  0.000000E+00  0.000000E+00  0.000000E+00
  4.049404E+01 -4.671801E+03
     63000  3.150000E+01        52
  4.491684E+12  6.120941-268 -1.243519E+05  2.220384E+04 -1.476300E+05
  0.000000E+00  0.000000E+00  0.000000E+00  0.000000E+00 -1.243518E+05
  0.000000E+00  1.396143E+04 -1.357420E+05  1.475549E+05  0.000000E+00
  0.000000E+00  0.000000E+00  0.000000E+00  7.210534E+04  1.354978-271
  1.074239E+03  2.148478E+03  9.000000E+01  9.000000E+01  9.000000E+01
  0.000000E+00 -1.020552E+02  4.491684E+12 -1.036129E+02  8.194521E-01
  6.189842E-01  8.194521E-01 -1.027931E+02  2.044318E+00  6.189842E-01
  2.044318E+00 -9.975961E+01  3.031654E+00  3.031708E+00  2.599367E+00
  3.453364E+00  1.660142E+02  4.219764E+01  0.000000E+00  0.000000E+00
  0.000000E+00  4.219764E+01  0.000000E+00  0.000000E+00  0.000000E+00
  4.049404E+01 -4.653809E+03
     64000  3.200000E+01        52
  4.491684E+12  6.099419-268 -1.243534E+05  2.221496E+04 -1.476428E+05
  0.000000E+00  0.000000E+00  0.000000E+00  0.000000E+00 -1.243533E+05
  0.000000E+00  1.390870E+04 -1.358080E+05  1.475678E+05  0.000000E+00
  0.000000E+00  0.000000E+00  0.000000E+00  7.210534E+04  1.339878-271
  1.074475E+03  2.148949E+03  9.000000E+01  9.000000E+01  9.000000E+01
  0.000000E+00 -1.016698E+02  4.491684E+12 -1.032346E+02  8.345583E-01
  6.109791E-01  8.345583E-01 -1.023985E+02  2.054381E+00  6.109791E-01
  2.054381E+00 -9.937612E+01  3.031654E+00  3.031708E+00  2.599367E+00
  3.453364E+00  1.660142E+02  4.219764E+01  0.000000E+00  0.000000E+00
  0.000000E+00  4.219764E+01  0.000000E+00  0.000000E+00  0.000000E+00
  4.049404E+01 -4.636233E+03
     65000  3.250000E+01        52
  4.491684E+12  6.079879-268 -1.243548E+05  2.222581E+04 -1.476553E+05
  0.000000E+00  0.000000E+00  0.000000E+00  0.000000E+00 -1.243548E+05
  0.000000E+00  1.385719E+04 -1.358726E+05  1.475804E+05  0.000000E+00
  0.000000E+00  0.000000E+00  0.000000E+00  7.210534E+04  1.339133-271
  1.074706E+03  2.149411E+03  9.000000E+01  9.000000E+01  9.000000E+01
  0.000000E+00 -1.012932E+02  4.491684E+12 -1.028649E+02  8.492169E-01
  6.032123E-01  8.492169E-01 -1.020126E+02  2.064217E+00  6.032123E-01
  2.064217E+00 -9.900218E+01  3.031654E+00  3.031708E+00  2.599367E+00
  3.453364E+00  1.660142E+02  4.219764E+01  0.000000E+00  0.000000E+00
  0.000000E+00  4.219764E+01  0.000000E+00  0.000000E+00  0.000000E+00
  4.049404E+01 -4.619063E+03
     66000  3.300000E+01        52
  4.491684E+12  6.061799-268 -1.243563E+05  2.223640E+04 -1.476676E+05
  0.000000E+00  0.000000E+00  0.000000E+00  0.000000E+00 -1.243562E+05
  0.000000E+00  1.380688E+04 -1.359356E+05  1.475926E+05  0.000000E+00
  0.000000E+00  0.000000E+00  0.000000E+00  7.210534E+04  1.341354-271
  1.074933E+03  2.149865E+03  9.000000E+01  9.000000E+01  9.000000E+01
  0.000000E+00 -1.009255E+02  4.491684E+12 -1.025037E+02  8.634615E-01
  5.956903E-01  8.634615E-01 -1.016348E+02  2.074320E+00  5.956903E-01
  2.074320E+00 -9.863793E+01  3.031654E+00  3.031708E+00  2.599367E+00
  3.453364E+00  1.660142E+02  4.219764E+01  0.000000E+00  0.000000E+00
  0.000000E+00  4.219764E+01  0.000000E+00  0.000000E+00  0.000000E+00
  4.049404E+01 -4.602293E+03
     67000  3.350000E+01        52
  4.491684E+12  6.044201-268 -1.243576E+05  2.224674E+04 -1.476795E+05
  0.000000E+00  0.000000E+00  0.000000E+00  0.000000E+00 -1.243576E+05
  0.000000E+00  1.375768E+04 -1.359971E+05  1.476045E+05  0.000000E+00
  0.000000E+00  0.000000E+00  0.000000E+00  7.210534E+04  1.346963-271
  1.075156E+03  2.150311E+03  9.000000E+01  9.000000E+01  9.000000E+01
  0.000000E+00 -1.005658E+02  4.491684E+12 -1.021504E+02  8.772153E-01
  5.884984E-01  8.772153E-01 -1.012643E+02  2.084437E+00  5.884984E-01
  2.084437E+00 -9.828278E+01  3.031654E+00  3.031708E+00  2.599367E+00
  3.453364E+00  1.660142E+02  4.219764E+01  0.000000E+00  0.000000E+00
  0.000000E+00  4.219764E+01  0.000000E+00  0.000000E+00  0.000000E+00
  4.049404E+01 -4.585893E+03
     68000  3.400000E+01        52
  4.491684E+12  6.026396-268 -1.243590E+05  2.225685E+04 -1.476912E+05
  0.000000E+00  0.000000E+00  0.000000E+00  0.000000E+00 -1.243589E+05
  0.000000E+00  1.370958E+04 -1.360573E+05  1.476162E+05  0.000000E+00
  0.000000E+00  0.000000E+00  0.000000E+00  7.210534E+04  1.355940-271
  1.075375E+03  2.150749E+03  9.000000E+01  9.000000E+01  9.000000E+01
  0.000000E+00 -1.002142E+02  4.491684E+12 -1.018047E+02  8.908556E-01
  5.815436E-01  8.908556E-01 -1.009013E+02  2.094724E+00  5.815436E-01
  2.094724E+00 -9.793666E+01  3.031654E+00  3.031708E+00  2.599367E+00
  3.453364E+00  1.660142E+02  4.219764E+01  0.000000E+00  0.000000E+00
  0.000000E+00  4.219764E+01  0.000000E+00  0.000000E+00  0.000000E+00
  4.049404E+01 -4.569860E+03
     69000  3.450000E+01        52
  4.491684E+12  6.009291-268 -1.243603E+05  2.226673E+04 -1.477026E+05
  0.000000E+00  0.000000E+00  0.000000E+00  0.000000E+00 -1.243602E+05
  0.000000E+00  1.366251E+04 -1.361162E+05  1.476276E+05  0.000000E+00
  0.000000E+00  0.000000E+00  0.000000E+00  7.210534E+04  1.366762-271
  1.075590E+03  2.151180E+03  9.000000E+01  9.000000E+01  9.000000E+01
  0.000000E+00 -9.987017E+01  4.491684E+12 -1.014668E+02  9.040934E-01
  5.747574E-01  9.040934E-01 -1.005450E+02  2.105062E+00  5.747574E-01
  2.105062E+00 -9.759876E+01  3.031654E+00  3.031708E+00  2.599367E+00
  3.453364E+00  1.660142E+02  4.219764E+01  0.000000E+00  0.000000E+00
  0.000000E+00  4.219764E+01  0.000000E+00  0.000000E+00  0.000000E+00
  4.049404E+01 -4.554170E+03
     70000  3.500000E+01        52
  4.491684E+12  5.993871-268 -1.243616E+05  2.227641E+04 -1.477138E+05
  0.000000E+00  0.000000E+00  0.000000E+00  0.000000E+00 -1.243615E+05
  0.000000E+00  1.361647E+04 -1.361738E+05  1.476387E+05  0.000000E+00
  0.000000E+00  0.000000E+00  0.000000E+00  7.210534E+04  1.382790-271
  1.075802E+03  2.151605E+03  9.000000E+01  9.000000E+01  9.000000E+01
  0.000000E+00 -9.953363E+01  4.491684E+12 -1.011357E+02  9.165103E-01
  5.680295E-01  9.165103E-01 -1.001956E+02  2.115073E+00  5.680295E-01
  2.115073E+00 -9.726964E+01  3.031654E+00  3.031708E+00  2.599367E+00
  3.453364E+00  1.660142E+02  4.219764E+01  0.000000E+00  0.000000E+00
  0.000000E+00  4.219764E+01  0.000000E+00  0.000000E+00  0.000000E+00
  4.049404E+01 -4.538824E+03
     71000  3.550000E+01        52
  4.491684E+12  5.981812-268 -1.243628E+05  2.228587E+04 -1.477247E+05
  0.000000E+00  0.000000E+00  0.000000E+00  0.000000E+00 -1.243627E+05
  0.000000E+00  1.357141E+04 -1.362302E+05  1.476496E+05  0.000000E+00
  0.000000E+00  0.000000E+00  0.000000E+00  7.210534E+04  1.403674-271
  1.076013E+03  2.152026E+03  9.000000E+01  9.000000E+01  9.000000E+01
  0.000000E+00 -9.920427E+01  4.491684E+12 -1.008115E+02  9.283153E-01
  5.612317E-01  9.283153E-01 -9.985301E+01  2.124842E+00  5.612317E-01
  2.124842E+00 -9.694828E+01  3.031654E+00  3.031708E+00  2.599367E+00
  3.453364E+00  1.660142E+02  4.219764E+01  0.000000E+00  0.000000E+00
  0.000000E+00  4.219764E+01  0.000000E+00  0.000000E+00  0.000000E+00
  4.049404E+01 -4.523804E+03
     72000  3.600000E+01        52
  4.491684E+12  5.975619-268 -1.243640E+05  2.229514E+04 -1.477354E+05
  0.000000E+00  0.000000E+00  0.000000E+00  0.000000E+00 -1.243639E+05
  0.000000E+00  1.352733E+04 -1.362854E+05  1.476603E+05  0.000000E+00
  0.000000E+00  0.000000E+00  0.000000E+00  7.210534E+04  1.432282-271
  1.076222E+03  2.152445E+03  9.000000E+01  9.000000E+01  9.000000E+01
  0.000000E+00 -9.888201E+01  4.491684E+12 -1.004936E+02  9.394589E-01
  5.546604E-01  9.394589E-01 -9.951749E+01  2.134328E+00  5.546604E-01
  2.134328E+00 -9.663497E+01  3.031654E+00  3.031708E+00  2.599367E+00
  3.453364E+00  1.660142E+02  4.219764E+01  0.000000E+00  0.000000E+00
  0.000000E+00  4.219764E+01  0.000000E+00  0.000000E+00  0.000000E+00
  4.049404E+01 -4.509109E+03
     73000  3.650000E+01        52
  4.491684E+12  5.977268-268 -1.243652E+05  2.230423E+04 -1.477458E+05
  0.000000E+00  0.000000E+00  0.000000E+00  0.000000E+00 -1.243651E+05
  0.000000E+00  1.348414E+04 -1.363395E+05  1.476708E+05  0.000000E+00
  0.000000E+00  0.000000E+00  0.000000E+00  7.210534E+04  1.469041-271
  1.076433E+03  2.152866E+03  9.000000E+01  9.000000E+01  9.000000E+01
  0.000000E+00 -9.856630E+01  4.491684E+12 -1.001816E+02  9.496576E-01
  5.480113E-01  9.496576E-01 -9.918862E+01  2.143437E+00  5.480113E-01
  2.143437E+00 -9.632865E+01  3.031654E+00  3.031708E+00  2.599367E+00
  3.453364E+00  1.660142E+02  4.219764E+01  0.000000E+00  0.000000E+00
  0.000000E+00  4.219764E+01  0.000000E+00  0.000000E+00  0.000000E+00
  4.049404E+01 -4.494713E+03
     74000  3.700000E+01        52
  4.491684E+12  5.987468-268 -1.243663E+05  2.231313E+04 -1.477561E+05
  0.000000E+00  0.000000E+00  0.000000E+00  0.000000E+00 -1.243663E+05
  0.000000E+00  1.344189E+04 -1.363924E+05  1.476810E+05  0.000000E+00
  0.000000E+00  0.000000E+00  0.000000E+00  7.210534E+04  1.515323-271
  1.076646E+03  2.153292E+03  9.000000E+01  9.000000E+01  9.000000E+01
  0.000000E+00 -9.825751E+01  4.491684E+12 -9.987593E+01  9.592936E-01
  5.414516E-01  9.592936E-01 -9.886695E+01  2.152258E+00  5.414516E-01
  2.152258E+00 -9.602963E+01  3.031654E+00  3.031708E+00  2.599367E+00
  3.453364E+00  1.660142E+02  4.219764E+01  0.000000E+00  0.000000E+00
  0.000000E+00  4.219764E+01  0.000000E+00  0.000000E+00  0.000000E+00
  4.049404E+01 -4.480631E+03
     75000  3.750000E+01        52
  4.491684E+12  6.005518-268 -1.243674E+05  2.232185E+04 -1.477662E+05
  0.000000E+00  0.000000E+00  0.000000E+00  0.000000E+00 -1.243674E+05
  0.000000E+00  1.340053E+04 -1.364443E+05  1.476911E+05  0.000000E+00
  0.000000E+00  0.000000E+00  0.000000E+00  7.210534E+04  1.571036-271
  1.076862E+03  2.153724E+03  9.000000E+01  9.000000E+01  9.000000E+01
  0.000000E+00 -9.795511E+01  4.491684E+12 -9.957597E+01  9.680560E-01
  5.349686E-01  9.680560E-01 -9.855205E+01  2.160894E+00  5.349686E-01
  2.160894E+00 -9.573730E+01  3.031654E+00  3.031708E+00  2.599367E+00
  3.453364E+00  1.660142E+02  4.219764E+01  0.000000E+00  0.000000E+00
  0.000000E+00  4.219764E+01  0.000000E+00  0.000000E+00  0.000000E+00
  4.049404E+01 -4.466842E+03
     76000  3.800000E+01        52
  4.491684E+12  6.029522-268 -1.243685E+05  2.233040E+04 -1.477760E+05
  0.000000E+00  0.000000E+00  0.000000E+00  0.000000E+00 -1.243685E+05
  0.000000E+00  1.336002E+04 -1.364951E+05  1.477009E+05  0.000000E+00
  0.000000E+00  0.000000E+00  0.000000E+00  7.210534E+04  1.631046-271
  1.077082E+03  2.154164E+03  9.000000E+01  9.000000E+01  9.000000E+01
  0.000000E+00 -9.765899E+01  4.491684E+12 -9.928168E+01  9.762004E-01
  5.282819E-01  9.762004E-01 -9.824365E+01  2.169215E+00  5.282819E-01
  2.169215E+00 -9.545163E+01  3.031654E+00  3.031708E+00  2.599367E+00
  3.453364E+00  1.660142E+02  4.219764E+01  0.000000E+00  0.000000E+00
  0.000000E+00  4.219764E+01  0.000000E+00  0.000000E+00  0.000000E+00
  4.049404E+01 -4.453338E+03
     77000  3.850000E+01        52
  4.491684E+12  6.058735-268 -1.243696E+05  2.233878E+04 -1.477857E+05
  0.000000E+00  0.000000E+00  0.000000E+00  0.000000E+00 -1.243696E+05
  0.000000E+00  1.332033E+04 -1.365449E+05  1.477106E+05  0.000000E+00
  0.000000E+00  0.000000E+00  0.000000E+00  7.210534E+04  1.703047-271
  1.077305E+03  2.154609E+03  9.000000E+01  9.000000E+01  9.000000E+01
  0.000000E+00 -9.736887E+01  4.491684E+12 -9.899337E+01  9.838489E-01
  5.210231E-01  9.838489E-01 -9.794154E+01  2.177676E+00  5.210231E-01
  2.177676E+00 -9.517170E+01  3.031654E+00  3.031708E+00  2.599367E+00
  3.453364E+00  1.660142E+02  4.219764E+01  0.000000E+00  0.000000E+00
  0.000000E+00  4.219764E+01  0.000000E+00  0.000000E+00  0.000000E+00
  4.049404E+01 -4.440109E+03
     78000  3.900000E+01        52
  4.491684E+12  6.095113-268 -1.243707E+05  2.234698E+04 -1.477952E+05
  0.000000E+00  0.000000E+00  0.000000E+00  0.000000E+00 -1.243706E+05
  0.000000E+00  1.328145E+04 -1.365937E+05  1.477201E+05  0.000000E+00
  0.000000E+00  0.000000E+00  0.000000E+00  7.210534E+04  1.807662-271
  1.077527E+03  2.155055E+03  9.000000E+01  9.000000E+01  9.000000E+01
  0.000000E+00 -9.708466E+01  4.491684E+12 -9.871062E+01  9.911707E-01
  5.136990E-01  9.911707E-01 -9.764606E+01  2.186316E+00  5.136990E-01
  2.186316E+00 -9.489729E+01  3.031654E+00  3.031708E+00  2.599367E+00
  3.453364E+00  1.660142E+02  4.219764E+01  0.000000E+00  0.000000E+00
  0.000000E+00  4.219764E+01  0.000000E+00  0.000000E+00  0.000000E+00
  4.049404E+01 -4.427148E+03
     79000  3.950000E+01        52
  4.491684E+12  6.146086-268 -1.243717E+05  2.235501E+04 -1.478044E+05
  0.000000E+00  0.000000E+00  0.000000E+00  0.000000E+00 -1.243716E+05
  0.000000E+00  1.324334E+04 -1.366415E+05  1.477294E+05  0.000000E+00
  0.000000E+00  0.000000E+00  0.000000E+00  7.210534E+04  2.008572-271
  1.077749E+03  2.155497E+03  9.000000E+01  9.000000E+01  9.000000E+01
  0.000000E+00 -9.680612E+01  4.491684E+12 -9.843359E+01  9.983788E-01
  5.061547E-01  9.983788E-01 -9.735710E+01  2.195381E+00  5.061547E-01
  2.195381E+00 -9.462767E+01  3.031654E+00  3.031708E+00  2.599367E+00
  3.453364E+00  1.660142E+02  4.219764E+01  0.000000E+00  0.000000E+00
  0.000000E+00  4.219764E+01  0.000000E+00  0.000000E+00  0.000000E+00
  4.049404E+01 -4.414447E+03
     80000  4.000000E+01        52
  4.491684E+12  6.223322-268 -1.243727E+05  2.236289E+04 -1.478136E+05
  0.000000E+00  0.000000E+00  0.000000E+00  0.000000E+00 -1.243727E+05
  0.000000E+00  1.320589E+04 -1.366885E+05  1.477385E+05  0.000000E+00
  0.000000E+00  0.000000E+00  0.000000E+00  7.210534E+04  2.439636-271
  1.077969E+03  2.155938E+03  9.000000E+01  9.000000E+01  9.000000E+01
  0.000000E+00 -9.653240E+01  4.491684E+12 -9.816183E+01  1.005721E+00
  4.991031E-01  1.005721E+00 -9.707378E+01  2.205089E+00  4.991031E-01
  2.205089E+00 -9.436160E+01  3.031654E+00  3.031708E+00  2.599367E+00
  3.453364E+00  1.660142E+02  4.219764E+01  0.000000E+00  0.000000E+00
  0.000000E+00  4.219764E+01  0.000000E+00  0.000000E+00  0.000000E+00
  4.049404E+01 -4.401965E+03
     81000  4.050000E+01        52
  4.491684E+12  6.330445-268 -1.243737E+05  2.237071E+04 -1.478226E+05
  0.000000E+00  0.000000E+00  0.000000E+00  0.000000E+00 -1.243737E+05
  0.000000E+00  1.316885E+04 -1.367351E+05  1.477475E+05  0.000000E+00
  0.000000E+00  0.000000E+00  0.000000E+00  7.210534E+04  3.231974-271
  1.078196E+03  2.156393E+03  9.000000E+01  9.000000E+01  9.000000E+01
  0.000000E+00 -9.626159E+01  4.491684E+12 -9.789330E+01  1.013262E+00
  4.934997E-01  1.013262E+00 -9.679565E+01  2.215752E+00  4.934997E-01
  2.215752E+00 -9.409583E+01  3.031654E+00  3.031708E+00  2.599367E+00
  3.453364E+00  1.660142E+02  4.219764E+01  0.000000E+00  0.000000E+00
  0.000000E+00  4.219764E+01  0.000000E+00  0.000000E+00  0.000000E+00
  4.049404E+01 -4.389616E+03
     82000  4.100000E+01        52
  4.491684E+12  6.419657-268 -1.243747E+05  2.237861E+04 -1.478318E+05
  0.000000E+00  0.000000E+00  0.000000E+00  0.000000E+00 -1.243747E+05
  0.000000E+00  1.313179E+04 -1.367818E+05  1.477567E+05  0.000000E+00
  0.000000E+00  0.000000E+00  0.000000E+00  7.210534E+04  3.787933-271
  1.078446E+03  2.156892E+03  9.000000E+01  9.000000E+01  9.000000E+01
  0.000000E+00 -9.599069E+01  4.491684E+12 -9.762559E+01  1.020073E+00
  4.903763E-01  1.020073E+00 -9.652004E+01  2.226946E+00  4.903763E-01
  2.226946E+00 -9.382644E+01  3.031654E+00  3.031708E+00  2.599367E+00
  3.453364E+00  1.660142E+02  4.219764E+01  0.000000E+00  0.000000E+00
  0.000000E+00  4.219764E+01  0.000000E+00  0.000000E+00  0.000000E+00
  4.049404E+01 -4.377263E+03
     83000  4.150000E+01        52
  4.491684E+12  6.453245-268 -1.243757E+05  2.238663E+04 -1.478410E+05
  0.000000E+00  0.000000E+00  0.000000E+00  0.000000E+00 -1.243757E+05
  0.000000E+00  1.309471E+04 -1.368287E+05  1.477659E+05  0.000000E+00
  0.000000E+00  0.000000E+00  0.000000E+00  7.210534E+04  3.370354-271
  1.078720E+03  2.157439E+03  9.000000E+01  9.000000E+01  9.000000E+01
  0.000000E+00 -9.571964E+01  4.491684E+12 -9.735820E+01  1.024536E+00
  4.890775E-01  1.024536E+00 -9.624560E+01  2.238077E+00  4.890775E-01
  2.238077E+00 -9.355514E+01  3.031654E+00  3.031708E+00  2.599367E+00
  3.453364E+00  1.660142E+02  4.219764E+01  0.000000E+00  0.000000E+00
  0.000000E+00  4.219764E+01  0.000000E+00  0.000000E+00  0.000000E+00
  4.049404E+01 -4.364903E+03
     84000  4.200000E+01        52
  4.491684E+12  6.478552-268 -1.243767E+05  2.239459E+04 -1.478502E+05
  0.000000E+00  0.000000E+00  0.000000E+00  0.000000E+00 -1.243766E+05
  0.000000E+00  1.305813E+04 -1.368750E+05  1.477751E+05  0.000000E+00
  0.000000E+00  0.000000E+00  0.000000E+00  7.210534E+04  2.795333-271
  1.078997E+03  2.157994E+03  9.000000E+01  9.000000E+01  9.000000E+01
  0.000000E+00 -9.545230E+01  4.491684E+12 -9.709459E+01  1.027170E+00
  4.877537E-01  1.027170E+00 -9.597431E+01  2.248759E+00  4.877537E-01
  2.248759E+00 -9.328799E+01  3.031654E+00  3.031708E+00  2.599367E+00
  3.453364E+00  1.660142E+02  4.219764E+01  0.000000E+00  0.000000E+00
  0.000000E+00  4.219764E+01  0.000000E+00  0.000000E+00  0.000000E+00
  4.049404E+01 -4.352711E+03
     85000  4.250000E+01        52
  4.491684E+12  6.506168-268 -1.243776E+05  2.240236E+04 -1.478592E+05
  0.000000E+00  0.000000E+00  0.000000E+00  0.000000E+00 -1.243776E+05
  0.000000E+00  1.302236E+04 -1.369203E+05  1.477841E+05  0.000000E+00
  0.000000E+00  0.000000E+00  0.000000E+00  7.210534E+04  2.421434-271
  1.079262E+03  2.158525E+03  9.000000E+01  9.000000E+01  9.000000E+01
  0.000000E+00 -9.519078E+01  4.491684E+12 -9.683639E+01  1.028791E+00
  4.859145E-01  1.028791E+00 -9.570767E+01  2.258687E+00  4.859145E-01
  2.258687E+00 -9.302828E+01  3.031654E+00  3.031708E+00  2.599367E+00
  3.453364E+00  1.660142E+02  4.219764E+01  0.000000E+00  0.000000E+00
  0.000000E+00  4.219764E+01  0.000000E+00  0.000000E+00  0.000000E+00
  4.049404E+01 -4.340786E+03
     86000  4.300000E+01        52
  4.491684E+12  6.532097-268 -1.243785E+05  2.240993E+04 -1.478680E+05
  0.000000E+00  0.000000E+00  0.000000E+00  0.000000E+00 -1.243785E+05
  0.000000E+00  1.298743E+04 -1.369645E+05  1.477929E+05  0.000000E+00
  0.000000E+00  0.000000E+00  0.000000E+00  7.210534E+04  2.194567-271
  1.079512E+03  2.159024E+03  9.000000E+01  9.000000E+01  9.000000E+01
  0.000000E+00 -9.493547E+01  4.491684E+12 -9.658326E+01  1.029614E+00
  4.837908E-01  1.029614E+00 -9.544645E+01  2.267700E+00  4.837908E-01
  2.267700E+00 -9.277670E+01  3.031654E+00  3.031708E+00  2.599367E+00
  3.453364E+00  1.660142E+02  4.219764E+01  0.000000E+00  0.000000E+00
  0.000000E+00  4.219764E+01  0.000000E+00  0.000000E+00  0.000000E+00
  4.049404E+01 -4.329144E+03
     87000  4.350000E+01        52
  4.491684E+12  6.558301-268 -1.243794E+05  2.241730E+04 -1.478765E+05
  0.000000E+00  0.000000E+00  0.000000E+00  0.000000E+00 -1.243794E+05
  0.000000E+00  1.295330E+04 -1.370075E+05  1.478013E+05  0.000000E+00
  0.000000E+00  0.000000E+00  0.000000E+00  7.210534E+04  2.038428-271
  1.079745E+03  2.159489E+03  9.000000E+01  9.000000E+01  9.000000E+01
  0.000000E+00 -9.468598E+01  4.491684E+12 -9.633455E+01  1.029643E+00
  4.816157E-01  1.029643E+00 -9.519051E+01  2.275602E+00  4.816157E-01
  2.275602E+00 -9.253289E+01  3.031654E+00  3.031708E+00  2.599367E+00
  3.453364E+00  1.660142E+02  4.219764E+01  0.000000E+00  0.000000E+00
  0.000000E+00  4.219764E+01  0.000000E+00  0.000000E+00  0.000000E+00
  4.049404E+01 -4.317767E+03
     88000  4.400000E+01        52
  4.491684E+12  6.587048-268 -1.243803E+05  2.242446E+04 -1.478847E+05
  0.000000E+00  0.000000E+00  0.000000E+00  0.000000E+00 -1.243803E+05
  0.000000E+00  1.292002E+04 -1.370495E+05  1.478096E+05  0.000000E+00
  0.000000E+00  0.000000E+00  0.000000E+00  7.210534E+04  1.950563-271
  1.079961E+03  2.159922E+03  9.000000E+01  9.000000E+01  9.000000E+01
  0.000000E+00 -9.444274E+01  4.491684E+12 -9.609075E+01  1.029387E+00
  4.793594E-01  1.029387E+00 -9.494059E+01  2.282706E+00  4.793594E-01
  2.282706E+00 -9.229687E+01  3.031654E+00  3.031708E+00  2.599367E+00
  3.453364E+00  1.660142E+02  4.219764E+01  0.000000E+00  0.000000E+00
  0.000000E+00  4.219764E+01  0.000000E+00  0.000000E+00  0.000000E+00
  4.049404E+01 -4.306674E+03
     89000  4.450000E+01        52
  4.491684E+12  6.618347-268 -1.243812E+05  2.243146E+04 -1.478928E+05
  0.000000E+00  0.000000E+00  0.000000E+00  0.000000E+00 -1.243811E+05
  0.000000E+00  1.288745E+04 -1.370906E+05  1.478177E+05  0.000000E+00
  0.000000E+00  0.000000E+00  0.000000E+00  7.210534E+04  1.908561-271
  1.080163E+03  2.160326E+03  9.000000E+01  9.000000E+01  9.000000E+01
  0.000000E+00 -9.420465E+01  4.491684E+12 -9.585058E+01  1.028595E+00
  4.772939E-01  1.028595E+00 -9.469563E+01  2.289293E+00  4.772939E-01
  2.289293E+00 -9.206774E+01  3.031654E+00  3.031708E+00  2.599367E+00
  3.453364E+00  1.660142E+02  4.219764E+01  0.000000E+00  0.000000E+00
  0.000000E+00  4.219764E+01  0.000000E+00  0.000000E+00  0.000000E+00
  4.049404E+01 -4.295817E+03
     90000  4.500000E+01        52
  4.491684E+12  6.652047-268 -1.243820E+05  2.243827E+04 -1.479006E+05
  0.000000E+00  0.000000E+00  0.000000E+00  0.000000E+00 -1.243820E+05
  0.000000E+00  1.285561E+04 -1.371306E+05  1.478255E+05  0.000000E+00
  0.000000E+00  0.000000E+00  0.000000E+00  7.210534E+04  1.908841-271
  1.080351E+03  2.160703E+03  9.000000E+01  9.000000E+01  9.000000E+01
  0.000000E+00 -9.397190E+01  4.491684E+12 -9.561493E+01  1.027203E+00
  4.755519E-01  1.027203E+00 -9.445556E+01  2.295852E+00  4.755519E-01
  2.295852E+00 -9.184521E+01  3.031654E+00  3.031708E+00  2.599367E+00
  3.453364E+00  1.660142E+02  4.219764E+01  0.000000E+00  0.000000E+00
  0.000000E+00  4.219764E+01  0.000000E+00  0.000000E+00  0.000000E+00
  4.049404E+01 -4.285204E+03
     91000  4.550000E+01        52
  4.491684E+12  6.688301-268 -1.243829E+05  2.244491E+04 -1.479083E+05
  0.000000E+00  0.000000E+00  0.000000E+00  0.000000E+00 -1.243828E+05
  0.000000E+00  1.282445E+04 -1.371698E+05  1.478332E+05  0.000000E+00
  0.000000E+00  0.000000E+00  0.000000E+00  7.210534E+04  1.962308-271
  1.080527E+03  2.161054E+03  9.000000E+01  9.000000E+01  9.000000E+01
  0.000000E+00 -9.374414E+01  4.491684E+12 -9.538321E+01  1.025271E+00
  4.740100E-01  1.025271E+00 -9.422024E+01  2.302202E+00  4.740100E-01
  2.302202E+00 -9.162898E+01  3.031654E+00  3.031708E+00  2.599367E+00
  3.453364E+00  1.660142E+02  4.219764E+01  0.000000E+00  0.000000E+00
  0.000000E+00  4.219764E+01  0.000000E+00  0.000000E+00  0.000000E+00
  4.049404E+01 -4.274818E+03
     92000  4.600000E+01        52
  4.491684E+12  6.730036-268 -1.243837E+05  2.245138E+04 -1.479157E+05
  0.000000E+00  0.000000E+00  0.000000E+00  0.000000E+00 -1.243836E+05
  0.000000E+00  1.279401E+04 -1.372080E+05  1.478406E+05  0.000000E+00
  0.000000E+00  0.000000E+00  0.000000E+00  7.210534E+04  2.109460-271
  1.080690E+03  2.161380E+03  9.000000E+01  9.000000E+01  9.000000E+01
  0.000000E+00 -9.352160E+01  4.491684E+12 -9.515563E+01  1.022704E+00
  4.730077E-01  1.022704E+00 -9.398976E+01  2.308994E+00  4.730077E-01
  2.308994E+00 -9.141941E+01  3.031654E+00  3.031708E+00  2.599367E+00
  3.453364E+00  1.660142E+02  4.219764E+01  0.000000E+00  0.000000E+00
  0.000000E+00  4.219764E+01  0.000000E+00  0.000000E+00  0.000000E+00
  4.049404E+01 -4.264670E+03
     93000  4.650000E+01        52
  4.491684E+12  6.784183-268 -1.243845E+05  2.245768E+04 -1.479230E+05
  0.000000E+00  0.000000E+00  0.000000E+00  0.000000E+00 -1.243844E+05
  0.000000E+00  1.276422E+04 -1.372453E+05  1.478479E+05  0.000000E+00
  0.000000E+00  0.000000E+00  0.000000E+00  7.210534E+04  2.432923-271
  1.080841E+03  2.161683E+03  9.000000E+01  9.000000E+01  9.000000E+01
  0.000000E+00 -9.330388E+01  4.491684E+12 -9.493199E+01  1.019001E+00
  4.724889E-01  1.019001E+00 -9.376329E+01  2.315808E+00  4.724889E-01
  2.315808E+00 -9.121637E+01  3.031654E+00  3.031708E+00  2.599367E+00
  3.453364E+00  1.660142E+02  4.219764E+01  0.000000E+00  0.000000E+00
  0.000000E+00  4.219764E+01  0.000000E+00  0.000000E+00  0.000000E+00
  4.049404E+01 -4.254742E+03
     94000  4.700000E+01        52
  4.491684E+12  6.856175-268 -1.243853E+05  2.246385E+04 -1.479301E+05
  0.000000E+00  0.000000E+00  0.000000E+00  0.000000E+00 -1.243852E+05
  0.000000E+00  1.273503E+04 -1.372819E+05  1.478550E+05  0.000000E+00
  0.000000E+00  0.000000E+00  0.000000E+00  7.210534E+04  2.993895-271
  1.080986E+03  2.161973E+03  9.000000E+01  9.000000E+01  9.000000E+01
  0.000000E+00 -9.309047E+01  4.491684E+12 -9.471195E+01  1.014215E+00
  4.722239E-01  1.014215E+00 -9.353979E+01  2.322744E+00  4.722239E-01
  2.322744E+00 -9.101967E+01  3.031654E+00  3.031708E+00  2.599367E+00
  3.453364E+00  1.660142E+02  4.219764E+01  0.000000E+00  0.000000E+00
  0.000000E+00  4.219764E+01  0.000000E+00  0.000000E+00  0.000000E+00
  4.049404E+01 -4.245010E+03
     95000  4.750000E+01        52
  4.491684E+12  6.916048-268 -1.243860E+05  2.246998E+04 -1.479372E+05
  0.000000E+00  0.000000E+00  0.000000E+00  0.000000E+00 -1.243860E+05
  0.000000E+00  1.270603E+04 -1.373183E+05  1.478621E+05  0.000000E+00
  0.000000E+00  0.000000E+00  0.000000E+00  7.210534E+04  3.324965-271
  1.081137E+03  2.162275E+03  9.000000E+01  9.000000E+01  9.000000E+01
  0.000000E+00 -9.287851E+01  4.491684E+12 -9.449360E+01  1.008119E+00
  4.715516E-01  1.008119E+00 -9.331631E+01  2.328625E+00  4.715516E-01
  2.328625E+00 -9.082562E+01  3.031654E+00  3.031708E+00  2.599367E+00
  3.453364E+00  1.660142E+02  4.219764E+01  0.000000E+00  0.000000E+00
  0.000000E+00  4.219764E+01  0.000000E+00  0.000000E+00  0.000000E+00
  4.049404E+01 -4.235344E+03
     96000  4.800000E+01        52
  4.491684E+12  6.903400-268 -1.243868E+05  2.247620E+04 -1.479443E+05
  0.000000E+00  0.000000E+00  0.000000E+00  0.000000E+00 -1.243868E+05
  0.000000E+00  1.267696E+04 -1.373549E+05  1.478692E+05  0.000000E+00
  0.000000E+00  0.000000E+00  0.000000E+00  7.210534E+04  2.777846-271
  1.081305E+03  2.162611E+03  9.000000E+01  9.000000E+01  9.000000E+01
  0.000000E+00 -9.266599E+01  4.491684E+12 -9.427525E+01  1.002313E+00
  4.691282E-01  1.002313E+00 -9.309243E+01  2.331738E+00  4.691282E-01
  2.331738E+00 -9.063029E+01  3.031654E+00  3.031708E+00  2.599367E+00
  3.453364E+00  1.660142E+02  4.219764E+01  0.000000E+00  0.000000E+00
  0.000000E+00  4.219764E+01  0.000000E+00  0.000000E+00  0.000000E+00
  4.049404E+01 -4.225653E+03
     97000  4.850000E+01        52
  4.491684E+12  6.855878-268 -1.243875E+05  2.248248E+04 -1.479515E+05
  0.000000E+00  0.000000E+00  0.000000E+00  0.000000E+00 -1.243875E+05
  0.000000E+00  1.264787E+04 -1.373915E+05  1.478764E+05  0.000000E+00
  0.000000E+00  0.000000E+00  0.000000E+00  7.210534E+04  2.172520-271
  1.081484E+03  2.162969E+03  9.000000E+01  9.000000E+01  9.000000E+01
  0.000000E+00 -9.245337E+01  4.491684E+12 -9.405763E+01  9.982281E-01
  4.649338E-01  9.982281E-01 -9.286967E+01  2.332902E+00  4.649338E-01
  2.332902E+00 -9.043280E+01  3.031654E+00  3.031708E+00  2.599367E+00
  3.453364E+00  1.660142E+02  4.219764E+01  0.000000E+00  0.000000E+00
  0.000000E+00  4.219764E+01  0.000000E+00  0.000000E+00  0.000000E+00
  4.049404E+01 -4.215957E+03
     98000  4.900000E+01        52
  4.491684E+12  6.818204-268 -1.243883E+05  2.248868E+04 -1.479586E+05
  0.000000E+00  0.000000E+00  0.000000E+00  0.000000E+00 -1.243882E+05
  0.000000E+00  1.261917E+04 -1.374277E+05  1.478835E+05  0.000000E+00
  0.000000E+00  0.000000E+00  0.000000E+00  7.210534E+04  1.896521-271
  1.081663E+03  2.163327E+03  9.000000E+01  9.000000E+01  9.000000E+01
  0.000000E+00 -9.224353E+01  4.491684E+12 -9.384275E+01  9.954457E-01
  4.599194E-01  9.954457E-01 -9.265145E+01  2.333431E+00  4.599194E-01
  2.333431E+00 -9.023637E+01  3.031654E+00  3.031708E+00  2.599367E+00
  3.453364E+00  1.660142E+02  4.219764E+01  0.000000E+00  0.000000E+00
  0.000000E+00  4.219764E+01  0.000000E+00  0.000000E+00  0.000000E+00
  4.049404E+01 -4.206388E+03
     99000  4.950000E+01        52
  4.491684E+12  6.790509-268 -1.243890E+05  2.249475E+04 -1.479656E+05
  0.000000E+00  0.000000E+00  0.000000E+00  0.000000E+00 -1.243889E+05
  0.000000E+00  1.259105E+04 -1.374631E+05  1.478905E+05  0.000000E+00
  0.000000E+00  0.000000E+00  0.000000E+00  7.210534E+04  1.770276-271
  1.081837E+03  2.163674E+03  9.000000E+01  9.000000E+01  9.000000E+01
  0.000000E+00 -9.203798E+01  4.491684E+12 -9.363239E+01  9.933906E-01
  4.545977E-01  9.933906E-01 -9.243851E+01  2.333859E+00  4.545977E-01
  2.333859E+00 -9.004305E+01  3.031654E+00  3.031708E+00  2.599367E+00
  3.453364E+00  1.660142E+02  4.219764E+01  0.000000E+00  0.000000E+00
  0.000000E+00  4.219764E+01  0.000000E+00  0.000000E+00  0.000000E+00
  4.049404E+01 -4.197015E+03
    100000  5.000000E+01        52
  4.491684E+12  6.767862-268 -1.243896E+05  2.250070E+04 -1.479723E+05
  0.000000E+00  0.000000E+00  0.000000E+00  0.000000E+00 -1.243896E+05
  0.000000E+00  1.256349E+04 -1.374978E+05  1.478973E+05  0.000000E+00
  0.000000E+00  0.000000E+00  0.000000E+00  7.210534E+04  1.692288-271
  1.082003E+03  2.164007E+03  9.000000E+01  9.000000E+01  9.000000E+01
  0.000000E+00 -9.183655E+01  4.491684E+12 -9.342678E+01  9.917630E-01
  4.490949E-01  9.917630E-01 -9.222996E+01  2.334277E+00  4.490949E-01
  2.334277E+00 -8.985293E+01  3.031654E+00  3.031708E+00  2.599367E+00
  3.453364E+00  1.660142E+02  4.219764E+01  0.000000E+00  0.000000E+00
  0.000000E+00  4.219764E+01  0.000000E+00  0.000000E+00  0.000000E+00
  4.049404E+01 -4.187830E+03
