title: # Li56 La24 Zr16 O96                                                    
energy unitS: electron Volts
         0  0.000000E+00        52
 -5.351591E+05  1.800000E+03 -5.407429E+05  6.307024E+04 -6.038132E+05
  0.000000E+00  0.000000E+00  0.000000E+00  0.000000E+00 -5.351589E+05
  0.000000E+00  1.563293E+05 -4.473454E+05  6.036747E+05  0.000000E+00
  0.000000E+00  0.000000E+00  0.000000E+00  2.781571E+05  0.000000E+00
  0.000000E+00  0.000000E+00  9.000000E+01  9.000000E+01  9.000000E+01
  0.000000E+00 -2.750644E+02  0.000000E+00 -2.884249E+02 -7.227874E-02
  7.390164E-03 -7.227874E-02 -2.883329E+02  1.256435E-01  7.390164E-03
  1.256435E-01 -2.484355E+02  0.000000E+00  0.000000E+00  0.000000E+00
  0.000000E+00  0.000000E+00  6.618035E+01  0.000000E+00  0.000000E+00
  0.000000E+00  6.618035E+01  0.000000E+00  0.000000E+00  0.000000E+00
  6.350853E+01 -4.838722E+04
      1000  2.000000E-01        52
 -5.650099E+05  1.800000E+03 -5.705942E+05  1.140548E+05 -6.907377E+05
  0.000000E+00  0.000000E+00  0.000000E+00  0.000000E+00 -5.650102E+05
  0.000000E+00  4.938722E+03 -6.977132E+05  6.904744E+05  0.000000E+00
  0.000000E+00  0.000000E+00  0.000000E+00  2.778359E+05  5.993925E-02
  6.088752E+03  1.217750E+04  9.000000E+01  9.000000E+01  9.000000E+01
  0.000000E+00  1.181677E+01  4.411705E-01  5.110536E+00 -9.477995E-01
 -8.513180E-01 -9.477995E-01  3.237367E+00 -1.686786E-01 -8.513180E-01
 -1.686786E-01  2.710241E+01  1.971272E+00  4.414062E-01  4.474462E-01
  1.285721E+00  1.286081E+00  6.615487E+01  0.000000E+00  0.000000E+00
  0.000000E+00  6.615487E+01  0.000000E+00  0.000000E+00  0.000000E+00
  6.348408E+01  2.076315E+03
      2000  4.000000E-01        52
  1.544122E+09  1.824178E+03 -5.473733E+05  7.611383E+04 -6.300098E+05
  0.000000E+00  0.000000E+00  0.000000E+00  0.000000E+00 -5.417141E+05
  0.000000E+00  2.033924E+05 -4.369133E+05  6.272603E+05  0.000000E+00
  0.000000E+00  0.000000E+00  0.000000E+00  5.051786E+05  1.523352E+01
  6.522703E+03  1.304541E+04  9.000000E+01  9.000000E+01  9.000000E+01
  0.000000E+00 -2.004001E+02  1.544664E+09 -2.113633E+02 -1.360934E+00
  4.708337E+00 -1.360934E+00 -2.118092E+02 -3.249380E+00  4.708337E+00
 -3.249380E+00 -1.780278E+02  2.955262E+00  1.109200E+00  1.069518E+00
  2.440763E+00  4.726120E+03  8.074469E+01  0.000000E+00  0.000000E+00
  0.000000E+00  8.074469E+01  0.000000E+00  0.000000E+00  0.000000E+00
  7.748488E+01 -6.402490E+04
      3000  6.000000E-01        52
  8.381724E+12  2.763863E+03 -5.452419E+05  1.063388E+05 -6.690390E+05
  0.000000E+00  0.000000E+00  0.000000E+00  0.000000E+00 -5.366676E+05
  0.000000E+00  8.671177E+04 -6.112227E+05  6.630178E+05  0.000000E+00
  0.000000E+00  0.000000E+00  0.000000E+00  6.297264E+05  1.951224E+03
  1.745832E+04  3.491665E+04  9.000000E+01  9.000000E+01  9.000000E+01
  0.000000E+00 -5.822448E+01  8.381724E+12 -6.355894E+01  2.076473E+00
  6.435272E+00  2.076473E+00 -6.063410E+01  1.890340E+01  6.435272E+00
  1.890340E+01 -5.048040E+01  5.348910E+00  2.237152E+00  1.730742E+00
  7.167712E+00  6.523930E+03  8.689930E+01  0.000000E+00  0.000000E+00
  0.000000E+00  8.689930E+01  0.000000E+00  0.000000E+00  0.000000E+00
  8.339102E+01 -2.318801E+04
      4000  8.000000E-01        52
  8.381922E+12  1.800000E+03 -5.072616E+05  8.808492E+04 -6.484032E+05
  0.000000E+00  0.000000E+00  0.000000E+00  0.000000E+00 -5.016772E+05
  0.000000E+00  2.272595E+05 -5.159564E+05  6.371025E+05  0.000000E+00
  0.000000E+00  0.000000E+00  0.000000E+00  7.778605E+05  2.282524E-01
  5.305671E+04  1.061134E+05  9.000000E+01  9.000000E+01  9.000000E+01
  0.000000E+00 -1.464230E+02  8.381923E+12 -1.261461E+02  4.181625E+01
  3.335716E+01  4.181625E+01 -1.518770E+02 -4.522998E+01  3.335716E+01
 -4.522998E+01 -1.612459E+02  5.994440E+00  2.627995E+00  1.991992E+00
  9.718502E+00  8.291326E+03  9.323942E+01  0.000000E+00  0.000000E+00
  0.000000E+00  9.323942E+01  0.000000E+00  0.000000E+00  0.000000E+00
  8.947518E+01 -7.203061E+04
      5000  1.000000E+00        52
  8.381922E+12  1.800483E+03 -5.588522E+05  1.145418E+05 -6.816035E+05
  0.000000E+00  0.000000E+00  0.000000E+00  0.000000E+00 -5.532663E+05
  0.000000E+00  2.351267E+04 -6.622135E+05  6.693070E+05  0.000000E+00
  0.000000E+00  0.000000E+00  0.000000E+00  7.973490E+05  8.579600E-01
  8.209551E+03  1.641910E+04  9.000000E+01  9.000000E+01  9.000000E+01
  0.000000E+00 -8.158500E+00  8.381923E+12 -7.478955E+00  7.714077E-01
 -4.003946E-01  7.714077E-01 -8.434037E+00 -3.748283E-01 -4.003946E-01
 -3.748283E-01 -8.562507E+00  9.604890E+00  6.225907E+00  4.605948E+00
  2.057991E+01  8.527673E+03  9.401168E+01  0.000000E+00  0.000000E+00
  0.000000E+00  9.401168E+01  0.000000E+00  0.000000E+00  0.000000E+00
  9.021626E+01 -4.114005E+03
      6000  1.200000E+00        52
  8.381923E+12  1.803859E+03 -5.619396E+05  1.134023E+05 -6.825897E+05
  0.000000E+00  0.000000E+00  0.000000E+00  0.000000E+00 -5.563433E+05
  0.000000E+00  2.206229E+04 -6.595059E+05  6.670727E+05  0.000000E+00
  0.000000E+00  0.000000E+00  0.000000E+00  8.603137E+05  1.852911E+01
  7.247762E+03  1.449552E+04  9.000000E+01  9.000000E+01  9.000000E+01
  0.000000E+00 -6.659977E+00  8.381923E+12 -3.824607E+00 -2.061281E+00
  5.529963E+00 -2.061281E+00 -8.417810E+00 -3.515601E+00  5.529963E+00
 -3.515601E+00 -7.737513E+00  1.030906E+01  6.772743E+00  5.170512E+00
  2.479911E+01  9.627704E+03  9.642388E+01  0.000000E+00  0.000000E+00
  0.000000E+00  9.642388E+01  0.000000E+00  0.000000E+00  0.000000E+00
  9.253108E+01 -3.623561E+03
      7000  1.400000E+00        52
  8.381923E+12  1.800000E+03 -5.618893E+05  1.052950E+05 -6.743950E+05
  0.000000E+00  0.000000E+00  0.000000E+00  0.000000E+00 -5.563049E+05
  0.000000E+00  4.880838E+04 -6.184065E+05  6.527935E+05  0.000000E+00
  0.000000E+00  0.000000E+00  0.000000E+00  9.723436E+05  5.745670E-02
  7.210654E+03  1.442131E+04  9.000000E+01  9.000000E+01  9.000000E+01
  0.000000E+00 -2.040379E+01  8.381923E+12 -2.134878E+01  6.231951E+00
 -2.035267E+00  6.231951E+00 -1.434968E+01 -3.531655E+00 -2.035267E+00
 -3.531655E+00 -2.551290E+01  1.136687E+01  7.697302E+00  6.001927E+00
  3.646565E+01  1.075204E+04  1.004397E+02  0.000000E+00  0.000000E+00
  0.000000E+00  1.004397E+02  0.000000E+00  0.000000E+00  0.000000E+00
  9.638481E+01 -1.254691E+04
      8000  1.600000E+00        52
  8.381923E+12  2.335289E+03 -5.353921E+05  1.086743E+05 -6.788401E+05
  0.000000E+00  0.000000E+00  0.000000E+00  0.000000E+00 -5.281471E+05
  0.000000E+00  8.750493E+04 -6.367782E+05  6.547357E+05  0.000000E+00
  0.000000E+00  0.000000E+00  0.000000E+00  1.005218E+06  1.067488E+03
  3.477370E+04  6.954740E+04  9.000000E+01  9.000000E+01  9.000000E+01
  0.000000E+00 -3.828525E+01  8.381924E+12 -1.191700E+01  2.173129E+01
 -3.287209E-01  2.173129E+01 -8.203295E+01 -2.211580E+01 -3.287209E-01
 -2.211580E+01 -2.090580E+01  1.272561E+01  9.002619E+00  7.110188E+00
  5.185344E+01  1.108067E+04  1.015592E+02  0.000000E+00  0.000000E+00
  0.000000E+00  1.015592E+02  0.000000E+00  0.000000E+00  0.000000E+00
  9.745904E+01 -2.433873E+04
      9000  1.800000E+00        52
  8.381923E+12  1.860057E+03 -5.633213E+05  1.121694E+05 -6.833110E+05
  0.000000E+00  0.000000E+00  0.000000E+00  0.000000E+00 -5.575506E+05
  0.000000E+00  1.796545E+04 -6.564181E+05  6.587431E+05  0.000000E+00
  0.000000E+00  0.000000E+00  0.000000E+00  1.005313E+06  1.197090E+02
  7.820228E+03  1.564046E+04  9.000000E+01  9.000000E+01  9.000000E+01
  0.000000E+00 -3.368651E+00  8.381924E+12 -8.242213E+00  2.391035E+00
 -3.845957E-01  2.391035E+00  3.467612E+00 -8.081978E+00 -3.845957E-01
 -8.081978E+00 -5.331352E+00  1.355380E+01  9.756962E+00  7.787285E+00
  5.971087E+01  1.120045E+04  1.015623E+02  0.000000E+00  0.000000E+00
  0.000000E+00  1.015623E+02  0.000000E+00  0.000000E+00  0.000000E+00
  9.746209E+01 -2.141722E+03
     10000  2.000000E+00        52
  8.381923E+12  1.800000E+03 -5.595301E+05  1.072002E+05 -6.775233E+05
  0.000000E+00  0.000000E+00  0.000000E+00  0.000000E+00 -5.539455E+05
  0.000000E+00  3.276021E+04 -6.285455E+05  6.397199E+05  0.000000E+00
  0.000000E+00  0.000000E+00  0.000000E+00  1.208840E+06  6.139980E-02
  1.079288E+04  2.158576E+04  9.000000E+01  9.000000E+01  9.000000E+01
  0.000000E+00 -9.414729E+00  8.381924E+12 -1.071285E+01  3.082321E+00
  8.955766E-01  3.082321E+00 -1.939062E+00  2.133567E+00  8.955766E-01
  2.133567E+00 -1.559227E+01  1.491142E+01  1.099846E+01  9.004276E+00
  7.022607E+01  1.256830E+04  1.079995E+02  0.000000E+00  0.000000E+00
  0.000000E+00  1.079995E+02  0.000000E+00  0.000000E+00  0.000000E+00
  1.036394E+02 -7.197516E+03
     11000  2.200000E+00        52
  8.381923E+12  1.800242E+03 -5.641770E+05  1.100846E+05 -6.812692E+05
  0.000000E+00  0.000000E+00  0.000000E+00  0.000000E+00 -5.585916E+05
  0.000000E+00  1.114896E+04 -6.450203E+05  6.421539E+05  0.000000E+00
  0.000000E+00  0.000000E+00  0.000000E+00  1.218541E+06  2.834021E-01
  7.007639E+03  1.401528E+04  9.000000E+01  9.000000E+01  9.000000E+01
  0.000000E+00  8.742090E-03  8.381924E+12 -1.208469E+00  1.064704E-01
 -1.750118E+00  1.064704E-01 -1.326982E+00 -1.769541E+00 -1.750118E+00
 -1.769541E+00  2.561677E+00  1.569934E+01  1.162461E+01  9.668863E+00
  8.084333E+01  1.266684E+04  1.082877E+02  0.000000E+00  0.000000E+00
  0.000000E+00  1.082877E+02  0.000000E+00  0.000000E+00  0.000000E+00
  1.039159E+02  6.736920E+00
     12000  2.400000E+00        52
  8.381923E+12  1.800857E+03 -5.648049E+05  1.097127E+05 -6.812469E+05
  0.000000E+00  0.000000E+00  0.000000E+00  0.000000E+00 -5.592176E+05
  0.000000E+00  4.199320E+03 -6.434641E+05  6.342050E+05  0.000000E+00
  0.000000E+00  0.000000E+00  0.000000E+00  1.327612E+06  8.546295E-01
  6.729249E+03  1.345850E+04  9.000000E+01  9.000000E+01  9.000000E+01
  0.000000E+00  2.768614E+00  8.381924E+12 -3.312737E-01 -1.514317E-01
 -6.444168E-01 -1.514317E-01  8.158727E+00  4.543786E+00 -6.444168E-01
  4.543786E+00  4.783903E-01  1.666886E+01  1.251141E+01  1.053332E+01
  9.086287E+01  1.323767E+04  1.114267E+02  0.000000E+00  0.000000E+00
  0.000000E+00  1.114267E+02  0.000000E+00  0.000000E+00  0.000000E+00
  1.069282E+02  2.324554E+03
     13000  2.600000E+00        52
  8.381923E+12  1.800000E+03 -5.654904E+05  1.071677E+05 -6.793693E+05
  0.000000E+00  0.000000E+00  0.000000E+00  0.000000E+00 -5.599056E+05
  0.000000E+00  1.274647E+03 -6.281507E+05  6.160029E+05  0.000000E+00
  0.000000E+00  0.000000E+00  0.000000E+00  1.557300E+06  4.853099E-02
  6.711239E+03  1.342248E+04  9.000000E+01  9.000000E+01  9.000000E+01
  0.000000E+00  3.348337E+00  8.381924E+12  2.505323E+00 -1.611388E+00
  1.144383E+00 -1.611388E+00  7.338745E+00 -2.041534E-02  1.144383E+00
 -2.041534E-02  2.009434E-01  1.811109E+01  1.376791E+01  1.180558E+01
  1.009290E+02  1.486699E+04  1.175140E+02  0.000000E+00  0.000000E+00
  0.000000E+00  1.175140E+02  0.000000E+00  0.000000E+00  0.000000E+00
  1.127698E+02  3.297673E+03
     14000  2.800000E+00        52
  8.381923E+12  1.800846E+03 -5.674492E+05  1.087446E+05 -6.835415E+05
  0.000000E+00  0.000000E+00  0.000000E+00  0.000000E+00 -5.618616E+05
  0.000000E+00 -1.772655E+04 -6.369399E+05  6.045179E+05  0.000000E+00
  0.000000E+00  0.000000E+00  0.000000E+00  1.763383E+06  4.452223E-01
  7.347732E+03  1.469546E+04  9.000000E+01  9.000000E+01  9.000000E+01
  0.000000E+00  8.638054E+00  8.381924E+12  7.868085E+00  3.199201E-02
  2.111036E+00  3.199201E-02  7.365244E+00  2.715969E-02  2.111036E+00
  2.715969E-02  1.068083E+01  2.067402E+01  1.599074E+01  1.393083E+01
  1.150338E+02  1.681097E+04  1.224845E+02  0.000000E+00  0.000000E+00
  0.000000E+00  1.224845E+02  0.000000E+00  0.000000E+00  0.000000E+00
  1.175396E+02  9.633155E+03
     15000  3.000000E+00        52
  8.381923E+12  1.800545E+03 -5.695896E+05  1.112917E+05 -6.886675E+05
  0.000000E+00  0.000000E+00  0.000000E+00  0.000000E+00 -5.640030E+05
  0.000000E+00 -3.009501E+04 -6.528580E+05  6.071906E+05  0.000000E+00
  0.000000E+00  0.000000E+00  0.000000E+00  1.772157E+06  1.004447E+00
  7.786204E+03  1.557241E+04  9.000000E+01  9.000000E+01  9.000000E+01
  0.000000E+00  1.227336E+01  8.381924E+12  1.634439E+01  1.026115E+00
  3.115305E+00  1.026115E+00  1.018406E+01  4.783838E-01  3.115305E+00
  4.783838E-01  1.029163E+01  2.378980E+01  1.863331E+01  1.652755E+01
  1.367077E+02  1.701676E+04  1.226873E+02  0.000000E+00  0.000000E+00
  0.000000E+00  1.226873E+02  0.000000E+00  0.000000E+00  0.000000E+00
  1.177342E+02  1.375535E+04
     16000  3.200000E+00        52
  8.381923E+12  1.800000E+03 -5.704940E+05  1.096044E+05 -6.879050E+05
  0.000000E+00  0.000000E+00  0.000000E+00  0.000000E+00 -5.649090E+05
  0.000000E+00 -2.577992E+04 -6.454936E+05  6.041004E+05  0.000000E+00
  0.000000E+00  0.000000E+00  0.000000E+00  1.776628E+06  5.716071E-02
  7.806622E+03  1.561324E+04  9.000000E+01  9.000000E+01  9.000000E+01
  0.000000E+00  1.096131E+01  8.381924E+12  1.374089E+01  4.370971E-01
  2.744249E+00  4.370971E-01  9.610845E+00  3.309752E-01  2.744249E+00
  3.309752E-01  9.532181E+00  2.579921E+01  1.986412E+01  1.804127E+01
  1.676787E+02  1.707615E+04  1.227904E+02  0.000000E+00  0.000000E+00
  0.000000E+00  1.227904E+02  0.000000E+00  0.000000E+00  0.000000E+00
  1.178332E+02  1.231586E+04
     17000  3.400000E+00        52
  8.381923E+12  1.803737E+03 -5.715807E+05  1.116612E+05 -6.911106E+05
  0.000000E+00  0.000000E+00  0.000000E+00  0.000000E+00 -5.659842E+05
  0.000000E+00 -3.714794E+04 -6.588948E+05  6.060096E+05  0.000000E+00
  0.000000E+00  0.000000E+00  0.000000E+00  1.782558E+06  8.363324E+00
  7.868641E+03  1.573728E+04  9.000000E+01  9.000000E+01  9.000000E+01
  0.000000E+00  1.429305E+01  8.381924E+12  1.675772E+01  3.665221E+00
  1.467679E+00  3.665221E+00  1.528899E+01  8.361971E-01  1.467679E+00
  8.361971E-01  1.083244E+01  2.956327E+01  2.285350E+01  2.095337E+01
  2.160226E+02  1.715106E+04  1.229269E+02  0.000000E+00  0.000000E+00
  0.000000E+00  1.229269E+02  0.000000E+00  0.000000E+00  0.000000E+00
  1.179641E+02  1.611293E+04
     18000  3.600000E+00        52
  8.381923E+12  1.800872E+03 -5.724126E+05  1.110158E+05 -6.913287E+05
  0.000000E+00  0.000000E+00  0.000000E+00  0.000000E+00 -5.668249E+05
  0.000000E+00 -3.666441E+04 -6.564865E+05  6.040215E+05  0.000000E+00
  0.000000E+00  0.000000E+00  0.000000E+00  1.788069E+06  4.204739E+00
  7.900316E+03  1.580063E+04  9.000000E+01  9.000000E+01  9.000000E+01
  0.000000E+00  1.410122E+01  8.381924E+12  1.663275E+01  2.836533E+00
  1.756244E+00  2.836533E+00  1.462921E+01  1.095485E+00  1.756244E+00
  1.095485E+00  1.104170E+01  3.059262E+01  2.351908E+01  2.170481E+01
  2.455532E+02  1.719593E+04  1.230534E+02  0.000000E+00  0.000000E+00
  0.000000E+00  1.230534E+02  0.000000E+00  0.000000E+00  0.000000E+00
  1.180856E+02  1.594583E+04
     19000  3.800000E+00        52
  8.381923E+12  1.800000E+03 -5.738807E+05  1.095448E+05 -6.910114E+05
  0.000000E+00  0.000000E+00  0.000000E+00  0.000000E+00 -5.682957E+05
  0.000000E+00 -3.799834E+04 -6.496861E+05  5.965161E+05  0.000000E+00
  0.000000E+00  0.000000E+00  0.000000E+00  1.880509E+06  4.756884E-02
  7.585825E+03  1.517165E+04  9.000000E+01  9.000000E+01  9.000000E+01
  0.000000E+00  1.378041E+01  8.381924E+12  1.267827E+01 -1.646454E+00
 -1.834323E+00 -1.646454E+00  1.362390E+01  3.308279E+00 -1.834323E+00
  3.308279E+00  1.503906E+01  3.155520E+01  2.437480E+01  2.258007E+01
  2.721051E+02  1.817663E+04  1.251385E+02  0.000000E+00  0.000000E+00
  0.000000E+00  1.251385E+02  0.000000E+00  0.000000E+00  0.000000E+00
  1.200864E+02  1.638867E+04
     20000  4.000000E+00        52
  8.382226E+12  1.800119E+03 -5.743519E+05  1.091167E+05 -6.909773E+05
  0.000000E+00  0.000000E+00  0.000000E+00  0.000000E+00 -5.687665E+05
  0.000000E+00 -3.730919E+04 -6.471081E+05  5.947816E+05  0.000000E+00
  0.000000E+00  0.000000E+00  0.000000E+00  1.892884E+06  1.395197E-01
  7.508664E+03  1.501733E+04  9.000000E+01  9.000000E+01  9.000000E+01
  0.000000E+00  1.349863E+01  8.382226E+12  1.576684E+01 -3.590031E+00
 -1.020295E+00 -3.590031E+00  1.438400E+01  1.229619E+00 -1.020295E+00
  1.229619E+00  1.034505E+01  3.224159E+01  2.465737E+01  2.284375E+01
  2.848170E+02  1.824736E+04  1.254124E+02  0.000000E+00  0.000000E+00
  0.000000E+00  1.254124E+02  0.000000E+00  0.000000E+00  0.000000E+00
  1.203492E+02  1.615920E+04
     21000  4.200000E+00        52
  8.382226E+12  1.801256E+03 -5.746472E+05  1.090043E+05 -6.911905E+05
  0.000000E+00  0.000000E+00  0.000000E+00  0.000000E+00 -5.690582E+05
  0.000000E+00 -3.808726E+04 -6.471269E+05  5.939616E+05  0.000000E+00
  0.000000E+00  0.000000E+00  0.000000E+00  1.899089E+06  7.004760E-01
  7.539011E+03  1.507802E+04  9.000000E+01  9.000000E+01  9.000000E+01
  0.000000E+00  1.367243E+01  8.382226E+12  1.256869E+01 -4.554675E-01
  1.620640E+00 -4.554675E-01  1.565755E+01  2.261432E+00  1.620640E+00
  2.261432E+00  1.279106E+01  3.335535E+01  2.545160E+01  2.358216E+01
  3.257383E+02  1.832186E+04  1.255492E+02  0.000000E+00  0.000000E+00
  0.000000E+00  1.255492E+02  0.000000E+00  0.000000E+00  0.000000E+00
  1.204806E+02  1.642091E+04
     22000  4.400000E+00        52
  8.382226E+12  1.800000E+03 -5.747896E+05  1.090186E+05 -6.913615E+05
  0.000000E+00  0.000000E+00  0.000000E+00  0.000000E+00 -5.692045E+05
  0.000000E+00 -3.891288E+04 -6.473182E+05  5.932985E+05  0.000000E+00
  0.000000E+00  0.000000E+00  0.000000E+00  1.905456E+06  3.827786E-02
  7.553399E+03  1.510680E+04  9.000000E+01  9.000000E+01  9.000000E+01
  0.000000E+00  1.385297E+01  8.382226E+12  1.291990E+01 -1.358282E+00
  1.436355E+00 -1.358282E+00  1.734500E+01  4.003211E-01  1.436355E+00
  4.003211E-01  1.129401E+01  3.390532E+01  2.574168E+01  2.378061E+01
  3.506034E+02  1.835349E+04  1.256894E+02  0.000000E+00  0.000000E+00
  0.000000E+00  1.256894E+02  0.000000E+00  0.000000E+00  0.000000E+00
  1.206151E+02  1.669352E+04
     23000  4.600000E+00        52
  8.382226E+12  1.799873E+03 -5.749643E+05  1.087437E+05 -6.912287E+05
  0.000000E+00  0.000000E+00  0.000000E+00  0.000000E+00 -5.693797E+05
  0.000000E+00 -3.919042E+04 -6.462247E+05  5.919927E+05  0.000000E+00
  0.000000E+00  0.000000E+00  0.000000E+00  1.915450E+06  3.873462E-01
  7.520748E+03  1.504150E+04  9.000000E+01  9.000000E+01  9.000000E+01
  0.000000E+00  1.385684E+01  8.382226E+12  1.472474E+01 -3.739057E+00
  1.046672E+00 -3.739057E+00  1.551788E+01 -9.286805E-01  1.046672E+00
 -9.286805E-01  1.132791E+01  3.432948E+01  2.600779E+01  2.405205E+01
  3.648747E+02  1.839208E+04  1.259088E+02  0.000000E+00  0.000000E+00
  0.000000E+00  1.259088E+02  0.000000E+00  0.000000E+00  0.000000E+00
  1.208256E+02  1.678577E+04
     24000  4.800000E+00        52
  8.382226E+12  1.801410E+03 -5.753537E+05  1.078107E+05 -6.906516E+05
  0.000000E+00  0.000000E+00  0.000000E+00  0.000000E+00 -5.697642E+05
  0.000000E+00 -3.670048E+04 -6.407999E+05  5.891249E+05  0.000000E+00
  0.000000E+00  0.000000E+00  0.000000E+00  1.948179E+06  2.810652E+00
  7.487288E+03  1.497458E+04  9.000000E+01  9.000000E+01  9.000000E+01
  0.000000E+00  1.295299E+01  8.382226E+12  1.207371E+01  2.704679E+00
 -1.078579E+00  2.704679E+00  1.637296E+01 -2.551613E+00 -1.078579E+00
 -2.551613E+00  1.041228E+01  3.472947E+01  2.632247E+01  2.429598E+01
  3.917923E+02  1.872840E+04  1.266218E+02  0.000000E+00  0.000000E+00
  0.000000E+00  1.266218E+02  0.000000E+00  0.000000E+00  0.000000E+00
  1.215099E+02  1.595897E+04
     25000  5.000000E+00        52
  8.382226E+12  1.800000E+03 -5.752209E+05  1.081520E+05 -6.909172E+05
  0.000000E+00  0.000000E+00  0.000000E+00  0.000000E+00 -5.696359E+05
  0.000000E+00 -3.914896E+04 -6.431356E+05  5.888981E+05  0.000000E+00
  0.000000E+00  0.000000E+00  0.000000E+00  1.954416E+06  4.126804E-02
  7.544270E+03  1.508854E+04  9.000000E+01  9.000000E+01  9.000000E+01
  0.000000E+00  1.356960E+01  8.382226E+12  1.225520E+01  1.992383E+00
  2.944048E-01  1.992383E+00  1.731607E+01  2.379664E-01  2.944048E-01
  2.379664E-01  1.113755E+01  3.530895E+01  2.677414E+01  2.470803E+01
  4.177779E+02  1.884029E+04  1.267568E+02  0.000000E+00  0.000000E+00
  0.000000E+00  1.267568E+02  0.000000E+00  0.000000E+00  0.000000E+00
  1.216394E+02  1.677221E+04
     26000  5.200000E+00        52
  8.382226E+12  1.799433E+03 -5.758083E+05  1.076472E+05 -6.908844E+05
  0.000000E+00  0.000000E+00  0.000000E+00  0.000000E+00 -5.702250E+05
  0.000000E+00 -3.875606E+04 -6.406466E+05  5.870329E+05  0.000000E+00
  0.000000E+00  0.000000E+00  0.000000E+00  1.980563E+06  2.908788E-01
  7.428849E+03  1.485770E+04  9.000000E+01  9.000000E+01  9.000000E+01
  0.000000E+00  1.328496E+01  8.382226E+12  1.669373E+01  4.487059E-01
 -3.785689E+00  4.487059E-01  1.113577E+01 -3.889180E-01 -3.785689E+00
 -3.889180E-01  1.202539E+01  3.544995E+01  2.691549E+01  2.483373E+01
  4.296791E+02  1.896798E+04  1.273196E+02  0.000000E+00  0.000000E+00
  0.000000E+00  1.273196E+02  0.000000E+00  0.000000E+00  0.000000E+00
  1.221795E+02  1.664007E+04
     27000  5.400000E+00        52
  8.382236E+12  1.801993E+03 -5.761899E+05  1.065946E+05 -6.901735E+05
  0.000000E+00  0.000000E+00  0.000000E+00  0.000000E+00 -5.705985E+05
  0.000000E+00 -3.791297E+04 -6.349833E+05  5.822923E+05  0.000000E+00
  0.000000E+00  0.000000E+00  0.000000E+00  2.047255E+06  6.041116E+00
  7.389010E+03  1.477802E+04  9.000000E+01  9.000000E+01  9.000000E+01
  0.000000E+00  1.263922E+01  8.382237E+12  1.027665E+01  2.432320E-01
  3.686411E-01  2.432320E-01  1.661431E+01  3.480451E+00  3.686411E-01
  3.480451E+00  1.102670E+01  3.591000E+01  2.715257E+01  2.507826E+01
  4.411969E+02  1.919558E+04  1.287329E+02  0.000000E+00  0.000000E+00
  0.000000E+00  1.287329E+02  0.000000E+00  0.000000E+00  0.000000E+00
  1.235358E+02  1.636433E+04
     28000  5.600000E+00        52
  8.382236E+12  1.800000E+03 -5.765126E+05  1.064568E+05 -6.903750E+05
  0.000000E+00  0.000000E+00  0.000000E+00  0.000000E+00 -5.709275E+05
  0.000000E+00 -3.716013E+04 -6.338853E+05  5.819140E+05  0.000000E+00
  0.000000E+00  0.000000E+00  0.000000E+00  2.053719E+06  4.078066E-02
  7.405542E+03  1.481108E+04  9.000000E+01  9.000000E+01  9.000000E+01
  0.000000E+00  1.240305E+01  8.382237E+12  1.028180E+01  2.160758E-01
  1.728928E-01  2.160758E-01  1.690148E+01  2.414377E+00  1.728928E-01
  2.414377E+00  1.002589E+01  3.670652E+01  2.772525E+01  2.560715E+01
  4.755284E+02  1.933635E+04  1.288683E+02  0.000000E+00  0.000000E+00
  0.000000E+00  1.288683E+02  0.000000E+00  0.000000E+00  0.000000E+00
  1.236656E+02  1.610926E+04
     29000  5.800000E+00        52
  8.382236E+12  1.799889E+03 -5.770359E+05  1.062518E+05 -6.906111E+05
  0.000000E+00  0.000000E+00  0.000000E+00  0.000000E+00 -5.714511E+05
  0.000000E+00 -3.882407E+04 -6.329090E+05  5.794380E+05  0.000000E+00
  0.000000E+00  0.000000E+00  0.000000E+00  2.097266E+06  1.638394E-01
  7.323435E+03  1.464687E+04  9.000000E+01  9.000000E+01  9.000000E+01
  0.000000E+00  1.256353E+01  8.382237E+12  1.272583E+01  2.253051E-01
 -8.441026E-01  2.253051E-01  1.240845E+01  2.262932E+00 -8.441026E-01
  2.262932E+00  1.255629E+01  3.726111E+01  2.816907E+01  2.612294E+01
  5.240382E+02  1.970884E+04  1.297727E+02  0.000000E+00  0.000000E+00
  0.000000E+00  1.297727E+02  0.000000E+00  0.000000E+00  0.000000E+00
  1.245336E+02  1.666368E+04
     30000  6.000000E+00        52
  8.382236E+12  1.800179E+03 -5.773249E+05  1.057443E+05 -6.904281E+05
  0.000000E+00  0.000000E+00  0.000000E+00  0.000000E+00 -5.717392E+05
  0.000000E+00 -3.729670E+04 -6.302307E+05  5.782162E+05  0.000000E+00
  0.000000E+00  0.000000E+00  0.000000E+00  2.108181E+06  5.506690E-01
  7.358865E+03  1.471773E+04  9.000000E+01  9.000000E+01  9.000000E+01
  0.000000E+00  1.211706E+01  8.382237E+12  1.071360E+01 -1.028796E+00
 -2.152966E+00 -1.028796E+00  1.092081E+01  2.336656E+00 -2.152966E+00
  2.336656E+00  1.471679E+01  3.765209E+01  2.845241E+01  2.646621E+01
  5.846293E+02  1.993461E+04  1.299975E+02  0.000000E+00  0.000000E+00
  0.000000E+00  1.299975E+02  0.000000E+00  0.000000E+00  0.000000E+00
  1.247492E+02  1.615516E+04
     31000  6.200000E+00        52
  8.382236E+12  1.800000E+03 -5.775139E+05  1.059721E+05 -6.908041E+05
  0.000000E+00  0.000000E+00  0.000000E+00  0.000000E+00 -5.719288E+05
  0.000000E+00 -3.901416E+04 -6.315230E+05  5.778728E+05  0.000000E+00
  0.000000E+00  0.000000E+00  0.000000E+00  2.120701E+06  3.565134E-02
  7.318022E+03  1.463604E+04  9.000000E+01  9.000000E+01  9.000000E+01
  0.000000E+00  1.247210E+01  8.382237E+12  1.293343E+01 -1.309127E+00
  3.624550E+00 -1.309127E+00  1.099952E+01 -1.821340E+00  3.624550E+00
 -1.821340E+00  1.348336E+01  3.805365E+01  2.880467E+01  2.685958E+01
  6.307937E+02  2.009669E+04  1.302543E+02  0.000000E+00  0.000000E+00
  0.000000E+00  1.302543E+02  0.000000E+00  0.000000E+00  0.000000E+00
  1.249957E+02  1.672727E+04
     32000  6.400000E+00        52
  8.382236E+12  1.800052E+03 -5.776271E+05  1.058040E+05 -6.907332E+05
  0.000000E+00  0.000000E+00  0.000000E+00  0.000000E+00 -5.720418E+05
  0.000000E+00 -3.929630E+04 -6.308677E+05  5.769672E+05  0.000000E+00
  0.000000E+00  0.000000E+00  0.000000E+00  2.128785E+06  9.737012E-02
  7.302075E+03  1.460415E+04  9.000000E+01  9.000000E+01  9.000000E+01
  0.000000E+00  1.249468E+01  8.382237E+12  1.300337E+01  2.580526E+00
 -1.989793E+00  2.580526E+00  1.345235E+01 -2.611939E+00 -1.989793E+00
 -2.611939E+00  1.102832E+01  3.859587E+01  2.931830E+01  2.737469E+01
  6.923308E+02  2.023031E+04  1.304196E+02  0.000000E+00  0.000000E+00
  0.000000E+00  1.304196E+02  0.000000E+00  0.000000E+00  0.000000E+00
  1.251543E+02  1.682143E+04
     33000  6.600000E+00        52
  8.382236E+12  1.800267E+03 -5.788376E+05  1.024051E+05 -6.882814E+05
  0.000000E+00  0.000000E+00  0.000000E+00  0.000000E+00 -5.732514E+05
  0.000000E+00 -3.531038E+04 -6.110157E+05  5.616279E+05  0.000000E+00
  0.000000E+00  0.000000E+00  0.000000E+00  2.389471E+06  2.288194E+00
  7.038741E+03  1.407748E+04  9.000000E+01  9.000000E+01  9.000000E+01
  0.000000E+00  1.025261E+01  8.382237E+12  1.001482E+01 -2.271265E+00
  1.558106E+00 -2.271265E+00  1.226202E+01 -2.039749E+00  1.558106E+00
 -2.039749E+00  8.480982E+00  3.928795E+01  3.000474E+01  2.811074E+01
  7.121297E+02  2.134625E+04  1.355396E+02  0.000000E+00  0.000000E+00
  0.000000E+00  1.355396E+02  0.000000E+00  0.000000E+00  0.000000E+00
  1.300676E+02  1.549323E+04
     34000  6.800000E+00        52
  8.382236E+12  1.800000E+03 -5.792971E+05  1.016462E+05 -6.879186E+05
  0.000000E+00  0.000000E+00  0.000000E+00  0.000000E+00 -5.737117E+05
  0.000000E+00 -3.333191E+04 -6.063306E+05  5.590481E+05  0.000000E+00
  0.000000E+00  0.000000E+00  0.000000E+00  2.422342E+06  2.949485E-02
  6.975327E+03  1.395065E+04  9.000000E+01  9.000000E+01  9.000000E+01
  0.000000E+00  9.682628E+00  8.382237E+12  1.359584E+01 -9.223243E-01
  2.178597E+00 -9.223243E-01  8.013205E+00 -3.881454E-01  2.178597E+00
 -3.881454E-01  7.438840E+00  3.984775E+01  3.040090E+01  2.846753E+01
  7.279580E+02  2.156674E+04  1.361583E+02  0.000000E+00  0.000000E+00
  0.000000E+00  1.361583E+02  0.000000E+00  0.000000E+00  0.000000E+00
  1.306613E+02  1.483319E+04
     35000  7.000000E+00        52
  8.382236E+12  1.799890E+03 -5.798927E+05  1.006725E+05 -6.869746E+05
  0.000000E+00  0.000000E+00  0.000000E+00  0.000000E+00 -5.743076E+05
  0.000000E+00 -3.328454E+04 -5.985589E+05  5.524555E+05  0.000000E+00
  0.000000E+00  0.000000E+00  0.000000E+00  2.536131E+06  1.913308E-01
  6.409417E+03  1.281883E+04  9.000000E+01  9.000000E+01  9.000000E+01
  0.000000E+00  9.238206E+00  8.382237E+12  7.757042E+00 -7.294652E-02
  1.572704E+00 -7.294652E-02  7.246760E+00 -3.066835E-01  1.572704E+00
 -3.066835E-01  1.271082E+01  4.061828E+01  3.085511E+01  2.898022E+01
  7.439968E+02  2.186566E+04  1.382578E+02  0.000000E+00  0.000000E+00
  0.000000E+00  1.382578E+02  0.000000E+00  0.000000E+00  0.000000E+00
  1.326761E+02  1.481717E+04
     36000  7.200000E+00        52
  8.382236E+12  1.800692E+03 -5.802058E+05  1.006984E+05 -6.880484E+05
  0.000000E+00  0.000000E+00  0.000000E+00  0.000000E+00 -5.746182E+05
  0.000000E+00 -3.296648E+04 -6.004087E+05  5.531537E+05  0.000000E+00
  0.000000E+00  0.000000E+00  0.000000E+00  2.543425E+06  1.062220E+00
  7.144215E+03  1.428843E+04  9.000000E+01  9.000000E+01  9.000000E+01
  0.000000E+00  9.146836E+00  8.382237E+12  8.262611E+00  2.068311E-01
  1.319976E+00  2.068311E-01  7.993499E+00 -5.195950E-01  1.319976E+00
 -5.195950E-01  1.118440E+01  4.167511E+01  3.174779E+01  2.988534E+01
  7.806136E+02  2.203655E+04  1.383902E+02  0.000000E+00  0.000000E+00
  0.000000E+00  1.383902E+02  0.000000E+00  0.000000E+00  0.000000E+00
  1.328031E+02  1.471282E+04
     37000  7.400000E+00        52
  8.382236E+12  1.800000E+03 -5.808149E+05  1.009157E+05 -6.888552E+05
  0.000000E+00  0.000000E+00  0.000000E+00  0.000000E+00 -5.752294E+05
  0.000000E+00 -3.540037E+04 -6.015235E+05  5.518739E+05  0.000000E+00
  0.000000E+00  0.000000E+00  0.000000E+00  2.585345E+06  3.918279E-02
  7.124609E+03  1.424922E+04  9.000000E+01  9.000000E+01  9.000000E+01
  0.000000E+00  9.493846E+00  8.382237E+12  8.270541E+00  8.313942E-01
 -2.323797E-01  8.313942E-01  1.154660E+01 -2.625620E+00 -2.323797E-01
 -2.625620E+00  8.664399E+00  4.255838E+01  3.246082E+01  3.059558E+01
  8.093426E+02  2.220314E+04  1.391464E+02  0.000000E+00  0.000000E+00
  0.000000E+00  1.391464E+02  0.000000E+00  0.000000E+00  0.000000E+00
  1.335288E+02  1.552268E+04
     38000  7.600000E+00        52
  8.382236E+12  1.802306E+03 -5.808808E+05  1.008343E+05 -6.888993E+05
  0.000000E+00  0.000000E+00  0.000000E+00  0.000000E+00 -5.752881E+05
  0.000000E+00 -3.568926E+04 -6.010539E+05  5.509962E+05  0.000000E+00
  0.000000E+00  0.000000E+00  0.000000E+00  2.593557E+06  4.834693E+00
  7.184221E+03  1.436844E+04  9.000000E+01  9.000000E+01  9.000000E+01
  0.000000E+00  9.525401E+00  8.382237E+12  7.992301E+00 -5.590129E-01
 -1.243147E+00 -5.590129E-01  9.064988E+00  2.411690E+00 -1.243147E+00
  2.411690E+00  1.151891E+01  4.333843E+01  3.304314E+01  3.114230E+01
  8.401741E+02  2.227306E+04  1.392935E+02  0.000000E+00  0.000000E+00
  0.000000E+00  1.392935E+02  0.000000E+00  0.000000E+00  0.000000E+00
  1.336700E+02  1.562375E+04
     39000  7.800000E+00        52
  8.382236E+12  1.800451E+03 -5.816461E+05  1.000621E+05 -6.887308E+05
  0.000000E+00  0.000000E+00  0.000000E+00  0.000000E+00 -5.760592E+05
  0.000000E+00 -3.532357E+04 -5.964638E+05  5.470949E+05  0.000000E+00
  0.000000E+00  0.000000E+00  0.000000E+00  2.681404E+06  2.443211E-01
  7.022663E+03  1.404533E+04  9.000000E+01  9.000000E+01  9.000000E+01
  0.000000E+00  9.139189E+00  8.382237E+12  1.193055E+01 -8.630195E-01
  2.598586E+00 -8.630195E-01  7.451293E+00 -5.631704E-01  2.598586E+00
 -5.631704E-01  8.035723E+00  4.394480E+01  3.354421E+01  3.160788E+01
  8.535691E+02  2.254211E+04  1.408488E+02  0.000000E+00  0.000000E+00
  0.000000E+00  1.408488E+02  0.000000E+00  0.000000E+00  0.000000E+00
  1.351625E+02  1.549801E+04
     40000  8.000000E+00        52
  8.382236E+12  1.800000E+03 -5.818831E+05  1.001761E+05 -6.892371E+05
  0.000000E+00  0.000000E+00  0.000000E+00  0.000000E+00 -5.762976E+05
  0.000000E+00 -3.562311E+04 -5.970373E+05  5.470584E+05  0.000000E+00
  0.000000E+00  0.000000E+00  0.000000E+00  2.689408E+06  4.219887E-02
  7.177857E+03  1.435571E+04  9.000000E+01  9.000000E+01  9.000000E+01
  0.000000E+00  9.170147E+00  8.382237E+12  8.889223E+00 -4.621975E-02
  1.361777E-01 -4.621975E-02  7.591104E+00 -1.337020E+00  1.361777E-01
 -1.337020E+00  1.103012E+01  4.538906E+01  3.470341E+01  3.270579E+01
  9.044399E+02  2.270632E+04  1.409888E+02  0.000000E+00  0.000000E+00
  0.000000E+00  1.409888E+02  0.000000E+00  0.000000E+00  0.000000E+00
  1.352968E+02  1.559693E+04
     41000  8.200000E+00        52
  8.382244E+12  1.444976E+00 -5.836920E+05  8.556500E+04 -6.757322E+05
  0.000000E+00  0.000000E+00  0.000000E+00  0.000000E+00 -5.836854E+05
  0.000000E+00  6.032603E+03 -5.090119E+05  5.020942E+05  0.000000E+00
  0.000000E+00  0.000000E+00  0.000000E+00  3.424798E+06  1.153694E-03
  6.475176E+03  1.295035E+04  9.000000E+01  9.000000E+01  9.000000E+01
  0.000000E+00 -9.270361E-01  8.382244E+12 -6.525831E-01  8.740261E-02
  6.245812E-02  8.740261E-02 -1.081382E+00 -3.589832E-02  6.245812E-02
 -3.589832E-02 -1.047143E+00  8.442233E-02  2.254467E-02  2.484565E-02
  2.547422E+00  8.539501E+02  1.528190E+02  0.000000E+00  0.000000E+00
  0.000000E+00  1.528190E+02  0.000000E+00  0.000000E+00  0.000000E+00
  1.466494E+02 -2.007879E+03
     42000  8.400000E+00        52
  8.382244E+12  6.655914E-01 -5.840842E+05  8.802531E+04 -6.785020E+05
  0.000000E+00  0.000000E+00  0.000000E+00  0.000000E+00 -5.840799E+05
  0.000000E+00 -4.084057E+03 -5.233606E+05  5.064915E+05  0.000000E+00
  0.000000E+00  0.000000E+00  0.000000E+00  3.424661E+06  2.388207E-04
  6.392522E+03  1.278504E+04  9.000000E+01  9.000000E+01  9.000000E+01
  0.000000E+00  6.291958E-01  8.382244E+12  8.913637E-01  6.863711E-02
  6.275540E-02  6.863711E-02  5.078245E-01 -4.893134E-02  6.275540E-02
 -4.893134E-02  4.883993E-01  1.029529E-01  2.856401E-02  3.311716E-02
  2.565469E+00  8.537826E+02  1.528170E+02  0.000000E+00  0.000000E+00
  0.000000E+00  1.528170E+02  0.000000E+00  0.000000E+00  0.000000E+00
  1.466475E+02  1.362729E+03
     43000  8.600000E+00        52
  8.382244E+12  4.321197E-01 -5.843011E+05  8.898782E+04 -6.797187E+05
  0.000000E+00  0.000000E+00  0.000000E+00  0.000000E+00 -5.842976E+05
  0.000000E+00 -8.037476E+03 -5.289081E+05  5.080111E+05  0.000000E+00
  0.000000E+00  0.000000E+00  0.000000E+00  3.438820E+06  1.133753E-04
  6.429744E+03  1.285949E+04  9.000000E+01  9.000000E+01  9.000000E+01
  0.000000E+00  1.232332E+00  8.382244E+12  1.488905E+00  6.381585E-02
  6.300468E-02  6.381585E-02  1.119852E+00 -5.791188E-02  6.300468E-02
 -5.791188E-02  1.088240E+00  1.221079E-01  3.565139E-02  4.163645E-02
  2.583574E+00  8.535381E+02  1.530273E+02  0.000000E+00  0.000000E+00
  0.000000E+00  1.530273E+02  0.000000E+00  0.000000E+00  0.000000E+00
  1.468493E+02  2.680052E+03
     44000  8.800000E+00        52
  8.382244E+12  3.721512E-01 -5.844704E+05  8.944119E+04 -6.803742E+05
  0.000000E+00  0.000000E+00  0.000000E+00  0.000000E+00 -5.844671E+05
  0.000000E+00 -1.006615E+04 -5.314355E+05  5.084443E+05  0.000000E+00
  0.000000E+00  0.000000E+00  0.000000E+00  3.460919E+06  1.167752E-04
  6.462557E+03  1.292511E+04  9.000000E+01  9.000000E+01  9.000000E+01
  0.000000E+00  1.533361E+00  8.382244E+12  1.781974E+00  5.833729E-02
  6.373730E-02  5.833729E-02  1.428336E+00 -6.019046E-02  6.373730E-02
 -6.019046E-02  1.389771E+00  1.427954E-01  4.358282E-02  5.043380E-02
  2.603666E+00  8.531797E+02  1.533544E+02  0.000000E+00  0.000000E+00
  0.000000E+00  1.533544E+02  0.000000E+00  0.000000E+00  0.000000E+00
  1.471632E+02  3.356153E+03
     45000  9.000000E+00        52
  8.382244E+12  3.400376E-01 -5.846261E+05  8.965965E+04 -6.807715E+05
  0.000000E+00  0.000000E+00  0.000000E+00  0.000000E+00 -5.846229E+05
  0.000000E+00 -1.125697E+04 -5.325555E+05  5.083272E+05  0.000000E+00
  0.000000E+00  0.000000E+00  0.000000E+00  3.488842E+06  7.147059E-05
  6.485666E+03  1.297133E+04  9.000000E+01  9.000000E+01  9.000000E+01
  0.000000E+00  1.700961E+00  8.382244E+12  1.938964E+00  5.105034E-02
  6.262400E-02  5.105034E-02  1.600076E+00 -6.377902E-02  6.262400E-02
 -6.377902E-02  1.563842E+00  1.663011E-01  5.244482E-02  5.993291E-02
  2.625669E+00  8.530243E+02  1.537657E+02  0.000000E+00  0.000000E+00
  0.000000E+00  1.537657E+02  0.000000E+00  0.000000E+00  0.000000E+00
  1.475579E+02  3.753026E+03
     46000  9.200000E+00        52
  8.382244E+12  3.688682E-01 -5.847759E+05  8.972807E+04 -6.810045E+05
  0.000000E+00  0.000000E+00  0.000000E+00  0.000000E+00 -5.847725E+05
  0.000000E+00 -1.194086E+04 -5.327859E+05  5.078440E+05  0.000000E+00
  0.000000E+00  0.000000E+00  0.000000E+00  3.521719E+06  1.370858E-04
  6.500521E+03  1.300104E+04  9.000000E+01  9.000000E+01  9.000000E+01
  0.000000E+00  1.787462E+00  8.382244E+12  2.015670E+00  4.469385E-02
  6.094176E-02  4.469385E-02  1.693678E+00 -6.258917E-02  6.094176E-02
 -6.258917E-02  1.653039E+00  1.925411E-01  6.248648E-02  7.044622E-02
  2.650320E+00  8.529826E+02  1.542472E+02  0.000000E+00  0.000000E+00
  0.000000E+00  1.542472E+02  0.000000E+00  0.000000E+00  0.000000E+00
  1.480199E+02  3.981049E+03
     47000  9.400000E+00        52
  8.382244E+12  3.804762E-01 -5.849289E+05  8.971186E+04 -6.811512E+05
  0.000000E+00  0.000000E+00  0.000000E+00  0.000000E+00 -5.849255E+05
  0.000000E+00 -1.236347E+04 -5.324980E+05  5.071136E+05  0.000000E+00
  0.000000E+00  0.000000E+00  0.000000E+00  3.559315E+06  1.492708E-04
  6.510459E+03  1.302092E+04  9.000000E+01  9.000000E+01  9.000000E+01
  0.000000E+00  1.831174E+00  8.382244E+12  2.048071E+00  4.230767E-02
  5.868352E-02  4.230767E-02  1.746312E+00 -5.787107E-02  5.868352E-02
 -5.787107E-02  1.699138E+00  2.223736E-01  7.395472E-02  8.229987E-02
  2.678146E+00  8.529605E+02  1.547941E+02  0.000000E+00  0.000000E+00
  0.000000E+00  1.547941E+02  0.000000E+00  0.000000E+00  0.000000E+00
  1.485448E+02  4.121944E+03
     48000  9.600000E+00        52
  8.382244E+12  4.860267E-01 -5.850861E+05  8.963692E+04 -6.812399E+05
  0.000000E+00  0.000000E+00  0.000000E+00  0.000000E+00 -5.850823E+05
  0.000000E+00 -1.261629E+04 -5.318360E+05  5.061859E+05  0.000000E+00
  0.000000E+00  0.000000E+00  0.000000E+00  3.601842E+06  8.520937E-04
  6.516903E+03  1.303381E+04  9.000000E+01  9.000000E+01  9.000000E+01
  0.000000E+00  1.846645E+00  8.382244E+12  2.053277E+00  3.793677E-02
  5.397967E-02  3.793677E-02  1.763723E+00 -5.428670E-02  5.397967E-02
 -5.428670E-02  1.722936E+00  2.560265E-01  8.708184E-02  9.597855E-02
  2.709312E+00  8.529520E+02  1.554082E+02  0.000000E+00  0.000000E+00
  0.000000E+00  1.554082E+02  0.000000E+00  0.000000E+00  0.000000E+00
  1.491341E+02  4.206435E+03
     49000  9.800000E+00        52
  8.382244E+12  4.485890E-01 -5.852535E+05  8.952318E+04 -6.813003E+05
  0.000000E+00  0.000000E+00  0.000000E+00  0.000000E+00 -5.852498E+05
  0.000000E+00 -1.276258E+04 -5.308992E+05  5.050893E+05  0.000000E+00
  0.000000E+00  0.000000E+00  0.000000E+00  3.649835E+06  9.121678E-05
  6.523666E+03  1.304733E+04  9.000000E+01  9.000000E+01  9.000000E+01
  0.000000E+00  1.843456E+00  8.382244E+12  2.044429E+00  3.614434E-02
  4.760077E-02  3.614434E-02  1.764299E+00 -4.647703E-02  4.760077E-02
 -4.647703E-02  1.721640E+00  2.940632E-01  1.023487E-01  1.119576E-01
  2.744567E+00  8.529561E+02  1.560954E+02  0.000000E+00  0.000000E+00
  0.000000E+00  1.560954E+02  0.000000E+00  0.000000E+00  0.000000E+00
  1.497935E+02  4.255123E+03
     50000  1.000000E+01        52
  8.382244E+12  5.331250E-01 -5.854284E+05  8.935558E+04 -6.813108E+05
  0.000000E+00  0.000000E+00  0.000000E+00  0.000000E+00 -5.854244E+05
  0.000000E+00 -1.278385E+04 -5.296342E+05  5.037967E+05  0.000000E+00
  0.000000E+00  0.000000E+00  0.000000E+00  3.704042E+06  1.148114E-04
  6.526795E+03  1.305359E+04  9.000000E+01  9.000000E+01  9.000000E+01
  0.000000E+00  1.819578E+00  8.382244E+12  2.015367E+00  3.295694E-02
  3.911715E-02  3.295694E-02  1.740261E+00 -4.131864E-02  3.911715E-02
 -4.131864E-02  1.703106E+00  3.364875E-01  1.203467E-01  1.307268E-01
  2.784663E+00  8.529725E+02  1.568644E+02  0.000000E+00  0.000000E+00
  0.000000E+00  1.568644E+02  0.000000E+00  0.000000E+00  0.000000E+00
  1.505315E+02  4.262385E+03
     51000  1.020000E+01        52
  8.382244E+12  6.496422E-01 -5.856193E+05  8.915276E+04 -6.813030E+05
  0.000000E+00  0.000000E+00  0.000000E+00  0.000000E+00 -5.856149E+05
  0.000000E+00 -1.273434E+04 -5.281169E+05  5.023206E+05  0.000000E+00
  0.000000E+00  0.000000E+00  0.000000E+00  3.765647E+06  1.193399E-04
  6.530993E+03  1.306199E+04  9.000000E+01  9.000000E+01  9.000000E+01
  0.000000E+00  1.782982E+00  8.382244E+12  1.973756E+00  2.773745E-02
  3.138856E-02  2.773745E-02  1.701470E+00 -3.735844E-02  3.138856E-02
 -3.735844E-02  1.673719E+00  3.859542E-01  1.419521E-01  1.532870E-01
  2.831002E+00  8.530004E+02  1.577292E+02  0.000000E+00  0.000000E+00
  0.000000E+00  1.577292E+02  0.000000E+00  0.000000E+00  0.000000E+00
  1.513614E+02  4.246123E+03
     52000  1.040000E+01        52
  8.382244E+12  8.835904E-01 -5.858327E+05  8.889874E+04 -6.812651E+05
  0.000000E+00  0.000000E+00  0.000000E+00  0.000000E+00 -5.858275E+05
  0.000000E+00 -1.259722E+04 -5.262814E+05  5.006168E+05  0.000000E+00
  0.000000E+00  0.000000E+00  0.000000E+00  3.836367E+06  1.928580E-04
  6.533700E+03  1.306740E+04  9.000000E+01  9.000000E+01  9.000000E+01
  0.000000E+00  1.731475E+00  8.382244E+12  1.917397E+00  2.237133E-02
  2.494923E-02  2.237133E-02  1.647906E+00 -3.144856E-02  2.494923E-02
 -3.144856E-02  1.629122E+00  4.450261E-01  1.684731E-01  1.808963E-01
  2.886736E+00  8.530299E+02  1.587105E+02  0.000000E+00  0.000000E+00
  0.000000E+00  1.587105E+02  0.000000E+00  0.000000E+00  0.000000E+00
  1.523031E+02  4.200901E+03
     53000  1.060000E+01        52
  8.382244E+12  1.231891E+00 -5.860844E+05  8.861348E+04 -6.812338E+05
  0.000000E+00  0.000000E+00  0.000000E+00  0.000000E+00 -5.860781E+05
  0.000000E+00 -1.245838E+04 -5.242208E+05  4.986905E+05  0.000000E+00
  0.000000E+00  0.000000E+00  0.000000E+00  3.918914E+06  5.578487E-04
  6.535948E+03  1.307190E+04  9.000000E+01  9.000000E+01  9.000000E+01
  0.000000E+00  1.676621E+00  8.382244E+12  1.856480E+00  1.402518E-02
  1.732672E-02  1.402518E-02  1.590903E+00 -1.887952E-02  1.732672E-02
 -1.887952E-02  1.582480E+00  5.191699E-01  2.017584E-01  2.155027E-01
  2.956656E+00  8.530879E+02  1.598408E+02  0.000000E+00  0.000000E+00
  0.000000E+00  1.598408E+02  0.000000E+00  0.000000E+00  0.000000E+00
  1.533877E+02  4.155341E+03
     54000  1.080000E+01        52
  8.382244E+12  1.737578E+00 -5.863708E+05  8.828315E+04 -6.811951E+05
  0.000000E+00  0.000000E+00  0.000000E+00  0.000000E+00 -5.863628E+05
  0.000000E+00 -1.227653E+04 -5.218071E+05  4.964482E+05  0.000000E+00
  0.000000E+00  0.000000E+00  0.000000E+00  4.018038E+06  7.363161E-04
  6.541184E+03  1.308237E+04  9.000000E+01  9.000000E+01  9.000000E+01
  0.000000E+00  1.611817E+00  8.382244E+12  1.781884E+00  9.469822E-03
  1.359559E-02  9.469822E-03  1.523978E+00 -1.190624E-02  1.359559E-02
 -1.190624E-02  1.529587E+00  6.125927E-01  2.445206E-01  2.594479E-01
  3.045436E+00  8.531558E+02  1.611772E+02  0.000000E+00  0.000000E+00
  0.000000E+00  1.611772E+02  0.000000E+00  0.000000E+00  0.000000E+00
  1.546702E+02  4.095771E+03
     55000  1.100000E+01        52
  8.382244E+12  2.591618E+00 -5.867159E+05  8.787947E+04 -6.811381E+05
  0.000000E+00  0.000000E+00  0.000000E+00  0.000000E+00 -5.867053E+05
  0.000000E+00 -1.202612E+04 -5.188770E+05  4.937655E+05  0.000000E+00
  0.000000E+00  0.000000E+00  0.000000E+00  4.141038E+06  5.632741E-04
  6.542713E+03  1.308543E+04  9.000000E+01  9.000000E+01  9.000000E+01
  0.000000E+00  1.532742E+00  8.382244E+12  1.697840E+00  7.439903E-03
  8.027304E-03  7.439903E-03  1.443834E+00 -1.319096E-02  8.027304E-03
 -1.319096E-02  1.456553E+00  7.351444E-01  3.018806E-01  3.181345E-01
  3.163266E+00  8.532441E+02  1.628054E+02  0.000000E+00  0.000000E+00
  0.000000E+00  1.628054E+02  0.000000E+00  0.000000E+00  0.000000E+00
  1.562326E+02  4.014065E+03
     56000  1.120000E+01        52
  8.382244E+12  4.882548E+00 -5.871667E+05  8.740963E+04 -6.811292E+05
  0.000000E+00  0.000000E+00  0.000000E+00  0.000000E+00 -5.871488E+05
  0.000000E+00 -1.176648E+04 -5.153620E+05  4.904897E+05  0.000000E+00
  0.000000E+00  0.000000E+00  0.000000E+00  4.302423E+06  1.029983E-03
  6.552902E+03  1.310580E+04  9.000000E+01  9.000000E+01  9.000000E+01
  0.000000E+00  1.445183E+00  8.382244E+12  1.609994E+00  3.740713E-03
  1.111563E-02  3.740713E-03  1.344608E+00 -1.102172E-02  1.111563E-02
 -1.102172E-02  1.380946E+00  9.077001E-01  3.840799E-01  4.020167E-01
  3.328461E+00  8.533872E+02  1.648934E+02  0.000000E+00  0.000000E+00
  0.000000E+00  1.648934E+02  0.000000E+00  0.000000E+00  0.000000E+00
  1.582364E+02  3.932258E+03
     57000  1.140000E+01        52
  8.382244E+12  9.994857E+00 -5.877788E+05  8.676719E+04 -6.811040E+05
  0.000000E+00  0.000000E+00  0.000000E+00  0.000000E+00 -5.877449E+05
  0.000000E+00 -1.135584E+04 -5.105971E+05  4.861252E+05  0.000000E+00
  0.000000E+00  0.000000E+00  0.000000E+00  4.535308E+06  3.411494E-03
  6.558060E+03  1.311612E+04  9.000000E+01  9.000000E+01  9.000000E+01
  0.000000E+00  1.326936E+00  8.382244E+12  1.474694E+00  9.627294E-03
  8.410718E-03  9.627294E-03  1.223905E+00 -6.780613E-03  8.410718E-03
 -6.780613E-03  1.282211E+00  1.167418E+00  5.135231E-01  5.332672E-01
  3.576739E+00  8.536207E+02  1.678165E+02  0.000000E+00  0.000000E+00
  0.000000E+00  1.678165E+02  0.000000E+00  0.000000E+00  0.000000E+00
  1.610414E+02  3.805949E+03
     58000  1.160000E+01        52
  8.382244E+12  3.178517E+01 -5.886952E+05  8.579456E+04 -6.810617E+05
  0.000000E+00  0.000000E+00  0.000000E+00  0.000000E+00 -5.885934E+05
  0.000000E+00 -1.053313E+04 -5.032272E+05  4.795500E+05  0.000000E+00
  0.000000E+00  0.000000E+00  0.000000E+00  4.932836E+06  1.466419E-02
  6.572023E+03  1.314405E+04  9.000000E+01  9.000000E+01  9.000000E+01
  0.000000E+00  1.146540E+00  8.382244E+12  1.259699E+00 -5.581686E-04
  1.475713E-02 -5.581686E-04  1.067452E+00  1.578075E-03  1.475713E-02
  1.578075E-03  1.112469E+00  1.637981E+00  7.579813E-01  7.828353E-01
  4.023187E+00  8.540465E+02  1.725829E+02  0.000000E+00  0.000000E+00
  0.000000E+00  1.725829E+02  0.000000E+00  0.000000E+00  0.000000E+00
  1.656155E+02  3.576777E+03
     59000  1.180000E+01        52
  8.382244E+12  2.554733E+02 -5.904932E+05  8.353158E+04 -6.806441E+05
  0.000000E+00  0.000000E+00  0.000000E+00  0.000000E+00 -5.896969E+05
  0.000000E+00 -7.677179E+03 -4.862858E+05  4.653701E+05  0.000000E+00
  0.000000E+00  0.000000E+00  0.000000E+00  5.984451E+06  9.481592E-02
  6.619262E+03  1.323852E+04  9.000000E+01  9.000000E+01  9.000000E+01
  0.000000E+00  8.157603E-01  8.382244E+12  8.849845E-01  2.766005E-03
  4.909614E-03  2.766005E-03  7.405743E-01  2.380974E-02  4.909614E-03
  2.380974E-02  8.217223E-01  2.947132E+00  1.474138E+00  1.538096E+00
  5.263464E+00  8.552152E+02  1.840661E+02  0.000000E+00  0.000000E+00
  0.000000E+00  1.840661E+02  0.000000E+00  0.000000E+00  0.000000E+00
  1.766350E+02  3.087400E+03
     60000  1.200000E+01        52
  8.382252E+12  4.607344E+01 -5.922390E+05  6.766779E+04 -6.674032E+05
  0.000000E+00  0.000000E+00  0.000000E+00  0.000000E+00 -5.920875E+05
  0.000000E+00  3.060726E+04 -3.856582E+05  4.012728E+05  0.000000E+00
  0.000000E+00  0.000000E+00  0.000000E+00  1.354651E+07  7.611988E+01
  7.496344E+03  1.499269E+04  9.000000E+01  9.000000E+01  9.000000E+01
  0.000000E+00 -1.179763E+00  8.382253E+12 -1.155789E+00  2.034335E-02
  8.298278E-03  2.034335E-02 -1.267652E+00  2.330692E-02  8.298278E-03
  2.330692E-02 -1.115847E+00  9.262913E+00  5.308368E+00  5.680412E+00
  1.117584E+01  1.538947E+03  2.416804E+02  0.000000E+00  0.000000E+00
  0.000000E+00  2.416804E+02  0.000000E+00  0.000000E+00  0.000000E+00
  2.319234E+02 -1.010714E+04
     61000  1.220000E+01        52
  8.382252E+12  9.397554E-01 -5.934156E+05  7.448314E+04 -6.741759E+05
  0.000000E+00  0.000000E+00  0.000000E+00  0.000000E+00 -5.934042E+05
  0.000000E+00  7.999760E+03 -4.203437E+05  4.157890E+05  0.000000E+00
  0.000000E+00  0.000000E+00  0.000000E+00  1.343683E+07  6.115521E-04
  6.277238E+03  1.255448E+04  9.000000E+01  9.000000E+01  9.000000E+01
  0.000000E+00 -3.135713E-01  8.382253E+12 -2.927676E-01  1.679031E-02
  1.751386E-03  1.679031E-02 -3.607303E-01 -1.942769E-03  1.751386E-03
 -1.942769E-03 -2.872161E-01  9.322327E+00  5.330095E+00  5.720927E+00
  1.121194E+01  1.536546E+03  2.410264E+02  0.000000E+00  0.000000E+00
  0.000000E+00  2.410264E+02  0.000000E+00  0.000000E+00  0.000000E+00
  2.312957E+02 -2.664643E+03
     62000  1.240000E+01        52
  8.382252E+12  6.128285E-01 -5.937535E+05  7.581608E+04 -6.758742E+05
  0.000000E+00  0.000000E+00  0.000000E+00  0.000000E+00 -5.937432E+05
  0.000000E+00  4.448877E+03 -4.280492E+05  4.198890E+05  0.000000E+00
  0.000000E+00  0.000000E+00  0.000000E+00  1.338813E+07  3.122693E-04
  6.304574E+03  1.260915E+04  9.000000E+01  9.000000E+01  9.000000E+01
  0.000000E+00 -1.749974E-01  8.382253E+12 -1.513126E-01  1.327080E-02
  2.028685E-03  1.327080E-02 -2.186742E-01 -2.874218E-03  2.028685E-03
 -2.874218E-03 -1.550055E-01  9.358029E+00  5.351159E+00  5.753794E+00
  1.122524E+01  1.536069E+03  2.407349E+02  0.000000E+00  0.000000E+00
  0.000000E+00  2.407349E+02  0.000000E+00  0.000000E+00  0.000000E+00
  2.310160E+02 -1.481692E+03
     63000  1.260000E+01        52
  8.382252E+12  4.969415E-01 -5.939931E+05  7.657694E+04 -6.769295E+05
  0.000000E+00  0.000000E+00  0.000000E+00  0.000000E+00 -5.939831E+05
  0.000000E+00  2.595374E+03 -4.324636E+05  4.223400E+05  0.000000E+00
  0.000000E+00  0.000000E+00  0.000000E+00  1.335835E+07  2.687227E-04
  6.359501E+03  1.271900E+04  9.000000E+01  9.000000E+01  9.000000E+01
  0.000000E+00 -1.022830E-01  8.382253E+12 -7.817539E-02  1.171150E-02
  1.436968E-03  1.171150E-02 -1.428107E-01 -2.197581E-03  1.436968E-03
 -2.197581E-03 -8.586298E-02  9.394766E+00  5.371711E+00  5.783358E+00
  1.124407E+01  1.536023E+03  2.405562E+02  0.000000E+00  0.000000E+00
  0.000000E+00  2.405562E+02  0.000000E+00  0.000000E+00  0.000000E+00
  2.308445E+02 -8.640970E+02
     64000  1.280000E+01        52
  8.382252E+12  4.422660E-01 -5.941742E+05  7.710388E+04 -6.776922E+05
  0.000000E+00  0.000000E+00  0.000000E+00  0.000000E+00 -5.941644E+05
  0.000000E+00  1.401887E+03 -4.354979E+05  4.240716E+05  0.000000E+00
  0.000000E+00  0.000000E+00  0.000000E+00  1.334030E+07  2.375381E-04
  6.414103E+03  1.282821E+04  9.000000E+01  9.000000E+01  9.000000E+01
  0.000000E+00 -5.528017E-02  8.382253E+12 -3.074378E-02  1.074310E-02
  1.859607E-03  1.074310E-02 -9.346693E-02 -1.923451E-03  1.859607E-03
 -1.923451E-03 -4.162981E-02  9.429930E+00  5.392862E+00  5.812241E+00
  1.126746E+01  1.535990E+03  2.404478E+02  0.000000E+00  0.000000E+00
  0.000000E+00  2.404478E+02  0.000000E+00  0.000000E+00  0.000000E+00
  2.307405E+02 -4.663811E+02
     65000  1.300000E+01        52
  8.382252E+12  4.123395E-01 -5.943287E+05  7.751491E+04 -6.783097E+05
  0.000000E+00  0.000000E+00  0.000000E+00  0.000000E+00 -5.943190E+05
  0.000000E+00  5.171800E+02 -4.378446E+05  4.254296E+05  0.000000E+00
  0.000000E+00  0.000000E+00  0.000000E+00  1.333093E+07  2.083777E-04
  6.466112E+03  1.293222E+04  9.000000E+01  9.000000E+01  9.000000E+01
  0.000000E+00 -2.034700E-02  8.382253E+12  4.484283E-03  1.060435E-02
  1.960230E-03  1.060435E-02 -5.623007E-02 -1.001980E-03  1.960230E-03
 -1.001980E-03 -9.295209E-03  9.467802E+00  5.415314E+00  5.841826E+00
  1.129600E+01  1.535961E+03  2.403915E+02  0.000000E+00  0.000000E+00
  0.000000E+00  2.403915E+02  0.000000E+00  0.000000E+00  0.000000E+00
  2.306865E+02 -1.715406E+02
     66000  1.320000E+01        52
  8.382252E+12  3.787185E-01 -5.944617E+05  7.785004E+04 -6.788252E+05
  0.000000E+00  0.000000E+00  0.000000E+00  0.000000E+00 -5.944521E+05
  0.000000E+00 -1.760939E+02 -4.397336E+05  4.265305E+05  0.000000E+00
  0.000000E+00  0.000000E+00  0.000000E+00  1.332899E+07  1.426379E-04
  6.513495E+03  1.302699E+04  9.000000E+01  9.000000E+01  9.000000E+01
  0.000000E+00  7.056287E-03  8.382253E+12  3.148689E-02  1.099061E-02
  1.717441E-03  1.099061E-02 -2.750145E-02 -1.144622E-03  1.717441E-03
 -1.144622E-03  1.718342E-02  9.508380E+00  5.439620E+00  5.872360E+00
  1.132937E+01  1.535941E+03  2.403799E+02  0.000000E+00  0.000000E+00
  0.000000E+00  2.403799E+02  0.000000E+00  0.000000E+00  0.000000E+00
  2.306753E+02  5.948117E+01
     67000  1.340000E+01        52
  8.382252E+12  3.717453E-01 -5.945837E+05  7.813653E+04 -6.792792E+05
  0.000000E+00  0.000000E+00  0.000000E+00  0.000000E+00 -5.945741E+05
  0.000000E+00 -7.428114E+02 -4.413270E+05  4.274662E+05  0.000000E+00
  0.000000E+00  0.000000E+00  0.000000E+00  1.333387E+07  9.714944E-05
  6.559009E+03  1.311802E+04  9.000000E+01  9.000000E+01  9.000000E+01
  0.000000E+00  2.945380E-02  8.382253E+12  5.315359E-02  1.114200E-02
  1.235573E-03  1.114200E-02 -3.112077E-03 -5.500352E-04  1.235573E-03
 -5.500352E-04  3.831988E-02  9.553545E+00  5.466257E+00  5.904574E+00
  1.136826E+01  1.535932E+03  2.404092E+02  0.000000E+00  0.000000E+00
  0.000000E+00  2.404092E+02  0.000000E+00  0.000000E+00  0.000000E+00
  2.307035E+02  2.483726E+02
     68000  1.360000E+01        52
  8.382252E+12  4.575191E-01 -5.947044E+05  7.837367E+04 -6.796801E+05
  0.000000E+00  0.000000E+00  0.000000E+00  0.000000E+00 -5.946945E+05
  0.000000E+00 -1.191810E+03 -4.426504E+05  4.282545E+05  0.000000E+00
  0.000000E+00  0.000000E+00  0.000000E+00  1.334527E+07  2.477548E-04
  6.602033E+03  1.320407E+04  9.000000E+01  9.000000E+01  9.000000E+01
  0.000000E+00  4.718302E-02  8.382253E+12  7.074317E-02  1.158559E-02
  9.258047E-04  1.158559E-02  1.595919E-02 -3.898658E-05  9.258047E-04
 -3.898658E-05  5.484671E-02  9.607743E+00  5.495741E+00  5.939278E+00
  1.141336E+01  1.535936E+03  2.404777E+02  0.000000E+00  0.000000E+00
  0.000000E+00  2.404777E+02  0.000000E+00  0.000000E+00  0.000000E+00
  2.307692E+02  3.982163E+02
     69000  1.380000E+01        52
  8.382252E+12  4.116604E-01 -5.948166E+05  7.858699E+04 -6.800425E+05
  0.000000E+00  0.000000E+00  0.000000E+00  0.000000E+00 -5.948069E+05
  0.000000E+00 -1.600957E+03 -4.438098E+05  4.289311E+05  0.000000E+00
  0.000000E+00  0.000000E+00  0.000000E+00  1.336342E+07  1.062280E-04
  6.638868E+03  1.327774E+04  9.000000E+01  9.000000E+01  9.000000E+01
  0.000000E+00  6.324514E-02  8.382253E+12  8.763526E-02  1.175395E-02
  2.192922E-03  1.175395E-02  3.294491E-02  6.105538E-04  2.192922E-03
  6.105538E-04  6.915524E-02  9.668043E+00  5.528736E+00  5.977385E+00
  1.146601E+01  1.535952E+03  2.405867E+02  0.000000E+00  0.000000E+00
  0.000000E+00  2.405867E+02  0.000000E+00  0.000000E+00  0.000000E+00
  2.308737E+02  5.345038E+02
     70000  1.400000E+01        52
  8.382252E+12  4.779036E-01 -5.949331E+05  7.877547E+04 -6.803835E+05
  0.000000E+00  0.000000E+00  0.000000E+00  0.000000E+00 -5.949231E+05
  0.000000E+00 -1.939299E+03 -4.448274E+05  4.295383E+05  0.000000E+00
  0.000000E+00  0.000000E+00  0.000000E+00  1.338871E+07  1.593110E-04
  6.674911E+03  1.334982E+04  9.000000E+01  9.000000E+01  9.000000E+01
  0.000000E+00  7.646138E-02  8.382253E+12  1.007747E-01  1.084059E-02
  2.882738E-03  1.084059E-02  4.770903E-02  1.061892E-03  2.882738E-03
  1.061892E-03  8.090038E-02  9.741736E+00  5.566182E+00  6.019504E+00
  1.152640E+01  1.535979E+03  2.407383E+02  0.000000E+00  0.000000E+00
  0.000000E+00  2.407383E+02  0.000000E+00  0.000000E+00  0.000000E+00
  2.310193E+02  6.474213E+02
     71000  1.420000E+01        52
  8.382252E+12  5.374737E-01 -5.950508E+05  7.895862E+04 -6.807196E+05
  0.000000E+00  0.000000E+00  0.000000E+00  0.000000E+00 -5.950406E+05
  0.000000E+00 -2.264365E+03 -4.457815E+05  4.300966E+05  0.000000E+00
  0.000000E+00  0.000000E+00  0.000000E+00  1.342244E+07  1.893035E-04
  6.710234E+03  1.342047E+04  9.000000E+01  9.000000E+01  9.000000E+01
  0.000000E+00  8.904854E-02  8.382253E+12  1.127825E-01  9.544167E-03
  3.313934E-03  9.544167E-03  6.124522E-02  2.773149E-03  3.313934E-03
  2.773149E-03  9.311790E-02  9.823832E+00  5.609028E+00  6.067337E+00
  1.159675E+01  1.536015E+03  2.409403E+02  0.000000E+00  0.000000E+00
  0.000000E+00  2.409403E+02  0.000000E+00  0.000000E+00  0.000000E+00
  2.312131E+02  7.558998E+02
     72000  1.440000E+01        52
  8.382252E+12  6.620822E-01 -5.951681E+05  7.911927E+04 -6.810310E+05
  0.000000E+00  0.000000E+00  0.000000E+00  0.000000E+00 -5.951575E+05
  0.000000E+00 -2.532458E+03 -4.466149E+05  4.305950E+05  0.000000E+00
  0.000000E+00  0.000000E+00  0.000000E+00  1.346600E+07  2.985354E-04
  6.743696E+03  1.348739E+04  9.000000E+01  9.000000E+01  9.000000E+01
  0.000000E+00  9.928420E-02  8.382253E+12  1.232878E-01  9.786223E-03
  3.465441E-03  9.786223E-03  7.264508E-02  3.289974E-03  3.465441E-03
  3.289974E-03  1.019198E-01  9.917379E+00  5.658659E+00  6.122668E+00
  1.167740E+01  1.536056E+03  2.412007E+02  0.000000E+00  0.000000E+00
  0.000000E+00  2.412007E+02  0.000000E+00  0.000000E+00  0.000000E+00
  2.314630E+02  8.455219E+02
     73000  1.460000E+01        52
  8.382252E+12  7.342789E-01 -5.952996E+05  7.928162E+04 -6.813589E+05
  0.000000E+00  0.000000E+00  0.000000E+00  0.000000E+00 -5.952888E+05
  0.000000E+00 -2.807548E+03 -4.474421E+05  4.310792E+05  0.000000E+00
  0.000000E+00  0.000000E+00  0.000000E+00  1.352186E+07  1.591839E-04
  6.777675E+03  1.355535E+04  9.000000E+01  9.000000E+01  9.000000E+01
  0.000000E+00  1.096144E-01  8.382253E+12  1.333118E-01  9.769346E-03
  4.181863E-03  9.769346E-03  8.470781E-02  3.806862E-03  4.181863E-03
  3.806862E-03  1.108237E-01  1.002386E+01  5.716873E+00  6.187217E+00
  1.177276E+01  1.536106E+03  2.415337E+02  0.000000E+00  0.000000E+00
  0.000000E+00  2.415337E+02  0.000000E+00  0.000000E+00  0.000000E+00
  2.317826E+02  9.373678E+02
     74000  1.480000E+01        52
  8.382252E+12  1.025978E+00 -5.954315E+05  7.942106E+04 -6.816623E+05
  0.000000E+00  0.000000E+00  0.000000E+00  0.000000E+00 -5.954197E+05
  0.000000E+00 -3.024656E+03 -4.481369E+05  4.314927E+05  0.000000E+00
  0.000000E+00  0.000000E+00  0.000000E+00  1.359334E+07  5.453681E-04
  6.809739E+03  1.361948E+04  9.000000E+01  9.000000E+01  9.000000E+01
  0.000000E+00  1.175264E-01  8.382253E+12  1.406323E-01  9.697184E-03
  4.678438E-03  9.697184E-03  9.482050E-02  3.677338E-03  4.678438E-03
  3.677338E-03  1.171265E-01  1.014558E+01  5.786738E+00  6.265897E+00
  1.188578E+01  1.536168E+03  2.419586E+02  0.000000E+00  0.000000E+00
  0.000000E+00  2.419586E+02  0.000000E+00  0.000000E+00  0.000000E+00
  2.321903E+02  1.010341E+03
     75000  1.500000E+01        52
  8.382252E+12  1.250298E+00 -5.955696E+05  7.956707E+04 -6.819803E+05
  0.000000E+00  0.000000E+00  0.000000E+00  0.000000E+00 -5.955571E+05
  0.000000E+00 -3.232309E+03 -4.488221E+05  4.319025E+05  0.000000E+00
  0.000000E+00  0.000000E+00  0.000000E+00  1.368645E+07  2.850049E-04
  6.843631E+03  1.368726E+04  9.000000E+01  9.000000E+01  9.000000E+01
  0.000000E+00  1.247774E-01  8.382253E+12  1.464547E-01  9.892792E-03
  4.985628E-03  9.892792E-03  1.045010E-01  4.400595E-03  4.985628E-03
  4.400595E-03  1.233764E-01  1.028978E+01  5.872882E+00  6.363063E+00
  1.202448E+01  1.536255E+03  2.425098E+02  0.000000E+00  0.000000E+00
  0.000000E+00  2.425098E+02  0.000000E+00  0.000000E+00  0.000000E+00
  2.327192E+02  1.080022E+03
     76000  1.520000E+01        52
  8.382252E+12  1.975495E+00 -5.957377E+05  7.971782E+04 -6.823329E+05
  0.000000E+00  0.000000E+00  0.000000E+00  0.000000E+00 -5.957228E+05
  0.000000E+00 -3.437615E+03 -4.495126E+05  4.323203E+05  0.000000E+00
  0.000000E+00  0.000000E+00  0.000000E+00  1.381170E+07  1.504709E-03
  6.877356E+03  1.375471E+04  9.000000E+01  9.000000E+01  9.000000E+01
  0.000000E+00  1.316523E-01  8.382253E+12  1.512669E-01  9.903384E-03
  5.574361E-03  9.903384E-03  1.142645E-01  3.798399E-03  5.574361E-03
  3.798399E-03  1.294257E-01  1.047495E+01  5.982689E+00  6.488202E+00
  1.220182E+01  1.536378E+03  2.432473E+02  0.000000E+00  0.000000E+00
  0.000000E+00  2.432473E+02  0.000000E+00  0.000000E+00  0.000000E+00
  2.334270E+02  1.149957E+03
     77000  1.540000E+01        52
  8.382252E+12  3.198426E+00 -5.959274E+05  7.985061E+04 -6.826892E+05
  0.000000E+00  0.000000E+00  0.000000E+00  0.000000E+00 -5.959087E+05
  0.000000E+00 -3.585234E+03 -4.500453E+05  4.326377E+05  0.000000E+00
  0.000000E+00  0.000000E+00  0.000000E+00  1.399061E+07  2.088036E-03
  6.911175E+03  1.382235E+04  9.000000E+01  9.000000E+01  9.000000E+01
  0.000000E+00  1.358159E-01  8.382253E+12  1.528011E-01  9.478953E-03
  6.067550E-03  9.478953E-03  1.215262E-01  3.755301E-03  6.067550E-03
  3.755301E-03  1.331205E-01  1.071796E+01  6.131418E+00  6.659374E+00
  1.243587E+01  1.536550E+03  2.442931E+02  0.000000E+00  0.000000E+00
  0.000000E+00  2.442931E+02  0.000000E+00  0.000000E+00  0.000000E+00
  2.344306E+02  1.201693E+03
     78000  1.560000E+01        52
  8.382252E+12  6.800801E+00 -5.961686E+05  7.998165E+04 -6.830986E+05
  0.000000E+00  0.000000E+00  0.000000E+00  0.000000E+00 -5.961385E+05
  0.000000E+00 -3.690040E+03 -4.504873E+05  4.329005E+05  0.000000E+00
  0.000000E+00  0.000000E+00  0.000000E+00  1.427498E+07  1.663541E-03
  6.948361E+03  1.389672E+04  9.000000E+01  9.000000E+01  9.000000E+01
  0.000000E+00  1.378053E-01  8.382253E+12  1.530011E-01  9.533099E-03
  6.468335E-03  9.533099E-03  1.252679E-01  3.885245E-03  6.468335E-03
  3.885245E-03  1.351469E-01  1.107701E+01  6.357294E+00  6.921688E+00
  1.278823E+01  1.536817E+03  2.459372E+02  0.000000E+00  0.000000E+00
  0.000000E+00  2.459372E+02  0.000000E+00  0.000000E+00  0.000000E+00
  2.360083E+02  1.244078E+03
     79000  1.580000E+01        52
  8.382252E+12  3.052826E+01 -5.965633E+05  8.011824E+04 -6.836839E+05
  0.000000E+00  0.000000E+00  0.000000E+00  0.000000E+00 -5.964592E+05
  0.000000E+00 -3.692568E+03 -4.507337E+05  4.330363E+05  0.000000E+00
  0.000000E+00  0.000000E+00  0.000000E+00  1.485502E+07  1.932049E-02
  7.002399E+03  1.400480E+04  9.000000E+01  9.000000E+01  9.000000E+01
  0.000000E+00  1.377375E-01  8.382253E+12  1.503480E-01  7.169888E-03
  6.492613E-03  7.169888E-03  1.281392E-01  2.220948E-03  6.492613E-03
  2.220948E-03  1.347252E-01  1.176262E+01  6.799729E+00  7.434205E+00
  1.346410E+01  1.537349E+03  2.492241E+02  0.000000E+00  0.000000E+00
  0.000000E+00  2.492241E+02  0.000000E+00  0.000000E+00  0.000000E+00
  2.391625E+02  1.293991E+03
     80000  1.600000E+01        52
  8.382252E+12  6.005496E+02 -5.973598E+05  7.970723E+04 -6.841913E+05
  0.000000E+00  0.000000E+00  0.000000E+00  0.000000E+00 -5.954858E+05
  0.000000E+00 -1.885804E+03 -4.466732E+05  4.305388E+05  0.000000E+00
  0.000000E+00  0.000000E+00  0.000000E+00  1.741601E+07  2.028829E-01
  7.124334E+03  1.424867E+04  9.000000E+01  9.000000E+01  9.000000E+01
  0.000000E+00  1.698337E-01  8.382253E+12  1.752819E-01  2.793276E-03
  5.968809E-03  2.793276E-03  1.681463E-01 -9.459868E-05  5.968809E-03
 -9.459868E-05  1.660730E-01  1.429873E+01  8.570510E+00  9.524170E+00
  1.601092E+01  1.539502E+03  2.627939E+02  0.000000E+00  0.000000E+00
  0.000000E+00  2.627939E+02  0.000000E+00  0.000000E+00  0.000000E+00
  2.521844E+02  1.870590E+03
     81000  1.620000E+01        52
  8.385602E+12  4.525670E-02 -5.960895E+05  6.337865E+04 -6.684789E+05
  0.000000E+00  0.000000E+00  0.000000E+00  0.000000E+00 -5.960706E+05
  0.000000E+00  4.532716E+04 -3.576805E+05  3.849862E+05  0.000000E+00
  0.000000E+00  0.000000E+00  0.000000E+00  2.975096E+07  2.784065E-04
  9.010754E+03  1.802151E+04  9.000000E+01  9.000000E+01  9.000000E+01
  0.000000E+00 -8.030221E-01  8.385602E+12 -7.959892E-01  1.599776E-02
  2.164031E-03  1.599776E-02 -8.261970E-01  4.730857E-03  2.164031E-03
  4.730857E-03 -7.868801E-01  2.038668E+01  1.300390E+01  1.483393E+01
  2.214387E+01  3.357510E+03  3.141468E+02  0.000000E+00  0.000000E+00
  0.000000E+00  3.141468E+02  0.000000E+00  0.000000E+00  0.000000E+00
  3.014642E+02 -1.510896E+04
     82000  1.640000E+01        52
  8.385602E+12  2.160279E-02 -5.965327E+05  6.614072E+04 -6.709598E+05
  0.000000E+00  0.000000E+00  0.000000E+00  0.000000E+00 -5.965139E+05
  0.000000E+00  3.564766E+04 -3.700770E+05  3.891521E+05  0.000000E+00
  0.000000E+00  0.000000E+00  0.000000E+00  2.971799E+07  9.451729E-05
  8.286298E+03  1.657260E+04  9.000000E+01  9.000000E+01  9.000000E+01
  0.000000E+00 -6.322411E-01  8.385602E+12 -6.276973E-01  1.502791E-02
  2.416559E-03  1.502791E-02 -6.518651E-01  3.491501E-03  2.416559E-03
  3.491501E-03 -6.171607E-01  2.039499E+01  1.300482E+01  1.483516E+01
  2.214975E+01  3.357534E+03  3.140307E+02  0.000000E+00  0.000000E+00
  0.000000E+00  3.140307E+02  0.000000E+00  0.000000E+00  0.000000E+00
  3.013527E+02 -1.188251E+04
     83000  1.660000E+01        52
  8.385602E+12  1.297172E-02 -5.967743E+05  6.792972E+04 -6.725357E+05
  0.000000E+00  0.000000E+00  0.000000E+00  0.000000E+00 -5.967555E+05
  0.000000E+00  2.946285E+04 -3.782718E+05  3.920712E+05  0.000000E+00
  0.000000E+00  0.000000E+00  0.000000E+00  2.969129E+07  4.476815E-05
  7.831693E+03  1.566339E+04  9.000000E+01  9.000000E+01  9.000000E+01
  0.000000E+00 -5.230187E-01  8.385602E+12 -5.197078E-01  1.417508E-02
  2.835420E-03  1.417508E-02 -5.399142E-01  3.123187E-03  2.835420E-03
  3.123187E-03 -5.094341E-01  2.040069E+01  1.300579E+01  1.483703E+01
  2.215520E+01  3.357564E+03  3.139367E+02  0.000000E+00  0.000000E+00
  0.000000E+00  3.139367E+02  0.000000E+00  0.000000E+00  0.000000E+00
  3.012625E+02 -9.820924E+03
     84000  1.680000E+01        52
  8.385602E+12  8.585402E-03 -5.969263E+05  6.923843E+04 -6.736901E+05
  0.000000E+00  0.000000E+00  0.000000E+00  0.000000E+00 -5.969075E+05
  0.000000E+00  2.505625E+04 -3.843575E+05  3.943631E+05  0.000000E+00
  0.000000E+00  0.000000E+00  0.000000E+00  2.966885E+07  2.249562E-05
  7.525363E+03  1.505073E+04  9.000000E+01  9.000000E+01  9.000000E+01
  0.000000E+00 -4.451302E-01  8.385602E+12 -4.427124E-01  1.344132E-02
  3.131719E-03  1.344132E-02 -4.598798E-01  2.849766E-03  3.131719E-03
  2.849766E-03 -4.327984E-01  2.040529E+01  1.300681E+01  1.483931E+01
  2.215972E+01  3.357580E+03  3.138576E+02  0.000000E+00  0.000000E+00
  0.000000E+00  3.138576E+02  0.000000E+00  0.000000E+00  0.000000E+00
  3.011866E+02 -8.352065E+03
     85000  1.700000E+01        52
  8.385602E+12  6.187685E-03 -5.970311E+05  7.023315E+04 -6.745790E+05
  0.000000E+00  0.000000E+00  0.000000E+00  0.000000E+00 -5.970123E+05
  0.000000E+00  2.180355E+04 -3.890568E+05  3.962307E+05  0.000000E+00
  0.000000E+00  0.000000E+00  0.000000E+00  2.964950E+07  1.225349E-05
  7.314789E+03  1.462958E+04  9.000000E+01  9.000000E+01  9.000000E+01
  0.000000E+00 -3.875982E-01  8.385602E+12 -3.858468E-01  1.295582E-02
  3.377236E-03  1.295582E-02 -4.007107E-01  2.583256E-03  3.377236E-03
  2.583256E-03 -3.762371E-01  2.040908E+01  1.300787E+01  1.484186E+01
  2.216335E+01  3.357599E+03  3.137893E+02  0.000000E+00  0.000000E+00
  0.000000E+00  3.137893E+02  0.000000E+00  0.000000E+00  0.000000E+00
  3.011211E+02 -7.267838E+03
     86000  1.720000E+01        52
  8.385602E+12  4.767572E-03 -5.971089E+05  7.100696E+04 -6.752832E+05
  0.000000E+00  0.000000E+00  0.000000E+00  0.000000E+00 -5.970902E+05
  0.000000E+00  1.934519E+04 -3.927751E+05  3.977857E+05  0.000000E+00
  0.000000E+00  0.000000E+00  0.000000E+00  2.963246E+07  7.392685E-06
  7.167313E+03  1.433463E+04  9.000000E+01  9.000000E+01  9.000000E+01
  0.000000E+00 -3.440942E-01  8.385602E+12 -3.427367E-01  1.256047E-02
  3.630988E-03  1.256047E-02 -3.559791E-01  2.351180E-03  3.630988E-03
  2.351180E-03 -3.335668E-01  2.041224E+01  1.300896E+01  1.484456E+01
  2.216626E+01  3.357618E+03  3.137292E+02  0.000000E+00  0.000000E+00
  0.000000E+00  3.137292E+02  0.000000E+00  0.000000E+00  0.000000E+00
  3.010634E+02 -6.448388E+03
     87000  1.740000E+01        52
  8.385602E+12  3.883364E-03 -5.971704E+05  7.162116E+04 -6.758544E+05
  0.000000E+00  0.000000E+00  0.000000E+00  0.000000E+00 -5.971517E+05
  0.000000E+00  1.744796E+04 -3.957802E+05  3.991026E+05  0.000000E+00
  0.000000E+00  0.000000E+00  0.000000E+00  2.961718E+07  4.606993E-06
  7.062805E+03  1.412561E+04  9.000000E+01  9.000000E+01  9.000000E+01
  0.000000E+00 -3.105083E-01  8.385602E+12 -3.094068E-01  1.219776E-02
  3.770971E-03  1.219776E-02 -3.214518E-01  2.174592E-03  3.770971E-03
  2.174592E-03 -3.006662E-01  2.041499E+01  1.301007E+01  1.484732E+01
  2.216859E+01  3.357637E+03  3.136752E+02  0.000000E+00  0.000000E+00
  0.000000E+00  3.136752E+02  0.000000E+00  0.000000E+00  0.000000E+00
  3.010116E+02 -5.815980E+03
     88000  1.760000E+01        52
  8.385602E+12  3.280362E-03 -5.972213E+05  7.211843E+04 -6.763272E+05
  0.000000E+00  0.000000E+00  0.000000E+00  0.000000E+00 -5.972025E+05
  0.000000E+00  1.595192E+04 -3.982577E+05  4.002345E+05  0.000000E+00
  0.000000E+00  0.000000E+00  0.000000E+00  2.960327E+07  3.124716E-06
  6.987521E+03  1.397504E+04  9.000000E+01  9.000000E+01  9.000000E+01
  0.000000E+00 -2.840177E-01  8.385602E+12 -2.831213E-01  1.186651E-02
  3.790677E-03  1.186651E-02 -2.942684E-01  2.060835E-03  3.790677E-03
  2.060835E-03 -2.746635E-01  2.041752E+01  1.301120E+01  1.485010E+01
  2.217043E+01  3.357658E+03  3.136261E+02  0.000000E+00  0.000000E+00
  0.000000E+00  3.136261E+02  0.000000E+00  0.000000E+00  0.000000E+00
  3.009645E+02 -5.317299E+03
     89000  1.780000E+01        52
  8.385602E+12  2.852308E-03 -5.972646E+05  7.252830E+04 -6.767253E+05
  0.000000E+00  0.000000E+00  0.000000E+00  0.000000E+00 -5.972459E+05
  0.000000E+00  1.474912E+04 -4.003360E+05  4.012203E+05  0.000000E+00
  0.000000E+00  0.000000E+00  0.000000E+00  2.959044E+07  2.297156E-06
  6.932441E+03  1.386488E+04  9.000000E+01  9.000000E+01  9.000000E+01
  0.000000E+00 -2.627162E-01  8.385602E+12 -2.619913E-01  1.158350E-02
  3.742140E-03  1.158350E-02 -2.724597E-01  1.992059E-03  3.742140E-03
  1.992059E-03 -2.536976E-01  2.041989E+01  1.301234E+01  1.485285E+01
  2.217190E+01  3.357680E+03  3.135808E+02  0.000000E+00  0.000000E+00
  0.000000E+00  3.135808E+02  0.000000E+00  0.000000E+00  0.000000E+00
  3.009210E+02 -4.916367E+03
     90000  1.800000E+01        52
  8.385602E+12  2.545404E-03 -5.973026E+05  7.287147E+04 -6.770657E+05
  0.000000E+00  0.000000E+00  0.000000E+00  0.000000E+00 -5.972839E+05
  0.000000E+00  1.376516E+04 -4.021065E+05  4.020883E+05  0.000000E+00
  0.000000E+00  0.000000E+00  0.000000E+00  2.957849E+07  1.803423E-06
  6.891672E+03  1.378334E+04  9.000000E+01  9.000000E+01  9.000000E+01
  0.000000E+00 -2.452886E-01  8.385602E+12 -2.447027E-01  1.134705E-02
  3.680894E-03  1.134705E-02 -2.546452E-01  1.942324E-03  3.680894E-03
  1.942324E-03 -2.365178E-01  2.042210E+01  1.301349E+01  1.485556E+01
  2.217308E+01  3.357706E+03  3.135386E+02  0.000000E+00  0.000000E+00
  0.000000E+00  3.135386E+02  0.000000E+00  0.000000E+00  0.000000E+00
  3.008805E+02 -4.588380E+03
     91000  1.820000E+01        52
  8.385602E+12  2.322152E-03 -5.973367E+05  7.316302E+04 -6.773609E+05
  0.000000E+00  0.000000E+00  0.000000E+00  0.000000E+00 -5.973180E+05
  0.000000E+00  1.294673E+04 -4.036361E+05  4.028606E+05  0.000000E+00
  0.000000E+00  0.000000E+00  0.000000E+00  2.956727E+07  1.557908E-06
  6.861158E+03  1.372232E+04  9.000000E+01  9.000000E+01  9.000000E+01
  0.000000E+00 -2.307921E-01  8.385602E+12 -2.303247E-01  1.115133E-02
  3.627269E-03  1.115133E-02 -2.398431E-01  1.895360E-03  3.627269E-03
  1.895360E-03 -2.222085E-01  2.042414E+01  1.301464E+01  1.485821E+01
  2.217404E+01  3.357738E+03  3.134990E+02  0.000000E+00  0.000000E+00
  0.000000E+00  3.134990E+02  0.000000E+00  0.000000E+00  0.000000E+00
  3.008424E+02 -4.315571E+03
     92000  1.840000E+01        52
  8.385602E+12  2.167049E-03 -5.973680E+05  7.341410E+04 -6.776202E+05
  0.000000E+00  0.000000E+00  0.000000E+00  0.000000E+00 -5.973493E+05
  0.000000E+00  1.225548E+04 -4.049749E+05  4.035541E+05  0.000000E+00
  0.000000E+00  0.000000E+00  0.000000E+00  2.955666E+07  1.692826E-06
  6.838143E+03  1.367629E+04  9.000000E+01  9.000000E+01  9.000000E+01
  0.000000E+00 -2.185482E-01  8.385602E+12 -2.181959E-01  1.099874E-02
  3.581452E-03  1.099874E-02 -2.273530E-01  1.843836E-03  3.581452E-03
  1.843836E-03 -2.100956E-01  2.042604E+01  1.301579E+01  1.486079E+01
  2.217480E+01  3.357781E+03  3.134614E+02  0.000000E+00  0.000000E+00
  0.000000E+00  3.134614E+02  0.000000E+00  0.000000E+00  0.000000E+00
  3.008064E+02 -4.085155E+03
     93000  1.860000E+01        52
  8.385602E+12  2.078546E-03 -5.973974E+05  7.363314E+04 -6.778513E+05
  0.000000E+00  0.000000E+00  0.000000E+00  0.000000E+00 -5.973787E+05
  0.000000E+00  1.166303E+04 -4.061611E+05  4.041826E+05  0.000000E+00
  0.000000E+00  0.000000E+00  0.000000E+00  2.954655E+07  1.668649E-06
  6.820801E+03  1.364160E+04  9.000000E+01  9.000000E+01  9.000000E+01
  0.000000E+00 -2.080544E-01  8.385602E+12 -2.078069E-01  1.087348E-02
  3.542146E-03  1.087348E-02 -2.166632E-01  1.791762E-03  3.542146E-03
  1.791762E-03 -1.996929E-01  2.042785E+01  1.301695E+01  1.486331E+01
  2.217541E+01  3.357838E+03  3.134257E+02  0.000000E+00  0.000000E+00
  0.000000E+00  3.134257E+02  0.000000E+00  0.000000E+00  0.000000E+00
  3.007721E+02 -3.887673E+03
     94000  1.880000E+01        52
  8.385602E+12  1.917704E-03 -5.974250E+05  7.382770E+04 -6.780594E+05
  0.000000E+00  0.000000E+00  0.000000E+00  0.000000E+00 -5.974063E+05
  0.000000E+00  1.114181E+04 -4.072275E+05  4.047560E+05  0.000000E+00
  0.000000E+00  0.000000E+00  0.000000E+00  2.953690E+07  1.542539E-06
  6.806638E+03  1.361328E+04  9.000000E+01  9.000000E+01  9.000000E+01
  0.000000E+00 -1.988213E-01  8.385602E+12 -1.985273E-01  1.064458E-02
  3.514542E-03  1.064458E-02 -2.072972E-01  1.736042E-03  3.514542E-03
  1.736042E-03 -1.906394E-01  2.042954E+01  1.301810E+01  1.486576E+01
  2.217590E+01  3.357870E+03  3.133916E+02  0.000000E+00  0.000000E+00
  0.000000E+00  3.133916E+02  0.000000E+00  0.000000E+00  0.000000E+00
  3.007394E+02 -3.713931E+03
     95000  1.900000E+01        52
  8.385602E+12  1.778519E-03 -5.974504E+05  7.400147E+04 -6.782470E+05
  0.000000E+00  0.000000E+00  0.000000E+00  0.000000E+00 -5.974317E+05
  0.000000E+00  1.068027E+04 -4.081907E+05  4.052807E+05  0.000000E+00
  0.000000E+00  0.000000E+00  0.000000E+00  2.952763E+07  1.098936E-06
  6.795106E+03  1.359021E+04  9.000000E+01  9.000000E+01  9.000000E+01
  0.000000E+00 -1.906452E-01  8.385602E+12 -1.902892E-01  1.040618E-02
  3.484037E-03  1.040618E-02 -1.989772E-01  1.687511E-03  3.484037E-03
  1.687511E-03 -1.826693E-01  2.043108E+01  1.301924E+01  1.486814E+01
  2.217632E+01  3.357882E+03  3.133588E+02  0.000000E+00  0.000000E+00
  0.000000E+00  3.133588E+02  0.000000E+00  0.000000E+00  0.000000E+00
  3.007079E+02 -3.560086E+03
     96000  1.920000E+01        52
  8.385602E+12  1.651357E-03 -5.974738E+05  7.415792E+04 -6.784174E+05
  0.000000E+00  0.000000E+00  0.000000E+00  0.000000E+00 -5.974551E+05
  0.000000E+00  1.026846E+04 -4.090669E+05  4.057639E+05  0.000000E+00
  0.000000E+00  0.000000E+00  0.000000E+00  2.951871E+07  9.743571E-07
  6.785718E+03  1.357144E+04  9.000000E+01  9.000000E+01  9.000000E+01
  0.000000E+00 -1.833497E-01  8.385602E+12 -1.829952E-01  1.017330E-02
  3.444782E-03  1.017330E-02 -1.914684E-01  1.620962E-03  3.444782E-03
  1.620962E-03 -1.755854E-01  2.043258E+01  1.302038E+01  1.487046E+01
  2.217668E+01  3.357889E+03  3.133272E+02  0.000000E+00  0.000000E+00
  0.000000E+00  3.133272E+02  0.000000E+00  0.000000E+00  0.000000E+00
  3.006776E+02 -3.422816E+03
     97000  1.940000E+01        52
  8.385602E+12  1.555646E-03 -5.974956E+05  7.429952E+04 -6.785732E+05
  0.000000E+00  0.000000E+00  0.000000E+00  0.000000E+00 -5.974769E+05
  0.000000E+00  9.899446E+03 -4.098677E+05  4.062110E+05  0.000000E+00
  0.000000E+00  0.000000E+00  0.000000E+00  2.951010E+07  8.587832E-07
  6.778093E+03  1.355619E+04  9.000000E+01  9.000000E+01  9.000000E+01
  0.000000E+00 -1.768123E-01  8.385602E+12 -1.764770E-01  9.966066E-03
  3.390716E-03  9.966066E-03 -1.847215E-01  1.537028E-03  3.390716E-03
  1.537028E-03 -1.692385E-01  2.043408E+01  1.302152E+01  1.487272E+01
  2.217699E+01  3.357894E+03  3.132968E+02  0.000000E+00  0.000000E+00
  0.000000E+00  3.132968E+02  0.000000E+00  0.000000E+00  0.000000E+00
  3.006484E+02 -3.299812E+03
     98000  1.960000E+01        52
  8.385602E+12  1.483810E-03 -5.975162E+05  7.442851E+04 -6.787167E+05
  0.000000E+00  0.000000E+00  0.000000E+00  0.000000E+00 -5.974975E+05
  0.000000E+00  9.566514E+03 -4.106044E+05  4.066269E+05  0.000000E+00
  0.000000E+00  0.000000E+00  0.000000E+00  2.950177E+07  8.017082E-07
  6.771999E+03  1.354400E+04  9.000000E+01  9.000000E+01  9.000000E+01
  0.000000E+00 -1.709141E-01  8.385602E+12 -1.705926E-01  9.797658E-03
  3.314108E-03  9.797658E-03 -1.786409E-01  1.456928E-03  3.314108E-03
  1.456928E-03 -1.635090E-01  2.043561E+01  1.302265E+01  1.487492E+01
  2.217725E+01  3.357896E+03  3.132673E+02  0.000000E+00  0.000000E+00
  0.000000E+00  3.132673E+02  0.000000E+00  0.000000E+00  0.000000E+00
  3.006201E+02 -3.188835E+03
     99000  1.980000E+01        52
  8.385602E+12  1.428503E-03 -5.975358E+05  7.454683E+04 -6.788498E+05
  0.000000E+00  0.000000E+00  0.000000E+00  0.000000E+00 -5.975171E+05
  0.000000E+00  9.263644E+03 -4.112862E+05  4.070155E+05  0.000000E+00
  0.000000E+00  0.000000E+00  0.000000E+00  2.949368E+07  7.817365E-07
  6.767169E+03  1.353434E+04  9.000000E+01  9.000000E+01  9.000000E+01
  0.000000E+00 -1.655485E-01  8.385602E+12 -1.652316E-01  9.660330E-03
  3.219657E-03  9.660330E-03 -1.731179E-01  1.388187E-03  3.219657E-03
  1.388187E-03 -1.582959E-01  2.043714E+01  1.302377E+01  1.487707E+01
  2.217748E+01  3.357896E+03  3.132387E+02  0.000000E+00  0.000000E+00
  0.000000E+00  3.132387E+02  0.000000E+00  0.000000E+00  0.000000E+00
  3.005926E+02 -3.087878E+03
    100000  2.000000E+01        52
  8.385602E+12  1.370096E-03 -5.975546E+05  7.465632E+04 -6.789742E+05
  0.000000E+00  0.000000E+00  0.000000E+00  0.000000E+00 -5.975359E+05
  0.000000E+00  8.984980E+03 -4.119220E+05  4.073805E+05  0.000000E+00
  0.000000E+00  0.000000E+00  0.000000E+00  2.948583E+07  6.147778E-07
  6.763269E+03  1.352654E+04  9.000000E+01  9.000000E+01  9.000000E+01
  0.000000E+00 -1.606113E-01  8.385602E+12 -1.602849E-01  9.528195E-03
  3.140665E-03  9.528195E-03 -1.680582E-01  1.317903E-03  3.140665E-03
  1.317903E-03 -1.534908E-01  2.043866E+01  1.302488E+01  1.487916E+01
  2.217769E+01  3.357897E+03  3.132108E+02  0.000000E+00  0.000000E+00
  0.000000E+00  3.132108E+02  0.000000E+00  0.000000E+00  0.000000E+00
  3.005660E+02 -2.994990E+03
    101000  2.020000E+01        52
  8.385602E+12  1.298834E-03 -5.975724E+05  7.475849E+04 -6.790908E+05
  0.000000E+00  0.000000E+00  0.000000E+00  0.000000E+00 -5.975537E+05
  0.000000E+00  8.726314E+03 -4.125180E+05  4.077245E+05  0.000000E+00
  0.000000E+00  0.000000E+00  0.000000E+00  2.947819E+07  6.208063E-07
  6.759936E+03  1.351987E+04  9.000000E+01  9.000000E+01  9.000000E+01
  0.000000E+00 -1.560279E-01  8.385602E+12 -1.556682E-01  9.374838E-03
  3.104536E-03  9.374838E-03 -1.633919E-01  1.234205E-03  3.104536E-03
  1.234205E-03 -1.490237E-01  2.044009E+01  1.302599E+01  1.488121E+01
  2.217788E+01  3.357896E+03  3.131838E+02  0.000000E+00  0.000000E+00
  0.000000E+00  3.131838E+02  0.000000E+00  0.000000E+00  0.000000E+00
  3.005400E+02 -2.908769E+03
    102000  2.040000E+01        52
  8.385602E+12  1.241241E-03 -5.975892E+05  7.485384E+04 -6.792003E+05
  0.000000E+00  0.000000E+00  0.000000E+00  0.000000E+00 -5.975706E+05
  0.000000E+00  8.486862E+03 -4.130770E+05  4.080495E+05  0.000000E+00
  0.000000E+00  0.000000E+00  0.000000E+00  2.947074E+07  5.994074E-07
  6.757205E+03  1.351441E+04  9.000000E+01  9.000000E+01  9.000000E+01
  0.000000E+00 -1.517848E-01  8.385602E+12 -1.513755E-01  9.217016E-03
  3.078733E-03  9.217016E-03 -1.590815E-01  1.160327E-03  3.078733E-03
  1.160327E-03 -1.448975E-01  2.044140E+01  1.302709E+01  1.488321E+01
  2.217805E+01  3.357896E+03  3.131574E+02  0.000000E+00  0.000000E+00
  0.000000E+00  3.131574E+02  0.000000E+00  0.000000E+00  0.000000E+00
  3.005147E+02 -2.828951E+03
    103000  2.060000E+01        52
  8.385602E+12  1.197140E-03 -5.976053E+05  7.494295E+04 -6.793034E+05
  0.000000E+00  0.000000E+00  0.000000E+00  0.000000E+00 -5.975867E+05
  0.000000E+00  8.264888E+03 -4.136025E+05  4.083572E+05  0.000000E+00
  0.000000E+00  0.000000E+00  0.000000E+00  2.946347E+07  5.804985E-07
  6.755091E+03  1.351018E+04  9.000000E+01  9.000000E+01  9.000000E+01
  0.000000E+00 -1.478514E-01  8.385602E+12 -1.473887E-01  9.068532E-03
  3.046555E-03  9.068532E-03 -1.550837E-01  1.106448E-03  3.046555E-03
  1.106448E-03 -1.410818E-01  2.044263E+01  1.302819E+01  1.488518E+01
  2.217820E+01  3.357896E+03  3.131317E+02  0.000000E+00  0.000000E+00
  0.000000E+00  3.131317E+02  0.000000E+00  0.000000E+00  0.000000E+00
  3.004900E+02 -2.754960E+03
    104000  2.080000E+01        52
  8.385602E+12  1.159170E-03 -5.976209E+05  7.502667E+04 -6.794010E+05
  0.000000E+00  0.000000E+00  0.000000E+00  0.000000E+00 -5.976022E+05
  0.000000E+00  8.057735E+03 -4.140989E+05  4.086496E+05  0.000000E+00
  0.000000E+00  0.000000E+00  0.000000E+00  2.945637E+07  5.470661E-07
  6.753502E+03  1.350700E+04  9.000000E+01  9.000000E+01  9.000000E+01
  0.000000E+00 -1.441804E-01  8.385602E+12 -1.436637E-01  8.935271E-03
  3.013601E-03  8.935271E-03 -1.513501E-01  1.073966E-03  3.013601E-03
  1.073966E-03 -1.375272E-01  2.044381E+01  1.302927E+01  1.488710E+01
  2.217834E+01  3.357896E+03  3.131065E+02  0.000000E+00  0.000000E+00
  0.000000E+00  3.131065E+02  0.000000E+00  0.000000E+00  0.000000E+00
  3.004658E+02 -2.685909E+03
    105000  2.100000E+01        52
  8.385602E+12  1.118565E-03 -5.976358E+05  7.510587E+04 -6.794940E+05
  0.000000E+00  0.000000E+00  0.000000E+00  0.000000E+00 -5.976171E+05
  0.000000E+00  7.862832E+03 -4.145702E+05  4.089284E+05  0.000000E+00
  0.000000E+00  0.000000E+00  0.000000E+00  2.944943E+07  4.950759E-07
  6.752311E+03  1.350462E+04  9.000000E+01  9.000000E+01  9.000000E+01
  0.000000E+00 -1.407261E-01  8.385602E+12 -1.401528E-01  8.824126E-03
  2.993197E-03  8.824126E-03 -1.478400E-01  1.058826E-03  2.993197E-03
  1.058826E-03 -1.341853E-01  2.044496E+01  1.303036E+01  1.488899E+01
  2.217846E+01  3.357896E+03  3.130819E+02  0.000000E+00  0.000000E+00
  0.000000E+00  3.130819E+02  0.000000E+00  0.000000E+00  0.000000E+00
  3.004422E+02 -2.620942E+03
    106000  2.120000E+01        52
  8.385602E+12  1.077389E-03 -5.976501E+05  7.518097E+04 -6.795825E+05
  0.000000E+00  0.000000E+00  0.000000E+00  0.000000E+00 -5.976315E+05
  0.000000E+00  7.679005E+03 -4.150186E+05  4.091947E+05  0.000000E+00
  0.000000E+00  0.000000E+00  0.000000E+00  2.944263E+07  4.663158E-07
  6.751442E+03  1.350288E+04  9.000000E+01  9.000000E+01  9.000000E+01
  0.000000E+00 -1.374677E-01  8.385602E+12 -1.368352E-01  8.731169E-03
  2.982283E-03  8.731169E-03 -1.445350E-01  1.046738E-03  2.982283E-03
