title: # Li56 La24 Zr16 O96                                                    
energy unitS: electron Volts
         0  0.000000E+00        52
 -5.376408E+05  1.000000E+03 -5.407429E+05  6.307024E+04 -6.038132E+05
  0.000000E+00  0.000000E+00  0.000000E+00  0.000000E+00 -5.376406E+05
  0.000000E+00  1.563293E+05 -4.473454E+05  6.036747E+05  0.000000E+00
  0.000000E+00  0.000000E+00  0.000000E+00  2.781571E+05  0.000000E+00
  0.000000E+00  0.000000E+00  9.000000E+01  9.000000E+01  9.000000E+01
  0.000000E+00 -2.844695E+02  0.000000E+00 -2.978421E+02 -4.015485E-02
  4.105647E-03 -4.015485E-02 -2.977910E+02  6.980197E-02  4.105647E-03
  6.980197E-02 -2.577755E+02  0.000000E+00  0.000000E+00  0.000000E+00
  0.000000E+00  0.000000E+00  6.618035E+01  0.000000E+00  0.000000E+00
  0.000000E+00  6.618035E+01  0.000000E+00  0.000000E+00  0.000000E+00
  6.350853E+01 -5.004168E+04
      1000  2.893520E-01        52
 -5.701604E+05  9.995474E+02 -5.732620E+05  1.135019E+05 -6.923010E+05
  0.000000E+00  0.000000E+00  0.000000E+00  0.000000E+00 -5.701611E+05
  0.000000E+00  6.271054E+03 -6.968432E+05  6.920400E+05  0.000000E+00
  0.000000E+00  0.000000E+00  0.000000E+00  2.767984E+05  1.040789E+00
  5.537112E+03  1.107422E+04  9.000000E+01  9.000000E+01  9.000000E+01
  0.000000E+00 -1.325367E-01  8.692931E-01 -1.488108E+01  4.606937E-01
 -1.383046E-01  4.606937E-01 -1.675256E+01  1.768748E+00 -1.383046E-01
  1.768748E+00  3.123603E+01  1.913430E+00  5.304935E-01  5.261374E-01
  1.208611E+00  1.234892E+00  6.607242E+01  0.000000E+00  0.000000E+00
  0.000000E+00  6.607242E+01  0.000000E+00  0.000000E+00  0.000000E+00
  6.340495E+01 -2.320094E+01
      2000  5.787040E-01        52
  4.747878E+07  1.825279E+06 -5.387905E+05  8.706683E+04 -6.507875E+05
  0.000000E+00  0.000000E+00  0.000000E+00  0.000000E+00  5.123462E+06
  0.000000E+00  1.878251E+05 -5.108286E+05  6.487933E+05  0.000000E+00
  0.000000E+00  0.000000E+00  0.000000E+00  4.616993E+05  3.583093E+06
  2.493022E+04  4.986044E+04  9.000000E+01  9.000000E+01  9.000000E+01
  0.000000E+00  1.271362E+04  4.235532E+07  7.364127E+03 -9.683560E+03
  1.187678E+04 -9.683560E+03  1.211974E+04 -1.527117E+04  1.187678E+04
 -1.527117E+04  1.865699E+04  3.129774E+00  1.064425E+00  9.441029E-01
  2.869360E+00  2.508444E+03  7.835837E+01  0.000000E+00  0.000000E+00
  0.000000E+00  7.835837E+01  0.000000E+00  0.000000E+00  0.000000E+00
  7.519490E+01  3.712226E+06
      3000  8.680560E-01        52
  4.167502E+07  1.000000E+03 -5.564371E+05  1.040423E+05 -6.668278E+05
  0.000000E+00  0.000000E+00  0.000000E+00  0.000000E+00 -5.533345E+05
  0.000000E+00  7.087008E+04 -6.012040E+05  6.593773E+05  0.000000E+00
  0.000000E+00  0.000000E+00  0.000000E+00  6.725332E+05  3.154005E-02
  6.348411E+03  1.269682E+04  9.000000E+01  9.000000E+01  9.000000E+01
  0.000000E+00 -5.067967E+01  4.222835E+07 -5.059638E+01  2.174194E+00
 -1.416057E+00  2.174194E+00 -5.062094E+01 -1.640853E+00 -1.416057E+00
 -1.640853E+00 -5.082167E+01  5.194719E+00  2.062157E+00  1.705791E+00
  7.113010E+00  4.508890E+03  8.882535E+01  0.000000E+00  0.000000E+00
  0.000000E+00  8.882535E+01  0.000000E+00  0.000000E+00  0.000000E+00
  8.523931E+01 -2.155527E+04
      4000  1.157408E+00        52
  4.168513E+07  1.001359E+03 -5.603080E+05  1.110415E+05 -6.783353E+05
  0.000000E+00  0.000000E+00  0.000000E+00  0.000000E+00 -5.572012E+05
  0.000000E+00  3.474655E+04 -6.459330E+05  6.667079E+05  0.000000E+00
  0.000000E+00  0.000000E+00  0.000000E+00  7.767283E+05  5.098358E-01
  6.985862E+03  1.397172E+04  9.000000E+01  9.000000E+01  9.000000E+01
  0.000000E+00 -1.936262E+01  4.224233E+07 -1.833709E+01  1.126891E+00
  5.452901E-01  1.126891E+00 -1.871195E+01  2.250670E-01  5.452901E-01
  2.250670E-01 -2.103882E+01  7.396511E+00  4.247571E+00  3.348382E+00
  1.317586E+01  5.206375E+03  9.319416E+01  0.000000E+00  0.000000E+00
  0.000000E+00  9.319416E+01  0.000000E+00  0.000000E+00  0.000000E+00
  8.943174E+01 -9.511287E+03
      5000  1.446760E+00        52
  4.173358E+07  7.225810E+03 -5.367455E+05  1.120751E+05 -6.823042E+05
  0.000000E+00  0.000000E+00  0.000000E+00  0.000000E+00 -5.143296E+05
  0.000000E+00  7.942256E+04 -6.555044E+05  6.679598E+05  0.000000E+00
  0.000000E+00  0.000000E+00  0.000000E+00  8.336027E+05  1.238247E+04
  3.348359E+04  6.696718E+04  9.000000E+01  9.000000E+01  9.000000E+01
  0.000000E+00 -2.187189E+01  4.224791E+07 -8.165018E+00 -1.714130E-01
  2.766341E+00 -1.714130E-01 -2.157707E+01  1.040920E+01  2.766341E+00
  1.040920E+01 -3.587359E+01  9.489902E+00  6.438667E+00  5.051140E+00
  2.272430E+01  5.621164E+03  9.541545E+01  0.000000E+00  0.000000E+00
  0.000000E+00  9.541545E+01  0.000000E+00  0.000000E+00  0.000000E+00
  9.156336E+01 -1.153059E+04
      6000  1.736112E+00        52
  4.169149E+07  1.000000E+03 -5.628693E+05  1.107156E+05 -6.815497E+05
  0.000000E+00  0.000000E+00  0.000000E+00  0.000000E+00 -5.597666E+05
  0.000000E+00  3.192944E+04 -6.492555E+05  6.652553E+05  0.000000E+00
  0.000000E+00  0.000000E+00  0.000000E+00  8.703232E+05  5.151196E-02
  7.964844E+03  1.592969E+04  9.000000E+01  9.000000E+01  9.000000E+01
  0.000000E+00 -1.557939E+01  4.225126E+07 -1.540740E+01  1.381987E+00
 -4.377754E+00  1.381987E+00 -1.710714E+01 -5.186015E+00 -4.377754E+00
 -5.186015E+00 -1.422364E+01  1.025572E+01  7.174210E+00  5.726201E+00
  2.805509E+01  5.839261E+03  9.679640E+01  0.000000E+00  0.000000E+00
  0.000000E+00  9.679640E+01  0.000000E+00  0.000000E+00  0.000000E+00
  9.288855E+01 -8.575059E+03
      7000  2.025464E+00        52
  4.234723E+07  9.976932E+02 -5.635323E+05  1.106715E+05 -6.809421E+05
  0.000000E+00  0.000000E+00  0.000000E+00  0.000000E+00 -5.604368E+05
  0.000000E+00  2.519098E+04 -6.490159E+05  6.607304E+05  0.000000E+00
  0.000000E+00  0.000000E+00  0.000000E+00  9.411848E+05  6.982662E+00
  6.738257E+03  1.347651E+04  9.000000E+01  9.000000E+01  9.000000E+01
  0.000000E+00 -1.064082E+01  4.290767E+07 -5.199195E+00 -1.773778E+00
  2.260887E-01 -1.773778E+00 -1.233491E+01  7.359227E-02  2.260887E-01
  7.359227E-02 -1.438834E+01  1.124288E+01  8.002213E+00  6.532939E+00
  3.337115E+01  6.123478E+03  9.935521E+01  0.000000E+00  0.000000E+00
  0.000000E+00  9.935521E+01  0.000000E+00  0.000000E+00  0.000000E+00
  9.534406E+01 -6.333676E+03
      8000  2.314816E+00        52
  4.238020E+07  1.003014E+03 -5.634665E+05  1.088395E+05 -6.791094E+05
  0.000000E+00  0.000000E+00  0.000000E+00  0.000000E+00 -5.603543E+05
  0.000000E+00  2.286425E+04 -6.391214E+05  6.483787E+05  0.000000E+00
  0.000000E+00  0.000000E+00  0.000000E+00  1.110714E+06  2.056847E+00
  6.803436E+03  1.360687E+04  9.000000E+01  9.000000E+01  9.000000E+01
  0.000000E+00 -7.896915E+00  4.294056E+07 -3.741196E+00 -6.421026E-01
  5.152645E-01 -6.421026E-01 -9.067816E+00  3.498604E-01  5.152645E-01
  3.498604E-01 -1.088173E+01  1.299822E+01  9.727836E+00  8.164018E+00
  4.253805E+01  6.872423E+03  1.049945E+02  0.000000E+00  0.000000E+00
  0.000000E+00  1.049945E+02  0.000000E+00  0.000000E+00  0.000000E+00
  1.007557E+02 -5.547097E+03
      9000  2.604168E+00        52
  4.255870E+07  1.000000E+03 -5.650431E+05  1.107982E+05 -6.830176E+05
  0.000000E+00  0.000000E+00  0.000000E+00  0.000000E+00 -5.619403E+05
  0.000000E+00  1.373989E+04 -6.511040E+05  6.504913E+05  0.000000E+00
  0.000000E+00  0.000000E+00  0.000000E+00  1.125134E+06  2.945713E-02
  7.176311E+03  1.435262E+04  9.000000E+01  9.000000E+01  9.000000E+01
  0.000000E+00 -3.530109E+00  4.312065E+07 -3.702534E+00 -3.702159E-01
 -2.747482E+00 -3.702159E-01 -5.041979E+00  2.159841E-01 -2.747482E+00
  2.159841E-01 -1.845816E+00  1.464758E+01  1.124154E+01  9.496852E+00
  5.127357E+01  6.978893E+03  1.054469E+02  0.000000E+00  0.000000E+00
  0.000000E+00  1.054469E+02  0.000000E+00  0.000000E+00  0.000000E+00
  1.011898E+02 -2.511877E+03
     10000  2.893520E+00        52
  6.439633E+07  1.001425E+03 -5.643885E+05  1.001448E+05 -6.709353E+05
  0.000000E+00  0.000000E+00  0.000000E+00  0.000000E+00 -5.612811E+05
  0.000000E+00  3.839889E+04 -5.920405E+05  6.176354E+05  0.000000E+00
  0.000000E+00  0.000000E+00  0.000000E+00  1.438506E+06  1.604516E-01
  6.401980E+03  1.280396E+04  9.000000E+01  9.000000E+01  9.000000E+01
  0.000000E+00 -1.179303E+01  6.495761E+07 -1.311537E+01  3.874957E-01
 -4.510436E-01  3.874957E-01 -1.075322E+01 -1.272109E+00 -4.510436E-01
 -1.272109E+00 -1.151048E+01  1.638214E+01  1.264918E+01  1.097449E+01
  6.092314E+01  8.710934E+03  1.144466E+02  0.000000E+00  0.000000E+00
  0.000000E+00  1.144466E+02  0.000000E+00  0.000000E+00  0.000000E+00
  1.098262E+02 -1.072860E+04
     11000  3.182872E+00        52
  6.440055E+07  1.002877E+03 -5.664248E+05  1.072601E+05 -6.803364E+05
  0.000000E+00  0.000000E+00  0.000000E+00  0.000000E+00 -5.633128E+05
  0.000000E+00  1.563947E+02 -6.314843E+05  6.183378E+05  0.000000E+00
  0.000000E+00  0.000000E+00  0.000000E+00  1.537537E+06  7.061027E-01
  6.651462E+03  1.330292E+04  9.000000E+01  9.000000E+01  9.000000E+01
  0.000000E+00  2.079357E+00  6.496386E+07  8.078886E-01 -2.609387E-01
  4.651238E-01 -2.609387E-01  6.286780E+00 -8.468659E-01  4.651238E-01
 -8.468659E-01 -8.565971E-01  1.806600E+01  1.416799E+01  1.245506E+01
  6.803429E+01  8.979931E+03  1.170148E+02  0.000000E+00  0.000000E+00
  0.000000E+00  1.170148E+02  0.000000E+00  0.000000E+00  0.000000E+00
  1.122907E+02  2.021905E+03
     12000  3.472224E+00        52
  1.460450E+08  1.000000E+03 -5.673163E+05  1.085694E+05 -6.832898E+05
  0.000000E+00  0.000000E+00  0.000000E+00  0.000000E+00 -5.642131E+05
  0.000000E+00 -7.123475E+03 -6.389186E+05  6.169868E+05  0.000000E+00
  0.000000E+00  0.000000E+00  0.000000E+00  1.562640E+06  3.230612E-02
  7.404167E+03  1.480833E+04  9.000000E+01  9.000000E+01  9.000000E+01
  0.000000E+00  4.495417E+00  1.466092E+08  5.335751E+00  3.741757E-01
  6.077800E-01  3.741757E-01  5.459427E+00 -2.337388E-01  6.077800E-01
 -2.337388E-01  2.691073E+00  1.993758E+01  1.558645E+01  1.374075E+01
  7.678414E+01  9.053406E+03  1.176482E+02  0.000000E+00  0.000000E+00
  0.000000E+00  1.176482E+02  0.000000E+00  0.000000E+00  0.000000E+00
  1.128985E+02  4.442578E+03
     13000  3.761576E+00        52
  1.460463E+08  1.000273E+03 -5.694230E+05  1.091769E+05 -6.858032E+05
  0.000000E+00  0.000000E+00  0.000000E+00  0.000000E+00 -5.663190E+05
  0.000000E+00 -1.763394E+04 -6.436859E+05  6.116454E+05  0.000000E+00
  0.000000E+00  0.000000E+00  0.000000E+00  1.653043E+06  1.631511E-01
  7.203288E+03  1.440658E+04  9.000000E+01  9.000000E+01  9.000000E+01
  0.000000E+00  7.601391E+00  1.466126E+08  7.616575E+00 -1.821131E-01
  2.136607E+00 -1.821131E-01  7.041634E+00 -1.090904E-02  2.136607E+00
 -1.090904E-02  8.145964E+00  2.232659E+01  1.723418E+01  1.531170E+01
  8.843013E+01  9.336133E+03  1.198746E+02  0.000000E+00  0.000000E+00
  0.000000E+00  1.198746E+02  0.000000E+00  0.000000E+00  0.000000E+00
  1.150350E+02  7.946633E+03
     14000  4.050928E+00        52
  1.460450E+08  1.000440E+03 -5.707522E+05  1.112284E+05 -6.894991E+05
  0.000000E+00  0.000000E+00  0.000000E+00  0.000000E+00 -5.676476E+05
  0.000000E+00 -2.816407E+04 -6.565225E+05  6.133215E+05  0.000000E+00
  0.000000E+00  0.000000E+00  0.000000E+00  1.665408E+06  2.083322E+00
  7.518487E+03  1.503697E+04  9.000000E+01  9.000000E+01  9.000000E+01
  0.000000E+00  1.087790E+01  1.466126E+08  1.320379E+01  5.930635E-01
  7.414495E-01  5.930635E-01  1.047765E+01 -1.769087E-01  7.414495E-01
 -1.769087E-01  8.952252E+00  2.666637E+01  2.099315E+01  1.881956E+01
  1.142595E+02  9.385207E+03  1.201727E+02  0.000000E+00  0.000000E+00
  0.000000E+00  1.201727E+02  0.000000E+00  0.000000E+00  0.000000E+00
  1.153211E+02  1.145702E+04
     15000  4.340280E+00        52
  1.460440E+08  1.000000E+03 -5.718523E+05  1.109516E+05 -6.902564E+05
  0.000000E+00  0.000000E+00  0.000000E+00  0.000000E+00 -5.687491E+05
  0.000000E+00 -3.057944E+04 -6.566022E+05  6.111178E+05  0.000000E+00
  0.000000E+00  0.000000E+00  0.000000E+00  1.681452E+06  2.682519E-02
  7.452488E+03  1.490498E+04  9.000000E+01  9.000000E+01  9.000000E+01
  0.000000E+00  1.153038E+01  1.466127E+08  1.277292E+01 -2.152964E+00
  1.586895E-01 -2.152964E+00  1.286648E+01  2.868380E-01  1.586895E-01
  2.868380E-01  8.951745E+00  2.826099E+01  2.240426E+01  2.022643E+01
  1.286931E+02  9.411126E+03  1.205574E+02  0.000000E+00  0.000000E+00
  0.000000E+00  1.205574E+02  0.000000E+00  0.000000E+00  0.000000E+00
  1.156903E+02  1.226123E+04
     16000  4.629632E+00        52
  1.460434E+08  1.000006E+03 -5.724514E+05  1.105164E+05 -6.904642E+05
  0.000000E+00  0.000000E+00  0.000000E+00  0.000000E+00 -5.693482E+05
  0.000000E+00 -3.142525E+04 -6.553138E+05  6.088958E+05  0.000000E+00
  0.000000E+00  0.000000E+00  0.000000E+00  1.696588E+06  2.213679E-01
  7.496398E+03  1.499280E+04  9.000000E+01  9.000000E+01  9.000000E+01
  0.000000E+00  1.169029E+01  1.466127E+08  1.238682E+01 -5.537981E-01
  7.966981E-01 -5.537981E-01  1.328387E+01  6.156320E-02  7.966981E-01
  6.156320E-02  9.400170E+00  2.943035E+01  2.321852E+01  2.114340E+01
  1.631085E+02  9.459990E+03  1.209181E+02  0.000000E+00  0.000000E+00
  0.000000E+00  1.209181E+02  0.000000E+00  0.000000E+00  0.000000E+00
  1.160364E+02  1.254318E+04
     17000  4.918984E+00        52
  1.463637E+08  1.052575E+03 -5.722355E+05  1.107879E+05 -6.907927E+05
  0.000000E+00  0.000000E+00  0.000000E+00  0.000000E+00 -5.689692E+05
  0.000000E+00 -3.304825E+04 -6.563672E+05  6.077805E+05  0.000000E+00
  0.000000E+00  0.000000E+00  0.000000E+00  1.712152E+06  1.012088E+02
  7.769196E+03  1.553839E+04  9.000000E+01  9.000000E+01  9.000000E+01
  0.000000E+00  1.218406E+01  1.469326E+08  1.323555E+01  5.908851E-02
 -5.464033E-01  5.908851E-02  1.220685E+01 -2.354453E-01 -5.464033E-01
 -2.354453E-01  1.110977E+01  3.242803E+01  2.485190E+01  2.268170E+01
  2.131298E+02  9.520360E+03  1.212867E+02  0.000000E+00  0.000000E+00
  0.000000E+00  1.212867E+02  0.000000E+00  0.000000E+00  0.000000E+00
  1.163901E+02  1.319290E+04
     18000  5.208336E+00        52
  1.463717E+08  1.000000E+03 -5.740754E+05  1.081112E+05 -6.895371E+05
  0.000000E+00  0.000000E+00  0.000000E+00  0.000000E+00 -5.709721E+05
  0.000000E+00 -3.287145E+04 -6.425538E+05  5.949813E+05  0.000000E+00
  0.000000E+00  0.000000E+00  0.000000E+00  1.881266E+06  3.301193E-02
  7.350499E+03  1.470100E+04  9.000000E+01  9.000000E+01  9.000000E+01
  0.000000E+00  1.094786E+01  1.469427E+08  1.285307E+01  1.100983E+00
  7.559761E-01  1.100983E+00  1.115010E+01  3.257096E-01  7.559761E-01
  3.257096E-01  8.840417E+00  4.533162E+01  2.567064E+01  2.350870E+01
  2.205088E+02  9.895081E+03  1.251553E+02  0.000000E+00  0.000000E+00
  0.000000E+00  1.251553E+02  0.000000E+00  0.000000E+00  0.000000E+00
  1.201025E+02  1.302524E+04
     19000  5.497688E+00        52
  1.463712E+08  1.000075E+03 -5.745929E+05  1.084672E+05 -6.906221E+05
  0.000000E+00  0.000000E+00  0.000000E+00  0.000000E+00 -5.714893E+05
  0.000000E+00 -3.474194E+04 -6.446474E+05  5.947815E+05  0.000000E+00
  0.000000E+00  0.000000E+00  0.000000E+00  1.899076E+06  6.691374E-01
  7.562015E+03  1.512403E+04  9.000000E+01  9.000000E+01  9.000000E+01
  0.000000E+00  1.136446E+01  1.469427E+08  1.371449E+01  5.202735E-01
  3.793712E-01  5.202735E-01  1.106347E+01  2.236552E-01  3.793712E-01
  2.236552E-01  9.315422E+00  4.793574E+01  2.778979E+01  2.568251E+01
  2.532804E+02  1.004199E+04  1.255490E+02  0.000000E+00  0.000000E+00
  0.000000E+00  1.255490E+02  0.000000E+00  0.000000E+00  0.000000E+00
  1.204803E+02  1.364889E+04
     20000  5.787040E+00        52
  1.463702E+08  1.001364E+03 -5.760024E+05  1.082285E+05 -6.916324E+05
  0.000000E+00  0.000000E+00  0.000000E+00  0.000000E+00 -5.728948E+05
  0.000000E+00 -3.739194E+04 -6.443171E+05  5.921220E+05  0.000000E+00
  0.000000E+00  0.000000E+00  0.000000E+00  1.928233E+06  1.441558E+00
  7.401571E+03  1.480314E+04  9.000000E+01  9.000000E+01  9.000000E+01
  0.000000E+00  1.191917E+01  1.469431E+08  1.230797E+01 -1.096444E+00
 -1.324735E+00 -1.096444E+00  1.207438E+01  1.292988E+00 -1.324735E+00
  1.292988E+00  1.137518E+01  4.855524E+01  2.835477E+01  2.615787E+01
  2.688359E+02  1.010278E+04  1.261882E+02  0.000000E+00  0.000000E+00
  0.000000E+00  1.261882E+02  0.000000E+00  0.000000E+00  0.000000E+00
  1.210938E+02  1.453489E+04
     21000  6.076392E+00        52
  1.463701E+08  1.000000E+03 -5.761790E+05  1.076716E+05 -6.912622E+05
  0.000000E+00  0.000000E+00  0.000000E+00  0.000000E+00 -5.730757E+05
  0.000000E+00 -3.679718E+04 -6.415058E+05  5.898855E+05  0.000000E+00
  0.000000E+00  0.000000E+00  0.000000E+00  1.948321E+06  2.939153E-02
  7.411555E+03  1.482311E+04  9.000000E+01  9.000000E+01  9.000000E+01
  0.000000E+00  1.163309E+01  1.469431E+08  1.232112E+01 -1.150685E+00
 -7.477780E-01 -1.150685E+00  1.251096E+01  6.822750E-01 -7.477780E-01
  6.822750E-01  1.006720E+01  4.973642E+01  2.913973E+01  2.697095E+01
  2.988206E+02  1.015065E+04  1.266249E+02  0.000000E+00  0.000000E+00
  0.000000E+00  1.266249E+02  0.000000E+00  0.000000E+00  0.000000E+00
  1.215128E+02  1.433381E+04
     22000  6.365744E+00        52
  2.056231E+12  9.994215E+02 -5.765293E+05  1.065915E+05 -6.904057E+05
  0.000000E+00  0.000000E+00  0.000000E+00  0.000000E+00 -5.734277E+05
  0.000000E+00 -3.566486E+04 -6.359688E+05  5.857342E+05  0.000000E+00
  0.000000E+00  0.000000E+00  0.000000E+00  1.993639E+06  3.431207E-01
  7.284892E+03  1.456978E+04  9.000000E+01  9.000000E+01  9.000000E+01
  0.000000E+00  1.106835E+01  2.056231E+12  1.094845E+01 -1.691815E+00
  2.746721E-01 -1.691815E+00  1.363000E+01 -6.414473E-01  2.746721E-01
 -6.414473E-01  8.626597E+00  5.033026E+01  2.939925E+01  2.715860E+01
  3.082318E+02  1.033570E+04  1.275992E+02  0.000000E+00  0.000000E+00
  0.000000E+00  1.275992E+02  0.000000E+00  0.000000E+00  0.000000E+00
  1.224478E+02  1.395518E+04
     23000  6.655096E+00        52
  2.232062E+12  9.897686E+02 -5.768760E+05  1.059474E+05 -6.900937E+05
  0.000000E+00  0.000000E+00  0.000000E+00  0.000000E+00 -5.738044E+05
  0.000000E+00 -3.423020E+04 -6.317120E+05  5.829411E+05  0.000000E+00
  0.000000E+00  0.000000E+00  0.000000E+00  2.032243E+06  1.266078E+01
  7.270350E+03  1.454070E+04  9.000000E+01  9.000000E+01  9.000000E+01
  0.000000E+00  1.047047E+01  2.232062E+12  1.080617E+01 -1.902611E-02
 -2.038670E+00 -1.902611E-02  9.560316E+00  1.376382E-01 -2.038670E+00
  1.376382E-01  1.104493E+01  5.112894E+01  2.967429E+01  2.743701E+01
  3.185725E+02  1.042622E+04  1.284175E+02  0.000000E+00  0.000000E+00
  0.000000E+00  1.284175E+02  0.000000E+00  0.000000E+00  0.000000E+00
  1.232331E+02  1.345699E+04
     24000  6.944448E+00        52
  2.232062E+12  1.000000E+03 -5.771948E+05  1.049934E+05 -6.895645E+05
  0.000000E+00  0.000000E+00  0.000000E+00  0.000000E+00 -5.740913E+05
  0.000000E+00 -3.214730E+04 -6.268035E+05  5.799036E+05  0.000000E+00
  0.000000E+00  0.000000E+00  0.000000E+00  2.068254E+06  2.688309E-02
  7.376295E+03  1.475259E+04  9.000000E+01  9.000000E+01  9.000000E+01
  0.000000E+00  9.773541E+00  2.232062E+12  9.431819E+00  1.336291E+00
 -4.580734E-01  1.336291E+00  1.239103E+01 -9.705284E-01 -4.580734E-01
 -9.705284E-01  7.497778E+00  5.247829E+01  3.037426E+01  2.814013E+01
  3.429658E+02  1.049226E+04  1.291716E+02  0.000000E+00  0.000000E+00
  0.000000E+00  1.291716E+02  0.000000E+00  0.000000E+00  0.000000E+00
  1.239567E+02  1.278385E+04
     25000  7.233800E+00        52
  2.232062E+12  1.000002E+03 -5.777863E+05  1.054408E+05 -6.904579E+05
  0.000000E+00  0.000000E+00  0.000000E+00  0.000000E+00 -5.746829E+05
  0.000000E+00 -3.546870E+04 -6.292259E+05  5.792956E+05  0.000000E+00
  0.000000E+00  0.000000E+00  0.000000E+00  2.091897E+06  1.342246E-01
  7.230819E+03  1.446164E+04  9.000000E+01  9.000000E+01  9.000000E+01
  0.000000E+00  1.049994E+01  2.232062E+12  9.719202E+00 -6.591589E-01
 -9.174349E-02 -6.591589E-01  1.365279E+01  2.193014E-01 -9.174349E-02
  2.193014E-01  8.127826E+00  5.302070E+01  3.078759E+01  2.862121E+01
  3.613646E+02  1.055252E+04  1.296619E+02  0.000000E+00  0.000000E+00
  0.000000E+00  1.296619E+02  0.000000E+00  0.000000E+00  0.000000E+00
  1.244272E+02  1.389099E+04
     26000  7.523152E+00        52
  2.232062E+12  9.945250E+02 -5.780272E+05  1.056721E+05 -6.909599E+05
  0.000000E+00  0.000000E+00  0.000000E+00  0.000000E+00 -5.749407E+05
  0.000000E+00 -3.767404E+04 -6.305608E+05  5.783656E+05  0.000000E+00
  0.000000E+00  0.000000E+00  0.000000E+00  2.114561E+06  7.816702E+00
  7.260616E+03  1.452123E+04  9.000000E+01  9.000000E+01  9.000000E+01
  0.000000E+00  1.092864E+01  2.232062E+12  1.348655E+01 -1.097456E+00
 -9.389263E-02 -1.097456E+00  1.069638E+01 -1.296753E-02 -9.389263E-02
 -1.296753E-02  8.602976E+00  5.456608E+01  3.202893E+01  2.984914E+01
  4.028918E+02  1.061785E+04  1.301285E+02  0.000000E+00  0.000000E+00
  0.000000E+00  1.301285E+02  0.000000E+00  0.000000E+00  0.000000E+00
  1.248750E+02  1.461478E+04
     27000  7.812504E+00        52
  2.232062E+12  1.000000E+03 -5.784028E+05  1.021563E+05 -6.886301E+05
  0.000000E+00  0.000000E+00  0.000000E+00  0.000000E+00 -5.752992E+05
  0.000000E+00 -3.206921E+04 -6.093925E+05  5.611814E+05  0.000000E+00
  0.000000E+00  0.000000E+00  0.000000E+00  2.409755E+06  4.825825E-02
  8.070965E+03  1.614193E+04  9.000000E+01  9.000000E+01  9.000000E+01
  0.000000E+00  8.371394E+00  2.232062E+12  8.383967E+00 -2.633299E-01
 -1.494675E-01 -2.633299E-01  9.253134E+00 -2.087825E-01 -1.494675E-01
 -2.087825E-01  7.477081E+00  5.594896E+01  3.323930E+01  3.106926E+01
  4.221855E+02  1.161287E+04  1.359221E+02  0.000000E+00  0.000000E+00
  0.000000E+00  1.359221E+02  0.000000E+00  0.000000E+00  0.000000E+00
  1.304346E+02  1.275782E+04
     28000  8.101856E+00        52
  2.232062E+12  9.997625E+02 -5.801328E+05  1.017725E+05 -6.889991E+05
  0.000000E+00  0.000000E+00  0.000000E+00  0.000000E+00 -5.770298E+05
  0.000000E+00 -3.465065E+04 -6.073521E+05  5.585139E+05  0.000000E+00
  0.000000E+00  0.000000E+00  0.000000E+00  2.451836E+06  1.254121E-01
  7.093797E+03  1.418759E+04  9.000000E+01  9.000000E+01  9.000000E+01
  0.000000E+00  8.782332E+00  2.232062E+12  8.399849E+00  3.601673E-01
 -1.445212E-02  3.601673E-01  1.087358E+01 -1.814889E-01 -1.445212E-02
 -1.814889E-01  7.073568E+00  5.990202E+01  3.386435E+01  3.173635E+01
  4.329862E+02  1.168574E+04  1.367087E+02  0.000000E+00  0.000000E+00
  0.000000E+00  1.367087E+02  0.000000E+00  0.000000E+00  0.000000E+00
  1.311895E+02  1.361781E+04
     29000  8.391208E+00        52
  2.232063E+12  1.332150E+03 -5.793492E+05  9.951942E+04 -6.873316E+05
  0.000000E+00  0.000000E+00  0.000000E+00  0.000000E+00 -5.752151E+05
  0.000000E+00 -2.906203E+04 -5.949021E+05  5.489141E+05  0.000000E+00
  0.000000E+00  0.000000E+00  0.000000E+00  2.614949E+06  6.509718E+02
  8.462990E+03  1.692598E+04  9.000000E+01  9.000000E+01  9.000000E+01
  0.000000E+00  7.523726E+00  2.232063E+12  7.611583E+00  8.803890E-01
 -6.560899E-01  8.803890E-01  8.221482E+00 -8.517729E-01 -6.560899E-01
 -8.517729E-01  6.738115E+00  6.107538E+01  3.466760E+01  3.263549E+01
  4.445437E+02  1.190712E+04  1.396754E+02  0.000000E+00  0.000000E+00
  0.000000E+00  1.396754E+02  0.000000E+00  0.000000E+00  0.000000E+00
  1.340365E+02  1.244235E+04
     30000  8.680560E+00        52
  2.232063E+12  1.000000E+03 -5.812321E+05  9.943149E+04 -6.878335E+05
  0.000000E+00  0.000000E+00  0.000000E+00  0.000000E+00 -5.781283E+05
  0.000000E+00 -3.219287E+04 -5.927565E+05  5.462238E+05  0.000000E+00
  0.000000E+00  0.000000E+00  0.000000E+00  2.689712E+06  2.905887E-02
  7.169932E+03  1.433986E+04  9.000000E+01  9.000000E+01  9.000000E+01
  0.000000E+00  7.524294E+00  2.232063E+12  6.855460E+00  5.205313E-01
  2.412419E-01  5.205313E-01  8.641224E+00  8.640762E-01  2.412419E-01
  8.640762E-01  7.076197E+00  6.223850E+01  3.552429E+01  3.344015E+01
  4.546190E+02  1.225673E+04  1.409941E+02  0.000000E+00  0.000000E+00
  0.000000E+00  1.409941E+02  0.000000E+00  0.000000E+00  0.000000E+00
  1.353019E+02  1.279904E+04
     31000  8.969912E+00        52
  2.232063E+12  9.995837E+02 -5.818299E+05  9.955343E+04 -6.884910E+05
  0.000000E+00  0.000000E+00  0.000000E+00  0.000000E+00 -5.787274E+05
  0.000000E+00 -3.397918E+04 -5.935057E+05  5.453113E+05  0.000000E+00
  0.000000E+00  0.000000E+00  0.000000E+00  2.718046E+06  1.552727E+01
  7.107599E+03  1.421520E+04  9.000000E+01  9.000000E+01  9.000000E+01
  0.000000E+00  7.791752E+00  2.232063E+12  7.911269E+00 -6.152208E-01
 -5.978022E-02 -6.152208E-01  8.927778E+00 -8.936651E-02 -5.978022E-02
 -8.936651E-02  6.536209E+00  6.431330E+01  3.626183E+01  3.418624E+01
  4.666469E+02  1.229084E+04  1.414875E+02  0.000000E+00  0.000000E+00
  0.000000E+00  1.414875E+02  0.000000E+00  0.000000E+00  0.000000E+00
  1.357754E+02  1.339362E+04
     32000  9.259264E+00        52
  2.232201E+12  1.001399E+03 -5.823588E+05  9.935786E+04 -6.887523E+05
  0.000000E+00  0.000000E+00  0.000000E+00  0.000000E+00 -5.792506E+05
  0.000000E+00 -3.489100E+04 -5.924736E+05  5.435112E+05  0.000000E+00
  0.000000E+00  0.000000E+00  0.000000E+00  2.752743E+06  1.151891E+00
  7.035690E+03  1.407138E+04  9.000000E+01  9.000000E+01  9.000000E+01
  0.000000E+00  7.870285E+00  2.232202E+12  7.319281E+00 -8.861017E-01
  5.322042E-01 -8.861017E-01  9.153582E+00 -1.379415E+00  5.322042E-01
 -1.379415E+00  7.137992E+00  6.596875E+01  3.734952E+01  3.526416E+01
  4.831305E+02  1.232292E+04  1.420870E+02  0.000000E+00  0.000000E+00
  0.000000E+00  1.420870E+02  0.000000E+00  0.000000E+00  0.000000E+00
  1.363507E+02  1.370131E+04
     33000  9.548616E+00        52
  2.232201E+12  1.000000E+03 -5.829092E+05  9.945741E+04 -6.895043E+05
  0.000000E+00  0.000000E+00  0.000000E+00  0.000000E+00 -5.798053E+05
  0.000000E+00 -3.603437E+04 -5.930947E+05  5.427850E+05  0.000000E+00
  0.000000E+00  0.000000E+00  0.000000E+00  2.780744E+06  2.141052E-02
  7.137651E+03  1.427530E+04  9.000000E+01  9.000000E+01  9.000000E+01
  0.000000E+00  8.006109E+00  2.232202E+12  8.550641E+00  5.877696E-01
  5.147318E-01  5.877696E-01  8.265381E+00 -2.734653E-01  5.147318E-01
 -2.734653E-01  7.202306E+00  6.723324E+01  3.819438E+01  3.613782E+01
  5.067162E+02  1.235727E+04  1.425671E+02  0.000000E+00  0.000000E+00
  0.000000E+00  1.425671E+02  0.000000E+00  0.000000E+00  0.000000E+00
  1.368114E+02  1.407954E+04
     34000  9.837968E+00        52
  2.232201E+12  9.999234E+02 -5.834726E+05  9.919742E+04 -6.897000E+05
  0.000000E+00  0.000000E+00  0.000000E+00  0.000000E+00 -5.803690E+05
  0.000000E+00 -3.649111E+04 -5.912736E+05  5.407227E+05  0.000000E+00
  0.000000E+00  0.000000E+00  0.000000E+00  2.829278E+06  4.896479E-01
  7.029911E+03  1.405982E+04  9.000000E+01  9.000000E+01  9.000000E+01
  0.000000E+00  7.953770E+00  2.232202E+12  8.424686E+00  9.115460E-01
  1.172796E+00  9.115460E-01  7.977381E+00  7.391163E-01  1.172796E+00
  7.391163E-01  7.459244E+00  6.810855E+01  3.900273E+01  3.700097E+01
  5.253200E+02  1.241741E+04  1.433918E+02  0.000000E+00  0.000000E+00
  0.000000E+00  1.433918E+02  0.000000E+00  0.000000E+00  0.000000E+00
  1.376028E+02  1.423163E+04
     35000  1.012732E+01        52
  2.232201E+12  9.971933E+02 -5.838507E+05  9.889781E+04 -6.898491E+05
  0.000000E+00  0.000000E+00  0.000000E+00  0.000000E+00 -5.807554E+05
  0.000000E+00 -3.628178E+04 -5.898151E+05  5.393322E+05  0.000000E+00
  0.000000E+00  0.000000E+00  0.000000E+00  2.858098E+06  2.725386E+01
  7.100593E+03  1.420119E+04  9.000000E+01  9.000000E+01  9.000000E+01
  0.000000E+00  7.831841E+00  2.232202E+12  7.728257E+00 -4.025649E-01
 -6.661144E-01 -4.025649E-01  7.707223E+00  1.531794E-01 -6.661144E-01
  1.531794E-01  8.060043E+00  6.881148E+01  3.964735E+01  3.759265E+01
  5.468729E+02  1.245891E+04  1.438770E+02  0.000000E+00  0.000000E+00
  0.000000E+00  1.438770E+02  0.000000E+00  0.000000E+00  0.000000E+00
  1.380684E+02  1.415621E+04
     36000  1.041667E+01        52
  2.232201E+12  1.000000E+03 -5.840709E+05  9.871960E+04 -6.899323E+05
  0.000000E+00  0.000000E+00  0.000000E+00  0.000000E+00 -5.809669E+05
  0.000000E+00 -3.634294E+04 -5.887325E+05  5.381060E+05  0.000000E+00
  0.000000E+00  0.000000E+00  0.000000E+00  2.887341E+06  2.184587E-02
  7.141777E+03  1.428355E+04  9.000000E+01  9.000000E+01  9.000000E+01
  0.000000E+00  7.766861E+00  2.232202E+12  7.947521E+00 -5.768785E-01
 -1.963590E-01 -5.768785E-01  8.583273E+00  3.336718E-01 -1.963590E-01
  3.336718E-01  6.769791E+00  6.985731E+01  4.041085E+01  3.840846E+01
  5.836093E+02  1.250580E+04  1.443660E+02  0.000000E+00  0.000000E+00
  0.000000E+00  1.443660E+02  0.000000E+00  0.000000E+00  0.000000E+00
  1.385377E+02  1.418240E+04
     37000  1.070602E+01        52
  2.232201E+12  1.000048E+03 -5.856714E+05  9.514799E+04 -6.879125E+05
  0.000000E+00  0.000000E+00  0.000000E+00  0.000000E+00 -5.825670E+05
  0.000000E+00 -3.050955E+04 -5.655493E+05  5.208535E+05  0.000000E+00
  0.000000E+00  0.000000E+00  0.000000E+00  3.374913E+06  2.685978E-01
  7.093134E+03  1.418627E+04  9.000000E+01  9.000000E+01  9.000000E+01
  0.000000E+00  5.733808E+00  2.232202E+12  6.033680E+00 -1.568050E-01
 -8.977754E-01 -1.568050E-01  5.269618E+00  1.132546E-01 -8.977754E-01
  1.132546E-01  5.898126E+00  7.218447E+01  4.223256E+01  4.002087E+01
  6.059337E+02  1.334232E+04  1.520734E+02  0.000000E+00  0.000000E+00
  0.000000E+00  1.520734E+02  0.000000E+00  0.000000E+00  0.000000E+00
  1.459339E+02  1.223804E+04
     38000  1.099538E+01        52
  2.232201E+12  9.999887E+02 -5.867665E+05  9.559111E+04 -6.894878E+05
  0.000000E+00  0.000000E+00  0.000000E+00  0.000000E+00 -5.836622E+05
  0.000000E+00 -3.265368E+04 -5.678843E+05  5.209701E+05  0.000000E+00
  0.000000E+00  0.000000E+00  0.000000E+00  3.405622E+06  4.160143E-01
  7.130251E+03  1.426050E+04  9.000000E+01  9.000000E+01  9.000000E+01
  0.000000E+00  6.013887E+00  2.232202E+12  5.514229E+00  3.665326E-01
  4.177572E-01  3.665326E-01  6.239009E+00  9.745510E-01  4.177572E-01
  9.745510E-01  6.288424E+00  7.481587E+01  4.423454E+01  4.195594E+01
  6.425478E+02  1.346594E+04  1.525332E+02  0.000000E+00  0.000000E+00
  0.000000E+00  1.525332E+02  0.000000E+00  0.000000E+00  0.000000E+00
  1.463752E+02  1.295262E+04
     39000  1.128473E+01        52
  2.232201E+12  1.000000E+03 -5.872186E+05  9.516318E+04 -6.894375E+05
  0.000000E+00  0.000000E+00  0.000000E+00  0.000000E+00 -5.841143E+05
  0.000000E+00 -3.216500E+04 -5.650881E+05  5.188118E+05  0.000000E+00
  0.000000E+00  0.000000E+00  0.000000E+00  3.440327E+06  2.828596E-02
  7.055664E+03  1.411133E+04  9.000000E+01  9.000000E+01  9.000000E+01
  0.000000E+00  5.878364E+00  2.232202E+12  5.144088E+00 -6.023470E-02
  3.248762E-01 -6.023470E-02  5.872492E+00 -1.091215E+00  3.248762E-01
 -1.091215E+00  6.618511E+00  7.624217E+01  4.520339E+01  4.319844E+01
  6.846946E+02  1.354719E+04  1.530496E+02  0.000000E+00  0.000000E+00
  0.000000E+00  1.530496E+02  0.000000E+00  0.000000E+00  0.000000E+00
  1.468707E+02  1.278975E+04
     40000  1.157408E+01        52
  2.232201E+12  1.000136E+03 -5.878219E+05  9.442634E+04 -6.892612E+05
  0.000000E+00  0.000000E+00  0.000000E+00  0.000000E+00 -5.847171E+05
  0.000000E+00 -3.089432E+04 -5.608038E+05  5.158836E+05  0.000000E+00
  0.000000E+00  0.000000E+00  0.000000E+00  3.524622E+06  2.851338E-02
  7.012950E+03  1.402590E+04  9.000000E+01  9.000000E+01  9.000000E+01
  0.000000E+00  5.547883E+00  2.232202E+12  5.192525E+00  2.938363E-01
 -9.584052E-01  2.938363E-01  4.909172E+00 -6.213631E-01 -9.584052E-01
 -6.213631E-01  6.541950E+00  7.669314E+01  4.548534E+01  4.343502E+01
  6.929909E+02  1.360392E+04  1.542896E+02  0.000000E+00  0.000000E+00
  0.000000E+00  1.542896E+02  0.000000E+00  0.000000E+00  0.000000E+00
  1.480606E+02  1.236647E+04
     41000  1.186343E+01        52
  2.232201E+12  9.999945E+02 -5.882803E+05  9.380294E+04 -6.890348E+05
  0.000000E+00  0.000000E+00  0.000000E+00  0.000000E+00 -5.851759E+05
  0.000000E+00 -3.012092E+04 -5.565829E+05  5.125588E+05  0.000000E+00
  0.000000E+00  0.000000E+00  0.000000E+00  3.635670E+06  1.853263E-01
  6.951559E+03  1.390312E+04  9.000000E+01  9.000000E+01  9.000000E+01
  0.000000E+00  5.266180E+00  2.232202E+12  4.658657E+00  5.000591E-01
  2.087699E-01  5.000591E-01  6.505330E+00  8.742913E-01  2.087699E-01
  8.742913E-01  4.634553E+00  7.728530E+01  4.592144E+01  4.390020E+01
  7.062452E+02  1.369523E+04  1.558932E+02  0.000000E+00  0.000000E+00
  0.000000E+00  1.558932E+02  0.000000E+00  0.000000E+00  0.000000E+00
  1.495995E+02  1.210838E+04
     42000  1.215278E+01        52
  2.232201E+12  1.000000E+03 -5.890519E+05  9.202212E+04 -6.879057E+05
  0.000000E+00  0.000000E+00  0.000000E+00  0.000000E+00 -5.859473E+05
  0.000000E+00 -2.668666E+04 -5.450146E+05  5.046646E+05  0.000000E+00
  0.000000E+00  0.000000E+00  0.000000E+00  3.925757E+06  3.184273E-02
  6.831669E+03  1.366334E+04  9.000000E+01  9.000000E+01  9.000000E+01
  0.000000E+00  4.415961E+00  2.232202E+12  4.597839E+00  9.135911E-01
  6.003661E-01  9.135911E-01  4.679746E+00  5.347219E-01  6.003661E-01
  5.347219E-01  3.970299E+00  7.852683E+01  4.687380E+01  4.483506E+01
  7.272265E+02  1.406346E+04  1.599338E+02  0.000000E+00  0.000000E+00
  0.000000E+00  1.599338E+02  0.000000E+00  0.000000E+00  0.000000E+00
  1.534769E+02  1.096364E+04
     43000  1.244214E+01        52
  2.232201E+12  1.000125E+03 -5.894940E+05  9.209322E+04 -6.886114E+05
  0.000000E+00  0.000000E+00  0.000000E+00  0.000000E+00 -5.863890E+05
  0.000000E+00 -2.666291E+04 -5.450380E+05  5.043268E+05  0.000000E+00
  0.000000E+00  0.000000E+00  0.000000E+00  3.956436E+06  1.960107E-01
  7.024143E+03  1.404829E+04  9.000000E+01  9.000000E+01  9.000000E+01
  0.000000E+00  4.378658E+00  2.232202E+12  4.713960E+00 -1.589278E-01
  1.766124E-01 -1.589278E-01  4.563204E+00  4.337778E-01  1.766124E-01
  4.337778E-01  3.858811E+00  8.061414E+01  4.841651E+01  4.647922E+01
  7.637043E+02  1.419905E+04  1.603493E+02  0.000000E+00  0.000000E+00
  0.000000E+00  1.603493E+02  0.000000E+00  0.000000E+00  0.000000E+00
  1.538757E+02  1.095598E+04
     44000  1.273149E+01        52
  2.232201E+12  9.999340E+02 -5.898574E+05  9.211465E+04 -6.889709E+05
  0.000000E+00  0.000000E+00  0.000000E+00  0.000000E+00 -5.867529E+05
  0.000000E+00 -2.709942E+04 -5.448635E+05  5.037663E+05  0.000000E+00
  0.000000E+00  0.000000E+00  0.000000E+00  3.988001E+06  3.148556E-01
  6.998881E+03  1.399776E+04  9.000000E+01  9.000000E+01  9.000000E+01
  0.000000E+00  4.401536E+00  2.232202E+12  5.245164E+00  5.006720E-01
  8.959192E-01  5.006720E-01  3.930534E+00  2.409834E-01  8.959192E-01
  2.409834E-01  4.028910E+00  8.215532E+01  4.975404E+01  4.778926E+01
  8.257101E+02  1.432922E+04  1.607746E+02  0.000000E+00  0.000000E+00
  0.000000E+00  1.607746E+02  0.000000E+00  0.000000E+00  0.000000E+00
  1.542838E+02  1.110109E+04
     45000  1.302084E+01        52
  2.232201E+12  1.000000E+03 -5.900807E+05  9.194971E+04 -6.890543E+05
  0.000000E+00  0.000000E+00  0.000000E+00  0.000000E+00 -5.869760E+05
  0.000000E+00 -2.696958E+04 -5.438530E+05  5.028357E+05  0.000000E+00
  0.000000E+00  0.000000E+00  0.000000E+00  4.022552E+06  1.959482E-02
  7.023833E+03  1.404767E+04  9.000000E+01  9.000000E+01  9.000000E+01
  0.000000E+00  4.346771E+00  2.232202E+12  4.304727E+00  6.395616E-01
 -4.877255E-01  6.395616E-01  4.691508E+00 -3.824620E-01 -4.877255E-01
 -3.824620E-01  4.044077E+00  8.261982E+01  5.011076E+01  4.823304E+01
  8.311072E+02  1.429348E+04  1.612376E+02  0.000000E+00  0.000000E+00
  0.000000E+00  1.612376E+02  0.000000E+00  0.000000E+00  0.000000E+00
  1.547281E+02  1.105795E+04
     46000  1.331019E+01        52
  2.232201E+12  1.000239E+03 -5.904148E+05  9.070674E+04 -6.871161E+05
  0.000000E+00  0.000000E+00  0.000000E+00  0.000000E+00 -5.873092E+05
  0.000000E+00 -2.702451E+04 -5.311728E+05  4.921592E+05  0.000000E+00
  0.000000E+00  0.000000E+00  0.000000E+00  4.378028E+06  1.810527E-01
  5.994568E+03  1.198914E+04  9.000000E+01  9.000000E+01  9.000000E+01
  0.000000E+00  4.000625E+00  2.232202E+12  4.657572E+00  1.004646E+00
  1.389684E-01  1.004646E+00  4.146097E+00  7.448382E-02  1.389684E-01
  7.448382E-02  3.198206E+00  8.375699E+01  5.052121E+01  4.874970E+01
  8.356137E+02  1.502464E+04  1.658537E+02  0.000000E+00  0.000000E+00
  0.000000E+00  1.658537E+02  0.000000E+00  0.000000E+00  0.000000E+00
  1.591579E+02  1.107675E+04
     47000  1.359954E+01        52
  2.232201E+12  1.001207E+03 -5.908306E+05  9.001561E+04 -6.877957E+05
  0.000000E+00  0.000000E+00  0.000000E+00  0.000000E+00 -5.877219E+05
  0.000000E+00 -2.340774E+04 -5.305361E+05  4.932294E+05  0.000000E+00
  0.000000E+00  0.000000E+00  0.000000E+00  4.472220E+06  2.344957E+00
  6.949464E+03  1.389893E+04  9.000000E+01  9.000000E+01  9.000000E+01
  0.000000E+00  3.490816E+00  2.232202E+12  3.181429E+00  2.488824E-01
 -5.888144E-02  2.488824E-01  3.611799E+00 -7.103756E-01 -5.888144E-02
 -7.103756E-01  3.679222E+00  8.489299E+01  5.142626E+01  4.963601E+01
  8.522720E+02  1.510822E+04  1.670347E+02  0.000000E+00  0.000000E+00
  0.000000E+00  1.670347E+02  0.000000E+00  0.000000E+00  0.000000E+00
  1.602912E+02  9.873161E+03
     48000  1.388890E+01        52
  2.232201E+12  1.000000E+03 -5.912207E+05  8.954077E+04 -6.877556E+05
  0.000000E+00  0.000000E+00  0.000000E+00  0.000000E+00 -5.881157E+05
  0.000000E+00 -2.152502E+04 -5.275114E+05  4.919982E+05  0.000000E+00
  0.000000E+00  0.000000E+00  0.000000E+00  4.504323E+06  2.236128E-02
  6.994118E+03  1.398824E+04  9.000000E+01  9.000000E+01  9.000000E+01
  0.000000E+00  3.244753E+00  2.232202E+12  3.357744E+00  5.863331E-01
  7.705319E-01  5.863331E-01  3.055711E+00  5.718216E-01  7.705319E-01
  5.718216E-01  3.320806E+00  8.589961E+01  5.219591E+01  5.052872E+01
  8.765589E+02  1.514489E+04  1.674334E+02  0.000000E+00  0.000000E+00
  0.000000E+00  1.674334E+02  0.000000E+00  0.000000E+00  0.000000E+00
  1.606738E+02  9.243092E+03
     49000  1.417825E+01        52
  2.232201E+12  1.010561E+03 -5.913284E+05  9.009246E+04 -6.884845E+05
  0.000000E+00  0.000000E+00  0.000000E+00  0.000000E+00 -5.881906E+05
  0.000000E+00 -2.374172E+04 -5.305176E+05  4.926485E+05  0.000000E+00
  0.000000E+00  0.000000E+00  0.000000E+00  4.535979E+06  2.222774E+01
  7.063712E+03  1.412742E+04  9.000000E+01  9.000000E+01  9.000000E+01
  0.000000E+00  3.487301E+00  2.232202E+12  3.867114E+00 -1.568540E-01
  4.358384E-01 -1.568540E-01  3.185595E+00  5.058662E-02  4.358384E-01
  5.058662E-02  3.409193E+00  8.836086E+01  5.408981E+01  5.249085E+01
  9.259404E+02  1.520576E+04  1.678247E+02  0.000000E+00  0.000000E+00
  0.000000E+00  1.678247E+02  0.000000E+00  0.000000E+00  0.000000E+00
  1.610494E+02  1.000383E+04
     50000  1.446760E+01        52
  2.232204E+12  1.001101E+03 -5.911595E+05  8.994967E+04 -6.881595E+05
  0.000000E+00  0.000000E+00  0.000000E+00  0.000000E+00 -5.880510E+05
  0.000000E+00 -2.365984E+04 -5.293334E+05  4.915729E+05  0.000000E+00
  0.000000E+00  0.000000E+00  0.000000E+00  4.565764E+06  6.222834E-01
  7.050370E+03  1.410074E+04  9.000000E+01  9.000000E+01  9.000000E+01
  0.000000E+00  3.448324E+00  2.232204E+12  3.399875E+00  1.952592E-01
 -7.902409E-01  1.952592E-01  2.863774E+00 -3.364973E-01 -7.902409E-01
 -3.364973E-01  4.081321E+00  9.044895E+01  5.521595E+01  5.349986E+01
  9.574791E+02  1.525115E+04  1.681913E+02  0.000000E+00  0.000000E+00
  0.000000E+00  1.681913E+02  0.000000E+00  0.000000E+00  0.000000E+00
  1.614011E+02  9.956977E+03
     51000  1.475695E+01        52
  2.232204E+12  1.000000E+03 -5.916317E+05  8.990896E+04 -6.885652E+05
  0.000000E+00  0.000000E+00  0.000000E+00  0.000000E+00 -5.885266E+05
  0.000000E+00 -2.363114E+04 -5.288314E+05  4.911511E+05  0.000000E+00
  0.000000E+00  0.000000E+00  0.000000E+00  4.599853E+06  1.806062E-02
  7.024570E+03  1.404914E+04  9.000000E+01  9.000000E+01  9.000000E+01
  0.000000E+00  3.418697E+00  2.232204E+12  2.874070E+00  1.392077E-01
  3.016535E-03  1.392077E-01  4.648864E+00 -1.057499E-01  3.016535E-03
 -1.057499E-01  2.733157E+00  9.156822E+01  5.556562E+01  5.386485E+01
  9.773911E+02  1.527390E+04  1.686088E+02  0.000000E+00  0.000000E+00
  0.000000E+00  1.686088E+02  0.000000E+00  0.000000E+00  0.000000E+00
  1.618018E+02  9.945133E+03
     52000  1.504630E+01        52
  2.232204E+12  9.997218E+02 -5.919652E+05  8.990691E+04 -6.889788E+05
  0.000000E+00  0.000000E+00  0.000000E+00  0.000000E+00 -5.888610E+05
  0.000000E+00 -2.346518E+04 -5.287266E+05  4.910481E+05  0.000000E+00
  0.000000E+00  0.000000E+00  0.000000E+00  4.633127E+06  1.796216E-01
  7.106658E+03  1.421332E+04  9.000000E+01  9.000000E+01  9.000000E+01
  0.000000E+00  3.375068E+00  2.232204E+12  3.222567E+00  4.044974E-01
  2.178894E-02  4.044974E-01  4.040573E+00  9.759330E-02  2.178894E-02
  9.759330E-02  2.862064E+00  9.364457E+01  5.644469E+01  5.464878E+01
  1.008445E+03  1.531077E+04  1.690144E+02  0.000000E+00  0.000000E+00
  0.000000E+00  1.690144E+02  0.000000E+00  0.000000E+00  0.000000E+00
  1.621910E+02  9.889237E+03
     53000  1.533566E+01        52
  2.232204E+12  1.006698E+03 -5.921991E+05  9.000749E+04 -6.893588E+05
  0.000000E+00  0.000000E+00  0.000000E+00  0.000000E+00 -5.890732E+05
  0.000000E+00 -2.372946E+04 -5.290405E+05  4.910066E+05  0.000000E+00
  0.000000E+00  0.000000E+00  0.000000E+00  4.666734E+06  1.745526E+00
  7.152217E+03  1.430443E+04  9.000000E+01  9.000000E+01  9.000000E+01
  0.000000E+00  3.385500E+00  2.232204E+12  3.144950E+00  5.640037E-02
 -1.128049E-01  5.640037E-02  3.886790E+00  3.258529E-01 -1.128049E-01
  3.258529E-01  3.124762E+00  9.718584E+01  5.815638E+01  5.651677E+01
  1.077105E+03  1.538502E+04  1.694221E+02  0.000000E+00  0.000000E+00
  0.000000E+00  1.694221E+02  0.000000E+00  0.000000E+00  0.000000E+00
  1.625822E+02  9.991759E+03
     54000  1.562501E+01        52
  2.232204E+12  1.000000E+03 -5.930238E+05  8.837852E+04 -6.884824E+05
  0.000000E+00  0.000000E+00  0.000000E+00  0.000000E+00 -5.899185E+05
  0.000000E+00 -1.971457E+04 -5.179883E+05  4.841136E+05  0.000000E+00
  0.000000E+00  0.000000E+00  0.000000E+00  5.040848E+06  3.163525E-02
  7.080076E+03  1.416015E+04  9.000000E+01  9.000000E+01  9.000000E+01
  0.000000E+00  2.710095E+00  2.232204E+12  3.501721E+00 -1.208729E-01
  2.203784E-01 -1.208729E-01  2.362396E+00  1.183345E-01  2.203784E-01
  1.183345E-01  2.266168E+00  9.865746E+01  5.895652E+01  5.730968E+01
  1.109481E+03  1.575077E+04  1.738335E+02  0.000000E+00  0.000000E+00
  0.000000E+00  1.738335E+02  0.000000E+00  0.000000E+00  0.000000E+00
  1.668156E+02  8.639611E+03
     55000  1.591436E+01        52
  2.232204E+12  9.999414E+02 -5.934047E+05  8.873907E+04 -6.892013E+05
  0.000000E+00  0.000000E+00  0.000000E+00  0.000000E+00 -5.902996E+05
  0.000000E+00 -2.115979E+04 -5.199632E+05  4.846883E+05  0.000000E+00
  0.000000E+00  0.000000E+00  0.000000E+00  5.076079E+06  8.267835E-02
  7.057549E+03  1.411510E+04  9.000000E+01  9.000000E+01  9.000000E+01
  0.000000E+00  2.841312E+00  2.232204E+12  2.449556E+00  4.800354E-02
  3.289675E-01  4.800354E-02  2.349693E+00  2.465689E-01  3.289675E-01
  2.465689E-01  3.724687E+00  9.946605E+01  5.946976E+01  5.782982E+01
  1.143552E+03  1.586540E+04  1.742376E+02  0.000000E+00  0.000000E+00
  0.000000E+00  1.742376E+02  0.000000E+00  0.000000E+00  0.000000E+00
  1.672033E+02  9.121228E+03
     56000  1.620371E+01        52
  2.232204E+12  9.998181E+02 -5.936332E+05  8.838001E+04 -6.890528E+05
  0.000000E+00  0.000000E+00  0.000000E+00  0.000000E+00 -5.905284E+05
  0.000000E+00 -2.014849E+04 -5.177728E+05  4.835451E+05  0.000000E+00
  0.000000E+00  0.000000E+00  0.000000E+00  5.112213E+06  1.422535E-01
  7.039578E+03  1.407916E+04  9.000000E+01  9.000000E+01  9.000000E+01
  0.000000E+00  2.716884E+00  2.232204E+12  3.272267E+00 -3.737215E-01
  5.389534E-01 -3.737215E-01  2.539964E+00 -9.286123E-02  5.389534E-01
 -9.286123E-02  2.338419E+00  1.002864E+02  5.996870E+01  5.830001E+01
  1.168649E+03  1.592344E+04  1.746500E+02  0.000000E+00  0.000000E+00
  0.000000E+00  1.746500E+02  0.000000E+00  0.000000E+00  0.000000E+00
  1.675991E+02  8.783872E+03
     57000  1.649306E+01        52
  2.232204E+12  1.000000E+03 -5.938350E+05  8.817379E+04 -6.890297E+05
  0.000000E+00  0.000000E+00  0.000000E+00  0.000000E+00 -5.907296E+05
  0.000000E+00 -1.985692E+04 -5.162304E+05  4.823317E+05  0.000000E+00
  0.000000E+00  0.000000E+00  0.000000E+00  5.207202E+06  2.011697E-02
  7.020875E+03  1.404175E+04  9.000000E+01  9.000000E+01  9.000000E+01
  0.000000E+00  2.637925E+00  2.232204E+12  2.468461E+00 -1.631610E-02
  6.621104E-01 -1.631610E-02  2.206200E+00 -4.460851E-02  6.621104E-01
 -4.460851E-02  3.239113E+00  1.009590E+02  6.060609E+01  5.894419E+01
  1.203101E+03  1.606947E+04  1.757251E+02  0.000000E+00  0.000000E+00
  0.000000E+00  1.757251E+02  0.000000E+00  0.000000E+00  0.000000E+00
  1.686308E+02  8.687060E+03
     58000  1.678242E+01        52
  2.232986E+12  9.999880E+02 -5.937387E+05  8.812755E+04 -6.888905E+05
  0.000000E+00  0.000000E+00  0.000000E+00  0.000000E+00 -5.906333E+05
  0.000000E+00 -1.994005E+04 -5.156831E+05  4.816945E+05  0.000000E+00
  0.000000E+00  0.000000E+00  0.000000E+00  5.235761E+06  5.581553E-02
  7.024300E+03  1.404860E+04  9.000000E+01  9.000000E+01  9.000000E+01
  0.000000E+00  2.631896E+00  2.232987E+12  2.527237E+00 -3.139287E-02
 -5.707935E-01 -3.139287E-02  2.306033E+00  1.675026E-01 -5.707935E-01
  1.675026E-01  3.062418E+00  1.019302E+02  6.086670E+01  5.919738E+01
  1.219149E+03  1.608953E+04  1.760458E+02  0.000000E+00  0.000000E+00
  0.000000E+00  1.760458E+02  0.000000E+00  0.000000E+00  0.000000E+00
  1.689385E+02  8.714743E+03
     59000  1.707177E+01        52
  2.232986E+12  1.000109E+03 -5.938969E+05  8.804325E+04 -6.890064E+05
  0.000000E+00  0.000000E+00  0.000000E+00  0.000000E+00 -5.907911E+05
  0.000000E+00 -1.965250E+04 -5.152521E+05  4.814673E+05  0.000000E+00
  0.000000E+00  0.000000E+00  0.000000E+00  5.271331E+06  1.646379E-01
  7.066180E+03  1.413236E+04  9.000000E+01  9.000000E+01  9.000000E+01
  0.000000E+00  2.585461E+00  2.232987E+12  3.467525E+00 -2.437040E-01
 -4.213652E-01 -2.437040E-01  2.115572E+00  9.581826E-02 -4.213652E-01
  9.581826E-02  2.173286E+00  1.030418E+02  6.164773E+01  5.992163E+01
  1.258599E+03  1.613835E+04  1.764435E+02  0.000000E+00  0.000000E+00
  0.000000E+00  1.764435E+02  0.000000E+00  0.000000E+00  0.000000E+00
  1.693202E+02  8.619146E+03
     60000  1.736112E+01        52
  2.232986E+12  1.000000E+03 -5.943422E+05  8.731212E+04 -6.886905E+05
  0.000000E+00  0.000000E+00  0.000000E+00  0.000000E+00 -5.912365E+05
  0.000000E+00 -1.796372E+04 -5.098336E+05  4.777974E+05  0.000000E+00
  0.000000E+00  0.000000E+00  0.000000E+00  5.551048E+06  2.859504E-02
  7.036241E+03  1.407248E+04  9.000000E+01  9.000000E+01  9.000000E+01
  0.000000E+00  2.294764E+00  2.232987E+12  1.803291E+00  7.649455E-03
 -6.828395E-02  7.649455E-03  1.837487E+00  1.845532E-01 -6.828395E-02
  1.845532E-01  3.243515E+00  1.038965E+02  6.236455E+01  6.069648E+01
  1.283734E+03  1.664747E+04  1.795108E+02  0.000000E+00  0.000000E+00
  0.000000E+00  1.795108E+02  0.000000E+00  0.000000E+00  0.000000E+00
  1.722637E+02  8.055992E+03
     61000  1.765047E+01        52
  2.232986E+12  1.000012E+03 -5.945724E+05  8.749834E+04 -6.891518E+05
  0.000000E+00  0.000000E+00  0.000000E+00  0.000000E+00 -5.914667E+05
  0.000000E+00 -1.844447E+04 -5.106949E+05  4.780883E+05  0.000000E+00
  0.000000E+00  0.000000E+00  0.000000E+00  5.583877E+06  7.623449E-02
  7.081049E+03  1.416210E+04  9.000000E+01  9.000000E+01  9.000000E+01
  0.000000E+00  2.326659E+00  2.232987E+12  1.894308E+00 -1.387860E-02
 -8.191153E-02 -1.387860E-02  1.869226E+00  1.191392E-01 -8.191153E-02
  1.191392E-01  3.216443E+00  1.056760E+02  6.395480E+01  6.231361E+01
  1.351490E+03  1.688227E+04  1.798640E+02  0.000000E+00  0.000000E+00
  0.000000E+00  1.798640E+02  0.000000E+00  0.000000E+00  0.000000E+00
  1.726026E+02  8.216269E+03
     62000  1.793982E+01        52
  2.232986E+12  1.000069E+03 -5.947114E+05  8.767544E+04 -6.895169E+05
  0.000000E+00  0.000000E+00  0.000000E+00  0.000000E+00 -5.916055E+05
  0.000000E+00 -1.879297E+04 -5.115299E+05  4.784768E+05  0.000000E+00
  0.000000E+00  0.000000E+00  0.000000E+00  5.617719E+06  2.371416E-01
  7.130054E+03  1.426011E+04  9.000000E+01  9.000000E+01  9.000000E+01
  0.000000E+00  2.345373E+00  2.232987E+12  1.969107E+00 -1.197813E-02
 -1.996945E-01 -1.197813E-02  1.890672E+00  8.079488E-02 -1.996945E-01
  8.079488E-02  3.176341E+00  1.086747E+02  6.629538E+01  6.463078E+01
  1.460646E+03  1.715360E+04  1.802266E+02  0.000000E+00  0.000000E+00
  0.000000E+00  1.802266E+02  0.000000E+00  0.000000E+00  0.000000E+00
  1.729506E+02  8.332552E+03
     63000  1.822918E+01        52
  2.232986E+12  1.000000E+03 -5.949081E+05  8.795235E+04 -6.900644E+05
  0.000000E+00  0.000000E+00  0.000000E+00  0.000000E+00 -5.918024E+05
  0.000000E+00 -1.942480E+04 -5.129286E+05  4.790959E+05  0.000000E+00
  0.000000E+00  0.000000E+00  0.000000E+00  5.652614E+06  2.829862E-02
  7.203960E+03  1.440792E+04  9.000000E+01  9.000000E+01  9.000000E+01
  0.000000E+00  2.389770E+00  2.232987E+12  2.035354E+00 -3.690350E-02
 -8.479305E-02 -3.690350E-02  2.035758E+00 -2.535494E-02 -8.479305E-02
 -2.535494E-02  3.098197E+00  1.128761E+02  6.917258E+01  6.744554E+01
  1.595675E+03  1.743110E+04  1.805990E+02  0.000000E+00  0.000000E+00
  0.000000E+00  1.805990E+02  0.000000E+00  0.000000E+00  0.000000E+00
  1.733079E+02  8.543019E+03
     64000  1.851853E+01        52
  2.232986E+12  9.996448E+02 -5.950394E+05  8.801970E+04 -6.903024E+05
  0.000000E+00  0.000000E+00  0.000000E+00  0.000000E+00 -5.919348E+05
  0.000000E+00 -1.974223E+04 -5.131543E+05  4.789254E+05  0.000000E+00
  0.000000E+00  0.000000E+00  0.000000E+00  5.688230E+06  2.501712E-01
  7.243317E+03  1.448663E+04  9.000000E+01  9.000000E+01  9.000000E+01
  0.000000E+00  2.404016E+00  2.232987E+12  2.150098E+00  3.524605E-03
 -3.097261E-02  3.524605E-03  2.002051E+00  2.520040E-02 -3.097261E-02
  2.520040E-02  3.059898E+00  1.175332E+02  7.193839E+01  7.033308E+01
  1.759885E+03  1.772748E+04  1.809776E+02  0.000000E+00  0.000000E+00
  0.000000E+00  1.809776E+02  0.000000E+00  0.000000E+00  0.000000E+00
  1.736712E+02  8.648096E+03
     65000  1.880788E+01        52
  2.232986E+12  1.001677E+03 -5.952648E+05  8.811665E+04 -6.906606E+05
  0.000000E+00  0.000000E+00  0.000000E+00  0.000000E+00 -5.921538E+05
  0.000000E+00 -2.011782E+04 -5.136865E+05  4.790102E+05  0.000000E+00
  0.000000E+00  0.000000E+00  0.000000E+00  5.724438E+06  2.461985E+00
  7.279203E+03  1.455841E+04  9.000000E+01  9.000000E+01  9.000000E+01
  0.000000E+00  2.424553E+00  2.232987E+12  2.141377E+00  6.549905E-02
 -8.633121E-02  6.549905E-02  2.182321E+00  5.432433E-02 -8.633121E-02
  5.432433E-02  2.949961E+00  1.223698E+02  7.481000E+01  7.318277E+01
  1.952964E+03  1.804735E+04  1.813607E+02  0.000000E+00  0.000000E+00
  0.000000E+00  1.813607E+02  0.000000E+00  0.000000E+00  0.000000E+00
  1.740389E+02  8.777495E+03
     66000  1.909723E+01        52
  2.232986E+12  1.000000E+03 -5.961329E+05  8.620623E+04 -6.895550E+05
  0.000000E+00  0.000000E+00  0.000000E+00  0.000000E+00 -5.930266E+05
  0.000000E+00 -1.620858E+04 -5.010146E+05  4.703743E+05  0.000000E+00
  0.000000E+00  0.000000E+00  0.000000E+00  6.518516E+06  3.390692E-02
  7.215858E+03  1.443172E+04  9.000000E+01  9.000000E+01  9.000000E+01
  0.000000E+00  1.812261E+00  2.232987E+12  1.564058E+00  4.313289E-02
  2.118012E-01  4.313289E-02  1.521957E+00  1.910806E-01  2.118012E-01
  1.910806E-01  2.350769E+00  1.252337E+02  7.683212E+01  7.524236E+01
  2.076238E+03  1.933659E+04  1.893863E+02  0.000000E+00  0.000000E+00
  0.000000E+00  1.893863E+02  0.000000E+00  0.000000E+00  0.000000E+00
  1.817404E+02  7.470946E+03
     67000  1.938658E+01        52
  2.232986E+12  1.000071E+03 -5.964881E+05  8.607358E+04 -6.897088E+05
  0.000000E+00  0.000000E+00  0.000000E+00  0.000000E+00 -5.933816E+05
  0.000000E+00 -1.518513E+04 -4.991889E+05  4.697095E+05  0.000000E+00
  0.000000E+00  0.000000E+00  0.000000E+00  6.552062E+06  1.444427E-01
  7.147150E+03  1.429430E+04  9.000000E+01  9.000000E+01  9.000000E+01
  0.000000E+00  1.720687E+00  2.232987E+12  1.387730E+00  1.279225E-02
  1.220558E-01  1.279225E-02  1.467531E+00  3.179392E-01  1.220558E-01
  3.179392E-01  2.306801E+00  1.258970E+02  7.720573E+01  7.582133E+01
  2.133856E+03  1.963801E+04  1.897106E+02  0.000000E+00  0.000000E+00
  0.000000E+00  1.897106E+02  0.000000E+00  0.000000E+00  0.000000E+00
  1.820517E+02  7.129942E+03
     68000  1.967594E+01        52
  2.232986E+12  1.000067E+03 -5.966623E+05  8.628968E+04 -6.901430E+05
  0.000000E+00  0.000000E+00  0.000000E+00  0.000000E+00 -5.935558E+05
  0.000000E+00 -1.552028E+04 -5.000929E+05  4.701906E+05  0.000000E+00
  0.000000E+00  0.000000E+00  0.000000E+00  6.586261E+06  2.846285E-01
  7.191007E+03  1.438201E+04  9.000000E+01  9.000000E+01  9.000000E+01
  0.000000E+00  1.738572E+00  2.232987E+12  1.410226E+00  2.283033E-02
  1.500210E-01  2.283033E-02  1.463370E+00  2.457110E-01  1.500210E-01
  2.457110E-01  2.342119E+00  1.272958E+02  7.862300E+01  7.723541E+01
  2.226977E+03  1.997268E+04  1.900401E+02  0.000000E+00  0.000000E+00
  0.000000E+00  1.900401E+02  0.000000E+00  0.000000E+00  0.000000E+00
  1.823679E+02  7.241650E+03
     69000  1.996529E+01        52
  2.232986E+12  1.000000E+03 -5.961891E+05  8.593528E+04 -6.902908E+05
  0.000000E+00  0.000000E+00  0.000000E+00  0.000000E+00 -5.930826E+05
  0.000000E+00 -1.345228E+04 -4.972892E+05  4.675042E+05  0.000000E+00
  0.000000E+00  0.000000E+00  0.000000E+00  6.934194E+06  4.916399E-02
  8.166383E+03  1.633277E+04  9.000000E+01  9.000000E+01  9.000000E+01
  0.000000E+00  1.494114E+00  2.232987E+12  1.232769E+00  3.125121E-01
 -6.820716E-02  3.125121E-01  2.126581E+00  1.194813E-01 -6.820716E-02
  1.194813E-01  1.122993E+00  1.292096E+02  8.022497E+01  7.911123E+01
  2.317554E+03  2.042009E+04  1.933293E+02  0.000000E+00  0.000000E+00
  0.000000E+00  1.933293E+02  0.000000E+00  0.000000E+00  0.000000E+00
  1.855242E+02  6.552180E+03
     70000  2.025464E+01        52
  2.232986E+12  9.278545E+02 -5.973562E+05  7.741429E+04 -6.820596E+05
  0.000000E+00  0.000000E+00  0.000000E+00  0.000000E+00 -5.944701E+05
  0.000000E+00  5.727033E+03 -4.399817E+05  4.311304E+05  0.000000E+00
  0.000000E+00  0.000000E+00  0.000000E+00  1.233878E+07  3.960079E+02
  7.289169E+03  1.457834E+04  9.000000E+01  9.000000E+01  9.000000E+01
  0.000000E+00  1.265162E-03  2.232987E+12 -1.092292E-01  5.830934E-02
 -3.663585E-02  5.830934E-02  2.116895E-01 -1.649606E-03 -3.663585E-02
 -1.649606E-03 -9.866486E-02  6.639181E-01  4.145122E-01  4.524883E-01
  1.303308E+01  1.312473E+01  2.342735E+02  0.000000E+00  0.000000E+00
  0.000000E+00  2.342735E+02  0.000000E+00  0.000000E+00  0.000000E+00
  2.248154E+02  9.872444E+00
     71000  2.054399E+01        52
  2.232987E+12  9.651992E+02 -5.970359E+05  7.882333E+04 -6.842304E+05
  0.000000E+00  0.000000E+00  0.000000E+00  0.000000E+00 -5.940330E+05
  0.000000E+00  4.189897E+03 -4.462111E+05  4.336586E+05  0.000000E+00
  0.000000E+00  0.000000E+00  0.000000E+00  1.373578E+07  1.928750E+03
  8.371196E+03  1.674239E+04  9.000000E+01  9.000000E+01  9.000000E+01
  0.000000E+00  6.901085E-02  2.232988E+12 -4.019390E-02  2.352699E-02
 -3.682408E-02  2.352699E-02 -4.608412E-02  8.557802E-02 -3.682408E-02
  8.557802E-02  2.933106E-01  1.113916E+00  6.894500E-01  7.722119E-01
  1.734867E+01  2.234131E+01  2.428008E+02  0.000000E+00  0.000000E+00
  0.000000E+00  2.428008E+02  0.000000E+00  0.000000E+00  0.000000E+00
  2.329985E+02  5.994829E+02
     72000  2.083334E+01        52
  2.232987E+12  4.523929E-01 -5.989982E+05  7.903433E+04 -6.846087E+05
  0.000000E+00  0.000000E+00  0.000000E+00  0.000000E+00 -5.989881E+05
  0.000000E+00  2.762402E+02 -4.473671E+05  4.344909E+05  0.000000E+00
  0.000000E+00  0.000000E+00  0.000000E+00  1.371015E+07  1.084939E-03
  6.576213E+03  1.315243E+04  9.000000E+01  9.000000E+01  9.000000E+01
  0.000000E+00 -1.051192E-02  2.232988E+12 -2.576517E-02  1.214347E-02
 -7.420575E-03  1.214347E-02 -3.682449E-05  7.323483E-03 -7.420575E-03
  7.323483E-03 -5.733756E-03  1.157333E+00  7.086633E-01  7.955952E-01
  1.739046E+01  2.235889E+01  2.426497E+02  0.000000E+00  0.000000E+00
  0.000000E+00  2.426497E+02  0.000000E+00  0.000000E+00  0.000000E+00
  2.328535E+02 -9.114447E+01
     73000  2.112270E+01        52
  2.232987E+12  6.681513E-01 -5.991060E+05  7.924980E+04 -6.849736E+05
  0.000000E+00  0.000000E+00  0.000000E+00  0.000000E+00 -5.990953E+05
  0.000000E+00 -6.497610E+01 -4.485658E+05  4.352654E+05  0.000000E+00
  0.000000E+00  0.000000E+00  0.000000E+00  1.370125E+07  6.537331E-04
  6.617720E+03  1.323544E+04  9.000000E+01  9.000000E+01  9.000000E+01
  0.000000E+00  2.659044E-03  2.232988E+12 -1.154923E-02  1.155552E-02
 -6.076869E-03  1.155552E-02  1.304553E-02  6.314474E-03 -6.076869E-03
  6.314474E-03  6.480829E-03  1.209455E+00  7.349560E-01  8.284419E-01
  1.744078E+01  2.240602E+01  2.425972E+02  0.000000E+00  0.000000E+00
  0.000000E+00  2.425972E+02  0.000000E+00  0.000000E+00  0.000000E+00
  2.328031E+02  2.304050E+01
     74000  2.141205E+01        52
  2.232987E+12  1.021804E+00 -5.992201E+05  7.946248E+04 -6.853400E+05
  0.000000E+00  0.000000E+00  0.000000E+00  0.000000E+00 -5.992083E+05
  0.000000E+00 -3.951215E+02 -4.497281E+05  4.360182E+05  0.000000E+00
  0.000000E+00  0.000000E+00  0.000000E+00  1.372058E+07  6.639249E-04
  6.657392E+03  1.331478E+04  9.000000E+01  9.000000E+01  9.000000E+01
  0.000000E+00  1.542211E-02  2.232988E+12  2.384570E-03  1.086122E-02
 -5.336548E-03  1.086122E-02  2.562553E-02  5.177243E-03 -5.336548E-03
  5.177243E-03  1.825622E-02  1.279174E+00  7.731575E-01  8.762638E-01
  1.750308E+01  2.246249E+01  2.427112E+02  0.000000E+00  0.000000E+00
  0.000000E+00  2.427112E+02  0.000000E+00  0.000000E+00  0.000000E+00
  2.329125E+02  1.338204E+02
     75000  2.170140E+01        52
  2.232987E+12  2.113372E+00 -5.993543E+05  7.969757E+04 -6.857521E+05
  0.000000E+00  0.000000E+00  0.000000E+00  0.000000E+00 -5.993390E+05
  0.000000E+00 -7.407029E+02 -4.509655E+05  4.368244E+05  0.000000E+00
  0.000000E+00  0.000000E+00  0.000000E+00  1.379701E+07  1.319259E-03
  6.700215E+03  1.340043E+04  9.000000E+01  9.000000E+01  9.000000E+01
  0.000000E+00  2.879735E-02  2.232988E+12  1.714109E-02  9.215565E-03
 -5.255712E-03  9.215565E-03  3.828427E-02  3.960491E-03 -5.255712E-03
  3.960491E-03  3.096668E-02  1.382606E+00  8.371817E-01  9.560254E-01
  1.759281E+01  2.254082E+01  2.431610E+02  0.000000E+00  0.000000E+00
  0.000000E+00  2.431610E+02  0.000000E+00  0.000000E+00  0.000000E+00
  2.333442E+02  2.512716E+02
     76000  2.199075E+01        52
  2.232987E+12  1.034093E+01 -5.995555E+05  7.998289E+04 -6.862946E+05
  0.000000E+00  0.000000E+00  0.000000E+00  0.000000E+00 -5.995145E+05
  0.000000E+00 -1.087801E+03 -4.523695E+05  4.377692E+05  0.000000E+00
  0.000000E+00  0.000000E+00  0.000000E+00  1.406695E+07  1.795285E-03
  6.756225E+03  1.351245E+04  9.000000E+01  9.000000E+01  9.000000E+01
  0.000000E+00  4.316280E-02  2.232988E+12  3.166933E-02  7.750122E-03
 -6.052038E-03  7.750122E-03  5.281602E-02  2.999262E-03 -6.052038E-03
  2.999262E-03  4.500307E-02  1.600408E+00  9.849791E-01  1.137830E+00
  1.779790E+01  2.272067E+01  2.447366E+02  0.000000E+00  0.000000E+00
  0.000000E+00  2.447366E+02  0.000000E+00  0.000000E+00  0.000000E+00
  2.348562E+02  3.839861E+02
     77000  2.228010E+01        52
  2.232987E+12  1.260213E+03 -5.999817E+05  7.908917E+04 -6.859703E+05
  0.000000E+00  0.000000E+00  0.000000E+00  0.000000E+00 -5.960613E+05
  0.000000E+00  2.022481E+03 -4.454134E+05  4.336371E+05  0.000000E+00
  0.000000E+00  0.000000E+00  0.000000E+00  1.748199E+07  3.073581E-01
  6.899386E+03  1.379877E+04  9.000000E+01  9.000000E+01  9.000000E+01
  0.000000E+00  1.747535E-01  2.232988E+12  1.736355E-01  8.561540E-03
  2.519347E-03  8.561540E-03  1.749095E-01 -1.660462E-02  2.519347E-03
 -1.660462E-02  1.757156E-01  3.608202E+00  2.512382E+00  3.013376E+00
  1.991400E+01  2.466554E+01  2.631253E+02  0.000000E+00  0.000000E+00
  0.000000E+00  2.631253E+02  0.000000E+00  0.000000E+00  0.000000E+00
  2.525025E+02  1.932070E+03
     78000  2.256946E+01        52
  2.232990E+12  8.181687E-01 -5.993117E+05  7.468575E+04 -6.804464E+05
  0.000000E+00  0.000000E+00  0.000000E+00  0.000000E+00 -5.992884E+05
  0.000000E+00  9.299226E+03 -4.133763E+05  4.097776E+05  0.000000E+00
  0.000000E+00  0.000000E+00  0.000000E+00  3.287522E+07  3.186963E-04
  6.448939E+03  1.289788E+04  9.000000E+01  9.000000E+01  9.000000E+01
  0.000000E+00 -1.490094E-01  2.232991E+12 -1.577796E-01  4.084013E-03
  7.259787E-04  4.084013E-03 -1.479216E-01 -8.343293E-03  7.259787E-04
 -8.343293E-03 -1.413270E-01  9.612202E+00  7.196846E+00  8.933083E+00
  2.634687E+01  3.144662E+02  3.247795E+02  0.000000E+00  0.000000E+00
  0.000000E+00  3.247795E+02  0.000000E+00  0.000000E+00  0.000000E+00
  3.116675E+02 -3.098050E+03
     79000  2.285881E+01        52
  2.232990E+12  5.352187E-01 -5.996935E+05  7.616591E+04 -6.823739E+05
  0.000000E+00  0.000000E+00  0.000000E+00  0.000000E+00 -5.996714E+05
  0.000000E+00  6.129477E+03 -4.223185E+05  4.154189E+05  0.000000E+00
  0.000000E+00  0.000000E+00  0.000000E+00  3.240459E+07  1.780716E-04
  6.514529E+03  1.302906E+04  9.000000E+01  9.000000E+01  9.000000E+01
  0.000000E+00 -9.964473E-02  2.232991E+12 -1.070391E-01  3.649631E-03
  9.080833E-04  3.649631E-03 -9.967690E-02 -7.471662E-03  9.080833E-04
 -7.471662E-03 -9.221820E-02  9.598031E+00  7.200066E+00  8.950437E+00
  2.630072E+01  3.144000E+02  3.232222E+02  0.000000E+00  0.000000E+00
  0.000000E+00  3.232222E+02  0.000000E+00  0.000000E+00  0.000000E+00
  3.101731E+02 -2.042052E+03
     80000  2.314816E+01        52
  2.232990E+12  4.392501E-01 -5.999471E+05  7.701451E+04 -6.835533E+05
  0.000000E+00  0.000000E+00  0.000000E+00  0.000000E+00 -5.999254E+05
  0.000000E+00  4.502925E+03 -4.275182E+05  4.188377E+05  0.000000E+00
  0.000000E+00  0.000000E+00  0.000000E+00  3.203956E+07  1.119335E-04
  6.591691E+03  1.318338E+04  9.000000E+01  9.000000E+01  9.000000E+01
  0.000000E+00 -7.403176E-02  2.232991E+12 -8.048866E-02  3.571796E-03
  1.018463E-03  3.571796E-03 -7.475198E-02 -7.285406E-03  1.018463E-03
 -7.285406E-03 -6.685464E-02  9.601611E+00  7.199913E+00  8.961210E+00
  2.627082E+01  3.143498E+02  3.220039E+02  0.000000E+00  0.000000E+00
  0.000000E+00  3.220039E+02  0.000000E+00  0.000000E+00  0.000000E+00
  3.090040E+02 -1.500067E+03
     81000  2.343751E+01        52
  2.232990E+12  4.041828E-01 -6.001376E+05  7.762549E+04 -6.844222E+05
  0.000000E+00  0.000000E+00  0.000000E+00  0.000000E+00 -6.001163E+05
  0.000000E+00  3.385630E+03 -4.312592E+05  4.213267E+05  0.000000E+00
  0.000000E+00  0.000000E+00  0.000000E+00  3.173644E+07  9.935095E-05
  6.659062E+03  1.331812E+04  9.000000E+01  9.000000E+01  9.000000E+01
  0.000000E+00 -5.618653E-02  2.232991E+12 -6.178761E-02  3.483251E-03
  1.053435E-03  3.483251E-03 -5.729511E-02 -6.935440E-03  1.053435E-03
 -6.935440E-03 -4.947688E-02  9.593022E+00  7.198561E+00  8.969844E+00
  2.625113E+01  3.143118E+02  3.209852E+02  0.000000E+00  0.000000E+00
  0.000000E+00  3.209852E+02  0.000000E+00  0.000000E+00  0.000000E+00
  3.080265E+02 -1.127707E+03
     82000  2.372686E+01        52
  2.232990E+12  3.919362E-01 -6.002935E+05  7.810343E+04 -6.851157E+05
  0.000000E+00  0.000000E+00  0.000000E+00  0.000000E+00 -6.002724E+05
  0.000000E+00  2.564616E+03 -4.341604E+05  4.232875E+05  0.000000E+00
  0.000000E+00  0.000000E+00  0.000000E+00  3.147594E+07  8.933601E-05
  6.718756E+03  1.343751E+04  9.000000E+01  9.000000E+01  9.000000E+01
  0.000000E+00 -4.290465E-02  2.232991E+12 -4.771398E-02  3.506929E-03
  7.780753E-04  3.506929E-03 -4.393889E-02 -6.612916E-03  7.780753E-04
 -6.612916E-03 -3.706108E-02  9.588854E+00  7.197266E+00  8.978405E+00
  2.624070E+01  3.142882E+02  3.201046E+02  0.000000E+00  0.000000E+00
  0.000000E+00  3.201046E+02  0.000000E+00  0.000000E+00  0.000000E+00
  3.071814E+02 -8.540614E+02
     83000  2.401622E+01        52
  2.232990E+12  4.152176E-01 -6.004296E+05  7.849095E+04 -6.856933E+05
  0.000000E+00  0.000000E+00  0.000000E+00  0.000000E+00 -6.004085E+05
  0.000000E+00  1.930340E+03 -4.365065E+05  4.248914E+05  0.000000E+00
  0.000000E+00  0.000000E+00  0.000000E+00  3.124698E+07  9.079568E-05
  6.772744E+03  1.354549E+04  9.000000E+01  9.000000E+01  9.000000E+01
  0.000000E+00 -3.251760E-02  2.232991E+12 -3.673202E-02  3.481724E-03
  6.484467E-04  3.481724E-03 -3.331602E-02 -6.297150E-03  6.484467E-04
 -6.297150E-03 -2.750475E-02  9.590318E+00  7.197513E+00  8.987871E+00
  2.623993E+01  3.142901E+02  3.193265E+02  0.000000E+00  0.000000E+00
  0.000000E+00  3.193265E+02  0.000000E+00  0.000000E+00  0.000000E+00
  3.064348E+02 -6.425879E+02
     84000  2.430557E+01        52
  2.232990E+12  5.016244E-01 -6.005517E+05  7.882432E+04 -6.861987E+05
  0.000000E+00  0.000000E+00  0.000000E+00  0.000000E+00 -6.005305E+05
  0.000000E+00  1.426747E+03 -4.385236E+05  4.263050E+05  0.000000E+00
  0.000000E+00  0.000000E+00  0.000000E+00  3.104235E+07  1.055600E-04
  6.822654E+03  1.364531E+04  9.000000E+01  9.000000E+01  9.000000E+01
  0.000000E+00 -2.417224E-02  2.232991E+12 -2.804600E-02  3.321098E-03
  6.428696E-04  3.321098E-03 -2.482858E-02 -5.819167E-03  6.428696E-04
 -5.819167E-03 -1.964213E-02  9.597804E+00  7.200614E+00  9.000690E+00
  2.624791E+01  3.143308E+02  3.186279E+02  0.000000E+00  0.000000E+00
  0.000000E+00  3.186279E+02  0.000000E+00  0.000000E+00  0.000000E+00
  3.057643E+02 -4.745450E+02
     85000  2.459492E+01        52
  2.232990E+12  7.865224E-01 -6.006767E+05  7.913008E+04 -6.866757E+05
  0.000000E+00  0.000000E+00  0.000000E+00  0.000000E+00 -6.006548E+05
  0.000000E+00  9.813034E+02 -4.403725E+05  4.276161E+05  0.000000E+00
  0.000000E+00  0.000000E+00  0.000000E+00  3.085855E+07  5.519933E-03
  6.868867E+03  1.373773E+04  9.000000E+01  9.000000E+01  9.000000E+01
  0.000000E+00 -1.667767E-02  2.232991E+12 -2.052620E-02  3.238301E-03
  3.105233E-04  3.238301E-03 -1.723667E-02 -5.471717E-03  3.105233E-04
 -5.471717E-03 -1.227014E-02  9.618527E+00  7.208812E+00  9.020358E+00
  2.627684E+01  3.144566E+02  3.179979E+02  0.000000E+00  0.000000E+00
  0.000000E+00  3.179979E+02  0.000000E+00  0.000000E+00  0.000000E+00
  3.051597E+02 -3.254746E+02
     86000  2.488427E+01        52
  2.232990E+12  1.024479E+00 -6.008039E+05  7.941575E+04 -6.871339E+05
  0.000000E+00  0.000000E+00  0.000000E+00  0.000000E+00 -6.007813E+05
  0.000000E+00  5.980634E+02 -4.420874E+05  4.288568E+05  0.000000E+00
  0.000000E+00  0.000000E+00  0.000000E+00  3.069689E+07  4.523368E-04
  6.914327E+03  1.382865E+04  9.000000E+01  9.000000E+01  9.000000E+01
  0.000000E+00 -1.015980E-02  2.232991E+12 -1.394941E-02  3.216242E-03
  1.754285E-04  3.216242E-03 -1.089839E-02 -5.099503E-03  1.754285E-04
 -5.099503E-03 -5.631606E-03  9.654011E+00  7.226882E+00  9.053110E+00
  2.633584E+01  3.147587E+02  3.174416E+02  0.000000E+00  0.000000E+00
  0.000000E+00  3.174416E+02  0.000000E+00  0.000000E+00  0.000000E+00
  3.046259E+02 -1.972358E+02
     87000  2.517362E+01        52
  2.232990E+12  1.806788E+00 -6.009620E+05  7.971559E+04 -6.876401E+05
  0.000000E+00  0.000000E+00  0.000000E+00  0.000000E+00 -6.009370E+05
  0.000000E+00  2.177567E+02 -4.438891E+05  4.301818E+05  0.000000E+00
  0.000000E+00  0.000000E+00  0.000000E+00  3.056673E+07  1.109921E-03
  6.962537E+03  1.392507E+04  9.000000E+01  9.000000E+01  9.000000E+01
  0.000000E+00 -3.561578E-03  2.232991E+12 -6.810527E-03  3.328923E-03
  6.082234E-04  3.328923E-03 -4.691517E-03 -4.829288E-03  6.082234E-04
 -4.829288E-03  8.173093E-04  9.718609E+00  7.265001E+00  9.111828E+00
  2.644384E+01  3.151363E+02  3.169923E+02  0.000000E+00  0.000000E+00
  0.000000E+00  3.169923E+02  0.000000E+00  0.000000E+00  0.000000E+00
  3.041947E+02 -6.884899E+01
     88000  2.546298E+01        52
  2.232990E+12  6.127198E+00 -6.011386E+05  8.005186E+04 -6.882099E+05
  0.000000E+00  0.000000E+00  0.000000E+00  0.000000E+00 -6.011003E+05
  0.000000E+00 -1.526570E+02 -4.458578E+05  4.316663E+05  0.000000E+00
  0.000000E+00  0.000000E+00  0.000000E+00  3.052268E+07  1.292482E-03
  7.019420E+03  1.403884E+04  9.000000E+01  9.000000E+01  9.000000E+01
  0.000000E+00  3.292581E-03  2.232991E+12  5.507221E-04  3.395665E-03
  1.025875E-03  3.395665E-03  2.083860E-03 -4.490152E-03  1.025875E-03
 -4.490152E-03  7.243162E-03  9.849316E+00  7.359568E+00  9.245452E+00
  2.662591E+01  3.152943E+02  3.168399E+02  0.000000E+00  0.000000E+00
  0.000000E+00  3.168399E+02  0.000000E+00  0.000000E+00  0.000000E+00
  3.040485E+02  6.355726E+01
     89000  2.575233E+01        52
  2.232990E+12  2.353880E+02 -6.014728E+05  8.050454E+04 -6.891299E+05
  0.000000E+00  0.000000E+00  0.000000E+00  0.000000E+00 -6.007228E+05
  0.000000E+00 -3.244450E+02 -4.484801E+05  4.338505E+05  0.000000E+00
  0.000000E+00  0.000000E+00  0.000000E+00  3.140456E+07  1.490387E+00
  7.152593E+03  1.430519E+04  9.000000E+01  9.000000E+01  9.000000E+01
  0.000000E+00  2.995591E-02  2.232991E+12  2.798998E-02  3.836250E-04
  6.018526E-04  3.836250E-04  2.797452E-02 -1.871856E-03  6.018526E-04
 -1.871856E-03  3.390323E-02  1.059627E+01  7.979494E+00  1.006318E+01
  2.758276E+01  3.162837E+02  3.198624E+02  0.000000E+00  0.000000E+00
  0.000000E+00  3.198624E+02  0.000000E+00  0.000000E+00  0.000000E+00
  3.069490E+02  5.949511E+02
     90000  2.604168E+01        52
  2.237153E+12  2.362023E-01 -5.987244E+05  6.202523E+04 -6.703150E+05
  0.000000E+00  0.000000E+00  0.000000E+00  0.000000E+00 -5.986931E+05
  0.000000E+00  5.283522E+04 -3.504733E+05  3.841777E+05  0.000000E+00
  0.000000E+00  0.000000E+00  0.000000E+00  4.835570E+07  4.473973E-01
  9.565408E+03  1.913082E+04  9.000000E+01  9.000000E+01  9.000000E+01
  0.000000E+00 -5.758860E-01  2.237154E+12 -5.849949E-01  7.559353E-04
 -3.205338E-03  7.559353E-04 -5.736347E-01 -3.618190E-03 -3.205338E-03
