#Li56 La24 Zr16 O96                                                     
        15       120
Li      Li      
  2.500000E-02  0.000000E+00  0.000000E+00
  7.500000E-02  0.000000E+00  0.000000E+00
  1.250000E-01  0.000000E+00  0.000000E+00
  1.750000E-01  0.000000E+00  0.000000E+00
  2.250000E-01  0.000000E+00  0.000000E+00
  2.750000E-01  0.000000E+00  0.000000E+00
  3.250000E-01  0.000000E+00  0.000000E+00
  3.750000E-01  0.000000E+00  0.000000E+00
  4.250000E-01  0.000000E+00  0.000000E+00
  4.750000E-01  0.000000E+00  0.000000E+00
  5.250000E-01  0.000000E+00  0.000000E+00
  5.750000E-01  0.000000E+00  0.000000E+00
  6.250000E-01  0.000000E+00  0.000000E+00
  6.750000E-01  0.000000E+00  0.000000E+00
  7.250000E-01  0.000000E+00  0.000000E+00
  7.750000E-01  0.000000E+00  0.000000E+00
  8.250000E-01  0.000000E+00  0.000000E+00
  8.750000E-01  0.000000E+00  0.000000E+00
  9.250000E-01  0.000000E+00  0.000000E+00
  9.750000E-01  0.000000E+00  0.000000E+00
  1.025000E+00  0.000000E+00  0.000000E+00
  1.075000E+00  1.572773E-04  2.644609E-06
  1.125000E+00  1.436100E-04  5.289218E-06
  1.175000E+00  3.093768E-03  6.743753E-05
  1.225000E+00  3.591314E-02  8.515641E-04
  1.275000E+00  1.679963E-01  4.825089E-03
  1.325000E+00  5.081907E-01  1.780615E-02
  1.375000E+00  1.131289E+00  4.892526E-02
  1.425000E+00  2.044302E+00  1.093228E-01
  1.475000E+00  3.193994E+00  2.104249E-01
  1.525000E+00  4.287525E+00  3.554976E-01
  1.575000E+00  4.984731E+00  5.354011E-01
  1.625000E+00  5.063216E+00  7.299226E-01
  1.675000E+00  4.692743E+00  9.214756E-01
  1.725000E+00  4.019223E+00  1.095476E+00
  1.775000E+00  3.306078E+00  1.247020E+00
  1.825000E+00  2.610055E+00  1.373495E+00
  1.875000E+00  1.982035E+00  1.474872E+00
  1.925000E+00  1.473315E+00  1.554301E+00
  1.975000E+00  1.074617E+00  1.615285E+00
  2.025000E+00  7.827857E-01  1.661985E+00
  2.075000E+00  6.097845E-01  1.700182E+00
  2.125000E+00  5.075390E-01  1.733525E+00
  2.175000E+00  4.659519E-01  1.765594E+00
  2.225000E+00  4.620267E-01  1.798871E+00
  2.275000E+00  4.659478E-01  1.833956E+00
  2.325000E+00  4.624159E-01  1.870322E+00
  2.375000E+00  4.489201E-01  1.907161E+00
  2.425000E+00  4.251744E-01  1.943536E+00
  2.475000E+00  4.176807E-01  1.980759E+00
  2.525000E+00  4.185671E-01  2.019583E+00
  2.575000E+00  4.477193E-01  2.062772E+00
  2.625000E+00  4.711627E-01  2.110005E+00
  2.675000E+00  4.984125E-01  2.161891E+00
  2.725000E+00  5.141221E-01  2.217432E+00
  2.775000E+00  5.357749E-01  2.277455E+00
  2.825000E+00  5.768835E-01  2.344434E+00
  2.875000E+00  6.123701E-01  2.418072E+00
  2.925000E+00  6.557586E-01  2.499694E+00
  2.975000E+00  6.878886E-01  2.588267E+00
  3.025000E+00  7.143353E-01  2.683363E+00
  3.075000E+00  7.415190E-01  2.785368E+00
  3.125000E+00  7.565500E-01  2.892853E+00
  3.175000E+00  7.693001E-01  3.005675E+00
  3.225000E+00  7.702403E-01  3.122220E+00
  3.275000E+00  7.702226E-01  3.242404E+00
  3.325000E+00  7.744039E-01  3.366959E+00
  3.375000E+00  7.753121E-01  3.495438E+00
  3.425000E+00  7.718086E-01  3.627154E+00
  3.475000E+00  7.789100E-01  3.763991E+00
  3.525000E+00  7.773202E-01  3.904507E+00
  3.575000E+00  7.878813E-01  4.051001E+00
  3.625000E+00  7.968763E-01  4.203341E+00
  3.675000E+00  8.175168E-01  4.363968E+00
  3.725000E+00  8.286534E-01  4.531244E+00
  3.775000E+00  8.505954E-01  4.707589E+00
  3.825000E+00  8.707105E-01  4.892918E+00
  3.875000E+00  8.825983E-01  5.085720E+00
  3.925000E+00  8.933361E-01  5.285937E+00
  3.975000E+00  9.079402E-01  5.494644E+00
  4.025000E+00  9.180241E-01  5.711012E+00
  4.075000E+00  9.332597E-01  5.936469E+00
  4.125000E+00  9.429830E-01  6.169899E+00
  4.175000E+00  9.606160E-01  6.413494E+00
  4.225000E+00  9.747263E-01  6.666623E+00
  4.275000E+00  9.888774E-01  6.929540E+00
  4.325000E+00  9.976859E-01  7.201041E+00
  4.375000E+00  1.004316E+00  7.480702E+00
  4.425000E+00  1.013355E+00  7.769366E+00
  4.475000E+00  1.015846E+00  8.065317E+00
  4.525000E+00  1.024150E+00  8.370391E+00
  4.575000E+00  1.028763E+00  8.683649E+00
  4.625000E+00  1.039566E+00  9.007153E+00
  4.675000E+00  1.040829E+00  9.338091E+00
  4.725000E+00  1.046704E+00  9.678055E+00
  4.775000E+00  1.050439E+00  1.002649E+01
  4.825000E+00  1.051621E+00  1.038266E+01
  4.875000E+00  1.058068E+00  1.074848E+01
  4.925000E+00  1.065559E+00  1.112449E+01
  4.975000E+00  1.075272E+00  1.151166E+01
  5.025000E+00  1.079894E+00  1.190836E+01
  5.075000E+00  1.085435E+00  1.231506E+01
  5.125000E+00  1.092490E+00  1.273252E+01
  5.175000E+00  1.084761E+00  1.315514E+01
  5.225000E+00  1.086024E+00  1.358648E+01
  5.275000E+00  1.084750E+00  1.402559E+01
  5.325000E+00  1.082775E+00  1.447226E+01
  5.375000E+00  1.085184E+00  1.492836E+01
  5.425000E+00  1.081947E+00  1.539161E+01
  5.475000E+00  1.077946E+00  1.586168E+01
  5.525000E+00  1.077137E+00  1.634002E+01
  5.575000E+00  1.068753E+00  1.682327E+01
  5.625000E+00  1.060802E+00  1.731157E+01
  5.675000E+00  1.059642E+00  1.780804E+01
  5.725000E+00  1.041669E+00  1.830473E+01
  5.775000E+00  1.040151E+00  1.880939E+01
  5.825000E+00  1.036106E+00  1.932084E+01
  5.875000E+00  1.036473E+00  1.984128E+01
  5.925000E+00  1.029858E+00  2.036725E+01
  5.975000E+00  1.027079E+00  2.090069E+01
Li      La      
  2.500000E-02  0.000000E+00  0.000000E+00
  7.500000E-02  0.000000E+00  0.000000E+00
  1.250000E-01  0.000000E+00  0.000000E+00
  1.750000E-01  0.000000E+00  0.000000E+00
  2.250000E-01  0.000000E+00  0.000000E+00
  2.750000E-01  0.000000E+00  0.000000E+00
  3.250000E-01  0.000000E+00  0.000000E+00
  3.750000E-01  0.000000E+00  0.000000E+00
  4.250000E-01  0.000000E+00  0.000000E+00
  4.750000E-01  0.000000E+00  0.000000E+00
  5.250000E-01  0.000000E+00  0.000000E+00
  5.750000E-01  0.000000E+00  0.000000E+00
  6.250000E-01  0.000000E+00  0.000000E+00
  6.750000E-01  0.000000E+00  0.000000E+00
  7.250000E-01  0.000000E+00  0.000000E+00
  7.750000E-01  0.000000E+00  0.000000E+00
  8.250000E-01  0.000000E+00  0.000000E+00
  8.750000E-01  0.000000E+00  0.000000E+00
  9.250000E-01  0.000000E+00  0.000000E+00
  9.750000E-01  0.000000E+00  0.000000E+00
  1.025000E+00  0.000000E+00  0.000000E+00
  1.075000E+00  0.000000E+00  0.000000E+00
  1.125000E+00  0.000000E+00  0.000000E+00
  1.175000E+00  0.000000E+00  0.000000E+00
  1.225000E+00  0.000000E+00  0.000000E+00
  1.275000E+00  0.000000E+00  0.000000E+00
  1.325000E+00  0.000000E+00  0.000000E+00
  1.375000E+00  0.000000E+00  0.000000E+00
  1.425000E+00  0.000000E+00  0.000000E+00
  1.475000E+00  0.000000E+00  0.000000E+00
  1.525000E+00  0.000000E+00  0.000000E+00
  1.575000E+00  0.000000E+00  0.000000E+00
  1.625000E+00  0.000000E+00  0.000000E+00
  1.675000E+00  0.000000E+00  0.000000E+00
  1.725000E+00  0.000000E+00  0.000000E+00
  1.775000E+00  0.000000E+00  0.000000E+00
  1.825000E+00  0.000000E+00  0.000000E+00
  1.875000E+00  0.000000E+00  0.000000E+00
  1.925000E+00  0.000000E+00  0.000000E+00
  1.975000E+00  0.000000E+00  0.000000E+00
  2.025000E+00  0.000000E+00  0.000000E+00
  2.075000E+00  2.461124E-05  6.607149E-07
  2.125000E+00  0.000000E+00  6.607149E-07
  2.175000E+00  8.960102E-05  3.303575E-06
  2.225000E+00  1.476935E-03  4.889291E-05
  2.275000E+00  1.693230E-02  5.953042E-04
  2.325000E+00  9.321343E-02  3.737004E-03
  2.375000E+00  3.321277E-01  1.541778E-02
  2.425000E+00  8.259770E-01  4.570297E-02
  2.475000E+00  1.485307E+00  1.024320E-01
  2.525000E+00  2.062749E+00  1.844306E-01
  2.575000E+00  2.359360E+00  2.819713E-01
  2.625000E+00  2.482810E+00  3.886405E-01
  2.675000E+00  2.572544E+00  5.034152E-01
  2.725000E+00  2.706611E+00  6.287278E-01
  2.775000E+00  2.824561E+00  7.643441E-01
  2.825000E+00  2.907376E+00  9.090123E-01
  2.875000E+00  2.960875E+00  1.061604E+00
  2.925000E+00  2.955603E+00  1.219268E+00
  2.975000E+00  2.844951E+00  1.376261E+00
  3.025000E+00  2.659386E+00  1.527989E+00
  3.075000E+00  2.437531E+00  1.671695E+00
  3.125000E+00  2.176627E+00  1.804226E+00
  3.175000E+00  1.946179E+00  1.926547E+00
  3.225000E+00  1.722588E+00  2.038252E+00
  3.275000E+00  1.536784E+00  2.141022E+00
  3.325000E+00  1.383378E+00  2.236380E+00
  3.375000E+00  1.254572E+00  2.325479E+00
  3.425000E+00  1.143737E+00  2.409132E+00
  3.475000E+00  1.075108E+00  2.490077E+00
  3.525000E+00  1.025500E+00  2.569526E+00
  3.575000E+00  9.774149E-01  2.647412E+00
  3.625000E+00  9.342514E-01  2.723956E+00
  3.675000E+00  8.740944E-01  2.797560E+00
  3.725000E+00  8.248585E-01  2.868921E+00
  3.775000E+00  7.681954E-01  2.937177E+00
  3.825000E+00  7.184672E-01  3.002716E+00
  3.875000E+00  6.911114E-01  3.067418E+00
  3.925000E+00  6.625687E-01  3.131059E+00
  3.975000E+00  6.590164E-01  3.195983E+00
  4.025000E+00  6.637488E-01  3.263027E+00
  4.075000E+00  6.737508E-01  3.332784E+00
  4.125000E+00  6.760444E-01  3.404506E+00
  4.175000E+00  6.868145E-01  3.479147E+00
  4.225000E+00  6.989959E-01  3.556943E+00
  4.275000E+00  7.163488E-01  3.638568E+00
  4.325000E+00  7.365751E-01  3.724473E+00
  4.375000E+00  7.554237E-01  3.814625E+00
  4.425000E+00  7.778698E-01  3.909590E+00
  4.475000E+00  8.044955E-01  4.010037E+00
  4.525000E+00  8.159218E-01  4.114200E+00
  4.575000E+00  8.235910E-01  4.221678E+00
  4.625000E+00  8.316809E-01  4.332598E+00
  4.675000E+00  8.536338E-01  4.448920E+00
  4.725000E+00  8.691031E-01  4.569897E+00
  4.775000E+00  8.772617E-01  4.694608E+00
  4.825000E+00  9.026724E-01  4.825632E+00
  4.875000E+00  9.249752E-01  4.962691E+00
  4.925000E+00  9.510447E-01  5.106518E+00
  4.975000E+00  9.712435E-01  5.256397E+00
  5.025000E+00  9.903448E-01  5.412311E+00
  5.075000E+00  1.010356E+00  5.574557E+00
  5.125000E+00  1.033029E+00  5.743728E+00
  5.175000E+00  1.052919E+00  5.919538E+00
  5.225000E+00  1.076319E+00  6.102744E+00
  5.275000E+00  1.099180E+00  6.293440E+00
  5.325000E+00  1.109856E+00  6.489655E+00
  5.375000E+00  1.124223E+00  6.692160E+00
  5.425000E+00  1.131055E+00  6.899704E+00
  5.475000E+00  1.146653E+00  7.114006E+00
  5.525000E+00  1.161361E+00  7.335040E+00
  5.575000E+00  1.179697E+00  7.563645E+00
  5.625000E+00  1.195736E+00  7.799534E+00
  5.675000E+00  1.207173E+00  8.041931E+00
  5.725000E+00  1.211266E+00  8.289455E+00
  5.775000E+00  1.214337E+00  8.541959E+00
  5.825000E+00  1.217963E+00  8.799622E+00
  5.875000E+00  1.211437E+00  9.060323E+00
  5.925000E+00  1.209672E+00  9.325094E+00
  5.975000E+00  1.203480E+00  9.592974E+00
Li      Zr      
  2.500000E-02  0.000000E+00  0.000000E+00
  7.500000E-02  0.000000E+00  0.000000E+00
  1.250000E-01  0.000000E+00  0.000000E+00
  1.750000E-01  0.000000E+00  0.000000E+00
  2.250000E-01  0.000000E+00  0.000000E+00
  2.750000E-01  0.000000E+00  0.000000E+00
  3.250000E-01  0.000000E+00  0.000000E+00
  3.750000E-01  0.000000E+00  0.000000E+00
  4.250000E-01  0.000000E+00  0.000000E+00
  4.750000E-01  0.000000E+00  0.000000E+00
  5.250000E-01  0.000000E+00  0.000000E+00
  5.750000E-01  0.000000E+00  0.000000E+00
  6.250000E-01  0.000000E+00  0.000000E+00
  6.750000E-01  0.000000E+00  0.000000E+00
  7.250000E-01  0.000000E+00  0.000000E+00
  7.750000E-01  0.000000E+00  0.000000E+00
  8.250000E-01  0.000000E+00  0.000000E+00
  8.750000E-01  0.000000E+00  0.000000E+00
  9.250000E-01  0.000000E+00  0.000000E+00
  9.750000E-01  0.000000E+00  0.000000E+00
  1.025000E+00  0.000000E+00  0.000000E+00
  1.075000E+00  0.000000E+00  0.000000E+00
  1.125000E+00  0.000000E+00  0.000000E+00
  1.175000E+00  0.000000E+00  0.000000E+00
  1.225000E+00  0.000000E+00  0.000000E+00
  1.275000E+00  0.000000E+00  0.000000E+00
  1.325000E+00  0.000000E+00  0.000000E+00
  1.375000E+00  0.000000E+00  0.000000E+00
  1.425000E+00  0.000000E+00  0.000000E+00
  1.475000E+00  0.000000E+00  0.000000E+00
  1.525000E+00  0.000000E+00  0.000000E+00
  1.575000E+00  0.000000E+00  0.000000E+00
  1.625000E+00  6.019229E-05  6.607149E-07
  1.675000E+00  0.000000E+00  6.607149E-07
  1.725000E+00  0.000000E+00  6.607149E-07
  1.775000E+00  0.000000E+00  6.607149E-07
  1.825000E+00  0.000000E+00  6.607149E-07
  1.875000E+00  0.000000E+00  6.607149E-07
  1.925000E+00  0.000000E+00  6.607149E-07
  1.975000E+00  8.149942E-05  1.982145E-06
  2.025000E+00  5.814348E-04  1.189287E-05
  2.075000E+00  8.823128E-03  1.698037E-04
  2.125000E+00  7.758104E-02  1.626019E-03
  2.175000E+00  2.832512E-01  7.195846E-03
  2.225000E+00  5.607216E-01  1.873457E-02
  2.275000E+00  8.059630E-01  3.607371E-02
  2.325000E+00  1.117473E+00  6.118286E-02
  2.375000E+00  1.593429E+00  9.854299E-02
  2.425000E+00  2.281803E+00  1.543192E-01
  2.475000E+00  3.036577E+00  2.316374E-01
  2.525000E+00  3.702847E+00  3.297681E-01
  2.575000E+00  4.169230E+00  4.446777E-01
  2.625000E+00  4.301723E+00  5.678878E-01
  2.675000E+00  4.143151E+00  6.911197E-01
  2.725000E+00  3.686830E+00  8.049166E-01
  2.775000E+00  3.149460E+00  9.057272E-01
  2.825000E+00  2.574708E+00  9.911372E-01
  2.875000E+00  2.052166E+00  1.061644E+00
  2.925000E+00  1.610808E+00  1.118929E+00
  2.975000E+00  1.274955E+00  1.165833E+00
  3.025000E+00  1.053873E+00  1.205918E+00
  3.075000E+00  8.860508E-01  1.240743E+00
  3.125000E+00  7.790791E-01  1.272367E+00
  3.175000E+00  7.284649E-01  1.302891E+00
  3.225000E+00  6.904483E-01  1.332740E+00
  3.275000E+00  6.623098E-01  1.362267E+00
  3.325000E+00  6.421958E-01  1.391779E+00
  3.375000E+00  6.305377E-01  1.421633E+00
  3.425000E+00  6.159889E-01  1.451668E+00
  3.475000E+00  6.112378E-01  1.482348E+00
  3.525000E+00  6.106385E-01  1.513887E+00
  3.575000E+00  6.212259E-01  1.546889E+00
  3.625000E+00  6.443190E-01  1.582082E+00
  3.675000E+00  6.808106E-01  1.620301E+00
  3.725000E+00  7.071623E-01  1.661087E+00
  3.775000E+00  7.353014E-01  1.704642E+00
  3.825000E+00  7.601836E-01  1.750871E+00
  3.875000E+00  7.912728E-01  1.800258E+00
  3.925000E+00  8.293631E-01  1.853366E+00
  3.975000E+00  8.621598E-01  1.909990E+00
  4.025000E+00  8.924826E-01  1.970089E+00
  4.075000E+00  9.062295E-01  2.032640E+00
  4.125000E+00  9.128767E-01  2.097205E+00
  4.175000E+00  9.230603E-01  2.164083E+00
  4.225000E+00  9.108793E-01  2.231668E+00
  4.275000E+00  9.104671E-01  2.300831E+00
  4.325000E+00  9.053521E-01  2.371223E+00
  4.375000E+00  8.990442E-01  2.442751E+00
  4.425000E+00  8.835909E-01  2.514665E+00
  4.475000E+00  8.661551E-01  2.586762E+00
  4.525000E+00  8.552863E-01  2.659555E+00
  4.575000E+00  8.716055E-01  2.735384E+00
  4.625000E+00  8.763667E-01  2.813304E+00
  4.675000E+00  8.875697E-01  2.893935E+00
  4.725000E+00  9.086352E-01  2.978255E+00
  4.775000E+00  9.311939E-01  3.066506E+00
  4.825000E+00  9.455945E-01  3.158009E+00
  4.875000E+00  9.745013E-01  3.254274E+00
  4.925000E+00  9.997779E-01  3.355072E+00
  4.975000E+00  1.019178E+00  3.459923E+00
  5.025000E+00  1.049484E+00  3.570073E+00
  5.075000E+00  1.072682E+00  3.684909E+00
  5.125000E+00  1.098569E+00  3.804845E+00
  5.175000E+00  1.120386E+00  3.929562E+00
  5.225000E+00  1.137370E+00  4.058627E+00
  5.275000E+00  1.148849E+00  4.191502E+00
  5.325000E+00  1.144081E+00  4.326346E+00
  5.375000E+00  1.143842E+00  4.463706E+00
  5.425000E+00  1.149217E+00  4.604290E+00
  5.475000E+00  1.147689E+00  4.747287E+00
  5.525000E+00  1.150839E+00  4.893308E+00
  5.575000E+00  1.150429E+00  5.041930E+00
  5.625000E+00  1.146893E+00  5.192766E+00
  5.675000E+00  1.138573E+00  5.345181E+00
  5.725000E+00  1.136751E+00  5.500045E+00
  5.775000E+00  1.136646E+00  5.657612E+00
  5.825000E+00  1.130119E+00  5.816998E+00
  5.875000E+00  1.129934E+00  5.979106E+00
  5.925000E+00  1.128427E+00  6.143764E+00
  5.975000E+00  1.123320E+00  6.310456E+00
Li      O       
  2.500000E-02  0.000000E+00  0.000000E+00
  7.500000E-02  0.000000E+00  0.000000E+00
  1.250000E-01  0.000000E+00  0.000000E+00
  1.750000E-01  0.000000E+00  0.000000E+00
  2.250000E-01  0.000000E+00  0.000000E+00
  2.750000E-01  0.000000E+00  0.000000E+00
  3.250000E-01  0.000000E+00  0.000000E+00
  3.750000E-01  0.000000E+00  0.000000E+00
  4.250000E-01  0.000000E+00  0.000000E+00
  4.750000E-01  0.000000E+00  0.000000E+00
  5.250000E-01  0.000000E+00  0.000000E+00
  5.750000E-01  0.000000E+00  0.000000E+00
  6.250000E-01  0.000000E+00  0.000000E+00
  6.750000E-01  0.000000E+00  0.000000E+00
  7.250000E-01  0.000000E+00  0.000000E+00
  7.750000E-01  0.000000E+00  0.000000E+00
  8.250000E-01  3.891256E-05  6.607149E-07
  8.750000E-01  3.459365E-05  1.321430E-06
  9.250000E-01  3.095576E-05  1.982145E-06
  9.750000E-01  7.801611E-04  2.048216E-05
  1.025000E+00  2.218602E-03  7.862508E-05
  1.075000E+00  1.112132E-01  3.284414E-03
  1.125000E+00  2.672877E+00  8.766432E-02
  1.175000E+00  1.497596E+01  6.033907E-01
  1.225000E+00  2.200243E+01  1.426934E+00
  1.275000E+00  1.086393E+01  1.867435E+00
  1.325000E+00  3.137316E+00  2.004815E+00
  1.375000E+00  9.580904E-01  2.049995E+00
  1.425000E+00  3.734498E-01  2.068909E+00
  1.475000E+00  1.693440E-01  2.078098E+00
  1.525000E+00  8.907561E-02  2.083265E+00
  1.575000E+00  5.752810E-02  2.086825E+00
  1.625000E+00  4.538499E-02  2.089814E+00
  1.675000E+00  3.946799E-02  2.092575E+00
  1.725000E+00  4.040938E-02  2.095574E+00
  1.775000E+00  4.229346E-02  2.098898E+00
  1.825000E+00  4.676868E-02  2.102783E+00
  1.875000E+00  5.934074E-02  2.107986E+00
  1.925000E+00  6.888768E-02  2.114353E+00
  1.975000E+00  8.105117E-02  2.122238E+00
  2.025000E+00  9.300373E-02  2.131749E+00
  2.075000E+00  1.279969E-01  2.145494E+00
  2.125000E+00  1.505274E-01  2.162447E+00
  2.175000E+00  1.947086E-01  2.185419E+00
  2.225000E+00  2.584155E-01  2.217326E+00
  2.275000E+00  3.325190E-01  2.260248E+00
  2.325000E+00  4.229890E-01  2.317274E+00
  2.375000E+00  5.412832E-01  2.393421E+00
  2.425000E+00  6.638116E-01  2.490778E+00
  2.475000E+00  7.986079E-01  2.612784E+00
  2.525000E+00  9.159926E-01  2.758435E+00
  2.575000E+00  1.010722E+00  2.925576E+00
  2.625000E+00  1.080817E+00  3.111317E+00
  2.675000E+00  1.119817E+00  3.311160E+00
  2.725000E+00  1.131556E+00  3.520719E+00
  2.775000E+00  1.123435E+00  3.736478E+00
  2.825000E+00  1.113770E+00  3.958158E+00
  2.875000E+00  1.089436E+00  4.182739E+00
  2.925000E+00  1.078749E+00  4.412918E+00
  2.975000E+00  1.064300E+00  4.647844E+00
  3.025000E+00  1.057934E+00  4.889281E+00
  3.075000E+00  1.048715E+00  5.136590E+00
  3.125000E+00  1.044618E+00  5.391010E+00
  3.175000E+00  1.044775E+00  5.653675E+00
  3.225000E+00  1.045925E+00  5.924976E+00
  3.275000E+00  1.055484E+00  6.207313E+00
  3.325000E+00  1.065869E+00  6.501199E+00
  3.375000E+00  1.075536E+00  6.806736E+00
  3.425000E+00  1.097160E+00  7.127719E+00
  3.475000E+00  1.112220E+00  7.462678E+00
  3.525000E+00  1.134733E+00  7.814321E+00
  3.575000E+00  1.156164E+00  8.182842E+00
  3.625000E+00  1.183322E+00  8.570644E+00
  3.675000E+00  1.201916E+00  8.975480E+00
  3.725000E+00  1.212637E+00  9.395116E+00
  3.775000E+00  1.220042E+00  9.828726E+00
  3.825000E+00  1.215598E+00  1.027228E+01
  3.875000E+00  1.201154E+00  1.072209E+01
  3.925000E+00  1.180830E+00  1.117577E+01
  3.975000E+00  1.156055E+00  1.163133E+01
  4.025000E+00  1.134299E+00  1.208963E+01
  4.075000E+00  1.113330E+00  1.255070E+01
  4.125000E+00  1.095974E+00  1.301579E+01
  4.175000E+00  1.077401E+00  1.348415E+01
  4.225000E+00  1.059328E+00  1.395575E+01
  4.275000E+00  1.049022E+00  1.443388E+01
  4.325000E+00  1.036454E+00  1.491739E+01
  4.375000E+00  1.032404E+00  1.541022E+01
  4.425000E+00  1.030690E+00  1.591354E+01
  4.475000E+00  1.029755E+00  1.642783E+01
  4.525000E+00  1.027981E+00  1.695277E+01
  4.575000E+00  1.034334E+00  1.749269E+01
  4.625000E+00  1.037270E+00  1.804604E+01
  4.675000E+00  1.040510E+00  1.861319E+01
  4.725000E+00  1.045779E+00  1.919547E+01
  4.775000E+00  1.045378E+00  1.978991E+01
  4.825000E+00  1.046543E+00  2.039754E+01
  4.875000E+00  1.043687E+00  2.101614E+01
  4.925000E+00  1.046391E+00  2.164912E+01
  4.975000E+00  1.046568E+00  2.229513E+01
  5.025000E+00  1.045521E+00  2.295354E+01
  5.075000E+00  1.044701E+00  2.362458E+01
  5.125000E+00  1.041617E+00  2.430689E+01
  5.175000E+00  1.039574E+00  2.500122E+01
  5.225000E+00  1.033917E+00  2.570517E+01
  5.275000E+00  1.024590E+00  2.641619E+01
  5.325000E+00  1.019938E+00  2.713747E+01
  5.375000E+00  1.009608E+00  2.786490E+01
  5.425000E+00  1.004212E+00  2.860198E+01
  5.475000E+00  1.001022E+00  2.935032E+01
  5.525000E+00  9.931334E-01  3.010638E+01
  5.575000E+00  9.896206E-01  3.087347E+01
  5.625000E+00  9.892661E-01  3.165410E+01
  5.675000E+00  9.884604E-01  3.244802E+01
  5.725000E+00  9.900666E-01  3.325730E+01
  5.775000E+00  9.921675E-01  3.408254E+01
  5.825000E+00  9.929911E-01  3.492281E+01
  5.875000E+00  9.964616E-01  3.578057E+01
  5.925000E+00  1.000965E+00  3.665693E+01
  5.975000E+00  1.006448E+00  3.755302E+01
Li      O_s     
  2.500000E-02  0.000000E+00  0.000000E+00
  7.500000E-02  0.000000E+00  0.000000E+00
  1.250000E-01  0.000000E+00  0.000000E+00
  1.750000E-01  0.000000E+00  0.000000E+00
  2.250000E-01  0.000000E+00  0.000000E+00
  2.750000E-01  0.000000E+00  0.000000E+00
  3.250000E-01  0.000000E+00  0.000000E+00
  3.750000E-01  0.000000E+00  0.000000E+00
  4.250000E-01  0.000000E+00  0.000000E+00
  4.750000E-01  0.000000E+00  0.000000E+00
  5.250000E-01  0.000000E+00  0.000000E+00
  5.750000E-01  0.000000E+00  0.000000E+00
  6.250000E-01  0.000000E+00  0.000000E+00
  6.750000E-01  0.000000E+00  0.000000E+00
  7.250000E-01  0.000000E+00  0.000000E+00
  7.750000E-01  4.409371E-05  6.607149E-07
  8.250000E-01  2.334754E-04  4.625005E-06
  8.750000E-01  2.075619E-04  8.589294E-06
  9.250000E-01  5.262479E-04  1.982145E-05
  9.750000E-01  1.571467E-02  3.924647E-04
  1.025000E+00  2.349500E+00  6.196581E-02
  1.075000E+00  2.726561E+01  8.479140E-01
  1.125000E+00  2.569526E+01  1.659086E+00
  1.175000E+00  6.607983E+00  1.886645E+00
  1.225000E+00  2.228463E+00  1.970056E+00
  1.275000E+00  1.173583E+00  2.017641E+00
  1.325000E+00  6.293734E-01  2.045201E+00
  1.375000E+00  3.355698E-01  2.061025E+00
  1.425000E+00  1.858182E-01  2.070436E+00
  1.475000E+00  1.134074E-01  2.076590E+00
  1.525000E+00  7.337917E-02  2.080846E+00
  1.575000E+00  5.308561E-02  2.084131E+00
  1.625000E+00  4.398050E-02  2.087027E+00
  1.675000E+00  3.800447E-02  2.089687E+00
  1.725000E+00  3.682159E-02  2.092419E+00
  1.775000E+00  3.940943E-02  2.095516E+00
  1.825000E+00  4.265653E-02  2.099060E+00
  1.875000E+00  5.955926E-02  2.104282E+00
  1.925000E+00  7.256226E-02  2.110988E+00
  1.975000E+00  9.657681E-02  2.120384E+00
  2.025000E+00  1.196980E-01  2.132625E+00
  2.075000E+00  1.690423E-01  2.150778E+00
  2.125000E+00  2.122038E-01  2.174677E+00
  2.175000E+00  2.848025E-01  2.208278E+00
  2.225000E+00  3.900340E-01  2.256436E+00
  2.275000E+00  5.193629E-01  2.323476E+00
  2.325000E+00  6.675003E-01  2.413467E+00
  2.375000E+00  8.126269E-01  2.527786E+00
  2.425000E+00  9.231131E-01  2.663173E+00
  2.475000E+00  1.006025E+00  2.816867E+00
  2.525000E+00  1.052113E+00  2.984162E+00
  2.575000E+00  1.075152E+00  3.161958E+00
  2.625000E+00  1.080167E+00  3.347587E+00
  2.675000E+00  1.070573E+00  3.538643E+00
  2.725000E+00  1.052479E+00  3.733556E+00
  2.775000E+00  1.016023E+00  3.928686E+00
  2.825000E+00  9.975918E-01  4.127243E+00
  2.875000E+00  9.782597E-01  4.328905E+00
  2.925000E+00  9.773080E-01  4.537439E+00
  2.975000E+00  9.718712E-01  4.751964E+00
  3.025000E+00  9.724264E-01  4.973886E+00
  3.075000E+00  9.703501E-01  5.202715E+00
  3.125000E+00  9.718848E-01  5.439420E+00
  3.175000E+00  9.814229E-01  5.686158E+00
  3.225000E+00  1.003838E+00  5.946543E+00
  3.275000E+00  1.020282E+00  6.219462E+00
  3.325000E+00  1.038482E+00  6.505797E+00
  3.375000E+00  1.062467E+00  6.807622E+00
  3.425000E+00  1.080638E+00  7.123771E+00
  3.475000E+00  1.103482E+00  7.456098E+00
  3.525000E+00  1.122851E+00  7.804060E+00
  3.575000E+00  1.149979E+00  8.170609E+00
  3.625000E+00  1.171566E+00  8.554558E+00
  3.675000E+00  1.191098E+00  8.955750E+00
  3.725000E+00  1.203482E+00  9.372218E+00
  3.775000E+00  1.211528E+00  9.802802E+00
  3.825000E+00  1.209294E+00  1.024405E+01
  3.875000E+00  1.198379E+00  1.069283E+01
  3.925000E+00  1.176047E+00  1.114467E+01
  3.975000E+00  1.159826E+00  1.160172E+01
  4.025000E+00  1.134255E+00  1.206000E+01
  4.075000E+00  1.112434E+00  1.252070E+01
  4.125000E+00  1.091718E+00  1.298398E+01
  4.175000E+00  1.072359E+00  1.345015E+01
  4.225000E+00  1.053390E+00  1.391910E+01
  4.275000E+00  1.043455E+00  1.439470E+01
  4.325000E+00  1.029057E+00  1.487476E+01
  4.375000E+00  1.019313E+00  1.536134E+01
  4.425000E+00  1.016635E+00  1.585779E+01
  4.475000E+00  1.012225E+00  1.636333E+01
  4.525000E+00  1.012037E+00  1.688013E+01
  4.575000E+00  1.019240E+00  1.741217E+01
  4.625000E+00  1.021267E+00  1.795699E+01
  4.675000E+00  1.026661E+00  1.851659E+01
  4.725000E+00  1.026159E+00  1.908794E+01
  4.775000E+00  1.030546E+00  1.967395E+01
  4.825000E+00  1.034147E+00  2.027438E+01
  4.875000E+00  1.039473E+00  2.089048E+01
  4.925000E+00  1.041627E+00  2.152058E+01
  4.975000E+00  1.043414E+00  2.216465E+01
  5.025000E+00  1.043085E+00  2.282151E+01
  5.075000E+00  1.046857E+00  2.349394E+01
  5.125000E+00  1.043922E+00  2.417776E+01
  5.175000E+00  1.042037E+00  2.487373E+01
  5.225000E+00  1.038531E+00  2.558083E+01
  5.275000E+00  1.034633E+00  2.629882E+01
  5.325000E+00  1.032410E+00  2.702891E+01
  5.375000E+00  1.026756E+00  2.776871E+01
  5.425000E+00  1.024187E+00  2.852044E+01
  5.475000E+00  1.018642E+00  2.928195E+01
  5.525000E+00  1.013054E+00  3.005318E+01
  5.575000E+00  1.007895E+00  3.083444E+01
  5.625000E+00  1.003355E+00  3.162618E+01
  5.675000E+00  9.979813E-01  3.242775E+01
  5.725000E+00  9.965864E-01  3.324237E+01
  5.775000E+00  9.981197E-01  3.407255E+01
  5.825000E+00  9.992906E-01  3.491816E+01
  5.875000E+00  9.994037E-01  3.577844E+01
  5.925000E+00  1.003811E+00  3.665729E+01
  5.975000E+00  1.008611E+00  3.755531E+01
La      La      
  2.500000E-02  0.000000E+00  0.000000E+00
  7.500000E-02  0.000000E+00  0.000000E+00
  1.250000E-01  0.000000E+00  0.000000E+00
  1.750000E-01  0.000000E+00  0.000000E+00
  2.250000E-01  0.000000E+00  0.000000E+00
  2.750000E-01  0.000000E+00  0.000000E+00
  3.250000E-01  0.000000E+00  0.000000E+00
  3.750000E-01  0.000000E+00  0.000000E+00
  4.250000E-01  0.000000E+00  0.000000E+00
  4.750000E-01  0.000000E+00  0.000000E+00
  5.250000E-01  0.000000E+00  0.000000E+00
  5.750000E-01  0.000000E+00  0.000000E+00
  6.250000E-01  0.000000E+00  0.000000E+00
  6.750000E-01  0.000000E+00  0.000000E+00
  7.250000E-01  0.000000E+00  0.000000E+00
  7.750000E-01  0.000000E+00  0.000000E+00
  8.250000E-01  0.000000E+00  0.000000E+00
  8.750000E-01  0.000000E+00  0.000000E+00
  9.250000E-01  0.000000E+00  0.000000E+00
  9.750000E-01  0.000000E+00  0.000000E+00
  1.025000E+00  0.000000E+00  0.000000E+00
  1.075000E+00  0.000000E+00  0.000000E+00
  1.125000E+00  0.000000E+00  0.000000E+00
  1.175000E+00  0.000000E+00  0.000000E+00
  1.225000E+00  0.000000E+00  0.000000E+00
  1.275000E+00  0.000000E+00  0.000000E+00
  1.325000E+00  0.000000E+00  0.000000E+00
  1.375000E+00  0.000000E+00  0.000000E+00
  1.425000E+00  0.000000E+00  0.000000E+00
  1.475000E+00  0.000000E+00  0.000000E+00
  1.525000E+00  0.000000E+00  0.000000E+00
  1.575000E+00  0.000000E+00  0.000000E+00
  1.625000E+00  0.000000E+00  0.000000E+00
  1.675000E+00  0.000000E+00  0.000000E+00
  1.725000E+00  0.000000E+00  0.000000E+00
  1.775000E+00  0.000000E+00  0.000000E+00
  1.825000E+00  0.000000E+00  0.000000E+00
  1.875000E+00  0.000000E+00  0.000000E+00
  1.925000E+00  0.000000E+00  0.000000E+00
  1.975000E+00  0.000000E+00  0.000000E+00
  2.025000E+00  0.000000E+00  0.000000E+00
  2.075000E+00  0.000000E+00  0.000000E+00
  2.125000E+00  0.000000E+00  0.000000E+00
  2.175000E+00  0.000000E+00  0.000000E+00
  2.225000E+00  0.000000E+00  0.000000E+00
  2.275000E+00  0.000000E+00  0.000000E+00
  2.325000E+00  0.000000E+00  0.000000E+00
  2.375000E+00  0.000000E+00  0.000000E+00
  2.425000E+00  0.000000E+00  0.000000E+00
  2.475000E+00  0.000000E+00  0.000000E+00
  2.525000E+00  0.000000E+00  0.000000E+00
  2.575000E+00  0.000000E+00  0.000000E+00
  2.625000E+00  0.000000E+00  0.000000E+00
  2.675000E+00  0.000000E+00  0.000000E+00
  2.725000E+00  0.000000E+00  0.000000E+00
  2.775000E+00  0.000000E+00  0.000000E+00
  2.825000E+00  0.000000E+00  0.000000E+00
  2.875000E+00  0.000000E+00  0.000000E+00
  2.925000E+00  0.000000E+00  0.000000E+00
  2.975000E+00  0.000000E+00  0.000000E+00
  3.025000E+00  0.000000E+00  0.000000E+00
  3.075000E+00  0.000000E+00  0.000000E+00
  3.125000E+00  0.000000E+00  0.000000E+00
  3.175000E+00  1.473985E-04  9.264306E-06
  3.225000E+00  7.143175E-04  5.558584E-05
  3.275000E+00  2.216554E-03  2.038147E-04
  3.325000E+00  1.205116E-02  1.034514E-03
  3.375000E+00  4.004721E-02  3.878656E-03
  3.425000E+00  9.858848E-02  1.108937E-02
  3.475000E+00  2.025770E-01  2.634151E-02
  3.525000E+00  3.549975E-01  5.384415E-02
  3.575000E+00  5.879267E-01  1.006937E-01
  3.625000E+00  8.984183E-01  1.743017E-01
  3.675000E+00  1.275598E+00  2.817152E-01
  3.725000E+00  1.628805E+00  4.226284E-01
  3.775000E+00  1.949629E+00  5.958555E-01
  3.825000E+00  2.192973E+00  7.958996E-01
  3.875000E+00  2.375295E+00  1.018277E+00
  3.925000E+00  2.421131E+00  1.250833E+00
  3.975000E+00  2.377408E+00  1.485044E+00
  4.025000E+00  2.317425E+00  1.719125E+00
  4.075000E+00  2.160866E+00  1.942848E+00
  4.125000E+00  2.068601E+00  2.162308E+00
  4.175000E+00  1.942801E+00  2.373447E+00
  4.225000E+00  1.847673E+00  2.579087E+00
  4.275000E+00  1.756872E+00  2.779276E+00
  4.325000E+00  1.680979E+00  2.975325E+00
  4.375000E+00  1.587193E+00  3.164739E+00
  4.425000E+00  1.466915E+00  3.343825E+00
  4.475000E+00  1.366080E+00  3.514390E+00
  4.525000E+00  1.304974E+00  3.680987E+00
  4.575000E+00  1.237159E+00  3.842436E+00
  4.625000E+00  1.163434E+00  3.997601E+00
  4.675000E+00  1.085969E+00  4.145582E+00
  4.725000E+00  1.013236E+00  4.286622E+00
  4.775000E+00  9.473131E-01  4.421291E+00
  4.825000E+00  8.926353E-01  4.550859E+00
  4.875000E+00  8.584756E-01  4.678064E+00
  4.925000E+00  8.296778E-01  4.803536E+00
  4.975000E+00  8.101831E-01  4.928561E+00
  5.025000E+00  7.926104E-01  5.053345E+00
  5.075000E+00  7.733388E-01  5.177530E+00
  5.125000E+00  7.541744E-01  5.301036E+00
  5.175000E+00  7.509902E-01  5.426431E+00
  5.225000E+00  7.457572E-01  5.553371E+00
  5.275000E+00  7.374361E-01  5.681308E+00
  5.325000E+00  7.375217E-01  5.811697E+00
  5.375000E+00  7.520659E-01  5.947166E+00
  5.425000E+00  7.608518E-01  6.086779E+00
  5.475000E+00  7.602868E-01  6.228872E+00
  5.525000E+00  7.667567E-01  6.374803E+00
  5.575000E+00  7.757576E-01  6.525132E+00
  5.625000E+00  7.868704E-01  6.680361E+00
  5.675000E+00  8.095454E-01  6.842916E+00
  5.725000E+00  8.228341E-01  7.011063E+00
  5.775000E+00  8.473053E-01  7.187249E+00
  5.825000E+00  8.528640E-01  7.367674E+00
  5.875000E+00  8.684147E-01  7.554557E+00
  5.925000E+00  8.796530E-01  7.747094E+00
  5.975000E+00  9.021460E-01  7.947901E+00
La      Zr      
  2.500000E-02  0.000000E+00  0.000000E+00
  7.500000E-02  0.000000E+00  0.000000E+00
  1.250000E-01  0.000000E+00  0.000000E+00
  1.750000E-01  0.000000E+00  0.000000E+00
  2.250000E-01  0.000000E+00  0.000000E+00
  2.750000E-01  0.000000E+00  0.000000E+00
  3.250000E-01  0.000000E+00  0.000000E+00
  3.750000E-01  0.000000E+00  0.000000E+00
  4.250000E-01  0.000000E+00  0.000000E+00
  4.750000E-01  0.000000E+00  0.000000E+00
  5.250000E-01  0.000000E+00  0.000000E+00
  5.750000E-01  0.000000E+00  0.000000E+00
  6.250000E-01  0.000000E+00  0.000000E+00
  6.750000E-01  0.000000E+00  0.000000E+00
  7.250000E-01  0.000000E+00  0.000000E+00
  7.750000E-01  0.000000E+00  0.000000E+00
  8.250000E-01  0.000000E+00  0.000000E+00
  8.750000E-01  0.000000E+00  0.000000E+00
  9.250000E-01  0.000000E+00  0.000000E+00
  9.750000E-01  0.000000E+00  0.000000E+00
  1.025000E+00  0.000000E+00  0.000000E+00
  1.075000E+00  0.000000E+00  0.000000E+00
  1.125000E+00  0.000000E+00  0.000000E+00
  1.175000E+00  0.000000E+00  0.000000E+00
  1.225000E+00  0.000000E+00  0.000000E+00
  1.275000E+00  0.000000E+00  0.000000E+00
  1.325000E+00  0.000000E+00  0.000000E+00
  1.375000E+00  0.000000E+00  0.000000E+00
  1.425000E+00  0.000000E+00  0.000000E+00
  1.475000E+00  0.000000E+00  0.000000E+00
  1.525000E+00  0.000000E+00  0.000000E+00
  1.575000E+00  0.000000E+00  0.000000E+00
  1.625000E+00  0.000000E+00  0.000000E+00
  1.675000E+00  0.000000E+00  0.000000E+00
  1.725000E+00  0.000000E+00  0.000000E+00
  1.775000E+00  0.000000E+00  0.000000E+00
  1.825000E+00  0.000000E+00  0.000000E+00
  1.875000E+00  0.000000E+00  0.000000E+00
  1.925000E+00  0.000000E+00  0.000000E+00
  1.975000E+00  0.000000E+00  0.000000E+00
  2.025000E+00  0.000000E+00  0.000000E+00
  2.075000E+00  0.000000E+00  0.000000E+00
  2.125000E+00  0.000000E+00  0.000000E+00
  2.175000E+00  0.000000E+00  0.000000E+00
  2.225000E+00  0.000000E+00  0.000000E+00
  2.275000E+00  0.000000E+00  0.000000E+00
  2.325000E+00  0.000000E+00  0.000000E+00
  2.375000E+00  0.000000E+00  0.000000E+00
  2.425000E+00  0.000000E+00  0.000000E+00
  2.475000E+00  0.000000E+00  0.000000E+00
  2.525000E+00  0.000000E+00  0.000000E+00
  2.575000E+00  0.000000E+00  0.000000E+00
  2.625000E+00  0.000000E+00  0.000000E+00
  2.675000E+00  0.000000E+00  0.000000E+00
  2.725000E+00  0.000000E+00  0.000000E+00
  2.775000E+00  0.000000E+00  0.000000E+00
  2.825000E+00  0.000000E+00  0.000000E+00
  2.875000E+00  0.000000E+00  0.000000E+00
  2.925000E+00  0.000000E+00  0.000000E+00
  2.975000E+00  0.000000E+00  0.000000E+00
  3.025000E+00  1.621280E-04  6.166673E-06
  3.075000E+00  2.039681E-03  8.633342E-05
  3.125000E+00  1.253324E-02  5.950839E-04
  3.175000E+00  6.578544E-02  3.351587E-03
  3.225000E+00  1.960272E-01  1.182614E-02
  3.275000E+00  4.378546E-01  3.134674E-02
  3.325000E+00  8.402778E-01  6.996090E-02
  3.375000E+00  1.465133E+00  1.393298E-01
  3.425000E+00  2.219118E+00  2.475333E-01
  3.475000E+00  2.971584E+00  3.966882E-01
  3.525000E+00  3.609817E+00  5.831298E-01
  3.575000E+00  4.068333E+00  7.992563E-01
  3.625000E+00  4.175624E+00  1.027331E+00
  3.675000E+00  4.151480E+00  1.260385E+00
  3.725000E+00  3.887697E+00  1.484610E+00
  3.775000E+00  3.721136E+00  1.705028E+00
  3.825000E+00  3.553557E+00  1.921133E+00
  3.875000E+00  3.371497E+00  2.131561E+00
  3.925000E+00  3.126287E+00  2.331753E+00
  3.975000E+00  2.919076E+00  2.523469E+00
  4.025000E+00  2.653000E+00  2.702120E+00
  4.075000E+00  2.340550E+00  2.863672E+00
  4.125000E+00  2.056806E+00  3.009144E+00
  4.175000E+00  1.788137E+00  3.138698E+00
  4.225000E+00  1.577349E+00  3.255733E+00
  4.275000E+00  1.390062E+00  3.361328E+00
  4.325000E+00  1.258967E+00  3.459215E+00
  4.375000E+00  1.145036E+00  3.550314E+00
  4.425000E+00  1.032116E+00  3.634316E+00
  4.475000E+00  9.355777E-01  3.712192E+00
  4.525000E+00  8.599313E-01  3.785380E+00
  4.575000E+00  7.925424E-01  3.854331E+00
  4.625000E+00  7.328098E-01  3.919486E+00
  4.675000E+00  6.908128E-01  3.982243E+00
  4.725000E+00  6.479778E-01  4.042374E+00
  4.775000E+00  6.187974E-01  4.101019E+00
  4.825000E+00  5.950463E-01  4.158601E+00
  4.875000E+00  5.819978E-01  4.216093E+00
  4.925000E+00  5.792777E-01  4.274496E+00
  4.975000E+00  5.833673E-01  4.334511E+00
  5.025000E+00  5.946421E-01  4.396923E+00
  5.075000E+00  5.989820E-01  4.461047E+00
  5.125000E+00  6.019669E-01  4.526766E+00
  5.175000E+00  6.112484E-01  4.594808E+00
  5.225000E+00  6.210442E-01  4.665282E+00
  5.275000E+00  6.405575E-01  4.739369E+00
  5.325000E+00  6.589964E-01  4.817039E+00
  5.375000E+00  6.796970E-01  4.898662E+00
  5.425000E+00  7.031051E-01  4.984673E+00
  5.475000E+00  7.250785E-01  5.075014E+00
  5.525000E+00  7.394986E-01  5.168844E+00
  5.575000E+00  7.387760E-01  5.264285E+00
  5.625000E+00  7.454996E-01  5.362331E+00
  5.675000E+00  7.402868E-01  5.461429E+00
  5.725000E+00  7.453716E-01  5.562974E+00
  5.775000E+00  7.537066E-01  5.667456E+00
  5.825000E+00  7.527160E-01  5.773615E+00
  5.875000E+00  7.717554E-01  5.884336E+00
  5.925000E+00  7.826413E-01  5.998538E+00
  5.975000E+00  8.023858E-01  6.117606E+00
La      O       
  2.500000E-02  0.000000E+00  0.000000E+00
  7.500000E-02  0.000000E+00  0.000000E+00
  1.250000E-01  0.000000E+00  0.000000E+00
  1.750000E-01  0.000000E+00  0.000000E+00
  2.250000E-01  0.000000E+00  0.000000E+00
  2.750000E-01  0.000000E+00  0.000000E+00
  3.250000E-01  0.000000E+00  0.000000E+00
  3.750000E-01  0.000000E+00  0.000000E+00
  4.250000E-01  0.000000E+00  0.000000E+00
  4.750000E-01  0.000000E+00  0.000000E+00
  5.250000E-01  0.000000E+00  0.000000E+00
  5.750000E-01  0.000000E+00  0.000000E+00
  6.250000E-01  0.000000E+00  0.000000E+00
  6.750000E-01  0.000000E+00  0.000000E+00
  7.250000E-01  0.000000E+00  0.000000E+00
  7.750000E-01  0.000000E+00  0.000000E+00
  8.250000E-01  0.000000E+00  0.000000E+00
  8.750000E-01  0.000000E+00  0.000000E+00
  9.250000E-01  0.000000E+00  0.000000E+00
  9.750000E-01  0.000000E+00  0.000000E+00
  1.025000E+00  0.000000E+00  0.000000E+00
  1.075000E+00  0.000000E+00  0.000000E+00
  1.125000E+00  0.000000E+00  0.000000E+00
  1.175000E+00  0.000000E+00  0.000000E+00
  1.225000E+00  0.000000E+00  0.000000E+00
  1.275000E+00  0.000000E+00  0.000000E+00
  1.325000E+00  7.041321E-05  3.083336E-06
  1.375000E+00  0.000000E+00  3.083336E-06
  1.425000E+00  3.043919E-05  4.625005E-06
  1.475000E+00  0.000000E+00  4.625005E-06
  1.525000E+00  0.000000E+00  4.625005E-06
  1.575000E+00  0.000000E+00  4.625005E-06
  1.625000E+00  0.000000E+00  4.625005E-06
  1.675000E+00  0.000000E+00  4.625005E-06
  1.725000E+00  0.000000E+00  4.625005E-06
  1.775000E+00  1.961923E-05  6.166673E-06
  1.825000E+00  0.000000E+00  6.166673E-06
  1.875000E+00  0.000000E+00  6.166673E-06
  1.925000E+00  3.336196E-05  9.250009E-06
  1.975000E+00  4.754133E-05  1.387501E-05
  2.025000E+00  4.522271E-05  1.850002E-05
  2.075000E+00  4.019835E-04  6.166673E-05
  2.125000E+00  6.721265E-03  8.186258E-04
  2.175000E+00  7.791742E-02  1.001159E-02
  2.225000E+00  5.210103E-01  7.434078E-02
  2.275000E+00  1.862140E+00  3.147084E-01
  2.325000E+00  4.105807E+00  8.682429E-01
  2.375000E+00  6.177744E+00  1.737317E+00
  2.425000E+00  6.902764E+00  2.749701E+00
  2.475000E+00  6.287364E+00  3.710245E+00
  2.525000E+00  5.000932E+00  4.505436E+00
  2.575000E+00  3.661563E+00  5.110942E+00
  2.625000E+00  2.616361E+00  5.560569E+00
  2.675000E+00  1.861894E+00  5.892845E+00
  2.725000E+00  1.362201E+00  6.145117E+00
  2.775000E+00  1.026636E+00  6.342286E+00
  2.825000E+00  8.075949E-01  6.503026E+00
  2.875000E+00  6.629412E-01  6.639687E+00
  2.925000E+00  5.671431E-01  6.760702E+00
  2.975000E+00  4.963886E-01  6.870272E+00
  3.025000E+00  4.501687E-01  6.973007E+00
  3.075000E+00  4.273981E-01  7.073797E+00
  3.125000E+00  4.118245E-01  7.174098E+00
  3.175000E+00  4.117047E-01  7.277604E+00
  3.225000E+00  4.187167E-01  7.386214E+00
  3.275000E+00  4.343274E-01  7.502394E+00
  3.325000E+00  4.508074E-01  7.626693E+00
  3.375000E+00  4.777356E-01  7.762407E+00
  3.425000E+00  5.048604E-01  7.910108E+00
  3.475000E+00  5.365186E-01  8.071688E+00
  3.525000E+00  5.714785E-01  8.248784E+00
  3.575000E+00  6.111642E-01  8.443589E+00
  3.625000E+00  6.583462E-01  8.659344E+00
  3.675000E+00  7.031454E-01  8.896181E+00
  3.725000E+00  7.469754E-01  9.154674E+00
  3.775000E+00  7.911150E-01  9.435840E+00
  3.825000E+00  8.229718E-01  9.736128E+00
  3.875000E+00  8.498193E-01  1.005437E+01
  3.925000E+00  8.701130E-01  1.038868E+01
  3.975000E+00  8.886341E-01  1.073885E+01
  4.025000E+00  9.006530E-01  1.110275E+01
  4.075000E+00  9.070793E-01  1.147841E+01
  4.125000E+00  9.127714E-01  1.186575E+01
  4.175000E+00  9.199395E-01  1.226566E+01
  4.225000E+00  9.219989E-01  1.267612E+01
  4.275000E+00  9.215934E-01  1.309617E+01
  4.325000E+00  9.243541E-01  1.352739E+01
  4.375000E+00  9.289737E-01  1.397084E+01
  4.425000E+00  9.457367E-01  1.443268E+01
  4.475000E+00  9.639181E-01  1.491409E+01
  4.525000E+00  9.880162E-01  1.541862E+01
  4.575000E+00  1.014942E+00  1.594842E+01
  4.625000E+00  1.045027E+00  1.650591E+01
  4.675000E+00  1.080704E+00  1.709497E+01
  4.725000E+00  1.111151E+00  1.771364E+01
  4.775000E+00  1.140822E+00  1.836236E+01
  4.825000E+00  1.170980E+00  1.904224E+01
  4.875000E+00  1.208851E+00  1.975872E+01
  4.925000E+00  1.234013E+00  2.050521E+01
  4.975000E+00  1.260391E+00  2.128320E+01
  5.025000E+00  1.289740E+00  2.209540E+01
  5.075000E+00  1.310253E+00  2.293702E+01
  5.125000E+00  1.324377E+00  2.380455E+01
  5.175000E+00  1.326211E+00  2.469032E+01
  5.225000E+00  1.324714E+00  2.559227E+01
  5.275000E+00  1.306168E+00  2.649869E+01
  5.325000E+00  1.287917E+00  2.740947E+01
  5.375000E+00  1.257787E+00  2.831573E+01
  5.425000E+00  1.224583E+00  2.921455E+01
  5.475000E+00  1.191121E+00  3.010500E+01
  5.525000E+00  1.152145E+00  3.098212E+01
  5.575000E+00  1.127295E+00  3.185592E+01
  5.625000E+00  1.102125E+00  3.272561E+01
  5.675000E+00  1.087065E+00  3.359873E+01
  5.725000E+00  1.070020E+00  3.447337E+01
  5.775000E+00  1.059021E+00  3.535420E+01
  5.825000E+00  1.048627E+00  3.624156E+01
  5.875000E+00  1.044884E+00  3.714100E+01
  5.925000E+00  1.038308E+00  3.805005E+01
  5.975000E+00  1.037795E+00  3.897405E+01
La      O_s     
  2.500000E-02  0.000000E+00  0.000000E+00
  7.500000E-02  0.000000E+00  0.000000E+00
  1.250000E-01  0.000000E+00  0.000000E+00
  1.750000E-01  0.000000E+00  0.000000E+00
  2.250000E-01  0.000000E+00  0.000000E+00
  2.750000E-01  8.151683E-04  1.541668E-06
  3.250000E-01  0.000000E+00  1.541668E-06
  3.750000E-01  0.000000E+00  1.541668E-06
  4.250000E-01  0.000000E+00  1.541668E-06
  4.750000E-01  0.000000E+00  1.541668E-06
  5.250000E-01  0.000000E+00  1.541668E-06
  5.750000E-01  0.000000E+00  1.541668E-06
  6.250000E-01  0.000000E+00  1.541668E-06
  6.750000E-01  0.000000E+00  1.541668E-06
  7.250000E-01  0.000000E+00  1.541668E-06
  7.750000E-01  0.000000E+00  1.541668E-06
  8.250000E-01  0.000000E+00  1.541668E-06
  8.750000E-01  0.000000E+00  1.541668E-06
  9.250000E-01  0.000000E+00  1.541668E-06
  9.750000E-01  0.000000E+00  1.541668E-06
  1.025000E+00  0.000000E+00  1.541668E-06
  1.075000E+00  0.000000E+00  1.541668E-06
  1.125000E+00  0.000000E+00  1.541668E-06
  1.175000E+00  0.000000E+00  1.541668E-06
  1.225000E+00  0.000000E+00  1.541668E-06
  1.275000E+00  0.000000E+00  1.541668E-06
  1.325000E+00  0.000000E+00  1.541668E-06
  1.375000E+00  0.000000E+00  1.541668E-06
  1.425000E+00  0.000000E+00  1.541668E-06
  1.475000E+00  2.841069E-05  3.083336E-06
  1.525000E+00  0.000000E+00  3.083336E-06
  1.575000E+00  0.000000E+00  3.083336E-06
  1.625000E+00  0.000000E+00  3.083336E-06
  1.675000E+00  0.000000E+00  3.083336E-06
  1.725000E+00  2.077298E-05  4.625005E-06
  1.775000E+00  1.961923E-05  6.166673E-06
  1.825000E+00  0.000000E+00  6.166673E-06
  1.875000E+00  0.000000E+00  6.166673E-06
  1.925000E+00  1.668098E-05  7.708341E-06
  1.975000E+00  3.169422E-05  1.079168E-05
  2.025000E+00  4.522271E-05  1.541668E-05
  2.075000E+00  7.178277E-05  2.312502E-05
  2.125000E+00  2.874675E-04  5.550006E-05
  2.175000E+00  4.298983E-03  5.627089E-04
  2.225000E+00  7.140839E-02  9.379509E-03
  2.275000E+00  5.621270E-01  8.193967E-02
  2.325000E+00  2.048255E+00  3.580802E-01
  2.375000E+00  4.322053E+00  9.660987E-01
  2.425000E+00  6.144951E+00  1.867339E+00
  2.475000E+00  6.596286E+00  2.875079E+00
  2.525000E+00  5.819689E+00  3.800459E+00
  2.575000E+00  4.547830E+00  4.552525E+00
  2.625000E+00  3.376258E+00  5.132742E+00
  2.675000E+00  2.429291E+00  5.566276E+00
  2.725000E+00  1.768740E+00  5.893838E+00
  2.775000E+00  1.314078E+00  6.146210E+00
  2.825000E+00  1.007937E+00  6.346826E+00
  2.875000E+00  8.044066E-01  6.512649E+00
  2.925000E+00  6.673411E-01  6.655044E+00
  2.975000E+00  5.823794E-01  6.783594E+00
  3.025000E+00  5.253690E-01  6.903492E+00
  3.075000E+00  4.924260E-01  7.019616E+00
  3.125000E+00  4.769530E-01  7.135779E+00
  3.175000E+00  4.777232E-01  7.255883E+00
  3.225000E+00  4.819908E-01  7.380906E+00
  3.275000E+00  5.050267E-01  7.515998E+00
  3.325000E+00  5.229022E-01  7.660175E+00
  3.375000E+00  5.589763E-01  7.818968E+00
  3.425000E+00  5.920039E-01  7.992164E+00
  3.475000E+00  6.311290E-01  8.182236E+00
  3.525000E+00  6.679313E-01  8.389222E+00
  3.575000E+00  7.011604E-01  8.612713E+00
  3.625000E+00  7.372119E-01  8.854314E+00
  3.675000E+00  7.661073E-01  9.112358E+00
  3.725000E+00  7.978694E-01  9.388463E+00
  3.775000E+00  8.207550E-01  9.680164E+00
  3.825000E+00  8.412539E-01  9.987122E+00
  3.875000E+00  8.627625E-01  1.031021E+01
  3.925000E+00  8.654945E-01  1.064274E+01
  3.975000E+00  8.707003E-01  1.098585E+01
  4.025000E+00  8.725698E-01  1.133840E+01
  4.075000E+00  8.708025E-01  1.169904E+01
  4.125000E+00  8.783677E-01  1.207178E+01
  4.175000E+00  8.800033E-01  1.245433E+01
  4.225000E+00  8.854195E-01  1.284851E+01
  4.275000E+00  8.924266E-01  1.325526E+01
  4.325000E+00  9.083693E-01  1.367902E+01
  4.375000E+00  9.222658E-01  1.411928E+01
  4.425000E+00  9.420903E-01  1.457933E+01
  4.475000E+00  9.708358E-01  1.506419E+01
  4.525000E+00  9.971427E-01  1.557338E+01
  4.575000E+00  1.025943E+00  1.610893E+01
  4.625000E+00  1.053234E+00  1.667080E+01
  4.675000E+00  1.082438E+00  1.726080E+01
  4.725000E+00  1.110506E+00  1.787912E+01
  4.775000E+00  1.144312E+00  1.852981E+01
  4.825000E+00  1.174862E+00  1.921195E+01
  4.875000E+00  1.216597E+00  1.993303E+01
  4.925000E+00  1.248845E+00  2.068848E+01
  4.975000E+00  1.282647E+00  2.148022E+01
  5.025000E+00  1.311372E+00  2.230604E+01
  5.075000E+00  1.331355E+00  2.316121E+01
  5.125000E+00  1.331162E+00  2.403319E+01
  5.175000E+00  1.326313E+00  2.491902E+01
  5.225000E+00  1.305314E+00  2.580776E+01
  5.275000E+00  1.282212E+00  2.669756E+01
  5.325000E+00  1.251009E+00  2.758224E+01
  5.375000E+00  1.218730E+00  2.846035E+01
  5.425000E+00  1.185043E+00  2.933016E+01
  5.475000E+00  1.155459E+00  3.019395E+01
  5.525000E+00  1.123045E+00  3.104891E+01
  5.575000E+00  1.101219E+00  3.190250E+01
  5.625000E+00  1.072134E+00  3.274852E+01
  5.675000E+00  1.058632E+00  3.359881E+01
  5.725000E+00  1.047066E+00  3.445468E+01
  5.775000E+00  1.036873E+00  3.531710E+01
  5.825000E+00  1.031669E+00  3.619010E+01
  5.875000E+00  1.027227E+00  3.707434E+01
  5.925000E+00  1.023524E+00  3.797045E+01
  5.975000E+00  1.025765E+00  3.888374E+01
Zr      Zr      
  2.500000E-02  0.000000E+00  0.000000E+00
  7.500000E-02  0.000000E+00  0.000000E+00
  1.250000E-01  0.000000E+00  0.000000E+00
  1.750000E-01  0.000000E+00  0.000000E+00
  2.250000E-01  0.000000E+00  0.000000E+00
  2.750000E-01  0.000000E+00  0.000000E+00
  3.250000E-01  0.000000E+00  0.000000E+00
  3.750000E-01  0.000000E+00  0.000000E+00
  4.250000E-01  0.000000E+00  0.000000E+00
  4.750000E-01  0.000000E+00  0.000000E+00
  5.250000E-01  0.000000E+00  0.000000E+00
  5.750000E-01  0.000000E+00  0.000000E+00
  6.250000E-01  0.000000E+00  0.000000E+00
  6.750000E-01  0.000000E+00  0.000000E+00
  7.250000E-01  0.000000E+00  0.000000E+00
  7.750000E-01  0.000000E+00  0.000000E+00
  8.250000E-01  0.000000E+00  0.000000E+00
  8.750000E-01  0.000000E+00  0.000000E+00
  9.250000E-01  0.000000E+00  0.000000E+00
  9.750000E-01  0.000000E+00  0.000000E+00
  1.025000E+00  0.000000E+00  0.000000E+00
  1.075000E+00  0.000000E+00  0.000000E+00
  1.125000E+00  0.000000E+00  0.000000E+00
  1.175000E+00  0.000000E+00  0.000000E+00
  1.225000E+00  0.000000E+00  0.000000E+00
  1.275000E+00  0.000000E+00  0.000000E+00
  1.325000E+00  0.000000E+00  0.000000E+00
  1.375000E+00  0.000000E+00  0.000000E+00
  1.425000E+00  0.000000E+00  0.000000E+00
  1.475000E+00  0.000000E+00  0.000000E+00
  1.525000E+00  0.000000E+00  0.000000E+00
  1.575000E+00  0.000000E+00  0.000000E+00
  1.625000E+00  0.000000E+00  0.000000E+00
  1.675000E+00  0.000000E+00  0.000000E+00
  1.725000E+00  0.000000E+00  0.000000E+00
  1.775000E+00  0.000000E+00  0.000000E+00
  1.825000E+00  0.000000E+00  0.000000E+00
  1.875000E+00  0.000000E+00  0.000000E+00
  1.925000E+00  0.000000E+00  0.000000E+00
  1.975000E+00  0.000000E+00  0.000000E+00
  2.025000E+00  0.000000E+00  0.000000E+00
  2.075000E+00  0.000000E+00  0.000000E+00
  2.125000E+00  0.000000E+00  0.000000E+00
  2.175000E+00  0.000000E+00  0.000000E+00
  2.225000E+00  0.000000E+00  0.000000E+00
  2.275000E+00  0.000000E+00  0.000000E+00
  2.325000E+00  0.000000E+00  0.000000E+00
  2.375000E+00  0.000000E+00  0.000000E+00
  2.425000E+00  0.000000E+00  0.000000E+00
  2.475000E+00  0.000000E+00  0.000000E+00
  2.525000E+00  0.000000E+00  0.000000E+00
  2.575000E+00  0.000000E+00  0.000000E+00
  2.625000E+00  0.000000E+00  0.000000E+00
  2.675000E+00  0.000000E+00  0.000000E+00
  2.725000E+00  0.000000E+00  0.000000E+00
  2.775000E+00  0.000000E+00  0.000000E+00
  2.825000E+00  0.000000E+00  0.000000E+00
  2.875000E+00  4.047818E-04  1.390721E-05
  2.925000E+00  9.255128E-03  3.430444E-04
  2.975000E+00  3.200634E-02  1.520521E-03
  3.025000E+00  5.911089E-02  3.768853E-03
  3.075000E+00  1.000190E-01  7.699957E-03
  3.125000E+00  2.044232E-01  1.599792E-02
  3.175000E+00  3.558001E-01  3.090645E-02
  3.225000E+00  5.548105E-01  5.489174E-02
  3.275000E+00  8.088708E-01  9.095313E-02
  3.325000E+00  1.015636E+00  1.376257E-01
  3.375000E+00  1.112463E+00  1.902969E-01
  3.425000E+00  1.134127E+00  2.455966E-01
  3.475000E+00  1.088241E+00  3.002195E-01
  3.525000E+00  1.122302E+00  3.581847E-01
  3.575000E+00  1.188689E+00  4.213327E-01
  3.625000E+00  1.309318E+00  4.928482E-01
  3.675000E+00  1.392763E+00  5.710345E-01
  3.725000E+00  1.388097E+00  6.510937E-01
  3.775000E+00  1.312909E+00  7.288628E-01
  3.825000E+00  1.216531E+00  8.028445E-01
  3.875000E+00  1.117898E+00  8.726169E-01
  3.925000E+00  1.031611E+00  9.386762E-01
  3.975000E+00  9.074988E-01  9.982778E-01
  4.025000E+00  7.994540E-01  1.052113E+00
  4.075000E+00  6.972121E-01  1.100236E+00
  4.125000E+00  6.024808E-01  1.142848E+00
  4.175000E+00  5.257527E-01  1.180940E+00
  4.225000E+00  4.722721E-01  1.215981E+00
  4.275000E+00  4.289461E-01  1.248566E+00
  4.325000E+00  4.008413E-01  1.279732E+00
  4.375000E+00  3.902750E-01  1.310782E+00
  4.425000E+00  4.065097E-01  1.343867E+00
  4.475000E+00  4.283301E-01  1.379521E+00
  4.525000E+00  4.681561E-01  1.419365E+00
  4.575000E+00  4.984221E-01  1.462728E+00
  4.625000E+00  5.230536E-01  1.509233E+00
  4.675000E+00  5.598927E-01  1.560097E+00
  4.725000E+00  5.547999E-01  1.611581E+00
  4.775000E+00  6.104013E-01  1.669430E+00
  4.825000E+00  6.714474E-01  1.734405E+00
  4.875000E+00  7.342846E-01  1.806940E+00
  4.925000E+00  7.996405E-01  1.887560E+00
  4.975000E+00  8.582234E-01  1.975852E+00
  5.025000E+00  9.031093E-01  2.070639E+00
  5.075000E+00  9.344633E-01  2.170679E+00
  5.125000E+00  1.002006E+00  2.280073E+00
  5.175000E+00  1.035002E+00  2.395285E+00
  5.225000E+00  1.044456E+00  2.513806E+00
  5.275000E+00  1.052927E+00  2.635587E+00
  5.325000E+00  1.044417E+00  2.758684E+00
  5.375000E+00  1.033376E+00  2.882778E+00
  5.425000E+00  1.023245E+00  3.007953E+00
  5.475000E+00  1.021496E+00  3.135227E+00
  5.525000E+00  1.030054E+00  3.265922E+00
  5.575000E+00  1.070833E+00  3.404262E+00
  5.625000E+00  1.125585E+00  3.552295E+00
  5.675000E+00  1.167306E+00  3.708556E+00
  5.725000E+00  1.176202E+00  3.868795E+00
  5.775000E+00  1.238689E+00  4.040507E+00
  5.825000E+00  1.282236E+00  4.221347E+00
  5.875000E+00  1.325871E+00  4.411565E+00
  5.925000E+00  1.358771E+00  4.609836E+00
  5.975000E+00  1.367272E+00  4.812728E+00
Zr      O       
  2.500000E-02  0.000000E+00  0.000000E+00
  7.500000E-02  0.000000E+00  0.000000E+00
  1.250000E-01  0.000000E+00  0.000000E+00
  1.750000E-01  0.000000E+00  0.000000E+00
  2.250000E-01  0.000000E+00  0.000000E+00
  2.750000E-01  0.000000E+00  0.000000E+00
  3.250000E-01  0.000000E+00  0.000000E+00
  3.750000E-01  0.000000E+00  0.000000E+00
  4.250000E-01  0.000000E+00  0.000000E+00
  4.750000E-01  0.000000E+00  0.000000E+00
  5.250000E-01  0.000000E+00  0.000000E+00
  5.750000E-01  0.000000E+00  0.000000E+00
  6.250000E-01  0.000000E+00  0.000000E+00
  6.750000E-01  0.000000E+00  0.000000E+00
  7.250000E-01  0.000000E+00  0.000000E+00
  7.750000E-01  0.000000E+00  0.000000E+00
  8.250000E-01  0.000000E+00  0.000000E+00
  8.750000E-01  0.000000E+00  0.000000E+00
  9.250000E-01  0.000000E+00  0.000000E+00
  9.750000E-01  0.000000E+00  0.000000E+00
  1.025000E+00  0.000000E+00  0.000000E+00
  1.075000E+00  0.000000E+00  0.000000E+00
  1.125000E+00  0.000000E+00  0.000000E+00
  1.175000E+00  0.000000E+00  0.000000E+00
  1.225000E+00  0.000000E+00  0.000000E+00
  1.275000E+00  0.000000E+00  0.000000E+00
  1.325000E+00  0.000000E+00  0.000000E+00
  1.375000E+00  0.000000E+00  0.000000E+00
  1.425000E+00  0.000000E+00  0.000000E+00
  1.475000E+00  4.261604E-05  2.312502E-06
  1.525000E+00  3.986760E-05  4.625005E-06
  1.575000E+00  0.000000E+00  4.625005E-06
  1.625000E+00  3.511217E-05  6.937507E-06
  1.675000E+00  3.304736E-05  9.250009E-06
  1.725000E+00  3.115947E-05  1.156251E-05
  1.775000E+00  5.885770E-05  1.618752E-05
  1.825000E+00  6.402854E-04  6.937507E-05
  1.875000E+00  3.167477E-02  2.846690E-03
  1.925000E+00  6.829110E-01  6.596182E-02
  1.975000E+00  4.073127E+00  4.622114E-01
  2.025000E+00  9.241283E+00  1.407333E+00
  2.075000E+00  1.104214E+01  2.593085E+00
  2.125000E+00  9.117054E+00  3.619862E+00
  2.175000E+00  5.949589E+00  4.321815E+00
  2.225000E+00  3.479295E+00  4.751404E+00
  2.275000E+00  1.971660E+00  5.005908E+00
  2.325000E+00  1.148743E+00  5.160779E+00
  2.375000E+00  7.172499E-01  5.261680E+00
  2.425000E+00  4.875908E-01  5.333192E+00
  2.475000E+00  3.486455E-01  5.386456E+00
  2.525000E+00  2.718717E-01  5.429686E+00
  2.575000E+00  2.293931E-01  5.467620E+00
  2.625000E+00  2.026659E-01  5.502449E+00
  2.675000E+00  1.849757E-01  5.535460E+00
  2.725000E+00  1.807224E-01  5.568929E+00
  2.775000E+00  1.756414E-01  5.602661E+00
  2.825000E+00  1.761482E-01  5.637721E+00
  2.875000E+00  1.864417E-01  5.676155E+00
  2.925000E+00  2.064470E-01  5.720206E+00
  2.975000E+00  2.300211E-01  5.770979E+00
  3.025000E+00  2.616746E-01  5.830697E+00
  3.075000E+00  2.995879E-01  5.901346E+00
  3.125000E+00  3.448350E-01  5.985332E+00
  3.175000E+00  3.914289E-01  6.083740E+00
  3.225000E+00  4.522497E-01  6.201049E+00
  3.275000E+00  5.125133E-01  6.338143E+00
  3.325000E+00  5.759444E-01  6.496945E+00
  3.375000E+00  6.487047E-01  6.681228E+00
  3.425000E+00  7.175946E-01  6.891167E+00
  3.475000E+00  7.903114E-01  7.129179E+00
  3.525000E+00  8.635905E-01  7.396798E+00
  3.575000E+00  9.379527E-01  7.695765E+00
  3.625000E+00  1.005068E+00  8.025148E+00
  3.675000E+00  1.049356E+00  8.378598E+00
  3.725000E+00  1.075530E+00  8.750789E+00
  3.775000E+00  1.083125E+00  9.135737E+00
  3.825000E+00  1.060305E+00  9.522623E+00
  3.875000E+00  1.030451E+00  9.908510E+00
  3.925000E+00  9.931282E-01  1.029008E+01
  3.975000E+00  9.640996E-01  1.066999E+01
  4.025000E+00  9.408911E-01  1.105015E+01
  4.075000E+00  9.181615E-01  1.143039E+01
  4.125000E+00  9.022995E-01  1.181330E+01
  4.175000E+00  9.074366E-01  1.220777E+01
  4.225000E+00  9.230187E-01  1.261868E+01
  4.275000E+00  9.414230E-01  1.304777E+01
  4.325000E+00  9.724604E-01  1.350143E+01
  4.375000E+00  1.013172E+00  1.398508E+01
  4.425000E+00  1.048283E+00  1.449699E+01
  4.475000E+00  1.090280E+00  1.504151E+01
  4.525000E+00  1.123578E+00  1.561526E+01
  4.575000E+00  1.160545E+00  1.622107E+01
  4.625000E+00  1.203918E+00  1.686332E+01
  4.675000E+00  1.223394E+00  1.753016E+01
  4.725000E+00  1.239238E+00  1.822015E+01
  4.775000E+00  1.248685E+00  1.893020E+01
  4.825000E+00  1.237274E+00  1.964857E+01
  4.875000E+00  1.219738E+00  2.037151E+01
  4.925000E+00  1.201753E+00  2.109848E+01
  4.975000E+00  1.183117E+00  2.182878E+01
  5.025000E+00  1.170821E+00  2.256609E+01
  5.075000E+00  1.166974E+00  2.331567E+01
  5.125000E+00  1.152759E+00  2.407079E+01
  5.175000E+00  1.140657E+00  2.483262E+01
  5.225000E+00  1.121671E+00  2.559633E+01
  5.275000E+00  1.103417E+00  2.636205E+01
  5.325000E+00  1.089533E+00  2.713254E+01
  5.375000E+00  1.077869E+00  2.790916E+01
  5.425000E+00  1.074015E+00  2.869747E+01
  5.475000E+00  1.077453E+00  2.950295E+01
  5.525000E+00  1.073908E+00  3.032050E+01
  5.575000E+00  1.079127E+00  3.115697E+01
  5.625000E+00  1.075252E+00  3.200545E+01
  5.675000E+00  1.071821E+00  3.286633E+01
  5.725000E+00  1.075502E+00  3.374545E+01
  5.775000E+00  1.078888E+00  3.464281E+01
  5.825000E+00  1.088542E+00  3.556394E+01
  5.875000E+00  1.089604E+00  3.650187E+01
  5.925000E+00  1.092884E+00  3.745871E+01
  5.975000E+00  1.093059E+00  3.843191E+01
Zr      O_s     
  2.500000E-02  0.000000E+00  0.000000E+00
  7.500000E-02  0.000000E+00  0.000000E+00
  1.250000E-01  0.000000E+00  0.000000E+00
  1.750000E-01  0.000000E+00  0.000000E+00
  2.250000E-01  0.000000E+00  0.000000E+00
  2.750000E-01  0.000000E+00  0.000000E+00
  3.250000E-01  0.000000E+00  0.000000E+00
  3.750000E-01  0.000000E+00  0.000000E+00
  4.250000E-01  0.000000E+00  0.000000E+00
  4.750000E-01  0.000000E+00  0.000000E+00
  5.250000E-01  0.000000E+00  0.000000E+00
  5.750000E-01  0.000000E+00  0.000000E+00
  6.250000E-01  0.000000E+00  0.000000E+00
  6.750000E-01  0.000000E+00  0.000000E+00
  7.250000E-01  0.000000E+00  0.000000E+00
  7.750000E-01  0.000000E+00  0.000000E+00
  8.250000E-01  0.000000E+00  0.000000E+00
  8.750000E-01  0.000000E+00  0.000000E+00
  9.250000E-01  0.000000E+00  0.000000E+00
  9.750000E-01  0.000000E+00  0.000000E+00
  1.025000E+00  0.000000E+00  0.000000E+00
  1.075000E+00  0.000000E+00  0.000000E+00
  1.125000E+00  0.000000E+00  0.000000E+00
  1.175000E+00  6.715176E-05  2.312502E-06
  1.225000E+00  0.000000E+00  2.312502E-06
  1.275000E+00  0.000000E+00  2.312502E-06
  1.325000E+00  0.000000E+00  2.312502E-06
  1.375000E+00  0.000000E+00  2.312502E-06
  1.425000E+00  0.000000E+00  2.312502E-06
  1.475000E+00  4.261604E-05  4.625005E-06
  1.525000E+00  0.000000E+00  4.625005E-06
  1.575000E+00  7.475342E-05  9.250009E-06
  1.625000E+00  7.022434E-05  1.387501E-05
  1.675000E+00  7.931367E-04  6.937507E-05
  1.725000E+00  2.371236E-02  1.829189E-03
  1.775000E+00  3.455241E-01  2.898028E-02
  1.825000E+00  1.862897E+00  1.837283E-01
  1.875000E+00  5.014609E+00  6.234206E-01
  1.925000E+00  7.505140E+00  1.317051E+00
  1.975000E+00  8.519691E+00  2.145880E+00
  2.025000E+00  8.025063E+00  2.966617E+00
  2.075000E+00  6.408529E+00  3.654792E+00
  2.125000E+00  4.687240E+00  4.182676E+00
  2.175000E+00  3.145326E+00  4.553773E+00
  2.225000E+00  2.106123E+00  4.813816E+00
  2.275000E+00  1.403000E+00  4.994917E+00
  2.325000E+00  9.441438E-01  5.122204E+00
  2.375000E+00  6.519572E-01  5.213920E+00
  2.425000E+00  4.683230E-01  5.282606E+00
  2.475000E+00  3.568799E-01  5.337128E+00
  2.525000E+00  2.857459E-01  5.382564E+00
  2.575000E+00  2.420486E-01  5.422591E+00
  2.625000E+00  2.122199E-01  5.459062E+00
  2.675000E+00  1.960936E-01  5.494057E+00
  2.725000E+00  1.853551E-01  5.528384E+00
  2.775000E+00  1.831791E-01  5.563564E+00
  2.825000E+00  1.925420E-01  5.601887E+00
  2.875000E+00  2.121419E-01  5.645618E+00
  2.925000E+00  2.451483E-01  5.697927E+00
  2.975000E+00  2.834825E-01  5.760501E+00
  3.025000E+00  3.356556E-01  5.837103E+00
  3.075000E+00  3.913638E-01  5.929395E+00
  3.125000E+00  4.428031E-01  6.037241E+00
  3.175000E+00  4.992776E-01  6.162763E+00
  3.225000E+00  5.554252E-01  6.306834E+00
  3.275000E+00  6.091218E-01  6.469771E+00
  3.325000E+00  6.701641E-01  6.654551E+00
  3.375000E+00  7.435805E-01  6.865787E+00
  3.425000E+00  8.144474E-01  7.104060E+00
  3.475000E+00  8.933581E-01  7.373106E+00
  3.525000E+00  9.557799E-01  7.669294E+00
  3.575000E+00  1.005381E+00  7.989753E+00
  3.625000E+00  1.032905E+00  8.328260E+00
  3.675000E+00  1.028890E+00  8.674816E+00
  3.725000E+00  1.013122E+00  9.025410E+00
  3.775000E+00  9.784722E-01  9.373164E+00
  3.825000E+00  9.273025E-01  9.711520E+00
  3.875000E+00  8.847790E-01  1.004286E+01
  3.925000E+00  8.511014E-01  1.036986E+01
  3.975000E+00  8.247900E-01  1.069487E+01
  4.025000E+00  8.157755E-01  1.102448E+01
  4.075000E+00  8.077565E-01  1.135900E+01
  4.125000E+00  8.136875E-01  1.170430E+01
  4.175000E+00  8.268656E-01  1.206375E+01
  4.225000E+00  8.513975E-01  1.244278E+01
  4.275000E+00  8.853235E-01  1.284629E+01
  4.325000E+00  9.110775E-01  1.327132E+01
  4.375000E+00  9.504230E-01  1.372501E+01
  4.425000E+00  9.969687E-01  1.421186E+01
  4.475000E+00  1.054039E+00  1.473828E+01
  4.525000E+00  1.097358E+00  1.529865E+01
  4.575000E+00  1.141899E+00  1.589472E+01
  4.625000E+00  1.190671E+00  1.652991E+01
  4.675000E+00  1.219614E+00  1.719468E+01
  4.725000E+00  1.248010E+00  1.788956E+01
  4.775000E+00  1.251654E+00  1.860130E+01
  4.825000E+00  1.249820E+00  1.932695E+01
  4.875000E+00  1.243319E+00  2.006387E+01
  4.925000E+00  1.224422E+00  2.080455E+01
  4.975000E+00  1.206716E+00  2.154942E+01
  5.025000E+00  1.188094E+00  2.229760E+01
  5.075000E+00  1.178170E+00  2.305438E+01
  5.125000E+00  1.155590E+00  2.381135E+01
  5.175000E+00  1.142429E+00  2.457437E+01
  5.225000E+00  1.128155E+00  2.534249E+01
  5.275000E+00  1.120269E+00  2.611991E+01
  5.325000E+00  1.109363E+00  2.690442E+01
  5.375000E+00  1.102059E+00  2.769847E+01
  5.425000E+00  1.097620E+00  2.850410E+01
  5.475000E+00  1.092595E+00  2.932090E+01
  5.525000E+00  1.083902E+00  3.014606E+01
  5.575000E+00  1.082236E+00  3.098494E+01
  5.625000E+00  1.078889E+00  3.183629E+01
  5.675000E+00  1.081342E+00  3.270481E+01
  5.725000E+00  1.078196E+00  3.358614E+01
  5.775000E+00  1.084154E+00  3.448788E+01
  5.825000E+00  1.087271E+00  3.540793E+01
  5.875000E+00  1.089585E+00  3.634585E+01
  5.925000E+00  1.093846E+00  3.730353E+01
  5.975000E+00  1.099188E+00  3.828219E+01
O       O       
  2.500000E-02  0.000000E+00  0.000000E+00
  7.500000E-02  0.000000E+00  0.000000E+00
  1.250000E-01  0.000000E+00  0.000000E+00
  1.750000E-01  0.000000E+00  0.000000E+00
  2.250000E-01  0.000000E+00  0.000000E+00
  2.750000E-01  0.000000E+00  0.000000E+00
  3.250000E-01  0.000000E+00  0.000000E+00
  3.750000E-01  0.000000E+00  0.000000E+00
  4.250000E-01  0.000000E+00  0.000000E+00
  4.750000E-01  0.000000E+00  0.000000E+00
  5.250000E-01  0.000000E+00  0.000000E+00
  5.750000E-01  0.000000E+00  0.000000E+00
  6.250000E-01  0.000000E+00  0.000000E+00
  6.750000E-01  6.783267E-05  7.711316E-07
  7.250000E-01  0.000000E+00  7.711316E-07
  7.750000E-01  5.146251E-05  1.542263E-06
  8.250000E-01  0.000000E+00  1.542263E-06
  8.750000E-01  4.037483E-05  2.313395E-06
  9.250000E-01  3.612899E-05  3.084526E-06
  9.750000E-01  0.000000E+00  3.084526E-06
  1.025000E+00  0.000000E+00  3.084526E-06
  1.075000E+00  2.675160E-05  3.855658E-06
  1.125000E+00  2.442691E-05  4.626790E-06
  1.175000E+00  4.478512E-05  6.169053E-06
  1.225000E+00  2.060215E-05  6.940184E-06
  1.275000E+00  1.901818E-05  7.711316E-06
  1.325000E+00  3.522019E-05  9.253579E-06
  1.375000E+00  6.541115E-05  1.233811E-05
  1.425000E+00  7.612735E-05  1.619376E-05
  1.475000E+00  4.263248E-05  1.850716E-05
  1.525000E+00  5.317732E-05  2.159169E-05
  1.575000E+00  8.724599E-05  2.698961E-05
  1.625000E+00  2.224629E-04  4.164111E-05
  1.675000E+00  2.093807E-04  5.629261E-05
  1.725000E+00  6.961634E-04  1.079584E-04
  1.775000E+00  1.550518E-03  2.297972E-04
  1.825000E+00  4.028857E-03  5.644683E-04
  1.875000E+00  9.339879E-03  1.383410E-03
  1.925000E+00  2.032527E-02  3.261887E-03
  1.975000E+00  4.366771E-02  7.510051E-03
  2.025000E+00  8.127395E-02  1.582208E-02
  2.075000E+00  1.421991E-01  3.109203E-02
  2.125000E+00  2.157250E-01  5.538730E-02
  2.175000E+00  3.113063E-01  9.211630E-02
  2.225000E+00  4.898652E-01  1.526000E-01
  2.275000E+00  9.117867E-01  2.702947E-01
  2.325000E+00  1.641703E+00  4.916249E-01
  2.375000E+00  2.278124E+00  8.121072E-01
  2.425000E+00  2.156192E+00  1.128342E+00
  2.475000E+00  1.385040E+00  1.339940E+00
  2.525000E+00  8.105904E-01  1.468831E+00
  2.575000E+00  6.791932E-01  1.581148E+00
  2.625000E+00  7.827882E-01  1.715671E+00
  2.675000E+00  9.721614E-01  1.889164E+00
  2.725000E+00  1.167198E+00  2.105323E+00
  2.775000E+00  1.337504E+00  2.362195E+00
  2.825000E+00  1.475880E+00  2.655948E+00
  2.875000E+00  1.574694E+00  2.980562E+00
  2.925000E+00  1.609840E+00  3.324063E+00
  2.975000E+00  1.619094E+00  3.681451E+00
  3.025000E+00  1.588802E+00  4.044039E+00
  3.075000E+00  1.576186E+00  4.415738E+00
  3.125000E+00  1.534550E+00  4.789481E+00
  3.175000E+00  1.499920E+00  5.166574E+00
  3.225000E+00  1.439312E+00  5.539916E+00
  3.275000E+00  1.385025E+00  5.910402E+00
  3.325000E+00  1.323534E+00  6.275333E+00
  3.375000E+00  1.263916E+00  6.634385E+00
  3.425000E+00  1.204123E+00  6.986661E+00
  3.475000E+00  1.153793E+00  7.334139E+00
  3.525000E+00  1.107700E+00  7.677406E+00
  3.575000E+00  1.065738E+00  8.017104E+00
  3.625000E+00  1.028739E+00  8.354245E+00
  3.675000E+00  9.919534E-01  8.688360E+00
  3.725000E+00  9.690995E-01  9.023720E+00
  3.775000E+00  9.480528E-01  9.360662E+00
  3.825000E+00  9.277513E-01  9.699182E+00
  3.875000E+00  9.258162E-01  1.004589E+01
  3.925000E+00  9.265400E-01  1.040187E+01
  3.975000E+00  9.350989E-01  1.077036E+01
  4.025000E+00  9.589658E-01  1.115781E+01
  4.075000E+00  9.780223E-01  1.156285E+01
  4.125000E+00  1.000632E+00  1.198748E+01
  4.175000E+00  1.009963E+00  1.242652E+01
  4.225000E+00  9.907973E-01  1.286761E+01
  4.275000E+00  9.694924E-01  1.330949E+01
  4.325000E+00  9.510329E-01  1.375316E+01
  4.375000E+00  9.427402E-01  1.420318E+01
  4.425000E+00  9.417275E-01  1.466306E+01
  4.475000E+00  9.570687E-01  1.514105E+01
  4.525000E+00  9.798172E-01  1.564139E+01
  4.575000E+00  1.003752E+00  1.616535E+01
  4.625000E+00  1.032042E+00  1.671592E+01
  4.675000E+00  1.055092E+00  1.729101E+01
  4.725000E+00  1.072786E+00  1.788833E+01
  4.775000E+00  1.078266E+00  1.850147E+01
  4.825000E+00  1.076295E+00  1.912637E+01
  4.875000E+00  1.067102E+00  1.975885E+01
  4.925000E+00  1.050820E+00  2.039451E+01
  4.975000E+00  1.030372E+00  2.103053E+01
  5.025000E+00  1.014529E+00  2.166941E+01
  5.075000E+00  1.000655E+00  2.231217E+01
  5.125000E+00  9.947822E-01  2.296380E+01
  5.175000E+00  9.877904E-01  2.362354E+01
  5.225000E+00  9.942574E-01  2.430049E+01
  5.275000E+00  9.905064E-01  2.498786E+01
  5.325000E+00  9.996530E-01  2.569479E+01
  5.375000E+00  1.006534E+00  2.642001E+01
  5.425000E+00  1.013574E+00  2.716396E+01
  5.475000E+00  1.022078E+00  2.792803E+01
  5.525000E+00  1.028571E+00  2.871108E+01
  5.575000E+00  1.039170E+00  2.951657E+01
  5.625000E+00  1.052112E+00  3.034679E+01
  5.675000E+00  1.062107E+00  3.119987E+01
  5.725000E+00  1.067634E+00  3.207256E+01
  5.775000E+00  1.073518E+00  3.296545E+01
  5.825000E+00  1.081611E+00  3.388072E+01
  5.875000E+00  1.078448E+00  3.480905E+01
  5.925000E+00  1.082090E+00  3.575643E+01
  5.975000E+00  1.080331E+00  3.671831E+01
O       O_s     
  2.500000E-02  3.086643E+02  6.414881E-03
  7.500000E-02  5.304263E+02  8.358077E-02
  1.250000E-01  7.411267E+02  3.762306E-01
  1.750000E-01  4.677690E+02  7.359265E-01
  2.250000E-01  1.576362E+02  9.357691E-01
  2.750000E-01  3.009459E+01  9.926848E-01
  3.250000E-01  2.692103E+00  9.997903E-01
  3.750000E-01  5.267241E-02  9.999753E-01
  4.250000E-01  1.538301E-03  9.999823E-01
  4.750000E-01  1.026480E-03  9.999881E-01
  5.250000E-01  2.241097E-04  9.999896E-01
  5.750000E-01  3.269913E-04  9.999923E-01
  6.250000E-01  3.954175E-05  9.999927E-01
  6.750000E-01  1.695163E-04  9.999946E-01
  7.250000E-01  1.175599E-04  9.999961E-01
  7.750000E-01  5.144266E-05  9.999969E-01
  8.250000E-01  2.269899E-05  9.999973E-01
  8.750000E-01  2.017963E-05  9.999977E-01
  9.250000E-01  1.805753E-05  9.999981E-01
  9.750000E-01  1.625336E-05  9.999985E-01
  1.025000E+00  0.000000E+00  9.999985E-01
  1.075000E+00  0.000000E+00  9.999985E-01
  1.125000E+00  1.220874E-05  9.999988E-01
  1.175000E+00  0.000000E+00  9.999988E-01
  1.225000E+00  2.059420E-05  9.999996E-01
  1.275000E+00  9.505422E-06  1.000000E+00
  1.325000E+00  8.801651E-06  1.000000E+00
  1.375000E+00  1.634648E-05  1.000001E+00
  1.425000E+00  3.804899E-05  1.000003E+00
  1.475000E+00  7.102673E-06  1.000003E+00
  1.525000E+00  5.315680E-05  1.000007E+00
  1.575000E+00  3.737671E-05  1.000009E+00
  1.625000E+00  4.681623E-05  1.000012E+00
  1.675000E+00  1.211737E-04  1.000020E+00
  1.725000E+00  4.362326E-04  1.000053E+00
  1.775000E+00  1.569539E-03  1.000176E+00
  1.825000E+00  6.272941E-03  1.000697E+00
  1.875000E+00  1.728793E-02  1.002213E+00
  1.925000E+00  4.303693E-02  1.006191E+00
  1.975000E+00  9.162006E-02  1.015104E+00
  2.025000E+00  1.563274E-01  1.031092E+00
  2.075000E+00  2.302971E-01  1.055822E+00
  2.125000E+00  3.701453E-01  1.097508E+00
  2.175000E+00  8.454524E-01  1.197258E+00
  2.225000E+00  1.914423E+00  1.433632E+00
  2.275000E+00  2.904262E+00  1.808518E+00
  2.325000E+00  2.394528E+00  2.131342E+00
  2.375000E+00  1.051990E+00  2.279334E+00
  2.425000E+00  3.874416E-01  2.336158E+00
  2.475000E+00  3.039642E-01  2.382595E+00
  2.525000E+00  4.034324E-01  2.446745E+00
  2.575000E+00  5.764077E-01  2.542064E+00
  2.625000E+00  7.932826E-01  2.678391E+00
  2.675000E+00  1.021739E+00  2.860732E+00
  2.725000E+00  1.237103E+00  3.089837E+00
  2.775000E+00  1.408178E+00  3.360282E+00
  2.825000E+00  1.525921E+00  3.663995E+00
  2.875000E+00  1.595155E+00  3.992827E+00
  2.925000E+00  1.606435E+00  4.335602E+00
  2.975000E+00  1.599181E+00  4.688594E+00
  3.025000E+00  1.574607E+00  5.047943E+00
  3.075000E+00  1.563415E+00  5.416630E+00
  3.125000E+00  1.520152E+00  5.786867E+00
  3.175000E+00  1.483655E+00  6.159870E+00
  3.225000E+00  1.421473E+00  6.528585E+00
  3.275000E+00  1.368431E+00  6.894632E+00
  3.325000E+00  1.307271E+00  7.255079E+00
  3.375000E+00  1.252605E+00  7.610917E+00
  3.425000E+00  1.197819E+00  7.961349E+00
  3.475000E+00  1.145408E+00  8.306303E+00
  3.525000E+00  1.100717E+00  8.647405E+00
  3.575000E+00  1.057586E+00  8.984505E+00
  3.625000E+00  1.023552E+00  9.319946E+00
  3.675000E+00  9.928466E-01  9.654362E+00
  3.725000E+00  9.738979E-01  9.991382E+00
  3.775000E+00  9.576856E-01  1.033175E+01
  3.825000E+00  9.491337E-01  1.067807E+01
  3.875000E+00  9.534696E-01  1.103513E+01
  3.925000E+00  9.594267E-01  1.140375E+01
  3.975000E+00  9.718635E-01  1.178672E+01
  4.025000E+00  9.824561E-01  1.218367E+01
  4.075000E+00  9.846220E-01  1.259144E+01
  4.125000E+00  9.758195E-01  1.300554E+01
  4.175000E+00  9.641872E-01  1.342469E+01
  4.225000E+00  9.385848E-01  1.384253E+01
  4.275000E+00  9.290940E-01  1.426600E+01
  4.325000E+00  9.183098E-01  1.469440E+01
  4.375000E+00  9.229352E-01  1.513497E+01
  4.425000E+00  9.271608E-01  1.558773E+01
  4.475000E+00  9.466533E-01  1.606052E+01
  4.525000E+00  9.747990E-01  1.655830E+01
  4.575000E+00  1.004092E+00  1.708244E+01
  4.625000E+00  1.037835E+00  1.763609E+01
  4.675000E+00  1.065331E+00  1.821677E+01
  4.725000E+00  1.091109E+00  1.882429E+01
  4.775000E+00  1.103205E+00  1.945161E+01
  4.825000E+00  1.102869E+00  2.009194E+01
  4.875000E+00  1.094427E+00  2.074061E+01
  4.925000E+00  1.078401E+00  2.139296E+01
  4.975000E+00  1.056057E+00  2.204483E+01
  5.025000E+00  1.035773E+00  2.269710E+01
  5.075000E+00  1.018292E+00  2.335118E+01
  5.125000E+00  1.005425E+00  2.400978E+01
  5.175000E+00  9.962545E-01  2.467517E+01
  5.225000E+00  9.977848E-01  2.535453E+01
  5.275000E+00  9.917466E-01  2.604276E+01
  5.325000E+00  9.939801E-01  2.674567E+01
  5.375000E+00  1.001570E+00  2.746732E+01
  5.425000E+00  1.006091E+00  2.820577E+01
  5.475000E+00  1.011405E+00  2.896187E+01
  5.525000E+00  1.020749E+00  2.973896E+01
  5.575000E+00  1.027828E+00  3.053567E+01
  5.625000E+00  1.039683E+00  3.135608E+01
  5.675000E+00  1.051259E+00  3.220044E+01
  5.725000E+00  1.057244E+00  3.306464E+01
  5.775000E+00  1.061590E+00  3.394761E+01
  5.825000E+00  1.072147E+00  3.485487E+01
  5.875000E+00  1.071515E+00  3.577723E+01
  5.925000E+00  1.076048E+00  3.671932E+01
  5.975000E+00  1.077295E+00  3.767849E+01
O_s     O_s     
  2.500000E-02  0.000000E+00  0.000000E+00
  7.500000E-02  0.000000E+00  0.000000E+00
  1.250000E-01  0.000000E+00  0.000000E+00
  1.750000E-01  0.000000E+00  0.000000E+00
  2.250000E-01  0.000000E+00  0.000000E+00
  2.750000E-01  0.000000E+00  0.000000E+00
  3.250000E-01  0.000000E+00  0.000000E+00
  3.750000E-01  0.000000E+00  0.000000E+00
  4.250000E-01  0.000000E+00  0.000000E+00
  4.750000E-01  0.000000E+00  0.000000E+00
  5.250000E-01  0.000000E+00  0.000000E+00
  5.750000E-01  0.000000E+00  0.000000E+00
  6.250000E-01  0.000000E+00  0.000000E+00
  6.750000E-01  6.783267E-05  7.711316E-07
  7.250000E-01  0.000000E+00  7.711316E-07
  7.750000E-01  0.000000E+00  7.711316E-07
  8.250000E-01  0.000000E+00  7.711316E-07
  8.750000E-01  0.000000E+00  7.711316E-07
  9.250000E-01  0.000000E+00  7.711316E-07
  9.750000E-01  0.000000E+00  7.711316E-07
  1.025000E+00  0.000000E+00  7.711316E-07
  1.075000E+00  0.000000E+00  7.711316E-07
  1.125000E+00  0.000000E+00  7.711316E-07
  1.175000E+00  0.000000E+00  7.711316E-07
  1.225000E+00  0.000000E+00  7.711316E-07
  1.275000E+00  1.901818E-05  1.542263E-06
  1.325000E+00  1.761010E-05  2.313395E-06
  1.375000E+00  0.000000E+00  2.313395E-06
  1.425000E+00  3.045094E-05  3.855658E-06
  1.475000E+00  1.421083E-05  4.626790E-06
  1.525000E+00  0.000000E+00  4.626790E-06
  1.575000E+00  2.492743E-05  6.169053E-06
  1.625000E+00  0.000000E+00  6.169053E-06
  1.675000E+00  1.102004E-05  6.940184E-06
  1.725000E+00  8.312399E-05  1.310924E-05
  1.775000E+00  4.337524E-03  3.539494E-04
  1.825000E+00  1.825982E-02  1.870765E-03
  1.875000E+00  2.655973E-02  4.199583E-03
  1.925000E+00  9.427556E-02  1.291260E-02
  1.975000E+00  2.373466E-01  3.600259E-02
  2.025000E+00  3.052806E-01  6.722417E-02
  2.075000E+00  6.733596E-01  1.395324E-01
  2.125000E+00  2.379959E+00  4.075670E-01
  2.175000E+00  4.027054E+00  8.826928E-01
  2.225000E+00  2.268088E+00  1.162734E+00
  2.275000E+00  6.687228E-01  1.249054E+00
  2.325000E+00  2.620536E-01  1.284383E+00
  2.375000E+00  1.755515E-01  1.309079E+00
  2.425000E+00  1.808324E-01  1.335601E+00
  2.475000E+00  2.456436E-01  1.373129E+00
  2.525000E+00  3.886974E-01  1.434935E+00
  2.575000E+00  5.966233E-01  1.533597E+00
  2.625000E+00  8.639612E-01  1.682071E+00
  2.675000E+00  1.153989E+00  1.888013E+00
  2.725000E+00  1.380627E+00  2.143698E+00
  2.775000E+00  1.505391E+00  2.432813E+00
  2.825000E+00  1.538462E+00  2.739022E+00
  2.875000E+00  1.548927E+00  3.058324E+00
  2.925000E+00  1.536386E+00  3.386152E+00
  2.975000E+00  1.531841E+00  3.724280E+00
  3.025000E+00  1.517884E+00  4.070684E+00
  3.075000E+00  1.522909E+00  4.429819E+00
  3.125000E+00  1.491499E+00  4.793077E+00
  3.175000E+00  1.467192E+00  5.161942E+00
  3.225000E+00  1.404060E+00  5.526140E+00
  3.275000E+00  1.346583E+00  5.886343E+00
  3.325000E+00  1.281921E+00  6.239800E+00
  3.375000E+00  1.222740E+00  6.587154E+00
  3.425000E+00  1.176697E+00  6.931407E+00
  3.475000E+00  1.136258E+00  7.273605E+00
  3.525000E+00  1.094633E+00  7.612822E+00
  3.575000E+00  1.062574E+00  7.951511E+00
  3.625000E+00  1.027840E+00  8.288358E+00
  3.675000E+00  9.983340E-01  8.624622E+00
  3.725000E+00  9.801945E-01  8.963821E+00
  3.775000E+00  9.733192E-01  9.309744E+00
  3.825000E+00  9.781616E-01  9.666658E+00
  3.875000E+00  9.853864E-01  1.003567E+01
  3.925000E+00  9.853428E-01  1.041425E+01
  3.975000E+00  9.793616E-01  1.080018E+01
  4.025000E+00  9.711539E-01  1.119256E+01
  4.075000E+00  9.563335E-01  1.158861E+01
  4.125000E+00  9.401066E-01  1.198756E+01
  4.175000E+00  9.308314E-01  1.239220E+01
  4.225000E+00  9.111044E-01  1.279781E+01
  4.275000E+00  9.034163E-01  1.320958E+01
  4.325000E+00  8.990962E-01  1.362901E+01
  4.375000E+00  9.128001E-01  1.406474E+01
  4.425000E+00  9.304447E-01  1.451911E+01
  4.475000E+00  9.519549E-01  1.499454E+01
  4.525000E+00  9.845347E-01  1.549730E+01
  4.575000E+00  1.013320E+00  1.602625E+01
  4.625000E+00  1.047092E+00  1.658485E+01
  4.675000E+00  1.073582E+00  1.717002E+01
  4.725000E+00  1.094663E+00  1.777952E+01
  4.775000E+00  1.109748E+00  1.841056E+01
  4.825000E+00  1.115907E+00  1.905846E+01
  4.875000E+00  1.111529E+00  1.971727E+01
  4.925000E+00  1.098685E+00  2.038189E+01
  4.975000E+00  1.077313E+00  2.104688E+01
  5.025000E+00  1.055008E+00  2.171126E+01
  5.075000E+00  1.035940E+00  2.237667E+01
  5.125000E+00  1.017932E+00  2.304347E+01
  5.175000E+00  1.004699E+00  2.371450E+01
  5.225000E+00  9.988976E-01  2.439461E+01
  5.275000E+00  9.917565E-01  2.508285E+01
  5.325000E+00  9.906525E-01  2.578341E+01
  5.375000E+00  9.967007E-01  2.650155E+01
  5.425000E+00  9.985744E-01  2.723449E+01
  5.475000E+00  1.005732E+00  2.798635E+01
  5.525000E+00  1.012997E+00  2.875753E+01
  5.575000E+00  1.023214E+00  2.955066E+01
  5.625000E+00  1.034708E+00  3.036715E+01
  5.675000E+00  1.043686E+00  3.120543E+01
  5.725000E+00  1.048954E+00  3.206285E+01
  5.775000E+00  1.053971E+00  3.293948E+01
  5.825000E+00  1.067658E+00  3.384294E+01
  5.875000E+00  1.072722E+00  3.476634E+01
  5.925000E+00  1.079908E+00  3.571182E+01
  5.975000E+00  1.077931E+00  3.667155E+01
