title: #Li56 La24 Zr16 O96                                                     
energy unitS: electron Volts
         0  0.000000E+00        52
 -1.165984E+05  3.000000E+02 -1.167994E+05  1.362317E+04 -1.304225E+05
  0.000000E+00  0.000000E+00  0.000000E+00  0.000000E+00 -1.165983E+05
  0.000000E+00  3.377908E+04 -9.662661E+04  1.304057E+05  0.000000E+00
  0.000000E+00  0.000000E+00  0.000000E+00  6.008194E+04  0.000000E+00
  0.000000E+00  0.000000E+00  9.000000E+01  9.000000E+01  9.000000E+01
  0.000000E+00 -2.928043E+02  0.000000E+00 -3.062579E+02 -4.759639E-02
 -1.519424E-02 -4.759639E-02 -3.061576E+02 -2.578879E-02 -1.519424E-02
 -2.578879E-02 -2.659975E+02  0.000000E+00  0.000000E+00  0.000000E+00
  0.000000E+00  0.000000E+00  3.970821E+01  0.000000E+00  0.000000E+00
  0.000000E+00  3.970821E+01  0.000000E+00  0.000000E+00  0.000000E+00
  3.810512E+01 -1.112570E+04
      1000  5.000000E-01        52
 -1.241465E+05  3.000000E+02 -1.243482E+05  2.450391E+04 -1.499268E+05
  0.000000E+00  0.000000E+00  0.000000E+00  0.000000E+00 -1.241472E+05
  0.000000E+00  6.447058E+02 -1.514006E+05  1.498959E+05  0.000000E+00
  0.000000E+00  0.000000E+00  0.000000E+00  5.808569E+04  9.997963E-03
  1.074675E+03  2.149349E+03  9.000000E+01  9.000000E+01  9.000000E+01
  0.000000E+00 -2.202562E+00  7.589856E-01 -1.790463E+01 -1.865799E-01
  2.179307E+00 -1.865799E-01 -1.734993E+01 -4.945351E+00  2.179307E+00
 -4.945351E+00  2.864687E+01  1.855419E+00  5.558057E-01  6.107072E-01
  1.217081E+00  1.242848E+00  3.926347E+01  0.000000E+00  0.000000E+00
  0.000000E+00  3.926347E+01  0.000000E+00  0.000000E+00  0.000000E+00
  3.767834E+01 -8.091021E+01
      2000  1.000000E+00        52
 -4.375556E+04  3.138169E+02 -1.233949E+05  2.318546E+04 -1.477832E+05
  0.000000E+00  0.000000E+00  0.000000E+00  0.000000E+00 -1.231846E+05
  0.000000E+00  1.080685E+04 -1.392540E+05  1.476551E+05  0.000000E+00
  0.000000E+00  0.000000E+00  0.000000E+00  8.231691E+04  2.564397E+01
  1.202864E+03  2.405728E+03  9.000000E+01  9.000000E+01  9.000000E+01
  0.000000E+00 -6.650389E+01  7.942910E+04 -7.176427E+01  8.703838E-02
  1.141297E+00  8.703838E-02 -7.102316E+01 -2.761516E-01  1.141297E+00
 -2.761516E-01 -5.672423E+01  3.153858E+00  1.195853E+00  9.231718E-01
  2.594209E+00  7.023940E+02  4.410238E+01  0.000000E+00  0.000000E+00
  0.000000E+00  4.410238E+01  0.000000E+00  0.000000E+00  0.000000E+00
  4.232189E+01 -3.462120E+03
      3000  1.500000E+00        52
 -4.428192E+04  3.010076E+02 -1.239129E+05  2.406923E+04 -1.492408E+05
  0.000000E+00  0.000000E+00  0.000000E+00  0.000000E+00 -1.237112E+05
  0.000000E+00  6.499151E+03 -1.451684E+05  1.491502E+05  0.000000E+00
  0.000000E+00  0.000000E+00  0.000000E+00  7.565319E+04  2.073037E+00
  1.258667E+03  2.517333E+03  9.000000E+01  9.000000E+01  9.000000E+01
  0.000000E+00 -4.246958E+01  7.942930E+04 -4.754633E+01 -4.160935E-01
  8.549709E-01 -4.160935E-01 -4.311552E+01 -2.887955E+00  8.549709E-01
 -2.887955E+00 -3.674690E+01  3.925353E+00  2.271720E+00  1.659958E+00
  3.611911E+00  7.028366E+02  4.287868E+01  0.000000E+00  0.000000E+00
  0.000000E+00  4.287868E+01  0.000000E+00  0.000000E+00  0.000000E+00
  4.114759E+01 -2.031942E+03
      4000  2.000000E+00        52
 -4.447048E+04  3.000000E+02 -1.241008E+05  2.443918E+04 -1.498181E+05
  0.000000E+00  0.000000E+00  0.000000E+00  0.000000E+00 -1.238998E+05
  0.000000E+00  4.623976E+03 -1.476760E+05  1.497438E+05  0.000000E+00
  0.000000E+00  0.000000E+00  0.000000E+00  7.152964E+04  9.972917E-03
  1.278092E+03  2.556185E+03  9.000000E+01  9.000000E+01  9.000000E+01
  0.000000E+00 -3.111036E+01  7.942933E+04 -3.415177E+01  1.301007E+00
  1.719597E+00  1.301007E+00 -3.319482E+01 -1.869089E+00  1.719597E+00
 -1.869089E+00 -2.598448E+01  4.259168E+00  2.584103E+00  1.933874E+00
  4.043629E+00  7.024775E+02  4.208503E+01  0.000000E+00  0.000000E+00
  0.000000E+00  4.208503E+01  0.000000E+00  0.000000E+00  0.000000E+00
  4.038599E+01 -1.407334E+03
      5000  2.500000E+00        52
 -4.460445E+04  3.001243E+02 -1.242347E+05  2.451557E+04 -1.500104E+05
  0.000000E+00  0.000000E+00  0.000000E+00  0.000000E+00 -1.240336E+05
  0.000000E+00  3.814143E+03 -1.486546E+05  1.499485E+05  0.000000E+00
  0.000000E+00  0.000000E+00  0.000000E+00  6.863276E+04  1.530251E-01
  1.260122E+03  2.520244E+03  9.000000E+01  9.000000E+01  9.000000E+01
  0.000000E+00 -2.620297E+01  7.942915E+04 -2.642158E+01 -1.164678E-01
  2.383063E+00 -1.164678E-01 -3.096654E+01 -2.555835E+00  2.383063E+00
 -2.555835E+00 -2.122079E+01  4.321834E+00  2.604068E+00  1.967129E+00
  4.154915E+00  7.024895E+02  4.150905E+01  0.000000E+00  0.000000E+00
  0.000000E+00  4.150905E+01  0.000000E+00  0.000000E+00  0.000000E+00
  3.983326E+01 -1.137334E+03
      6000  3.000000E+00        52
 -4.470460E+04  2.998167E+02 -1.243346E+05  2.466822E+04 -1.502643E+05
  0.000000E+00  0.000000E+00  0.000000E+00  0.000000E+00 -1.241337E+05
  0.000000E+00  2.919077E+03 -1.498129E+05  1.502091E+05  0.000000E+00
  0.000000E+00  0.000000E+00  0.000000E+00  6.642468E+04  6.968107E-01
  1.261445E+03  2.522891E+03  9.000000E+01  9.000000E+01  9.000000E+01
  0.000000E+00 -1.997498E+01  7.942917E+04 -2.141500E+01 -5.936237E-03
  1.063183E+00 -5.936237E-03 -2.134058E+01 -5.580816E-01  1.063183E+00
 -5.580816E-01 -1.716937E+01  4.416871E+00  2.637838E+00  1.965039E+00
  4.252273E+00  7.025781E+02  4.105904E+01  0.000000E+00  0.000000E+00
  0.000000E+00  4.105904E+01  0.000000E+00  0.000000E+00  0.000000E+00
  3.940142E+01 -8.391159E+02
      7000  3.500000E+00        52
  6.140256E+04  3.000000E+02 -1.227201E+05  2.324995E+04 -1.472572E+05
  0.000000E+00  0.000000E+00  0.000000E+00  0.000000E+00 -1.225191E+05
  0.000000E+00  1.181654E+04 -1.377098E+05  1.469520E+05  0.000000E+00
  0.000000E+00  0.000000E+00  0.000000E+00  1.030552E+05  1.040159E-02
  1.287171E+03  2.574343E+03  9.000000E+01  9.000000E+01  9.000000E+01
  0.000000E+00 -5.837976E+01  1.839217E+05 -5.984812E+01 -5.324867E-01
  8.446983E-03 -5.324867E-01 -5.883081E+01  1.316537E-01  8.446983E-03
  1.316537E-01 -5.646034E+01  5.752991E+00  3.829473E+00  2.531800E+00
  5.472098E+00  1.886092E+03  4.753231E+01  0.000000E+00  0.000000E+00
  0.000000E+00  4.753231E+01  0.000000E+00  0.000000E+00  0.000000E+00
  4.561335E+01 -3.804855E+03
      8000  4.000000E+00        52
  6.066796E+04  3.009237E+02 -1.234540E+05  2.438531E+04 -1.492049E+05
  0.000000E+00  0.000000E+00  0.000000E+00  0.000000E+00 -1.232524E+05
  0.000000E+00  6.265151E+03 -1.454510E+05  1.489851E+05  0.000000E+00
  0.000000E+00  0.000000E+00  0.000000E+00  9.453109E+04  1.611487E+00
  1.365516E+03  2.731032E+03  9.000000E+01  9.000000E+01  9.000000E+01
  0.000000E+00 -3.268431E+01  1.839204E+05 -3.277954E+01 -1.112158E+00
  7.104541E-01 -1.112158E+00 -3.208623E+01  1.297553E+00  7.104541E-01
  1.297553E+00 -3.318715E+01  7.078821E+00  5.834953E+00  3.885123E+00
  7.101396E+00  1.888178E+03  4.618389E+01  0.000000E+00  0.000000E+00
  0.000000E+00  4.618389E+01  0.000000E+00  0.000000E+00  0.000000E+00
  4.431937E+01 -1.953979E+03
      9000  4.500000E+00        52
  6.046023E+04  3.005658E+02 -1.236616E+05  2.466316E+04 -1.497217E+05
  0.000000E+00  0.000000E+00  0.000000E+00  0.000000E+00 -1.234602E+05
  0.000000E+00  4.946797E+03 -1.473918E+05  1.495447E+05  0.000000E+00
  0.000000E+00  0.000000E+00  0.000000E+00  8.930453E+04  7.419296E-01
  1.396947E+03  2.793893E+03  9.000000E+01  9.000000E+01  9.000000E+01
  0.000000E+00 -2.681907E+01  1.839205E+05 -2.549110E+01 -8.686144E-01
  2.321604E-01 -8.686144E-01 -2.693143E+01  9.774160E-01  2.321604E-01
  9.774160E-01 -2.803467E+01  7.715766E+00  6.513167E+00  4.450617E+00
  7.790750E+00  1.888836E+03  4.531655E+01  0.000000E+00  0.000000E+00
  0.000000E+00  4.531655E+01  0.000000E+00  0.000000E+00  0.000000E+00
  4.348704E+01 -1.514688E+03
     10000  5.000000E+00        52
  6.032215E+04  3.000000E+02 -1.238004E+05  2.473591E+04 -1.499377E+05
  0.000000E+00  0.000000E+00  0.000000E+00  0.000000E+00 -1.235993E+05
  0.000000E+00  4.311882E+03 -1.482811E+05  1.497900E+05  0.000000E+00
  0.000000E+00  0.000000E+00  0.000000E+00  8.523909E+04  1.015627E-02
  1.401453E+03  2.802905E+03  9.000000E+01  9.000000E+01  9.000000E+01
  0.000000E+00 -2.417689E+01  1.839215E+05 -2.497730E+01  5.440956E-01
 -8.623273E-01  5.440956E-01 -2.494853E+01  7.732882E-01 -8.623273E-01
  7.732882E-01 -2.260483E+01  7.985902E+00  6.700114E+00  4.765826E+00
  8.111655E+00  1.888071E+03  4.461819E+01  0.000000E+00  0.000000E+00
  0.000000E+00  4.461819E+01  0.000000E+00  0.000000E+00  0.000000E+00
  4.281687E+01 -1.303302E+03
     11000  5.500000E+00        52
  6.032092E+04  2.829312E+02 -1.240362E+05  2.533438E+04 -1.507778E+05
  0.000000E+00  0.000000E+00  0.000000E+00  0.000000E+00 -1.238466E+05
  0.000000E+00  5.906455E+02 -1.529170E+05  1.506931E+05  0.000000E+00
  0.000000E+00  0.000000E+00  0.000000E+00  7.404136E+04  4.601174E+00
  1.407255E+03  2.814511E+03  9.000000E+01  9.000000E+01  9.000000E+01
  0.000000E+00 -1.505889E+00  1.841676E+05 -2.292721E+00  5.133541E-01
 -2.589774E+00  5.133541E-01  7.332441E-02 -2.072952E-01 -2.589774E+00
 -2.072952E-01 -2.298271E+00  6.210303E-01  6.064480E-01  5.257029E-01
  7.377419E-01  6.548337E-01  4.257197E+01  0.000000E+00  0.000000E+00
  0.000000E+00  4.257197E+01  0.000000E+00  0.000000E+00  0.000000E+00
  4.085327E+01 -7.051369E+01
     12000  6.000000E+00        52
  6.032100E+04  2.843814E+02 -1.241552E+05  2.527149E+04 -1.508193E+05
  0.000000E+00  0.000000E+00  0.000000E+00  0.000000E+00 -1.239647E+05
  0.000000E+00  4.569378E+02 -1.530809E+05  1.507528E+05  0.000000E+00
  0.000000E+00  0.000000E+00  0.000000E+00  6.963671E+04  3.623015E+00
  1.392557E+03  2.785113E+03  9.000000E+01  9.000000E+01  9.000000E+01
  0.000000E+00 -5.744080E-01  1.842857E+05  9.764370E-01 -3.065737E-01
  2.382715E-01 -3.065737E-01 -4.381394E-01 -1.069862E+00  2.382715E-01
 -1.069862E+00 -2.261522E+00  1.221428E+00  1.231739E+00  1.066318E+00
  1.417880E+00  1.295074E+00  4.171047E+01  0.000000E+00  0.000000E+00
  0.000000E+00  4.171047E+01  0.000000E+00  0.000000E+00  0.000000E+00
  4.002654E+01 -2.529675E+01
     13000  6.500000E+00        52
  6.032091E+04  2.914511E+02 -1.242529E+05  2.516253E+04 -1.507506E+05
  0.000000E+00  0.000000E+00  0.000000E+00  0.000000E+00 -1.240576E+05
  0.000000E+00  2.891801E+02 -1.530753E+05  1.506943E+05  0.000000E+00
  0.000000E+00  0.000000E+00  0.000000E+00  6.698141E+04  3.170184E+00
  1.335125E+03  2.670249E+03  9.000000E+01  9.000000E+01  9.000000E+01
  0.000000E+00  7.974440E-01  1.843786E+05  2.124641E+00 -7.578370E-01
 -7.935775E-01 -7.578370E-01  6.727767E-01  1.546538E+00 -7.935775E-01
  1.546538E+00 -4.050862E-01  1.748469E+00  1.779452E+00  1.597310E+00
  2.011461E+00  1.861968E+00  4.117343E+01  0.000000E+00  0.000000E+00
  0.000000E+00  4.117343E+01  0.000000E+00  0.000000E+00  0.000000E+00
  3.951119E+01  3.378007E+01
     14000  7.000000E+00        52
  6.032091E+04  3.044323E+02 -1.243065E+05  2.503043E+04 -1.506587E+05
  0.000000E+00  0.000000E+00  0.000000E+00  0.000000E+00 -1.241025E+05
  0.000000E+00  7.435109E+02 -1.525061E+05  1.506060E+05  0.000000E+00
  0.000000E+00  0.000000E+00  0.000000E+00  6.566560E+04  2.904800E+00
  1.321820E+03  2.643640E+03  9.000000E+01  9.000000E+01  9.000000E+01
  0.000000E+00 -2.693721E+00  1.844234E+05 -1.827241E+00  1.310213E-01
 -5.291841E-01  1.310213E-01 -4.280859E+00 -1.505220E+00 -5.291841E-01
 -1.505220E+00 -1.973063E+00  2.066657E+00  2.075646E+00  1.903593E+00
  2.355021E+00  2.190230E+00  4.090204E+01  0.000000E+00  0.000000E+00
  0.000000E+00  4.090204E+01  0.000000E+00  0.000000E+00  0.000000E+00
  3.925075E+01 -1.118656E+02
     15000  7.500000E+00        52
  6.032092E+04  3.098160E+02 -1.243729E+05  2.506305E+04 -1.507329E+05
  0.000000E+00  0.000000E+00  0.000000E+00  0.000000E+00 -1.241653E+05
  0.000000E+00  3.709924E+02 -1.529070E+05  1.506841E+05  0.000000E+00
  0.000000E+00  0.000000E+00  0.000000E+00  6.450158E+04  2.699826E+00
  1.296949E+03  2.593897E+03  9.000000E+01  9.000000E+01  9.000000E+01
  0.000000E+00  3.606536E-01  1.844862E+05 -1.905982E-01  4.354650E-01
  3.006484E-02  4.354650E-01 -9.776908E-01  2.176599E+00  3.006484E-02
  2.176599E+00  2.250250E+00  2.241204E+00  2.253591E+00  2.027866E+00
  2.542175E+00  2.364380E+00  4.065891E+01  0.000000E+00  0.000000E+00
  0.000000E+00  4.065891E+01  0.000000E+00  0.000000E+00  0.000000E+00
  3.901744E+01  1.471183E+01
     16000  8.000000E+00        52
  6.032083E+04  2.896431E+02 -1.244238E+05  2.499268E+04 -1.507116E+05
  0.000000E+00  0.000000E+00  0.000000E+00  0.000000E+00 -1.242297E+05
  0.000000E+00  5.892859E+02 -1.526669E+05  1.506659E+05  0.000000E+00
  0.000000E+00  0.000000E+00  0.000000E+00  6.355574E+04  2.414949E+00
  1.295130E+03  2.590260E+03  9.000000E+01  9.000000E+01  9.000000E+01
  0.000000E+00 -1.668477E+00  1.845506E+05 -2.998738E+00 -1.657045E+00
 -9.315373E-01 -1.657045E+00 -1.365446E+00  4.826809E-01 -9.315373E-01
  4.826809E-01 -6.412479E-01  2.459571E+00  2.569629E+00  2.239774E+00
  2.793874E+00  2.611098E+00  4.045920E+01  0.000000E+00  0.000000E+00
  0.000000E+00  4.045920E+01  0.000000E+00  0.000000E+00  0.000000E+00
  3.882579E+01 -6.706270E+01
     17000  8.500000E+00        52
  6.032079E+04  2.873397E+02 -1.244698E+05  2.499121E+04 -1.507292E+05
  0.000000E+00  0.000000E+00  0.000000E+00  0.000000E+00 -1.242772E+05
  0.000000E+00  4.148634E+02 -1.528067E+05  1.506851E+05  0.000000E+00
  0.000000E+00  0.000000E+00  0.000000E+00  6.291903E+04  2.272206E+00
  1.268195E+03  2.536389E+03  9.000000E+01  9.000000E+01  9.000000E+01
  0.000000E+00 -2.500715E-01  1.845981E+05 -2.577840E+00 -2.389067E+00
  1.909252E+00 -2.389067E+00  4.858436E-01  5.221749E-01  1.909252E+00
  5.221749E-01  1.341782E+00  2.672745E+00  2.749216E+00  2.454689E+00
  3.012918E+00  2.827255E+00  4.032363E+01  0.000000E+00  0.000000E+00
  0.000000E+00  4.032363E+01  0.000000E+00  0.000000E+00  0.000000E+00
  3.869570E+01 -9.950667E+00
     18000  9.000000E+00        52
  6.032084E+04  2.983303E+02 -1.244746E+05  2.501701E+04 -1.507545E+05
  0.000000E+00  0.000000E+00  0.000000E+00  0.000000E+00 -1.242746E+05
  0.000000E+00  1.502714E+02 -1.530878E+05  1.507122E+05  0.000000E+00
  0.000000E+00  0.000000E+00  0.000000E+00  6.229290E+04  2.415461E+00
  1.262958E+03  2.525916E+03  9.000000E+01  9.000000E+01  9.000000E+01
  0.000000E+00  2.110797E+00  1.845955E+05 -3.079080E-01 -1.737591E+00
  1.586075E+00 -1.737591E+00  3.955130E+00  1.707416E-01  1.586075E+00
  1.707416E-01  2.685170E+00  2.788191E+00  2.880100E+00  2.556912E+00
  3.160310E+00  2.967417E+00  4.018943E+01  0.000000E+00  0.000000E+00
  0.000000E+00  4.018943E+01  0.000000E+00  0.000000E+00  0.000000E+00
  3.856691E+01  8.315552E+01
     19000  9.500000E+00        52
  6.032080E+04  3.115518E+02 -1.244806E+05  2.492242E+04 -1.506644E+05
  0.000000E+00  0.000000E+00  0.000000E+00  0.000000E+00 -1.242718E+05
  0.000000E+00  4.624544E+02 -1.526841E+05  1.506238E+05  0.000000E+00
  0.000000E+00  0.000000E+00  0.000000E+00  6.206931E+04  2.448336E+00
  1.261386E+03  2.522772E+03  9.000000E+01  9.000000E+01  9.000000E+01
  0.000000E+00 -3.821340E-01  1.845927E+05 -2.826599E+00 -5.210947E-02
  1.488656E+00 -5.210947E-02  3.947630E-01  1.310962E+00  1.488656E+00
  1.310962E+00  1.285434E+00  2.949524E+00  3.051606E+00  2.691226E+00
  3.311863E+00  3.119622E+00  4.014129E+01  0.000000E+00  0.000000E+00
  0.000000E+00  4.014129E+01  0.000000E+00  0.000000E+00  0.000000E+00
  3.852071E+01 -1.500025E+01
     20000  1.000000E+01        52
  6.032084E+04  2.950443E+02 -1.245089E+05  2.495741E+04 -1.507263E+05
  0.000000E+00  0.000000E+00  0.000000E+00  0.000000E+00 -1.243112E+05
  0.000000E+00  3.457342E+02 -1.528596E+05  1.506854E+05  0.000000E+00
  0.000000E+00  0.000000E+00  0.000000E+00  6.189826E+04  2.312027E+00
  1.259948E+03  2.519896E+03  9.000000E+01  9.000000E+01  9.000000E+01
  0.000000E+00  4.223603E-01  1.846321E+05 -1.353194E+00  1.270903E+00
  1.824723E-01  1.270903E+00  8.697853E-01  1.661320E+00  1.824723E-01
  1.661320E+00  1.750489E+00  3.007250E+00  3.067149E+00  2.712812E+00
  3.367599E+00  3.175695E+00  4.010438E+01  0.000000E+00  0.000000E+00
  0.000000E+00  4.010438E+01  0.000000E+00  0.000000E+00  0.000000E+00
  3.848530E+01  1.653361E+01
     21000  1.050000E+01        52
  6.032079E+04  2.892504E+02 -1.245329E+05  2.494779E+04 -1.507155E+05
  0.000000E+00  0.000000E+00  0.000000E+00  0.000000E+00 -1.243391E+05
  0.000000E+00  2.958643E+02 -1.528492E+05  1.506754E+05  0.000000E+00
  0.000000E+00  0.000000E+00  0.000000E+00  6.164055E+04  2.278175E+00
  1.234831E+03  2.469662E+03  9.000000E+01  9.000000E+01  9.000000E+01
  0.000000E+00  7.841703E-01  1.846599E+05 -1.634540E+00  2.017004E+00
  1.826989E+00  2.017004E+00  2.788942E+00  6.690832E-01  1.826989E+00
  6.690832E-01  1.198109E+00  2.997628E+00  3.031930E+00  2.742189E+00
  3.388650E+00  3.196917E+00  4.004865E+01  0.000000E+00  0.000000E+00
  0.000000E+00  4.004865E+01  0.000000E+00  0.000000E+00  0.000000E+00
  3.843181E+01  3.056912E+01
     22000  1.100000E+01        52
  6.032076E+04  2.882343E+02 -1.245338E+05  2.491468E+04 -1.506808E+05
  0.000000E+00  0.000000E+00  0.000000E+00  0.000000E+00 -1.243406E+05
  0.000000E+00  2.942151E+02 -1.528115E+05  1.506410E+05  0.000000E+00
  0.000000E+00  0.000000E+00  0.000000E+00  6.139481E+04  2.241355E+00
  1.232363E+03  2.464725E+03  9.000000E+01  9.000000E+01  9.000000E+01
  0.000000E+00  7.897789E-01  1.846614E+05 -1.266925E-01  1.118981E+00
  4.546455E-01  1.118981E+00  8.593217E-01 -1.450252E+00  4.546455E-01
 -1.450252E+00  1.636707E+00  3.104192E+00  3.148129E+00  2.817378E+00
  3.494002E+00  3.299113E+00  3.999536E+01  0.000000E+00  0.000000E+00
  0.000000E+00  3.999536E+01  0.000000E+00  0.000000E+00  0.000000E+00
  3.838067E+01  3.066502E+01
     23000  1.150000E+01        52
  6.032082E+04  3.121040E+02 -1.245409E+05  2.486660E+04 -1.506488E+05
  0.000000E+00  0.000000E+00  0.000000E+00  0.000000E+00 -1.243317E+05
  0.000000E+00  3.640553E+02 -1.527279E+05  1.506092E+05  0.000000E+00
  0.000000E+00  0.000000E+00  0.000000E+00  6.127867E+04  2.390586E+00
  1.241389E+03  2.482778E+03  9.000000E+01  9.000000E+01  9.000000E+01
  0.000000E+00  4.656587E-01  1.846526E+05  5.188800E-01  1.978258E+00
  1.738070E+00  1.978258E+00 -1.888780E+00  1.607492E-01  1.738070E+00
  1.607492E-01  2.766876E+00  3.149185E+00  3.174821E+00  2.823440E+00
  3.529910E+00  3.333584E+00  3.997012E+01  0.000000E+00  0.000000E+00
  0.000000E+00  3.997012E+01  0.000000E+00  0.000000E+00  0.000000E+00
  3.835645E+01  1.804609E+01
     24000  1.200000E+01        52
  6.032076E+04  3.077604E+02 -1.245623E+05  2.488219E+04 -1.506654E+05
  0.000000E+00  0.000000E+00  0.000000E+00  0.000000E+00 -1.243560E+05
  0.000000E+00  2.672724E+02 -1.528010E+05  1.506263E+05  0.000000E+00
  0.000000E+00  0.000000E+00  0.000000E+00  6.106135E+04  2.361758E+00
  1.220986E+03  2.441973E+03  9.000000E+01  9.000000E+01  9.000000E+01
  0.000000E+00  1.252497E+00  1.846768E+05 -9.037985E-01 -2.350781E-01
  6.157505E-01 -2.350781E-01  1.678248E+00  1.861017E+00  6.157505E-01
  1.861017E+00  2.983042E+00  3.217209E+00  3.191709E+00  2.860211E+00
  3.585922E+00  3.394098E+00  3.992281E+01  0.000000E+00  0.000000E+00
  0.000000E+00  3.992281E+01  0.000000E+00  0.000000E+00  0.000000E+00
  3.831106E+01  4.836700E+01
     25000  1.250000E+01        52
  6.032080E+04  2.909559E+02 -1.245734E+05  2.485420E+04 -1.506355E+05
  0.000000E+00  0.000000E+00  0.000000E+00  0.000000E+00 -1.243785E+05
  0.000000E+00  3.155621E+02 -1.526964E+05  1.505962E+05  0.000000E+00
  0.000000E+00  0.000000E+00  0.000000E+00  6.098541E+04  2.180050E+00
  1.207861E+03  2.415723E+03  9.000000E+01  9.000000E+01  9.000000E+01
  0.000000E+00  6.421035E-01  1.846993E+05 -6.998162E-01  1.516535E+00
  2.490258E-01  1.516535E+00  5.031889E-02  2.233293E+00  2.490258E-01
  2.233293E+00  2.575808E+00  3.160803E+00  3.189189E+00  2.886332E+00
  3.546611E+00  3.355639E+00  3.990626E+01  0.000000E+00  0.000000E+00
  0.000000E+00  3.990626E+01  0.000000E+00  0.000000E+00  0.000000E+00
  3.829517E+01  2.476492E+01
     26000  1.300000E+01        52
  6.032074E+04  2.960241E+02 -1.245792E+05  2.483375E+04 -1.506322E+05
  0.000000E+00  0.000000E+00  0.000000E+00  0.000000E+00 -1.243808E+05
  0.000000E+00  4.246692E+02 -1.526072E+05  1.505934E+05  0.000000E+00
  0.000000E+00  0.000000E+00  0.000000E+00  6.093082E+04  2.246192E+00
  1.219214E+03  2.438428E+03  9.000000E+01  9.000000E+01  9.000000E+01
  0.000000E+00 -2.423954E-01  1.847016E+05 -3.465099E+00  6.269632E-01
 -2.865092E-01  6.269632E-01 -3.052558E-01  9.616698E-01 -2.865092E-01
  9.616698E-01  3.043169E+00  3.265164E+00  3.304408E+00  2.987632E+00
  3.638692E+00  3.446388E+00  3.989435E+01  0.000000E+00  0.000000E+00
  0.000000E+00  3.989435E+01  0.000000E+00  0.000000E+00  0.000000E+00
  3.828374E+01 -9.340441E+00
     27000  1.350000E+01        52
  6.032079E+04  3.018805E+02 -1.245783E+05  2.482853E+04 -1.506136E+05
  0.000000E+00  0.000000E+00  0.000000E+00  0.000000E+00 -1.243760E+05
  0.000000E+00  3.615026E+02 -1.526273E+05  1.505753E+05  0.000000E+00
  0.000000E+00  0.000000E+00  0.000000E+00  6.091986E+04  2.320484E+00
  1.206755E+03  2.413511E+03  9.000000E+01  9.000000E+01  9.000000E+01
  0.000000E+00  3.719664E-01  1.846968E+05 -1.442581E+00 -4.346541E-01
 -5.780567E-01 -4.346541E-01 -1.405733E+00  1.679672E+00 -5.780567E-01
  1.679672E+00  3.964213E+00  3.265114E+00  3.276340E+00  2.957788E+00
  3.641293E+00  3.447203E+00  3.989195E+01  0.000000E+00  0.000000E+00
  0.000000E+00  3.989195E+01  0.000000E+00  0.000000E+00  0.000000E+00
  3.828144E+01  1.433074E+01
     28000  1.400000E+01        52
  6.032070E+04  3.095233E+02 -1.245876E+05  2.480195E+04 -1.505870E+05
  0.000000E+00  0.000000E+00  0.000000E+00  0.000000E+00 -1.243802E+05
  0.000000E+00  4.510524E+02 -1.524921E+05  1.505483E+05  0.000000E+00
  0.000000E+00  0.000000E+00  0.000000E+00  6.090573E+04  2.337453E+00
  1.197437E+03  2.394874E+03  9.000000E+01  9.000000E+01  9.000000E+01
  0.000000E+00 -3.142835E-01  1.847010E+05 -5.099635E+00 -1.213005E+00
 -1.325837E+00 -1.213005E+00  7.871142E-02  2.436482E+00 -1.325837E+00
  2.436482E+00  4.078074E+00  3.291476E+00  3.305656E+00  3.004958E+00
  3.684269E+00  3.489316E+00  3.988887E+01  0.000000E+00  0.000000E+00
  0.000000E+00  3.988887E+01  0.000000E+00  0.000000E+00  0.000000E+00
  3.827848E+01 -1.210558E+01
     29000  1.450000E+01        52
  6.032075E+04  2.947149E+02 -1.245908E+05  2.478133E+04 -1.505784E+05
  0.000000E+00  0.000000E+00  0.000000E+00  0.000000E+00 -1.243933E+05
  0.000000E+00  4.915723E+02 -1.524605E+05  1.505396E+05  0.000000E+00
  0.000000E+00  0.000000E+00  0.000000E+00  6.083203E+04  2.207499E+00
  1.206239E+03  2.412478E+03  9.000000E+01  9.000000E+01  9.000000E+01
  0.000000E+00 -8.376675E-01  1.847141E+05 -5.065157E+00 -7.026877E-01
  2.307887E-01 -7.026877E-01 -2.268546E+00  1.366945E+00  2.307887E-01
  1.366945E+00  4.820701E+00  3.324488E+00  3.357972E+00  3.049404E+00
  3.711899E+00  3.518908E+00  3.987277E+01  0.000000E+00  0.000000E+00
  0.000000E+00  3.987277E+01  0.000000E+00  0.000000E+00  0.000000E+00
  3.826304E+01 -3.222627E+01
     30000  1.500000E+01        52
  6.032074E+04  2.949425E+02 -1.245982E+05  2.483729E+04 -1.506303E+05
  0.000000E+00  0.000000E+00  0.000000E+00  0.000000E+00 -1.244006E+05
  0.000000E+00  2.274794E+02 -1.527544E+05  1.505924E+05  0.000000E+00
  0.000000E+00  0.000000E+00  0.000000E+00  6.061817E+04  2.277650E+00
  1.194745E+03  2.389489E+03  9.000000E+01  9.000000E+01  9.000000E+01
  0.000000E+00  1.458319E+00  1.847214E+05 -8.727297E-01 -2.881124E+00
 -1.025774E+00 -2.881124E+00  3.811287E-01 -7.562051E-01 -1.025774E+00
 -7.562051E-01  4.866557E+00  3.315994E+00  3.351953E+00  3.045388E+00
  3.712424E+00  3.519816E+00  3.982599E+01  0.000000E+00  0.000000E+00
  0.000000E+00  3.982599E+01  0.000000E+00  0.000000E+00  0.000000E+00
  3.821814E+01  5.590637E+01
     31000  1.550000E+01        52
  6.032075E+04  2.993721E+02 -1.245964E+05  2.475548E+04 -1.505514E+05
  0.000000E+00  0.000000E+00  0.000000E+00  0.000000E+00 -1.243958E+05
  0.000000E+00  5.867994E+02 -1.523255E+05  1.505134E+05  0.000000E+00
  0.000000E+00  0.000000E+00  0.000000E+00  6.064001E+04  2.226206E+00
  1.199496E+03  2.398993E+03  9.000000E+01  9.000000E+01  9.000000E+01
  0.000000E+00 -1.613782E+00  1.847166E+05 -6.028481E+00 -2.314076E+00
 -5.764468E-01 -2.314076E+00 -2.215709E+00  1.476951E+00 -5.764468E-01
  1.476951E+00  3.402845E+00  3.425264E+00  3.422600E+00  3.130781E+00
  3.829222E+00  3.631054E+00  3.983077E+01  0.000000E+00  0.000000E+00
  0.000000E+00  3.983077E+01  0.000000E+00  0.000000E+00  0.000000E+00
  3.822273E+01 -6.188851E+01
     32000  1.600000E+01        52
  6.032074E+04  3.082587E+02 -1.246002E+05  2.481097E+04 -1.506071E+05
  0.000000E+00  0.000000E+00  0.000000E+00  0.000000E+00 -1.243937E+05
  0.000000E+00  4.004570E+02 -1.525602E+05  1.505688E+05  0.000000E+00
  0.000000E+00  0.000000E+00  0.000000E+00  6.063461E+04  2.336607E+00
  1.195884E+03  2.391767E+03  9.000000E+01  9.000000E+01  9.000000E+01
  0.000000E+00  1.093899E-01  1.847144E+05 -2.261425E+00 -8.419658E-01
 -5.455618E-01 -8.419658E-01 -6.503199E-01  1.643527E+00 -5.455618E-01
  1.643527E+00  3.239915E+00  3.432421E+00  3.456345E+00  3.165009E+00
  3.822964E+00  3.627351E+00  3.982959E+01  0.000000E+00  0.000000E+00
  0.000000E+00  3.982959E+01  0.000000E+00  0.000000E+00  0.000000E+00
  3.822160E+01  4.194728E+00
     33000  1.650000E+01        52
  6.032074E+04  3.041277E+02 -1.246011E+05  2.479141E+04 -1.505921E+05
  0.000000E+00  0.000000E+00  0.000000E+00  0.000000E+00 -1.243973E+05
  0.000000E+00  4.736278E+02 -1.524801E+05  1.505545E+05  0.000000E+00
  0.000000E+00  0.000000E+00  0.000000E+00  6.067677E+04  2.303524E+00
  1.199608E+03  2.399216E+03  9.000000E+01  9.000000E+01  9.000000E+01
  0.000000E+00 -5.743737E-01  1.847181E+05 -3.247995E+00 -8.522134E-01
 -1.584676E+00 -8.522134E-01 -1.087719E-01  8.423014E-01 -1.584676E+00
  8.423014E-01  1.633645E+00  3.431285E+00  3.453332E+00  3.153972E+00
  3.817936E+00  3.623146E+00  3.983882E+01  0.000000E+00  0.000000E+00
  0.000000E+00  3.983882E+01  0.000000E+00  0.000000E+00  0.000000E+00
  3.823046E+01 -2.204058E+01
     34000  1.700000E+01        52
  6.032077E+04  2.936356E+02 -1.246078E+05  2.479488E+04 -1.506023E+05
  0.000000E+00  0.000000E+00  0.000000E+00  0.000000E+00 -1.244111E+05
  0.000000E+00  3.947431E+02 -1.525690E+05  1.505647E+05  0.000000E+00
  0.000000E+00  0.000000E+00  0.000000E+00  6.053416E+04  2.276574E+00
  1.199537E+03  2.399074E+03  9.000000E+01  9.000000E+01  9.000000E+01
  0.000000E+00 -1.128221E-02  1.847319E+05 -2.789566E+00 -1.630983E-01
 -1.730594E+00 -1.630983E-01 -7.265824E-01  8.360624E-01 -1.730594E+00
  8.360624E-01  3.482301E+00  3.443774E+00  3.426081E+00  3.171028E+00
  3.826026E+00  3.632688E+00  3.980759E+01  0.000000E+00  0.000000E+00
  0.000000E+00  3.980759E+01  0.000000E+00  0.000000E+00  0.000000E+00
  3.820048E+01 -4.319175E-01
     35000  1.750000E+01        52
  6.032075E+04  3.000805E+02 -1.246104E+05  2.476687E+04 -1.505667E+05
  0.000000E+00  0.000000E+00  0.000000E+00  0.000000E+00 -1.244093E+05
  0.000000E+00  4.898942E+02 -1.524186E+05  1.505296E+05  0.000000E+00
  0.000000E+00  0.000000E+00  0.000000E+00  6.055165E+04  2.289138E+00
  1.189453E+03  2.378905E+03  9.000000E+01  9.000000E+01  9.000000E+01
  0.000000E+00 -7.643571E-01  1.847301E+05 -2.888864E+00  2.547469E-01
  8.735461E-01  2.547469E-01 -2.588560E+00  1.628144E-01  8.735461E-01
  1.628144E-01  3.184354E+00  3.465009E+00  3.470404E+00  3.199193E+00
  3.838605E+00  3.647581E+00  3.981142E+01  0.000000E+00  0.000000E+00
  0.000000E+00  3.981142E+01  0.000000E+00  0.000000E+00  0.000000E+00
  3.820416E+01 -2.927038E+01
     36000  1.800000E+01        52
  6.032073E+04  3.023964E+02 -1.246043E+05  2.487587E+04 -1.506835E+05
  0.000000E+00  0.000000E+00  0.000000E+00  0.000000E+00 -1.244017E+05
  0.000000E+00  9.526048E+01 -1.529578E+05  1.506463E+05  0.000000E+00
  0.000000E+00  0.000000E+00  0.000000E+00  6.052783E+04  2.313998E+00
  1.203373E+03  2.406746E+03  9.000000E+01  9.000000E+01  9.000000E+01
  0.000000E+00  2.698827E+00  1.847224E+05  8.453908E-01  4.726207E-01
 -1.555452E+00  4.726207E-01  2.444863E+00  7.600429E-01 -1.555452E+00
  7.600429E-01  4.806228E+00  3.476563E+00  3.474861E+00  3.189942E+00
  3.861054E+00  3.660975E+00  3.980620E+01  0.000000E+00  0.000000E+00
  0.000000E+00  3.980620E+01  0.000000E+00  0.000000E+00  0.000000E+00
  3.819915E+01  1.033085E+02
     37000  1.850000E+01        52
  6.032074E+04  3.077395E+02 -1.246124E+05  2.480698E+04 -1.506149E+05
  0.000000E+00  0.000000E+00  0.000000E+00  0.000000E+00 -1.244062E+05
  0.000000E+00  3.817807E+02 -1.525865E+05  1.505772E+05  0.000000E+00
  0.000000E+00  0.000000E+00  0.000000E+00  6.049201E+04  2.294863E+00
  1.195502E+03  2.391004E+03  9.000000E+01  9.000000E+01  9.000000E+01
  0.000000E+00  2.663145E-01  1.847270E+05 -3.062183E+00  4.906921E-01
 -1.616716E-01  4.906921E-01  8.663792E-02  8.532361E-01 -1.616716E-01
  8.532361E-01  3.774489E+00  3.498980E+00  3.514886E+00  3.224825E+00
  3.876837E+00  3.681302E+00  3.979834E+01  0.000000E+00  0.000000E+00
  0.000000E+00  3.979834E+01  0.000000E+00  0.000000E+00  0.000000E+00
  3.819161E+01  1.018823E+01
     38000  1.900000E+01        52
  6.032072E+04  2.941090E+02 -1.246174E+05  2.484860E+04 -1.506654E+05
  0.000000E+00  0.000000E+00  0.000000E+00  0.000000E+00 -1.244204E+05
  0.000000E+00  2.108061E+02 -1.528162E+05  1.506284E+05  0.000000E+00
  0.000000E+00  0.000000E+00  0.000000E+00  6.039887E+04  2.261839E+00
  1.199316E+03  2.398631E+03  9.000000E+01  9.000000E+01  9.000000E+01
  0.000000E+00  1.599369E+00  1.847411E+05 -1.295997E+00  2.008046E+00
 -1.899219E+00  2.008046E+00  1.457963E+00  3.721756E-01 -1.899219E+00
  3.721756E-01  4.636141E+00  3.534203E+00  3.529076E+00  3.283662E+00
  3.937048E+00  3.737804E+00  3.977791E+01  0.000000E+00  0.000000E+00
  0.000000E+00  3.977791E+01  0.000000E+00  0.000000E+00  0.000000E+00
  3.817200E+01  6.109189E+01
     39000  1.950000E+01        52
  6.032075E+04  2.949880E+02 -1.246205E+05  2.483035E+04 -1.506550E+05
  0.000000E+00  0.000000E+00  0.000000E+00  0.000000E+00 -1.244229E+05
  0.000000E+00  2.932371E+02 -1.527329E+05  1.506179E+05  0.000000E+00
  0.000000E+00  0.000000E+00  0.000000E+00  6.038922E+04  2.251136E+00
  1.204117E+03  2.408234E+03  9.000000E+01  9.000000E+01  9.000000E+01
  0.000000E+00  8.904489E-01  1.847437E+05 -1.135468E+00  4.124781E-02
 -1.525140E+00  4.124781E-02 -1.319843E+00  1.350826E+00 -1.525140E+00
  1.350826E+00  5.126657E+00  3.530269E+00  3.545547E+00  3.247133E+00
  3.930843E+00  3.729695E+00  3.977579E+01  0.000000E+00  0.000000E+00
  0.000000E+00  3.977579E+01  0.000000E+00  0.000000E+00  0.000000E+00
  3.816997E+01  3.400748E+01
     40000  2.000000E+01        52
  6.032070E+04  3.008840E+02 -1.246150E+05  2.482095E+04 -1.506329E+05
  0.000000E+00  0.000000E+00  0.000000E+00  0.000000E+00 -1.244134E+05
  0.000000E+00  3.608399E+02 -1.526289E+05  1.505958E+05  0.000000E+00
  0.000000E+00  0.000000E+00  0.000000E+00  6.048106E+04  2.278946E+00
  1.196957E+03  2.393915E+03  9.000000E+01  9.000000E+01  9.000000E+01
  0.000000E+00  3.688054E-01  1.847341E+05 -1.869108E+00 -8.724653E-01
 -2.733739E+00 -8.724653E-01 -1.966914E+00  7.423723E-01 -2.733739E+00
  7.423723E-01  4.942438E+00  3.547380E+00  3.570461E+00  3.307476E+00
  3.938836E+00  3.745109E+00  3.979594E+01  0.000000E+00  0.000000E+00
  0.000000E+00  3.979594E+01  0.000000E+00  0.000000E+00  0.000000E+00
  3.818931E+01  1.410661E+01
     41000  2.050000E+01        52
  6.032071E+04  3.067519E+02 -1.246145E+05  2.477707E+04 -1.505839E+05
  0.000000E+00  0.000000E+00  0.000000E+00  0.000000E+00 -1.244090E+05
  0.000000E+00  4.991969E+02 -1.524321E+05  1.505467E+05  0.000000E+00
  0.000000E+00  0.000000E+00  0.000000E+00  6.050231E+04  2.386675E+00
  1.192307E+03  2.384615E+03  9.000000E+01  9.000000E+01  9.000000E+01
  0.000000E+00 -7.681479E-01  1.847297E+05 -4.884172E+00  9.489626E-01
 -1.087552E+00  9.489626E-01 -2.130053E+00  5.047383E-01 -1.087552E+00
  5.047383E-01  4.709782E+00  3.550971E+00  3.584905E+00  3.296904E+00
  3.951210E+00  3.753493E+00  3.980060E+01  0.000000E+00  0.000000E+00
  0.000000E+00  3.980060E+01  0.000000E+00  0.000000E+00  0.000000E+00
  3.819378E+01 -2.939157E+01
     42000  2.100000E+01        52
  6.032068E+04  3.015441E+02 -1.246200E+05  2.478006E+04 -1.506013E+05
  0.000000E+00  0.000000E+00  0.000000E+00  0.000000E+00 -1.244179E+05
  0.000000E+00  4.474974E+02 -1.525196E+05  1.505645E+05  0.000000E+00
  0.000000E+00  0.000000E+00  0.000000E+00  6.035752E+04  2.341310E+00
  1.201288E+03  2.402576E+03  9.000000E+01  9.000000E+01  9.000000E+01
  0.000000E+00 -3.794571E-01  1.847386E+05 -2.861145E+00  1.800403E-02
 -1.821964E+00  1.800403E-02 -1.283701E+00  1.299595E+00 -1.821964E+00
  1.299595E+00  3.006475E+00  3.589604E+00  3.607672E+00  3.314629E+00
  3.974931E+00  3.778087E+00  3.976883E+01  0.000000E+00  0.000000E+00
  0.000000E+00  3.976883E+01  0.000000E+00  0.000000E+00  0.000000E+00
  3.816329E+01 -1.448439E+01
     43000  2.150000E+01        52
  6.032076E+04  2.939562E+02 -1.246280E+05  2.477156E+04 -1.505975E+05
  0.000000E+00  0.000000E+00  0.000000E+00  0.000000E+00 -1.244310E+05
  0.000000E+00  6.076226E+02 -1.523486E+05  1.505603E+05  0.000000E+00
  0.000000E+00  0.000000E+00  0.000000E+00  6.049262E+04  2.238695E+00
  1.197963E+03  2.395926E+03  9.000000E+01  9.000000E+01  9.000000E+01
  0.000000E+00 -1.862377E+00  1.847518E+05 -5.269525E+00  1.681391E+00
  7.227483E-02  1.681391E+00 -1.002087E+00 -5.591620E-01  7.227483E-02
 -5.591620E-01  6.844811E-01  3.606044E+00  3.646471E+00  3.349975E+00
  3.994376E+00  3.801275E+00  3.979848E+01  0.000000E+00  0.000000E+00
  0.000000E+00  3.979848E+01  0.000000E+00  0.000000E+00  0.000000E+00
  3.819174E+01 -7.124856E+01
     44000  2.200000E+01        52
  6.032075E+04  2.979515E+02 -1.246271E+05  2.477130E+04 -1.505854E+05
  0.000000E+00  0.000000E+00  0.000000E+00  0.000000E+00 -1.244274E+05
  0.000000E+00  5.145811E+02 -1.524080E+05  1.505485E+05  0.000000E+00
  0.000000E+00  0.000000E+00  0.000000E+00  6.035365E+04  2.278815E+00
  1.187043E+03  2.374086E+03  9.000000E+01  9.000000E+01  9.000000E+01
  0.000000E+00 -1.007371E+00  1.847482E+05 -3.541554E+00 -6.796071E-01
  2.280220E-01 -6.796071E-01 -2.948668E+00  1.605753E-01  2.280220E-01
  1.605753E-01  3.468110E+00  3.636951E+00  3.662707E+00  3.393997E+00
  4.030716E+00  3.837661E+00  3.976798E+01  0.000000E+00  0.000000E+00
  0.000000E+00  3.976798E+01  0.000000E+00  0.000000E+00  0.000000E+00
  3.816247E+01 -3.845022E+01
     45000  2.250000E+01        52
  6.032074E+04  3.005414E+02 -1.246188E+05  2.478577E+04 -1.505957E+05
  0.000000E+00  0.000000E+00  0.000000E+00  0.000000E+00 -1.244175E+05
  0.000000E+00  5.132783E+02 -1.524277E+05  1.505587E+05  0.000000E+00
  0.000000E+00  0.000000E+00  0.000000E+00  6.049553E+04  2.323328E+00
  1.191115E+03  2.382230E+03  9.000000E+01  9.000000E+01  9.000000E+01
  0.000000E+00 -9.634225E-01  1.847382E+05 -2.670348E+00  4.940143E-01
 -4.379418E-01  4.940143E-01 -1.296043E+00  1.134795E+00 -4.379418E-01
  1.134795E+00  1.076123E+00  3.649129E+00  3.656655E+00  3.363929E+00
  4.022873E+00  3.832501E+00  3.979912E+01  0.000000E+00  0.000000E+00
  0.000000E+00  3.979912E+01  0.000000E+00  0.000000E+00  0.000000E+00
  3.819235E+01 -3.685922E+01
     46000  2.300000E+01        52
  6.032070E+04  3.029141E+02 -1.246240E+05  2.475925E+04 -1.505856E+05
  0.000000E+00  0.000000E+00  0.000000E+00  0.000000E+00 -1.244210E+05
  0.000000E+00  5.640750E+02 -1.523897E+05  1.505491E+05  0.000000E+00
  0.000000E+00  0.000000E+00  0.000000E+00  6.029632E+04  2.324515E+00
  1.202379E+03  2.404758E+03  9.000000E+01  9.000000E+01  9.000000E+01
  0.000000E+00 -1.382851E+00  1.847418E+05 -3.000759E+00 -1.422836E-01
  8.390848E-01 -1.422836E-01 -1.990067E+00 -1.973250E-01  8.390848E-01
 -1.973250E-01  8.422743E-01  3.651847E+00  3.698392E+00  3.412819E+00
  4.050981E+00  3.854186E+00  3.975538E+01  0.000000E+00  0.000000E+00
  0.000000E+00  3.975538E+01  0.000000E+00  0.000000E+00  0.000000E+00
  3.815039E+01 -5.273174E+01
     47000  2.350000E+01        52
  6.032075E+04  2.918069E+02 -1.246261E+05  2.475131E+04 -1.505682E+05
  0.000000E+00  0.000000E+00  0.000000E+00  0.000000E+00 -1.244306E+05
  0.000000E+00  5.408601E+02 -1.523724E+05  1.505317E+05  0.000000E+00
  0.000000E+00  0.000000E+00  0.000000E+00  6.034271E+04  2.223079E+00
  1.190762E+03  2.381523E+03  9.000000E+01  9.000000E+01  9.000000E+01
  0.000000E+00 -1.309008E+00  1.847514E+05 -3.676686E+00 -1.176162E+00
  4.890794E-01 -1.176162E+00 -2.791968E+00  1.460763E-01  4.890794E-01
  1.460763E-01  2.541628E+00  3.658938E+00  3.674332E+00  3.414272E+00
  4.050457E+00  3.857355E+00  3.976557E+01  0.000000E+00  0.000000E+00
  0.000000E+00  3.976557E+01  0.000000E+00  0.000000E+00  0.000000E+00
  3.816017E+01 -4.995435E+01
     48000  2.400000E+01        52
  6.032076E+04  2.957601E+02 -1.246298E+05  2.483351E+04 -1.506568E+05
  0.000000E+00  0.000000E+00  0.000000E+00  0.000000E+00 -1.244316E+05
  0.000000E+00  2.428195E+02 -1.527646E+05  1.506204E+05  0.000000E+00
  0.000000E+00  0.000000E+00  0.000000E+00  6.020433E+04  2.343947E+00
  1.193503E+03  2.387005E+03  9.000000E+01  9.000000E+01  9.000000E+01
  0.000000E+00  1.343636E+00  1.847524E+05 -1.544841E+00  8.904123E-01
 -6.240632E-01  8.904123E-01  2.027232E+00  1.410742E-01 -6.240632E-01
  1.410742E-01  3.548516E+00  3.625842E+00  3.651621E+00  3.382291E+00
  4.031164E+00  3.836216E+00  3.973515E+01  0.000000E+00  0.000000E+00
  0.000000E+00  3.973515E+01  0.000000E+00  0.000000E+00  0.000000E+00
  3.813097E+01  5.115820E+01
     49000  2.450000E+01        52
  6.032064E+04  3.033191E+02 -1.246291E+05  2.477399E+04 -1.505943E+05
  0.000000E+00  0.000000E+00  0.000000E+00  0.000000E+00 -1.244258E+05
  0.000000E+00  4.746696E+02 -1.524658E+05  1.505580E+05  0.000000E+00
  0.000000E+00  0.000000E+00  0.000000E+00  6.024115E+04  2.380418E+00
  1.191238E+03  2.382476E+03  9.000000E+01  9.000000E+01  9.000000E+01
  0.000000E+00 -5.971226E-01  1.847465E+05 -2.342652E+00  8.360657E-02
 -1.028477E+00  8.360657E-02 -1.602626E+00  7.706689E-01 -1.028477E+00
  7.706689E-01  2.153910E+00  3.646222E+00  3.718783E+00  3.416751E+00
  4.049440E+00  3.854789E+00  3.974325E+01  0.000000E+00  0.000000E+00
  0.000000E+00  3.974325E+01  0.000000E+00  0.000000E+00  0.000000E+00
  3.813875E+01 -2.274903E+01
     50000  2.500000E+01        52
  6.032072E+04  3.032390E+02 -1.246283E+05  2.481052E+04 -1.506184E+05
  0.000000E+00  0.000000E+00  0.000000E+00  0.000000E+00 -1.244251E+05
  0.000000E+00  3.423093E+02 -1.525991E+05  1.505822E+05  0.000000E+00
  0.000000E+00  0.000000E+00  0.000000E+00  6.026532E+04  2.378844E+00
  1.179598E+03  2.359196E+03  9.000000E+01  9.000000E+01  9.000000E+01
  0.000000E+00  5.597900E-01  1.847458E+05 -1.429229E+00 -6.723735E-01
 -2.607336E-01 -6.723735E-01  1.074676E-01  1.676576E+00 -2.607336E-01
  1.676576E+00  3.001132E+00  3.698761E+00  3.726808E+00  3.423562E+00
  4.080350E+00  3.886652E+00  3.974857E+01  0.000000E+00  0.000000E+00
  0.000000E+00  3.974857E+01  0.000000E+00  0.000000E+00  0.000000E+00
  3.814385E+01  2.133530E+01
     51000  2.550000E+01        52
  6.032071E+04  3.019723E+02 -1.246328E+05  2.480577E+04 -1.506242E+05
  0.000000E+00  0.000000E+00  0.000000E+00  0.000000E+00 -1.244304E+05
  0.000000E+00  3.107378E+02 -1.526482E+05  1.505877E+05  0.000000E+00
  0.000000E+00  0.000000E+00  0.000000E+00  6.021651E+04  2.333847E+00
  1.185622E+03  2.371244E+03  9.000000E+01  9.000000E+01  9.000000E+01
  0.000000E+00  8.217333E-01  1.847512E+05 -1.984746E+00  1.213118E+00
 -1.387822E+00  1.213118E+00 -5.222751E-01  9.018533E-01 -1.387822E+00
  9.018533E-01  4.972221E+00  3.649462E+00  3.700814E+00  3.417116E+00
  4.048336E+00  3.853622E+00  3.973784E+01  0.000000E+00  0.000000E+00
  0.000000E+00  3.973784E+01  0.000000E+00  0.000000E+00  0.000000E+00
  3.813355E+01  3.129338E+01
     52000  2.600000E+01        52
  6.032071E+04  2.987685E+02 -1.246321E+05  2.481168E+04 -1.506279E+05
  0.000000E+00  0.000000E+00  0.000000E+00  0.000000E+00 -1.244319E+05
  0.000000E+00  3.122956E+02 -1.526474E+05  1.505914E+05  0.000000E+00
  0.000000E+00  0.000000E+00  0.000000E+00  6.030436E+04  2.320183E+00
  1.184155E+03  2.368310E+03  9.000000E+01  9.000000E+01  9.000000E+01
  0.000000E+00  7.693997E-01  1.847527E+05 -1.538384E-01 -1.377231E-01
 -2.470926E+00 -1.377231E-01  5.257714E-01  1.386062E+00 -2.470926E+00
  1.386062E+00  1.936266E+00  3.593288E+00  3.670866E+00  3.364197E+00
  3.997474E+00  3.805407E+00  3.975715E+01  0.000000E+00  0.000000E+00
  0.000000E+00  3.975715E+01  0.000000E+00  0.000000E+00  0.000000E+00
  3.815208E+01  2.934315E+01
     53000  2.650000E+01        52
  6.032072E+04  3.016127E+02 -1.246342E+05  2.483335E+04 -1.506512E+05
  0.000000E+00  0.000000E+00  0.000000E+00  0.000000E+00 -1.244321E+05
  0.000000E+00  2.099380E+02 -1.527726E+05  1.506153E+05  0.000000E+00
  0.000000E+00  0.000000E+00  0.000000E+00  6.026765E+04  2.334490E+00
  1.183619E+03  2.367238E+03  9.000000E+01  9.000000E+01  9.000000E+01
  0.000000E+00  1.698374E+00  1.847529E+05 -2.326348E-01 -5.194115E-01
 -9.587420E-01 -5.194115E-01  3.045473E-01  1.839432E+00 -9.587420E-01
  1.839432E+00  5.023210E+00  3.641213E+00  3.693033E+00  3.411808E+00
  4.044900E+00  3.851616E+00  3.974908E+01  0.000000E+00  0.000000E+00
  0.000000E+00  3.974908E+01  0.000000E+00  0.000000E+00  0.000000E+00
  3.814434E+01  6.473270E+01
     54000  2.700000E+01        52
  6.032075E+04  3.008640E+02 -1.246320E+05  2.480008E+04 -1.506175E+05
  0.000000E+00  0.000000E+00  0.000000E+00  0.000000E+00 -1.244304E+05
  0.000000E+00  4.099878E+02 -1.525417E+05  1.505810E+05  0.000000E+00
  0.000000E+00  0.000000E+00  0.000000E+00  6.025262E+04  2.256116E+00
  1.185339E+03  2.370678E+03  9.000000E+01  9.000000E+01  9.000000E+01
  0.000000E+00 -5.996472E-02  1.847512E+05 -2.894195E+00  1.070025E-01
 -9.281901E-01  1.070025E-01 -2.323202E-01  7.788099E-01 -9.281901E-01
  7.788099E-01  2.946621E+00  3.723344E+00  3.769695E+00  3.476777E+00
  4.121815E+00  3.927060E+00  3.974578E+01  0.000000E+00  0.000000E+00
  0.000000E+00  3.974578E+01  0.000000E+00  0.000000E+00  0.000000E+00
  3.814117E+01 -2.284955E+00
     55000  2.750000E+01        52
  6.032075E+04  2.994280E+02 -1.246352E+05  2.483237E+04 -1.506595E+05
  0.000000E+00  0.000000E+00  0.000000E+00  0.000000E+00 -1.244346E+05
  0.000000E+00  2.649433E+02 -1.527423E+05  1.506234E+05  0.000000E+00
  0.000000E+00  0.000000E+00  0.000000E+00  6.018260E+04  2.310184E+00
  1.191923E+03  2.383847E+03  9.000000E+01  9.000000E+01  9.000000E+01
  0.000000E+00  1.193404E+00  1.847554E+05 -1.387502E+00  2.028862E-01
 -5.148874E-01  2.028862E-01  1.483403E+00 -6.363313E-01 -5.148874E-01
 -6.363313E-01  3.484313E+00  3.638308E+00  3.720258E+00  3.427248E+00
  4.048092E+00  3.856134E+00  3.973037E+01  0.000000E+00  0.000000E+00
  0.000000E+00  3.973037E+01  0.000000E+00  0.000000E+00  0.000000E+00
  3.812639E+01  4.542183E+01
     56000  2.800000E+01        52
  6.032075E+04  2.992885E+02 -1.246403E+05  2.478769E+04 -1.506242E+05
  0.000000E+00  0.000000E+00  0.000000E+00  0.000000E+00 -1.244398E+05
  0.000000E+00  4.564548E+02 -1.525240E+05  1.505880E+05  0.000000E+00
  0.000000E+00  0.000000E+00  0.000000E+00  6.018956E+04  2.270106E+00
  1.196221E+03  2.392442E+03  9.000000E+01  9.000000E+01  9.000000E+01
  0.000000E+00 -4.854218E-01  1.847606E+05 -2.709205E+00 -3.906987E-02
 -4.442842E-01 -3.906987E-02 -2.574400E+00 -4.928981E-01 -4.442842E-01
 -4.928981E-01  3.827340E+00  3.722027E+00  3.795652E+00  3.489720E+00
  4.125140E+00  3.932314E+00  3.973190E+01  0.000000E+00  0.000000E+00
  0.000000E+00  3.973190E+01  0.000000E+00  0.000000E+00  0.000000E+00
  3.812786E+01 -1.847764E+01
     57000  2.850000E+01        52
  6.032072E+04  3.016412E+02 -1.246413E+05  2.482635E+04 -1.506601E+05
  0.000000E+00  0.000000E+00  0.000000E+00  0.000000E+00 -1.244392E+05
  0.000000E+00  3.328480E+02 -1.526760E+05  1.506240E+05  0.000000E+00
  0.000000E+00  0.000000E+00  0.000000E+00  6.013953E+04  2.246441E+00
  1.192393E+03  2.384786E+03  9.000000E+01  9.000000E+01  9.000000E+01
  0.000000E+00  6.251185E-01  1.847600E+05 -9.487112E-01  1.838903E+00
 -2.193467E-01  1.838903E+00 -1.772315E-01  4.815554E-01 -2.193467E-01
  4.815554E-01  3.001298E+00  3.672409E+00  3.772496E+00  3.458481E+00
  4.090228E+00  3.891688E+00  3.972089E+01  0.000000E+00  0.000000E+00
  0.000000E+00  3.972089E+01  0.000000E+00  0.000000E+00  0.000000E+00
  3.811729E+01  2.377543E+01
     58000  2.900000E+01        52
  6.032077E+04  3.027986E+02 -1.246400E+05  2.489247E+04 -1.507054E+05
  0.000000E+00  0.000000E+00  0.000000E+00  0.000000E+00 -1.244371E+05
  0.000000E+00 -5.737828E+01 -1.530733E+05  1.506699E+05  0.000000E+00
  0.000000E+00  0.000000E+00  0.000000E+00  6.003463E+04  2.358796E+00
  1.172998E+03  2.345996E+03  9.000000E+01  9.000000E+01  9.000000E+01
  0.000000E+00  4.065826E+00  1.847579E+05  1.960785E+00  3.375877E-01
 -1.994074E+00  3.375877E-01  2.608734E+00 -1.252296E+00 -1.994074E+00
 -1.252296E+00  7.627960E+00  3.726496E+00  3.836874E+00  3.487262E+00
  4.147452E+00  3.950132E+00  3.969779E+01  0.000000E+00  0.000000E+00
  0.000000E+00  3.969779E+01  0.000000E+00  0.000000E+00  0.000000E+00
  3.809511E+01  1.543678E+02
     59000  2.950000E+01        52
  6.032077E+04  3.008170E+02 -1.246434E+05  2.476807E+04 -1.506253E+05
  0.000000E+00  0.000000E+00  0.000000E+00  0.000000E+00 -1.244419E+05
  0.000000E+00  5.626613E+02 -1.524543E+05  1.505894E+05  0.000000E+00
  0.000000E+00  0.000000E+00  0.000000E+00  6.019635E+04  2.319059E+00
  1.213764E+03  2.427528E+03  9.000000E+01  9.000000E+01  9.000000E+01
  0.000000E+00 -1.397372E+00  1.847627E+05 -2.787089E+00 -1.787918E+00
 -1.368210E+00 -1.787918E+00 -2.590449E+00 -3.859737E-01 -1.368210E+00
 -3.859737E-01  1.185422E+00  3.730286E+00  3.867959E+00  3.516414E+00
  4.148464E+00  3.953086E+00  3.973340E+01  0.000000E+00  0.000000E+00
  0.000000E+00  3.973340E+01  0.000000E+00  0.000000E+00  0.000000E+00
  3.812929E+01 -5.319714E+01
     60000  3.000000E+01        52
  6.032076E+04  2.990282E+02 -1.246469E+05  2.485040E+04 -1.506998E+05
  0.000000E+00  0.000000E+00  0.000000E+00  0.000000E+00 -1.244465E+05
  0.000000E+00  2.615584E+02 -1.528073E+05  1.506639E+05  0.000000E+00
  0.000000E+00  0.000000E+00  0.000000E+00  6.008201E+04  2.239255E+00
  1.202506E+03  2.405012E+03  9.000000E+01  9.000000E+01  9.000000E+01
  0.000000E+00  1.220397E+00  1.847673E+05 -6.433461E-01 -1.996686E-01
 -5.020256E-01 -1.996686E-01  1.302114E+00 -1.163639E+00 -5.020256E-01
 -1.163639E+00  3.002421E+00  3.734707E+00  3.850602E+00  3.487358E+00
  4.161324E+00  3.961415E+00  3.970823E+01  0.000000E+00  0.000000E+00
  0.000000E+00  3.970823E+01  0.000000E+00  0.000000E+00  0.000000E+00
  3.810513E+01  4.637153E+01
     61000  3.050000E+01        52
  6.032074E+04  2.975870E+02 -1.246518E+05  2.478323E+04 -1.506322E+05
  0.000000E+00  0.000000E+00  0.000000E+00  0.000000E+00 -1.244524E+05
  0.000000E+00  5.171736E+02 -1.524733E+05  1.505961E+05  0.000000E+00
  0.000000E+00  0.000000E+00  0.000000E+00  6.006857E+04  2.302628E+00
  1.197174E+03  2.394347E+03  9.000000E+01  9.000000E+01  9.000000E+01
  0.000000E+00 -1.039185E+00  1.847732E+05 -4.836809E+00  6.742612E-01
 -7.540205E-01  6.742612E-01 -1.564944E+00 -1.983552E+00 -7.540205E-01
 -1.983552E+00  3.284196E+00  3.740196E+00  3.853091E+00  3.478801E+00
  4.165865E+00  3.965242E+00  3.970527E+01  0.000000E+00  0.000000E+00
  0.000000E+00  3.970527E+01  0.000000E+00  0.000000E+00  0.000000E+00
  3.810229E+01 -3.947720E+01
     62000  3.100000E+01        52
  6.032076E+04  2.998212E+02 -1.246482E+05  2.481412E+04 -1.506652E+05
  0.000000E+00  0.000000E+00  0.000000E+00  0.000000E+00 -1.244473E+05
  0.000000E+00  3.511867E+02 -1.526844E+05  1.506297E+05  0.000000E+00
  0.000000E+00  0.000000E+00  0.000000E+00  6.003611E+04  2.315028E+00
  1.202909E+03  2.405818E+03  9.000000E+01  9.000000E+01  9.000000E+01
  0.000000E+00  4.437845E-01  1.847681E+05 -5.858917E-01  6.931100E-01
 -1.819017E+00  6.931100E-01 -3.528650E-01 -5.342313E-01 -1.819017E+00
 -5.342313E-01  2.270110E+00  3.756195E+00  3.878299E+00  3.489397E+00
  4.182511E+00  3.982635E+00  3.969811E+01  0.000000E+00  0.000000E+00
  0.000000E+00  3.969811E+01  0.000000E+00  0.000000E+00  0.000000E+00
  3.809543E+01  1.684964E+01
     63000  3.150000E+01        52
  6.032075E+04  3.016306E+02 -1.246486E+05  2.479223E+04 -1.506447E+05
  0.000000E+00  0.000000E+00  0.000000E+00  0.000000E+00 -1.244465E+05
  0.000000E+00  4.280209E+02 -1.525890E+05  1.506092E+05  0.000000E+00
  0.000000E+00  0.000000E+00  0.000000E+00  6.006884E+04  2.377810E+00
  1.203922E+03  2.407845E+03  9.000000E+01  9.000000E+01  9.000000E+01
  0.000000E+00 -2.093682E-01  1.847672E+05 -2.720540E+00  5.107891E-01
  9.546196E-01  5.107891E-01  1.120159E+00  6.762514E-02  9.546196E-01
  6.762514E-02  9.722766E-01  3.779768E+00  3.908749E+00  3.505244E+00
  4.194804E+00  3.995587E+00  3.970533E+01  0.000000E+00  0.000000E+00
  0.000000E+00  3.970533E+01  0.000000E+00  0.000000E+00  0.000000E+00
  3.810235E+01 -7.953640E+00
     64000  3.200000E+01        52
  6.032075E+04  2.956383E+02 -1.246504E+05  2.486215E+04 -1.506958E+05
  0.000000E+00  0.000000E+00  0.000000E+00  0.000000E+00 -1.244523E+05
  0.000000E+00  1.311842E+02 -1.528956E+05  1.506602E+05  0.000000E+00
  0.000000E+00  0.000000E+00  0.000000E+00  6.004167E+04  2.276117E+00
  1.183325E+03  2.366650E+03  9.000000E+01  9.000000E+01  9.000000E+01
  0.000000E+00  2.325832E+00  1.847730E+05 -4.767190E-01 -1.232672E+00
 -2.006340E+00 -1.232672E+00  5.124157E+00 -7.936004E-02 -2.006340E+00
 -7.936004E-02  2.330058E+00  3.758706E+00  3.848828E+00  3.491293E+00
  4.170552E+00  3.976321E+00  3.969934E+01  0.000000E+00  0.000000E+00
  0.000000E+00  3.969934E+01  0.000000E+00  0.000000E+00  0.000000E+00
  3.809660E+01  8.831554E+01
     65000  3.250000E+01        52
  6.032078E+04  2.966120E+02 -1.246551E+05  2.476724E+04 -1.506122E+05
  0.000000E+00  0.000000E+00  0.000000E+00  0.000000E+00 -1.244563E+05
  0.000000E+00  5.532140E+02 -1.524032E+05  1.505766E+05  0.000000E+00
  0.000000E+00  0.000000E+00  0.000000E+00  6.014517E+04  2.265792E+00
  1.189925E+03  2.379849E+03  9.000000E+01  9.000000E+01  9.000000E+01
  0.000000E+00 -1.365147E+00  1.847771E+05 -3.862140E+00  2.644380E-01
 -1.501032E-01  2.644380E-01  3.057391E-01 -4.812723E-02 -1.501032E-01
 -4.812723E-02 -5.390414E-01  3.752552E+00  3.859348E+00  3.472067E+00
  4.163150E+00  3.967473E+00  3.972213E+01  0.000000E+00  0.000000E+00
  0.000000E+00  3.972213E+01  0.000000E+00  0.000000E+00  0.000000E+00
  3.811848E+01 -5.192617E+01
     66000  3.300000E+01        52
  6.032073E+04  2.979472E+02 -1.246531E+05  2.481298E+04 -1.506547E+05
  0.000000E+00  0.000000E+00  0.000000E+00  0.000000E+00 -1.244535E+05
  0.000000E+00  3.912423E+02 -1.526046E+05  1.506187E+05  0.000000E+00
  0.000000E+00  0.000000E+00  0.000000E+00  6.008332E+04  2.280534E+00
  1.188558E+03  2.377117E+03  9.000000E+01  9.000000E+01  9.000000E+01
  0.000000E+00  7.002471E-02  1.847742E+05 -9.161272E-01 -7.509224E-01
 -1.294669E+00 -7.509224E-01 -3.406748E-03 -1.426377E-01 -1.294669E+00
 -1.426377E-01  1.129608E+00  3.762112E+00  3.848999E+00  3.478434E+00
  4.168350E+00  3.972941E+00  3.970852E+01  0.000000E+00  0.000000E+00
  0.000000E+00  3.970852E+01  0.000000E+00  0.000000E+00  0.000000E+00
  3.810541E+01  2.660794E+00
     67000  3.350000E+01        52
  6.032067E+04  3.038436E+02 -1.246570E+05  2.479784E+04 -1.506419E+05
  0.000000E+00  0.000000E+00  0.000000E+00  0.000000E+00 -1.244534E+05
  0.000000E+00  3.812034E+02 -1.525991E+05  1.506062E+05  0.000000E+00
  0.000000E+00  0.000000E+00  0.000000E+00  6.005395E+04  2.350328E+00
  1.187065E+03  2.374131E+03  9.000000E+01  9.000000E+01  9.000000E+01
  0.000000E+00  2.275080E-01  1.847741E+05 -2.608129E+00  1.522779E+00
  2.724284E-01  1.522779E+00  2.303735E-01 -1.168483E+00  2.724284E-01
 -1.168483E+00  3.060279E+00  3.795353E+00  3.873222E+00  3.514327E+00
  4.211993E+00  4.014056E+00  3.970204E+01  0.000000E+00  0.000000E+00
  0.000000E+00  3.970204E+01  0.000000E+00  0.000000E+00  0.000000E+00
  3.809920E+01  8.640607E+00
     68000  3.400000E+01        52
  6.032072E+04  3.026550E+02 -1.246604E+05  2.478517E+04 -1.506410E+05
  0.000000E+00  0.000000E+00  0.000000E+00  0.000000E+00 -1.244576E+05
  0.000000E+00  3.870520E+02 -1.526094E+05  1.506055E+05  0.000000E+00
  0.000000E+00  0.000000E+00  0.000000E+00  5.995065E+04  2.266689E+00
  1.195481E+03  2.390961E+03  9.000000E+01  9.000000E+01  9.000000E+01
  0.000000E+00  1.624791E-01  1.847783E+05 -3.049875E+00 -9.230472E-01
 -3.490257E-01 -9.230472E-01  9.884898E-01 -7.860936E-01 -3.490257E-01
 -7.860936E-01  2.548822E+00  3.799620E+00  3.879968E+00  3.508097E+00
  4.202345E+00  4.007399E+00  3.967927E+01  0.000000E+00  0.000000E+00
  0.000000E+00  3.967927E+01  0.000000E+00  0.000000E+00  0.000000E+00
  3.807734E+01  6.160235E+00
     69000  3.450000E+01        52
  6.032073E+04  3.007974E+02 -1.246583E+05  2.472113E+04 -1.505893E+05
  0.000000E+00  0.000000E+00  0.000000E+00  0.000000E+00 -1.244568E+05
  0.000000E+00  7.176691E+02 -1.522556E+05  1.505536E+05  0.000000E+00
  0.000000E+00  0.000000E+00  0.000000E+00  6.009110E+04  2.296142E+00
  1.209841E+03  2.419683E+03  9.000000E+01  9.000000E+01  9.000000E+01
  0.000000E+00 -2.759665E+00  1.847775E+05 -5.959452E+00  7.551325E-02
 -8.648852E-01  7.551325E-02 -1.952773E+00 -9.768036E-01 -8.648852E-01
 -9.768036E-01 -3.667705E-01  3.780750E+00  3.875276E+00  3.463872E+00
  4.185408E+00  3.987021E+00  3.971023E+01  0.000000E+00  0.000000E+00
  0.000000E+00  3.971023E+01  0.000000E+00  0.000000E+00  0.000000E+00
  3.810705E+01 -1.048751E+02
     70000  3.500000E+01        52
  6.032074E+04  2.988740E+02 -1.246543E+05  2.477739E+04 -1.506379E+05
  0.000000E+00  0.000000E+00  0.000000E+00  0.000000E+00 -1.244540E+05
  0.000000E+00  5.170332E+02 -1.524979E+05  1.506025E+05  0.000000E+00
  0.000000E+00  0.000000E+00  0.000000E+00  6.008680E+04  2.316080E+00
  1.206231E+03  2.412462E+03  9.000000E+01  9.000000E+01  9.000000E+01
  0.000000E+00 -1.022512E+00  1.847748E+05 -3.903213E+00 -3.278907E-01
 -1.228814E+00 -3.278907E-01  3.128238E-01  3.698317E-01 -1.228814E+00
  3.698317E-01  5.228526E-01  3.800763E+00  3.870067E+00  3.506923E+00
  4.207798E+00  4.013339E+00  3.970928E+01  0.000000E+00  0.000000E+00
  0.000000E+00  3.970928E+01  0.000000E+00  0.000000E+00  0.000000E+00
  3.810615E+01 -3.885559E+01
     71000  3.550000E+01        52
  6.032074E+04  3.041920E+02 -1.246617E+05  2.481834E+04 -1.506715E+05
  0.000000E+00  0.000000E+00  0.000000E+00  0.000000E+00 -1.244579E+05
  0.000000E+00  2.706085E+02 -1.527483E+05  1.506360E+05  0.000000E+00
  0.000000E+00  0.000000E+00  0.000000E+00  5.998471E+04  2.364214E+00
  1.191414E+03  2.382828E+03  9.000000E+01  9.000000E+01  9.000000E+01
  0.000000E+00  1.203652E+00  1.847787E+05 -2.246906E+00  1.011994E+00
  3.838013E-02  1.011994E+00  8.764940E-01 -1.482056E+00  3.838013E-02
 -1.482056E+00  4.981369E+00  3.778407E+00  3.875213E+00  3.506383E+00
  4.182888E+00  3.987985E+00  3.968678E+01  0.000000E+00  0.000000E+00
  0.000000E+00  3.968678E+01  0.000000E+00  0.000000E+00  0.000000E+00
  3.808455E+01  4.566122E+01
     72000  3.600000E+01        52
  6.032074E+04  2.958628E+02 -1.246585E+05  2.480735E+04 -1.506549E+05
  0.000000E+00  0.000000E+00  0.000000E+00  0.000000E+00 -1.244602E+05
  0.000000E+00  3.364002E+02 -1.526613E+05  1.506195E+05  0.000000E+00
  0.000000E+00  0.000000E+00  0.000000E+00  5.997979E+04  2.189094E+00
  1.189102E+03  2.378204E+03  9.000000E+01  9.000000E+01  9.000000E+01
  0.000000E+00  5.275293E-01  1.847810E+05 -1.355971E+00 -3.764805E-01
 -5.267880E-02 -3.764805E-01  1.738427E+00 -1.055028E+00 -5.267880E-02
 -1.055028E+00  1.200132E+00  3.834045E+00  3.893517E+00  3.551287E+00
  4.242023E+00  4.047037E+00  3.968569E+01  0.000000E+00  0.000000E+00
  0.000000E+00  3.968569E+01  0.000000E+00  0.000000E+00  0.000000E+00
  3.808351E+01  2.001048E+01
     73000  3.650000E+01        52
  6.032071E+04  3.029478E+02 -1.246624E+05  2.475569E+04 -1.506099E+05
  0.000000E+00  0.000000E+00  0.000000E+00  0.000000E+00 -1.244594E+05
  0.000000E+00  5.520748E+02 -1.524057E+05  1.505743E+05  0.000000E+00
  0.000000E+00  0.000000E+00  0.000000E+00  6.001235E+04  2.323944E+00
  1.191735E+03  2.383470E+03  9.000000E+01  9.000000E+01  9.000000E+01
  0.000000E+00 -1.283601E+00  1.847802E+05 -2.926520E+00  5.375723E-01
 -3.087982E-01  5.375723E-01 -7.545187E-01 -9.989621E-01 -3.087982E-01
 -9.989621E-01 -1.697654E-01  3.805048E+00  3.857308E+00  3.504403E+00
  4.214219E+00  4.015774E+00  3.969287E+01  0.000000E+00  0.000000E+00
  0.000000E+00  3.969287E+01  0.000000E+00  0.000000E+00  0.000000E+00
  3.809040E+01 -4.871658E+01
     74000  3.700000E+01        52
  6.032071E+04  3.033975E+02 -1.246622E+05  2.481576E+04 -1.506598E+05
  0.000000E+00  0.000000E+00  0.000000E+00  0.000000E+00 -1.244589E+05
  0.000000E+00  2.903750E+02 -1.526977E+05  1.506244E+05  0.000000E+00
  0.000000E+00  0.000000E+00  0.000000E+00  5.998908E+04  2.313775E+00
  1.181843E+03  2.363687E+03  9.000000E+01  9.000000E+01  9.000000E+01
  0.000000E+00  1.020538E+00  1.847797E+05 -2.475951E-01  1.214056E-01
 -2.312781E+00  1.214056E-01  4.054338E-01 -1.939771E+00 -2.312781E+00
 -1.939771E+00  2.903775E+00  3.796567E+00  3.870484E+00  3.505605E+00
  4.196508E+00  4.003296E+00  3.968774E+01  0.000000E+00  0.000000E+00
  0.000000E+00  3.968774E+01  0.000000E+00  0.000000E+00  0.000000E+00
  3.808548E+01  3.871750E+01
     75000  3.750000E+01        52
  6.032070E+04  3.006682E+02 -1.246621E+05  2.479853E+04 -1.506512E+05
  0.000000E+00  0.000000E+00  0.000000E+00  0.000000E+00 -1.244606E+05
  0.000000E+00  3.522559E+02 -1.526445E+05  1.506156E+05  0.000000E+00
  0.000000E+00  0.000000E+00  0.000000E+00  5.997361E+04  2.349417E+00
  1.190598E+03  2.381197E+03  9.000000E+01  9.000000E+01  9.000000E+01
  0.000000E+00  4.448244E-01  1.847813E+05 -2.558768E+00  3.795128E-01
 -3.405527E-01  3.795128E-01 -9.871900E-02 -1.847801E-01 -3.405527E-01
 -1.847801E-01  3.991960E+00  3.805016E+00  3.847588E+00  3.503480E+00
  4.197907E+00  4.003140E+00  3.968433E+01  0.000000E+00  0.000000E+00
  0.000000E+00  3.968433E+01  0.000000E+00  0.000000E+00  0.000000E+00
  3.808220E+01  1.687154E+01
     76000  3.800000E+01        52
  6.032072E+04  2.999194E+02 -1.246610E+05  2.477487E+04 -1.506380E+05
  0.000000E+00  0.000000E+00  0.000000E+00  0.000000E+00 -1.244600E+05
  0.000000E+00  4.301001E+02 -1.525765E+05  1.506025E+05  0.000000E+00
  0.000000E+00  0.000000E+00  0.000000E+00  6.002846E+04  2.347585E+00
  1.202064E+03  2.404127E+03  9.000000E+01  9.000000E+01  9.000000E+01
  0.000000E+00 -2.478971E-01  1.847808E+05 -2.751116E+00  7.835878E-01
 -1.148310E+00  7.835878E-01  1.115685E-01 -1.253438E+00 -1.148310E+00
 -1.253438E+00  1.895856E+00  3.805177E+00  3.896237E+00  3.526553E+00
  4.216296E+00  4.017298E+00  3.969642E+01  0.000000E+00  0.000000E+00
  0.000000E+00  3.969642E+01  0.000000E+00  0.000000E+00  0.000000E+00
  3.809381E+01 -9.410974E+00
     77000  3.850000E+01        52
  6.032077E+04  2.991739E+02 -1.246597E+05  2.479829E+04 -1.506520E+05
  0.000000E+00  0.000000E+00  0.000000E+00  0.000000E+00 -1.244592E+05
  0.000000E+00  3.090651E+02 -1.526957E+05  1.506169E+05  0.000000E+00
  0.000000E+00  0.000000E+00  0.000000E+00  5.990636E+04  2.338308E+00
  1.193951E+03  2.387902E+03  9.000000E+01  9.000000E+01  9.000000E+01
  0.000000E+00  8.077141E-01  1.847801E+05 -1.406824E+00  2.297774E-01
 -9.662606E-02  2.297774E-01  6.429589E-01 -8.733991E-01 -9.662606E-02
 -8.733991E-01  3.187007E+00  3.819863E+00  3.896834E+00  3.532047E+00
  4.228239E+00  4.031251E+00  3.966949E+01  0.000000E+00  0.000000E+00
  0.000000E+00  3.966949E+01  0.000000E+00  0.000000E+00  0.000000E+00
  3.806796E+01  3.060107E+01
     78000  3.900000E+01        52
  6.032069E+04  3.026488E+02 -1.246622E+05  2.478862E+04 -1.506400E+05
  0.000000E+00  0.000000E+00  0.000000E+00  0.000000E+00 -1.244594E+05
  0.000000E+00  4.002406E+02 -1.525819E+05  1.506039E+05  0.000000E+00
  0.000000E+00  0.000000E+00  0.000000E+00  6.000573E+04  2.298534E+00
  1.189140E+03  2.378280E+03  9.000000E+01  9.000000E+01  9.000000E+01
  0.000000E+00  4.641146E-02  1.847802E+05 -2.287632E+00  1.271497E-01
 -9.419125E-01  1.271497E-01 -3.008381E-01 -1.090289E+00 -9.419125E-01
 -1.090289E+00  2.727704E+00  3.765642E+00  3.850955E+00  3.474161E+00
  4.164700E+00  3.972143E+00  3.969142E+01  0.000000E+00  0.000000E+00
  0.000000E+00  3.969142E+01  0.000000E+00  0.000000E+00  0.000000E+00
  3.808900E+01  1.761262E+00
     79000  3.950000E+01        52
  6.032072E+04  2.968241E+02 -1.246592E+05  2.476764E+04 -1.506123E+05
  0.000000E+00  0.000000E+00  0.000000E+00  0.000000E+00 -1.244603E+05
  0.000000E+00  4.540248E+02 -1.524938E+05  1.505769E+05  0.000000E+00
  0.000000E+00  0.000000E+00  0.000000E+00  5.996547E+04  2.250674E+00
  1.185494E+03  2.370987E+03  9.000000E+01  9.000000E+01  9.000000E+01
  0.000000E+00 -4.949006E-01  1.847810E+05 -1.793871E+00  2.203214E+00
 -1.049458E+00  2.203214E+00 -5.485091E-01 -1.772819E+00 -1.049458E+00
 -1.772819E+00  8.576782E-01  3.830810E+00  3.869186E+00  3.512095E+00
  4.228376E+00  4.031603E+00  3.968254E+01  0.000000E+00  0.000000E+00
  0.000000E+00  3.968254E+01  0.000000E+00  0.000000E+00  0.000000E+00
  3.808048E+01 -1.876832E+01
     80000  4.000000E+01        52
  6.032073E+04  3.000284E+02 -1.246592E+05  2.477368E+04 -1.506217E+05
  0.000000E+00  0.000000E+00  0.000000E+00  0.000000E+00 -1.244582E+05
  0.000000E+00  3.846162E+02 -1.525793E+05  1.505863E+05  0.000000E+00
  0.000000E+00  0.000000E+00  0.000000E+00  5.993645E+04  2.290876E+00
  1.188816E+03  2.377632E+03  9.000000E+01  9.000000E+01  9.000000E+01
  0.000000E+00  1.529880E-01  1.847790E+05 -1.670963E+00 -2.143050E-01
 -6.665602E-01 -2.143050E-01  1.919437E-01 -6.950988E-02 -6.665602E-01
 -6.950988E-02  1.937983E+00  3.810309E+00  3.873838E+00  3.525550E+00
  4.225838E+00  4.029007E+00  3.967613E+01  0.000000E+00  0.000000E+00
  0.000000E+00  3.967613E+01  0.000000E+00  0.000000E+00  0.000000E+00
  3.807434E+01  5.799016E+00
     81000  4.050000E+01        52
  6.032074E+04  2.973102E+02 -1.246602E+05  2.476361E+04 -1.506026E+05
  0.000000E+00  0.000000E+00  0.000000E+00  0.000000E+00 -1.244610E+05
  0.000000E+00  4.635170E+02 -1.524606E+05  1.505667E+05  0.000000E+00
  0.000000E+00  0.000000E+00  0.000000E+00  6.001988E+04  2.293019E+00
  1.178748E+03  2.357496E+03  9.000000E+01  9.000000E+01  9.000000E+01
  0.000000E+00 -5.720902E-01  1.847818E+05 -2.989065E+00  2.832516E-01
  6.016407E-01  2.832516E-01 -7.471397E-01 -7.602155E-01  6.016407E-01
 -7.602155E-01  2.019934E+00  3.797461E+00  3.870559E+00  3.501431E+00
  4.212285E+00  4.015450E+00  3.969453E+01  0.000000E+00  0.000000E+00
  0.000000E+00  3.969453E+01  0.000000E+00  0.000000E+00  0.000000E+00
  3.809199E+01 -2.171529E+01
     82000  4.100000E+01        52
  6.032070E+04  2.975563E+02 -1.246625E+05  2.475876E+04 -1.506019E+05
  0.000000E+00  0.000000E+00  0.000000E+00  0.000000E+00 -1.244631E+05
  0.000000E+00  4.619443E+02 -1.524656E+05  1.505662E+05  0.000000E+00
  0.000000E+00  0.000000E+00  0.000000E+00  6.000280E+04  2.309323E+00
  1.180657E+03  2.361314E+03  9.000000E+01  9.000000E+01  9.000000E+01
  0.000000E+00 -5.555429E-01  1.847838E+05 -2.604252E+00  1.057389E+00
  5.244726E-02  1.057389E+00 -1.700020E-01 -3.882006E-01  5.244726E-02
 -3.882006E-01  1.107625E+00  3.805033E+00  3.846448E+00  3.530452E+00
  4.212774E+00  4.017897E+00  3.969077E+01  0.000000E+00  0.000000E+00
  0.000000E+00  3.969077E+01  0.000000E+00  0.000000E+00  0.000000E+00
  3.808838E+01 -2.108119E+01
     83000  4.150000E+01        52
  6.032076E+04  3.017974E+02 -1.246619E+05  2.483311E+04 -1.506905E+05
  0.000000E+00  0.000000E+00  0.000000E+00  0.000000E+00 -1.244596E+05
  0.000000E+00  1.731044E+02 -1.528729E+05  1.506549E+05  0.000000E+00
  0.000000E+00  0.000000E+00  0.000000E+00  5.990899E+04  2.390528E+00
  1.195548E+03  2.391097E+03  9.000000E+01  9.000000E+01  9.000000E+01
  0.000000E+00  2.034779E+00  1.847804E+05  5.704995E-01  6.945206E-01
 -1.888251E-01  6.945206E-01  1.625644E+00  4.124279E-01 -1.888251E-01
  4.124279E-01  3.908194E+00  3.780751E+00  3.866219E+00  3.500801E+00
  4.197188E+00  3.997197E+00  3.967007E+01  0.000000E+00  0.000000E+00
  0.000000E+00  3.967007E+01  0.000000E+00  0.000000E+00  0.000000E+00
  3.806852E+01  7.709307E+01
     84000  4.200000E+01        52
  6.032068E+04  3.008547E+02 -1.246596E+05  2.476819E+04 -1.506119E+05
  0.000000E+00  0.000000E+00  0.000000E+00  0.000000E+00 -1.244580E+05
  0.000000E+00  5.026813E+02 -1.524418E+05  1.505762E+05  0.000000E+00
  0.000000E+00  0.000000E+00  0.000000E+00  5.999024E+04  2.317983E+00
  1.184142E+03  2.368285E+03  9.000000E+01  9.000000E+01  9.000000E+01
  0.000000E+00 -8.747442E-01  1.847787E+05 -2.649159E+00  1.456102E+00
  1.362228E+00  1.456102E+00 -6.678388E-01  7.159437E-02  1.362228E+00
  7.159437E-02  6.927651E-01  3.828976E+00  3.927476E+00  3.568248E+00
  4.249637E+00  4.050018E+00  3.968800E+01  0.000000E+00  0.000000E+00
  0.000000E+00  3.968800E+01  0.000000E+00  0.000000E+00  0.000000E+00
  3.808572E+01 -3.318698E+01
     85000  4.250000E+01        52
  6.032068E+04  2.981676E+02 -1.246616E+05  2.478367E+04 -1.506267E+05
  0.000000E+00  0.000000E+00  0.000000E+00  0.000000E+00 -1.244618E+05
  0.000000E+00  3.549679E+02 -1.525990E+05  1.505910E+05  0.000000E+00
  0.000000E+00  0.000000E+00  0.000000E+00  6.000439E+04  2.264616E+00
  1.181480E+03  2.362959E+03  9.000000E+01  9.000000E+01  9.000000E+01
  0.000000E+00  3.913423E-01  1.847825E+05 -9.271478E-01  5.538018E-01
  1.960008E-01  5.538018E-01  4.057363E-01 -6.852114E-02  1.960008E-01
 -6.852114E-02  1.695439E+00  3.798245E+00  3.869264E+00  3.541339E+00
  4.226798E+00  4.024769E+00  3.969112E+01  0.000000E+00  0.000000E+00
  0.000000E+00  3.969112E+01  0.000000E+00  0.000000E+00  0.000000E+00
  3.808872E+01  1.485066E+01
     86000  4.300000E+01        52
  6.032069E+04  3.003620E+02 -1.246647E+05  2.475655E+04 -1.506174E+05
  0.000000E+00  0.000000E+00  0.000000E+00  0.000000E+00 -1.244634E+05
  0.000000E+00  4.524366E+02 -1.525217E+05  1.505819E+05  0.000000E+00
  0.000000E+00  0.000000E+00  0.000000E+00  5.992445E+04  2.293416E+00
  1.196148E+03  2.392296E+03  9.000000E+01  9.000000E+01  9.000000E+01
  0.000000E+00 -4.395745E-01  1.847842E+05 -1.806657E+00  4.613594E-01
 -2.866846E-01  4.613594E-01 -1.923189E+00  9.432192E-01 -2.866846E-01
  9.432192E-01  2.411123E+00  3.804659E+00  3.859992E+00  3.509759E+00
  4.217492E+00  4.018479E+00  3.967348E+01  0.000000E+00  0.000000E+00
  0.000000E+00  3.967348E+01  0.000000E+00  0.000000E+00  0.000000E+00
  3.807179E+01 -1.665875E+01
     87000  4.350000E+01        52
  6.032070E+04  2.983655E+02 -1.246625E+05  2.482593E+04 -1.506770E+05
  0.000000E+00  0.000000E+00  0.000000E+00  0.000000E+00 -1.244626E+05
  0.000000E+00  2.197397E+02 -1.527990E+05  1.506418E+05  0.000000E+00
  0.000000E+00  0.000000E+00  0.000000E+00  5.988228E+04  2.283823E+00
  1.188501E+03  2.377002E+03  9.000000E+01  9.000000E+01  9.000000E+01
  0.000000E+00  1.584734E+00  1.847833E+05 -4.364475E-01  6.876560E-01
 -3.116112E-03  6.876560E-01  2.050612E+00 -1.304220E+00 -3.116112E-03
 -1.304220E+00  3.140038E+00  3.864528E+00  3.931916E+00  3.586486E+00
  4.278748E+00  4.080020E+00  3.966418E+01  0.000000E+00  0.000000E+00
  0.000000E+00  3.966418E+01  0.000000E+00  0.000000E+00  0.000000E+00
  3.806286E+01  6.001513E+01
     88000  4.400000E+01        52
  6.032068E+04  3.003443E+02 -1.246658E+05  2.475477E+04 -1.505992E+05
  0.000000E+00  0.000000E+00  0.000000E+00  0.000000E+00 -1.244646E+05
  0.000000E+00  4.534902E+02 -1.524677E+05  1.505640E+05  0.000000E+00
  0.000000E+00  0.000000E+00  0.000000E+00  5.990051E+04  2.266738E+00
  1.178607E+03  2.357214E+03  9.000000E+01  9.000000E+01  9.000000E+01
  0.000000E+00 -4.492309E-01  1.847853E+05 -3.327741E+00 -8.454060E-01
 -8.185678E-01 -8.454060E-01 -1.935408E-01  1.193708E+00 -8.185678E-01
  1.193708E+00  2.173590E+00  3.795881E+00  3.882765E+00  3.521519E+00
  4.213757E+00  4.014991E+00  3.966820E+01  0.000000E+00  0.000000E+00
  0.000000E+00  3.966820E+01  0.000000E+00  0.000000E+00  0.000000E+00
  3.806672E+01 -1.701791E+01
     89000  4.450000E+01        52
  6.032074E+04  2.986459E+02 -1.246641E+05  2.478502E+04 -1.506495E+05
  0.000000E+00  0.000000E+00  0.000000E+00  0.000000E+00 -1.244640E+05
  0.000000E+00  4.283233E+02 -1.525863E+05  1.506141E+05  0.000000E+00
  0.000000E+00  0.000000E+00  0.000000E+00  5.985802E+04  2.301436E+00
  1.200295E+03  2.400591E+03  9.000000E+01  9.000000E+01  9.000000E+01
  0.000000E+00 -2.479825E-01  1.847848E+05 -3.495492E+00  1.068607E+00
 -1.676176E+00  1.068607E+00 -5.565291E-01 -7.231033E-01 -1.676176E+00
 -7.231033E-01  3.308073E+00  3.807698E+00  3.885810E+00  3.524210E+00
  4.221546E+00  4.025454E+00  3.965882E+01  0.000000E+00  0.000000E+00
  0.000000E+00  3.965882E+01  0.000000E+00  0.000000E+00  0.000000E+00
  3.805772E+01 -9.387489E+00
     90000  4.500000E+01        52
  6.032074E+04  2.960645E+02 -1.246627E+05  2.477962E+04 -1.506322E+05
  0.000000E+00  0.000000E+00  0.000000E+00  0.000000E+00 -1.244643E+05
  0.000000E+00  3.952402E+02 -1.525818E+05  1.505972E+05  0.000000E+00
  0.000000E+00  0.000000E+00  0.000000E+00  5.987151E+04  2.212613E+00
  1.189933E+03  2.379866E+03  9.000000E+01  9.000000E+01  9.000000E+01
  0.000000E+00  1.286886E-02  1.847851E+05 -2.975348E+00  1.006672E+00
 -1.981973E+00  1.006672E+00  6.979015E-01  8.923489E-01 -1.981973E+00
  8.923489E-01  2.316053E+00  3.842469E+00  3.931307E+00  3.567786E+00
  4.268691E+00  4.068166E+00  3.966180E+01  0.000000E+00  0.000000E+00
  0.000000E+00  3.966180E+01  0.000000E+00  0.000000E+00  0.000000E+00
  3.806058E+01  4.872660E-01
     91000  4.550000E+01        52
  6.032072E+04  2.972575E+02 -1.246664E+05  2.476267E+04 -1.506242E+05
  0.000000E+00  0.000000E+00  0.000000E+00  0.000000E+00 -1.244672E+05
  0.000000E+00  5.282109E+02 -1.524506E+05  1.505886E+05  0.000000E+00
  0.000000E+00  0.000000E+00  0.000000E+00  6.001620E+04  2.213719E+00
  1.195098E+03  2.390196E+03  9.000000E+01  9.000000E+01  9.000000E+01
  0.000000E+00 -1.140902E+00  1.847880E+05 -2.281040E+00  1.241168E+00
  3.196886E-01  1.241168E+00 -2.042455E+00  1.916481E+00  3.196886E-01
  1.916481E+00  9.007903E-01  3.845210E+00  3.917658E+00  3.537280E+00
  4.246853E+00  4.049103E+00  3.969372E+01  0.000000E+00  0.000000E+00
  0.000000E+00  3.969372E+01  0.000000E+00  0.000000E+00  0.000000E+00
  3.809122E+01 -4.330347E+01
     92000  4.600000E+01        52
  6.032073E+04  2.998410E+02 -1.246689E+05  2.479714E+04 -1.506683E+05
  0.000000E+00  0.000000E+00  0.000000E+00  0.000000E+00 -1.244680E+05
  0.000000E+00  2.813732E+02 -1.527564E+05  1.506333E+05  0.000000E+00
  0.000000E+00  0.000000E+00  0.000000E+00  5.979087E+04  2.239939E+00
  1.202265E+03  2.404530E+03  9.000000E+01  9.000000E+01  9.000000E+01
  0.000000E+00  1.061267E+00  1.847888E+05 -5.212373E-01  6.480127E-01
  2.135815E-01  6.480127E-01  2.409474E+00  8.645543E-01  2.135815E-01
  8.645543E-01  1.295564E+00  3.826403E+00  3.901793E+00  3.524945E+00
  4.232138E+00  4.032563E+00  3.964398E+01  0.000000E+00  0.000000E+00
  0.000000E+00  3.964398E+01  0.000000E+00  0.000000E+00  0.000000E+00
  3.804349E+01  4.012967E+01
     93000  4.650000E+01        52
  6.032073E+04  3.009075E+02 -1.246665E+05  2.479726E+04 -1.506503E+05
  0.000000E+00  0.000000E+00  0.000000E+00  0.000000E+00 -1.244649E+05
  0.000000E+00  4.170537E+02 -1.525708E+05  1.506148E+05  0.000000E+00
  0.000000E+00  0.000000E+00  0.000000E+00  5.999331E+04  2.253037E+00
  1.186564E+03  2.373128E+03  9.000000E+01  9.000000E+01  9.000000E+01
  0.000000E+00 -1.217895E-01  1.847856E+05 -2.666176E+00  9.006399E-01
 -1.530637E+00  9.006399E-01 -2.234917E-01  1.621801E-02 -1.530637E+00
  1.621801E-02  2.524299E+00  3.879963E+00  3.936644E+00  3.563696E+00
  4.276914E+00  4.076829E+00  3.968868E+01  0.000000E+00  0.000000E+00
  0.000000E+00  3.968868E+01  0.000000E+00  0.000000E+00  0.000000E+00
  3.808637E+01 -4.620817E+00
     94000  4.700000E+01        52
  6.032077E+04  3.035293E+02 -1.246702E+05  2.477606E+04 -1.506405E+05
  0.000000E+00  0.000000E+00  0.000000E+00  0.000000E+00 -1.244668E+05
  0.000000E+00  4.513817E+02 -1.525424E+05  1.506052E+05  0.000000E+00
  0.000000E+00  0.000000E+00  0.000000E+00  5.984134E+04  2.301458E+00
  1.194293E+03  2.388586E+03  9.000000E+01  9.000000E+01  9.000000E+01
  0.000000E+00 -3.935146E-01  1.847876E+05 -3.347814E+00  7.453970E-01
 -4.124570E-01  7.453970E-01  1.075222E+00  6.157341E-01 -4.124570E-01
  6.157341E-01  1.092049E+00  3.870204E+00  3.966377E+00  3.591254E+00
  4.288500E+00  4.091336E+00  3.965514E+01  0.000000E+00  0.000000E+00
  0.000000E+00  3.965514E+01  0.000000E+00  0.000000E+00  0.000000E+00
  3.805419E+01 -1.489252E+01
     95000  4.750000E+01        52
  6.032069E+04  2.981937E+02 -1.246703E+05  2.481471E+04 -1.506671E+05
  0.000000E+00  0.000000E+00  0.000000E+00  0.000000E+00 -1.244705E+05
  0.000000E+00  3.028875E+02 -1.526931E+05  1.506318E+05  0.000000E+00
  0.000000E+00  0.000000E+00  0.000000E+00  5.979948E+04  2.317875E+00
  1.182080E+03  2.364161E+03  9.000000E+01  9.000000E+01  9.000000E+01
  0.000000E+00  8.520312E-01  1.847912E+05 -9.107133E-01  1.293285E+00
 -4.230949E-01  1.293285E+00  1.016899E+00  4.840259E-01 -4.230949E-01
  4.840259E-01  2.449908E+00  3.896783E+00  3.971934E+00  3.597880E+00
  4.298002E+00  4.102754E+00  3.964589E+01  0.000000E+00  0.000000E+00
  0.000000E+00  3.964589E+01  0.000000E+00  0.000000E+00  0.000000E+00
  3.804531E+01  3.222248E+01
     96000  4.800000E+01        52
  6.032074E+04  2.980739E+02 -1.246702E+05  2.476962E+04 -1.506338E+05
  0.000000E+00  0.000000E+00  0.000000E+00  0.000000E+00 -1.244705E+05
  0.000000E+00  4.891213E+02 -1.524971E+05  1.505982E+05  0.000000E+00
  0.000000E+00  0.000000E+00  0.000000E+00  5.989687E+04  2.314778E+00
  1.194020E+03  2.388040E+03  9.000000E+01  9.000000E+01  9.000000E+01
  0.000000E+00 -7.895712E-01  1.847912E+05 -2.820286E+00 -6.753018E-01
 -1.300493E+00 -6.753018E-01 -6.207597E-01  3.989104E-01 -1.300493E+00
  3.989104E-01  1.072332E+00  3.857491E+00  3.957916E+00  3.589728E+00
  4.262947E+00  4.069936E+00  3.966740E+01  0.000000E+00  0.000000E+00
  0.000000E+00  3.966740E+01  0.000000E+00  0.000000E+00  0.000000E+00
  3.806595E+01 -2.990897E+01
     97000  4.850000E+01        52
  6.032071E+04  3.024129E+02 -1.246683E+05  2.478550E+04 -1.506428E+05
  0.000000E+00  0.000000E+00  0.000000E+00  0.000000E+00 -1.244657E+05
  0.000000E+00  4.366251E+02 -1.525483E+05  1.506070E+05  0.000000E+00
  0.000000E+00  0.000000E+00  0.000000E+00  5.986654E+04  2.318331E+00
  1.188987E+03  2.377973E+03  9.000000E+01  9.000000E+01  9.000000E+01
  0.000000E+00 -2.765993E-01  1.847864E+05 -1.102459E+00  1.372791E+00
 -1.542489E+00  1.372791E+00 -1.088117E+00  2.436513E+00 -1.542489E+00
  2.436513E+00  1.360779E+00  3.850943E+00  3.959790E+00  3.581508E+00
  4.261264E+00  4.065854E+00  3.966070E+01  0.000000E+00  0.000000E+00
  0.000000E+00  3.966070E+01  0.000000E+00  0.000000E+00  0.000000E+00
  3.805953E+01 -1.047228E+01
     98000  4.900000E+01        52
  6.032072E+04  2.957340E+02 -1.246619E+05  2.478815E+04 -1.506497E+05
  0.000000E+00  0.000000E+00  0.000000E+00  0.000000E+00 -1.244638E+05
  0.000000E+00  3.992308E+02 -1.526145E+05  1.506145E+05  0.000000E+00
  0.000000E+00  0.000000E+00  0.000000E+00  5.980087E+04  2.303288E+00
  1.199637E+03  2.399274E+03  9.000000E+01  9.000000E+01  9.000000E+01
  0.000000E+00 -2.619176E-02  1.847845E+05 -3.240995E+00  5.125725E-01
 -9.600295E-01  5.125725E-01  1.135536E+00  2.391079E-01 -9.600295E-01
  2.391079E-01  2.026884E+00  3.887493E+00  3.986818E+00  3.610592E+00
  4.297618E+00  4.100491E+00  3.964619E+01  0.000000E+00  0.000000E+00
  0.000000E+00  3.964619E+01  0.000000E+00  0.000000E+00  0.000000E+00
  3.804561E+01 -9.905541E-01
     99000  4.950000E+01        52
  6.032074E+04  2.955600E+02 -1.246696E+05  2.472575E+04 -1.505995E+05
  0.000000E+00  0.000000E+00  0.000000E+00  0.000000E+00 -1.244716E+05
  0.000000E+00  6.833803E+02 -1.522895E+05  1.505646E+05  0.000000E+00
  0.000000E+00  0.000000E+00  0.000000E+00  5.984598E+04  2.262318E+00
  1.204168E+03  2.408335E+03  9.000000E+01  9.000000E+01  9.000000E+01
  0.000000E+00 -2.530787E+00  1.847923E+05 -3.317442E+00  1.534350E+00
 -2.593309E-02  1.534350E+00 -2.276694E+00  1.353169E+00 -2.593309E-02
  1.353169E+00 -1.998226E+00  3.876090E+00  3.951658E+00  3.595916E+00
  4.289200E+00  4.090160E+00  3.965616E+01  0.000000E+00  0.000000E+00
  0.000000E+00  3.965616E+01  0.000000E+00  0.000000E+00  0.000000E+00
  3.805517E+01 -9.578480E+01
    100000  5.000000E+01        52
  6.032073E+04  2.963301E+02 -1.246731E+05  2.479018E+04 -1.506629E+05
  0.000000E+00  0.000000E+00  0.000000E+00  0.000000E+00 -1.244746E+05
  0.000000E+00  4.374584E+02 -1.525894E+05  1.506277E+05  0.000000E+00
  0.000000E+00  0.000000E+00  0.000000E+00  5.990163E+04  2.266444E+00
  1.199598E+03  2.399196E+03  9.000000E+01  9.000000E+01  9.000000E+01
  0.000000E+00 -3.554848E-01  1.847953E+05 -2.640575E+00  1.066847E+00
 -5.722596E-01  1.066847E+00  1.560547E+00  1.165385E+00 -5.722596E-01
  1.165385E+00  1.357329E-02  3.874145E+00  3.970601E+00  3.593826E+00
  4.283566E+00  4.085559E+00  3.966845E+01  0.000000E+00  0.000000E+00
  0.000000E+00  3.966845E+01  0.000000E+00  0.000000E+00  0.000000E+00
  3.806696E+01 -1.346684E+01
