#Li56 La24 Zr16 O96                                                     
        15       120
Li      Li      
  2.500000E-02  0.000000E+00  0.000000E+00
  7.500000E-02  0.000000E+00  0.000000E+00
  1.250000E-01  0.000000E+00  0.000000E+00
  1.750000E-01  0.000000E+00  0.000000E+00
  2.250000E-01  0.000000E+00  0.000000E+00
  2.750000E-01  0.000000E+00  0.000000E+00
  3.250000E-01  0.000000E+00  0.000000E+00
  3.750000E-01  0.000000E+00  0.000000E+00
  4.250000E-01  0.000000E+00  0.000000E+00
  4.750000E-01  0.000000E+00  0.000000E+00
  5.250000E-01  0.000000E+00  0.000000E+00
  5.750000E-01  0.000000E+00  0.000000E+00
  6.250000E-01  0.000000E+00  0.000000E+00
  6.750000E-01  0.000000E+00  0.000000E+00
  7.250000E-01  1.297938E-04  8.818299E-07
  7.750000E-01  0.000000E+00  8.818299E-07
  8.250000E-01  0.000000E+00  8.818299E-07
  8.750000E-01  0.000000E+00  8.818299E-07
  9.250000E-01  0.000000E+00  8.818299E-07
  9.750000E-01  7.177907E-05  1.763660E-06
  1.025000E+00  0.000000E+00  1.763660E-06
  1.075000E+00  1.771447E-04  4.409150E-06
  1.125000E+00  6.470040E-04  1.499111E-05
  1.175000E+00  8.699086E-03  1.701932E-04
  1.225000E+00  4.893077E-02  1.119042E-03
  1.275000E+00  1.884412E-01  5.077577E-03
  1.325000E+00  4.790776E-01  1.594613E-02
  1.375000E+00  9.845316E-01  3.999892E-02
  1.425000E+00  1.820282E+00  8.776236E-02
  1.475000E+00  2.897645E+00  1.692240E-01
  1.525000E+00  4.052652E+00  2.910109E-01
  1.575000E+00  4.811545E+00  4.452395E-01
  1.625000E+00  5.152950E+00  6.210640E-01
  1.675000E+00  4.876438E+00  7.978497E-01
  1.725000E+00  4.366635E+00  9.657449E-01
  1.775000E+00  3.609943E+00  1.112708E+00
  1.825000E+00  2.931574E+00  1.238872E+00
  1.875000E+00  2.253772E+00  1.341254E+00
  1.925000E+00  1.732274E+00  1.424198E+00
  1.975000E+00  1.310661E+00  1.490256E+00
  2.025000E+00  9.404094E-01  1.540084E+00
  2.075000E+00  7.486543E-01  1.581735E+00
  2.125000E+00  6.028765E-01  1.616911E+00
  2.175000E+00  5.056530E-01  1.647819E+00
  2.225000E+00  4.541923E-01  1.676873E+00
  2.275000E+00  4.340920E-01  1.705903E+00
  2.325000E+00  4.058635E-01  1.734251E+00
  2.375000E+00  3.984288E-01  1.763290E+00
  2.425000E+00  3.965943E-01  1.793424E+00
  2.475000E+00  4.013998E-01  1.825195E+00
  2.525000E+00  4.129571E-01  1.859214E+00
  2.575000E+00  4.536249E-01  1.898078E+00
  2.625000E+00  4.904091E-01  1.941741E+00
  2.675000E+00  4.998880E-01  1.987959E+00
  2.725000E+00  5.511770E-01  2.040843E+00
  2.775000E+00  5.781207E-01  2.098365E+00
  2.825000E+00  5.962608E-01  2.159850E+00
  2.875000E+00  6.270599E-01  2.226820E+00
  2.925000E+00  6.677312E-01  2.300635E+00
  2.975000E+00  7.076196E-01  2.381557E+00
  3.025000E+00  7.311475E-01  2.468004E+00
  3.075000E+00  7.604198E-01  2.560908E+00
  3.125000E+00  7.932670E-01  2.661003E+00
  3.175000E+00  8.262231E-01  2.768619E+00
  3.225000E+00  8.276675E-01  2.879845E+00
  3.275000E+00  8.329663E-01  2.995281E+00
  3.325000E+00  8.439204E-01  3.115833E+00
  3.375000E+00  8.305032E-01  3.238064E+00
  3.425000E+00  8.475306E-01  3.366523E+00
  3.475000E+00  8.371018E-01  3.497134E+00
  3.525000E+00  8.376026E-01  3.631610E+00
  3.575000E+00  8.366213E-01  3.769767E+00
  3.625000E+00  8.638522E-01  3.916438E+00
  3.675000E+00  8.797154E-01  4.069951E+00
  3.725000E+00  8.926899E-01  4.229996E+00
  3.775000E+00  9.234370E-01  4.400028E+00
  3.825000E+00  9.384368E-01  4.577429E+00
  3.875000E+00  9.537597E-01  4.762472E+00
  3.925000E+00  9.930105E-01  4.960133E+00
  3.975000E+00  1.009156E+00  5.166158E+00
  4.025000E+00  1.009841E+00  5.377543E+00
  4.075000E+00  1.038662E+00  5.600395E+00
  4.125000E+00  1.042534E+00  5.829601E+00
  4.175000E+00  1.049260E+00  6.065912E+00
  4.225000E+00  1.062604E+00  6.310995E+00
  4.275000E+00  1.063754E+00  6.562184E+00
  4.325000E+00  1.071515E+00  6.821159E+00
  4.375000E+00  1.075799E+00  7.087216E+00
  4.425000E+00  1.102252E+00  7.366082E+00
  4.475000E+00  1.120858E+00  7.656099E+00
  4.525000E+00  1.116057E+00  7.951363E+00
  4.575000E+00  1.115009E+00  8.252904E+00
  4.625000E+00  1.125729E+00  8.564036E+00
  4.675000E+00  1.116761E+00  8.879399E+00
  4.725000E+00  1.106470E+00  9.198574E+00
  4.775000E+00  1.120374E+00  9.528637E+00
  4.825000E+00  1.112232E+00  9.863199E+00
  4.875000E+00  1.116063E+00  1.020591E+01
  4.925000E+00  1.112609E+00  1.055460E+01
  4.975000E+00  1.109114E+00  1.090929E+01
  5.025000E+00  1.121376E+00  1.127514E+01
  5.075000E+00  1.125424E+00  1.164966E+01
  5.125000E+00  1.118609E+00  1.202929E+01
  5.175000E+00  1.115311E+00  1.241521E+01
  5.225000E+00  1.120600E+00  1.281049E+01
  5.275000E+00  1.129667E+00  1.321664E+01
  5.325000E+00  1.126306E+00  1.362929E+01
  5.375000E+00  1.124360E+00  1.404900E+01
  5.425000E+00  1.121737E+00  1.447555E+01
  5.475000E+00  1.111431E+00  1.490602E+01
  5.525000E+00  1.102518E+00  1.534086E+01
  5.575000E+00  1.097547E+00  1.578162E+01
  5.625000E+00  1.087147E+00  1.622607E+01
  5.675000E+00  1.078480E+00  1.667484E+01
  5.725000E+00  1.076216E+00  1.713060E+01
  5.775000E+00  1.065120E+00  1.758958E+01
  5.825000E+00  1.065598E+00  1.805674E+01
  5.875000E+00  1.058369E+00  1.852874E+01
  5.925000E+00  1.055867E+00  1.900767E+01
  5.975000E+00  1.049199E+00  1.949164E+01
Li      La      
  2.500000E-02  0.000000E+00  0.000000E+00
  7.500000E-02  0.000000E+00  0.000000E+00
  1.250000E-01  0.000000E+00  0.000000E+00
  1.750000E-01  0.000000E+00  0.000000E+00
  2.250000E-01  0.000000E+00  0.000000E+00
  2.750000E-01  0.000000E+00  0.000000E+00
  3.250000E-01  0.000000E+00  0.000000E+00
  3.750000E-01  0.000000E+00  0.000000E+00
  4.250000E-01  0.000000E+00  0.000000E+00
  4.750000E-01  0.000000E+00  0.000000E+00
  5.250000E-01  0.000000E+00  0.000000E+00
  5.750000E-01  0.000000E+00  0.000000E+00
  6.250000E-01  0.000000E+00  0.000000E+00
  6.750000E-01  0.000000E+00  0.000000E+00
  7.250000E-01  0.000000E+00  0.000000E+00
  7.750000E-01  0.000000E+00  0.000000E+00
  8.250000E-01  0.000000E+00  0.000000E+00
  8.750000E-01  0.000000E+00  0.000000E+00
  9.250000E-01  0.000000E+00  0.000000E+00
  9.750000E-01  0.000000E+00  0.000000E+00
  1.025000E+00  0.000000E+00  0.000000E+00
  1.075000E+00  0.000000E+00  0.000000E+00
  1.125000E+00  0.000000E+00  0.000000E+00
  1.175000E+00  0.000000E+00  0.000000E+00
  1.225000E+00  0.000000E+00  0.000000E+00
  1.275000E+00  0.000000E+00  0.000000E+00
  1.325000E+00  0.000000E+00  0.000000E+00
  1.375000E+00  0.000000E+00  0.000000E+00
  1.425000E+00  0.000000E+00  0.000000E+00
  1.475000E+00  0.000000E+00  0.000000E+00
  1.525000E+00  0.000000E+00  0.000000E+00
  1.575000E+00  0.000000E+00  0.000000E+00
  1.625000E+00  0.000000E+00  0.000000E+00
  1.675000E+00  0.000000E+00  0.000000E+00
  1.725000E+00  0.000000E+00  0.000000E+00
  1.775000E+00  0.000000E+00  0.000000E+00
  1.825000E+00  0.000000E+00  0.000000E+00
  1.875000E+00  0.000000E+00  0.000000E+00
  1.925000E+00  0.000000E+00  0.000000E+00
  1.975000E+00  0.000000E+00  0.000000E+00
  2.025000E+00  0.000000E+00  0.000000E+00
  2.075000E+00  1.848011E-05  4.406234E-07
  2.125000E+00  1.233451E-04  3.524987E-06
  2.175000E+00  1.110115E-03  3.260613E-05
  2.225000E+00  8.020176E-03  2.524772E-04
  2.275000E+00  4.352325E-02  1.499882E-03
  2.325000E+00  1.620050E-01  6.349383E-03
  2.375000E+00  4.419981E-01  2.015543E-02
  2.425000E+00  8.938298E-01  4.926257E-02
  2.475000E+00  1.455253E+00  9.862649E-02
  2.525000E+00  1.950520E+00  1.674906E-01
  2.575000E+00  2.306957E+00  2.521965E-01
  2.625000E+00  2.534018E+00  3.488878E-01
  2.675000E+00  2.709100E+00  4.562351E-01
  2.725000E+00  2.862522E+00  5.739414E-01
  2.775000E+00  2.965637E+00  7.004039E-01
  2.825000E+00  3.044617E+00  8.349548E-01
  2.875000E+00  3.064614E+00  9.752260E-01
  2.925000E+00  3.043763E+00  1.119431E+00
  2.975000E+00  2.949318E+00  1.263978E+00
  3.025000E+00  2.812636E+00  1.406500E+00
  3.075000E+00  2.633908E+00  1.544413E+00
  3.125000E+00  2.424828E+00  1.675541E+00
  3.175000E+00  2.227957E+00  1.799909E+00
  3.225000E+00  2.012183E+00  1.915798E+00
  3.275000E+00  1.864472E+00  2.026535E+00
  3.325000E+00  1.682198E+00  2.129520E+00
  3.375000E+00  1.535094E+00  2.226347E+00
  3.425000E+00  1.384893E+00  2.316308E+00
  3.475000E+00  1.275342E+00  2.401588E+00
  3.525000E+00  1.178513E+00  2.482678E+00
  3.575000E+00  1.089297E+00  2.559770E+00
  3.625000E+00  1.041828E+00  2.635580E+00
  3.675000E+00  9.599281E-01  2.707370E+00
  3.725000E+00  9.047238E-01  2.776886E+00
  3.775000E+00  8.459125E-01  2.843639E+00
  3.825000E+00  8.027367E-01  2.908674E+00
  3.875000E+00  7.746776E-01  2.973087E+00
  3.925000E+00  7.409556E-01  3.036297E+00
  3.975000E+00  7.109104E-01  3.098498E+00
  4.025000E+00  6.989572E-01  3.161202E+00
  4.075000E+00  6.879624E-01  3.224462E+00
  4.125000E+00  6.944543E-01  3.289896E+00
  4.175000E+00  7.116652E-01  3.358587E+00
  4.225000E+00  7.102239E-01  3.428791E+00
  4.275000E+00  7.167316E-01  3.501325E+00
  4.325000E+00  7.334402E-01  3.577295E+00
  4.375000E+00  7.395865E-01  3.655685E+00
  4.425000E+00  7.599803E-01  3.738087E+00
  4.475000E+00  7.785519E-01  3.824421E+00
  4.525000E+00  7.841250E-01  3.913328E+00
  4.575000E+00  7.965197E-01  4.005646E+00
  4.625000E+00  8.026292E-01  4.100717E+00
  4.675000E+00  8.234313E-01  4.200373E+00
  4.725000E+00  8.376178E-01  4.303925E+00
  4.775000E+00  8.536151E-01  4.411700E+00
  4.825000E+00  8.736571E-01  4.524328E+00
  4.875000E+00  8.892662E-01  4.641356E+00
  4.925000E+00  9.072008E-01  4.763206E+00
  4.975000E+00  9.269872E-01  4.890254E+00
  5.025000E+00  9.515866E-01  5.023309E+00
  5.075000E+00  9.794841E-01  5.163003E+00
  5.125000E+00  1.000416E+00  5.308508E+00
  5.175000E+00  1.024893E+00  5.460496E+00
  5.225000E+00  1.054580E+00  5.619923E+00
  5.275000E+00  1.082216E+00  5.786674E+00
  5.325000E+00  1.101654E+00  5.959653E+00
  5.375000E+00  1.124170E+00  6.139497E+00
  5.425000E+00  1.135672E+00  6.324578E+00
  5.475000E+00  1.147038E+00  6.514973E+00
  5.525000E+00  1.166303E+00  6.712117E+00
  5.575000E+00  1.165620E+00  6.912729E+00
  5.625000E+00  1.173175E+00  7.118278E+00
  5.675000E+00  1.183759E+00  7.329386E+00
  5.725000E+00  1.195003E+00  7.546270E+00
  5.775000E+00  1.203995E+00  7.768620E+00
  5.825000E+00  1.209084E+00  7.995793E+00
  5.875000E+00  1.226619E+00  8.230235E+00
  5.925000E+00  1.204682E+00  8.464419E+00
  5.975000E+00  1.210977E+00  8.703817E+00
Li      Zr      
  2.500000E-02  0.000000E+00  0.000000E+00
  7.500000E-02  0.000000E+00  0.000000E+00
  1.250000E-01  0.000000E+00  0.000000E+00
  1.750000E-01  0.000000E+00  0.000000E+00
  2.250000E-01  0.000000E+00  0.000000E+00
  2.750000E-01  0.000000E+00  0.000000E+00
  3.250000E-01  0.000000E+00  0.000000E+00
  3.750000E-01  0.000000E+00  0.000000E+00
  4.250000E-01  0.000000E+00  0.000000E+00
  4.750000E-01  0.000000E+00  0.000000E+00
  5.250000E-01  0.000000E+00  0.000000E+00
  5.750000E-01  0.000000E+00  0.000000E+00
  6.250000E-01  0.000000E+00  0.000000E+00
  6.750000E-01  0.000000E+00  0.000000E+00
  7.250000E-01  0.000000E+00  0.000000E+00
  7.750000E-01  0.000000E+00  0.000000E+00
  8.250000E-01  0.000000E+00  0.000000E+00
  8.750000E-01  0.000000E+00  0.000000E+00
  9.250000E-01  0.000000E+00  0.000000E+00
  9.750000E-01  0.000000E+00  0.000000E+00
  1.025000E+00  0.000000E+00  0.000000E+00
  1.075000E+00  0.000000E+00  0.000000E+00
  1.125000E+00  0.000000E+00  0.000000E+00
  1.175000E+00  0.000000E+00  0.000000E+00
  1.225000E+00  0.000000E+00  0.000000E+00
  1.275000E+00  0.000000E+00  0.000000E+00
  1.325000E+00  0.000000E+00  0.000000E+00
  1.375000E+00  0.000000E+00  0.000000E+00
  1.425000E+00  0.000000E+00  0.000000E+00
  1.475000E+00  0.000000E+00  0.000000E+00
  1.525000E+00  0.000000E+00  0.000000E+00
  1.575000E+00  0.000000E+00  0.000000E+00
  1.625000E+00  0.000000E+00  0.000000E+00
  1.675000E+00  4.253937E-05  4.406234E-07
  1.725000E+00  0.000000E+00  4.406234E-07
  1.775000E+00  0.000000E+00  4.406234E-07
  1.825000E+00  0.000000E+00  4.406234E-07
  1.875000E+00  0.000000E+00  4.406234E-07
  1.925000E+00  0.000000E+00  4.406234E-07
  1.975000E+00  4.283745E-04  6.609350E-06
  2.025000E+00  4.511412E-03  7.490597E-05
  2.075000E+00  3.124062E-02  5.714885E-04
  2.125000E+00  1.360408E-01  2.839377E-03
  2.175000E+00  3.557666E-01  9.052607E-03
  2.225000E+00  5.830700E-01  1.970908E-02
  2.275000E+00  7.898754E-01  3.480131E-02
  2.325000E+00  1.038755E+00  5.553088E-02
  2.375000E+00  1.407480E+00  8.483982E-02
  2.425000E+00  1.983930E+00  1.279103E-01
  2.475000E+00  2.713558E+00  1.892751E-01
  2.525000E+00  3.469215E+00  2.709301E-01
  2.575000E+00  3.975575E+00  3.682457E-01
  2.625000E+00  4.185716E+00  4.747228E-01
  2.675000E+00  4.160694E+00  5.846336E-01
  2.725000E+00  3.839549E+00  6.898880E-01
  2.775000E+00  3.419806E+00  7.871075E-01
  2.825000E+00  2.933562E+00  8.735362E-01
  2.875000E+00  2.411923E+00  9.471340E-01
  2.925000E+00  1.985774E+00  1.009854E+00
  2.975000E+00  1.589151E+00  1.061778E+00
  3.025000E+00  1.315079E+00  1.106203E+00
  3.075000E+00  1.084519E+00  1.144060E+00
  3.125000E+00  9.335926E-01  1.177718E+00
  3.175000E+00  8.134170E-01  1.207988E+00
  3.225000E+00  7.156339E-01  1.235466E+00
  3.275000E+00  6.674870E-01  1.261895E+00
  3.325000E+00  6.278393E-01  1.287520E+00
  3.375000E+00  6.090290E-01  1.313129E+00
  3.425000E+00  5.983063E-01  1.339039E+00
  3.475000E+00  6.058639E-01  1.366048E+00
  3.525000E+00  5.934764E-01  1.393272E+00
  3.575000E+00  6.109948E-01  1.422100E+00
  3.625000E+00  6.268461E-01  1.452508E+00
  3.675000E+00  6.622678E-01  1.485528E+00
  3.725000E+00  6.749387E-01  1.520101E+00
  3.775000E+00  7.066860E-01  1.557278E+00
  3.825000E+00  7.258910E-01  1.596485E+00
  3.875000E+00  7.348301E-01  1.637218E+00
  3.925000E+00  7.820437E-01  1.681695E+00
  3.975000E+00  8.289834E-01  1.730049E+00
  4.025000E+00  8.501195E-01  1.780893E+00
  4.075000E+00  8.887207E-01  1.835373E+00
  4.125000E+00  9.091556E-01  1.892482E+00
  4.175000E+00  9.227202E-01  1.951857E+00
  4.225000E+00  9.441309E-01  2.014074E+00
  4.275000E+00  9.542358E-01  2.078453E+00
  4.325000E+00  9.576321E-01  2.144582E+00
  4.375000E+00  9.445115E-01  2.211321E+00
  4.425000E+00  9.352593E-01  2.278926E+00
  4.475000E+00  9.418937E-01  2.348558E+00
  4.525000E+00  9.473552E-01  2.420167E+00
  4.575000E+00  9.408351E-01  2.492864E+00
  4.625000E+00  9.277730E-01  2.566127E+00
  4.675000E+00  9.318556E-01  2.641311E+00
  4.725000E+00  9.325271E-01  2.718168E+00
  4.775000E+00  9.318461E-01  2.796603E+00
  4.825000E+00  9.601598E-01  2.879123E+00
  4.875000E+00  9.852234E-01  2.965560E+00
  4.925000E+00  1.015306E+00  3.056474E+00
  4.975000E+00  1.040630E+00  3.151556E+00
  5.025000E+00  1.042728E+00  3.248755E+00
  5.075000E+00  1.072305E+00  3.350710E+00
  5.125000E+00  1.104138E+00  3.457771E+00
  5.175000E+00  1.133361E+00  3.569819E+00
  5.225000E+00  1.145224E+00  3.685239E+00
  5.275000E+00  1.166936E+00  3.805109E+00
  5.325000E+00  1.187361E+00  3.929400E+00
  5.375000E+00  1.197350E+00  4.057102E+00
  5.425000E+00  1.194905E+00  4.186924E+00
  5.475000E+00  1.193515E+00  4.318997E+00
  5.525000E+00  1.203283E+00  4.454594E+00
  5.575000E+00  1.209577E+00  4.593379E+00
  5.625000E+00  1.219619E+00  4.735837E+00
  5.675000E+00  1.218491E+00  4.880704E+00
  5.725000E+00  1.216999E+00  5.027955E+00
  5.775000E+00  1.223799E+00  5.178627E+00
  5.825000E+00  1.214063E+00  5.330699E+00
  5.875000E+00  1.210458E+00  5.484934E+00
  5.925000E+00  1.219820E+00  5.643019E+00
  5.975000E+00  1.203379E+00  5.801616E+00
Li      O       
  2.500000E-02  0.000000E+00  0.000000E+00
  7.500000E-02  0.000000E+00  0.000000E+00
  1.250000E-01  0.000000E+00  0.000000E+00
  1.750000E-01  0.000000E+00  0.000000E+00
  2.250000E-01  0.000000E+00  0.000000E+00
  2.750000E-01  0.000000E+00  0.000000E+00
  3.250000E-01  0.000000E+00  0.000000E+00
  3.750000E-01  0.000000E+00  0.000000E+00
  4.250000E-01  0.000000E+00  0.000000E+00
  4.750000E-01  0.000000E+00  0.000000E+00
  5.250000E-01  0.000000E+00  0.000000E+00
  5.750000E-01  0.000000E+00  0.000000E+00
  6.250000E-01  0.000000E+00  0.000000E+00
  6.750000E-01  4.364109E-05  4.406234E-07
  7.250000E-01  0.000000E+00  4.406234E-07
  7.750000E-01  0.000000E+00  4.406234E-07
  8.250000E-01  5.843740E-05  1.321870E-06
  8.750000E-01  7.792713E-05  2.643740E-06
  9.250000E-01  3.254172E-04  8.812467E-06
  9.750000E-01  1.778346E-03  4.626545E-05
  1.025000E+00  3.435931E-02  8.459968E-04
  1.075000E+00  5.646246E-01  1.530109E-02
  1.125000E+00  4.114462E+00  1.306611E-01
  1.175000E+00  1.507860E+01  5.918387E-01
  1.225000E+00  2.494217E+01  1.420987E+00
  1.275000E+00  1.167047E+01  1.841259E+00
  1.325000E+00  3.345989E+00  1.971388E+00
  1.375000E+00  9.371501E-01  2.010637E+00
  1.425000E+00  3.202449E-01  2.025042E+00
  1.475000E+00  1.487066E-01  2.032209E+00
  1.525000E+00  8.439335E-02  2.036557E+00
  1.575000E+00  5.892143E-02  2.039794E+00
  1.625000E+00  4.824052E-02  2.042616E+00
  1.675000E+00  4.321291E-02  2.045302E+00
  1.725000E+00  4.315753E-02  2.048146E+00
  1.775000E+00  4.652483E-02  2.051393E+00
  1.825000E+00  4.860935E-02  2.054980E+00
  1.875000E+00  5.903700E-02  2.059577E+00
  1.925000E+00  6.698778E-02  2.065076E+00
  1.975000E+00  7.785196E-02  2.071802E+00
  2.025000E+00  8.945209E-02  2.079927E+00
  2.075000E+00  1.189102E-01  2.091268E+00
  2.125000E+00  1.456970E-01  2.105841E+00
  2.175000E+00  1.866086E-01  2.125395E+00
  2.225000E+00  2.443020E-01  2.152185E+00
  2.275000E+00  3.119960E-01  2.187953E+00
  2.325000E+00  3.961366E-01  2.235385E+00
  2.375000E+00  5.063906E-01  2.298655E+00
  2.425000E+00  6.246248E-01  2.380017E+00
  2.475000E+00  7.626694E-01  2.483500E+00
  2.525000E+00  8.817264E-01  2.608019E+00
  2.575000E+00  9.882190E-01  2.753159E+00
  2.625000E+00  1.056864E+00  2.914468E+00
  2.675000E+00  1.096960E+00  3.088334E+00
  2.725000E+00  1.120913E+00  3.272701E+00
  2.775000E+00  1.131568E+00  3.465713E+00
  2.825000E+00  1.141690E+00  3.667532E+00
  2.875000E+00  1.129143E+00  3.874262E+00
  2.925000E+00  1.126526E+00  4.087747E+00
  2.975000E+00  1.110270E+00  4.305408E+00
  3.025000E+00  1.095991E+00  4.527551E+00
  3.075000E+00  1.096845E+00  4.757277E+00
  3.125000E+00  1.085893E+00  4.992166E+00
  3.175000E+00  1.078908E+00  5.233072E+00
  3.225000E+00  1.073904E+00  5.480472E+00
  3.275000E+00  1.092275E+00  5.739967E+00
  3.325000E+00  1.105908E+00  6.010784E+00
  3.375000E+00  1.117619E+00  6.292762E+00
  3.425000E+00  1.145498E+00  6.590400E+00
  3.475000E+00  1.172755E+00  6.904082E+00
  3.525000E+00  1.183970E+00  7.229943E+00
  3.575000E+00  1.214782E+00  7.573836E+00
  3.625000E+00  1.224098E+00  7.930127E+00
  3.675000E+00  1.245195E+00  8.302626E+00
  3.725000E+00  1.264568E+00  8.691283E+00
  3.775000E+00  1.280010E+00  9.095319E+00
  3.825000E+00  1.274746E+00  9.508422E+00
  3.875000E+00  1.260045E+00  9.927506E+00
  3.925000E+00  1.255260E+00  1.035584E+01
  3.975000E+00  1.240788E+00  1.079010E+01
  4.025000E+00  1.223932E+00  1.122929E+01
  4.075000E+00  1.211853E+00  1.167503E+01
  4.125000E+00  1.179625E+00  1.211962E+01
  4.175000E+00  1.146465E+00  1.256226E+01
  4.225000E+00  1.134253E+00  1.301073E+01
  4.275000E+00  1.118294E+00  1.346342E+01
  4.325000E+00  1.100050E+00  1.391919E+01
  4.375000E+00  1.086562E+00  1.437986E+01
  4.425000E+00  1.078057E+00  1.484742E+01
  4.475000E+00  1.081404E+00  1.532709E+01
  4.525000E+00  1.082701E+00  1.581813E+01
  4.575000E+00  1.078134E+00  1.631796E+01
  4.625000E+00  1.075421E+00  1.682749E+01
  4.675000E+00  1.077888E+00  1.734930E+01
  4.725000E+00  1.076038E+00  1.788141E+01
  4.775000E+00  1.081244E+00  1.842747E+01
  4.825000E+00  1.080018E+00  1.898439E+01
  4.875000E+00  1.076410E+00  1.955102E+01
  4.925000E+00  1.078657E+00  2.013053E+01
  4.975000E+00  1.080861E+00  2.072308E+01
  5.025000E+00  1.079329E+00  2.132675E+01
  5.075000E+00  1.078195E+00  2.194184E+01
  5.125000E+00  1.070302E+00  2.256451E+01
  5.175000E+00  1.062376E+00  2.319470E+01
  5.225000E+00  1.058341E+00  2.383468E+01
  5.275000E+00  1.054239E+00  2.448444E+01
  5.325000E+00  1.049634E+00  2.514369E+01
  5.375000E+00  1.042110E+00  2.581055E+01
  5.425000E+00  1.045292E+00  2.649196E+01
  5.475000E+00  1.041578E+00  2.718352E+01
  5.525000E+00  1.036440E+00  2.788429E+01
  5.575000E+00  1.033203E+00  2.859558E+01
  5.625000E+00  1.028965E+00  2.931671E+01
  5.675000E+00  1.027021E+00  3.004933E+01
  5.725000E+00  1.023447E+00  3.079232E+01
  5.775000E+00  1.022273E+00  3.154748E+01
  5.825000E+00  1.027723E+00  3.231987E+01
  5.875000E+00  1.026286E+00  3.310448E+01
  5.925000E+00  1.022469E+00  3.389953E+01
  5.975000E+00  1.024508E+00  3.470967E+01
Li      O_s     
  2.500000E-02  0.000000E+00  0.000000E+00
  7.500000E-02  0.000000E+00  0.000000E+00
  1.250000E-01  0.000000E+00  0.000000E+00
  1.750000E-01  0.000000E+00  0.000000E+00
  2.250000E-01  0.000000E+00  0.000000E+00
  2.750000E-01  0.000000E+00  0.000000E+00
  3.250000E-01  0.000000E+00  0.000000E+00
  3.750000E-01  1.412525E-04  4.406234E-07
  4.250000E-01  0.000000E+00  4.406234E-07
  4.750000E-01  0.000000E+00  4.406234E-07
  5.250000E-01  0.000000E+00  4.406234E-07
  5.750000E-01  6.013017E-05  8.812467E-07
  6.250000E-01  5.089910E-05  1.321870E-06
  6.750000E-01  0.000000E+00  1.321870E-06
  7.250000E-01  1.513260E-04  3.084364E-06
  7.750000E-01  1.655456E-04  5.287480E-06
  8.250000E-01  2.629683E-04  9.253091E-06
  8.750000E-01  6.234170E-04  1.982805E-05
  9.250000E-01  3.207684E-03  8.063407E-05
  9.750000E-01  3.625733E-02  8.442344E-04
  1.025000E+00  3.616758E+00  8.502621E-02
  1.075000E+00  2.762755E+01  7.923258E-01
  1.125000E+00  3.011091E+01  1.636566E+00
  1.175000E+00  8.896860E+00  1.908676E+00
  1.225000E+00  2.002490E+00  1.975244E+00
  1.275000E+00  7.198944E-01  2.001169E+00
  1.325000E+00  3.537812E-01  2.014928E+00
  1.375000E+00  2.055763E-01  2.023538E+00
  1.425000E+00  1.268030E-01  2.029242E+00
  1.475000E+00  8.414058E-02  2.033297E+00
  1.525000E+00  6.047035E-02  2.036412E+00
  1.575000E+00  4.585896E-02  2.038932E+00
  1.625000E+00  4.088091E-02  2.041323E+00
  1.675000E+00  3.751264E-02  2.043654E+00
  1.725000E+00  3.733501E-02  2.046115E+00
  1.775000E+00  4.033752E-02  2.048930E+00
  1.825000E+00  4.672207E-02  2.052377E+00
  1.875000E+00  5.873146E-02  2.056951E+00
  1.925000E+00  7.279063E-02  2.062926E+00
  1.975000E+00  9.104487E-02  2.070792E+00
  2.025000E+00  1.101997E-01  2.080802E+00
  2.075000E+00  1.600608E-01  2.096067E+00
  2.125000E+00  2.040480E-01  2.116477E+00
  2.175000E+00  2.728276E-01  2.145066E+00
  2.225000E+00  3.608637E-01  2.184637E+00
  2.275000E+00  4.792477E-01  2.239580E+00
  2.325000E+00  6.118355E-01  2.312839E+00
  2.375000E+00  7.541955E-01  2.407070E+00
  2.425000E+00  8.782491E-01  2.521469E+00
  2.475000E+00  9.624855E-01  2.652064E+00
  2.525000E+00  1.019758E+00  2.796076E+00
  2.575000E+00  1.064997E+00  2.952492E+00
  2.625000E+00  1.085253E+00  3.118134E+00
  2.675000E+00  1.070325E+00  3.287779E+00
  2.725000E+00  1.077968E+00  3.465082E+00
  2.775000E+00  1.064763E+00  3.646699E+00
  2.825000E+00  1.045566E+00  3.831526E+00
  2.875000E+00  1.017248E+00  4.017769E+00
  2.925000E+00  1.019339E+00  4.210942E+00
  2.975000E+00  1.005128E+00  4.407990E+00
  3.025000E+00  1.013239E+00  4.613360E+00
  3.075000E+00  1.009997E+00  4.824897E+00
  3.125000E+00  1.005642E+00  5.042427E+00
  3.175000E+00  1.017576E+00  5.269638E+00
  3.225000E+00  1.034745E+00  5.508016E+00
  3.275000E+00  1.047705E+00  5.756923E+00
  3.325000E+00  1.066866E+00  6.018179E+00
  3.375000E+00  1.094299E+00  6.294273E+00
  3.425000E+00  1.113383E+00  6.583567E+00
  3.475000E+00  1.147628E+00  6.890529E+00
  3.525000E+00  1.175560E+00  7.214075E+00
  3.575000E+00  1.194306E+00  7.552172E+00
  3.625000E+00  1.234014E+00  7.911349E+00
  3.675000E+00  1.257971E+00  8.287669E+00
  3.725000E+00  1.263848E+00  8.676106E+00
  3.775000E+00  1.270184E+00  9.077039E+00
  3.825000E+00  1.269282E+00  9.488372E+00
  3.875000E+00  1.271408E+00  9.911236E+00
  3.925000E+00  1.257050E+00  1.034018E+01
  3.975000E+00  1.231631E+00  1.077123E+01
  4.025000E+00  1.212406E+00  1.120629E+01
  4.075000E+00  1.189723E+00  1.164389E+01
  4.125000E+00  1.173630E+00  1.208622E+01
  4.175000E+00  1.144943E+00  1.252827E+01
  4.225000E+00  1.123710E+00  1.297257E+01
  4.275000E+00  1.104933E+00  1.341985E+01
  4.325000E+00  1.090638E+00  1.387173E+01
  4.375000E+00  1.084152E+00  1.433137E+01
  4.425000E+00  1.077319E+00  1.479861E+01
  4.475000E+00  1.072976E+00  1.527454E+01
  4.525000E+00  1.064381E+00  1.575727E+01
  4.575000E+00  1.062725E+00  1.624996E+01
  4.625000E+00  1.063950E+00  1.675406E+01
  4.675000E+00  1.067757E+00  1.727096E+01
  4.725000E+00  1.068548E+00  1.779937E+01
  4.775000E+00  1.067795E+00  1.833863E+01
  4.825000E+00  1.069120E+00  1.888994E+01
  4.875000E+00  1.070841E+00  1.945363E+01
  4.925000E+00  1.077686E+00  2.003263E+01
  4.975000E+00  1.074684E+00  2.062179E+01
  5.025000E+00  1.075038E+00  2.122306E+01
  5.075000E+00  1.080307E+00  2.183935E+01
  5.125000E+00  1.074736E+00  2.246461E+01
  5.175000E+00  1.074392E+00  2.310192E+01
  5.225000E+00  1.071699E+00  2.374998E+01
  5.275000E+00  1.065955E+00  2.440696E+01
  5.325000E+00  1.062560E+00  2.507432E+01
  5.375000E+00  1.056031E+00  2.575010E+01
  5.425000E+00  1.059286E+00  2.644063E+01
  5.475000E+00  1.057156E+00  2.714253E+01
  5.525000E+00  1.048832E+00  2.785168E+01
  5.575000E+00  1.049502E+00  2.857419E+01
  5.625000E+00  1.042321E+00  2.930468E+01
  5.675000E+00  1.038369E+00  3.004540E+01
  5.725000E+00  1.035543E+00  3.079717E+01
  5.775000E+00  1.031188E+00  3.155892E+01
  5.825000E+00  1.033686E+00  3.233579E+01
  5.875000E+00  1.027311E+00  3.312118E+01
  5.925000E+00  1.030898E+00  3.392279E+01
  5.975000E+00  1.035235E+00  3.474141E+01
La      La      
  2.500000E-02  0.000000E+00  0.000000E+00
  7.500000E-02  0.000000E+00  0.000000E+00
  1.250000E-01  0.000000E+00  0.000000E+00
  1.750000E-01  0.000000E+00  0.000000E+00
  2.250000E-01  0.000000E+00  0.000000E+00
  2.750000E-01  0.000000E+00  0.000000E+00
  3.250000E-01  0.000000E+00  0.000000E+00
  3.750000E-01  0.000000E+00  0.000000E+00
  4.250000E-01  0.000000E+00  0.000000E+00
  4.750000E-01  0.000000E+00  0.000000E+00
  5.250000E-01  0.000000E+00  0.000000E+00
  5.750000E-01  0.000000E+00  0.000000E+00
  6.250000E-01  0.000000E+00  0.000000E+00
  6.750000E-01  0.000000E+00  0.000000E+00
  7.250000E-01  0.000000E+00  0.000000E+00
  7.750000E-01  0.000000E+00  0.000000E+00
  8.250000E-01  0.000000E+00  0.000000E+00
  8.750000E-01  0.000000E+00  0.000000E+00
  9.250000E-01  0.000000E+00  0.000000E+00
  9.750000E-01  0.000000E+00  0.000000E+00
  1.025000E+00  0.000000E+00  0.000000E+00
  1.075000E+00  0.000000E+00  0.000000E+00
  1.125000E+00  0.000000E+00  0.000000E+00
  1.175000E+00  0.000000E+00  0.000000E+00
  1.225000E+00  0.000000E+00  0.000000E+00
  1.275000E+00  0.000000E+00  0.000000E+00
  1.325000E+00  0.000000E+00  0.000000E+00
  1.375000E+00  0.000000E+00  0.000000E+00
  1.425000E+00  0.000000E+00  0.000000E+00
  1.475000E+00  0.000000E+00  0.000000E+00
  1.525000E+00  0.000000E+00  0.000000E+00
  1.575000E+00  0.000000E+00  0.000000E+00
  1.625000E+00  0.000000E+00  0.000000E+00
  1.675000E+00  0.000000E+00  0.000000E+00
  1.725000E+00  0.000000E+00  0.000000E+00
  1.775000E+00  0.000000E+00  0.000000E+00
  1.825000E+00  0.000000E+00  0.000000E+00
  1.875000E+00  0.000000E+00  0.000000E+00
  1.925000E+00  0.000000E+00  0.000000E+00
  1.975000E+00  0.000000E+00  0.000000E+00
  2.025000E+00  0.000000E+00  0.000000E+00
  2.075000E+00  0.000000E+00  0.000000E+00
  2.125000E+00  0.000000E+00  0.000000E+00
  2.175000E+00  0.000000E+00  0.000000E+00
  2.225000E+00  0.000000E+00  0.000000E+00
  2.275000E+00  0.000000E+00  0.000000E+00
  2.325000E+00  0.000000E+00  0.000000E+00
  2.375000E+00  0.000000E+00  0.000000E+00
  2.425000E+00  0.000000E+00  0.000000E+00
  2.475000E+00  0.000000E+00  0.000000E+00
  2.525000E+00  0.000000E+00  0.000000E+00
  2.575000E+00  0.000000E+00  0.000000E+00
  2.625000E+00  0.000000E+00  0.000000E+00
  2.675000E+00  0.000000E+00  0.000000E+00
  2.725000E+00  0.000000E+00  0.000000E+00
  2.775000E+00  0.000000E+00  0.000000E+00
  2.825000E+00  0.000000E+00  0.000000E+00
  2.875000E+00  0.000000E+00  0.000000E+00
  2.925000E+00  0.000000E+00  0.000000E+00
  2.975000E+00  0.000000E+00  0.000000E+00
  3.025000E+00  8.128465E-05  4.118841E-06
  3.075000E+00  0.000000E+00  4.118841E-06
  3.125000E+00  5.712433E-04  3.501015E-05
  3.175000E+00  2.361145E-03  1.668131E-04
  3.225000E+00  6.400650E-03  5.354493E-04
  3.275000E+00  1.265613E-02  1.287138E-03
  3.325000E+00  2.943444E-02  3.089131E-03
  3.375000E+00  5.530916E-02  6.577789E-03
  3.425000E+00  1.140066E-01  1.398346E-02
  3.475000E+00  2.052377E-01  2.770744E-02
  3.525000E+00  3.553646E-01  5.215894E-02
  3.575000E+00  5.611767E-01  9.187487E-02
  3.625000E+00  8.154639E-01  1.512129E-01
  3.675000E+00  1.107018E+00  2.340037E-01
  3.725000E+00  1.412963E+00  3.425702E-01
  3.775000E+00  1.648266E+00  4.726391E-01
  3.825000E+00  1.843359E+00  6.219820E-01
  3.875000E+00  2.025373E+00  7.903891E-01
  3.925000E+00  2.133889E+00  9.724274E-01
  3.975000E+00  2.189735E+00  1.164019E+00
  4.025000E+00  2.297489E+00  1.370128E+00
  4.075000E+00  2.278275E+00  1.579623E+00
  4.125000E+00  2.207927E+00  1.787661E+00
  4.175000E+00  2.199420E+00  1.999953E+00
  4.225000E+00  2.109836E+00  2.208504E+00
  4.275000E+00  2.055969E+00  2.416569E+00
  4.325000E+00  1.962045E+00  2.619801E+00
  4.375000E+00  1.842337E+00  2.815071E+00
  4.425000E+00  1.739874E+00  3.003720E+00
  4.475000E+00  1.672054E+00  3.189136E+00
  4.525000E+00  1.573715E+00  3.367568E+00
  4.575000E+00  1.495350E+00  3.540883E+00
  4.625000E+00  1.414616E+00  3.708444E+00
  4.675000E+00  1.301597E+00  3.865969E+00
  4.725000E+00  1.211377E+00  4.015728E+00
  4.775000E+00  1.131661E+00  4.158608E+00
  4.825000E+00  1.074063E+00  4.297071E+00
  4.875000E+00  1.021065E+00  4.431444E+00
  4.925000E+00  9.613239E-01  4.560564E+00
  4.975000E+00  9.110239E-01  4.685425E+00
  5.025000E+00  8.718635E-01  4.807332E+00
  5.075000E+00  8.227266E-01  4.924669E+00
  5.125000E+00  8.064545E-01  5.041964E+00
  5.175000E+00  7.931265E-01  5.159581E+00
  5.225000E+00  8.096109E-01  5.281975E+00
  5.275000E+00  7.772276E-01  5.401732E+00
  5.325000E+00  7.745440E-01  5.523349E+00
  5.375000E+00  7.699072E-01  5.646519E+00
  5.425000E+00  7.834175E-01  5.774193E+00
  5.475000E+00  7.848317E-01  5.904466E+00
  5.525000E+00  7.820825E-01  6.036664E+00
  5.575000E+00  7.929823E-01  6.173142E+00
  5.625000E+00  7.898320E-01  6.311526E+00
  5.675000E+00  8.102845E-01  6.456030E+00
  5.725000E+00  8.305861E-01  6.606775E+00
  5.775000E+00  8.208270E-01  6.758363E+00
  5.825000E+00  8.247938E-01  6.913332E+00
  5.875000E+00  8.047159E-01  7.067136E+00
  5.925000E+00  8.292029E-01  7.228329E+00
  5.975000E+00  8.396037E-01  7.394310E+00
La      Zr      
  2.500000E-02  0.000000E+00  0.000000E+00
  7.500000E-02  0.000000E+00  0.000000E+00
  1.250000E-01  0.000000E+00  0.000000E+00
  1.750000E-01  0.000000E+00  0.000000E+00
  2.250000E-01  0.000000E+00  0.000000E+00
  2.750000E-01  0.000000E+00  0.000000E+00
  3.250000E-01  0.000000E+00  0.000000E+00
  3.750000E-01  0.000000E+00  0.000000E+00
  4.250000E-01  0.000000E+00  0.000000E+00
  4.750000E-01  0.000000E+00  0.000000E+00
  5.250000E-01  0.000000E+00  0.000000E+00
  5.750000E-01  0.000000E+00  0.000000E+00
  6.250000E-01  0.000000E+00  0.000000E+00
  6.750000E-01  0.000000E+00  0.000000E+00
  7.250000E-01  0.000000E+00  0.000000E+00
  7.750000E-01  0.000000E+00  0.000000E+00
  8.250000E-01  0.000000E+00  0.000000E+00
  8.750000E-01  0.000000E+00  0.000000E+00
  9.250000E-01  0.000000E+00  0.000000E+00
  9.750000E-01  0.000000E+00  0.000000E+00
  1.025000E+00  0.000000E+00  0.000000E+00
  1.075000E+00  0.000000E+00  0.000000E+00
  1.125000E+00  0.000000E+00  0.000000E+00
  1.175000E+00  0.000000E+00  0.000000E+00
  1.225000E+00  0.000000E+00  0.000000E+00
  1.275000E+00  0.000000E+00  0.000000E+00
  1.325000E+00  0.000000E+00  0.000000E+00
  1.375000E+00  0.000000E+00  0.000000E+00
  1.425000E+00  0.000000E+00  0.000000E+00
  1.475000E+00  0.000000E+00  0.000000E+00
  1.525000E+00  0.000000E+00  0.000000E+00
  1.575000E+00  0.000000E+00  0.000000E+00
  1.625000E+00  0.000000E+00  0.000000E+00
  1.675000E+00  0.000000E+00  0.000000E+00
  1.725000E+00  0.000000E+00  0.000000E+00
  1.775000E+00  0.000000E+00  0.000000E+00
  1.825000E+00  0.000000E+00  0.000000E+00
  1.875000E+00  0.000000E+00  0.000000E+00
  1.925000E+00  0.000000E+00  0.000000E+00
  1.975000E+00  0.000000E+00  0.000000E+00
  2.025000E+00  0.000000E+00  0.000000E+00
  2.075000E+00  0.000000E+00  0.000000E+00
  2.125000E+00  0.000000E+00  0.000000E+00
  2.175000E+00  0.000000E+00  0.000000E+00
  2.225000E+00  0.000000E+00  0.000000E+00
  2.275000E+00  0.000000E+00  0.000000E+00
  2.325000E+00  0.000000E+00  0.000000E+00
  2.375000E+00  4.937265E-05  1.028121E-06
  2.425000E+00  0.000000E+00  1.028121E-06
  2.475000E+00  0.000000E+00  1.028121E-06
  2.525000E+00  0.000000E+00  1.028121E-06
  2.575000E+00  0.000000E+00  1.028121E-06
  2.625000E+00  0.000000E+00  1.028121E-06
  2.675000E+00  0.000000E+00  1.028121E-06
  2.725000E+00  0.000000E+00  1.028121E-06
  2.775000E+00  0.000000E+00  1.028121E-06
  2.825000E+00  0.000000E+00  1.028121E-06
  2.875000E+00  0.000000E+00  1.028121E-06
  2.925000E+00  3.255123E-05  2.056242E-06
  2.975000E+00  2.517303E-04  1.028121E-05
  3.025000E+00  9.739105E-04  4.318109E-05
  3.075000E+00  4.741937E-03  2.087086E-04
  3.125000E+00  1.893601E-02  8.913811E-04
  3.175000E+00  5.652479E-02  2.994917E-03
  3.225000E+00  1.562705E-01  8.995032E-03
  3.275000E+00  3.538075E-01  2.300421E-02
  3.325000E+00  6.816068E-01  5.082311E-02
  3.375000E+00  1.151949E+00  9.926304E-02
  3.425000E+00  1.757269E+00  1.753625E-01
  3.475000E+00  2.388571E+00  2.818430E-01
  3.525000E+00  2.940368E+00  4.167212E-01
  3.575000E+00  3.403572E+00  5.773075E-01
  3.625000E+00  3.627133E+00  7.532622E-01
  3.675000E+00  3.789014E+00  9.421754E-01
  3.725000E+00  3.700063E+00  1.131707E+00
  3.775000E+00  3.672642E+00  1.324919E+00
  3.825000E+00  3.617286E+00  1.520293E+00
  3.875000E+00  3.516509E+00  1.715222E+00
  3.925000E+00  3.347784E+00  1.905617E+00
  3.975000E+00  3.175753E+00  2.090860E+00
  4.025000E+00  2.916635E+00  2.265295E+00
  4.075000E+00  2.743716E+00  2.433491E+00
  4.125000E+00  2.574917E+00  2.595236E+00
  4.175000E+00  2.294783E+00  2.742900E+00
  4.225000E+00  2.027344E+00  2.876498E+00
  4.275000E+00  1.861823E+00  3.002110E+00
  4.325000E+00  1.641732E+00  3.115479E+00
  4.375000E+00  1.484688E+00  3.220387E+00
  4.425000E+00  1.330371E+00  3.316552E+00
  4.475000E+00  1.203959E+00  3.405558E+00
  4.525000E+00  1.073175E+00  3.486678E+00
  4.575000E+00  9.942278E-01  3.563500E+00
  4.625000E+00  8.921120E-01  3.633947E+00
  4.675000E+00  7.970830E-01  3.698258E+00
  4.725000E+00  7.257147E-01  3.758070E+00
  4.775000E+00  7.010321E-01  3.817077E+00
  4.825000E+00  6.729887E-01  3.874916E+00
  4.875000E+00  6.664265E-01  3.933384E+00
  4.925000E+00  6.457647E-01  3.991208E+00
  4.975000E+00  6.241631E-01  4.048237E+00
  5.025000E+00  6.207487E-01  4.106101E+00
  5.075000E+00  6.337723E-01  4.166360E+00
  5.125000E+00  6.338722E-01  4.227822E+00
  5.175000E+00  6.330596E-01  4.290409E+00
  5.225000E+00  6.572978E-01  4.356654E+00
  5.275000E+00  6.693278E-01  4.425409E+00
  5.325000E+00  6.880209E-01  4.497430E+00
  5.375000E+00  6.966613E-01  4.571731E+00
  5.425000E+00  7.064292E-01  4.648482E+00
  5.475000E+00  7.057007E-01  4.726574E+00
  5.525000E+00  7.364501E-01  4.809564E+00
  5.575000E+00  7.414896E-01  4.894641E+00
  5.625000E+00  7.632134E-01  4.983789E+00
  5.675000E+00  7.729650E-01  5.075687E+00
  5.725000E+00  7.794569E-01  5.169998E+00
  5.775000E+00  7.805569E-01  5.266098E+00
  5.825000E+00  7.870612E-01  5.364685E+00
  5.875000E+00  8.182777E-01  5.468949E+00
  5.925000E+00  8.042478E-01  5.573177E+00
  5.975000E+00  8.075850E-01  5.679611E+00
La      O       
  2.500000E-02  0.000000E+00  0.000000E+00
  7.500000E-02  0.000000E+00  0.000000E+00
  1.250000E-01  0.000000E+00  0.000000E+00
  1.750000E-01  0.000000E+00  0.000000E+00
  2.250000E-01  0.000000E+00  0.000000E+00
  2.750000E-01  0.000000E+00  0.000000E+00
  3.250000E-01  0.000000E+00  0.000000E+00
  3.750000E-01  0.000000E+00  0.000000E+00
  4.250000E-01  0.000000E+00  0.000000E+00
  4.750000E-01  0.000000E+00  0.000000E+00
  5.250000E-01  0.000000E+00  0.000000E+00
  5.750000E-01  1.403037E-04  1.028121E-06
  6.250000E-01  0.000000E+00  1.028121E-06
  6.750000E-01  0.000000E+00  1.028121E-06
  7.250000E-01  0.000000E+00  1.028121E-06
  7.750000E-01  0.000000E+00  1.028121E-06
  8.250000E-01  0.000000E+00  1.028121E-06
  8.750000E-01  0.000000E+00  1.028121E-06
  9.250000E-01  0.000000E+00  1.028121E-06
  9.750000E-01  0.000000E+00  1.028121E-06
  1.025000E+00  0.000000E+00  1.028121E-06
  1.075000E+00  4.015903E-05  2.056242E-06
  1.125000E+00  0.000000E+00  2.056242E-06
  1.175000E+00  0.000000E+00  2.056242E-06
  1.225000E+00  0.000000E+00  2.056242E-06
  1.275000E+00  0.000000E+00  2.056242E-06
  1.325000E+00  2.643597E-05  3.084364E-06
  1.375000E+00  4.909703E-05  5.140606E-06
  1.425000E+00  0.000000E+00  5.140606E-06
  1.475000E+00  0.000000E+00  5.140606E-06
  1.525000E+00  3.991443E-05  7.196848E-06
  1.575000E+00  1.871031E-05  8.224969E-06
  1.625000E+00  0.000000E+00  8.224969E-06
  1.675000E+00  4.962927E-05  1.130933E-05
  1.725000E+00  0.000000E+00  1.130933E-05
  1.775000E+00  2.946341E-05  1.336558E-05
  1.825000E+00  6.967798E-05  1.850618E-05
  1.875000E+00  6.601159E-05  2.364679E-05
  1.925000E+00  3.757629E-05  2.673115E-05
  1.975000E+00  9.519433E-05  3.495612E-05
  2.025000E+00  4.867151E-04  7.916533E-05
  2.075000E+00  5.120529E-03  5.675229E-04
  2.125000E+00  4.618245E-02  5.186871E-03
  2.175000E+00  2.674845E-01  3.321551E-02
  2.225000E+00  9.460567E-01  1.369591E-01
  2.275000E+00  2.276289E+00  3.979189E-01
  2.325000E+00  3.932451E+00  8.687788E-01
  2.375000E+00  5.248165E+00  1.524496E+00
  2.425000E+00  5.862232E+00  2.288099E+00
  2.475000E+00  5.740774E+00  3.067035E+00
  2.525000E+00  4.986633E+00  3.771257E+00
  2.575000E+00  4.037820E+00  4.364293E+00
  2.625000E+00  3.158389E+00  4.846356E+00
  2.675000E+00  2.489927E+00  5.241006E+00
  2.725000E+00  1.935781E+00  5.559402E+00
  2.775000E+00  1.515730E+00  5.817940E+00
  2.825000E+00  1.214734E+00  6.032672E+00
  2.875000E+00  9.722191E-01  6.210670E+00
  2.925000E+00  8.256457E-01  6.367137E+00
  2.975000E+00  7.216794E-01  6.508617E+00
  3.025000E+00  6.611889E-01  6.642631E+00
  3.075000E+00  5.937386E-01  6.766986E+00
  3.125000E+00  5.484741E-01  6.885626E+00
  3.175000E+00  5.326803E-01  7.004566E+00
  3.225000E+00  5.210890E-01  7.124611E+00
  3.275000E+00  5.094541E-01  7.245644E+00
  3.325000E+00  5.145765E-01  7.371654E+00
  3.375000E+00  5.333874E-01  7.506229E+00
  3.425000E+00  5.528115E-01  7.649868E+00
  3.475000E+00  5.766323E-01  7.804103E+00
  3.525000E+00  5.996357E-01  7.969139E+00
  3.575000E+00  6.333567E-01  8.148436E+00
  3.625000E+00  6.641082E-01  8.341734E+00
  3.675000E+00  6.994174E-01  8.550964E+00
  3.725000E+00  7.264927E-01  8.774247E+00
  3.775000E+00  7.607701E-01  9.014384E+00
  3.825000E+00  7.911437E-01  9.270768E+00
  3.875000E+00  8.285906E-01  9.546353E+00
  3.925000E+00  8.523421E-01  9.837200E+00
  3.975000E+00  8.764594E-01  1.014395E+01
  4.025000E+00  8.832987E-01  1.046091E+01
  4.075000E+00  9.062420E-01  1.079424E+01
  4.125000E+00  9.235238E-01  1.114231E+01
  4.175000E+00  9.447183E-01  1.150705E+01
  4.225000E+00  9.515878E-01  1.188330E+01
  4.275000E+00  9.590527E-01  1.227152E+01
  4.325000E+00  9.603096E-01  1.266941E+01
  4.375000E+00  9.800649E-01  1.308492E+01
  4.425000E+00  9.971084E-01  1.351737E+01
  4.475000E+00  1.010535E+00  1.396561E+01
  4.525000E+00  1.030534E+00  1.443299E+01
  4.575000E+00  1.047125E+00  1.491844E+01
  4.625000E+00  1.061935E+00  1.542159E+01
  4.675000E+00  1.085336E+00  1.594700E+01
  4.725000E+00  1.105086E+00  1.649347E+01
  4.775000E+00  1.124296E+00  1.706127E+01
  4.825000E+00  1.155411E+00  1.765707E+01
  4.875000E+00  1.188337E+00  1.828262E+01
  4.925000E+00  1.208096E+00  1.893168E+01
  4.975000E+00  1.228442E+00  1.960513E+01
  5.025000E+00  1.258872E+00  2.030921E+01
  5.075000E+00  1.272809E+00  2.103533E+01
  5.125000E+00  1.288728E+00  2.178508E+01
  5.175000E+00  1.301449E+00  2.255708E+01
  5.225000E+00  1.305165E+00  2.334632E+01
  5.275000E+00  1.300762E+00  2.414802E+01
  5.325000E+00  1.292945E+00  2.496008E+01
  5.375000E+00  1.280773E+00  2.577967E+01
  5.425000E+00  1.265831E+00  2.660484E+01
  5.475000E+00  1.255653E+00  2.743854E+01
  5.525000E+00  1.229763E+00  2.827002E+01
  5.575000E+00  1.209387E+00  2.910260E+01
  5.625000E+00  1.177272E+00  2.992767E+01
  5.675000E+00  1.165880E+00  3.075934E+01
  5.725000E+00  1.141361E+00  3.158794E+01
  5.775000E+00  1.132027E+00  3.242418E+01
  5.825000E+00  1.115444E+00  3.326249E+01
  5.875000E+00  1.103940E+00  3.410647E+01
  5.925000E+00  1.088481E+00  3.495285E+01
  5.975000E+00  1.083827E+00  3.580989E+01
La      O_s     
  2.500000E-02  0.000000E+00  0.000000E+00
  7.500000E-02  0.000000E+00  0.000000E+00
  1.250000E-01  0.000000E+00  0.000000E+00
  1.750000E-01  0.000000E+00  0.000000E+00
  2.250000E-01  0.000000E+00  0.000000E+00
  2.750000E-01  0.000000E+00  0.000000E+00
  3.250000E-01  0.000000E+00  0.000000E+00
  3.750000E-01  0.000000E+00  0.000000E+00
  4.250000E-01  0.000000E+00  0.000000E+00
  4.750000E-01  0.000000E+00  0.000000E+00
  5.250000E-01  0.000000E+00  0.000000E+00
  5.750000E-01  0.000000E+00  0.000000E+00
  6.250000E-01  0.000000E+00  0.000000E+00
  6.750000E-01  0.000000E+00  0.000000E+00
  7.250000E-01  8.827350E-05  1.028121E-06
  7.750000E-01  0.000000E+00  1.028121E-06
  8.250000E-01  0.000000E+00  1.028121E-06
  8.750000E-01  0.000000E+00  1.028121E-06
  9.250000E-01  0.000000E+00  1.028121E-06
  9.750000E-01  0.000000E+00  1.028121E-06
  1.025000E+00  0.000000E+00  1.028121E-06
  1.075000E+00  0.000000E+00  1.028121E-06
  1.125000E+00  3.666924E-05  2.056242E-06
  1.175000E+00  0.000000E+00  2.056242E-06
  1.225000E+00  0.000000E+00  2.056242E-06
  1.275000E+00  2.854976E-05  3.084364E-06
  1.325000E+00  0.000000E+00  3.084364E-06
  1.375000E+00  2.454852E-05  4.112485E-06
  1.425000E+00  2.285621E-05  5.140606E-06
  1.475000E+00  6.399914E-05  8.224969E-06
  1.525000E+00  1.995721E-05  9.253091E-06
  1.575000E+00  1.871031E-05  1.028121E-05
  1.625000E+00  5.273012E-05  1.336558E-05
  1.675000E+00  0.000000E+00  1.336558E-05
  1.725000E+00  1.559803E-05  1.439370E-05
  1.775000E+00  5.892682E-05  1.850618E-05
  1.825000E+00  4.180679E-05  2.159054E-05
  1.875000E+00  1.320232E-05  2.261867E-05
  1.925000E+00  1.252543E-04  3.289988E-05
  1.975000E+00  1.546908E-04  4.626545E-05
  2.025000E+00  1.358275E-04  5.860291E-05
  2.075000E+00  3.126218E-04  8.841842E-05
  2.125000E+00  2.148260E-03  3.032957E-04
  2.175000E+00  2.505888E-02  2.929117E-03
  2.225000E+00  2.137736E-01  2.637131E-02
  2.275000E+00  9.542816E-01  1.357727E-01
  2.325000E+00  2.451564E+00  4.293156E-01
  2.375000E+00  4.196527E+00  9.536389E-01
  2.425000E+00  5.490331E+00  1.668799E+00
  2.475000E+00  5.817161E+00  2.458099E+00
  2.525000E+00  5.360324E+00  3.215095E+00
  2.575000E+00  4.510543E+00  3.877560E+00
  2.625000E+00  3.612434E+00  4.428923E+00
  2.675000E+00  2.828094E+00  4.877172E+00
  2.725000E+00  2.233461E+00  5.244530E+00
  2.775000E+00  1.804751E+00  5.552367E+00
  2.825000E+00  1.452589E+00  5.809145E+00
  2.875000E+00  1.168162E+00  6.023018E+00
  2.925000E+00  9.800850E-01  6.208752E+00
  2.975000E+00  8.437686E-01  6.374166E+00
  3.025000E+00  7.625618E-01  6.528728E+00
  3.075000E+00  6.973495E-01  6.674783E+00
  3.125000E+00  6.641815E-01  6.818451E+00
  3.175000E+00  6.194704E-01  6.956771E+00
  3.225000E+00  6.108141E-01  7.097486E+00
  3.275000E+00  6.172850E-01  7.244137E+00
  3.325000E+00  6.158300E-01  7.394942E+00
  3.375000E+00  6.294667E-01  7.553758E+00
  3.425000E+00  6.510047E-01  7.722911E+00
  3.475000E+00  6.746147E-01  7.903354E+00
  3.525000E+00  6.824563E-01  8.091184E+00
  3.575000E+00  7.199383E-01  8.294992E+00
  3.625000E+00  7.439519E-01  8.511529E+00
  3.675000E+00  7.668376E-01  8.740928E+00
  3.725000E+00  7.945871E-01  8.985140E+00
  3.775000E+00  8.144968E-01  9.242236E+00
  3.825000E+00  8.383291E-01  9.513910E+00
  3.875000E+00  8.473110E-01  9.795722E+00
  3.925000E+00  8.602421E-01  1.008926E+01
  3.975000E+00  8.740975E-01  1.039518E+01
  4.025000E+00  8.830953E-01  1.071207E+01
  4.075000E+00  8.931883E-01  1.104060E+01
  4.125000E+00  9.068073E-01  1.138237E+01
  4.175000E+00  9.142943E-01  1.173537E+01
  4.225000E+00  9.244825E-01  1.210090E+01
  4.275000E+00  9.374110E-01  1.248036E+01
  4.325000E+00  9.562078E-01  1.287655E+01
  4.375000E+00  9.712378E-01  1.328831E+01
  4.425000E+00  9.878704E-01  1.371676E+01
  4.475000E+00  1.008006E+00  1.416388E+01
  4.525000E+00  1.027159E+00  1.462972E+01
  4.575000E+00  1.037157E+00  1.511056E+01
  4.625000E+00  1.057135E+00  1.561143E+01
  4.675000E+00  1.081828E+00  1.613514E+01
  4.725000E+00  1.096689E+00  1.667746E+01
  4.775000E+00  1.133343E+00  1.724983E+01
  4.825000E+00  1.150398E+00  1.784305E+01
  4.875000E+00  1.179214E+00  1.846379E+01
  4.925000E+00  1.208768E+00  1.911321E+01
  4.975000E+00  1.233121E+00  1.978923E+01
  5.025000E+00  1.263698E+00  2.049601E+01
  5.075000E+00  1.287664E+00  2.123060E+01
  5.125000E+00  1.290794E+00  2.198156E+01
  5.175000E+00  1.299210E+00  2.275223E+01
  5.225000E+00  1.294817E+00  2.353521E+01
  5.275000E+00  1.280353E+00  2.432433E+01
  5.325000E+00  1.273186E+00  2.512398E+01
  5.375000E+00  1.261525E+00  2.593125E+01
  5.425000E+00  1.240123E+00  2.673967E+01
  5.475000E+00  1.222138E+00  2.755111E+01
  5.525000E+00  1.197828E+00  2.836100E+01
  5.575000E+00  1.180307E+00  2.917356E+01
  5.625000E+00  1.153273E+00  2.998181E+01
  5.675000E+00  1.131929E+00  3.078926E+01
  5.725000E+00  1.113809E+00  3.159786E+01
  5.775000E+00  1.109833E+00  3.241770E+01
  5.825000E+00  1.095018E+00  3.324067E+01
  5.875000E+00  1.083885E+00  3.406931E+01
  5.925000E+00  1.069742E+00  3.490112E+01
  5.975000E+00  1.063928E+00  3.574243E+01
Zr      Zr      
  2.500000E-02  0.000000E+00  0.000000E+00
  7.500000E-02  0.000000E+00  0.000000E+00
  1.250000E-01  0.000000E+00  0.000000E+00
  1.750000E-01  0.000000E+00  0.000000E+00
  2.250000E-01  0.000000E+00  0.000000E+00
  2.750000E-01  0.000000E+00  0.000000E+00
  3.250000E-01  0.000000E+00  0.000000E+00
  3.750000E-01  0.000000E+00  0.000000E+00
  4.250000E-01  0.000000E+00  0.000000E+00
  4.750000E-01  0.000000E+00  0.000000E+00
  5.250000E-01  0.000000E+00  0.000000E+00
  5.750000E-01  0.000000E+00  0.000000E+00
  6.250000E-01  0.000000E+00  0.000000E+00
  6.750000E-01  0.000000E+00  0.000000E+00
  7.250000E-01  0.000000E+00  0.000000E+00
  7.750000E-01  0.000000E+00  0.000000E+00
  8.250000E-01  0.000000E+00  0.000000E+00
  8.750000E-01  0.000000E+00  0.000000E+00
  9.250000E-01  0.000000E+00  0.000000E+00
  9.750000E-01  0.000000E+00  0.000000E+00
  1.025000E+00  0.000000E+00  0.000000E+00
  1.075000E+00  0.000000E+00  0.000000E+00
  1.125000E+00  0.000000E+00  0.000000E+00
  1.175000E+00  0.000000E+00  0.000000E+00
  1.225000E+00  0.000000E+00  0.000000E+00
  1.275000E+00  0.000000E+00  0.000000E+00
  1.325000E+00  0.000000E+00  0.000000E+00
  1.375000E+00  0.000000E+00  0.000000E+00
  1.425000E+00  0.000000E+00  0.000000E+00
  1.475000E+00  0.000000E+00  0.000000E+00
  1.525000E+00  0.000000E+00  0.000000E+00
  1.575000E+00  0.000000E+00  0.000000E+00
  1.625000E+00  0.000000E+00  0.000000E+00
  1.675000E+00  0.000000E+00  0.000000E+00
  1.725000E+00  0.000000E+00  0.000000E+00
  1.775000E+00  0.000000E+00  0.000000E+00
  1.825000E+00  0.000000E+00  0.000000E+00
  1.875000E+00  0.000000E+00  0.000000E+00
  1.925000E+00  0.000000E+00  0.000000E+00
  1.975000E+00  0.000000E+00  0.000000E+00
  2.025000E+00  0.000000E+00  0.000000E+00
  2.075000E+00  0.000000E+00  0.000000E+00
  2.125000E+00  0.000000E+00  0.000000E+00
  2.175000E+00  0.000000E+00  0.000000E+00
  2.225000E+00  0.000000E+00  0.000000E+00
  2.275000E+00  0.000000E+00  0.000000E+00
  2.325000E+00  0.000000E+00  0.000000E+00
  2.375000E+00  0.000000E+00  0.000000E+00
  2.425000E+00  0.000000E+00  0.000000E+00
  2.475000E+00  0.000000E+00  0.000000E+00
  2.525000E+00  0.000000E+00  0.000000E+00
  2.575000E+00  0.000000E+00  0.000000E+00
  2.625000E+00  0.000000E+00  0.000000E+00
  2.675000E+00  0.000000E+00  0.000000E+00
  2.725000E+00  0.000000E+00  0.000000E+00
  2.775000E+00  0.000000E+00  0.000000E+00
  2.825000E+00  0.000000E+00  0.000000E+00
  2.875000E+00  3.039429E-04  9.274559E-06
  2.925000E+00  1.761845E-03  6.492192E-05
  2.975000E+00  7.474814E-03  3.091520E-04
  3.025000E+00  3.056633E-02  1.341720E-03
  3.075000E+00  8.643855E-02  4.359043E-03
  3.125000E+00  2.147249E-01  1.210021E-02
  3.175000E+00  4.524167E-01  2.893663E-02
  3.225000E+00  7.426113E-01  5.744971E-02
  3.275000E+00  9.961920E-01  9.689441E-02
  3.325000E+00  1.170141E+00  1.446522E-01
  3.375000E+00  1.233656E+00  1.965279E-01
  3.425000E+00  1.259508E+00  2.510716E-01
  3.475000E+00  1.261112E+00  3.072909E-01
  3.525000E+00  1.449141E+00  3.737647E-01
  3.575000E+00  1.556450E+00  4.472007E-01
  3.625000E+00  1.585759E+00  5.241270E-01
  3.675000E+00  1.590711E+00  6.034368E-01
  3.725000E+00  1.624339E+00  6.866420E-01
  3.775000E+00  1.591879E+00  7.703882E-01
  3.825000E+00  1.409842E+00  8.465354E-01
  3.875000E+00  1.272303E+00  9.170623E-01
  3.925000E+00  1.127571E+00  9.811896E-01
  3.975000E+00  1.009813E+00  1.040092E+00
  4.025000E+00  8.977283E-01  1.093783E+00
  4.075000E+00  7.921687E-01  1.142344E+00
  4.125000E+00  6.962062E-01  1.186077E+00
  4.175000E+00  6.312503E-01  1.226697E+00
  4.225000E+00  6.277043E-01  1.268061E+00
  4.275000E+00  5.619691E-01  1.305975E+00
  4.325000E+00  5.306059E-01  1.342616E+00
  4.375000E+00  5.532424E-01  1.381708E+00
  4.425000E+00  5.243018E-01  1.419607E+00
  4.475000E+00  5.133620E-01  1.457559E+00
  4.525000E+00  5.118956E-01  1.496252E+00
  4.575000E+00  5.309756E-01  1.537280E+00
  4.625000E+00  5.391322E-01  1.579853E+00
  4.675000E+00  5.188488E-01  1.621715E+00
  4.725000E+00  5.598778E-01  1.667859E+00
  4.775000E+00  5.798743E-01  1.716668E+00
  4.825000E+00  5.913000E-01  1.767487E+00
  4.875000E+00  6.290589E-01  1.822677E+00
  4.925000E+00  6.398630E-01  1.879972E+00
  4.975000E+00  7.119585E-01  1.945024E+00
  5.025000E+00  7.389523E-01  2.013906E+00
  5.075000E+00  7.931024E-01  2.089314E+00
  5.125000E+00  8.561363E-01  2.172327E+00
  5.175000E+00  9.135959E-01  2.262649E+00
  5.225000E+00  9.036792E-01  2.353726E+00
  5.275000E+00  9.117594E-01  2.447383E+00
  5.325000E+00  9.293309E-01  2.544664E+00
  5.375000E+00  9.561522E-01  2.646641E+00
  5.425000E+00  9.855021E-01  2.753713E+00
  5.475000E+00  9.802959E-01  2.862191E+00
  5.525000E+00  1.017008E+00  2.976797E+00
  5.575000E+00  1.054325E+00  3.097768E+00
  5.625000E+00  1.094343E+00  3.225593E+00
  5.675000E+00  1.141296E+00  3.361283E+00
  5.725000E+00  1.103486E+00  3.494799E+00
  5.775000E+00  1.139578E+00  3.635102E+00
  5.825000E+00  1.145322E+00  3.778564E+00
  5.875000E+00  1.163396E+00  3.926802E+00
  5.925000E+00  1.207298E+00  4.083264E+00
  5.975000E+00  1.244061E+00  4.247223E+00
Zr      O       
  2.500000E-02  0.000000E+00  0.000000E+00
  7.500000E-02  0.000000E+00  0.000000E+00
  1.250000E-01  0.000000E+00  0.000000E+00
  1.750000E-01  0.000000E+00  0.000000E+00
  2.250000E-01  0.000000E+00  0.000000E+00
  2.750000E-01  0.000000E+00  0.000000E+00
  3.250000E-01  0.000000E+00  0.000000E+00
  3.750000E-01  0.000000E+00  0.000000E+00
  4.250000E-01  0.000000E+00  0.000000E+00
  4.750000E-01  0.000000E+00  0.000000E+00
  5.250000E-01  0.000000E+00  0.000000E+00
  5.750000E-01  0.000000E+00  0.000000E+00
  6.250000E-01  0.000000E+00  0.000000E+00
  6.750000E-01  0.000000E+00  0.000000E+00
  7.250000E-01  0.000000E+00  0.000000E+00
  7.750000E-01  0.000000E+00  0.000000E+00
  8.250000E-01  0.000000E+00  0.000000E+00
  8.750000E-01  0.000000E+00  0.000000E+00
  9.250000E-01  8.135431E-05  1.542182E-06
  9.750000E-01  0.000000E+00  1.542182E-06
  1.025000E+00  0.000000E+00  1.542182E-06
  1.075000E+00  0.000000E+00  1.542182E-06
  1.125000E+00  5.500387E-05  3.084364E-06
  1.175000E+00  0.000000E+00  3.084364E-06
  1.225000E+00  0.000000E+00  3.084364E-06
  1.275000E+00  4.282464E-05  4.626545E-06
  1.325000E+00  7.930790E-05  7.710909E-06
  1.375000E+00  0.000000E+00  7.710909E-06
  1.425000E+00  3.428431E-05  9.253091E-06
  1.475000E+00  9.599870E-05  1.387964E-05
  1.525000E+00  8.980746E-05  1.850618E-05
  1.575000E+00  8.419638E-05  2.313273E-05
  1.625000E+00  5.273012E-05  2.621709E-05
  1.675000E+00  2.233317E-04  4.009673E-05
  1.725000E+00  7.019115E-05  4.472327E-05
  1.775000E+00  4.861463E-04  7.865127E-05
  1.825000E+00  1.024266E-02  8.343203E-04
  1.875000E+00  1.699732E-01  1.407087E-02
  1.925000E+00  1.307429E+00  1.213882E-01
  1.975000E+00  4.736715E+00  5.306493E-01
  2.025000E+00  9.289410E+00  1.374423E+00
  2.075000E+00  1.130728E+01  2.452826E+00
  2.125000E+00  9.297582E+00  3.382807E+00
  2.175000E+00  6.248036E+00  4.037514E+00
  2.225000E+00  3.886796E+00  4.463736E+00
  2.275000E+00  2.340379E+00  4.732043E+00
  2.325000E+00  1.497437E+00  4.911342E+00
  2.375000E+00  9.742829E-01  5.033071E+00
  2.425000E+00  6.637422E-01  5.119528E+00
  2.475000E+00  5.102502E-01  5.188762E+00
  2.525000E+00  3.973990E-01  5.244883E+00
  2.575000E+00  3.316309E-01  5.293590E+00
  2.625000E+00  2.744276E-01  5.335475E+00
  2.675000E+00  2.413995E-01  5.373737E+00
  2.725000E+00  2.191956E-01  5.409790E+00
  2.775000E+00  2.092976E-01  5.445490E+00
  2.825000E+00  2.187747E-01  5.484163E+00
  2.875000E+00  2.179280E-01  5.524063E+00
  2.925000E+00  2.249371E-01  5.566690E+00
  2.975000E+00  2.314582E-01  5.612066E+00
  3.025000E+00  2.501961E-01  5.662777E+00
  3.075000E+00  2.773960E-01  5.720876E+00
  3.125000E+00  3.147684E-01  5.788963E+00
  3.175000E+00  3.694555E-01  5.871458E+00
  3.225000E+00  4.210747E-01  5.968462E+00
  3.275000E+00  4.824023E-01  6.083068E+00
  3.325000E+00  5.613596E-01  6.220535E+00
  3.375000E+00  6.395257E-01  6.381889E+00
  3.425000E+00  7.205602E-01  6.569114E+00
  3.475000E+00  7.896425E-01  6.780324E+00
  3.525000E+00  8.524699E-01  7.014947E+00
  3.575000E+00  9.098639E-01  7.272520E+00
  3.625000E+00  9.738294E-01  7.555967E+00
  3.675000E+00  1.007436E+00  7.857340E+00
  3.725000E+00  1.042035E+00  8.177604E+00
  3.775000E+00  1.069115E+00  8.515070E+00
  3.825000E+00  1.065241E+00  8.860280E+00
  3.875000E+00  1.053597E+00  9.210701E+00
  3.925000E+00  1.037153E+00  9.564611E+00
  3.975000E+00  9.991999E-01  9.914313E+00
  4.025000E+00  9.963402E-01  1.027184E+01
  4.075000E+00  9.759985E-01  1.063083E+01
  4.125000E+00  9.608452E-01  1.099296E+01
  4.175000E+00  9.518856E-01  1.136047E+01
  4.225000E+00  9.509767E-01  1.173648E+01
  4.275000E+00  9.729709E-01  1.213034E+01
  4.325000E+00  9.945892E-01  1.254242E+01
  4.375000E+00  1.021107E+00  1.297533E+01
  4.425000E+00  1.037685E+00  1.342539E+01
  4.475000E+00  1.073767E+00  1.390167E+01
  4.525000E+00  1.102895E+00  1.440187E+01
  4.575000E+00  1.141364E+00  1.493102E+01
  4.625000E+00  1.178214E+00  1.548925E+01
  4.675000E+00  1.192053E+00  1.606632E+01
  4.725000E+00  1.223421E+00  1.667131E+01
  4.775000E+00  1.231152E+00  1.729308E+01
  4.825000E+00  1.246053E+00  1.793562E+01
  4.875000E+00  1.242075E+00  1.858945E+01
  4.925000E+00  1.233411E+00  1.925211E+01
  4.975000E+00  1.234849E+00  1.992908E+01
  5.025000E+00  1.217773E+00  2.061018E+01
  5.075000E+00  1.213208E+00  2.130229E+01
  5.125000E+00  1.196377E+00  2.199832E+01
  5.175000E+00  1.177545E+00  2.269682E+01
  5.225000E+00  1.161681E+00  2.339929E+01
  5.275000E+00  1.161978E+00  2.411545E+01
  5.325000E+00  1.147920E+00  2.483643E+01
  5.375000E+00  1.140313E+00  2.556614E+01
  5.425000E+00  1.129045E+00  2.630214E+01
  5.475000E+00  1.131297E+00  2.705327E+01
  5.525000E+00  1.115414E+00  2.780744E+01
  5.575000E+00  1.110890E+00  2.857220E+01
  5.625000E+00  1.111656E+00  2.935129E+01
  5.675000E+00  1.124983E+00  3.015379E+01
  5.725000E+00  1.119749E+00  3.096670E+01
  5.775000E+00  1.135746E+00  3.180568E+01
  5.825000E+00  1.130845E+00  3.265557E+01
  5.875000E+00  1.131859E+00  3.352089E+01
  5.925000E+00  1.129786E+00  3.439939E+01
  5.975000E+00  1.121974E+00  3.528660E+01
Zr      O_s     
  2.500000E-02  0.000000E+00  0.000000E+00
  7.500000E-02  0.000000E+00  0.000000E+00
  1.250000E-01  0.000000E+00  0.000000E+00
  1.750000E-01  0.000000E+00  0.000000E+00
  2.250000E-01  0.000000E+00  0.000000E+00
  2.750000E-01  0.000000E+00  0.000000E+00
  3.250000E-01  0.000000E+00  0.000000E+00
  3.750000E-01  0.000000E+00  0.000000E+00
  4.250000E-01  0.000000E+00  0.000000E+00
  4.750000E-01  0.000000E+00  0.000000E+00
  5.250000E-01  0.000000E+00  0.000000E+00
  5.750000E-01  0.000000E+00  0.000000E+00
  6.250000E-01  0.000000E+00  0.000000E+00
  6.750000E-01  0.000000E+00  0.000000E+00
  7.250000E-01  0.000000E+00  0.000000E+00
  7.750000E-01  1.158819E-04  1.542182E-06
  8.250000E-01  0.000000E+00  1.542182E-06
  8.750000E-01  0.000000E+00  1.542182E-06
  9.250000E-01  0.000000E+00  1.542182E-06
  9.750000E-01  0.000000E+00  1.542182E-06
  1.025000E+00  6.625763E-05  3.084364E-06
  1.075000E+00  1.204771E-04  6.168727E-06
  1.125000E+00  0.000000E+00  6.168727E-06
  1.175000E+00  0.000000E+00  6.168727E-06
  1.225000E+00  9.278276E-05  9.253091E-06
  1.275000E+00  4.282464E-05  1.079527E-05
  1.325000E+00  7.930790E-05  1.387964E-05
  1.375000E+00  7.364555E-05  1.696400E-05
  1.425000E+00  1.714216E-04  2.467491E-05
  1.475000E+00  1.279983E-04  3.084364E-05
  1.525000E+00  2.394866E-04  4.318109E-05
  1.575000E+00  1.964582E-04  5.397636E-05
  1.625000E+00  6.327614E-04  9.098872E-05
  1.675000E+00  3.101829E-03  2.837614E-04
  1.725000E+00  5.203504E-02  3.713574E-03
  1.775000E+00  5.156465E-01  3.970038E-02
  1.825000E+00  2.220108E+00  2.034924E-01
  1.875000E+00  5.481583E+00  6.303668E-01
  1.925000E+00  8.290418E+00  1.310867E+00
  1.975000E+00  9.156433E+00  2.102000E+00
  2.025000E+00  8.320502E+00  2.857766E+00
  2.075000E+00  6.556197E+00  3.483047E+00
  2.125000E+00  4.881767E+00  3.971340E+00
  2.175000E+00  3.396239E+00  4.327219E+00
  2.225000E+00  2.287460E+00  4.578059E+00
  2.275000E+00  1.568311E+00  4.757854E+00
  2.325000E+00  1.122353E+00  4.892242E+00
  2.375000E+00  8.194009E-01  4.994619E+00
  2.425000E+00  6.131997E-01  5.074494E+00
  2.475000E+00  4.877116E-01  5.140669E+00
  2.525000E+00  3.982945E-01  5.196917E+00
  2.575000E+00  3.179175E-01  5.243609E+00
  2.625000E+00  2.772264E-01  5.285922E+00
  2.675000E+00  2.484634E-01  5.325303E+00
  2.725000E+00  2.366446E-01  5.364226E+00
  2.775000E+00  2.199754E-01  5.401748E+00
  2.825000E+00  2.229361E-01  5.441157E+00
  2.875000E+00  2.261323E-01  5.482558E+00
  2.925000E+00  2.409279E-01  5.528216E+00
  2.975000E+00  2.693515E-01  5.581020E+00
  3.025000E+00  3.081133E-01  5.643471E+00
  3.075000E+00  3.500124E-01  5.716778E+00
  3.125000E+00  4.225383E-01  5.808177E+00
  3.175000E+00  4.834858E-01  5.916133E+00
  3.225000E+00  5.438940E-01  6.041432E+00
  3.275000E+00  6.311463E-01  6.191376E+00
  3.325000E+00  6.949138E-01  6.361548E+00
  3.375000E+00  7.609187E-01  6.553529E+00
  3.425000E+00  8.221069E-01  6.767140E+00
  3.475000E+00  9.035325E-01  7.008812E+00
  3.525000E+00  9.566690E-01  7.272113E+00
  3.575000E+00  1.004648E+00  7.556519E+00
  3.625000E+00  1.029908E+00  7.856289E+00
  3.675000E+00  1.039929E+00  8.167382E+00
  3.725000E+00  1.028853E+00  8.483594E+00
  3.775000E+00  9.912169E-01  8.796472E+00
  3.825000E+00  9.495161E-01  9.104179E+00
  3.875000E+00  9.229360E-01  9.411143E+00
  3.925000E+00  9.021026E-01  9.718970E+00
  3.975000E+00  8.815826E-01  1.002751E+01
  4.025000E+00  8.676252E-01  1.033885E+01
  4.075000E+00  8.393032E-01  1.064755E+01
  4.125000E+00  8.480870E-01  1.096719E+01
  4.175000E+00  8.468967E-01  1.129417E+01
  4.225000E+00  8.725510E-01  1.163916E+01
  4.275000E+00  8.973747E-01  1.200242E+01
  4.325000E+00  9.375065E-01  1.239086E+01
  4.375000E+00  9.695997E-01  1.280193E+01
  4.425000E+00  1.009064E+00  1.323957E+01
  4.475000E+00  1.052158E+00  1.370627E+01
  4.525000E+00  1.079031E+00  1.419564E+01
  4.575000E+00  1.121678E+00  1.471566E+01
  4.625000E+00  1.158808E+00  1.526471E+01
  4.675000E+00  1.183634E+00  1.583770E+01
  4.725000E+00  1.218706E+00  1.644036E+01
  4.775000E+00  1.231781E+00  1.706245E+01
  4.825000E+00  1.244521E+00  1.770420E+01
  4.875000E+00  1.247043E+00  1.836065E+01
  4.925000E+00  1.245484E+00  1.902979E+01
  4.975000E+00  1.241766E+00  1.971055E+01
  5.025000E+00  1.228102E+00  2.039742E+01
  5.075000E+00  1.224605E+00  2.109604E+01
  5.125000E+00  1.204128E+00  2.179657E+01
  5.175000E+00  1.194320E+00  2.250503E+01
  5.225000E+00  1.179240E+00  2.321812E+01
  5.275000E+00  1.153135E+00  2.392883E+01
  5.325000E+00  1.151066E+00  2.465178E+01
  5.375000E+00  1.143783E+00  2.538371E+01
  5.425000E+00  1.137328E+00  2.612511E+01
  5.475000E+00  1.124052E+00  2.687143E+01
  5.525000E+00  1.115810E+00  2.762587E+01
  5.575000E+00  1.114811E+00  2.839333E+01
  5.625000E+00  1.116381E+00  2.917573E+01
  5.675000E+00  1.116264E+00  2.997201E+01
  5.725000E+00  1.116413E+00  3.078250E+01
  5.775000E+00  1.123756E+00  3.161262E+01
  5.825000E+00  1.126959E+00  3.245959E+01
  5.875000E+00  1.136612E+00  3.332855E+01
  5.925000E+00  1.137261E+00  3.421286E+01
  5.975000E+00  1.131676E+00  3.510774E+01
O       O       
  2.500000E-02  0.000000E+00  0.000000E+00
  7.500000E-02  0.000000E+00  0.000000E+00
  1.250000E-01  0.000000E+00  0.000000E+00
  1.750000E-01  0.000000E+00  0.000000E+00
  2.250000E-01  0.000000E+00  0.000000E+00
  2.750000E-01  0.000000E+00  0.000000E+00
  3.250000E-01  0.000000E+00  0.000000E+00
  3.750000E-01  1.648582E-04  5.142590E-07
  4.250000E-01  1.283919E-04  1.028518E-06
  4.750000E-01  1.028083E-04  1.542777E-06
  5.250000E-01  1.683446E-04  2.571295E-06
  5.750000E-01  1.403579E-04  3.599813E-06
  6.250000E-01  2.970260E-04  6.171108E-06
  6.750000E-01  2.546713E-04  8.742403E-06
  7.250000E-01  4.415379E-05  9.256662E-06
  7.750000E-01  2.318533E-04  1.234222E-05
  8.250000E-01  1.364066E-04  1.439925E-05
  8.750000E-01  9.095007E-05  1.594203E-05
  9.250000E-01  5.425714E-05  1.697055E-05
  9.750000E-01  9.767236E-05  1.902758E-05
  1.025000E+00  2.209440E-04  2.417017E-05
  1.075000E+00  2.410472E-04  3.034128E-05
  1.125000E+00  2.384421E-04  3.702665E-05
  1.175000E+00  1.176990E-04  4.062646E-05
  1.225000E+00  3.093952E-05  4.165498E-05
  1.275000E+00  8.568234E-05  4.474053E-05
  1.325000E+00  1.190078E-04  4.936886E-05
  1.375000E+00  1.719059E-04  5.656849E-05
  1.425000E+00  1.829202E-04  6.479663E-05
  1.475000E+00  1.387183E-04  7.148200E-05
  1.525000E+00  2.495614E-04  8.433847E-05
  1.575000E+00  2.807629E-04  9.976624E-05
  1.625000E+00  3.340863E-04  1.193081E-04
  1.675000E+00  5.709568E-04  1.547920E-04
  1.725000E+00  9.986595E-04  2.206171E-04
  1.775000E+00  1.930598E-03  3.553530E-04
  1.825000E+00  3.917414E-03  6.443665E-04
  1.875000E+00  7.845204E-03  1.255306E-03
  1.925000E+00  1.506138E-02  2.491585E-03
  1.975000E+00  2.790270E-02  4.902431E-03
  2.025000E+00  5.020196E-02  9.462365E-03
  2.075000E+00  8.531399E-02  1.759897E-02
  2.125000E+00  1.501278E-01  3.261533E-02
  2.175000E+00  2.663804E-01  6.052828E-02
  2.225000E+00  4.975641E-01  1.150906E-01
  2.275000E+00  9.235905E-01  2.209735E-01
  2.325000E+00  1.519314E+00  4.028916E-01
  2.375000E+00  2.186299E+00  6.760526E-01
  2.425000E+00  2.510324E+00  1.003043E+00
  2.475000E+00  1.746331E+00  1.239993E+00
  2.525000E+00  9.280738E-01  1.371058E+00
  2.575000E+00  7.158155E-01  1.476190E+00
  2.625000E+00  7.543539E-01  1.591326E+00
  2.675000E+00  8.982598E-01  1.733699E+00
  2.725000E+00  1.067621E+00  1.909301E+00
  2.775000E+00  1.245468E+00  2.121741E+00
  2.825000E+00  1.388342E+00  2.367161E+00
  2.875000E+00  1.515439E+00  2.644615E+00
  2.925000E+00  1.577032E+00  2.943475E+00
  2.975000E+00  1.617874E+00  3.260647E+00
  3.025000E+00  1.626013E+00  3.590219E+00
  3.075000E+00  1.621922E+00  3.929919E+00
  3.125000E+00  1.595618E+00  4.275066E+00
  3.175000E+00  1.564122E+00  4.624313E+00
  3.225000E+00  1.516827E+00  4.973751E+00
  3.275000E+00  1.469498E+00  5.322864E+00
  3.325000E+00  1.428807E+00  5.672754E+00
  3.375000E+00  1.374632E+00  6.019577E+00
  3.425000E+00  1.329096E+00  6.364920E+00
  3.475000E+00  1.283480E+00  6.708219E+00
  3.525000E+00  1.218765E+00  7.043656E+00
  3.575000E+00  1.155547E+00  7.370780E+00
  3.625000E+00  1.121751E+00  7.697282E+00
  3.675000E+00  1.087866E+00  8.022716E+00
  3.725000E+00  1.054307E+00  8.346751E+00
  3.775000E+00  1.034293E+00  8.673226E+00
  3.825000E+00  1.013228E+00  9.001580E+00
  3.875000E+00  1.002571E+00  9.335029E+00
  3.925000E+00  9.943017E-01  9.674318E+00
  3.975000E+00  9.894423E-01  1.002060E+01
  4.025000E+00  1.006172E+00  1.038166E+01
  4.075000E+00  1.025750E+00  1.075894E+01
  4.125000E+00  1.029615E+00  1.114700E+01
  4.175000E+00  1.033400E+00  1.154598E+01
  4.225000E+00  1.021647E+00  1.194993E+01
  4.275000E+00  1.004261E+00  1.235646E+01
  4.325000E+00  9.870965E-01  1.276544E+01
  4.375000E+00  9.834332E-01  1.318238E+01
  4.425000E+00  9.860391E-01  1.361003E+01
  4.475000E+00  9.887637E-01  1.404861E+01
  4.525000E+00  1.003398E+00  1.450368E+01
  4.575000E+00  1.016793E+00  1.497508E+01
  4.625000E+00  1.036017E+00  1.546594E+01
  4.675000E+00  1.053766E+00  1.597606E+01
  4.725000E+00  1.072362E+00  1.650636E+01
  4.775000E+00  1.081668E+00  1.705263E+01
  4.825000E+00  1.086881E+00  1.761309E+01
  4.875000E+00  1.086264E+00  1.818491E+01
  4.925000E+00  1.077395E+00  1.876374E+01
  4.975000E+00  1.071515E+00  1.935117E+01
  5.025000E+00  1.058948E+00  1.994344E+01
  5.075000E+00  1.050271E+00  2.054260E+01
  5.125000E+00  1.043502E+00  2.114968E+01
  5.175000E+00  1.039381E+00  2.176623E+01
  5.225000E+00  1.038756E+00  2.239437E+01
  5.275000E+00  1.037044E+00  2.303353E+01
  5.325000E+00  1.035201E+00  2.368371E+01
  5.375000E+00  1.037713E+00  2.434776E+01
  5.425000E+00  1.036286E+00  2.502330E+01
  5.475000E+00  1.040126E+00  2.571389E+01
  5.525000E+00  1.047608E+00  2.642221E+01
  5.575000E+00  1.055266E+00  2.714869E+01
  5.625000E+00  1.065219E+00  2.789523E+01
  5.675000E+00  1.065923E+00  2.865560E+01
  5.725000E+00  1.072186E+00  2.943398E+01
  5.775000E+00  1.076605E+00  3.022927E+01
  5.825000E+00  1.086478E+00  3.104582E+01
  5.875000E+00  1.084155E+00  3.187467E+01
  5.925000E+00  1.090509E+00  3.272263E+01
  5.975000E+00  1.090424E+00  3.358489E+01
O       O_s     
  2.500000E-02  4.484315E+02  8.277147E-03
  7.500000E-02  6.043314E+02  8.636038E-02
  1.250000E-01  8.003067E+02  3.670295E-01
  1.750000E-01  5.114074E+02  7.162930E-01
  2.250000E-01  1.832823E+02  9.226575E-01
  2.750000E-01  3.951665E+01  9.890328E-01
  3.250000E-01  4.342343E+00  9.992119E-01
  3.750000E-01  2.116787E-01  9.998723E-01
  4.250000E-01  8.727280E-03  9.999072E-01
  4.750000E-01  3.596901E-03  9.999252E-01
  5.250000E-01  2.145566E-03  9.999383E-01
  5.750000E-01  9.119742E-04  9.999450E-01
  6.250000E-01  7.422785E-04  9.999514E-01
  6.750000E-01  4.327742E-04  9.999558E-01
  7.250000E-01  3.972308E-04  9.999604E-01
  7.750000E-01  3.669594E-04  9.999653E-01
  8.250000E-01  2.215751E-04  9.999686E-01
  8.750000E-01  9.091499E-05  9.999702E-01
  9.250000E-01  2.711810E-04  9.999753E-01
  9.750000E-01  1.220433E-04  9.999779E-01
  1.025000E+00  8.834351E-05  9.999800E-01
  1.075000E+00  1.505964E-04  9.999838E-01
  1.125000E+00  1.558443E-04  9.999882E-01
  1.175000E+00  1.596728E-04  9.999931E-01
  1.225000E+00  1.159784E-04  9.999969E-01
  1.275000E+00  1.070616E-04  1.000001E+00
  1.325000E+00  1.189618E-04  1.000005E+00
  1.375000E+00  8.591980E-05  1.000009E+00
  1.425000E+00  1.199951E-04  1.000014E+00
  1.475000E+00  9.599870E-05  1.000019E+00
  1.525000E+00  1.347112E-04  1.000026E+00
  1.575000E+00  1.356497E-04  1.000033E+00
  1.625000E+00  1.757671E-04  1.000044E+00
  1.675000E+00  3.308618E-04  1.000064E+00
  1.725000E+00  8.344948E-04  1.000119E+00
  1.775000E+00  1.789902E-03  1.000244E+00
  1.825000E+00  4.661457E-03  1.000588E+00
  1.875000E+00  1.074669E-02  1.001425E+00
  1.925000E+00  2.532955E-02  1.003504E+00
  1.975000E+00  4.884659E-02  1.007725E+00
  2.025000E+00  9.170335E-02  1.016054E+00
  2.075000E+00  1.757258E-01  1.032814E+00
  2.125000E+00  3.937586E-01  1.072199E+00
  2.175000E+00  9.097753E-01  1.167531E+00
  2.225000E+00  1.809165E+00  1.365922E+00
  2.275000E+00  2.638462E+00  1.668402E+00
  2.325000E+00  2.661231E+00  1.987050E+00
  2.375000E+00  1.564582E+00  2.182532E+00
  2.425000E+00  5.815785E-01  2.258287E+00
  2.475000E+00  3.661360E-01  2.307966E+00
  2.525000E+00  4.217111E-01  2.367521E+00
  2.575000E+00  5.594769E-01  2.449692E+00
  2.625000E+00  7.391374E-01  2.562506E+00
  2.675000E+00  9.402092E-01  2.711528E+00
  2.725000E+00  1.138863E+00  2.898847E+00
  2.775000E+00  1.327299E+00  3.125245E+00
  2.825000E+00  1.459362E+00  3.383220E+00
  2.875000E+00  1.546042E+00  3.666277E+00
  2.925000E+00  1.593310E+00  3.968222E+00
  2.975000E+00  1.618095E+00  4.285437E+00
  3.025000E+00  1.623532E+00  4.614506E+00
  3.075000E+00  1.624950E+00  4.954841E+00
  3.125000E+00  1.584794E+00  5.297646E+00
  3.175000E+00  1.565473E+00  5.647195E+00
  3.225000E+00  1.520159E+00  5.997401E+00
  3.275000E+00  1.462215E+00  6.344784E+00
  3.325000E+00  1.402589E+00  6.688253E+00
  3.375000E+00  1.343644E+00  7.027257E+00
  3.425000E+00  1.292538E+00  7.363101E+00
  3.475000E+00  1.242897E+00  7.695545E+00
  3.525000E+00  1.190935E+00  8.023323E+00
  3.575000E+00  1.151828E+00  8.349394E+00
  3.625000E+00  1.110954E+00  8.672753E+00
  3.675000E+00  1.079678E+00  8.995737E+00
  3.725000E+00  1.059631E+00  9.321408E+00
  3.775000E+00  1.037021E+00  9.648744E+00
  3.825000E+00  1.028086E+00  9.981913E+00
  3.875000E+00  1.027208E+00  1.032356E+01
  3.925000E+00  1.020721E+00  1.067186E+01
  3.975000E+00  1.025316E+00  1.103070E+01
  4.025000E+00  1.026246E+00  1.139896E+01
  4.075000E+00  1.020046E+00  1.177415E+01
  4.125000E+00  1.012697E+00  1.215583E+01
  4.175000E+00  9.974517E-01  1.254093E+01
  4.225000E+00  9.809111E-01  1.292877E+01
  4.275000E+00  9.731245E-01  1.332269E+01
  4.325000E+00  9.625478E-01  1.372150E+01
  4.375000E+00  9.634735E-01  1.412998E+01
  4.425000E+00  9.657960E-01  1.454885E+01
  4.475000E+00  9.779664E-01  1.498264E+01
  4.525000E+00  9.972316E-01  1.543492E+01
  4.575000E+00  1.019981E+00  1.590779E+01
  4.625000E+00  1.042848E+00  1.640189E+01
  4.675000E+00  1.073787E+00  1.692171E+01
  4.725000E+00  1.093351E+00  1.746238E+01
  4.775000E+00  1.106976E+00  1.802144E+01
  4.825000E+00  1.111229E+00  1.859445E+01
  4.875000E+00  1.109150E+00  1.917832E+01
  4.925000E+00  1.103711E+00  1.977129E+01
  4.975000E+00  1.091854E+00  2.036987E+01
  5.025000E+00  1.081608E+00  2.097481E+01
  5.075000E+00  1.066562E+00  2.158326E+01
  5.125000E+00  1.053640E+00  2.219625E+01
  5.175000E+00  1.041710E+00  2.281417E+01
  5.225000E+00  1.037693E+00  2.344167E+01
  5.275000E+00  1.032828E+00  2.407823E+01
  5.325000E+00  1.031942E+00  2.472636E+01
  5.375000E+00  1.035875E+00  2.538924E+01
  5.425000E+00  1.037107E+00  2.606531E+01
  5.475000E+00  1.034805E+00  2.675237E+01
  5.525000E+00  1.043580E+00  2.745797E+01
  5.575000E+00  1.053319E+00  2.818311E+01
  5.625000E+00  1.056798E+00  2.892375E+01
  5.675000E+00  1.062657E+00  2.968179E+01
  5.725000E+00  1.068675E+00  3.045762E+01
  5.775000E+00  1.071177E+00  3.124890E+01
  5.825000E+00  1.080950E+00  3.206129E+01
  5.875000E+00  1.079794E+00  3.288681E+01
  5.925000E+00  1.086354E+00  3.373154E+01
  5.975000E+00  1.087998E+00  3.459188E+01
O_s     O_s     
  2.500000E-02  0.000000E+00  0.000000E+00
  7.500000E-02  0.000000E+00  0.000000E+00
  1.250000E-01  0.000000E+00  0.000000E+00
  1.750000E-01  0.000000E+00  0.000000E+00
  2.250000E-01  0.000000E+00  0.000000E+00
  2.750000E-01  3.061653E-04  5.142590E-07
  3.250000E-01  0.000000E+00  5.142590E-07
  3.750000E-01  1.648582E-04  1.028518E-06
  4.250000E-01  0.000000E+00  1.028518E-06
  4.750000E-01  0.000000E+00  1.028518E-06
  5.250000E-01  0.000000E+00  1.028518E-06
  5.750000E-01  0.000000E+00  1.028518E-06
  6.250000E-01  0.000000E+00  1.028518E-06
  6.750000E-01  0.000000E+00  1.028518E-06
  7.250000E-01  8.830757E-05  2.057036E-06
  7.750000E-01  0.000000E+00  2.057036E-06
  8.250000E-01  1.023049E-04  3.599813E-06
  8.750000E-01  0.000000E+00  3.599813E-06
  9.250000E-01  0.000000E+00  3.599813E-06
  9.750000E-01  4.883618E-05  4.628331E-06
  1.025000E+00  0.000000E+00  4.628331E-06
  1.075000E+00  8.034907E-05  6.685367E-06
  1.125000E+00  0.000000E+00  6.685367E-06
  1.175000E+00  3.362829E-05  7.713885E-06
  1.225000E+00  3.093952E-05  8.742403E-06
  1.275000E+00  7.140195E-05  1.131370E-05
  1.325000E+00  1.322308E-05  1.182796E-05
  1.375000E+00  6.139497E-05  1.439925E-05
  1.425000E+00  4.573006E-05  1.645629E-05
  1.475000E+00  6.402384E-05  1.954184E-05
  1.525000E+00  1.197895E-04  2.571295E-05
  1.575000E+00  5.615258E-05  2.879850E-05
  1.625000E+00  7.033396E-05  3.291258E-05
  1.675000E+00  9.929684E-05  3.908368E-05
  1.725000E+00  1.560405E-04  4.936886E-05
  1.775000E+00  1.392684E-03  1.465638E-04
  1.825000E+00  7.932415E-03  7.317905E-04
  1.875000E+00  2.632898E-02  2.782141E-03
  1.925000E+00  6.631015E-02  8.225058E-03
  1.975000E+00  1.206161E-01  1.864652E-02
  2.025000E+00  2.433949E-01  4.075451E-02
  2.075000E+00  7.644396E-01  1.136610E-01
  2.125000E+00  2.337278E+00  3.474447E-01
  2.175000E+00  3.725566E+00  7.378321E-01
  2.225000E+00  2.741046E+00  1.038412E+00
  2.275000E+00  1.132201E+00  1.168211E+00
  2.325000E+00  3.873574E-01  1.214592E+00
  2.375000E+00  1.838401E-01  1.237561E+00
  2.425000E+00  1.802341E-01  1.261038E+00
  2.475000E+00  2.626048E-01  1.296670E+00
  2.525000E+00  3.968714E-01  1.352717E+00
  2.575000E+00  5.825328E-01  1.438273E+00
  2.625000E+00  8.167843E-01  1.562938E+00
  2.675000E+00  1.059978E+00  1.730944E+00
  2.725000E+00  1.273629E+00  1.940429E+00
  2.775000E+00  1.421802E+00  2.182947E+00
  2.825000E+00  1.505587E+00  2.449093E+00
  2.875000E+00  1.530562E+00  2.729315E+00
  2.925000E+00  1.573225E+00  3.027454E+00
  2.975000E+00  1.602452E+00  3.341603E+00
  3.025000E+00  1.606992E+00  3.667320E+00
  3.075000E+00  1.603217E+00  4.003102E+00
  3.125000E+00  1.576335E+00  4.344078E+00
  3.175000E+00  1.542141E+00  4.688417E+00
  3.225000E+00  1.478807E+00  5.029096E+00
  3.275000E+00  1.432141E+00  5.369334E+00
  3.325000E+00  1.376915E+00  5.706516E+00
  3.375000E+00  1.306197E+00  6.036073E+00
  3.425000E+00  1.251099E+00  6.361150E+00
  3.475000E+00  1.206771E+00  6.683931E+00
  3.525000E+00  1.171470E+00  7.006351E+00
  3.575000E+00  1.131472E+00  7.326660E+00
  3.625000E+00  1.105482E+00  7.648426E+00
  3.675000E+00  1.080645E+00  7.971699E+00
  3.725000E+00  1.062904E+00  8.298377E+00
  3.775000E+00  1.048537E+00  8.629348E+00
  3.825000E+00  1.047938E+00  8.968950E+00
  3.875000E+00  1.049795E+00  9.318106E+00
  3.925000E+00  1.038624E+00  9.672519E+00
  3.975000E+00  1.038092E+00  1.003583E+01
  4.025000E+00  1.020018E+00  1.040186E+01
  4.075000E+00  1.002603E+00  1.077063E+01
  4.125000E+00  9.856469E-01  1.114211E+01
  4.175000E+00  9.764763E-01  1.151912E+01
  4.225000E+00  9.576115E-01  1.189774E+01
  4.275000E+00  9.544785E-01  1.228412E+01
  4.325000E+00  9.426382E-01  1.267468E+01
  4.375000E+00  9.494975E-01  1.307723E+01
  4.425000E+00  9.615230E-01  1.349425E+01
  4.475000E+00  9.773937E-01  1.392779E+01
  4.525000E+00  9.990605E-01  1.438089E+01
  4.575000E+00  1.030966E+00  1.485886E+01
  4.625000E+00  1.058933E+00  1.536058E+01
  4.675000E+00  1.086165E+00  1.588639E+01
  4.725000E+00  1.105486E+00  1.643306E+01
  4.775000E+00  1.129306E+00  1.700339E+01
  4.825000E+00  1.132966E+00  1.758762E+01
  4.875000E+00  1.127701E+00  1.818125E+01
  4.925000E+00  1.119795E+00  1.878286E+01
  4.975000E+00  1.107997E+00  1.939029E+01
  5.025000E+00  1.089028E+00  1.999938E+01
  5.075000E+00  1.076987E+00  2.061378E+01
  5.125000E+00  1.060381E+00  2.123069E+01
  5.175000E+00  1.048195E+00  2.185246E+01
  5.225000E+00  1.039413E+00  2.248100E+01
  5.275000E+00  1.030249E+00  2.311597E+01
  5.325000E+00  1.031310E+00  2.376371E+01
  5.375000E+00  1.037549E+00  2.442765E+01
  5.425000E+00  1.037233E+00  2.510381E+01
  5.475000E+00  1.035812E+00  2.579154E+01
  5.525000E+00  1.041985E+00  2.649606E+01
  5.575000E+00  1.040711E+00  2.721251E+01
  5.625000E+00  1.049425E+00  2.794799E+01
  5.675000E+00  1.064320E+00  2.870721E+01
  5.725000E+00  1.071184E+00  2.948486E+01
  5.775000E+00  1.068860E+00  3.027444E+01
  5.825000E+00  1.079894E+00  3.108604E+01
  5.875000E+00  1.086018E+00  3.191631E+01
  5.925000E+00  1.085584E+00  3.276044E+01
  5.975000E+00  1.085366E+00  3.361870E+01
