title: # Li56 La24 Zr16 O96                                                    
energy unitS: electron Volts
         0  0.000000E+00        52
 -5.393470E+05  4.500000E+02 -5.407429E+05  6.307024E+04 -6.038132E+05
  0.000000E+00  0.000000E+00  0.000000E+00  0.000000E+00 -5.393468E+05
  0.000000E+00  1.563293E+05 -4.473454E+05  6.036747E+05  0.000000E+00
  0.000000E+00  0.000000E+00  0.000000E+00  2.781571E+05  0.000000E+00
  0.000000E+00  0.000000E+00  9.000000E+01  9.000000E+01  9.000000E+01
  0.000000E+00 -2.909355E+02  0.000000E+00 -3.043164E+02 -1.806968E-02
  1.847541E-03 -1.806968E-02 -3.042934E+02  3.141088E-02  1.847541E-03
  3.141088E-02 -2.641967E+02  0.000000E+00  0.000000E+00  0.000000E+00
  0.000000E+00  0.000000E+00  6.618035E+01  0.000000E+00  0.000000E+00
  0.000000E+00  6.618035E+01  0.000000E+00  0.000000E+00  0.000000E+00
  6.350853E+01 -5.117913E+04
      1000  2.000000E-01        52
 -5.727321E+05  4.500000E+02 -5.741286E+05  1.123387E+05 -6.914974E+05
  0.000000E+00  0.000000E+00  0.000000E+00  0.000000E+00 -5.727324E+05
  0.000000E+00  5.591297E+03 -6.957314E+05  6.912624E+05  0.000000E+00
  0.000000E+00  0.000000E+00  0.000000E+00  2.750217E+05  1.502017E-02
  5.030119E+03  1.006024E+04  9.000000E+01  9.000000E+01  9.000000E+01
  0.000000E+00 -5.364975E+00  5.272682E-01 -3.241505E+01 -1.066739E+00
 -1.375561E+00 -1.066739E+00 -3.130207E+01  3.438779E-01 -1.375561E+00
  3.438779E-01  4.762219E+01  1.407810E+00  9.060591E-02  9.593031E-02
  5.381889E-01  6.026032E-01  6.593074E+01  0.000000E+00  0.000000E+00
  0.000000E+00  6.593074E+01  0.000000E+00  0.000000E+00  0.000000E+00
  6.326900E+01 -9.331267E+02
      2000  4.000000E-01        52
 -5.736605E+05  4.498218E+02 -5.750564E+05  1.123516E+05 -6.924879E+05
  0.000000E+00  0.000000E+00  0.000000E+00  0.000000E+00 -5.736608E+05
  0.000000E+00  9.997498E+03 -6.924034E+05  6.922411E+05  0.000000E+00
  0.000000E+00  0.000000E+00  0.000000E+00  2.747948E+05  2.574128E-01
  5.079923E+03  1.015985E+04  9.000000E+01  9.000000E+01  9.000000E+01
  0.000000E+00 -1.382292E+01  5.312314E-01 -3.207803E+01 -8.424398E-01
 -7.639322E-01 -8.424398E-01 -3.206181E+01 -3.579066E-01 -7.639322E-01
 -3.579066E-01  2.267107E+01  1.966296E+00  5.754259E-01  6.257127E-01
  1.202500E+00  1.241529E+00  6.591261E+01  0.000000E+00  0.000000E+00
  0.000000E+00  6.591261E+01  0.000000E+00  0.000000E+00  0.000000E+00
  6.325160E+01 -2.402229E+03
      3000  6.000000E-01        52
  7.098605E+11  1.469502E+03 -5.263672E+05  5.002944E+04 -5.959662E+05
  0.000000E+00  0.000000E+00  0.000000E+00  0.000000E+00 -5.218083E+05
  0.000000E+00  3.236392E+05 -3.080203E+05  5.925205E+05  0.000000E+00
  0.000000E+00  0.000000E+00  0.000000E+00  5.430543E+05  1.944401E+03
  1.956951E+04  3.913901E+04  9.000000E+01  9.000000E+01  9.000000E+01
  0.000000E+00 -3.052675E+02  7.098610E+11 -3.161715E+02  6.414868E+00
  1.586363E+01  6.414868E+00 -3.175711E+02 -1.429423E+01  1.586363E+01
 -1.429423E+01 -2.820598E+02  2.525452E+00  8.027365E-01  8.246303E-01
  1.683008E+00  2.155830E+03  8.271420E+01  0.000000E+00  0.000000E+00
  0.000000E+00  8.271420E+01  0.000000E+00  0.000000E+00  0.000000E+00
  7.937488E+01 -1.048407E+05
      4000  8.000000E-01        52
  7.098605E+11  4.500000E+02 -5.613682E+05  1.033530E+05 -6.708234E+05
  0.000000E+00  0.000000E+00  0.000000E+00  0.000000E+00 -5.599719E+05
  0.000000E+00  7.627045E+04 -6.036163E+05  6.676822E+05  0.000000E+00
  0.000000E+00  0.000000E+00  0.000000E+00  5.228553E+05  1.488857E-02
  6.102262E+03  1.220452E+04  9.000000E+01  9.000000E+01  9.000000E+01
  0.000000E+00 -7.407159E+01  7.098611E+11 -7.596841E+01 -5.975326E-01
  6.210771E-01 -5.975326E-01 -7.539519E+01  5.880837E-01  6.210771E-01
  5.880837E-01 -7.085116E+01  4.154979E+00  1.396585E+00  1.153407E+00
  3.193159E+00  2.154840E+03  8.167570E+01  0.000000E+00  0.000000E+00
  0.000000E+00  8.167570E+01  0.000000E+00  0.000000E+00  0.000000E+00
  7.837830E+01 -2.449284E+04
      5000  1.000000E+00        52
  7.098605E+11  4.507380E+02 -5.665368E+05  1.109957E+05 -6.841391E+05
  0.000000E+00  0.000000E+00  0.000000E+00  0.000000E+00 -5.651382E+05
  0.000000E+00  3.982654E+04 -6.545739E+05  6.811870E+05  0.000000E+00
  0.000000E+00  0.000000E+00  0.000000E+00  5.160142E+05  1.484201E-01
  6.606690E+03  1.321338E+04  9.000000E+01  9.000000E+01  9.000000E+01
  0.000000E+00 -3.782382E+01  7.098611E+11 -3.867706E+01 -9.928071E-01
  7.138699E-01 -9.928071E-01 -3.687661E+01  6.655563E-02  7.138699E-01
  6.655563E-02 -3.791779E+01  5.373948E+00  2.991232E+00  2.162277E+00
  4.471385E+00  2.156077E+03  8.131791E+01  0.000000E+00  0.000000E+00
  0.000000E+00  8.131791E+01  0.000000E+00  0.000000E+00  0.000000E+00
  7.803496E+01 -1.234335E+04
      6000  1.200000E+00        52
  7.098605E+11  4.505240E+02 -5.683136E+05  1.123153E+05 -6.873302E+05
  0.000000E+00  0.000000E+00  0.000000E+00  0.000000E+00 -5.669157E+05
  0.000000E+00  3.286712E+04 -6.649875E+05  6.844520E+05  0.000000E+00
  0.000000E+00  0.000000E+00  0.000000E+00  5.117177E+05  5.052135E-01
  6.701305E+03  1.340261E+04  9.000000E+01  9.000000E+01  9.000000E+01
  0.000000E+00 -3.097447E+01  7.098611E+11 -3.098385E+01 -6.300834E-01
  7.302006E-02 -6.300834E-01 -3.081650E+01 -9.271636E-01  7.302006E-02
 -9.271636E-01 -3.112304E+01  6.708099E+00  4.645605E+00  3.330268E+00
  5.893547E+00  2.157393E+03  8.109159E+01  0.000000E+00  0.000000E+00
  0.000000E+00  8.109159E+01  0.000000E+00  0.000000E+00  0.000000E+00
  7.781778E+01 -1.002398E+04
      7000  1.400000E+00        52
  7.098605E+11  4.500000E+02 -5.691751E+05  1.125871E+05 -6.884457E+05
  0.000000E+00  0.000000E+00  0.000000E+00  0.000000E+00 -5.677789E+05
  0.000000E+00  3.077201E+04 -6.682450E+05  6.856501E+05  0.000000E+00
  0.000000E+00  0.000000E+00  0.000000E+00  5.079114E+05  1.485828E-02
  6.683458E+03  1.336692E+04  9.000000E+01  9.000000E+01  9.000000E+01
  0.000000E+00 -2.903580E+01  7.098611E+11 -2.947217E+01  1.152046E-01
  1.474375E-01  1.152046E-01 -2.812900E+01 -1.396972E-01  1.474375E-01
 -1.396972E-01 -2.950624E+01  7.863841E+00  5.926525E+00  4.399633E+00
  7.119865E+00  2.158703E+03  8.089003E+01  0.000000E+00  0.000000E+00
  0.000000E+00  8.089003E+01  0.000000E+00  0.000000E+00  0.000000E+00
  7.762435E+01 -9.326696E+03
      8000  1.600000E+00        52
  7.098605E+11  4.500323E+02 -5.696898E+05  1.128845E+05 -6.892570E+05
  0.000000E+00  0.000000E+00  0.000000E+00  0.000000E+00 -5.682935E+05
  0.000000E+00  2.906147E+04 -6.708372E+05  6.865333E+05  0.000000E+00
  0.000000E+00  0.000000E+00  0.000000E+00  5.043661E+05  1.739877E-01
  6.682698E+03  1.336540E+04  9.000000E+01  9.000000E+01  9.000000E+01
  0.000000E+00 -2.745215E+01  7.098611E+11 -2.782397E+01  2.981047E-02
  4.243654E-02  2.981047E-02 -2.687780E+01 -3.848317E-01  4.243654E-02
 -3.848317E-01 -2.765467E+01  8.774294E+00  6.895713E+00  5.304743E+00
  8.124233E+00  2.159501E+03  8.070138E+01  0.000000E+00  0.000000E+00
  0.000000E+00  8.070138E+01  0.000000E+00  0.000000E+00  0.000000E+00
  7.744332E+01 -8.756452E+03
      9000  1.800000E+00        52
  7.098605E+11  4.500321E+02 -5.700688E+05  1.129991E+05 -6.897338E+05
  0.000000E+00  0.000000E+00  0.000000E+00  0.000000E+00 -5.686724E+05
  0.000000E+00  2.808012E+04 -6.723249E+05  6.870730E+05  0.000000E+00
  0.000000E+00  0.000000E+00  0.000000E+00  5.010015E+05  5.647718E-01
  6.666004E+03  1.333201E+04  9.000000E+01  9.000000E+01  9.000000E+01
  0.000000E+00 -2.660408E+01  7.098611E+11 -2.747967E+01 -5.506673E-01
 -1.724340E-01 -5.506673E-01 -2.538555E+01  1.137182E-01 -1.724340E-01
  1.137182E-01 -2.694701E+01  9.457857E+00  7.675575E+00  5.977354E+00
  8.865828E+00  2.160045E+03  8.052153E+01  0.000000E+00  0.000000E+00
  0.000000E+00  8.052153E+01  0.000000E+00  0.000000E+00  0.000000E+00
  7.727073E+01 -8.429334E+03
     10000  2.000000E+00        52
  7.098605E+11  4.500000E+02 -5.703750E+05  1.131302E+05 -6.901750E+05
  0.000000E+00  0.000000E+00  0.000000E+00  0.000000E+00 -5.689787E+05
  0.000000E+00  2.720155E+04 -6.737216E+05  6.875836E+05  0.000000E+00
  0.000000E+00  0.000000E+00  0.000000E+00  4.978265E+05  1.490432E-02
  6.669785E+03  1.333957E+04  9.000000E+01  9.000000E+01  9.000000E+01
  0.000000E+00 -2.584378E+01  7.098611E+11 -2.673268E+01  5.610912E-01
  2.440317E-01  5.610912E-01 -2.444692E+01 -1.128722E-01  2.440317E-01
 -1.128722E-01 -2.635174E+01  1.001297E+01  8.316569E+00  6.480152E+00
  9.470196E+00  2.160602E+03  8.035107E+01  0.000000E+00  0.000000E+00
  0.000000E+00  8.035107E+01  0.000000E+00  0.000000E+00  0.000000E+00
  7.710716E+01 -8.136546E+03
     11000  2.200000E+00        52
  7.098605E+11  4.501207E+02 -5.707016E+05  1.108193E+05 -6.878285E+05
  0.000000E+00  0.000000E+00  0.000000E+00  0.000000E+00 -5.693050E+05
  0.000000E+00  3.673564E+04 -6.608149E+05  6.849353E+05  0.000000E+00
  0.000000E+00  0.000000E+00  0.000000E+00  5.134240E+05  2.379805E-01
  6.307624E+03  1.261525E+04  9.000000E+01  9.000000E+01  9.000000E+01
  0.000000E+00 -3.484548E+01  7.098611E+11 -3.738375E+01  1.764157E-01
 -1.891725E-01  1.764157E-01 -3.154580E+01 -1.824105E+00 -1.891725E-01
 -1.824105E+00 -3.560690E+01  1.019616E+01  8.471884E+00  6.618561E+00
  9.953077E+00  2.214878E+03  8.118162E+01  0.000000E+00  0.000000E+00
  0.000000E+00  8.118162E+01  0.000000E+00  0.000000E+00  0.000000E+00
  7.790417E+01 -1.131433E+04
     12000  2.400000E+00        52
  7.098605E+11  4.663491E+02 -5.694070E+05  1.089730E+05 -6.843825E+05
  0.000000E+00  0.000000E+00  0.000000E+00  0.000000E+00 -5.679600E+05
  0.000000E+00  4.282966E+04 -6.492431E+05  6.800678E+05  0.000000E+00
  0.000000E+00  0.000000E+00  0.000000E+00  5.742177E+05  2.307617E+01
  6.002479E+03  1.200496E+04  9.000000E+01  9.000000E+01  9.000000E+01
  0.000000E+00 -3.665761E+01  7.098611E+11 -3.623553E+01  8.766860E-01
 -1.703408E+00  8.766860E-01 -3.688762E+01 -5.901720E-01 -1.703408E+00
 -5.901720E-01 -3.684967E+01  1.055339E+01  8.748798E+00  6.861972E+00
  1.156009E+01  2.407469E+03  8.426706E+01  0.000000E+00  0.000000E+00
  0.000000E+00  8.426706E+01  0.000000E+00  0.000000E+00  0.000000E+00
  8.086505E+01 -1.331210E+04
     13000  2.600000E+00        52
  7.100164E+11  4.500000E+02 -5.625708E+05  1.015767E+05 -6.700901E+05
  0.000000E+00  0.000000E+00  0.000000E+00  0.000000E+00 -5.611743E+05
  0.000000E+00  7.086420E+04 -5.982540E+05  6.572331E+05  0.000000E+00
  0.000000E+00  0.000000E+00  0.000000E+00  8.106081E+05  1.485587E-02
  5.942544E+03  1.188509E+04  9.000000E+01  9.000000E+01  9.000000E+01
  0.000000E+00 -4.426210E+01  7.100169E+11 -4.375257E+01 -7.812639E-02
  2.159915E-01 -7.812639E-02 -4.380587E+01  1.522429E-01  2.159915E-01
  1.522429E-01 -4.522788E+01  1.145358E+01  9.447791E+00  7.551746E+00
  1.261116E+01  3.284124E+03  9.452993E+01  0.000000E+00  0.000000E+00
  0.000000E+00  9.452993E+01  0.000000E+00  0.000000E+00  0.000000E+00
  9.071358E+01 -2.269076E+04
     14000  2.800000E+00        52
  7.100164E+11  4.563629E+02 -5.653030E+05  1.092262E+05 -6.811533E+05
  0.000000E+00  0.000000E+00  0.000000E+00  0.000000E+00 -5.638868E+05
  0.000000E+00  3.818002E+04 -6.433186E+05  6.682504E+05  0.000000E+00
  0.000000E+00  0.000000E+00  0.000000E+00  8.037581E+05  1.269975E+01
  6.624096E+03  1.324819E+04  9.000000E+01  9.000000E+01  9.000000E+01
  0.000000E+00 -2.318034E+01  7.100169E+11 -2.257305E+01 -1.396115E+00
  3.156673E-01 -1.396115E+00 -2.168058E+01 -3.202594E-03  3.156673E-01
 -3.202594E-03 -2.528741E+01  1.250405E+01  1.057270E+01  8.393807E+00
  1.444450E+01  3.290036E+03  9.426290E+01  0.000000E+00  0.000000E+00
  0.000000E+00  9.426290E+01  0.000000E+00  0.000000E+00  0.000000E+00
  9.045734E+01 -1.178288E+04
     15000  3.000000E+00        52
  7.139267E+11  7.329326E+02 -5.621029E+05  1.096521E+05 -6.807582E+05
  0.000000E+00  0.000000E+00  0.000000E+00  0.000000E+00 -5.598287E+05
  0.000000E+00  3.391531E+04 -6.456566E+05  6.615656E+05  0.000000E+00
  0.000000E+00  0.000000E+00  0.000000E+00  9.224502E+05  5.258924E+02
  9.003150E+03  1.800630E+04  9.000000E+01  9.000000E+01  9.000000E+01
  0.000000E+00 -1.678048E+01  7.139272E+11 -1.235783E+01  3.498658E-01
  6.553548E-01  3.498658E-01 -1.718849E+01  3.229119E+00  6.553548E-01
  3.229119E+00 -2.079510E+01  1.372215E+01  1.168450E+01  9.405069E+00
  1.688729E+01  3.643364E+03  9.869155E+01  0.000000E+00  0.000000E+00
  0.000000E+00  9.869155E+01  0.000000E+00  0.000000E+00  0.000000E+00
  9.470719E+01 -9.789335E+03
     16000  3.200000E+00        52
  7.139269E+11  4.500000E+02 -5.653958E+05  1.104688E+05 -6.824616E+05
  0.000000E+00  0.000000E+00  0.000000E+00  0.000000E+00 -5.639993E+05
  0.000000E+00  2.614355E+04 -6.505140E+05  6.634635E+05  0.000000E+00
  0.000000E+00  0.000000E+00  0.000000E+00  9.164340E+05  1.159683E-02
  6.597005E+03  1.319401E+04  9.000000E+01  9.000000E+01  9.000000E+01
  0.000000E+00 -1.343039E+01  7.139275E+11 -1.254865E+01 -7.658292E-01
 -6.421368E-01 -7.658292E-01 -1.317898E+01  4.669808E-01 -6.421368E-01
  4.669808E-01 -1.456354E+01  1.429870E+01  1.213903E+01  9.785159E+00
  1.857093E+01  3.649774E+03  9.847653E+01  0.000000E+00  0.000000E+00
  0.000000E+00  9.847653E+01  0.000000E+00  0.000000E+00  0.000000E+00
  9.450085E+01 -7.783877E+03
     17000  3.400000E+00        52
  7.139269E+11  4.511356E+02 -5.659999E+05  1.107572E+05 -6.834408E+05
  0.000000E+00  0.000000E+00  0.000000E+00  0.000000E+00 -5.645999E+05
  0.000000E+00  2.439479E+04 -6.527422E+05  6.637696E+05  0.000000E+00
  0.000000E+00  0.000000E+00  0.000000E+00  9.262661E+05  2.977578E+00
  6.683670E+03  1.336734E+04  9.000000E+01  9.000000E+01  9.000000E+01
  0.000000E+00 -1.228873E+01  7.139275E+11 -1.100162E+01 -2.816914E-02
  1.595172E+00 -2.816914E-02 -1.287996E+01  3.642480E-01  1.595172E+00
  3.642480E-01 -1.298460E+01  1.519054E+01  1.264514E+01  1.023141E+01
  2.045347E+01  3.683811E+03  9.882745E+01  0.000000E+00  0.000000E+00
  0.000000E+00  9.882745E+01  0.000000E+00  0.000000E+00  0.000000E+00
  9.483761E+01 -7.198610E+03
     18000  3.600000E+00        52
  7.139271E+11  5.445324E+02 -5.655017E+05  1.119440E+05 -6.852674E+05
  0.000000E+00  0.000000E+00  0.000000E+00  0.000000E+00 -5.638119E+05
  0.000000E+00  2.091463E+04 -6.601494E+05  6.654205E+05  0.000000E+00
  0.000000E+00  0.000000E+00  0.000000E+00  9.258265E+05  1.862202E+02
  7.821763E+03  1.564353E+04  9.000000E+01  9.000000E+01  9.000000E+01
  0.000000E+00 -9.983411E+00  7.139276E+11 -8.365487E+00 -1.767871E+00
 -2.157750E+00 -1.767871E+00 -8.043674E+00  1.605346E+00 -2.157750E+00
  1.605346E+00 -1.354107E+01  1.580885E+01  1.319035E+01  1.073223E+01
  2.250694E+01  3.697758E+03  9.881181E+01  0.000000E+00  0.000000E+00
  0.000000E+00  9.881181E+01  0.000000E+00  0.000000E+00  0.000000E+00
  9.482260E+01 -5.845404E+03
     19000  3.800000E+00        52
  7.139271E+11  4.500000E+02 -5.669067E+05  1.122791E+05 -6.860347E+05
  0.000000E+00  0.000000E+00  0.000000E+00  0.000000E+00 -5.655102E+05
  0.000000E+00  1.717470E+04 -6.624661E+05  6.659430E+05  0.000000E+00
  0.000000E+00  0.000000E+00  0.000000E+00  9.274521E+05  9.407270E-03
  6.848917E+03  1.369783E+04  9.000000E+01  9.000000E+01  9.000000E+01
  0.000000E+00 -8.173802E+00  7.139276E+11 -7.059706E+00 -5.735953E-01
  7.576852E-01 -5.735953E-01 -7.883111E+00 -4.786286E-01  7.576852E-01
 -4.786286E-01 -9.578588E+00  1.624993E+01  1.361194E+01  1.112270E+01
  2.525977E+01  3.715023E+03  9.886961E+01  0.000000E+00  0.000000E+00
  0.000000E+00  9.886961E+01  0.000000E+00  0.000000E+00  0.000000E+00
  9.487807E+01 -4.794260E+03
     20000  4.000000E+00        52
  7.139271E+11  4.495873E+02 -5.664236E+05  1.092974E+05 -6.821243E+05
  0.000000E+00  0.000000E+00  0.000000E+00  0.000000E+00 -5.650283E+05
  0.000000E+00  2.623707E+04 -6.451289E+05  6.585595E+05  0.000000E+00
  0.000000E+00  0.000000E+00  0.000000E+00  9.901565E+05  4.172493E-01
  6.403251E+03  1.280650E+04  9.000000E+01  9.000000E+01  9.000000E+01
  0.000000E+00 -1.248158E+01  7.139277E+11 -1.233925E+01 -5.155145E-01
  7.398735E-02 -5.155145E-01 -1.151201E+01 -1.677069E+00  7.398735E-02
 -1.677069E+00 -1.359346E+01  1.668556E+01  1.396945E+01  1.149513E+01
  2.684965E+01  3.948590E+03  1.010494E+02  0.000000E+00  0.000000E+00
  0.000000E+00  1.010494E+02  0.000000E+00  0.000000E+00  0.000000E+00
  9.696982E+01 -7.815906E+03
     21000  4.200000E+00        52
  7.139271E+11  4.510674E+02 -5.660361E+05  1.086902E+05 -6.810362E+05
  0.000000E+00  0.000000E+00  0.000000E+00  0.000000E+00 -5.646362E+05
  0.000000E+00  2.024970E+04 -6.426910E+05  6.503210E+05  0.000000E+00
  0.000000E+00  0.000000E+00  0.000000E+00  1.099096E+06  4.994441E-01
  6.309811E+03  1.261962E+04  9.000000E+01  9.000000E+01  9.000000E+01
  0.000000E+00 -8.368768E+00  7.139277E+11 -7.129711E+00  9.795511E-02
 -4.832461E-01  9.795511E-02 -7.437596E+00 -6.601657E-02 -4.832461E-01
 -6.601657E-02 -1.053900E+01  1.779256E+01  1.502484E+01  1.248306E+01
  2.907211E+01  4.164740E+03  1.046271E+02  0.000000E+00  0.000000E+00
  0.000000E+00  1.046271E+02  0.000000E+00  0.000000E+00  0.000000E+00
  1.004031E+02 -5.817054E+03
     22000  4.400000E+00        52
  7.139271E+11  4.500000E+02 -5.668904E+05  1.099158E+05 -6.834573E+05
  0.000000E+00  0.000000E+00  0.000000E+00  0.000000E+00 -5.654937E+05
  0.000000E+00  1.533254E+04 -6.498203E+05  6.518505E+05  0.000000E+00
  0.000000E+00  0.000000E+00  0.000000E+00  1.105392E+06  1.135275E-02
  6.651134E+03  1.330227E+04  9.000000E+01  9.000000E+01  9.000000E+01
  0.000000E+00 -5.979649E+00  7.139277E+11 -5.693309E+00  2.982969E-01
 -1.224924E+00  2.982969E-01 -5.979551E+00 -6.409873E-01 -1.224924E+00
 -6.409873E-01 -6.266088E+00  1.861783E+01  1.584148E+01  1.321091E+01
  3.130691E+01  4.176168E+03  1.048265E+02  0.000000E+00  0.000000E+00
  0.000000E+00  1.048265E+02  0.000000E+00  0.000000E+00  0.000000E+00
  1.005945E+02 -4.180209E+03
     23000  4.600000E+00        52
  7.139271E+11  4.499523E+02 -5.672122E+05  1.102481E+05 -6.842036E+05
  0.000000E+00  0.000000E+00  0.000000E+00  0.000000E+00 -5.658156E+05
  0.000000E+00  1.307213E+04 -6.520097E+05  6.515951E+05  0.000000E+00
  0.000000E+00  0.000000E+00  0.000000E+00  1.115085E+06  1.520879E-01
  6.743360E+03  1.348672E+04  9.000000E+01  9.000000E+01  9.000000E+01
  0.000000E+00 -4.859362E+00  7.139277E+11 -4.513743E+00  8.891195E-01
  2.998775E-01  8.891195E-01 -3.893612E+00  6.308472E-01  2.998775E-01
  6.308472E-01 -6.170733E+00  1.913097E+01  1.634263E+01  1.366476E+01
  3.404884E+01  4.199113E+03  1.051320E+02  0.000000E+00  0.000000E+00
  0.000000E+00  1.051320E+02  0.000000E+00  0.000000E+00  0.000000E+00
  1.008876E+02 -3.426836E+03
     24000  4.800000E+00        52
  7.139271E+11  4.508496E+02 -5.673075E+05  1.086021E+05 -6.821644E+05
  0.000000E+00  0.000000E+00  0.000000E+00  0.000000E+00 -5.659082E+05
  0.000000E+00  1.280486E+04 -6.429606E+05  6.432560E+05  0.000000E+00
  0.000000E+00  0.000000E+00  0.000000E+00  1.206018E+06  1.514334E+00
  6.254747E+03  1.250949E+04  9.000000E+01  9.000000E+01  9.000000E+01
  0.000000E+00 -4.373733E+00  7.139277E+11 -3.622610E+00 -1.241429E+00
  7.086350E-02 -1.241429E+00 -2.398686E+00 -7.198297E-01  7.086350E-02
 -7.198297E-01 -7.099903E+00  2.007604E+01  1.716962E+01  1.444786E+01
  3.655291E+01  4.303412E+03  1.079154E+02  0.000000E+00  0.000000E+00
  0.000000E+00  1.079154E+02  0.000000E+00  0.000000E+00  0.000000E+00
  1.035587E+02 -3.335892E+03
     25000  5.000000E+00        52
  7.139329E+11  4.500000E+02 -5.674256E+05  1.104696E+05 -6.848045E+05
  0.000000E+00  0.000000E+00  0.000000E+00  0.000000E+00 -5.660289E+05
  0.000000E+00  5.619382E+03 -6.534428E+05  6.452436E+05  0.000000E+00
  0.000000E+00  0.000000E+00  0.000000E+00  1.203616E+06  1.567522E-02
  6.909289E+03  1.381858E+04  9.000000E+01  9.000000E+01  9.000000E+01
  0.000000E+00 -1.238175E+00  7.139335E+11 -3.729742E-01 -4.438241E-01
 -1.823901E-01 -4.438241E-01  8.172201E-02 -3.998840E-01 -1.823901E-01
 -3.998840E-01 -3.423272E+00  2.096543E+01  1.804711E+01  1.526886E+01
  4.006194E+01  4.312589E+03  1.078438E+02  0.000000E+00  0.000000E+00
  0.000000E+00  1.078438E+02  0.000000E+00  0.000000E+00  0.000000E+00
  1.034899E+02 -9.424884E+02
     26000  5.200000E+00        52
  7.139329E+11  4.484300E+02 -5.681613E+05  1.099613E+05 -6.848369E+05
  0.000000E+00  0.000000E+00  0.000000E+00  0.000000E+00 -5.667694E+05
  0.000000E+00  4.888273E+03 -6.514007E+05  6.428603E+05  0.000000E+00
  0.000000E+00  0.000000E+00  0.000000E+00  1.233885E+06  7.557551E-01
  6.714355E+03  1.342871E+04  9.000000E+01  9.000000E+01  9.000000E+01
  0.000000E+00 -8.996561E-01  7.139335E+11  9.136956E-01 -1.282503E+00
  5.997905E-01 -1.282503E+00 -1.491001E-01 -7.806752E-01  5.997905E-01
