#Li56 La24 Zr16 O96                                                     
        15       120
Li      Li      
  2.500000E-02  0.000000E+00  0.000000E+00
  7.500000E-02  0.000000E+00  0.000000E+00
  1.250000E-01  0.000000E+00  0.000000E+00
  1.750000E-01  0.000000E+00  0.000000E+00
  2.250000E-01  0.000000E+00  0.000000E+00
  2.750000E-01  0.000000E+00  0.000000E+00
  3.250000E-01  0.000000E+00  0.000000E+00
  3.750000E-01  0.000000E+00  0.000000E+00
  4.250000E-01  0.000000E+00  0.000000E+00
  4.750000E-01  0.000000E+00  0.000000E+00
  5.250000E-01  0.000000E+00  0.000000E+00
  5.750000E-01  0.000000E+00  0.000000E+00
  6.250000E-01  0.000000E+00  0.000000E+00
  6.750000E-01  0.000000E+00  0.000000E+00
  7.250000E-01  0.000000E+00  0.000000E+00
  7.750000E-01  0.000000E+00  0.000000E+00
  8.250000E-01  0.000000E+00  0.000000E+00
  8.750000E-01  0.000000E+00  0.000000E+00
  9.250000E-01  0.000000E+00  0.000000E+00
  9.750000E-01  1.052346E-04  1.322304E-06
  1.025000E+00  0.000000E+00  1.322304E-06
  1.075000E+00  8.657002E-05  2.644609E-06
  1.125000E+00  1.976179E-03  3.570222E-05
  1.175000E+00  1.514495E-02  3.120638E-04
  1.225000E+00  6.320314E-02  1.565608E-03
  1.275000E+00  2.029726E-01  5.926568E-03
  1.325000E+00  4.709445E-01  1.685409E-02
  1.375000E+00  1.112458E+00  4.465158E-02
  1.425000E+00  2.091836E+00  1.007913E-01
  1.475000E+00  3.030282E+00  1.879233E-01
  1.525000E+00  4.429307E+00  3.240624E-01
  1.575000E+00  5.256979E+00  4.964090E-01
  1.625000E+00  5.604728E+00  6.920069E-01
  1.675000E+00  5.011918E+00  8.778449E-01
  1.725000E+00  4.414241E+00  1.051438E+00
  1.775000E+00  3.590619E+00  1.200946E+00
  1.825000E+00  2.793784E+00  1.323920E+00
  1.875000E+00  2.206473E+00  1.426437E+00
  1.925000E+00  1.801656E+00  1.514669E+00
  1.975000E+00  1.319414E+00  1.582685E+00
  2.025000E+00  9.918618E-01  1.636436E+00
  2.075000E+00  6.933863E-01  1.675891E+00
  2.125000E+00  5.443927E-01  1.708379E+00
  2.175000E+00  5.254050E-01  1.741226E+00
  2.225000E+00  4.910427E-01  1.773353E+00
  2.275000E+00  4.780866E-01  1.806054E+00
  2.325000E+00  5.011139E-01  1.841852E+00
  2.375000E+00  5.021622E-01  1.879286E+00
  2.425000E+00  4.613872E-01  1.915142E+00
  2.475000E+00  4.707513E-01  1.953251E+00
  2.525000E+00  4.747035E-01  1.993248E+00
  2.575000E+00  4.700744E-01  2.034439E+00
  2.625000E+00  5.203825E-01  2.081827E+00
  2.675000E+00  5.271058E-01  2.131672E+00
  2.725000E+00  5.273979E-01  2.183427E+00
  2.775000E+00  5.853816E-01  2.243000E+00
  2.825000E+00  6.077603E-01  2.307099E+00
  2.875000E+00  6.352627E-01  2.376490E+00
  2.925000E+00  6.354598E-01  2.448339E+00
  2.975000E+00  7.529834E-01  2.536411E+00
  3.025000E+00  7.870601E-01  2.631589E+00
  3.075000E+00  7.957258E-01  2.731023E+00
  3.125000E+00  8.416149E-01  2.839638E+00
  3.175000E+00  8.352377E-01  2.950907E+00
  3.225000E+00  8.731505E-01  3.070920E+00
  3.275000E+00  8.035565E-01  3.184818E+00
  3.325000E+00  8.086235E-01  3.302960E+00
  3.375000E+00  8.379785E-01  3.429102E+00
  3.425000E+00  8.597940E-01  3.562390E+00
  3.475000E+00  8.245246E-01  3.693970E+00
  3.525000E+00  8.246125E-01  3.829378E+00
  3.575000E+00  8.413461E-01  3.971481E+00
  3.625000E+00  8.801950E-01  4.124332E+00
  3.675000E+00  8.353149E-01  4.273419E+00
  3.725000E+00  8.665622E-01  4.432321E+00
  3.775000E+00  8.425867E-01  4.591001E+00
  3.825000E+00  8.685757E-01  4.758938E+00
  3.875000E+00  8.886534E-01  4.935278E+00
  3.925000E+00  9.231180E-01  5.123214E+00
  3.975000E+00  9.531022E-01  5.322230E+00
  4.025000E+00  1.036061E+00  5.544046E+00
  4.075000E+00  9.749159E-01  5.757988E+00
  4.125000E+00  9.761171E-01  5.977482E+00
  4.175000E+00  9.970614E-01  6.207155E+00
  4.225000E+00  1.007195E+00  6.444752E+00
  4.275000E+00  1.029002E+00  6.693272E+00
  4.325000E+00  1.025188E+00  6.946697E+00
  4.375000E+00  1.077177E+00  7.219166E+00
  4.425000E+00  1.081333E+00  7.498974E+00
  4.475000E+00  1.035799E+00  7.773090E+00
  4.525000E+00  1.060618E+00  8.060082E+00
  4.575000E+00  1.062717E+00  8.354031E+00
  4.625000E+00  1.087511E+00  8.661450E+00
  4.675000E+00  1.072060E+00  8.971088E+00
  4.725000E+00  1.053135E+00  9.281802E+00
  4.775000E+00  1.081128E+00  9.607561E+00
  4.825000E+00  1.094257E+00  9.944217E+00
  4.875000E+00  1.103532E+00  1.029080E+01
  4.925000E+00  1.066999E+00  1.063282E+01
  4.975000E+00  1.086621E+00  1.098823E+01
  5.025000E+00  1.103201E+00  1.135636E+01
  5.075000E+00  1.090246E+00  1.172744E+01
  5.125000E+00  1.107153E+00  1.211174E+01
  5.175000E+00  1.053801E+00  1.248469E+01
  5.225000E+00  1.072902E+00  1.287177E+01
  5.275000E+00  1.111931E+00  1.328065E+01
  5.325000E+00  1.150618E+00  1.371182E+01
  5.375000E+00  1.123586E+00  1.414080E+01
  5.425000E+00  1.103674E+00  1.457005E+01
  5.475000E+00  1.099907E+00  1.500576E+01
  5.525000E+00  1.083899E+00  1.544300E+01
  5.575000E+00  1.088818E+00  1.589022E+01
  5.625000E+00  1.080480E+00  1.634200E+01
  5.675000E+00  1.070264E+00  1.679751E+01
  5.725000E+00  1.076245E+00  1.726367E+01
  5.775000E+00  1.056475E+00  1.772929E+01
  5.825000E+00  1.081488E+00  1.821423E+01
  5.875000E+00  1.048162E+00  1.869232E+01
  5.925000E+00  1.032943E+00  1.917153E+01
  5.975000E+00  1.050448E+00  1.966712E+01
Li      La      
  2.500000E-02  0.000000E+00  0.000000E+00
  7.500000E-02  0.000000E+00  0.000000E+00
  1.250000E-01  0.000000E+00  0.000000E+00
  1.750000E-01  0.000000E+00  0.000000E+00
  2.250000E-01  0.000000E+00  0.000000E+00
  2.750000E-01  0.000000E+00  0.000000E+00
  3.250000E-01  0.000000E+00  0.000000E+00
  3.750000E-01  0.000000E+00  0.000000E+00
  4.250000E-01  0.000000E+00  0.000000E+00
  4.750000E-01  0.000000E+00  0.000000E+00
  5.250000E-01  0.000000E+00  0.000000E+00
  5.750000E-01  0.000000E+00  0.000000E+00
  6.250000E-01  0.000000E+00  0.000000E+00
  6.750000E-01  0.000000E+00  0.000000E+00
  7.250000E-01  0.000000E+00  0.000000E+00
  7.750000E-01  0.000000E+00  0.000000E+00
  8.250000E-01  0.000000E+00  0.000000E+00
  8.750000E-01  0.000000E+00  0.000000E+00
  9.250000E-01  0.000000E+00  0.000000E+00
  9.750000E-01  0.000000E+00  0.000000E+00
  1.025000E+00  0.000000E+00  0.000000E+00
  1.075000E+00  0.000000E+00  0.000000E+00
  1.125000E+00  0.000000E+00  0.000000E+00
  1.175000E+00  0.000000E+00  0.000000E+00
  1.225000E+00  0.000000E+00  0.000000E+00
  1.275000E+00  0.000000E+00  0.000000E+00
  1.325000E+00  0.000000E+00  0.000000E+00
  1.375000E+00  0.000000E+00  0.000000E+00
  1.425000E+00  0.000000E+00  0.000000E+00
  1.475000E+00  5.361627E-05  6.607149E-07
  1.525000E+00  0.000000E+00  6.607149E-07
  1.575000E+00  0.000000E+00  6.607149E-07
  1.625000E+00  0.000000E+00  6.607149E-07
  1.675000E+00  0.000000E+00  6.607149E-07
  1.725000E+00  0.000000E+00  6.607149E-07
  1.775000E+00  0.000000E+00  6.607149E-07
  1.825000E+00  0.000000E+00  6.607149E-07
  1.875000E+00  0.000000E+00  6.607149E-07
  1.925000E+00  0.000000E+00  6.607149E-07
  1.975000E+00  0.000000E+00  6.607149E-07
  2.025000E+00  2.844789E-05  1.321430E-06
  2.075000E+00  5.418699E-05  2.642860E-06
  2.125000E+00  5.166713E-05  3.964290E-06
  2.175000E+00  1.085019E-03  3.303575E-05
  2.225000E+00  6.527151E-03  2.160538E-04
  2.275000E+00  3.320050E-02  1.189287E-03
  2.325000E+00  1.302809E-01  5.178023E-03
  2.375000E+00  3.663908E-01  1.688325E-02
  2.425000E+00  7.911526E-01  4.323388E-02
  2.475000E+00  1.408719E+00  9.210829E-02
  2.525000E+00  2.086286E+00  1.674443E-01
  2.575000E+00  2.478108E+00  2.605080E-01
  2.625000E+00  2.606741E+00  3.622409E-01
  2.675000E+00  2.725256E+00  4.726893E-01
  2.725000E+00  2.967106E+00  5.974766E-01
  2.775000E+00  2.992067E+00  7.279737E-01
  2.825000E+00  3.069491E+00  8.667153E-01
  2.875000E+00  3.014833E+00  1.007853E+00
  2.925000E+00  3.081544E+00  1.157174E+00
  2.975000E+00  2.886386E+00  1.301861E+00
  3.025000E+00  2.891185E+00  1.451702E+00
  3.075000E+00  2.647364E+00  1.593479E+00
  3.125000E+00  2.295218E+00  1.720426E+00
  3.175000E+00  2.098134E+00  1.840217E+00
  3.225000E+00  1.958812E+00  1.955603E+00
  3.275000E+00  1.701810E+00  2.058982E+00
  3.325000E+00  1.537739E+00  2.155269E+00
  3.375000E+00  1.412938E+00  2.246422E+00
  3.425000E+00  1.332893E+00  2.334977E+00
  3.475000E+00  1.178567E+00  2.415582E+00
  3.525000E+00  1.100700E+00  2.493044E+00
  3.575000E+00  1.036819E+00  2.568095E+00
  3.625000E+00  9.631213E-01  2.639774E+00
  3.675000E+00  8.921936E-01  2.708019E+00
  3.725000E+00  8.615427E-01  2.775726E+00
  3.775000E+00  8.780919E-01  2.846597E+00
  3.825000E+00  7.717784E-01  2.910549E+00
  3.875000E+00  7.342067E-01  2.972989E+00
  3.925000E+00  7.251540E-01  3.036260E+00
  3.975000E+00  7.095733E-01  3.099759E+00
  4.025000E+00  7.178401E-01  3.165625E+00
  4.075000E+00  6.888956E-01  3.230414E+00
  4.125000E+00  6.604837E-01  3.294066E+00
  4.175000E+00  7.180910E-01  3.364956E+00
  4.225000E+00  7.067375E-01  3.436408E+00
  4.275000E+00  7.249957E-01  3.511450E+00
  4.325000E+00  7.077062E-01  3.586425E+00
  4.375000E+00  7.462811E-01  3.667327E+00
  4.425000E+00  7.798495E-01  3.753810E+00
  4.475000E+00  7.998149E-01  3.844524E+00
  4.525000E+00  7.922420E-01  3.936398E+00
  4.575000E+00  7.865351E-01  4.029636E+00
  4.625000E+00  7.964262E-01  4.126123E+00
  4.675000E+00  8.347749E-01  4.229453E+00
  4.725000E+00  8.316912E-01  4.334616E+00
  4.775000E+00  8.533883E-01  4.444818E+00
  4.825000E+00  8.717622E-01  4.559762E+00
  4.875000E+00  9.084980E-01  4.682046E+00
  4.925000E+00  9.063630E-01  4.806558E+00
  4.975000E+00  9.726529E-01  4.942903E+00
  5.025000E+00  9.823146E-01  5.083384E+00
  5.075000E+00  9.753200E-01  5.225655E+00
  5.125000E+00  1.023729E+00  5.377943E+00
  5.175000E+00  1.017181E+00  5.532225E+00
  5.225000E+00  1.048883E+00  5.694404E+00
  5.275000E+00  1.074758E+00  5.863780E+00
  5.325000E+00  1.078647E+00  6.037006E+00
  5.375000E+00  1.110036E+00  6.218637E+00
  5.425000E+00  1.143839E+00  6.409296E+00
  5.475000E+00  1.117644E+00  6.599040E+00
  5.525000E+00  1.185020E+00  6.803913E+00
  5.575000E+00  1.182679E+00  7.012099E+00
  5.625000E+00  1.188438E+00  7.225068E+00
  5.675000E+00  1.178694E+00  7.440063E+00
  5.725000E+00  1.206421E+00  7.664009E+00
  5.775000E+00  1.206676E+00  7.891933E+00
  5.825000E+00  1.241572E+00  8.130526E+00
  5.875000E+00  1.208808E+00  8.366828E+00
  5.925000E+00  1.221590E+00  8.609711E+00
  5.975000E+00  1.230029E+00  8.858417E+00
Li      Zr      
  2.500000E-02  0.000000E+00  0.000000E+00
  7.500000E-02  0.000000E+00  0.000000E+00
  1.250000E-01  0.000000E+00  0.000000E+00
  1.750000E-01  0.000000E+00  0.000000E+00
  2.250000E-01  0.000000E+00  0.000000E+00
  2.750000E-01  0.000000E+00  0.000000E+00
  3.250000E-01  0.000000E+00  0.000000E+00
  3.750000E-01  0.000000E+00  0.000000E+00
  4.250000E-01  0.000000E+00  0.000000E+00
  4.750000E-01  0.000000E+00  0.000000E+00
  5.250000E-01  0.000000E+00  0.000000E+00
  5.750000E-01  0.000000E+00  0.000000E+00
  6.250000E-01  0.000000E+00  0.000000E+00
  6.750000E-01  0.000000E+00  0.000000E+00
  7.250000E-01  0.000000E+00  0.000000E+00
  7.750000E-01  0.000000E+00  0.000000E+00
  8.250000E-01  0.000000E+00  0.000000E+00
  8.750000E-01  0.000000E+00  0.000000E+00
  9.250000E-01  0.000000E+00  0.000000E+00
  9.750000E-01  0.000000E+00  0.000000E+00
  1.025000E+00  0.000000E+00  0.000000E+00
  1.075000E+00  0.000000E+00  0.000000E+00
  1.125000E+00  0.000000E+00  0.000000E+00
  1.175000E+00  0.000000E+00  0.000000E+00
  1.225000E+00  0.000000E+00  0.000000E+00
  1.275000E+00  0.000000E+00  0.000000E+00
  1.325000E+00  0.000000E+00  0.000000E+00
  1.375000E+00  0.000000E+00  0.000000E+00
  1.425000E+00  0.000000E+00  0.000000E+00
  1.475000E+00  0.000000E+00  0.000000E+00
  1.525000E+00  0.000000E+00  0.000000E+00
  1.575000E+00  0.000000E+00  0.000000E+00
  1.625000E+00  0.000000E+00  0.000000E+00
  1.675000E+00  6.236653E-05  6.607149E-07
  1.725000E+00  0.000000E+00  6.607149E-07
  1.775000E+00  0.000000E+00  6.607149E-07
  1.825000E+00  1.050729E-04  1.982145E-06
  1.875000E+00  0.000000E+00  1.982145E-06
  1.925000E+00  4.722017E-05  2.642860E-06
  1.975000E+00  6.280354E-04  1.189287E-05
  2.025000E+00  3.541763E-03  6.673221E-05
  2.075000E+00  2.430286E-02  4.618397E-04
  2.125000E+00  1.182661E-01  2.478342E-03
  2.175000E+00  2.537464E-01  7.010846E-03
  2.225000E+00  4.948382E-01  1.626086E-02
  2.275000E+00  7.894755E-01  3.168921E-02
  2.325000E+00  1.101766E+00  5.417730E-02
  2.375000E+00  1.478820E+00  8.567359E-02
  2.425000E+00  1.977673E+00  1.295867E-01
  2.475000E+00  2.694681E+00  1.919132E-01
  2.525000E+00  3.490754E+00  2.759476E-01
  2.575000E+00  4.031049E+00  3.768698E-01
  2.625000E+00  4.421864E+00  4.919175E-01
  2.675000E+00  4.342379E+00  6.092419E-01
  2.725000E+00  3.992626E+00  7.211869E-01
  2.775000E+00  3.381193E+00  8.194993E-01
  2.825000E+00  2.990615E+00  9.096168E-01
  2.875000E+00  2.377508E+00  9.838178E-01
  2.925000E+00  1.923006E+00  1.045940E+00
  2.975000E+00  1.468078E+00  1.095000E+00
  3.025000E+00  1.292648E+00  1.139663E+00
  3.075000E+00  1.001325E+00  1.175413E+00
  3.125000E+00  8.916297E-01  1.208290E+00
  3.175000E+00  8.450906E-01  1.240456E+00
  3.225000E+00  7.686665E-01  1.270642E+00
  3.275000E+00  6.883225E-01  1.298518E+00
  3.325000E+00  6.867547E-01  1.327185E+00
  3.375000E+00  7.007695E-01  1.357325E+00
  3.425000E+00  6.134362E-01  1.384495E+00
  3.475000E+00  6.033300E-01  1.412004E+00
  3.525000E+00  5.887018E-01  1.439624E+00
  3.575000E+00  5.585900E-01  1.466580E+00
  3.625000E+00  6.110682E-01  1.496899E+00
  3.675000E+00  6.600756E-01  1.530559E+00
  3.725000E+00  6.910527E-01  1.566764E+00
  3.775000E+00  6.573717E-01  1.602135E+00
  3.825000E+00  6.820039E-01  1.639811E+00
  3.875000E+00  7.182878E-01  1.680534E+00
  3.925000E+00  7.832612E-01  1.726095E+00
  3.975000E+00  8.051667E-01  1.774131E+00
  4.025000E+00  8.799929E-01  1.827960E+00
  4.075000E+00  8.892802E-01  1.883717E+00
  4.125000E+00  9.303279E-01  1.943488E+00
  4.175000E+00  9.468891E-01  2.005807E+00
  4.225000E+00  9.507057E-01  2.069884E+00
  4.275000E+00  9.612287E-01  2.136214E+00
  4.325000E+00  9.423131E-01  2.202767E+00
  4.375000E+00  9.569823E-01  2.271929E+00
  4.425000E+00  1.005766E+00  2.346287E+00
  4.475000E+00  9.660624E-01  2.419333E+00
  4.525000E+00  9.396607E-01  2.491980E+00
  4.575000E+00  9.396920E-01  2.566243E+00
  4.625000E+00  9.690916E-01  2.644512E+00
  4.675000E+00  9.557754E-01  2.723384E+00
  4.725000E+00  9.530236E-01  2.803721E+00
  4.775000E+00  9.842526E-01  2.888455E+00
  4.825000E+00  9.989788E-01  2.976267E+00
  4.875000E+00  1.050007E+00  3.070488E+00
  4.925000E+00  1.014345E+00  3.163385E+00
  4.975000E+00  1.018005E+00  3.258520E+00
  5.025000E+00  1.072325E+00  3.360756E+00
  5.075000E+00  1.117115E+00  3.469392E+00
  5.125000E+00  1.114192E+00  3.579889E+00
  5.175000E+00  1.101482E+00  3.691268E+00
  5.225000E+00  1.122011E+00  3.806925E+00
  5.275000E+00  1.140530E+00  3.926752E+00
  5.325000E+00  1.166811E+00  4.051676E+00
  5.375000E+00  1.198099E+00  4.182369E+00
  5.425000E+00  1.153974E+00  4.310602E+00
  5.475000E+00  1.197325E+00  4.446116E+00
  5.525000E+00  1.260061E+00  4.591347E+00
  5.575000E+00  1.255779E+00  4.738716E+00
  5.625000E+00  1.239079E+00  4.886746E+00
  5.675000E+00  1.256261E+00  5.039507E+00
  5.725000E+00  1.219432E+00  5.190415E+00
  5.775000E+00  1.207129E+00  5.342421E+00
  5.825000E+00  1.172467E+00  5.492630E+00
  5.875000E+00  1.180854E+00  5.646522E+00
  5.925000E+00  1.156697E+00  5.799842E+00
  5.975000E+00  1.161858E+00  5.956457E+00
Li      O       
  2.500000E-02  0.000000E+00  0.000000E+00
  7.500000E-02  0.000000E+00  0.000000E+00
  1.250000E-01  0.000000E+00  0.000000E+00
  1.750000E-01  0.000000E+00  0.000000E+00
  2.250000E-01  0.000000E+00  0.000000E+00
  2.750000E-01  0.000000E+00  0.000000E+00
  3.250000E-01  0.000000E+00  0.000000E+00
  3.750000E-01  0.000000E+00  0.000000E+00
  4.250000E-01  0.000000E+00  0.000000E+00
  4.750000E-01  0.000000E+00  0.000000E+00
  5.250000E-01  0.000000E+00  0.000000E+00
  5.750000E-01  0.000000E+00  0.000000E+00
  6.250000E-01  0.000000E+00  0.000000E+00
  6.750000E-01  0.000000E+00  0.000000E+00
  7.250000E-01  5.546437E-05  6.607149E-07
  7.750000E-01  4.854094E-05  1.321430E-06
  8.250000E-01  0.000000E+00  1.321430E-06
  8.750000E-01  1.142482E-04  3.303575E-06
  9.250000E-01  8.178700E-04  1.916073E-05
  9.750000E-01  1.656348E-03  5.483934E-05
  1.025000E+00  2.198131E-02  5.781256E-04
  1.075000E+00  3.953489E-01  1.093021E-02
  1.125000E+00  3.133901E+00  1.008000E-01
  1.175000E+00  1.453193E+01  5.553864E-01
  1.225000E+00  2.616231E+01  1.444916E+00
  1.275000E+00  1.101281E+01  1.850542E+00
  1.325000E+00  3.513505E+00  1.990300E+00
  1.375000E+00  1.077319E+00  2.036448E+00
  1.425000E+00  3.889132E-01  2.054341E+00
  1.475000E+00  1.844400E-01  2.063432E+00
  1.525000E+00  1.015833E-01  2.068784E+00
  1.575000E+00  6.541115E-02  2.072461E+00
  1.625000E+00  5.978046E-02  2.076037E+00
  1.675000E+00  5.846862E-02  2.079754E+00
  1.725000E+00  4.805245E-02  2.082993E+00
  1.775000E+00  4.856774E-02  2.086460E+00
  1.825000E+00  5.278160E-02  2.090443E+00
  1.875000E+00  6.108685E-02  2.095308E+00
  1.925000E+00  6.784752E-02  2.101004E+00
  1.975000E+00  8.183899E-02  2.108236E+00
  2.025000E+00  9.729890E-02  2.117276E+00
  2.075000E+00  1.297101E-01  2.129928E+00
  2.125000E+00  1.456690E-01  2.144831E+00
  2.175000E+00  1.820859E-01  2.164346E+00
  2.225000E+00  2.427358E-01  2.191570E+00
  2.275000E+00  3.133650E-01  2.228314E+00
  2.325000E+00  4.036722E-01  2.277750E+00
  2.375000E+00  5.258751E-01  2.344951E+00
  2.425000E+00  6.383407E-01  2.429995E+00
  2.475000E+00  8.165855E-01  2.543318E+00
  2.525000E+00  9.135073E-01  2.675266E+00
  2.575000E+00  1.013205E+00  2.827467E+00
  2.625000E+00  1.111298E+00  3.000949E+00
  2.675000E+00  1.147293E+00  3.186937E+00
  2.725000E+00  1.191178E+00  3.387326E+00
  2.775000E+00  1.194883E+00  3.595783E+00
  2.825000E+00  1.171847E+00  3.807653E+00
  2.875000E+00  1.143891E+00  4.021855E+00
  2.925000E+00  1.119650E+00  4.238874E+00
  2.975000E+00  1.085673E+00  4.456562E+00
  3.025000E+00  1.094312E+00  4.683420E+00
  3.075000E+00  1.059345E+00  4.910348E+00
  3.125000E+00  1.067605E+00  5.146544E+00
  3.175000E+00  1.084062E+00  5.394116E+00
  3.225000E+00  1.089498E+00  5.650829E+00
  3.275000E+00  1.074562E+00  5.911933E+00
  3.325000E+00  1.112595E+00  6.190597E+00
  3.375000E+00  1.102390E+00  6.475071E+00
  3.425000E+00  1.127574E+00  6.774729E+00
  3.475000E+00  1.146899E+00  7.088487E+00
  3.525000E+00  1.155719E+00  7.413821E+00
  3.575000E+00  1.208364E+00  7.763693E+00
  3.625000E+00  1.245540E+00  8.134487E+00
  3.675000E+00  1.258203E+00  8.519454E+00
  3.725000E+00  1.259376E+00  8.915337E+00
  3.775000E+00  1.256832E+00  9.321097E+00
  3.825000E+00  1.268028E+00  9.741388E+00
  3.875000E+00  1.235454E+00  1.016166E+01
  3.925000E+00  1.235186E+00  1.059275E+01
  3.975000E+00  1.236603E+00  1.103540E+01
  4.025000E+00  1.193904E+00  1.147359E+01
  4.075000E+00  1.181225E+00  1.191796E+01
  4.125000E+00  1.146887E+00  1.236006E+01
  4.175000E+00  1.115473E+00  1.280055E+01
  4.225000E+00  1.095204E+00  1.324345E+01
  4.275000E+00  1.092330E+00  1.369570E+01
  4.325000E+00  1.064734E+00  1.414690E+01
  4.375000E+00  1.056413E+00  1.460499E+01
  4.425000E+00  1.066527E+00  1.507809E+01
  4.475000E+00  1.068254E+00  1.556273E+01
  4.525000E+00  1.056956E+00  1.605301E+01
  4.575000E+00  1.062552E+00  1.655685E+01
  4.625000E+00  1.071796E+00  1.707624E+01
  4.675000E+00  1.061840E+00  1.760199E+01
  4.725000E+00  1.068720E+00  1.814252E+01
  4.775000E+00  1.088250E+00  1.870464E+01
  4.825000E+00  1.090104E+00  1.927958E+01
  4.875000E+00  1.090500E+00  1.986670E+01
  4.925000E+00  1.092825E+00  2.046721E+01
  4.975000E+00  1.080575E+00  2.107310E+01
  5.025000E+00  1.080655E+00  2.169128E+01
  5.075000E+00  1.085459E+00  2.232463E+01
  5.125000E+00  1.055015E+00  2.295240E+01
  5.175000E+00  1.066958E+00  2.359973E+01
  5.225000E+00  1.070417E+00  2.426176E+01
  5.275000E+00  1.057659E+00  2.492849E+01
  5.325000E+00  1.049080E+00  2.560240E+01
  5.375000E+00  1.010657E+00  2.626388E+01
  5.425000E+00  1.010210E+00  2.693742E+01
  5.475000E+00  1.007749E+00  2.762177E+01
  5.525000E+00  1.016550E+00  2.832475E+01
  5.575000E+00  1.028654E+00  2.904905E+01
  5.625000E+00  1.007343E+00  2.977111E+01
  5.675000E+00  9.959398E-01  3.049775E+01
  5.725000E+00  9.980082E-01  3.123879E+01
  5.775000E+00  1.000168E+00  3.199446E+01
  5.825000E+00  1.005109E+00  3.276707E+01
  5.875000E+00  1.004680E+00  3.355266E+01
  5.925000E+00  1.007588E+00  3.435400E+01
  5.975000E+00  1.015824E+00  3.517557E+01
Li      O_s     
  2.500000E-02  0.000000E+00  0.000000E+00
  7.500000E-02  0.000000E+00  0.000000E+00
  1.250000E-01  0.000000E+00  0.000000E+00
  1.750000E-01  0.000000E+00  0.000000E+00
  2.250000E-01  0.000000E+00  0.000000E+00
  2.750000E-01  0.000000E+00  0.000000E+00
  3.250000E-01  0.000000E+00  0.000000E+00
  3.750000E-01  0.000000E+00  0.000000E+00
  4.250000E-01  1.612812E-04  6.607149E-07
  4.750000E-01  0.000000E+00  6.607149E-07
  5.250000E-01  1.057342E-04  1.321430E-06
  5.750000E-01  0.000000E+00  1.321430E-06
  6.250000E-01  1.492453E-04  2.642860E-06
  6.750000E-01  0.000000E+00  2.642860E-06
  7.250000E-01  1.109287E-04  3.964290E-06
  7.750000E-01  4.854094E-05  4.625005E-06
  8.250000E-01  2.998606E-04  9.250009E-06
  8.750000E-01  6.854890E-04  2.114288E-05
  9.250000E-01  3.407792E-03  8.721437E-05
  9.750000E-01  3.355638E-02  8.100365E-04
  1.025000E+00  2.716190E+00  6.547157E-02
  1.075000E+00  2.683036E+01  7.680157E-01
  1.125000E+00  3.005146E+01  1.629791E+00
  1.175000E+00  8.135677E+00  1.884290E+00
  1.225000E+00  2.566321E+00  1.971546E+00
  1.275000E+00  1.136548E+00  2.013408E+00
  1.325000E+00  5.614799E-01  2.035742E+00
  1.375000E+00  3.235119E-01  2.049600E+00
  1.425000E+00  1.628406E-01  2.057092E+00
  1.475000E+00  1.145109E-01  2.062736E+00
  1.525000E+00  7.281745E-02  2.066573E+00
  1.575000E+00  5.901581E-02  2.069890E+00
  1.625000E+00  5.555066E-02  2.073213E+00
  1.675000E+00  4.489351E-02  2.076067E+00
  1.725000E+00  4.769962E-02  2.079282E+00
  1.775000E+00  4.982659E-02  2.082839E+00
  1.825000E+00  6.322760E-02  2.087610E+00
  1.875000E+00  6.431373E-02  2.092733E+00
  1.925000E+00  8.200570E-02  2.099617E+00
  1.975000E+00  9.171560E-02  2.107722E+00
  2.025000E+00  1.144245E-01  2.118353E+00
  2.075000E+00  1.573929E-01  2.133706E+00
  2.125000E+00  1.919240E-01  2.153340E+00
  2.175000E+00  2.682277E-01  2.182087E+00
  2.225000E+00  3.721949E-01  2.223832E+00
  2.275000E+00  5.274722E-01  2.285681E+00
  2.325000E+00  6.604952E-01  2.366569E+00
  2.375000E+00  7.975040E-01  2.468481E+00
  2.425000E+00  9.229519E-01  2.591443E+00
  2.475000E+00  1.005430E+00  2.730973E+00
  2.525000E+00  1.062845E+00  2.884491E+00
  2.575000E+00  1.157596E+00  3.058382E+00
  2.625000E+00  1.189831E+00  3.244124E+00
  2.675000E+00  1.121261E+00  3.425892E+00
  2.725000E+00  1.079098E+00  3.607426E+00
  2.775000E+00  1.033591E+00  3.787744E+00
  2.825000E+00  1.083057E+00  3.983561E+00
  2.875000E+00  1.046829E+00  4.179588E+00
  2.925000E+00  1.028619E+00  4.378962E+00
  2.975000E+00  1.010853E+00  4.581648E+00
  3.025000E+00  9.836161E-01  4.785558E+00
  3.075000E+00  9.768725E-01  4.994819E+00
  3.125000E+00  1.002644E+00  5.216643E+00
  3.175000E+00  1.009405E+00  5.447166E+00
  3.225000E+00  1.040238E+00  5.692271E+00
  3.275000E+00  1.044268E+00  5.946015E+00
  3.325000E+00  1.057229E+00  6.210812E+00
  3.375000E+00  1.106651E+00  6.496385E+00
  3.425000E+00  1.105375E+00  6.790144E+00
  3.475000E+00  1.104856E+00  7.092400E+00
  3.525000E+00  1.171416E+00  7.422153E+00
  3.575000E+00  1.191023E+00  7.767003E+00
  3.625000E+00  1.226740E+00  8.132200E+00
  3.675000E+00  1.221355E+00  8.505894E+00
  3.725000E+00  1.256282E+00  8.900804E+00
  3.775000E+00  1.270163E+00  9.310868E+00
  3.825000E+00  1.264254E+00  9.729908E+00
  3.875000E+00  1.257274E+00  1.015760E+01
  3.925000E+00  1.235860E+00  1.058893E+01
  3.975000E+00  1.219456E+00  1.102544E+01
  4.025000E+00  1.191621E+00  1.146279E+01
  4.075000E+00  1.163656E+00  1.190055E+01
  4.125000E+00  1.129830E+00  1.233608E+01
  4.175000E+00  1.109473E+00  1.277419E+01
  4.225000E+00  1.108596E+00  1.322251E+01
  4.275000E+00  1.058847E+00  1.366090E+01
  4.325000E+00  1.079310E+00  1.411828E+01
  4.375000E+00  1.073963E+00  1.458397E+01
  4.425000E+00  1.041681E+00  1.504606E+01
  4.475000E+00  1.053159E+00  1.552384E+01
  4.525000E+00  1.059643E+00  1.601538E+01
  4.575000E+00  1.044747E+00  1.651077E+01
  4.625000E+00  1.044256E+00  1.701681E+01
  4.675000E+00  1.059109E+00  1.754121E+01
  4.725000E+00  1.048263E+00  1.807140E+01
  4.775000E+00  1.055690E+00  1.861670E+01
  4.825000E+00  1.059866E+00  1.917569E+01
  4.875000E+00  1.081327E+00  1.975788E+01
  4.925000E+00  1.101449E+00  2.036312E+01
  4.975000E+00  1.084183E+00  2.097104E+01
  5.025000E+00  1.071154E+00  2.158378E+01
  5.075000E+00  1.073338E+00  2.221006E+01
  5.125000E+00  1.068971E+00  2.284613E+01
  5.175000E+00  1.086250E+00  2.350516E+01
  5.225000E+00  1.077806E+00  2.417177E+01
  5.275000E+00  1.055269E+00  2.483699E+01
  5.325000E+00  1.050330E+00  2.551170E+01
  5.375000E+00  1.048378E+00  2.619787E+01
  5.425000E+00  1.037176E+00  2.688939E+01
  5.475000E+00  1.028281E+00  2.758768E+01
  5.525000E+00  1.038819E+00  2.830607E+01
  5.575000E+00  1.030214E+00  2.903146E+01
  5.625000E+00  1.023130E+00  2.976484E+01
  5.675000E+00  1.024688E+00  3.051246E+01
  5.725000E+00  1.001838E+00  3.125634E+01
  5.775000E+00  1.010507E+00  3.201982E+01
  5.825000E+00  1.017997E+00  3.280233E+01
  5.875000E+00  1.017397E+00  3.359787E+01
  5.925000E+00  1.016422E+00  3.440623E+01
  5.975000E+00  1.014479E+00  3.522672E+01
La      La      
  2.500000E-02  0.000000E+00  0.000000E+00
  7.500000E-02  0.000000E+00  0.000000E+00
  1.250000E-01  0.000000E+00  0.000000E+00
  1.750000E-01  0.000000E+00  0.000000E+00
  2.250000E-01  0.000000E+00  0.000000E+00
  2.750000E-01  0.000000E+00  0.000000E+00
  3.250000E-01  0.000000E+00  0.000000E+00
  3.750000E-01  0.000000E+00  0.000000E+00
  4.250000E-01  0.000000E+00  0.000000E+00
  4.750000E-01  0.000000E+00  0.000000E+00
  5.250000E-01  0.000000E+00  0.000000E+00
  5.750000E-01  0.000000E+00  0.000000E+00
  6.250000E-01  0.000000E+00  0.000000E+00
  6.750000E-01  0.000000E+00  0.000000E+00
  7.250000E-01  0.000000E+00  0.000000E+00
  7.750000E-01  0.000000E+00  0.000000E+00
  8.250000E-01  0.000000E+00  0.000000E+00
  8.750000E-01  0.000000E+00  0.000000E+00
  9.250000E-01  0.000000E+00  0.000000E+00
  9.750000E-01  0.000000E+00  0.000000E+00
  1.025000E+00  0.000000E+00  0.000000E+00
  1.075000E+00  0.000000E+00  0.000000E+00
  1.125000E+00  0.000000E+00  0.000000E+00
  1.175000E+00  0.000000E+00  0.000000E+00
  1.225000E+00  0.000000E+00  0.000000E+00
  1.275000E+00  0.000000E+00  0.000000E+00
  1.325000E+00  0.000000E+00  0.000000E+00
  1.375000E+00  0.000000E+00  0.000000E+00
  1.425000E+00  0.000000E+00  0.000000E+00
  1.475000E+00  0.000000E+00  0.000000E+00
  1.525000E+00  0.000000E+00  0.000000E+00
  1.575000E+00  0.000000E+00  0.000000E+00
  1.625000E+00  0.000000E+00  0.000000E+00
  1.675000E+00  0.000000E+00  0.000000E+00
  1.725000E+00  0.000000E+00  0.000000E+00
  1.775000E+00  0.000000E+00  0.000000E+00
  1.825000E+00  0.000000E+00  0.000000E+00
  1.875000E+00  0.000000E+00  0.000000E+00
  1.925000E+00  0.000000E+00  0.000000E+00
  1.975000E+00  0.000000E+00  0.000000E+00
  2.025000E+00  0.000000E+00  0.000000E+00
  2.075000E+00  0.000000E+00  0.000000E+00
  2.125000E+00  0.000000E+00  0.000000E+00
  2.175000E+00  0.000000E+00  0.000000E+00
  2.225000E+00  0.000000E+00  0.000000E+00
  2.275000E+00  0.000000E+00  0.000000E+00
  2.325000E+00  0.000000E+00  0.000000E+00
  2.375000E+00  0.000000E+00  0.000000E+00
  2.425000E+00  0.000000E+00  0.000000E+00
  2.475000E+00  0.000000E+00  0.000000E+00
  2.525000E+00  0.000000E+00  0.000000E+00
  2.575000E+00  0.000000E+00  0.000000E+00
  2.625000E+00  0.000000E+00  0.000000E+00
  2.675000E+00  0.000000E+00  0.000000E+00
  2.725000E+00  0.000000E+00  0.000000E+00
  2.775000E+00  0.000000E+00  0.000000E+00
  2.825000E+00  0.000000E+00  0.000000E+00
  2.875000E+00  6.596493E-05  3.088102E-06
  2.925000E+00  0.000000E+00  3.088102E-06
  2.975000E+00  0.000000E+00  3.088102E-06
  3.025000E+00  0.000000E+00  3.088102E-06
  3.075000E+00  1.153267E-04  9.264306E-06
  3.125000E+00  3.349976E-04  2.779292E-05
  3.175000E+00  6.490595E-04  6.485014E-05
  3.225000E+00  2.516360E-03  2.130790E-04
  3.275000E+00  8.337052E-03  7.195278E-04
  3.325000E+00  2.243983E-02  2.124614E-03
  3.375000E+00  5.021341E-02  5.364033E-03
  3.425000E+00  1.165731E-01  1.310899E-02
  3.475000E+00  2.095080E-01  2.743779E-02
  3.525000E+00  3.434109E-01  5.160527E-02
  3.575000E+00  4.605356E-01  8.494133E-02
  3.625000E+00  7.065045E-01  1.375224E-01
  3.675000E+00  1.004693E+00  2.143730E-01
  3.725000E+00  1.446657E+00  3.280614E-01
  3.775000E+00  1.675806E+00  4.633172E-01
  3.825000E+00  2.002086E+00  6.292162E-01
  3.875000E+00  2.438061E+00  8.365576E-01
  3.925000E+00  2.566860E+00  1.060522E+00
  3.975000E+00  2.502727E+00  1.284490E+00
  4.025000E+00  2.445512E+00  1.508878E+00
  4.075000E+00  2.409476E+00  1.735486E+00
  4.125000E+00  2.221738E+00  1.949596E+00
  4.175000E+00  2.244073E+00  2.171133E+00
  4.225000E+00  2.217023E+00  2.395274E+00
  4.275000E+00  1.966140E+00  2.598783E+00
  4.325000E+00  1.902842E+00  2.800374E+00
  4.375000E+00  1.709844E+00  2.985731E+00
  4.425000E+00  1.689439E+00  3.173087E+00
  4.475000E+00  1.545138E+00  3.348333E+00
  4.525000E+00  1.472728E+00  3.519121E+00
  4.575000E+00  1.258752E+00  3.668338E+00
  4.625000E+00  1.199132E+00  3.813611E+00
  4.675000E+00  1.107084E+00  3.950649E+00
  4.725000E+00  1.107004E+00  4.090623E+00
  4.775000E+00  9.594226E-01  4.214518E+00
  4.825000E+00  9.639990E-01  4.341624E+00
  4.875000E+00  9.316388E-01  4.467023E+00
  4.925000E+00  9.060972E-01  4.591498E+00
  4.975000E+00  9.525671E-01  4.725028E+00
  5.025000E+00  9.280907E-01  4.857754E+00
  5.075000E+00  8.064349E-01  4.975389E+00
  5.125000E+00  8.375467E-01  5.099982E+00
  5.175000E+00  8.230897E-01  5.224825E+00
  5.225000E+00  7.831661E-01  5.345918E+00
  5.275000E+00  7.567894E-01  5.465184E+00
  5.325000E+00  7.635270E-01  5.587803E+00
  5.375000E+00  7.163037E-01  5.705009E+00
  5.425000E+00  7.384171E-01  5.828092E+00
  5.475000E+00  7.091484E-01  5.948484E+00
  5.525000E+00  7.671052E-01  6.081106E+00
  5.575000E+00  7.514073E-01  6.213375E+00
  5.625000E+00  7.535144E-01  6.348406E+00
  5.675000E+00  8.088799E-01  6.495946E+00
  5.725000E+00  7.730863E-01  6.639453E+00
  5.775000E+00  8.242710E-01  6.795146E+00
  5.825000E+00  8.405207E-01  6.956669E+00
  5.875000E+00  8.592596E-01  7.124640E+00
  5.925000E+00  8.617171E-01  7.295971E+00
  5.975000E+00  8.870803E-01  7.475335E+00
La      Zr      
  2.500000E-02  0.000000E+00  0.000000E+00
  7.500000E-02  0.000000E+00  0.000000E+00
  1.250000E-01  0.000000E+00  0.000000E+00
  1.750000E-01  0.000000E+00  0.000000E+00
  2.250000E-01  0.000000E+00  0.000000E+00
  2.750000E-01  0.000000E+00  0.000000E+00
  3.250000E-01  0.000000E+00  0.000000E+00
  3.750000E-01  0.000000E+00  0.000000E+00
  4.250000E-01  0.000000E+00  0.000000E+00
  4.750000E-01  0.000000E+00  0.000000E+00
  5.250000E-01  0.000000E+00  0.000000E+00
  5.750000E-01  0.000000E+00  0.000000E+00
  6.250000E-01  0.000000E+00  0.000000E+00
  6.750000E-01  0.000000E+00  0.000000E+00
  7.250000E-01  0.000000E+00  0.000000E+00
  7.750000E-01  0.000000E+00  0.000000E+00
  8.250000E-01  0.000000E+00  0.000000E+00
  8.750000E-01  0.000000E+00  0.000000E+00
  9.250000E-01  0.000000E+00  0.000000E+00
  9.750000E-01  0.000000E+00  0.000000E+00
  1.025000E+00  0.000000E+00  0.000000E+00
  1.075000E+00  0.000000E+00  0.000000E+00
  1.125000E+00  0.000000E+00  0.000000E+00
  1.175000E+00  0.000000E+00  0.000000E+00
  1.225000E+00  0.000000E+00  0.000000E+00
  1.275000E+00  0.000000E+00  0.000000E+00
  1.325000E+00  0.000000E+00  0.000000E+00
  1.375000E+00  0.000000E+00  0.000000E+00
  1.425000E+00  0.000000E+00  0.000000E+00
  1.475000E+00  0.000000E+00  0.000000E+00
  1.525000E+00  0.000000E+00  0.000000E+00
  1.575000E+00  0.000000E+00  0.000000E+00
  1.625000E+00  0.000000E+00  0.000000E+00
  1.675000E+00  0.000000E+00  0.000000E+00
  1.725000E+00  0.000000E+00  0.000000E+00
  1.775000E+00  0.000000E+00  0.000000E+00
  1.825000E+00  0.000000E+00  0.000000E+00
  1.875000E+00  0.000000E+00  0.000000E+00
  1.925000E+00  0.000000E+00  0.000000E+00
  1.975000E+00  0.000000E+00  0.000000E+00
  2.025000E+00  0.000000E+00  0.000000E+00
  2.075000E+00  0.000000E+00  0.000000E+00
  2.125000E+00  0.000000E+00  0.000000E+00
  2.175000E+00  0.000000E+00  0.000000E+00
  2.225000E+00  0.000000E+00  0.000000E+00
  2.275000E+00  0.000000E+00  0.000000E+00
  2.325000E+00  0.000000E+00  0.000000E+00
  2.375000E+00  0.000000E+00  0.000000E+00
  2.425000E+00  0.000000E+00  0.000000E+00
  2.475000E+00  0.000000E+00  0.000000E+00
  2.525000E+00  0.000000E+00  0.000000E+00
  2.575000E+00  0.000000E+00  0.000000E+00
  2.625000E+00  0.000000E+00  0.000000E+00
  2.675000E+00  0.000000E+00  0.000000E+00
  2.725000E+00  0.000000E+00  0.000000E+00
  2.775000E+00  0.000000E+00  0.000000E+00
  2.825000E+00  0.000000E+00  0.000000E+00
  2.875000E+00  0.000000E+00  0.000000E+00
  2.925000E+00  0.000000E+00  0.000000E+00
  2.975000E+00  1.383972E-04  4.625005E-06
  3.025000E+00  9.370201E-04  3.700004E-05
  3.075000E+00  5.440778E-03  2.312502E-04
  3.125000E+00  2.245201E-02  1.059126E-03
  3.175000E+00  6.176802E-02  3.410170E-03
  3.225000E+00  1.648028E-01  9.882093E-03
  3.275000E+00  3.321046E-01  2.333161E-02
  3.325000E+00  6.613352E-01  5.093826E-02
  3.375000E+00  1.168922E+00  1.012121E-01
  3.425000E+00  1.856374E+00  1.834354E-01
  3.475000E+00  2.503995E+00  2.976052E-01
  3.525000E+00  3.185658E+00  4.470653E-01
  3.575000E+00  3.759659E+00  6.284950E-01
  3.625000E+00  4.237395E+00  8.387384E-01
  3.675000E+00  4.359444E+00  1.061045E+00
  3.725000E+00  4.131734E+00  1.277513E+00
  3.775000E+00  4.000805E+00  1.492785E+00
  3.825000E+00  3.702853E+00  1.697338E+00
  3.875000E+00  3.410853E+00  1.890719E+00
  3.925000E+00  3.224032E+00  2.078255E+00
  3.975000E+00  3.164005E+00  2.267018E+00
  4.025000E+00  2.820447E+00  2.439545E+00
  4.075000E+00  2.583819E+00  2.601548E+00
  4.125000E+00  2.241745E+00  2.745574E+00
  4.175000E+00  1.979050E+00  2.875823E+00
  4.225000E+00  1.739663E+00  2.993076E+00
  4.275000E+00  1.663216E+00  3.107846E+00
  4.325000E+00  1.507090E+00  3.214289E+00
  4.375000E+00  1.261888E+00  3.305486E+00
  4.425000E+00  1.066566E+00  3.384339E+00
  4.475000E+00  9.793736E-01  3.458392E+00
  4.525000E+00  9.472212E-01  3.531623E+00
  4.575000E+00  8.824846E-01  3.601365E+00
  4.625000E+00  7.489404E-01  3.661854E+00
  4.675000E+00  7.282422E-01  3.721949E+00
  4.725000E+00  6.894836E-01  3.780070E+00
  4.775000E+00  6.266258E-01  3.834016E+00
  4.825000E+00  6.405927E-01  3.890326E+00
  4.875000E+00  6.075904E-01  3.944847E+00
  4.925000E+00  6.195228E-01  4.001585E+00
  4.975000E+00  5.669300E-01  4.054566E+00
  5.025000E+00  5.758359E-01  4.109466E+00
  5.075000E+00  6.135790E-01  4.169135E+00
  5.125000E+00  6.146145E-01  4.230088E+00
  5.175000E+00  6.184838E-01  4.292627E+00
  5.225000E+00  6.538597E-01  4.360027E+00
  5.275000E+00  6.918688E-01  4.432717E+00
  5.325000E+00  6.422615E-01  4.501480E+00
  5.375000E+00  6.634108E-01  4.573847E+00
  5.425000E+00  6.701065E-01  4.648312E+00
  5.475000E+00  6.778919E-01  4.725036E+00
  5.525000E+00  6.809800E-01  4.803524E+00
  5.575000E+00  7.100046E-01  4.886845E+00
  5.625000E+00  7.375071E-01  4.974953E+00
  5.675000E+00  7.584066E-01  5.067175E+00
  5.725000E+00  7.937150E-01  5.165399E+00
  5.775000E+00  7.803611E-01  5.263665E+00
  5.825000E+00  8.007040E-01  5.366246E+00
  5.875000E+00  8.336709E-01  5.474892E+00
  5.925000E+00  8.317909E-01  5.585146E+00
  5.975000E+00  8.149888E-01  5.695004E+00
La      O       
  2.500000E-02  0.000000E+00  0.000000E+00
  7.500000E-02  0.000000E+00  0.000000E+00
  1.250000E-01  0.000000E+00  0.000000E+00
  1.750000E-01  0.000000E+00  0.000000E+00
  2.250000E-01  0.000000E+00  0.000000E+00
  2.750000E-01  0.000000E+00  0.000000E+00
  3.250000E-01  0.000000E+00  0.000000E+00
  3.750000E-01  0.000000E+00  0.000000E+00
  4.250000E-01  0.000000E+00  0.000000E+00
  4.750000E-01  0.000000E+00  0.000000E+00
  5.250000E-01  0.000000E+00  0.000000E+00
  5.750000E-01  0.000000E+00  0.000000E+00
  6.250000E-01  0.000000E+00  0.000000E+00
  6.750000E-01  0.000000E+00  0.000000E+00
  7.250000E-01  0.000000E+00  0.000000E+00
  7.750000E-01  0.000000E+00  0.000000E+00
  8.250000E-01  9.995354E-05  1.541668E-06
  8.750000E-01  8.885968E-05  3.083336E-06
  9.250000E-01  7.951514E-05  4.625005E-06
  9.750000E-01  0.000000E+00  4.625005E-06
  1.025000E+00  0.000000E+00  4.625005E-06
  1.075000E+00  0.000000E+00  4.625005E-06
  1.125000E+00  1.075208E-04  7.708341E-06
  1.175000E+00  0.000000E+00  7.708341E-06
  1.225000E+00  4.534261E-05  9.250009E-06
  1.275000E+00  0.000000E+00  9.250009E-06
  1.325000E+00  0.000000E+00  9.250009E-06
  1.375000E+00  3.599032E-05  1.079168E-05
  1.425000E+00  3.350925E-05  1.233335E-05
  1.475000E+00  0.000000E+00  1.233335E-05
  1.525000E+00  2.925906E-05  1.387501E-05
  1.575000E+00  2.743099E-05  1.541668E-05
  1.625000E+00  2.576903E-05  1.695835E-05
  1.675000E+00  0.000000E+00  1.695835E-05
  1.725000E+00  0.000000E+00  1.695835E-05
  1.775000E+00  0.000000E+00  1.695835E-05
  1.825000E+00  4.086167E-05  2.004169E-05
  1.875000E+00  3.871156E-05  2.312502E-05
  1.925000E+00  9.181701E-05  3.083336E-05
  1.975000E+00  8.722714E-05  3.854171E-05
  2.025000E+00  5.808111E-04  9.250009E-05
  2.075000E+00  3.145103E-03  3.992921E-04
  2.125000E+00  3.211327E-02  3.684587E-03
  2.175000E+00  1.904105E-01  2.409165E-02
  2.225000E+00  7.074262E-01  1.034351E-01
  2.275000E+00  1.780406E+00  3.121971E-01
  2.325000E+00  3.535827E+00  7.452147E-01
  2.375000E+00  5.327468E+00  1.426009E+00
  2.425000E+00  6.833136E+00  2.336364E+00
  2.475000E+00  6.648419E+00  3.259011E+00
  2.525000E+00  5.748812E+00  4.089372E+00
  2.575000E+00  4.213411E+00  4.722299E+00
  2.625000E+00  3.079920E+00  5.203098E+00
  2.675000E+00  2.261288E+00  5.569677E+00
  2.725000E+00  1.678622E+00  5.852068E+00
  2.775000E+00  1.298427E+00  6.078588E+00
  2.825000E+00  1.016892E+00  6.262443E+00
  2.875000E+00  8.060906E-01  6.413389E+00
  2.925000E+00  6.760284E-01  6.544422E+00
  2.975000E+00  6.183357E-01  6.668404E+00
  3.025000E+00  5.202321E-01  6.776252E+00
  3.075000E+00  4.703538E-01  6.877009E+00
  3.125000E+00  4.601268E-01  6.978807E+00
  3.175000E+00  4.512576E-01  7.081863E+00
  3.225000E+00  4.663262E-01  7.191740E+00
  3.275000E+00  4.364932E-01  7.297803E+00
  3.325000E+00  4.746641E-01  7.416688E+00
  3.375000E+00  4.777131E-01  7.539963E+00
  3.425000E+00  5.307250E-01  7.681006E+00
  3.475000E+00  5.651931E-01  7.835626E+00
  3.525000E+00  5.693451E-01  7.995896E+00
  3.575000E+00  6.212747E-01  8.175781E+00
  3.625000E+00  6.419603E-01  8.366891E+00
  3.675000E+00  6.772100E-01  8.574094E+00
  3.725000E+00  7.322071E-01  8.804262E+00
  3.775000E+00  7.766991E-01  9.055014E+00
  3.825000E+00  8.034295E-01  9.321313E+00
  3.875000E+00  8.064008E-01  9.595630E+00
  3.925000E+00  8.433670E-01  9.889973E+00
  3.975000E+00  8.737679E-01  1.020274E+01
  4.025000E+00  8.970770E-01  1.053199E+01
  4.075000E+00  9.052697E-01  1.087255E+01
  4.125000E+00  9.147717E-01  1.122518E+01
  4.175000E+00  9.158744E-01  1.158684E+01
  4.225000E+00  9.343577E-01  1.196469E+01
  4.275000E+00  9.320443E-01  1.235059E+01
  4.325000E+00  9.538274E-01  1.275479E+01
  4.375000E+00  9.736552E-01  1.317699E+01
  4.425000E+00  9.735567E-01  1.360885E+01
  4.475000E+00  1.002899E+00  1.406384E+01
  4.525000E+00  1.015057E+00  1.453469E+01
  4.575000E+00  1.037785E+00  1.502678E+01
  4.625000E+00  1.070215E+00  1.554540E+01
  4.675000E+00  1.089222E+00  1.608471E+01
  4.725000E+00  1.102896E+00  1.664253E+01
  4.775000E+00  1.155497E+00  1.723939E+01
  4.825000E+00  1.185253E+00  1.786450E+01
  4.875000E+00  1.217852E+00  1.852020E+01
  4.925000E+00  1.254788E+00  1.920970E+01
  4.975000E+00  1.264017E+00  1.991846E+01
  5.025000E+00  1.295718E+00  2.065966E+01
  5.075000E+00  1.318662E+00  2.142908E+01
  5.125000E+00  1.315754E+00  2.221200E+01
  5.175000E+00  1.303233E+00  2.300267E+01
  5.225000E+00  1.309731E+00  2.381272E+01
  5.275000E+00  1.324111E+00  2.464741E+01
  5.325000E+00  1.329637E+00  2.550154E+01
  5.375000E+00  1.305801E+00  2.635619E+01
  5.425000E+00  1.273770E+00  2.720546E+01
  5.475000E+00  1.242802E+00  2.804943E+01
  5.525000E+00  1.211682E+00  2.888736E+01
  5.575000E+00  1.196272E+00  2.972968E+01
  5.625000E+00  1.162524E+00  3.056298E+01
  5.675000E+00  1.153840E+00  3.140482E+01
  5.725000E+00  1.141408E+00  3.225234E+01
  5.775000E+00  1.075688E+00  3.306506E+01
  5.825000E+00  1.093245E+00  3.390542E+01
  5.875000E+00  1.060372E+00  3.473456E+01
  5.925000E+00  1.084291E+00  3.559690E+01
  5.975000E+00  1.035841E+00  3.643467E+01
La      O_s     
  2.500000E-02  0.000000E+00  0.000000E+00
  7.500000E-02  0.000000E+00  0.000000E+00
  1.250000E-01  0.000000E+00  0.000000E+00
  1.750000E-01  0.000000E+00  0.000000E+00
  2.250000E-01  0.000000E+00  0.000000E+00
  2.750000E-01  0.000000E+00  0.000000E+00
  3.250000E-01  0.000000E+00  0.000000E+00
  3.750000E-01  0.000000E+00  0.000000E+00
  4.250000E-01  0.000000E+00  0.000000E+00
  4.750000E-01  0.000000E+00  0.000000E+00
  5.250000E-01  0.000000E+00  0.000000E+00
  5.750000E-01  0.000000E+00  0.000000E+00
  6.250000E-01  0.000000E+00  0.000000E+00
  6.750000E-01  0.000000E+00  0.000000E+00
  7.250000E-01  0.000000E+00  0.000000E+00
  7.750000E-01  0.000000E+00  0.000000E+00
  8.250000E-01  0.000000E+00  0.000000E+00
  8.750000E-01  0.000000E+00  0.000000E+00
  9.250000E-01  0.000000E+00  0.000000E+00
  9.750000E-01  0.000000E+00  0.000000E+00
  1.025000E+00  0.000000E+00  0.000000E+00
  1.075000E+00  0.000000E+00  0.000000E+00
  1.125000E+00  0.000000E+00  0.000000E+00
  1.175000E+00  0.000000E+00  0.000000E+00
  1.225000E+00  0.000000E+00  0.000000E+00
  1.275000E+00  0.000000E+00  0.000000E+00
  1.325000E+00  0.000000E+00  0.000000E+00
  1.375000E+00  0.000000E+00  0.000000E+00
  1.425000E+00  0.000000E+00  0.000000E+00
  1.475000E+00  3.127616E-05  1.541668E-06
  1.525000E+00  2.925906E-05  3.083336E-06
  1.575000E+00  0.000000E+00  3.083336E-06
  1.625000E+00  2.576903E-05  4.625005E-06
  1.675000E+00  2.425365E-05  6.166673E-06
  1.725000E+00  4.573623E-05  9.250009E-06
  1.775000E+00  6.479401E-05  1.387501E-05
  1.825000E+00  2.043083E-05  1.541668E-05
  1.875000E+00  5.806735E-05  2.004169E-05
  1.925000E+00  5.509020E-05  2.466669E-05
  1.975000E+00  1.395634E-04  3.700004E-05
  2.025000E+00  2.821083E-04  6.320840E-05
  2.075000E+00  4.109180E-04  1.032918E-04
  2.125000E+00  2.139880E-03  3.222087E-04
  2.175000E+00  2.392179E-02  2.886003E-03
  2.225000E+00  1.949800E-01  2.475457E-02
  2.275000E+00  8.169623E-01  1.205477E-01
  2.325000E+00  2.052616E+00  3.719228E-01
  2.375000E+00  3.963306E+00  8.783917E-01
  2.425000E+00  5.630643E+00  1.628543E+00
  2.475000E+00  6.461044E+00  2.525186E+00
  2.525000E+00  6.151348E+00  3.413690E+00
  2.575000E+00  4.946470E+00  4.156735E+00
  2.625000E+00  3.902802E+00  4.765992E+00
  2.675000E+00  2.790128E+00  5.218302E+00
  2.725000E+00  2.128089E+00  5.576305E+00
  2.775000E+00  1.618200E+00  5.858612E+00
  2.825000E+00  1.209838E+00  6.077352E+00
  2.875000E+00  9.663520E-01  6.258308E+00
  2.925000E+00  8.195156E-01  6.417152E+00
  2.975000E+00  7.169591E-01  6.560910E+00
  3.025000E+00  6.678648E-01  6.699362E+00
  3.075000E+00  6.131886E-01  6.830717E+00
  3.125000E+00  5.327858E-01  6.948590E+00
  3.175000E+00  5.251294E-01  7.068516E+00
  3.225000E+00  5.393058E-01  7.195590E+00
  3.275000E+00  5.142660E-01  7.320550E+00
  3.325000E+00  5.424214E-01  7.456406E+00
  3.375000E+00  5.767244E-01  7.605231E+00
  3.425000E+00  6.087439E-01  7.767008E+00
  3.475000E+00  6.535950E-01  7.945812E+00
  3.525000E+00  6.912330E-01  8.140394E+00
  3.575000E+00  7.026439E-01  8.343838E+00
  3.625000E+00  7.102977E-01  8.555292E+00
  3.675000E+00  7.268915E-01  8.777696E+00
  3.725000E+00  7.790484E-01  9.022589E+00
  3.775000E+00  7.946685E-01  9.279142E+00
  3.825000E+00  8.398209E-01  9.557503E+00
  3.875000E+00  8.555140E-01  9.848526E+00
  3.925000E+00  8.798713E-01  1.015561E+01
  3.975000E+00  8.477202E-01  1.045906E+01
  4.025000E+00  8.582937E-01  1.077407E+01
  4.075000E+00  8.985079E-01  1.111208E+01
  4.125000E+00  8.900199E-01  1.145517E+01
  4.175000E+00  8.853014E-01  1.180476E+01
  4.225000E+00  9.340108E-01  1.218247E+01
  4.275000E+00  9.165467E-01  1.256195E+01
  4.325000E+00  9.239085E-01  1.295347E+01
  4.375000E+00  9.726064E-01  1.337522E+01
  4.425000E+00  9.585742E-01  1.380043E+01
  4.475000E+00  9.810422E-01  1.424551E+01
  4.525000E+00  1.007938E+00  1.471306E+01
  4.575000E+00  1.020143E+00  1.519678E+01
  4.625000E+00  1.046218E+00  1.570377E+01
  4.675000E+00  1.099117E+00  1.624798E+01
  4.725000E+00  1.157479E+00  1.683341E+01
  4.775000E+00  1.155371E+00  1.743020E+01
  4.825000E+00  1.156382E+00  1.804009E+01
  4.875000E+00  1.207699E+00  1.869032E+01
  4.925000E+00  1.258536E+00  1.938188E+01
  4.975000E+00  1.283981E+00  2.010183E+01
  5.025000E+00  1.324226E+00  2.085934E+01
  5.075000E+00  1.303425E+00  2.161987E+01
  5.125000E+00  1.336183E+00  2.241494E+01
  5.175000E+00  1.329511E+00  2.322156E+01
  5.225000E+00  1.310469E+00  2.403206E+01
  5.275000E+00  1.303306E+00  2.485364E+01
  5.325000E+00  1.286702E+00  2.568019E+01
  5.375000E+00  1.260816E+00  2.650540E+01
  5.425000E+00  1.233222E+00  2.732764E+01
  5.475000E+00  1.208272E+00  2.814815E+01
  5.525000E+00  1.191812E+00  2.897234E+01
  5.575000E+00  1.166530E+00  2.979372E+01
  5.625000E+00  1.146916E+00  3.061583E+01
  5.675000E+00  1.092571E+00  3.141297E+01
  5.725000E+00  1.090963E+00  3.222303E+01
  5.775000E+00  1.084207E+00  3.304219E+01
  5.825000E+00  1.073929E+00  3.386770E+01
  5.875000E+00  1.056887E+00  3.469412E+01
  5.925000E+00  1.053531E+00  3.553199E+01
  5.975000E+00  1.030164E+00  3.636517E+01
Zr      Zr      
  2.500000E-02  0.000000E+00  0.000000E+00
  7.500000E-02  0.000000E+00  0.000000E+00
  1.250000E-01  0.000000E+00  0.000000E+00
  1.750000E-01  0.000000E+00  0.000000E+00
  2.250000E-01  0.000000E+00  0.000000E+00
  2.750000E-01  0.000000E+00  0.000000E+00
  3.250000E-01  0.000000E+00  0.000000E+00
  3.750000E-01  0.000000E+00  0.000000E+00
  4.250000E-01  0.000000E+00  0.000000E+00
  4.750000E-01  0.000000E+00  0.000000E+00
  5.250000E-01  0.000000E+00  0.000000E+00
  5.750000E-01  0.000000E+00  0.000000E+00
  6.250000E-01  0.000000E+00  0.000000E+00
  6.750000E-01  0.000000E+00  0.000000E+00
  7.250000E-01  0.000000E+00  0.000000E+00
  7.750000E-01  0.000000E+00  0.000000E+00
  8.250000E-01  0.000000E+00  0.000000E+00
  8.750000E-01  0.000000E+00  0.000000E+00
  9.250000E-01  0.000000E+00  0.000000E+00
  9.750000E-01  0.000000E+00  0.000000E+00
  1.025000E+00  0.000000E+00  0.000000E+00
  1.075000E+00  0.000000E+00  0.000000E+00
  1.125000E+00  0.000000E+00  0.000000E+00
  1.175000E+00  0.000000E+00  0.000000E+00
  1.225000E+00  0.000000E+00  0.000000E+00
  1.275000E+00  0.000000E+00  0.000000E+00
  1.325000E+00  0.000000E+00  0.000000E+00
  1.375000E+00  0.000000E+00  0.000000E+00
  1.425000E+00  0.000000E+00  0.000000E+00
  1.475000E+00  0.000000E+00  0.000000E+00
  1.525000E+00  0.000000E+00  0.000000E+00
  1.575000E+00  0.000000E+00  0.000000E+00
  1.625000E+00  0.000000E+00  0.000000E+00
  1.675000E+00  0.000000E+00  0.000000E+00
  1.725000E+00  0.000000E+00  0.000000E+00
  1.775000E+00  0.000000E+00  0.000000E+00
  1.825000E+00  0.000000E+00  0.000000E+00
  1.875000E+00  0.000000E+00  0.000000E+00
  1.925000E+00  0.000000E+00  0.000000E+00
  1.975000E+00  0.000000E+00  0.000000E+00
  2.025000E+00  0.000000E+00  0.000000E+00
  2.075000E+00  0.000000E+00  0.000000E+00
  2.125000E+00  0.000000E+00  0.000000E+00
  2.175000E+00  0.000000E+00  0.000000E+00
  2.225000E+00  0.000000E+00  0.000000E+00
  2.275000E+00  0.000000E+00  0.000000E+00
  2.325000E+00  0.000000E+00  0.000000E+00
  2.375000E+00  0.000000E+00  0.000000E+00
  2.425000E+00  0.000000E+00  0.000000E+00
  2.475000E+00  0.000000E+00  0.000000E+00
  2.525000E+00  0.000000E+00  0.000000E+00
  2.575000E+00  0.000000E+00  0.000000E+00
  2.625000E+00  0.000000E+00  0.000000E+00
  2.675000E+00  0.000000E+00  0.000000E+00
  2.725000E+00  0.000000E+00  0.000000E+00
  2.775000E+00  0.000000E+00  0.000000E+00
  2.825000E+00  0.000000E+00  0.000000E+00
  2.875000E+00  0.000000E+00  0.000000E+00
  2.925000E+00  5.740050E-04  1.854294E-05
  2.975000E+00  2.913085E-03  1.158934E-04
  3.025000E+00  1.341706E-02  5.794669E-04
  3.075000E+00  4.778218E-02  2.285418E-03
  3.125000E+00  1.323845E-01  7.166847E-03
  3.175000E+00  3.790191E-01  2.159326E-02
  3.225000E+00  5.735836E-01  4.411829E-02
  3.275000E+00  1.043154E+00  8.636375E-02
  3.325000E+00  1.365274E+00  1.433555E-01
  3.375000E+00  1.248378E+00  1.970466E-01
  3.425000E+00  1.480863E+00  2.626376E-01
  3.475000E+00  1.431133E+00  3.278902E-01
  3.525000E+00  1.181152E+00  3.833058E-01
  3.575000E+00  1.173225E+00  4.399220E-01
  3.625000E+00  1.402226E+00  5.094951E-01
  3.675000E+00  1.509145E+00  5.864530E-01
  3.725000E+00  1.541105E+00  6.671936E-01
  3.775000E+00  1.388896E+00  7.419263E-01
  3.825000E+00  1.339396E+00  8.159173E-01
  3.875000E+00  1.174230E+00  8.824911E-01
  3.925000E+00  1.183954E+00  9.513595E-01
  3.975000E+00  1.047437E+00  1.013849E+00
  4.025000E+00  9.225252E-01  1.070280E+00
  4.075000E+00  8.351097E-01  1.122641E+00
  4.125000E+00  6.716162E-01  1.165790E+00
  4.175000E+00  6.927463E-01  1.211383E+00
  4.225000E+00  7.054033E-01  1.258927E+00
  4.275000E+00  6.718684E-01  1.305289E+00
  4.325000E+00  5.822554E-01  1.346412E+00
  4.375000E+00  3.853781E-01  1.374264E+00
  4.425000E+00  4.283854E-01  1.405935E+00
  4.475000E+00  4.911500E-01  1.443072E+00
  4.525000E+00  5.126754E-01  1.482708E+00
  4.575000E+00  5.436476E-01  1.525672E+00
  4.625000E+00  5.806869E-01  1.572571E+00
  4.675000E+00  5.527716E-01  1.618187E+00
  4.725000E+00  5.939284E-01  1.668253E+00
  4.775000E+00  6.554344E-01  1.724679E+00
  4.825000E+00  7.370064E-01  1.789463E+00
  4.875000E+00  7.301802E-01  1.854985E+00
  4.925000E+00  7.741966E-01  1.925888E+00
  4.975000E+00  9.194840E-01  2.011816E+00
  5.025000E+00  8.437073E-01  2.092256E+00
  5.075000E+00  8.303584E-01  2.173006E+00
  5.125000E+00  8.472368E-01  2.257028E+00
  5.175000E+00  9.217178E-01  2.350230E+00
  5.225000E+00  9.811089E-01  2.451363E+00
  5.275000E+00  1.063508E+00  2.563098E+00
  5.325000E+00  9.529194E-01  2.665121E+00
  5.375000E+00  1.035014E+00  2.778025E+00
  5.425000E+00  1.049230E+00  2.894618E+00
  5.475000E+00  1.085038E+00  3.017423E+00
  5.525000E+00  1.090787E+00  3.143145E+00
  5.575000E+00  1.049544E+00  3.266311E+00
  5.625000E+00  1.049206E+00  3.391657E+00
  5.675000E+00  1.056113E+00  3.520081E+00
  5.725000E+00  9.394892E-01  3.636345E+00
  5.775000E+00  1.027585E+00  3.765742E+00
  5.825000E+00  1.003362E+00  3.894287E+00
  5.875000E+00  1.003715E+00  4.025093E+00
  5.925000E+00  1.070748E+00  4.167021E+00
  5.975000E+00  1.086158E+00  4.313431E+00
Zr      O       
  2.500000E-02  0.000000E+00  0.000000E+00
  7.500000E-02  0.000000E+00  0.000000E+00
  1.250000E-01  0.000000E+00  0.000000E+00
  1.750000E-01  0.000000E+00  0.000000E+00
  2.250000E-01  0.000000E+00  0.000000E+00
  2.750000E-01  0.000000E+00  0.000000E+00
  3.250000E-01  0.000000E+00  0.000000E+00
  3.750000E-01  0.000000E+00  0.000000E+00
  4.250000E-01  0.000000E+00  0.000000E+00
  4.750000E-01  0.000000E+00  0.000000E+00
  5.250000E-01  0.000000E+00  0.000000E+00
  5.750000E-01  0.000000E+00  0.000000E+00
  6.250000E-01  0.000000E+00  0.000000E+00
  6.750000E-01  2.239361E-04  2.312502E-06
  7.250000E-01  0.000000E+00  2.312502E-06
  7.750000E-01  0.000000E+00  2.312502E-06
  8.250000E-01  0.000000E+00  2.312502E-06
  8.750000E-01  0.000000E+00  2.312502E-06
  9.250000E-01  0.000000E+00  2.312502E-06
  9.750000E-01  0.000000E+00  2.312502E-06
  1.025000E+00  0.000000E+00  2.312502E-06
  1.075000E+00  0.000000E+00  2.312502E-06
  1.125000E+00  0.000000E+00  2.312502E-06
  1.175000E+00  7.392460E-05  4.625005E-06
  1.225000E+00  0.000000E+00  4.625005E-06
  1.275000E+00  1.255695E-04  9.250009E-06
  1.325000E+00  0.000000E+00  9.250009E-06
  1.375000E+00  0.000000E+00  9.250009E-06
  1.425000E+00  5.026388E-05  1.156251E-05
  1.475000E+00  0.000000E+00  1.156251E-05
  1.525000E+00  0.000000E+00  1.156251E-05
  1.575000E+00  4.114648E-05  1.387501E-05
  1.625000E+00  3.865354E-05  1.618752E-05
  1.675000E+00  1.819024E-04  2.775003E-05
  1.725000E+00  2.401152E-04  4.393754E-05
  1.775000E+00  9.719101E-04  1.133126E-04
  1.825000E+00  8.489012E-03  7.538758E-04
  1.875000E+00  1.324516E-01  1.130351E-02
  1.925000E+00  1.043161E+00  9.888029E-02
  1.975000E+00  3.845539E+00  4.387141E-01
  2.025000E+00  8.975971E+00  1.272598E+00
  2.075000E+00  1.164033E+01  2.408064E+00
  2.125000E+00  1.034394E+01  3.466284E+00
  2.175000E+00  6.900500E+00  4.205838E+00
  2.225000E+00  3.759657E+00  4.627514E+00
  2.275000E+00  2.282481E+00  4.895147E+00
  2.325000E+00  1.286281E+00  5.052672E+00
  2.375000E+00  7.876002E-01  5.153319E+00
  2.425000E+00  5.426702E-01  5.225617E+00
  2.475000E+00  4.345663E-01  5.285925E+00
  2.525000E+00  3.301917E-01  5.333618E+00
  2.575000E+00  2.881366E-01  5.376901E+00
  2.625000E+00  2.358906E-01  5.413725E+00
  2.675000E+00  2.326470E-01  5.451440E+00
  2.725000E+00  2.147443E-01  5.487566E+00
  2.775000E+00  2.067311E-01  5.523631E+00
  2.825000E+00  1.997083E-01  5.559739E+00
  2.875000E+00  1.962680E-01  5.596491E+00
  2.925000E+00  2.102915E-01  5.637252E+00
  2.975000E+00  2.152077E-01  5.680403E+00
  3.025000E+00  2.318232E-01  5.728461E+00
  3.075000E+00  2.949355E-01  5.791641E+00
  3.125000E+00  3.067396E-01  5.859504E+00
  3.175000E+00  3.499411E-01  5.939422E+00
  3.225000E+00  4.034292E-01  6.034479E+00
  3.275000E+00  4.888493E-01  6.153263E+00
  3.325000E+00  5.325729E-01  6.286653E+00
  3.375000E+00  6.125191E-01  6.444715E+00
  3.425000E+00  6.927380E-01  6.628813E+00
  3.475000E+00  7.798272E-01  6.842151E+00
  3.525000E+00  8.260457E-01  7.074682E+00
  3.575000E+00  9.141495E-01  7.339367E+00
  3.625000E+00  1.004072E+00  7.638276E+00
  3.675000E+00  1.086127E+00  7.970594E+00
  3.725000E+00  1.064986E+00  8.305371E+00
  3.775000E+00  1.105847E+00  8.662386E+00
  3.825000E+00  1.077049E+00  9.019376E+00
  3.875000E+00  1.082404E+00  9.387582E+00
  3.925000E+00  9.832774E-01  9.730755E+00
  3.975000E+00  9.678251E-01  1.007720E+01
  4.025000E+00  1.004744E+00  1.044596E+01
  4.075000E+00  9.644416E-01  1.080877E+01
  4.125000E+00  9.523073E-01  1.117587E+01
  4.175000E+00  9.447608E-01  1.154894E+01
  4.225000E+00  9.743405E-01  1.194297E+01
  4.275000E+00  9.580331E-01  1.233962E+01
  4.325000E+00  9.649924E-01  1.274855E+01
  4.375000E+00  1.014220E+00  1.318834E+01
  4.425000E+00  1.077915E+00  1.366650E+01
  4.475000E+00  1.112999E+00  1.417143E+01
  4.525000E+00  1.178503E+00  1.471810E+01
  4.575000E+00  1.173006E+00  1.527431E+01
  4.625000E+00  1.201925E+00  1.585676E+01
  4.675000E+00  1.231194E+00  1.646636E+01
  4.725000E+00  1.199020E+00  1.707280E+01
  4.775000E+00  1.188018E+00  1.768645E+01
  4.825000E+00  1.204709E+00  1.832183E+01
  4.875000E+00  1.246222E+00  1.899280E+01
  4.925000E+00  1.230982E+00  1.966922E+01
  4.975000E+00  1.195962E+00  2.033982E+01
  5.025000E+00  1.219878E+00  2.103764E+01
  5.075000E+00  1.202395E+00  2.173921E+01
  5.125000E+00  1.186514E+00  2.244523E+01
  5.175000E+00  1.164334E+00  2.315164E+01
  5.225000E+00  1.135363E+00  2.385384E+01
  5.275000E+00  1.139977E+00  2.457246E+01
  5.325000E+00  1.122935E+00  2.529381E+01
  5.375000E+00  1.128414E+00  2.603236E+01
  5.425000E+00  1.108219E+00  2.677125E+01
  5.475000E+00  1.073857E+00  2.750049E+01
  5.525000E+00  1.108972E+00  2.826739E+01
  5.575000E+00  1.095616E+00  2.903883E+01
  5.625000E+00  1.102725E+00  2.982927E+01
  5.675000E+00  1.121531E+00  3.064754E+01
  5.725000E+00  1.121379E+00  3.148018E+01
  5.775000E+00  1.154225E+00  3.235225E+01
  5.825000E+00  1.140395E+00  3.322885E+01
  5.875000E+00  1.137297E+00  3.411814E+01
  5.925000E+00  1.104040E+00  3.499618E+01
  5.975000E+00  1.111796E+00  3.589538E+01
Zr      O_s     
  2.500000E-02  0.000000E+00  0.000000E+00
  7.500000E-02  0.000000E+00  0.000000E+00
  1.250000E-01  0.000000E+00  0.000000E+00
  1.750000E-01  0.000000E+00  0.000000E+00
  2.250000E-01  0.000000E+00  0.000000E+00
  2.750000E-01  0.000000E+00  0.000000E+00
  3.250000E-01  0.000000E+00  0.000000E+00
  3.750000E-01  0.000000E+00  0.000000E+00
  4.250000E-01  0.000000E+00  0.000000E+00
  4.750000E-01  0.000000E+00  0.000000E+00
  5.250000E-01  0.000000E+00  0.000000E+00
  5.750000E-01  0.000000E+00  0.000000E+00
  6.250000E-01  0.000000E+00  0.000000E+00
  6.750000E-01  0.000000E+00  0.000000E+00
  7.250000E-01  0.000000E+00  0.000000E+00
  7.750000E-01  0.000000E+00  0.000000E+00
  8.250000E-01  0.000000E+00  0.000000E+00
  8.750000E-01  1.332895E-04  2.312502E-06
  9.250000E-01  0.000000E+00  2.312502E-06
  9.750000E-01  1.073559E-04  4.625005E-06
  1.025000E+00  9.713963E-05  6.937507E-06
  1.075000E+00  0.000000E+00  6.937507E-06
  1.125000E+00  0.000000E+00  6.937507E-06
  1.175000E+00  0.000000E+00  6.937507E-06
  1.225000E+00  0.000000E+00  6.937507E-06
  1.275000E+00  6.278476E-05  9.250009E-06
  1.325000E+00  5.813624E-05  1.156251E-05
  1.375000E+00  0.000000E+00  1.156251E-05
  1.425000E+00  0.000000E+00  1.156251E-05
  1.475000E+00  4.691424E-05  1.387501E-05
  1.525000E+00  2.633316E-04  2.775003E-05
  1.575000E+00  2.468789E-04  4.162504E-05
  1.625000E+00  6.957637E-04  8.325008E-05
  1.675000E+00  4.547560E-03  3.723129E-04
  1.725000E+00  9.563446E-02  6.819569E-03
  1.775000E+00  6.644301E-01  5.424668E-02
  1.825000E+00  2.037761E+00  2.080119E-01
  1.875000E+00  4.867002E+00  5.956636E-01
  1.925000E+00  7.460012E+00  1.221956E+00
  1.975000E+00  8.918338E+00  2.010078E+00
  2.025000E+00  8.488090E+00  2.798637E+00
  2.075000E+00  7.118253E+00  3.492993E+00
  2.125000E+00  5.466550E+00  4.052239E+00
  2.175000E+00  3.550292E+00  4.432739E+00
  2.225000E+00  2.297843E+00  4.690460E+00
  2.275000E+00  1.594619E+00  4.877437E+00
  2.325000E+00  1.115882E+00  5.014095E+00
  2.375000E+00  7.652695E-01  5.111888E+00
  2.425000E+00  5.176578E-01  5.180854E+00
  2.475000E+00  4.017226E-01  5.236604E+00
  2.525000E+00  3.237717E-01  5.283369E+00
  2.575000E+00  2.997747E-01  5.328401E+00
  2.625000E+00  2.692359E-01  5.370430E+00
  2.675000E+00  2.171552E-01  5.405634E+00
  2.725000E+00  2.311024E-01  5.444512E+00
  2.775000E+00  2.147373E-01  5.481974E+00
  2.825000E+00  2.146730E-01  5.520787E+00
  2.875000E+00  2.191637E-01  5.561827E+00
  2.925000E+00  2.314686E-01  5.606692E+00
  2.975000E+00  2.598177E-01  5.658788E+00
  3.025000E+00  3.085027E-01  5.722743E+00
  3.075000E+00  3.301386E-01  5.793463E+00
  3.125000E+00  4.115157E-01  5.884507E+00
  3.175000E+00  4.815171E-01  5.994473E+00
  3.225000E+00  5.590261E-01  6.126193E+00
  3.275000E+00  5.932220E-01  6.270338E+00
  3.325000E+00  6.470057E-01  6.432389E+00
  3.375000E+00  7.597814E-01  6.628453E+00
  3.425000E+00  8.157793E-01  6.845250E+00
  3.475000E+00  9.058282E-01  7.093057E+00
  3.525000E+00  9.889974E-01  7.371460E+00
  3.575000E+00  1.021963E+00  7.667360E+00
  3.625000E+00  1.013316E+00  7.969022E+00
  3.675000E+00  9.714040E-01  8.266238E+00
  3.725000E+00  1.038900E+00  8.592815E+00
  3.775000E+00  1.004220E+00  8.917020E+00
  3.825000E+00  9.869912E-01  9.244161E+00
  3.875000E+00  9.012781E-01  9.550752E+00
  3.925000E+00  8.585315E-01  9.850388E+00
  3.975000E+00  8.555974E-01  1.015666E+01
  4.025000E+00  8.748227E-01  1.047773E+01
  4.075000E+00  8.416104E-01  1.079434E+01
  4.125000E+00  8.636184E-01  1.112725E+01
  4.175000E+00  8.744812E-01  1.147257E+01
  4.225000E+00  9.062920E-01  1.183908E+01
  4.275000E+00  9.094179E-01  1.221560E+01
  4.325000E+00  9.712952E-01  1.262720E+01
  4.375000E+00  9.905945E-01  1.305675E+01
  4.425000E+00  9.925030E-01  1.349701E+01
  4.475000E+00  1.069769E+00  1.398234E+01
  4.525000E+00  1.161149E+00  1.452096E+01
  4.575000E+00  1.133772E+00  1.505856E+01
  4.625000E+00  1.186759E+00  1.563366E+01
  4.675000E+00  1.175157E+00  1.621552E+01
  4.725000E+00  1.209861E+00  1.682744E+01
  4.775000E+00  1.215346E+00  1.745521E+01
  4.825000E+00  1.224576E+00  1.810107E+01
  4.875000E+00  1.263523E+00  1.878135E+01
  4.925000E+00  1.224775E+00  1.945436E+01
  4.975000E+00  1.225549E+00  2.014155E+01
  5.025000E+00  1.243417E+00  2.085283E+01
  5.075000E+00  1.197069E+00  2.155130E+01
  5.125000E+00  1.176577E+00  2.225141E+01
  5.175000E+00  1.192586E+00  2.297495E+01
  5.225000E+00  1.175266E+00  2.370183E+01
  5.275000E+00  1.149573E+00  2.442650E+01
  5.325000E+00  1.114882E+00  2.514268E+01
  5.375000E+00  1.086040E+00  2.585350E+01
  5.425000E+00  1.107848E+00  2.659214E+01
  5.475000E+00  1.112316E+00  2.734750E+01
  5.525000E+00  1.103688E+00  2.811074E+01
  5.575000E+00  1.110149E+00  2.889242E+01
  5.625000E+00  1.124143E+00  2.969821E+01
  5.675000E+00  1.099534E+00  3.050043E+01
  5.725000E+00  1.112634E+00  3.132658E+01
  5.775000E+00  1.135726E+00  3.218467E+01
  5.825000E+00  1.145476E+00  3.306517E+01
  5.875000E+00  1.139592E+00  3.395626E+01
  5.925000E+00  1.114446E+00  3.484258E+01
  5.975000E+00  1.136002E+00  3.576135E+01
O       O       
  2.500000E-02  0.000000E+00  0.000000E+00
  7.500000E-02  0.000000E+00  0.000000E+00
  1.250000E-01  0.000000E+00  0.000000E+00
  1.750000E-01  0.000000E+00  0.000000E+00
  2.250000E-01  0.000000E+00  0.000000E+00
  2.750000E-01  0.000000E+00  0.000000E+00
  3.250000E-01  0.000000E+00  0.000000E+00
  3.750000E-01  0.000000E+00  0.000000E+00
  4.250000E-01  0.000000E+00  0.000000E+00
  4.750000E-01  0.000000E+00  0.000000E+00
  5.250000E-01  0.000000E+00  0.000000E+00
  5.750000E-01  0.000000E+00  0.000000E+00
  6.250000E-01  8.709335E-05  7.711316E-07
  6.750000E-01  0.000000E+00  7.711316E-07
  7.250000E-01  0.000000E+00  7.711316E-07
  7.750000E-01  5.665296E-05  1.542263E-06
  8.250000E-01  4.999606E-05  2.313395E-06
  8.750000E-01  0.000000E+00  2.313395E-06
  9.250000E-01  0.000000E+00  2.313395E-06
  9.750000E-01  7.159821E-05  3.855658E-06
  1.025000E+00  1.295695E-04  6.940184E-06
  1.075000E+00  5.889947E-05  8.482448E-06
  1.125000E+00  0.000000E+00  8.482448E-06
  1.175000E+00  0.000000E+00  8.482448E-06
  1.225000E+00  2.268006E-05  9.253579E-06
  1.275000E+00  0.000000E+00  9.253579E-06
  1.325000E+00  3.877246E-05  1.079584E-05
  1.375000E+00  9.001054E-05  1.465150E-05
  1.425000E+00  5.028328E-05  1.696490E-05
  1.475000E+00  4.693234E-05  1.927829E-05
  1.525000E+00  1.170814E-04  2.544734E-05
  1.575000E+00  2.195326E-04  3.778545E-05
  1.625000E+00  3.737951E-04  6.014827E-05
  1.675000E+00  6.429698E-04  1.010182E-04
  1.725000E+00  2.550779E-03  2.729806E-04
  1.775000E+00  3.424605E-03  5.174293E-04
  1.825000E+00  5.865913E-03  9.600589E-04
  1.875000E+00  1.228598E-02  1.938625E-03
  1.925000E+00  1.874708E-02  3.512504E-03
  1.975000E+00  3.810679E-02  6.880036E-03
  2.025000E+00  7.262941E-02  1.362744E-02
  2.075000E+00  1.226036E-01  2.558692E-02
  2.125000E+00  1.969826E-01  4.573890E-02
  2.175000E+00  2.827760E-01  7.604514E-02
  2.225000E+00  4.902095E-01  1.310261E-01
  2.275000E+00  8.586176E-01  2.317035E-01
  2.325000E+00  1.610359E+00  4.289173E-01
  2.375000E+00  2.399436E+00  7.355400E-01
  2.425000E+00  2.666837E+00  1.090834E+00
  2.475000E+00  1.469301E+00  1.294738E+00
  2.525000E+00  7.789451E-01  1.407250E+00
  2.575000E+00  6.530300E-01  1.505346E+00
  2.625000E+00  7.544527E-01  1.623122E+00
  2.675000E+00  9.289158E-01  1.773709E+00
  2.725000E+00  1.159964E+00  1.968847E+00
  2.775000E+00  1.289217E+00  2.193761E+00
  2.825000E+00  1.438411E+00  2.453826E+00
  2.875000E+00  1.562848E+00  2.746481E+00
  2.925000E+00  1.619453E+00  3.060375E+00
  2.975000E+00  1.665115E+00  3.394247E+00
  3.025000E+00  1.663198E+00  3.739038E+00
  3.075000E+00  1.617262E+00  4.085481E+00
  3.125000E+00  1.565172E+00  4.431758E+00
  3.175000E+00  1.588473E+00  4.794525E+00
  3.225000E+00  1.491639E+00  5.145992E+00
  3.275000E+00  1.458129E+00  5.500298E+00
  3.325000E+00  1.375638E+00  5.844844E+00
  3.375000E+00  1.319648E+00  6.185382E+00
  3.425000E+00  1.285787E+00  6.527086E+00
  3.475000E+00  1.217641E+00  6.860197E+00
  3.525000E+00  1.191597E+00  7.195630E+00
  3.575000E+00  1.126859E+00  7.521903E+00
  3.625000E+00  1.078892E+00  7.843086E+00
  3.675000E+00  1.058246E+00  8.166874E+00
  3.725000E+00  1.032393E+00  8.491404E+00
  3.775000E+00  1.014938E+00  8.819071E+00
  3.825000E+00  9.945285E-01  9.148709E+00
  3.875000E+00  9.704029E-01  9.478815E+00
  3.925000E+00  9.815800E-01  9.821396E+00
  3.975000E+00  9.859798E-01  1.017434E+01
  4.025000E+00  9.845396E-01  1.053568E+01
  4.075000E+00  1.023908E+00  1.092087E+01
  4.125000E+00  1.045995E+00  1.132408E+01
  4.175000E+00  1.047487E+00  1.173772E+01
  4.225000E+00  1.029768E+00  1.215416E+01
  4.275000E+00  1.001818E+00  1.256894E+01
  4.325000E+00  9.777188E-01  1.298326E+01
  4.375000E+00  9.707410E-01  1.340420E+01
  4.425000E+00  9.710763E-01  1.383496E+01
  4.475000E+00  9.828061E-01  1.428083E+01
  4.525000E+00  9.933377E-01  1.474161E+01
  4.575000E+00  1.008215E+00  1.521968E+01
  4.625000E+00  1.036056E+00  1.572175E+01
  4.675000E+00  1.048345E+00  1.624081E+01
  4.725000E+00  1.061652E+00  1.677777E+01
  4.775000E+00  1.075372E+00  1.733324E+01
  4.825000E+00  1.081006E+00  1.790338E+01
  4.875000E+00  1.091296E+00  1.849093E+01
  4.925000E+00  1.090946E+00  1.909041E+01
  4.975000E+00  1.068772E+00  1.968969E+01
  5.025000E+00  1.051773E+00  2.029134E+01
  5.075000E+00  1.050426E+00  2.090425E+01
  5.125000E+00  1.027756E+00  2.151580E+01
  5.175000E+00  1.021884E+00  2.213578E+01
  5.225000E+00  1.014727E+00  2.276337E+01
  5.275000E+00  9.993204E-01  2.339332E+01
  5.325000E+00  1.012531E+00  2.404375E+01
  5.375000E+00  1.016957E+00  2.470935E+01
  5.425000E+00  1.002906E+00  2.537803E+01
  5.475000E+00  1.030032E+00  2.607751E+01
  5.525000E+00  1.042198E+00  2.679823E+01
  5.575000E+00  1.030469E+00  2.752380E+01
  5.625000E+00  1.065004E+00  2.828720E+01
  5.675000E+00  1.066427E+00  2.906527E+01
  5.725000E+00  1.086879E+00  2.987229E+01
  5.775000E+00  1.095812E+00  3.070022E+01
  5.825000E+00  1.097165E+00  3.154359E+01
  5.875000E+00  1.100736E+00  3.240430E+01
  5.925000E+00  1.087192E+00  3.326894E+01
  5.975000E+00  1.087934E+00  3.414884E+01
O       O_s     
  2.500000E-02  4.832352E+02  9.122822E-03
  7.500000E-02  6.506890E+02  9.511168E-02
  1.250000E-01  8.242258E+02  3.907566E-01
  1.750000E-01  4.878849E+02  7.315489E-01
  2.250000E-01  1.743023E+02  9.322749E-01
  2.750000E-01  3.415560E+01  9.909527E-01
  3.250000E-01  3.533009E+00  9.994234E-01
  3.750000E-01  1.473782E-01  9.998936E-01
  4.250000E-01  7.996859E-03  9.999264E-01
  4.750000E-01  3.691366E-03  9.999453E-01
  5.250000E-01  2.097062E-03  9.999584E-01
  5.750000E-01  9.770648E-04  9.999657E-01
  6.250000E-01  6.529481E-04  9.999715E-01
  6.750000E-01  2.612588E-04  9.999742E-01
  7.250000E-01  1.617711E-04  9.999761E-01
  7.750000E-01  2.548399E-04  9.999796E-01
  8.250000E-01  7.496516E-05  9.999807E-01
  8.750000E-01  6.664476E-05  9.999819E-01
  9.250000E-01  1.590303E-04  9.999850E-01
  9.750000E-01  7.157059E-05  9.999865E-01
  1.025000E+00  4.856981E-05  9.999877E-01
  1.075000E+00  5.887674E-05  9.999892E-01
  1.125000E+00  5.376040E-05  9.999907E-01
  1.175000E+00  8.624537E-05  9.999934E-01
  1.225000E+00  2.267131E-05  9.999942E-01
  1.275000E+00  5.232063E-05  9.999961E-01
  1.325000E+00  3.875750E-05  9.999977E-01
  1.375000E+00  3.599032E-05  9.999992E-01
  1.425000E+00  5.864119E-05  1.000002E+00
  1.475000E+00  4.691424E-05  1.000004E+00
  1.525000E+00  6.583289E-05  1.000008E+00
  1.575000E+00  1.577282E-04  1.000017E+00
  1.625000E+00  2.705748E-04  1.000033E+00
  1.675000E+00  2.407175E-03  1.000186E+00
  1.725000E+00  1.629353E-03  1.000296E+00
  1.775000E+00  2.872534E-03  1.000501E+00
  1.825000E+00  9.633138E-03  1.001228E+00
  1.875000E+00  1.525236E-02  1.002442E+00
  1.925000E+00  3.472978E-02  1.005358E+00
  1.975000E+00  7.317484E-02  1.011825E+00
  2.025000E+00  1.324581E-01  1.024130E+00
  2.075000E+00  2.481787E-01  1.048339E+00
  2.125000E+00  4.006172E-01  1.089323E+00
  2.175000E+00  7.897282E-01  1.173962E+00
  2.225000E+00  1.749995E+00  1.370238E+00
  2.275000E+00  2.960716E+00  1.717397E+00
  2.325000E+00  3.005297E+00  2.085443E+00
  2.375000E+00  1.260843E+00  2.246566E+00
  2.425000E+00  4.458462E-01  2.305964E+00
  2.475000E+00  3.105374E-01  2.349060E+00
  2.525000E+00  3.883643E-01  2.405155E+00
  2.575000E+00  5.512676E-01  2.487965E+00
  2.625000E+00  7.382692E-01  2.603214E+00
  2.675000E+00  9.869367E-01  2.763207E+00
  2.725000E+00  1.214573E+00  2.967532E+00
  2.775000E+00  1.375731E+00  3.207539E+00
  2.825000E+00  1.460139E+00  3.471533E+00
  2.875000E+00  1.583510E+00  3.768056E+00
  2.925000E+00  1.613352E+00  4.080768E+00
  2.975000E+00  1.638471E+00  4.409297E+00
  3.025000E+00  1.644219E+00  4.750155E+00
  3.075000E+00  1.664309E+00  5.106676E+00
  3.125000E+00  1.585588E+00  5.457470E+00
  3.175000E+00  1.566029E+00  5.815111E+00
  3.225000E+00  1.504717E+00  6.169659E+00
  3.275000E+00  1.426721E+00  6.516334E+00
  3.325000E+00  1.366468E+00  6.858583E+00
  3.375000E+00  1.318714E+00  7.198880E+00
  3.425000E+00  1.263415E+00  7.534639E+00
  3.475000E+00  1.191024E+00  7.860467E+00
  3.525000E+00  1.158175E+00  8.186493E+00
  3.575000E+00  1.108319E+00  8.507397E+00
  3.625000E+00  1.085202E+00  8.830459E+00
  3.675000E+00  1.066029E+00  9.156628E+00
  3.725000E+00  1.024402E+00  9.478647E+00
  3.775000E+00  1.024683E+00  9.809459E+00
  3.825000E+00  1.003095E+00  1.014194E+01
  3.875000E+00  1.001416E+00  1.048259E+01
  3.925000E+00  9.944288E-01  1.082966E+01
  3.975000E+00  1.000693E+00  1.118786E+01
  4.025000E+00  1.014948E+00  1.156037E+01
  4.075000E+00  1.013861E+00  1.194178E+01
  4.125000E+00  1.018906E+00  1.233455E+01
  4.175000E+00  1.009751E+00  1.273328E+01
  4.225000E+00  9.836091E-01  1.313106E+01
  4.275000E+00  9.656851E-01  1.353088E+01
  4.325000E+00  9.559729E-01  1.393599E+01
  4.375000E+00  9.535330E-01  1.434946E+01
  4.425000E+00  9.721813E-01  1.478071E+01
  4.475000E+00  9.836749E-01  1.522698E+01
  4.525000E+00  9.974046E-01  1.568964E+01
  4.575000E+00  1.005891E+00  1.616661E+01
  4.625000E+00  1.033795E+00  1.666758E+01
  4.675000E+00  1.065470E+00  1.719513E+01
  4.725000E+00  1.084777E+00  1.774379E+01
  4.775000E+00  1.090923E+00  1.830729E+01
  4.825000E+00  1.111202E+00  1.889335E+01
  4.875000E+00  1.112097E+00  1.949210E+01
  4.925000E+00  1.095421E+00  2.009404E+01
  4.975000E+00  1.107103E+00  2.071481E+01
  5.025000E+00  1.078958E+00  2.133202E+01
  5.075000E+00  1.060944E+00  2.195106E+01
  5.125000E+00  1.035375E+00  2.256714E+01
  5.175000E+00  1.015297E+00  2.318313E+01
  5.225000E+00  1.017075E+00  2.381217E+01
  5.275000E+00  1.004801E+00  2.444557E+01
  5.325000E+00  1.011079E+00  2.509507E+01
  5.375000E+00  1.003322E+00  2.575175E+01
  5.425000E+00  1.004896E+00  2.642175E+01
  5.475000E+00  1.029234E+00  2.712069E+01
  5.525000E+00  1.041913E+00  2.784122E+01
  5.575000E+00  1.051024E+00  2.858126E+01
  5.625000E+00  1.060978E+00  2.934177E+01
  5.675000E+00  1.056121E+00  3.011232E+01
  5.725000E+00  1.071769E+00  3.090812E+01
  5.775000E+00  1.079054E+00  3.172340E+01
  5.825000E+00  1.091256E+00  3.256222E+01
  5.875000E+00  1.087864E+00  3.341286E+01
  5.925000E+00  1.096215E+00  3.428468E+01
  5.975000E+00  1.092673E+00  3.516841E+01
O_s     O_s     
  2.500000E-02  0.000000E+00  0.000000E+00
  7.500000E-02  0.000000E+00  0.000000E+00
  1.250000E-01  0.000000E+00  0.000000E+00
  1.750000E-01  0.000000E+00  0.000000E+00
  2.250000E-01  0.000000E+00  0.000000E+00
  2.750000E-01  0.000000E+00  0.000000E+00
  3.250000E-01  0.000000E+00  0.000000E+00
  3.750000E-01  0.000000E+00  0.000000E+00
  4.250000E-01  0.000000E+00  0.000000E+00
  4.750000E-01  0.000000E+00  0.000000E+00
  5.250000E-01  0.000000E+00  0.000000E+00
  5.750000E-01  0.000000E+00  0.000000E+00
  6.250000E-01  0.000000E+00  0.000000E+00
  6.750000E-01  0.000000E+00  0.000000E+00
  7.250000E-01  0.000000E+00  0.000000E+00
  7.750000E-01  0.000000E+00  0.000000E+00
  8.250000E-01  0.000000E+00  0.000000E+00
  8.750000E-01  0.000000E+00  0.000000E+00
  9.250000E-01  3.977291E-05  7.711316E-07
  9.750000E-01  3.579911E-05  1.542263E-06
  1.025000E+00  0.000000E+00  1.542263E-06
  1.075000E+00  0.000000E+00  1.542263E-06
  1.125000E+00  2.689057E-05  2.313395E-06
  1.175000E+00  0.000000E+00  2.313395E-06
  1.225000E+00  2.268006E-05  3.084526E-06
  1.275000E+00  2.093633E-05  3.855658E-06
  1.325000E+00  0.000000E+00  3.855658E-06
  1.375000E+00  3.600421E-05  5.397921E-06
  1.425000E+00  1.676109E-05  6.169053E-06
  1.475000E+00  1.564411E-05  6.940184E-06
  1.525000E+00  2.927036E-05  8.482448E-06
  1.575000E+00  4.116236E-05  1.079584E-05
  1.625000E+00  7.733692E-05  1.542263E-05
  1.675000E+00  8.492054E-05  2.082055E-05
  1.725000E+00  9.150777E-05  2.698961E-05
  1.775000E+00  1.652885E-03  1.449727E-04
  1.825000E+00  9.984315E-03  8.983683E-04
  1.875000E+00  3.718713E-02  3.860285E-03
  1.925000E+00  1.045832E-01  1.264039E-02
  1.975000E+00  1.964677E-01  3.000242E-02
  2.025000E+00  2.882931E-01  5.678536E-02
  2.075000E+00  6.611850E-01  1.212813E-01
  2.125000E+00  2.091040E+00  3.352017E-01
  2.175000E+00  4.156608E+00  7.806821E-01
  2.225000E+00  2.951673E+00  1.111736E+00
  2.275000E+00  9.585742E-01  1.224134E+00
  2.325000E+00  3.318431E-01  1.264773E+00
  2.375000E+00  1.713646E-01  1.286672E+00
  2.425000E+00  1.709233E-01  1.309443E+00
  2.475000E+00  2.621896E-01  1.345829E+00
  2.525000E+00  3.941973E-01  1.402767E+00
  2.575000E+00  5.722502E-01  1.488729E+00
  2.625000E+00  8.399746E-01  1.619855E+00
  2.675000E+00  1.099410E+00  1.798082E+00
  2.725000E+00  1.331176E+00  2.022022E+00
  2.775000E+00  1.429598E+00  2.271426E+00
  2.825000E+00  1.535267E+00  2.549003E+00
  2.875000E+00  1.541866E+00  2.837729E+00
  2.925000E+00  1.590148E+00  3.145942E+00
  2.975000E+00  1.574237E+00  3.461593E+00
  3.025000E+00  1.619658E+00  3.797358E+00
  3.075000E+00  1.619987E+00  4.144385E+00
  3.125000E+00  1.593436E+00  4.496915E+00
  3.175000E+00  1.568021E+00  4.855011E+00
  3.225000E+00  1.462433E+00  5.199596E+00
  3.275000E+00  1.399197E+00  5.539583E+00
  3.325000E+00  1.345853E+00  5.876669E+00
  3.375000E+00  1.286538E+00  6.208663E+00
  3.425000E+00  1.235040E+00  6.536880E+00
  3.475000E+00  1.169318E+00  6.856771E+00
  3.525000E+00  1.156037E+00  7.182195E+00
  3.575000E+00  1.109934E+00  7.503567E+00
  3.625000E+00  1.051489E+00  7.816593E+00
  3.675000E+00  1.060287E+00  8.141004E+00
  3.725000E+00  1.047545E+00  8.470299E+00
  3.775000E+00  1.019156E+00  8.799326E+00
  3.825000E+00  1.020851E+00  9.137690E+00
  3.875000E+00  1.033871E+00  9.489386E+00
  3.925000E+00  1.016943E+00  9.844309E+00
  3.975000E+00  1.013707E+00  1.020717E+01
  4.025000E+00  9.929691E-01  1.057161E+01
  4.075000E+00  9.866936E-01  1.094280E+01
  4.125000E+00  9.787484E-01  1.132009E+01
  4.175000E+00  9.910300E-01  1.171143E+01
  4.225000E+00  9.552686E-01  1.209774E+01
  4.275000E+00  9.557301E-01  1.249344E+01
  4.325000E+00  9.294676E-01  1.288732E+01
  4.375000E+00  9.644208E-01  1.330552E+01
  4.425000E+00  9.703114E-01  1.373594E+01
  4.475000E+00  9.685265E-01  1.417533E+01
  4.525000E+00  1.006617E+00  1.464227E+01
  4.575000E+00  1.029995E+00  1.513067E+01
  4.625000E+00  1.048495E+00  1.563876E+01
  4.675000E+00  1.066629E+00  1.616688E+01
  4.725000E+00  1.108824E+00  1.672770E+01
  4.775000E+00  1.123271E+00  1.730791E+01
  4.825000E+00  1.113226E+00  1.789504E+01
  4.875000E+00  1.122774E+00  1.849955E+01
  4.925000E+00  1.128627E+00  1.911973E+01
  4.975000E+00  1.116205E+00  1.974560E+01
  5.025000E+00  1.089995E+00  2.036912E+01
  5.075000E+00  1.053781E+00  2.098398E+01
  5.125000E+00  1.046834E+00  2.160689E+01
  5.175000E+00  1.032803E+00  2.223349E+01
  5.225000E+00  1.007178E+00  2.285641E+01
  5.275000E+00  9.935110E-01  2.348270E+01
  5.325000E+00  1.002547E+00  2.412672E+01
  5.375000E+00  1.008142E+00  2.478655E+01
  5.425000E+00  1.015971E+00  2.546394E+01
  5.475000E+00  1.030018E+00  2.616341E+01
  5.525000E+00  1.043589E+00  2.688509E+01
  5.575000E+00  1.047995E+00  2.762300E+01
  5.625000E+00  1.058692E+00  2.838188E+01
  5.675000E+00  1.059987E+00  2.915525E+01
  5.725000E+00  1.070981E+00  2.995047E+01
  5.775000E+00  1.084723E+00  3.077002E+01
  5.825000E+00  1.087442E+00  3.160592E+01
  5.875000E+00  1.067418E+00  3.244057E+01
  5.925000E+00  1.096778E+00  3.331284E+01
  5.975000E+00  1.088526E+00  3.419321E+01
