title: #Li56 La24 Zr16 O96                                                     
energy unitS: electron Volts
         0  0.000000E+00        52
 -1.164309E+05  5.500000E+02 -1.167994E+05  1.362317E+04 -1.304225E+05
  0.000000E+00  0.000000E+00  0.000000E+00  0.000000E+00 -1.164309E+05
  0.000000E+00  3.377908E+04 -9.662661E+04  1.304057E+05  0.000000E+00
  0.000000E+00  0.000000E+00  0.000000E+00  6.008194E+04  0.000000E+00
  0.000000E+00  0.000000E+00  9.000000E+01  9.000000E+01  9.000000E+01
  0.000000E+00 -2.898657E+02  0.000000E+00 -3.033678E+02 -8.726006E-02
 -2.785610E-02 -8.726006E-02 -3.031840E+02 -4.727946E-02 -2.785610E-02
 -4.727946E-02 -2.630452E+02  0.000000E+00  0.000000E+00  0.000000E+00
  0.000000E+00  0.000000E+00  3.970821E+01  0.000000E+00  0.000000E+00
  0.000000E+00  3.970821E+01  0.000000E+00  0.000000E+00  0.000000E+00
  3.810512E+01 -1.101404E+04
      1000  5.000000E-01        52
 -1.238165E+05  5.500000E+02 -1.241857E+05  2.436945E+04 -1.497059E+05
  0.000000E+00  0.000000E+00  0.000000E+00  0.000000E+00 -1.238172E+05
  0.000000E+00  2.043406E+03 -1.499308E+05  1.496728E+05  0.000000E+00
  0.000000E+00  0.000000E+00  0.000000E+00  5.885531E+04  1.832138E-02
  1.150746E+03  2.301491E+03  9.000000E+01  9.000000E+01  9.000000E+01
  0.000000E+00 -1.169985E+01  7.320591E-01 -2.528130E+01  6.807853E-01
 -3.366298E+00  6.807853E-01 -2.408875E+01 -1.871681E+00 -3.366298E+00
 -1.871681E+00  1.427049E+01  2.088596E+00  7.918821E-01  8.059612E-01
  1.532462E+00  1.538166E+00  3.943612E+01  0.000000E+00  0.000000E+00
  0.000000E+00  3.943612E+01  0.000000E+00  0.000000E+00  0.000000E+00
  3.784402E+01 -4.354839E+02
      2000  1.000000E+00        52
  5.272561E+05  7.959402E+05 -8.098245E+04  2.114043E+04 -1.453304E+05
  0.000000E+00  0.000000E+00  0.000000E+00  0.000000E+00  4.522646E+05
  0.000000E+00  1.029406E+05 -1.287180E+05  1.452435E+05  0.000000E+00
  0.000000E+00  0.000000E+00  0.000000E+00  7.447401E+04  1.560927E+06
  4.320755E+04  8.641510E+04  9.000000E+01  9.000000E+01  9.000000E+01
  0.000000E+00  6.819362E+03  7.499154E+04  1.006766E+04 -3.315460E+02
 -8.548954E+03 -3.315460E+02  2.149452E+03 -3.240338E+03 -8.548954E+03
 -3.240338E+03  8.240979E+03  2.868009E+00  1.076257E+00  9.521409E-01
  3.267479E+00  1.276670E+03  4.265474E+01  0.000000E+00  0.000000E+00
  0.000000E+00  4.265474E+01  0.000000E+00  0.000000E+00  0.000000E+00
  4.093269E+01  3.211845E+05
      3000  1.500000E+00        52
  8.565278E+03  6.010888E+02 -1.226734E+05  2.325232E+04 -1.472197E+05
  0.000000E+00  0.000000E+00  0.000000E+00  0.000000E+00 -1.222707E+05
  0.000000E+00  1.131713E+04 -1.382154E+05  1.469447E+05  0.000000E+00
  0.000000E+00  0.000000E+00  0.000000E+00  9.986852E+04  9.451505E+01
  1.293934E+03  2.587869E+03  9.000000E+01  9.000000E+01  9.000000E+01
  0.000000E+00 -5.547763E+01  1.308360E+05 -5.854728E+01 -1.121550E-01
 -1.309859E+00 -1.121550E-01 -5.514598E+01  1.459554E-01 -1.309859E+00
  1.459554E-01 -5.273962E+01  5.012528E+00  2.542665E+00  1.806113E+00
  7.094893E+00  2.269223E+03  4.703724E+01  0.000000E+00  0.000000E+00
  0.000000E+00  4.703724E+01  0.000000E+00  0.000000E+00  0.000000E+00
  4.513827E+01 -3.503907E+03
      4000  2.000000E+00        52
  8.905332E+06  5.500000E+02 -1.228129E+05  2.397404E+04 -1.481614E+05
  0.000000E+00  0.000000E+00  0.000000E+00  0.000000E+00 -1.224443E+05
  0.000000E+00  7.991329E+03 -1.425374E+05  1.477797E+05  0.000000E+00
  0.000000E+00  0.000000E+00  0.000000E+00  1.089750E+05  1.849136E-02
  1.374490E+03  2.748981E+03  9.000000E+01  9.000000E+01  9.000000E+01
  0.000000E+00 -3.508698E+01  9.027776E+06 -3.568242E+01 -1.549673E+00
  2.846704E-01 -1.549673E+00 -3.777041E+01 -5.085410E-01  2.846704E-01
 -5.085410E-01 -3.180810E+01  7.732218E+00  5.331766E+00  3.689216E+00
  1.041094E+01  2.722445E+03  4.842555E+01  0.000000E+00  0.000000E+00
  0.000000E+00  4.842555E+01  0.000000E+00  0.000000E+00  0.000000E+00
  4.647052E+01 -2.418125E+03
      5000  2.500000E+00        52
  8.905016E+06  5.505295E+02 -1.231288E+05  2.418202E+04 -1.486985E+05
  0.000000E+00  0.000000E+00  0.000000E+00  0.000000E+00 -1.227599E+05
  0.000000E+00  6.942471E+03 -1.442049E+05  1.483720E+05  0.000000E+00
  0.000000E+00  0.000000E+00  0.000000E+00  1.047374E+05  8.473253E-01
  1.387709E+03  2.775417E+03  9.000000E+01  9.000000E+01  9.000000E+01
  0.000000E+00 -3.122476E+01  9.027776E+06 -3.086262E+01 -9.397872E-01
  6.788697E-01 -9.397872E-01 -3.303750E+01  5.618296E-01  6.788697E-01
  5.618296E-01 -2.977417E+01  1.002714E+01  7.550280E+00  5.392043E+00
  1.280289E+01  2.725388E+03  4.778955E+01  0.000000E+00  0.000000E+00
  0.000000E+00  4.778955E+01  0.000000E+00  0.000000E+00  0.000000E+00
  4.586020E+01 -2.068269E+03
      6000  3.000000E+00        52
  8.904843E+06  5.506194E+02 -1.233024E+05  2.444362E+04 -1.491873E+05
  0.000000E+00  0.000000E+00  0.000000E+00  0.000000E+00 -1.229334E+05
  0.000000E+00  5.990098E+03 -1.457963E+05  1.489037E+05  0.000000E+00
  0.000000E+00  0.000000E+00  0.000000E+00  1.012547E+05  1.478493E+00
  1.441313E+03  2.882626E+03  9.000000E+01  9.000000E+01  9.000000E+01
  0.000000E+00 -2.734060E+01  9.027776E+06 -2.579683E+01  6.963715E-01
  2.075241E+00  6.963715E-01 -2.926349E+01 -1.075061E+00  2.075241E+00
 -1.075061E+00 -2.696148E+01  1.077387E+01  8.388920E+00  6.035680E+00
  1.360158E+01  2.726019E+03  4.725388E+01  0.000000E+00  0.000000E+00
  0.000000E+00  4.725388E+01  0.000000E+00  0.000000E+00  0.000000E+00
  4.534615E+01 -1.750771E+03
      7000  3.500000E+00        52
  8.904722E+06  5.500000E+02 -1.234229E+05  2.460425E+04 -1.494699E+05
  0.000000E+00  0.000000E+00  0.000000E+00  0.000000E+00 -1.230544E+05
  0.000000E+00  5.165060E+03 -1.469339E+05  1.492135E+05  0.000000E+00
  0.000000E+00  0.000000E+00  0.000000E+00  9.844165E+04  1.828838E-02
  1.442744E+03  2.885487E+03  9.000000E+01  9.000000E+01  9.000000E+01
  0.000000E+00 -2.370892E+01  9.027776E+06 -2.270333E+01 -6.633068E-01
 -8.298429E-01 -6.633068E-01 -2.514247E+01 -5.211538E-01 -8.298429E-01
 -5.211538E-01 -2.328096E+01  1.092290E+01  8.702576E+00  6.111312E+00
  1.384795E+01  2.727384E+03  4.681215E+01  0.000000E+00  0.000000E+00
  0.000000E+00  4.681215E+01  0.000000E+00  0.000000E+00  0.000000E+00
  4.492226E+01 -1.476035E+03
      8000  4.000000E+00        52
  8.904647E+06  5.499263E+02 -1.234977E+05  2.472072E+04 -1.496685E+05
  0.000000E+00  0.000000E+00  0.000000E+00  0.000000E+00 -1.231292E+05
  0.000000E+00  4.558653E+03 -1.477761E+05  1.494346E+05  0.000000E+00
  0.000000E+00  0.000000E+00  0.000000E+00  9.600039E+04  2.933340E-01
  1.450040E+03  2.900080E+03  9.000000E+01  9.000000E+01  9.000000E+01
  0.000000E+00 -2.098299E+01  9.027776E+06 -2.006268E+01  1.881355E+00
 -4.375103E-01  1.881355E+00 -2.189317E+01  4.198334E-01 -4.375103E-01
  4.198334E-01 -2.099312E+01  1.138441E+01  9.284181E+00  6.490826E+00
  1.434894E+01  2.727654E+03  4.642195E+01  0.000000E+00  0.000000E+00
  0.000000E+00  4.642195E+01  0.000000E+00  0.000000E+00  0.000000E+00
  4.454781E+01 -1.273933E+03
      9000  4.500000E+00        52
  8.904594E+06  5.495957E+02 -1.235508E+05  2.481520E+04 -1.498314E+05
  0.000000E+00  0.000000E+00  0.000000E+00  0.000000E+00 -1.231825E+05
  0.000000E+00  4.110590E+03 -1.484351E+05  1.496148E+05  0.000000E+00
  0.000000E+00  0.000000E+00  0.000000E+00  9.383300E+04  1.519638E+00
  1.465441E+03  2.930881E+03  9.000000E+01  9.000000E+01  9.000000E+01
  0.000000E+00 -1.895331E+01  9.027776E+06 -1.813203E+01  1.038584E+00
 -1.930835E-01  1.038584E+00 -1.992008E+01 -1.526208E+00 -1.930835E-01
 -1.526208E+00 -1.880783E+01  1.172831E+01  9.337057E+00  6.785219E+00
  1.484510E+01  2.727390E+03  4.606993E+01  0.000000E+00  0.000000E+00
  0.000000E+00  4.606993E+01  0.000000E+00  0.000000E+00  0.000000E+00
  4.421000E+01 -1.124726E+03
     10000  5.000000E+00        52
  8.904522E+06  5.500000E+02 -1.236229E+05  2.477984E+04 -1.498327E+05
  0.000000E+00  0.000000E+00  0.000000E+00  0.000000E+00 -1.232544E+05
  0.000000E+00  3.997032E+03 -1.485016E+05  1.496386E+05  0.000000E+00
  0.000000E+00  0.000000E+00  0.000000E+00  9.196351E+04  1.829298E-02
  1.430010E+03  2.860019E+03  9.000000E+01  9.000000E+01  9.000000E+01
  0.000000E+00 -1.868466E+01  9.027776E+06 -1.833443E+01 -1.126044E+00
  1.441801E+00 -1.126044E+00 -2.126337E+01 -9.452424E-02  1.441801E+00
 -9.452424E-02 -1.645617E+01  1.157101E+01  9.482397E+00  6.831604E+00
  1.474587E+01  2.728224E+03  4.576191E+01  0.000000E+00  0.000000E+00
  0.000000E+00  4.576191E+01  0.000000E+00  0.000000E+00  0.000000E+00
  4.391442E+01 -1.086692E+03
     11000  5.500000E+00        52
  8.904522E+06  5.275368E+02 -1.237764E+05  2.540262E+04 -1.506763E+05
  0.000000E+00  0.000000E+00  0.000000E+00  0.000000E+00 -1.234229E+05
  0.000000E+00  8.634370E+02 -1.526923E+05  1.505611E+05  0.000000E+00
  0.000000E+00  0.000000E+00  0.000000E+00  8.039395E+04  1.565495E+00
  1.497302E+03  2.994605E+03  9.000000E+01  9.000000E+01  9.000000E+01
  0.000000E+00 -1.026571E+00  9.027945E+06 -2.020120E+00  1.625401E+00
  1.134793E+00  1.625401E+00  5.681081E-02  1.197432E+00  1.134793E+00
  1.197432E+00 -1.116404E+00  8.000241E-01  7.633905E-01  6.843112E-01
  9.627153E-01  8.420208E-01  4.375625E+01  0.000000E+00  0.000000E+00
  0.000000E+00  4.375625E+01  0.000000E+00  0.000000E+00  0.000000E+00
  4.198973E+01 -5.219375E+01
     12000  6.000000E+00        52
  8.904522E+06  5.306088E+02 -1.238688E+05  2.529452E+04 -1.506234E+05
  0.000000E+00  0.000000E+00  0.000000E+00  0.000000E+00 -1.235133E+05
  0.000000E+00  7.492757E+02 -1.526979E+05  1.505269E+05  0.000000E+00
  0.000000E+00  0.000000E+00  0.000000E+00  7.647161E+04  1.873930E+00
  1.460120E+03  2.920241E+03  9.000000E+01  9.000000E+01  9.000000E+01
  0.000000E+00 -2.640059E-01  9.028035E+06 -4.913966E-01  2.361007E+00
 -8.894424E-02  2.361007E+00  5.601029E-01 -2.841569E-01 -8.894424E-02
 -2.841569E-01 -8.607239E-01  1.353089E+00  1.309691E+00  1.253979E+00
  1.619234E+00  1.457928E+00  4.303275E+01  0.000000E+00  0.000000E+00
  0.000000E+00  4.303275E+01  0.000000E+00  0.000000E+00  0.000000E+00
  4.129544E+01 -1.276791E+01
     13000  6.500000E+00        52
  8.904522E+06  5.464999E+02 -1.239539E+05  2.527364E+04 -1.506351E+05
  0.000000E+00  0.000000E+00  0.000000E+00  0.000000E+00 -1.235877E+05
  0.000000E+00  4.298993E+02 -1.529351E+05  1.505499E+05  0.000000E+00
  0.000000E+00  0.000000E+00  0.000000E+00  7.422719E+04  2.077346E+00
  1.407547E+03  2.815093E+03  9.000000E+01  9.000000E+01  9.000000E+01
  0.000000E+00  2.147047E+00  9.028110E+06  4.765403E+00  2.762016E+00
  1.552039E+00  2.762016E+00  3.739883E+00  1.120776E+00  1.552039E+00
  1.120776E+00 -2.064144E+00  1.682791E+00  1.709819E+00  1.578523E+00
  2.034710E+00  1.855390E+00  4.260756E+01  0.000000E+00  0.000000E+00
  0.000000E+00  4.260756E+01  0.000000E+00  0.000000E+00  0.000000E+00
  4.088742E+01  1.007884E+02
     14000  7.000000E+00        52
  8.904522E+06  5.609986E+02 -1.240172E+05  2.509824E+04 -1.504975E+05
  0.000000E+00  0.000000E+00  0.000000E+00  0.000000E+00 -1.236413E+05
  0.000000E+00  7.733174E+02 -1.524124E+05  1.504216E+05  0.000000E+00
  0.000000E+00  0.000000E+00  0.000000E+00  7.199863E+04  2.276173E+00
  1.382037E+03  2.764073E+03  9.000000E+01  9.000000E+01  9.000000E+01
  0.000000E+00 -1.583131E-01  9.028163E+06  1.473617E-01  4.600861E+00
 -4.744234E-01  4.600861E+00  9.230990E-01  1.807239E+00 -4.744234E-01
  1.807239E+00 -1.545400E+00  2.126597E+00  2.188795E+00  2.034107E+00
  2.532189E+00  2.332689E+00  4.217681E+01  0.000000E+00  0.000000E+00
  0.000000E+00  4.217681E+01  0.000000E+00  0.000000E+00  0.000000E+00
  4.047406E+01 -7.208535E+00
     15000  7.500000E+00        52
  8.904522E+06  5.724461E+02 -1.240616E+05  2.510134E+04 -1.505231E+05
  0.000000E+00  0.000000E+00  0.000000E+00  0.000000E+00 -1.236780E+05
  0.000000E+00  4.911966E+02 -1.526844E+05  1.504551E+05  0.000000E+00
  0.000000E+00  0.000000E+00  0.000000E+00  7.012603E+04  2.501370E+00
  1.360234E+03  2.720468E+03  9.000000E+01  9.000000E+01  9.000000E+01
  0.000000E+00  2.073199E+00  9.028200E+06  5.676512E+00  3.664668E+00
 -5.660294E-01  3.664668E+00  3.256554E+00  1.734499E+00 -5.660294E-01
  1.734499E+00 -2.713470E+00  2.448756E+00  2.480038E+00  2.268604E+00
  2.882406E+00  2.674148E+00  4.180794E+01  0.000000E+00  0.000000E+00
  0.000000E+00  4.180794E+01  0.000000E+00  0.000000E+00  0.000000E+00
  4.012008E+01  9.194460E+01
     16000  8.000000E+00        52
  8.904522E+06  5.533333E+02 -1.241288E+05  2.505454E+04 -1.505300E+05
  0.000000E+00  0.000000E+00  0.000000E+00  0.000000E+00 -1.237581E+05
  0.000000E+00  5.551034E+02 -1.526049E+05  1.504667E+05  0.000000E+00
  0.000000E+00  0.000000E+00  0.000000E+00  6.883757E+04  2.460091E+00
  1.346661E+03  2.693321E+03  9.000000E+01  9.000000E+01  9.000000E+01
  0.000000E+00  1.426595E+00  9.028280E+06  5.007360E+00  3.952592E+00
  6.228787E-01  3.952592E+00  1.587520E+00 -6.861841E-01  6.228787E-01
 -6.861841E-01 -2.315093E+00  2.722953E+00  2.713046E+00  2.478478E+00
  3.177941E+00  2.955757E+00  4.155030E+01  0.000000E+00  0.000000E+00
  0.000000E+00  4.155030E+01  0.000000E+00  0.000000E+00  0.000000E+00
  3.987284E+01  6.210583E+01
     17000  8.500000E+00        52
  8.904522E+06  5.286904E+02 -1.241664E+05  2.488505E+04 -1.504037E+05
  0.000000E+00  0.000000E+00  0.000000E+00  0.000000E+00 -1.238122E+05
  0.000000E+00  1.070305E+03 -1.519771E+05  1.503429E+05  0.000000E+00
  0.000000E+00  0.000000E+00  0.000000E+00  6.817595E+04  2.379192E+00
  1.352252E+03  2.704504E+03  9.000000E+01  9.000000E+01  9.000000E+01
  0.000000E+00 -2.797911E+00  9.028334E+06 -1.437864E+00  4.132615E+00
 -2.506815E-01  4.132615E+00 -1.842550E+00  2.984040E-01 -2.506815E-01
  2.984040E-01 -5.113319E+00  2.929809E+00  2.898749E+00  2.657785E+00
  3.386755E+00  3.158659E+00  4.141676E+01  0.000000E+00  0.000000E+00
  0.000000E+00  4.141676E+01  0.000000E+00  0.000000E+00  0.000000E+00
  3.974469E+01 -1.206344E+02
     18000  9.000000E+00        52
  8.904522E+06  5.472271E+02 -1.241808E+05  2.497124E+04 -1.504641E+05
  0.000000E+00  0.000000E+00  0.000000E+00  0.000000E+00 -1.238141E+05
  0.000000E+00  6.480918E+02 -1.523795E+05  1.504033E+05  0.000000E+00
  0.000000E+00  0.000000E+00  0.000000E+00  6.796721E+04  2.625560E+00
  1.312114E+03  2.624227E+03  9.000000E+01  9.000000E+01  9.000000E+01
  0.000000E+00  6.603043E-01  9.028336E+06  4.919782E+00  2.065619E+00
  1.244730E+00  2.065619E+00 -4.756855E-01 -2.581076E-01  1.244730E+00
 -2.581076E-01 -2.463184E+00  2.965020E+00  2.967197E+00  2.670259E+00
  3.432484E+00  3.203911E+00  4.137444E+01  0.000000E+00  0.000000E+00
  0.000000E+00  4.137444E+01  0.000000E+00  0.000000E+00  0.000000E+00
  3.970408E+01  2.838243E+01
     19000  9.500000E+00        52
  8.904522E+06  5.661243E+02 -1.241874E+05  2.485932E+04 -1.503639E+05
  0.000000E+00  0.000000E+00  0.000000E+00  0.000000E+00 -1.238080E+05
  0.000000E+00  1.128533E+03 -1.518123E+05  1.503065E+05  0.000000E+00
  0.000000E+00  0.000000E+00  0.000000E+00  6.743190E+04  2.709483E+00
  1.317182E+03  2.634364E+03  9.000000E+01  9.000000E+01  9.000000E+01
  0.000000E+00 -2.891860E+00  9.028330E+06  1.959487E+00  4.308853E+00
  1.616708E+00  4.308853E+00 -4.589354E+00 -9.096206E-02  1.616708E+00
 -9.096206E-02 -6.045714E+00  3.054766E+00  3.038388E+00  2.747371E+00
  3.538602E+00  3.309760E+00  4.126553E+01  0.000000E+00  0.000000E+00
  0.000000E+00  4.126553E+01  0.000000E+00  0.000000E+00  0.000000E+00
  3.959957E+01 -1.233243E+02
     20000  1.000000E+01        52
  8.904522E+06  5.563130E+02 -1.242116E+05  2.484670E+04 -1.503781E+05
  0.000000E+00  0.000000E+00  0.000000E+00  0.000000E+00 -1.238389E+05
  0.000000E+00  1.079763E+03 -1.518814E+05  1.503217E+05  0.000000E+00
  0.000000E+00  0.000000E+00  0.000000E+00  6.690375E+04  2.714008E+00
  1.319737E+03  2.639473E+03  9.000000E+01  9.000000E+01  9.000000E+01
  0.000000E+00 -2.634044E+00  9.028361E+06 -5.724329E-02  2.036431E+00
  2.121335E+00  2.036431E+00 -2.238777E+00  2.194317E+00  2.121335E+00
  2.194317E+00 -5.606111E+00  3.175247E+00  3.111533E+00  2.837916E+00
  3.648589E+00  3.415664E+00  4.115752E+01  0.000000E+00  0.000000E+00
  0.000000E+00  4.115752E+01  0.000000E+00  0.000000E+00  0.000000E+00
  3.949591E+01 -1.114499E+02
     21000  1.050000E+01        52
  8.904522E+06  5.505108E+02 -1.242392E+05  2.488404E+04 -1.504262E+05
  0.000000E+00  0.000000E+00  0.000000E+00  0.000000E+00 -1.238703E+05
  0.000000E+00  8.300878E+02 -1.521468E+05  1.503709E+05  0.000000E+00
  0.000000E+00  0.000000E+00  0.000000E+00  6.666493E+04  2.723775E+00
  1.302969E+03  2.605937E+03  9.000000E+01  9.000000E+01  9.000000E+01
  0.000000E+00 -7.309321E-01  9.028393E+06  4.452874E+00  2.659530E+00
  4.150559E-01  2.659530E+00  7.088915E-01 -2.457916E-01  4.150559E-01
 -2.457916E-01 -7.354562E+00  3.248500E+00  3.179843E+00  2.883164E+00
  3.715983E+00  3.484226E+00  4.110849E+01  0.000000E+00  0.000000E+00
  0.000000E+00  4.110849E+01  0.000000E+00  0.000000E+00  0.000000E+00
  3.944886E+01 -3.081630E+01
     22000  1.100000E+01        52
  8.904522E+06  5.395331E+02 -1.242476E+05  2.497107E+04 -1.505236E+05
  0.000000E+00  0.000000E+00  0.000000E+00  0.000000E+00 -1.238861E+05
  0.000000E+00  4.999698E+02 -1.525790E+05  1.504691E+05  0.000000E+00
  0.000000E+00  0.000000E+00  0.000000E+00  6.630521E+04  2.776994E+00
  1.304944E+03  2.609888E+03  9.000000E+01  9.000000E+01  9.000000E+01
  0.000000E+00  1.772360E+00  9.028408E+06  4.686658E+00  1.436899E+00
  1.536449E+00  1.436899E+00  6.452752E+00 -8.817594E-02  1.536449E+00
 -8.817594E-02 -5.822330E+00  3.382561E+00  3.332409E+00  2.971044E+00
  3.843611E+00  3.612707E+00  4.103441E+01  0.000000E+00  0.000000E+00
  0.000000E+00  4.103441E+01  0.000000E+00  0.000000E+00  0.000000E+00
  3.937778E+01  7.431999E+01
     23000  1.150000E+01        52
  8.904522E+06  5.561026E+02 -1.242496E+05  2.483685E+04 -1.503947E+05
  0.000000E+00  0.000000E+00  0.000000E+00  0.000000E+00 -1.238770E+05
  0.000000E+00  1.043985E+03 -1.519142E+05  1.503418E+05  0.000000E+00
  0.000000E+00  0.000000E+00  0.000000E+00  6.607550E+04  2.812301E+00
  1.308205E+03  2.616410E+03  9.000000E+01  9.000000E+01  9.000000E+01
  0.000000E+00 -2.383917E+00  9.028399E+06 -1.001575E+00  1.921605E+00
 -3.055059E-01  1.921605E+00  1.342188E+00 -4.905328E-01 -3.055059E-01
 -4.905328E-01 -7.492365E+00  3.408617E+00  3.275082E+00  2.984228E+00
  3.840808E+00  3.613280E+00  4.098697E+01  0.000000E+00  0.000000E+00
  0.000000E+00  4.098697E+01  0.000000E+00  0.000000E+00  0.000000E+00
  3.933225E+01 -9.961796E+01
     24000  1.200000E+01        52
  8.904522E+06  5.592146E+02 -1.242586E+05  2.488632E+04 -1.504446E+05
  0.000000E+00  0.000000E+00  0.000000E+00  0.000000E+00 -1.238839E+05
  0.000000E+00  7.244816E+02 -1.522664E+05  1.503914E+05  0.000000E+00
  0.000000E+00  0.000000E+00  0.000000E+00  6.575509E+04  2.937749E+00
  1.299721E+03  2.599441E+03  9.000000E+01  9.000000E+01  9.000000E+01
  0.000000E+00  1.989477E-01  9.028406E+06  4.035105E+00  3.021121E+00
  4.547366E-01  3.021121E+00  3.720282E+00  9.039709E-01  4.547366E-01
  9.039709E-01 -7.158545E+00  3.434416E+00  3.353224E+00  3.009411E+00
  3.903011E+00  3.660942E+00  4.092061E+01  0.000000E+00  0.000000E+00
  0.000000E+00  4.092061E+01  0.000000E+00  0.000000E+00  0.000000E+00
  3.926857E+01  8.273215E+00
     25000  1.250000E+01        52
  8.904522E+06  5.547048E+02 -1.242766E+05  2.488531E+04 -1.504614E+05
  0.000000E+00  0.000000E+00  0.000000E+00  0.000000E+00 -1.239050E+05
  0.000000E+00  6.593130E+02 -1.523489E+05  1.504094E+05  0.000000E+00
  0.000000E+00  0.000000E+00  0.000000E+00  6.554405E+04  2.788628E+00
  1.299432E+03  2.598864E+03  9.000000E+01  9.000000E+01  9.000000E+01
  0.000000E+00  6.750520E-01  9.028427E+06  5.416083E+00  3.294530E+00
  7.849647E-01  3.294530E+00  2.161059E+00  9.254901E-02  7.849647E-01
  9.254901E-02 -5.551987E+00  3.541066E+00  3.482119E+00  3.153421E+00
  4.025844E+00  3.789238E+00  4.087679E+01  0.000000E+00  0.000000E+00
  0.000000E+00  4.087679E+01  0.000000E+00  0.000000E+00  0.000000E+00
  3.922652E+01  2.798186E+01
     26000  1.300000E+01        52
  8.904522E+06  5.374823E+02 -1.243018E+05  2.488945E+04 -1.504763E+05
  0.000000E+00  0.000000E+00  0.000000E+00  0.000000E+00 -1.239416E+05
  0.000000E+00  5.919725E+02 -1.524046E+05  1.504264E+05  0.000000E+00
  0.000000E+00  0.000000E+00  0.000000E+00  6.488300E+04  2.761786E+00
  1.285087E+03  2.570174E+03  9.000000E+01  9.000000E+01  9.000000E+01
  0.000000E+00  1.041505E+00  9.028464E+06  7.786801E-01  2.660942E+00
 -5.471934E-01  2.660942E+00  3.687781E+00 -1.109042E+00 -5.471934E-01
 -1.109042E+00 -1.341946E+00  3.609906E+00  3.664261E+00  3.261438E+00
  4.125019E+00  3.882225E+00  4.073890E+01  0.000000E+00  0.000000E+00
  0.000000E+00  4.073890E+01  0.000000E+00  0.000000E+00  0.000000E+00
  3.909420E+01  4.273644E+01
     27000  1.350000E+01        52
  8.904522E+06  5.408399E+02 -1.243176E+05  2.483934E+04 -1.504375E+05
  0.000000E+00  0.000000E+00  0.000000E+00  0.000000E+00 -1.239552E+05
  0.000000E+00  7.033067E+02 -1.522451E+05  1.503873E+05  0.000000E+00
  0.000000E+00  0.000000E+00  0.000000E+00  6.489823E+04  2.811288E+00
  1.280530E+03  2.561061E+03  9.000000E+01  9.000000E+01  9.000000E+01
  0.000000E+00  1.735912E-01  9.028477E+06  2.547514E+00  1.818912E+00
  5.197934E-02  1.818912E+00  2.057243E+00  1.103545E+00  5.197934E-02
  1.103545E+00 -4.083983E+00  3.639660E+00  3.617240E+00  3.244867E+00
  4.148803E+00  3.905318E+00  4.074209E+01  0.000000E+00  0.000000E+00
  0.000000E+00  4.074209E+01  0.000000E+00  0.000000E+00  0.000000E+00
  3.909726E+01  7.124701E+00
     28000  1.400000E+01        52
  8.904522E+06  5.582908E+02 -1.243141E+05  2.479413E+04 -1.503868E+05
  0.000000E+00  0.000000E+00  0.000000E+00  0.000000E+00 -1.239400E+05
  0.000000E+00  8.528635E+02 -1.520407E+05  1.503363E+05  0.000000E+00
  0.000000E+00  0.000000E+00  0.000000E+00  6.475411E+04  2.899956E+00
  1.278623E+03  2.557246E+03  9.000000E+01  9.000000E+01  9.000000E+01
  0.000000E+00 -8.530344E-01  9.028462E+06  5.618169E-01  1.099036E+00
 -1.097834E-01  1.099036E+00  1.454729E+00  1.103079E+00 -1.097834E-01
  1.103079E+00 -4.575649E+00  3.643674E+00  3.617594E+00  3.280276E+00
  4.140785E+00  3.903935E+00  4.071191E+01  0.000000E+00  0.000000E+00
  0.000000E+00  4.071191E+01  0.000000E+00  0.000000E+00  0.000000E+00
  3.906829E+01 -3.493333E+01
     29000  1.450000E+01        52
  8.904522E+06  5.621567E+02 -1.243189E+05  2.477129E+04 -1.503579E+05
  0.000000E+00  0.000000E+00  0.000000E+00  0.000000E+00 -1.239422E+05
  0.000000E+00  9.657558E+02 -1.518776E+05  1.503079E+05  0.000000E+00
  0.000000E+00  0.000000E+00  0.000000E+00  6.464850E+04  2.954821E+00
  1.267704E+03  2.535409E+03  9.000000E+01  9.000000E+01  9.000000E+01
  0.000000E+00 -1.732600E+00  9.028464E+06  6.698506E-01  1.030435E+00
 -2.385926E-01  1.030435E+00 -8.078774E-01  5.313591E-01 -2.385926E-01
  5.313591E-01 -5.059773E+00  3.747200E+00  3.738545E+00  3.342201E+00
  4.218182E+00  3.981779E+00  4.068976E+01  0.000000E+00  0.000000E+00
  0.000000E+00  4.068976E+01  0.000000E+00  0.000000E+00  0.000000E+00
  3.904704E+01 -7.083743E+01
     30000  1.500000E+01        52
  8.904522E+06  5.421828E+02 -1.243349E+05  2.483955E+04 -1.504546E+05
  0.000000E+00  0.000000E+00  0.000000E+00  0.000000E+00 -1.239716E+05
  0.000000E+00  6.327507E+02 -1.523336E+05  1.504060E+05  0.000000E+00
  0.000000E+00  0.000000E+00  0.000000E+00  6.436895E+04  2.817889E+00
  1.280193E+03  2.560385E+03  9.000000E+01  9.000000E+01  9.000000E+01
  0.000000E+00  7.674894E-01  9.028494E+06  1.759501E+00  2.527485E+00
  5.237174E-01  2.527485E+00  2.972404E+00  1.535098E+00  5.237174E-01
  1.535098E+00 -2.429438E+00  3.794741E+00  3.714000E+00  3.361483E+00
  4.264528E+00  4.020985E+00  4.063103E+01  0.000000E+00  0.000000E+00
  0.000000E+00  4.063103E+01  0.000000E+00  0.000000E+00  0.000000E+00
  3.899068E+01  3.124315E+01
     31000  1.550000E+01        52
  8.904522E+06  5.435629E+02 -1.243560E+05  2.478803E+04 -1.504116E+05
  0.000000E+00  0.000000E+00  0.000000E+00  0.000000E+00 -1.239918E+05
  0.000000E+00  8.949510E+02 -1.520034E+05  1.503632E+05  0.000000E+00
  0.000000E+00  0.000000E+00  0.000000E+00  6.421578E+04  2.864061E+00
  1.267554E+03  2.535108E+03  9.000000E+01  9.000000E+01  9.000000E+01
  0.000000E+00 -1.367611E+00  9.028514E+06 -1.967059E+00  3.975716E-01
  2.730255E+00  3.975716E-01  4.773312E-01  1.221920E+00  2.730255E+00
  1.221920E+00 -2.613106E+00  3.839012E+00  3.785080E+00  3.389902E+00
  4.289508E+00  4.043068E+00  4.059877E+01  0.000000E+00  0.000000E+00
  0.000000E+00  4.059877E+01  0.000000E+00  0.000000E+00  0.000000E+00
  3.895973E+01 -5.554059E+01
     32000  1.600000E+01        52
  8.904522E+06  5.545064E+02 -1.243563E+05  2.481257E+04 -1.504176E+05
  0.000000E+00  0.000000E+00  0.000000E+00  0.000000E+00 -1.239848E+05
  0.000000E+00  7.404548E+02 -1.521275E+05  1.503705E+05  0.000000E+00
  0.000000E+00  0.000000E+00  0.000000E+00  6.420266E+04  2.883388E+00
  1.248715E+03  2.497429E+03  9.000000E+01  9.000000E+01  9.000000E+01
  0.000000E+00  2.083466E-02  9.028507E+06  2.009311E+00 -5.935562E-01
  1.734752E+00 -5.935562E-01  4.571298E-01  1.843478E+00  1.734752E+00
  1.843478E+00 -2.403937E+00  3.858078E+00  3.825665E+00  3.448441E+00
  4.347019E+00  4.099414E+00  4.059601E+01  0.000000E+00  0.000000E+00
  0.000000E+00  4.059601E+01  0.000000E+00  0.000000E+00  0.000000E+00
  3.895708E+01  8.459514E-01
     33000  1.650000E+01        52
  8.904522E+06  5.577433E+02 -1.243474E+05  2.479412E+04 -1.503984E+05
  0.000000E+00  0.000000E+00  0.000000E+00  0.000000E+00 -1.239737E+05
  0.000000E+00  6.316493E+02 -1.522343E+05  1.503522E+05  0.000000E+00
  0.000000E+00  0.000000E+00  0.000000E+00  6.376502E+04  2.958752E+00
  1.256897E+03  2.513794E+03  9.000000E+01  9.000000E+01  9.000000E+01
  0.000000E+00  9.562046E-01  9.028496E+06  4.950830E-01  5.017327E-01
 -8.528507E-02  5.017327E-01  3.909163E+00  3.139500E+00 -8.528507E-02
  3.139500E+00 -1.535632E+00  3.962690E+00  3.906285E+00  3.473204E+00
  4.437196E+00  4.187743E+00  4.050356E+01  0.000000E+00  0.000000E+00
  0.000000E+00  4.050356E+01  0.000000E+00  0.000000E+00  0.000000E+00
  3.886836E+01  3.856021E+01
     34000  1.700000E+01        52
  8.904522E+06  5.595053E+02 -1.243584E+05  2.485698E+04 -1.504896E+05
  0.000000E+00  0.000000E+00  0.000000E+00  0.000000E+00 -1.239835E+05
  0.000000E+00  4.437147E+02 -1.525490E+05  1.504444E+05  0.000000E+00
  0.000000E+00  0.000000E+00  0.000000E+00  6.350182E+04  2.919043E+00
  1.274173E+03  2.548347E+03  9.000000E+01  9.000000E+01  9.000000E+01
  0.000000E+00  2.539651E+00  9.028506E+06  4.905041E+00  9.356421E-01
  3.598309E+00  9.356421E-01  2.508017E+00  1.531311E+00  3.598309E+00
  1.531311E+00  2.058953E-01  3.935358E+00  3.930656E+00  3.500879E+00
  4.422441E+00  4.172760E+00  4.044775E+01  0.000000E+00  0.000000E+00
  0.000000E+00  4.044775E+01  0.000000E+00  0.000000E+00  0.000000E+00
  3.881480E+01  1.019920E+02
     35000  1.750000E+01        52
  8.904522E+06  5.462619E+02 -1.243754E+05  2.475997E+04 -1.504083E+05
  0.000000E+00  0.000000E+00  0.000000E+00  0.000000E+00 -1.240094E+05
  0.000000E+00  9.083585E+02 -1.519999E+05  1.503625E+05  0.000000E+00
  0.000000E+00  0.000000E+00  0.000000E+00  6.365740E+04  2.919129E+00
  1.272911E+03  2.545822E+03  9.000000E+01  9.000000E+01  9.000000E+01
  0.000000E+00 -1.460675E+00  9.028532E+06 -1.720006E+00  3.204339E+00
  1.818603E+00  3.204339E+00 -4.623052E-01 -9.839137E-01  1.818603E+00
 -9.839137E-01 -2.199714E+00  3.969398E+00  3.928139E+00  3.506600E+00
  4.448302E+00  4.195109E+00  4.048076E+01  0.000000E+00  0.000000E+00
  0.000000E+00  4.048076E+01  0.000000E+00  0.000000E+00  0.000000E+00
  3.884648E+01 -5.880423E+01
     36000  1.800000E+01        52
  8.904522E+06  5.336550E+02 -1.243835E+05  2.478004E+04 -1.504386E+05
  0.000000E+00  0.000000E+00  0.000000E+00  0.000000E+00 -1.240260E+05
  0.000000E+00  8.637525E+02 -1.520793E+05  1.503930E+05  0.000000E+00
  0.000000E+00  0.000000E+00  0.000000E+00  6.359795E+04  2.786334E+00
  1.275001E+03  2.550002E+03  9.000000E+01  9.000000E+01  9.000000E+01
  0.000000E+00 -1.232359E+00  9.028548E+06  4.504764E-01  1.278776E+00
  1.676315E+00  1.278776E+00 -1.476284E+00  1.039111E+00  1.676315E+00
  1.039111E+00 -2.671270E+00  3.997241E+00  4.021346E+00  3.598000E+00
  4.520832E+00  4.262053E+00  4.046815E+01  0.000000E+00  0.000000E+00
  0.000000E+00  4.046815E+01  0.000000E+00  0.000000E+00  0.000000E+00
  3.883438E+01 -4.956630E+01
     37000  1.850000E+01        52
  8.904522E+06  5.501776E+02 -1.243787E+05  2.488280E+04 -1.505228E+05
  0.000000E+00  0.000000E+00  0.000000E+00  0.000000E+00 -1.240101E+05
  0.000000E+00  4.322302E+02 -1.525676E+05  1.504771E+05  0.000000E+00
  0.000000E+00  0.000000E+00  0.000000E+00  6.345228E+04  2.835862E+00
  1.261327E+03  2.522654E+03  9.000000E+01  9.000000E+01  9.000000E+01
  0.000000E+00  2.533213E+00  9.028532E+06  3.902506E+00  2.667938E+00
  7.467215E-01  2.667938E+00  9.534294E-01  1.419821E+00  7.467215E-01
  1.419821E+00  2.743704E+00  4.096028E+00  4.021038E+00  3.611963E+00
  4.565668E+00  4.307695E+00  4.043723E+01  0.000000E+00  0.000000E+00
  0.000000E+00  4.043723E+01  0.000000E+00  0.000000E+00  0.000000E+00
  3.880471E+01  1.016541E+02
     38000  1.900000E+01        52
  8.904522E+06  5.550739E+02 -1.243810E+05  2.474698E+04 -1.503796E+05
  0.000000E+00  0.000000E+00  0.000000E+00  0.000000E+00 -1.240090E+05
  0.000000E+00  1.028193E+03 -1.518091E+05  1.503341E+05  0.000000E+00
  0.000000E+00  0.000000E+00  0.000000E+00  6.348550E+04  2.966226E+00
  1.251619E+03  2.503239E+03  9.000000E+01  9.000000E+01  9.000000E+01
  0.000000E+00 -2.361502E+00  9.028531E+06 -5.969937E-01  1.207577E+00
  1.135252E+00  1.207577E+00 -4.068612E+00  7.726468E-01  1.135252E+00
  7.726468E-01 -2.418901E+00  4.060236E+00  4.049371E+00  3.628526E+00
  4.563817E+00  4.305157E+00  4.044429E+01  0.000000E+00  0.000000E+00
  0.000000E+00  4.044429E+01  0.000000E+00  0.000000E+00  0.000000E+00
  3.881148E+01 -9.481322E+01
     39000  1.950000E+01        52
  8.904522E+06  5.452476E+02 -1.243902E+05  2.484374E+04 -1.504973E+05
  0.000000E+00  0.000000E+00  0.000000E+00  0.000000E+00 -1.240248E+05
  0.000000E+00  5.623822E+02 -1.524165E+05  1.504520E+05  0.000000E+00
  0.000000E+00  0.000000E+00  0.000000E+00  6.330303E+04  3.009145E+00
  1.263421E+03  2.526842E+03  9.000000E+01  9.000000E+01  9.000000E+01
  0.000000E+00  1.400509E+00  9.028547E+06  3.522182E+00  2.482929E+00
  6.097997E-01  2.482929E+00 -1.140784E-01  5.363117E-01  6.097997E-01
  5.363117E-01  7.934223E-01  4.123861E+00  4.089607E+00  3.653733E+00
  4.601658E+00  4.347588E+00  4.040550E+01  0.000000E+00  0.000000E+00
  0.000000E+00  4.040550E+01  0.000000E+00  0.000000E+00  0.000000E+00
  3.877426E+01  5.606816E+01
     40000  2.000000E+01        52
  8.904522E+06  5.436491E+02 -1.244039E+05  2.481077E+04 -1.504552E+05
  0.000000E+00  0.000000E+00  0.000000E+00  0.000000E+00 -1.240396E+05
  0.000000E+00  6.659572E+02 -1.522259E+05  1.504108E+05  0.000000E+00
  0.000000E+00  0.000000E+00  0.000000E+00  6.314299E+04  2.970816E+00
  1.240528E+03  2.481055E+03  9.000000E+01  9.000000E+01  9.000000E+01
  0.000000E+00  5.216051E-01  9.028562E+06  2.220173E+00  1.653512E+00
  3.264991E+00  1.653512E+00  1.217374E+00  1.143339E+00  3.264991E+00
  1.143339E+00 -1.872732E+00  4.184692E+00  4.164056E+00  3.681696E+00
  4.658122E+00  4.410825E+00  4.037142E+01  0.000000E+00  0.000000E+00
  0.000000E+00  4.037142E+01  0.000000E+00  0.000000E+00  0.000000E+00
  3.874155E+01  2.082922E+01
     41000  2.050000E+01        52
  8.904522E+06  5.450546E+02 -1.244027E+05  2.474955E+04 -1.504110E+05
  0.000000E+00  0.000000E+00  0.000000E+00  0.000000E+00 -1.240375E+05
  0.000000E+00  8.709241E+02 -1.520134E+05  1.503667E+05  0.000000E+00
  0.000000E+00  0.000000E+00  0.000000E+00  6.307167E+04  2.955137E+00
  1.258778E+03  2.517556E+03  9.000000E+01  9.000000E+01  9.000000E+01
  0.000000E+00 -1.174928E+00  9.028560E+06  1.286853E+00  1.894812E+00
  1.439936E+00  1.894812E+00 -2.825414E+00  3.890097E-01  1.439936E+00
  3.890097E-01 -1.986224E+00  4.131949E+00  4.087579E+00  3.725779E+00
  4.656218E+00  4.401735E+00  4.035622E+01  0.000000E+00  0.000000E+00
  0.000000E+00  4.035622E+01  0.000000E+00  0.000000E+00  0.000000E+00
  3.872696E+01 -4.686534E+01
     42000  2.100000E+01        52
  8.904522E+06  5.658088E+02 -1.244063E+05  2.472872E+04 -1.503820E+05
  0.000000E+00  0.000000E+00  0.000000E+00  0.000000E+00 -1.240272E+05
  0.000000E+00  9.423192E+02 -1.518893E+05  1.503376E+05  0.000000E+00
  0.000000E+00  0.000000E+00  0.000000E+00  6.307530E+04  3.106323E+00
  1.247016E+03  2.494031E+03  9.000000E+01  9.000000E+01  9.000000E+01
  0.000000E+00 -1.539079E+00  9.028549E+06  2.391324E+00  2.866195E+00
  2.938862E+00  2.866195E+00 -3.537344E+00  3.033936E-01  2.938862E+00
  3.033936E-01 -3.471218E+00  4.137355E+00  4.126843E+00  3.643889E+00
  4.645202E+00  4.386170E+00  4.035699E+01  0.000000E+00  0.000000E+00
  0.000000E+00  4.035699E+01  0.000000E+00  0.000000E+00  0.000000E+00
  3.872771E+01 -6.139406E+01
     43000  2.150000E+01        52
  8.904522E+06  5.583278E+02 -1.244008E+05  2.483346E+04 -1.504951E+05
  0.000000E+00  0.000000E+00  0.000000E+00  0.000000E+00 -1.240267E+05
  0.000000E+00  4.757783E+02 -1.524967E+05  1.504506E+05  0.000000E+00
  0.000000E+00  0.000000E+00  0.000000E+00  6.295927E+04  2.968087E+00
  1.260921E+03  2.521841E+03  9.000000E+01  9.000000E+01  9.000000E+01
  0.000000E+00  2.279901E+00  9.028549E+06  5.304341E+00  2.934492E+00
  1.515629E+00  2.934492E+00  3.355901E+00  2.993635E-01  1.515629E+00
  2.993635E-01 -1.820537E+00  4.113944E+00  4.135835E+00  3.675413E+00
  4.628086E+00  4.373975E+00  4.033223E+01  0.000000E+00  0.000000E+00
  0.000000E+00  4.033223E+01  0.000000E+00  0.000000E+00  0.000000E+00
  3.870395E+01  9.077825E+01
     44000  2.200000E+01        52
  8.904522E+06  5.487638E+02 -1.244081E+05  2.475803E+04 -1.504168E+05
  0.000000E+00  0.000000E+00  0.000000E+00  0.000000E+00 -1.240404E+05
  0.000000E+00  8.912180E+02 -1.519824E+05  1.503722E+05  0.000000E+00
  0.000000E+00  0.000000E+00  0.000000E+00  6.309008E+04  2.920546E+00
  1.250676E+03  2.501353E+03  9.000000E+01  9.000000E+01  9.000000E+01
  0.000000E+00 -1.302606E+00  9.028563E+06  8.346780E-01  3.036138E+00
  3.175311E+00  3.036138E+00 -2.452047E+00  8.595843E-01  3.175311E+00
  8.595843E-01 -2.290449E+00  4.164944E+00  4.135887E+00  3.673688E+00
  4.651512E+00  4.397494E+00  4.036014E+01  0.000000E+00  0.000000E+00
  0.000000E+00  4.036014E+01  0.000000E+00  0.000000E+00  0.000000E+00
  3.873073E+01 -5.197329E+01
     45000  2.250000E+01        52
  8.904522E+06  5.414557E+02 -1.244146E+05  2.474088E+04 -1.504038E+05
  0.000000E+00  0.000000E+00  0.000000E+00  0.000000E+00 -1.240518E+05
  0.000000E+00  8.889853E+02 -1.519673E+05  1.503596E+05  0.000000E+00
  0.000000E+00  0.000000E+00  0.000000E+00  6.297272E+04  2.874635E+00
  1.248328E+03  2.496655E+03  9.000000E+01  9.000000E+01  9.000000E+01
  0.000000E+00 -1.368307E+00  9.028574E+06 -1.001717E+00  3.515576E+00
  8.874649E-01  3.515576E+00 -2.132516E+00  5.729902E-01  8.874649E-01
  5.729902E-01 -9.706886E-01  4.211301E+00  4.169320E+00  3.746312E+00
  4.707500E+00  4.453048E+00  4.033510E+01  0.000000E+00  0.000000E+00
  0.000000E+00  4.033510E+01  0.000000E+00  0.000000E+00  0.000000E+00
  3.870670E+01 -5.449317E+01
     46000  2.300000E+01        52
  8.904522E+06  5.445783E+02 -1.244150E+05  2.473355E+04 -1.504080E+05
  0.000000E+00  0.000000E+00  0.000000E+00  0.000000E+00 -1.240501E+05
  0.000000E+00  8.691127E+02 -1.520141E+05  1.503643E+05  0.000000E+00
  0.000000E+00  0.000000E+00  0.000000E+00  6.277596E+04  2.838837E+00
  1.259480E+03  2.518961E+03  9.000000E+01  9.000000E+01  9.000000E+01
  0.000000E+00 -1.170613E+00  9.028572E+06  1.739022E-01  4.446096E+00
  2.359703E+00  4.446096E+00 -8.866351E-01  5.877242E-01  2.359703E+00
  5.877242E-01 -2.799105E+00  4.271090E+00  4.236595E+00  3.809363E+00
  4.753923E+00  4.501701E+00  4.029305E+01  0.000000E+00  0.000000E+00
  0.000000E+00  4.029305E+01  0.000000E+00  0.000000E+00  0.000000E+00
  3.866635E+01 -4.647428E+01
     47000  2.350000E+01        52
  8.904522E+06  5.579254E+02 -1.244149E+05  2.476654E+04 -1.504162E+05
  0.000000E+00  0.000000E+00  0.000000E+00  0.000000E+00 -1.240411E+05
  0.000000E+00  7.516913E+02 -1.520897E+05  1.503719E+05  0.000000E+00
  0.000000E+00  0.000000E+00  0.000000E+00  6.285152E+04  2.997113E+00
  1.234743E+03  2.469486E+03  9.000000E+01  9.000000E+01  9.000000E+01
  0.000000E+00 -3.452801E-02  9.028563E+06  1.226883E+00  3.530942E+00
  2.725882E+00  3.530942E+00  3.054692E+00  1.959949E+00  2.725882E+00
  1.959949E+00 -4.385159E+00  4.251001E+00  4.184841E+00  3.730306E+00
  4.734609E+00  4.481319E+00  4.030921E+01  0.000000E+00  0.000000E+00
  0.000000E+00  4.030921E+01  0.000000E+00  0.000000E+00  0.000000E+00
  3.868185E+01 -1.372440E+00
     48000  2.400000E+01        52
  8.904522E+06  5.556746E+02 -1.244217E+05  2.477454E+04 -1.504385E+05
  0.000000E+00  0.000000E+00  0.000000E+00  0.000000E+00 -1.240494E+05
  0.000000E+00  6.755294E+02 -1.522034E+05  1.503944E+05  0.000000E+00
  0.000000E+00  0.000000E+00  0.000000E+00  6.266575E+04  2.976696E+00
  1.242260E+03  2.484520E+03  9.000000E+01  9.000000E+01  9.000000E+01
  0.000000E+00  5.805921E-01  9.028572E+06  1.399432E+00  3.183345E+00
 -1.118436E+00  3.183345E+00  2.014431E+00  2.569576E+00 -1.118436E+00
  2.569576E+00 -1.672087E+00  4.274100E+00  4.292415E+00  3.831427E+00
  4.805151E+00  4.547585E+00  4.026945E+01  0.000000E+00  0.000000E+00
  0.000000E+00  4.026945E+01  0.000000E+00  0.000000E+00  0.000000E+00
  3.864370E+01  2.300951E+01
     49000  2.450000E+01        52
  8.904522E+06  5.516864E+02 -1.244282E+05  2.480222E+04 -1.504760E+05
  0.000000E+00  0.000000E+00  0.000000E+00  0.000000E+00 -1.240585E+05
  0.000000E+00  4.490041E+02 -1.524753E+05  1.504331E+05  0.000000E+00
  0.000000E+00  0.000000E+00  0.000000E+00  6.239056E+04  3.079150E+00
  1.245601E+03  2.491201E+03  9.000000E+01  9.000000E+01  9.000000E+01
  0.000000E+00  2.451694E+00  9.028581E+06  4.383394E+00  3.339202E+00
  1.752621E+00  3.339202E+00  3.278181E+00  2.911033E+00  1.752621E+00
  2.911033E+00 -3.064932E-01  4.270572E+00  4.266353E+00  3.799865E+00
  4.805267E+00  4.541710E+00  4.021042E+01  0.000000E+00  0.000000E+00
  0.000000E+00  4.021042E+01  0.000000E+00  0.000000E+00  0.000000E+00
  3.858706E+01  9.673669E+01
     50000  2.500000E+01        52
  8.904522E+06  5.487782E+02 -1.244293E+05  2.471571E+04 -1.503807E+05
  0.000000E+00  0.000000E+00  0.000000E+00  0.000000E+00 -1.240616E+05
  0.000000E+00  9.176777E+02 -1.518909E+05  1.503373E+05  0.000000E+00
  0.000000E+00  0.000000E+00  0.000000E+00  6.263241E+04  2.967390E+00
  1.235620E+03  2.471241E+03  9.000000E+01  9.000000E+01  9.000000E+01
  0.000000E+00 -1.534631E+00  9.028584E+06  1.549725E-01  1.370888E+00
 -3.785758E-01  1.370888E+00 -1.347073E+00  2.121195E+00 -3.785758E-01
  2.121195E+00 -3.411792E+00  4.320999E+00  4.276022E+00  3.769463E+00
  4.802511E+00  4.546458E+00  4.026231E+01  0.000000E+00  0.000000E+00
  0.000000E+00  4.026231E+01  0.000000E+00  0.000000E+00  0.000000E+00
  3.863685E+01 -6.078677E+01
     51000  2.550000E+01        52
  8.904522E+06  5.514321E+02 -1.244286E+05  2.473451E+04 -1.503816E+05
  0.000000E+00  0.000000E+00  0.000000E+00  0.000000E+00 -1.240591E+05
  0.000000E+00  7.539524E+02 -1.520215E+05  1.503385E+05  0.000000E+00
  0.000000E+00  0.000000E+00  0.000000E+00  6.267785E+04  3.016293E+00
  1.218485E+03  2.436969E+03  9.000000E+01  9.000000E+01  9.000000E+01
  0.000000E+00 -1.268035E-01  9.028581E+06  4.440903E-01  3.113998E+00
  8.770474E-01  3.113998E+00  1.051768E+00  2.663206E+00  8.770474E-01
  2.663206E+00 -1.876269E+00  4.298312E+00  4.194653E+00  3.804090E+00
  4.787174E+00  4.534768E+00  4.027205E+01  0.000000E+00  0.000000E+00
  0.000000E+00  4.027205E+01  0.000000E+00  0.000000E+00  0.000000E+00
  3.864619E+01 -5.026334E+00
     52000  2.600000E+01        52
  8.904522E+06  5.513688E+02 -1.244317E+05  2.471702E+04 -1.503838E+05
  0.000000E+00  0.000000E+00  0.000000E+00  0.000000E+00 -1.240622E+05
  0.000000E+00  8.388261E+02 -1.519729E+05  1.503413E+05  0.000000E+00
  0.000000E+00  0.000000E+00  0.000000E+00  6.239223E+04  2.961009E+00
  1.235176E+03  2.470351E+03  9.000000E+01  9.000000E+01  9.000000E+01
  0.000000E+00 -8.450943E-01  9.028585E+06  8.837939E-01  2.067080E+00
  9.061339E-01  2.067080E+00  5.192166E-01  2.390040E+00  9.061339E-01
  2.390040E+00 -3.938293E+00  4.328781E+00  4.263055E+00  3.783901E+00
  4.819601E+00  4.562784E+00  4.021078E+01  0.000000E+00  0.000000E+00
  0.000000E+00  4.021078E+01  0.000000E+00  0.000000E+00  0.000000E+00
  3.858740E+01 -3.334584E+01
     53000  2.650000E+01        52
  8.904522E+06  5.406305E+02 -1.244353E+05  2.478076E+04 -1.504316E+05
  0.000000E+00  0.000000E+00  0.000000E+00  0.000000E+00 -1.240731E+05
  0.000000E+00  5.454750E+02 -1.522745E+05  1.503890E+05  0.000000E+00
  0.000000E+00  0.000000E+00  0.000000E+00  6.239743E+04  2.813947E+00
  1.215492E+03  2.430983E+03  9.000000E+01  9.000000E+01  9.000000E+01
  0.000000E+00  1.511393E+00  9.028595E+06  2.906999E+00  2.806049E+00
  4.958007E-02  2.806049E+00  2.924858E+00  3.982842E+00  4.958007E-02
  3.982842E+00 -1.297678E+00  4.431086E+00  4.271742E+00  3.870579E+00
  4.917657E+00  4.658759E+00  4.021190E+01  0.000000E+00  0.000000E+00
  0.000000E+00  4.021190E+01  0.000000E+00  0.000000E+00  0.000000E+00
  3.858847E+01  5.964171E+01
     54000  2.700000E+01        52
  8.904522E+06  5.494484E+02 -1.244384E+05  2.473470E+04 -1.503932E+05
  0.000000E+00  0.000000E+00  0.000000E+00  0.000000E+00 -1.240703E+05
  0.000000E+00  6.959422E+02 -1.520945E+05  1.503503E+05  0.000000E+00
  0.000000E+00  0.000000E+00  0.000000E+00  6.241127E+04  2.895925E+00
  1.220056E+03  2.440112E+03  9.000000E+01  9.000000E+01  9.000000E+01
  0.000000E+00  3.401152E-01  9.028593E+06  2.668698E+00 -6.037998E-02
  8.086481E-01 -6.037998E-02 -9.440291E-01  1.519889E+00  8.086481E-01
  1.519889E+00 -7.043229E-01  4.378004E+00  4.250017E+00  3.840795E+00
  4.846018E+00  4.591865E+00  4.021487E+01  0.000000E+00  0.000000E+00
  0.000000E+00  4.021487E+01  0.000000E+00  0.000000E+00  0.000000E+00
  3.859132E+01  1.342441E+01
     55000  2.750000E+01        52
  8.904522E+06  5.654154E+02 -1.244423E+05  2.473932E+04 -1.504009E+05
  0.000000E+00  0.000000E+00  0.000000E+00  0.000000E+00 -1.240635E+05
  0.000000E+00  6.349875E+02 -1.521627E+05  1.503591E+05  0.000000E+00
  0.000000E+00  0.000000E+00  0.000000E+00  6.221755E+04  3.017005E+00
  1.219290E+03  2.438580E+03  9.000000E+01  9.000000E+01  9.000000E+01
  0.000000E+00  1.038795E+00  9.028586E+06  1.938527E+00  6.160867E-01
  8.348468E-01  6.160867E-01  5.534810E-01  2.126168E+00  8.348468E-01
  2.126168E+00  6.243770E-01  4.393960E+00  4.281531E+00  3.862278E+00
  4.856791E+00  4.598395E+00  4.017322E+01  0.000000E+00  0.000000E+00
  0.000000E+00  4.017322E+01  0.000000E+00  0.000000E+00  0.000000E+00
  3.855135E+01  4.087416E+01
     56000  2.800000E+01        52
  8.904522E+06  5.431615E+02 -1.244364E+05  2.479729E+04 -1.504779E+05
  0.000000E+00  0.000000E+00  0.000000E+00  0.000000E+00 -1.240725E+05
  0.000000E+00  5.175540E+02 -1.524058E+05  1.504350E+05  0.000000E+00
  0.000000E+00  0.000000E+00  0.000000E+00  6.229233E+04  2.862781E+00
  1.244148E+03  2.488296E+03  9.000000E+01  9.000000E+01  9.000000E+01
  0.000000E+00  1.778888E+00  9.028595E+06  2.934221E+00  4.511109E+00
 -8.407152E-01  4.511109E+00  6.546179E-01  2.093869E+00 -8.407152E-01
  2.093869E+00  1.747824E+00  4.404513E+00  4.300396E+00  3.850067E+00
  4.877966E+00  4.616020E+00  4.018931E+01  0.000000E+00  0.000000E+00
  0.000000E+00  4.018931E+01  0.000000E+00  0.000000E+00  0.000000E+00
  3.856679E+01  7.007919E+01
     57000  2.850000E+01        52
  8.904522E+06  5.429451E+02 -1.244440E+05  2.472602E+04 -1.503913E+05
  0.000000E+00  0.000000E+00  0.000000E+00  0.000000E+00 -1.240802E+05
  0.000000E+00  7.866432E+02 -1.520051E+05  1.503490E+05  0.000000E+00
  0.000000E+00  0.000000E+00  0.000000E+00  6.235744E+04  2.906990E+00
  1.221375E+03  2.442750E+03  9.000000E+01  9.000000E+01  9.000000E+01
  0.000000E+00 -4.998939E-01  9.028602E+06  1.303295E+00  1.495425E+00
 -3.605144E-01  1.495425E+00 -1.759623E-01  2.427519E+00 -3.605144E-01
  2.427519E+00 -2.627015E+00  4.470801E+00  4.302326E+00  3.894023E+00
  4.902898E+00  4.652021E+00  4.020331E+01  0.000000E+00  0.000000E+00
  0.000000E+00  4.020331E+01  0.000000E+00  0.000000E+00  0.000000E+00
  3.858023E+01 -1.971388E+01
     58000  2.900000E+01        52
  8.904522E+06  5.466744E+02 -1.244386E+05  2.474795E+04 -1.504093E+05
  0.000000E+00  0.000000E+00  0.000000E+00  0.000000E+00 -1.240723E+05
  0.000000E+00  7.219622E+02 -1.520906E+05  1.503670E+05  0.000000E+00
  0.000000E+00  0.000000E+00  0.000000E+00  6.227681E+04  2.849340E+00
  1.222758E+03  2.445515E+03  9.000000E+01  9.000000E+01  9.000000E+01
  0.000000E+00  8.917348E-02  9.028595E+06  2.912517E+00  2.761454E+00
  1.304600E-01  2.761454E+00 -1.252695E+00  3.830005E+00  1.304600E-01
  3.830005E+00 -1.392301E+00  4.367948E+00  4.228823E+00  3.778490E+00
  4.810887E+00  4.561825E+00  4.018597E+01  0.000000E+00  0.000000E+00
  0.000000E+00  4.018597E+01  0.000000E+00  0.000000E+00  0.000000E+00
  3.856359E+01  3.512110E+00
     59000  2.950000E+01        52
  8.904522E+06  5.565361E+02 -1.244413E+05  2.476842E+04 -1.504450E+05
  0.000000E+00  0.000000E+00  0.000000E+00  0.000000E+00 -1.240684E+05
  0.000000E+00  6.479778E+02 -1.522248E+05  1.504023E+05  0.000000E+00
  0.000000E+00  0.000000E+00  0.000000E+00  6.232680E+04  3.002749E+00
  1.235243E+03  2.470486E+03  9.000000E+01  9.000000E+01  9.000000E+01
  0.000000E+00  8.265056E-01  9.028591E+06  1.350444E-02  1.345472E+00
  1.035715E+00  1.345472E+00  2.773646E+00  1.559185E+00  1.035715E+00
  1.559185E+00 -3.076341E-01  4.497303E+00  4.313590E+00  3.868016E+00
  4.923304E+00  4.665852E+00  4.019672E+01  0.000000E+00  0.000000E+00
  0.000000E+00  4.019672E+01  0.000000E+00  0.000000E+00  0.000000E+00
  3.857391E+01  3.257817E+01
     60000  3.000000E+01        52
  8.904522E+06  5.560981E+02 -1.244503E+05  2.468024E+04 -1.503616E+05
  0.000000E+00  0.000000E+00  0.000000E+00  0.000000E+00 -1.240777E+05
  0.000000E+00  9.891848E+02 -1.517921E+05  1.503192E+05  0.000000E+00
  0.000000E+00  0.000000E+00  0.000000E+00  6.234511E+04  2.986400E+00
  1.231041E+03  2.462082E+03  9.000000E+01  9.000000E+01  9.000000E+01
  0.000000E+00 -2.063316E+00  9.028600E+06 -1.803407E+00  7.393304E-01
  1.027533E+00  7.393304E-01 -1.498916E+00  4.666699E+00  1.027533E+00
  4.666699E+00 -2.887625E+00  4.472079E+00  4.369738E+00  3.893400E+00
  4.911783E+00  4.659734E+00  4.020065E+01  0.000000E+00  0.000000E+00
  0.000000E+00  4.020065E+01  0.000000E+00  0.000000E+00  0.000000E+00
  3.857768E+01 -8.135312E+01
     61000  3.050000E+01        52
  8.904522E+06  5.463793E+02 -1.244483E+05  2.473669E+04 -1.504174E+05
  0.000000E+00  0.000000E+00  0.000000E+00  0.000000E+00 -1.240823E+05
  0.000000E+00  8.081362E+02 -1.520318E+05  1.503751E+05  0.000000E+00
  0.000000E+00  0.000000E+00  0.000000E+00  6.220065E+04  2.920061E+00
  1.232392E+03  2.464785E+03  9.000000E+01  9.000000E+01  9.000000E+01
  0.000000E+00 -6.442892E-01  9.028604E+06  1.766311E+00 -8.762271E-01
 -1.327558E+00 -8.762271E-01 -1.223973E+00  1.521550E+00 -1.327558E+00
  1.521550E+00 -2.475205E+00  4.542430E+00  4.376361E+00  3.959830E+00
  4.974411E+00  4.720292E+00  4.016958E+01  0.000000E+00  0.000000E+00
  0.000000E+00  4.016958E+01  0.000000E+00  0.000000E+00  0.000000E+00
  3.854786E+01 -2.534439E+01
     62000  3.100000E+01        52
  8.904522E+06  5.642237E+02 -1.244535E+05  2.468313E+04 -1.503687E+05
  0.000000E+00  0.000000E+00  0.000000E+00  0.000000E+00 -1.240755E+05
  0.000000E+00  1.006508E+03 -1.517836E+05  1.503259E+05  0.000000E+00
  0.000000E+00  0.000000E+00  0.000000E+00  6.227212E+04  3.079857E+00
  1.232090E+03  2.464180E+03  9.000000E+01  9.000000E+01  9.000000E+01
  0.000000E+00 -2.120207E+00  9.028598E+06 -1.451621E+00  2.795876E-01
 -1.990526E+00  2.795876E-01 -1.568612E+00  2.452682E+00 -1.990526E+00
  2.452682E+00 -3.340387E+00  4.516555E+00  4.388290E+00  3.959243E+00
  4.966903E+00  4.710144E+00  4.018496E+01  0.000000E+00  0.000000E+00
  0.000000E+00  4.018496E+01  0.000000E+00  0.000000E+00  0.000000E+00
  3.856262E+01 -8.349835E+01
     63000  3.150000E+01        52
  1.466181E+10  1.150823E-14 -1.243515E+05  2.153177E+04 -1.472044E+05
  0.000000E+00  0.000000E+00  0.000000E+00  0.000000E+00 -1.243515E+05
  0.000000E+00  1.590653E+04 -1.338821E+05  1.471464E+05  0.000000E+00
  0.000000E+00  0.000000E+00  0.000000E+00  6.756329E+04  6.953408E-17
  1.321142E+03  2.642284E+03  9.000000E+01  9.000000E+01  9.000000E+01
  0.000000E+00 -1.240902E+02  1.466194E+10 -1.231920E+02  1.120217E+00
 -4.769107E-01  1.120217E+00 -1.249113E+02  8.121693E-01 -4.769107E-01
  8.121693E-01 -1.241672E+02  4.495574E+00  4.357721E+00  3.928198E+00
  4.954964E+00  1.281375E+02  4.129232E+01  0.000000E+00  0.000000E+00
  0.000000E+00  4.129232E+01  0.000000E+00  0.000000E+00  0.000000E+00
  3.962527E+01 -5.302176E+03
     64000  3.200000E+01        52
  1.466181E+10  2.050919E-15 -1.245057E+05  2.208116E+04 -1.477426E+05
  0.000000E+00  0.000000E+00  0.000000E+00  0.000000E+00 -1.245057E+05
  0.000000E+00  1.361902E+04 -1.363771E+05  1.476847E+05  0.000000E+00
  0.000000E+00  0.000000E+00  0.000000E+00  6.754385E+04  5.455785E-18
  1.155720E+03  2.311441E+03  9.000000E+01  9.000000E+01  9.000000E+01
  0.000000E+00 -1.062754E+02  1.466194E+10 -1.054156E+02  1.039144E+00
 -4.482908E-01  1.039144E+00 -1.069982E+02  1.207917E+00 -4.482908E-01
  1.207917E+00 -1.064125E+02  4.495574E+00  4.357721E+00  3.928198E+00
  4.954964E+00  1.281375E+02  4.128836E+01  0.000000E+00  0.000000E+00
  0.000000E+00  4.128836E+01  0.000000E+00  0.000000E+00  0.000000E+00
  3.962147E+01 -4.539675E+03
     65000  3.250000E+01        52
  1.466181E+10  1.003596E-15 -1.245516E+05  2.227621E+04 -1.479384E+05
  0.000000E+00  0.000000E+00  0.000000E+00  0.000000E+00 -1.245516E+05
  0.000000E+00  1.275292E+04 -1.373486E+05  1.478804E+05  0.000000E+00
  0.000000E+00  0.000000E+00  0.000000E+00  6.752621E+04  1.498687E-18
  1.110539E+03  2.221078E+03  9.000000E+01  9.000000E+01  9.000000E+01
  0.000000E+00 -9.954287E+01  1.466194E+10 -9.867361E+01  9.499881E-01
 -4.567501E-01  9.499881E-01 -1.002140E+02  1.282411E+00 -4.567501E-01
  1.282411E+00 -9.974104E+01  4.495574E+00  4.357721E+00  3.928198E+00
  4.954964E+00  1.281375E+02  4.128476E+01  0.000000E+00  0.000000E+00
  0.000000E+00  4.128476E+01  0.000000E+00  0.000000E+00  0.000000E+00
  3.961802E+01 -4.250975E+03
     66000  3.300000E+01        52
  1.466181E+10  6.478292E-16 -1.245774E+05  2.238718E+04 -1.480563E+05
  0.000000E+00  0.000000E+00  0.000000E+00  0.000000E+00 -1.245774E+05
  0.000000E+00  1.223730E+04 -1.379445E+05  1.479984E+05  0.000000E+00
  0.000000E+00  0.000000E+00  0.000000E+00  6.750941E+04  6.878976E-19
  1.091710E+03  2.183421E+03  9.000000E+01  9.000000E+01  9.000000E+01
  0.000000E+00 -9.554197E+01  1.466194E+10 -9.465491E+01  8.775990E-01
 -4.590061E-01  8.775990E-01 -9.617375E+01  1.274910E+00 -4.590061E-01
  1.274910E+00 -9.579725E+01  4.495574E+00  4.357721E+00  3.928198E+00
  4.954964E+00  1.281375E+02  4.128134E+01  0.000000E+00  0.000000E+00
  0.000000E+00  4.128134E+01  0.000000E+00  0.000000E+00  0.000000E+00
  3.961474E+01 -4.079101E+03
     67000  3.350000E+01        52
  1.466181E+10  4.711012E-16 -1.245950E+05  2.246578E+04 -1.481426E+05
  0.000000E+00  0.000000E+00  0.000000E+00  0.000000E+00 -1.245949E+05
  0.000000E+00  1.186354E+04 -1.383850E+05  1.480848E+05  0.000000E+00
  0.000000E+00  0.000000E+00  0.000000E+00  6.749314E+04  3.972367E-19
  1.081884E+03  2.163767E+03  9.000000E+01  9.000000E+01  9.000000E+01
  0.000000E+00 -9.264615E+01  1.466194E+10 -9.175102E+01  8.257388E-01
 -4.582832E-01  8.257388E-01 -9.325074E+01  1.244922E+00 -4.582832E-01
  1.244922E+00 -9.293670E+01  4.495574E+00  4.357721E+00  3.928198E+00
  4.954964E+00  1.281375E+02  4.127802E+01  0.000000E+00  0.000000E+00
  0.000000E+00  4.127802E+01  0.000000E+00  0.000000E+00  0.000000E+00
  3.961155E+01 -3.954514E+03
     68000  3.400000E+01        52
  1.466181E+10  3.669965E-16 -1.246081E+05  2.252766E+04 -1.482118E+05
  0.000000E+00  0.000000E+00  0.000000E+00  0.000000E+00 -1.246080E+05
  0.000000E+00  1.156612E+04 -1.387399E+05  1.481539E+05  0.000000E+00
  0.000000E+00  0.000000E+00  0.000000E+00  6.747729E+04  2.598524E-19
  1.076030E+03  2.152059E+03  9.000000E+01  9.000000E+01  9.000000E+01
  0.000000E+00 -9.034472E+01  1.466194E+10 -8.944780E+01  7.911180E-01
 -4.539298E-01  7.911180E-01 -9.092963E+01  1.208299E+00 -4.539298E-01
  1.208299E+00 -9.065673E+01  4.495574E+00  4.357721E+00  3.928198E+00
  4.954964E+00  1.281375E+02  4.127479E+01  0.000000E+00  0.000000E+00
  0.000000E+00  4.127479E+01  0.000000E+00  0.000000E+00  0.000000E+00
  3.960845E+01 -3.855373E+03
     69000  3.450000E+01        52
  1.466181E+10  2.989054E-16 -1.246184E+05  2.257925E+04 -1.482699E+05
  0.000000E+00  0.000000E+00  0.000000E+00  0.000000E+00 -1.246184E+05
  0.000000E+00  1.131693E+04 -1.390397E+05  1.482121E+05  0.000000E+00
  0.000000E+00  0.000000E+00  0.000000E+00  6.746175E+04  1.834476E-19
  1.072253E+03  2.144505E+03  9.000000E+01  9.000000E+01  9.000000E+01
  0.000000E+00 -8.841866E+01  1.466194E+10 -8.752322E+01  7.690217E-01
 -4.455901E-01  7.690217E-01 -8.898898E+01  1.169403E+00 -4.455901E-01
  1.169403E+00 -8.874376E+01  4.495574E+00  4.357721E+00  3.928198E+00
  4.954964E+00  1.281375E+02  4.127162E+01  0.000000E+00  0.000000E+00
  0.000000E+00  4.127162E+01  0.000000E+00  0.000000E+00  0.000000E+00
  3.960541E+01 -3.772311E+03
     70000  3.500000E+01        52
  1.466181E+10  2.511686E-16 -1.246269E+05  2.262373E+04 -1.483203E+05
  0.000000E+00  0.000000E+00  0.000000E+00  0.000000E+00 -1.246269E+05
  0.000000E+00  1.110158E+04 -1.393004E+05  1.482626E+05  0.000000E+00
  0.000000E+00  0.000000E+00  0.000000E+00  6.744648E+04  1.366153E-19
  1.069692E+03  2.139383E+03  9.000000E+01  9.000000E+01  9.000000E+01
  0.000000E+00 -8.675570E+01  1.466194E+10 -8.586250E+01  7.551670E-01
 -4.336408E-01  7.551670E-01 -8.731546E+01  1.130900E+00 -4.336408E-01
  1.130900E+00 -8.708915E+01  4.495574E+00  4.357721E+00  3.928198E+00
  4.954964E+00  1.281375E+02  4.126851E+01  0.000000E+00  0.000000E+00
  0.000000E+00  4.126851E+01  0.000000E+00  0.000000E+00  0.000000E+00
  3.960242E+01 -3.700525E+03
     71000  3.550000E+01        52
  1.466181E+10  2.160402E-16 -1.246341E+05  2.266298E+04 -1.483650E+05
  0.000000E+00  0.000000E+00  0.000000E+00  0.000000E+00 -1.246340E+05
  0.000000E+00  1.091143E+04 -1.395316E+05  1.483072E+05  0.000000E+00
  0.000000E+00  0.000000E+00  0.000000E+00  6.743145E+04  1.058304E-19
  1.067904E+03  2.135808E+03  9.000000E+01  9.000000E+01  9.000000E+01
  0.000000E+00 -8.528876E+01  1.466194E+10 -8.439692E+01  7.470285E-01
 -4.198365E-01  7.470285E-01 -8.584194E+01  1.093773E+00 -4.198365E-01
  1.093773E+00 -8.562742E+01  4.495574E+00  4.357721E+00  3.928198E+00
  4.954964E+00  1.281375E+02  4.126544E+01  0.000000E+00  0.000000E+00
  0.000000E+00  4.126544E+01  0.000000E+00  0.000000E+00  0.000000E+00
  3.959948E+01 -3.637143E+03
     72000  3.600000E+01        52
  1.466181E+10  1.892660E-16 -1.246403E+05  2.269818E+04 -1.484051E+05
  0.000000E+00  0.000000E+00  0.000000E+00  0.000000E+00 -1.246402E+05
  0.000000E+00  1.074101E+04 -1.397396E+05  1.483474E+05  0.000000E+00
  0.000000E+00  0.000000E+00  0.000000E+00  6.741662E+04  8.452425E-20
  1.066637E+03  2.133275E+03  9.000000E+01  9.000000E+01  9.000000E+01
  0.000000E+00 -8.397513E+01  1.466194E+10 -8.308454E+01  7.426807E-01
 -4.043501E-01  7.426807E-01 -8.452456E+01  1.058744E+00 -4.043501E-01
  1.058744E+00 -8.431629E+01  4.495574E+00  4.357721E+00  3.928198E+00
  4.954964E+00  1.281375E+02  4.126242E+01  0.000000E+00  0.000000E+00
  0.000000E+00  4.126242E+01  0.000000E+00  0.000000E+00  0.000000E+00
  3.959658E+01 -3.580335E+03
     73000  3.650000E+01        52
  1.466181E+10  1.683114E-16 -1.246457E+05  2.273013E+04 -1.484415E+05
  0.000000E+00  0.000000E+00  0.000000E+00  0.000000E+00 -1.246456E+05
  0.000000E+00  1.058632E+04 -1.399290E+05  1.483838E+05  0.000000E+00
  0.000000E+00  0.000000E+00  0.000000E+00  6.740197E+04  6.935806E-20
  1.065739E+03  2.131478E+03  9.000000E+01  9.000000E+01  9.000000E+01
  0.000000E+00 -8.278376E+01  1.466194E+10 -8.189364E+01  7.408186E-01
 -3.877101E-01  7.408186E-01 -8.333132E+01  1.026114E+00 -3.877101E-01
  1.026114E+00 -8.312634E+01  4.495574E+00  4.357721E+00  3.928198E+00
  4.954964E+00  1.281375E+02  4.125943E+01  0.000000E+00  0.000000E+00
  0.000000E+00  4.125943E+01  0.000000E+00  0.000000E+00  0.000000E+00
  3.959371E+01 -3.528773E+03
     74000  3.700000E+01        52
  1.466181E+10  1.515524E-16 -1.246504E+05  2.275943E+04 -1.484750E+05
  0.000000E+00  0.000000E+00  0.000000E+00  0.000000E+00 -1.246504E+05
  0.000000E+00  1.044463E+04 -1.401029E+05  1.484173E+05  0.000000E+00
  0.000000E+00  0.000000E+00  0.000000E+00  6.738748E+04  5.820555E-20
  1.065109E+03  2.130219E+03  9.000000E+01  9.000000E+01  9.000000E+01
  0.000000E+00 -8.169334E+01  1.466194E+10 -8.080412E+01  7.402986E-01
 -3.708119E-01  7.402986E-01 -8.223985E+01  9.958912E-01 -3.708119E-01
  9.958912E-01 -8.203605E+01  4.495574E+00  4.357721E+00  3.928198E+00
  4.954964E+00  1.281375E+02  4.125647E+01  0.000000E+00  0.000000E+00
  0.000000E+00  4.125647E+01  0.000000E+00  0.000000E+00  0.000000E+00
  3.959087E+01 -3.481544E+03
     75000  3.750000E+01        52
  1.466181E+10  1.378825E-16 -1.246547E+05  2.278651E+04 -1.485059E+05
  0.000000E+00  0.000000E+00  0.000000E+00  0.000000E+00 -1.246547E+05
  0.000000E+00  1.031378E+04 -1.402639E+05  1.484483E+05  0.000000E+00
  0.000000E+00  0.000000E+00  0.000000E+00  6.737313E+04  4.981885E-20
  1.064681E+03  2.129362E+03  9.000000E+01  9.000000E+01  9.000000E+01
  0.000000E+00 -8.068707E+01  1.466194E+10 -7.979798E+01  7.402730E-01
 -3.536828E-01  7.402730E-01 -8.123366E+01  9.683347E-01 -3.536828E-01
  9.683347E-01 -8.102957E+01  4.495574E+00  4.357721E+00  3.928198E+00
  4.954964E+00  1.281375E+02  4.125354E+01  0.000000E+00  0.000000E+00
  0.000000E+00  4.125354E+01  0.000000E+00  0.000000E+00  0.000000E+00
  3.958806E+01 -3.437927E+03
     76000  3.800000E+01        52
  1.466181E+10  1.265417E-16 -1.246586E+05  2.281170E+04 -1.485348E+05
  0.000000E+00  0.000000E+00  0.000000E+00  0.000000E+00 -1.246586E+05
  0.000000E+00  1.019213E+04 -1.404138E+05  1.484771E+05  0.000000E+00
  0.000000E+00  0.000000E+00  0.000000E+00  6.735892E+04  4.332776E-20
  1.064406E+03  2.128811E+03  9.000000E+01  9.000000E+01  9.000000E+01
  0.000000E+00 -7.975214E+01  1.466194E+10 -7.886363E+01  7.406289E-01
 -3.367898E-01  7.406289E-01 -8.029888E+01  9.431387E-01 -3.367898E-01
  9.431387E-01 -8.009392E+01  4.495574E+00  4.357721E+00  3.928198E+00
  4.954964E+00  1.281375E+02  4.125064E+01  0.000000E+00  0.000000E+00
  0.000000E+00  4.125064E+01  0.000000E+00  0.000000E+00  0.000000E+00
  3.958528E+01 -3.397375E+03
     77000  3.850000E+01        52
  1.466181E+10  1.169825E-16 -1.246622E+05  2.283529E+04 -1.485617E+05
  0.000000E+00  0.000000E+00  0.000000E+00  0.000000E+00 -1.246622E+05
  0.000000E+00  1.007834E+04 -1.405543E+05  1.485042E+05  0.000000E+00
  0.000000E+00  0.000000E+00  0.000000E+00  6.734483E+04  3.822311E-20
  1.064248E+03  2.128496E+03  9.000000E+01  9.000000E+01  9.000000E+01
  0.000000E+00 -7.887830E+01  1.466194E+10 -7.798993E+01  7.407686E-01
 -3.203559E-01  7.407686E-01 -7.942556E+01  9.206452E-01 -3.203559E-01
  9.206452E-01 -7.921940E+01  4.495574E+00  4.357721E+00  3.928198E+00
  4.954964E+00  1.281375E+02  4.124777E+01  0.000000E+00  0.000000E+00
  0.000000E+00  4.124777E+01  0.000000E+00  0.000000E+00  0.000000E+00
  3.958252E+01 -3.359447E+03
     78000  3.900000E+01        52
  1.466181E+10  1.088185E-16 -1.246655E+05  2.285747E+04 -1.485871E+05
  0.000000E+00  0.000000E+00  0.000000E+00  0.000000E+00 -1.246654E+05
  0.000000E+00  9.971378E+03 -1.406866E+05  1.485296E+05  0.000000E+00
  0.000000E+00  0.000000E+00  0.000000E+00  6.733086E+04  3.410528E-20
  1.064182E+03  2.128364E+03  9.000000E+01  9.000000E+01  9.000000E+01
  0.000000E+00 -7.805734E+01  1.466194E+10 -7.716895E+01  7.410122E-01
 -3.044415E-01  7.410122E-01 -7.860527E+01  9.006376E-01 -3.044415E-01
  9.006376E-01 -7.839781E+01  4.495574E+00  4.357721E+00  3.928198E+00
  4.954964E+00  1.281375E+02  4.124491E+01  0.000000E+00  0.000000E+00
  0.000000E+00  4.124491E+01  0.000000E+00  0.000000E+00  0.000000E+00
  3.957978E+01 -3.323793E+03
     79000  3.950000E+01        52
  1.466181E+10  1.017574E-16 -1.246685E+05  2.287843E+04 -1.486111E+05
  0.000000E+00  0.000000E+00  0.000000E+00  0.000000E+00 -1.246685E+05
  0.000000E+00  9.870381E+03 -1.408116E+05  1.485536E+05  0.000000E+00
  0.000000E+00  0.000000E+00  0.000000E+00  6.731698E+04  3.066424E-20
  1.064188E+03  2.128377E+03  9.000000E+01  9.000000E+01  9.000000E+01
  0.000000E+00 -7.728265E+01  1.466194E+10 -7.639418E+01  7.406236E-01
 -2.888439E-01  7.406236E-01 -7.783172E+01  8.833182E-01 -2.888439E-01
  8.833182E-01 -7.762204E+01  4.495574E+00  4.357721E+00  3.928198E+00
  4.954964E+00  1.281375E+02  4.124208E+01  0.000000E+00  0.000000E+00
  0.000000E+00  4.124208E+01  0.000000E+00  0.000000E+00  0.000000E+00
  3.957706E+01 -3.290127E+03
     80000  4.000000E+01        52
  1.466181E+10  9.558485E-17 -1.246713E+05  2.289830E+04 -1.486339E+05
  0.000000E+00  0.000000E+00  0.000000E+00  0.000000E+00 -1.246713E+05
  0.000000E+00  9.774675E+03 -1.409303E+05  1.485764E+05  0.000000E+00
  0.000000E+00  0.000000E+00  0.000000E+00  6.730321E+04  2.781112E-20
  1.064252E+03  2.128503E+03  9.000000E+01  9.000000E+01  9.000000E+01
  0.000000E+00 -7.654895E+01  1.466194E+10 -7.566018E+01  7.398127E-01
 -2.736545E-01  7.398127E-01 -7.709946E+01  8.680218E-01 -2.736545E-01
  8.680218E-01 -7.688722E+01  4.495574E+00  4.357721E+00  3.928198E+00
  4.954964E+00  1.281375E+02  4.123927E+01  0.000000E+00  0.000000E+00
  0.000000E+00  4.123927E+01  0.000000E+00  0.000000E+00  0.000000E+00
  3.957436E+01 -3.258225E+03
     81000  4.050000E+01        52
  1.466181E+10  9.014066E-17 -1.246740E+05  2.291721E+04 -1.486555E+05
  0.000000E+00  0.000000E+00  0.000000E+00  0.000000E+00 -1.246739E+05
  0.000000E+00  9.683633E+03 -1.410432E+05  1.485981E+05  0.000000E+00
  0.000000E+00  0.000000E+00  0.000000E+00  6.728952E+04  2.536607E-20
  1.064360E+03  2.128721E+03  9.000000E+01  9.000000E+01  9.000000E+01
  0.000000E+00 -7.585140E+01  1.466194E+10 -7.496240E+01  7.383578E-01
 -2.593289E-01  7.383578E-01 -7.640354E+01  8.549145E-01 -2.593289E-01
  8.549145E-01 -7.618826E+01  4.495574E+00  4.357721E+00  3.928198E+00
  4.954964E+00  1.281375E+02  4.123647E+01  0.000000E+00  0.000000E+00
  0.000000E+00  4.123647E+01  0.000000E+00  0.000000E+00  0.000000E+00
  3.957168E+01 -3.227878E+03
     82000  4.100000E+01        52
  1.466181E+10  8.529770E-17 -1.246764E+05  2.293524E+04 -1.486762E+05
  0.000000E+00  0.000000E+00  0.000000E+00  0.000000E+00 -1.246764E+05
  0.000000E+00  9.596800E+03 -1.411510E+05  1.486188E+05  0.000000E+00
  0.000000E+00  0.000000E+00  0.000000E+00  6.727593E+04  2.320985E-20
  1.064505E+03  2.129009E+03  9.000000E+01  9.000000E+01  9.000000E+01
  0.000000E+00 -7.518643E+01  1.466194E+10 -7.429703E+01  7.364048E-01
 -2.456295E-01  7.364048E-01 -7.574028E+01  8.437230E-01 -2.456295E-01
  8.437230E-01 -7.552198E+01  4.495574E+00  4.357721E+00  3.928198E+00
  4.954964E+00  1.281375E+02  4.123369E+01  0.000000E+00  0.000000E+00
  0.000000E+00  4.123369E+01  0.000000E+00  0.000000E+00  0.000000E+00
  3.956901E+01 -3.198933E+03
     83000  4.150000E+01        52
  1.466181E+10  8.096015E-17 -1.246787E+05  2.295247E+04 -1.486959E+05
  0.000000E+00  0.000000E+00  0.000000E+00  0.000000E+00 -1.246787E+05
  0.000000E+00  9.513860E+03 -1.412540E+05  1.486385E+05  0.000000E+00
  0.000000E+00  0.000000E+00  0.000000E+00  6.726241E+04  2.132080E-20
  1.064677E+03  2.129355E+03  9.000000E+01  9.000000E+01  9.000000E+01
  0.000000E+00 -7.455162E+01  1.466194E+10 -7.366153E+01  7.337073E-01
 -2.327107E-01  7.337073E-01 -7.510733E+01  8.342792E-01 -2.327107E-01
  8.342792E-01 -7.488598E+01  4.495574E+00  4.357721E+00  3.928198E+00
  4.954964E+00  1.281375E+02  4.123093E+01  0.000000E+00  0.000000E+00
  0.000000E+00  4.123093E+01  0.000000E+00  0.000000E+00  0.000000E+00
  3.956636E+01 -3.171287E+03
     84000  4.200000E+01        52
  1.466181E+10  7.705264E-17 -1.246809E+05  2.296897E+04 -1.487148E+05
  0.000000E+00  0.000000E+00  0.000000E+00  0.000000E+00 -1.246809E+05
  0.000000E+00  9.434373E+03 -1.413529E+05  1.486575E+05  0.000000E+00
  0.000000E+00  0.000000E+00  0.000000E+00  6.724896E+04  1.966599E-20
  1.064873E+03  2.129746E+03  9.000000E+01  9.000000E+01  9.000000E+01
  0.000000E+00 -7.394352E+01  1.466194E+10 -7.305245E+01  7.305542E-01
 -2.204217E-01  7.305542E-01 -7.450113E+01  8.266661E-01 -2.204217E-01
  8.266661E-01 -7.427699E+01  4.495574E+00  4.357721E+00  3.928198E+00
  4.954964E+00  1.281375E+02  4.122818E+01  0.000000E+00  0.000000E+00
  0.000000E+00  4.122818E+01  0.000000E+00  0.000000E+00  0.000000E+00
  3.956373E+01 -3.144791E+03
     85000  4.250000E+01        52
  1.466181E+10  7.351170E-17 -1.246830E+05  2.298482E+04 -1.487329E+05
  0.000000E+00  0.000000E+00  0.000000E+00  0.000000E+00 -1.246829E+05
  0.000000E+00  9.358061E+03 -1.414478E+05  1.486757E+05  0.000000E+00
  0.000000E+00  0.000000E+00  0.000000E+00  6.723559E+04  1.818728E-20
  1.065087E+03  2.130173E+03  9.000000E+01  9.000000E+01  9.000000E+01
  0.000000E+00 -7.336000E+01  1.466194E+10 -7.246766E+01  7.272511E-01
 -2.086876E-01  7.272511E-01 -7.391969E+01  8.199213E-01 -2.086876E-01
  8.199213E-01 -7.369267E+01  4.495574E+00  4.357721E+00  3.928198E+00
  4.954964E+00  1.281375E+02  4.122545E+01  0.000000E+00  0.000000E+00
  0.000000E+00  4.122545E+01  0.000000E+00  0.000000E+00  0.000000E+00
  3.956110E+01 -3.119354E+03
     86000  4.300000E+01        52
  1.466181E+10  7.029129E-17 -1.246849E+05  2.300006E+04 -1.487503E+05
  0.000000E+00  0.000000E+00  0.000000E+00  0.000000E+00 -1.246849E+05
  0.000000E+00  9.284636E+03 -1.415391E+05  1.486931E+05  0.000000E+00
  0.000000E+00  0.000000E+00  0.000000E+00  6.722229E+04  1.686889E-20
  1.065315E+03  2.130629E+03  9.000000E+01  9.000000E+01  9.000000E+01
  0.000000E+00 -7.279881E+01  1.466194E+10 -7.190497E+01  7.237708E-01
 -1.975249E-01  7.237708E-01 -7.336051E+01  8.141944E-01 -1.975249E-01
  8.141944E-01 -7.313096E+01  4.495574E+00  4.357721E+00  3.928198E+00
  4.954964E+00  1.281375E+02  4.122273E+01  0.000000E+00  0.000000E+00
  0.000000E+00  4.122273E+01  0.000000E+00  0.000000E+00  0.000000E+00
  3.955850E+01 -3.094879E+03
     87000  4.350000E+01        52
  1.466181E+10  6.735297E-17 -1.246868E+05  2.301475E+04 -1.487671E+05
  0.000000E+00  0.000000E+00  0.000000E+00  0.000000E+00 -1.246868E+05
  0.000000E+00  9.213853E+03 -1.416272E+05  1.487100E+05  0.000000E+00
  0.000000E+00  0.000000E+00  0.000000E+00  6.720905E+04  1.573420E-20
  1.065554E+03  2.131108E+03  9.000000E+01  9.000000E+01  9.000000E+01
  0.000000E+00 -7.225806E+01  1.466194E+10 -7.136248E+01  7.200350E-01
 -1.868793E-01  7.200350E-01 -7.282209E+01  8.095059E-01 -1.868793E-01
  8.095059E-01 -7.258960E+01  4.495574E+00  4.357721E+00  3.928198E+00
  4.954964E+00  1.281375E+02  4.122002E+01  0.000000E+00  0.000000E+00
  0.000000E+00  4.122002E+01  0.000000E+00  0.000000E+00  0.000000E+00
  3.955590E+01 -3.071284E+03
     88000  4.400000E+01        52
  1.466181E+10  6.466267E-17 -1.246886E+05  2.302892E+04 -1.487833E+05
  0.000000E+00  0.000000E+00  0.000000E+00  0.000000E+00 -1.246885E+05
  0.000000E+00  9.145531E+03 -1.417123E+05  1.487262E+05  0.000000E+00
  0.000000E+00  0.000000E+00  0.000000E+00  6.719587E+04  1.467113E-20
  1.065802E+03  2.131604E+03  9.000000E+01  9.000000E+01  9.000000E+01
  0.000000E+00 -7.173632E+01  1.466194E+10 -7.083897E+01  7.161447E-01
 -1.766095E-01  7.161447E-01 -7.230259E+01  8.056037E-01 -1.766095E-01
  8.056037E-01 -7.206740E+01  4.495574E+00  4.357721E+00  3.928198E+00
  4.954964E+00  1.281375E+02  4.121733E+01  0.000000E+00  0.000000E+00
  0.000000E+00  4.121733E+01  0.000000E+00  0.000000E+00  0.000000E+00
  3.955331E+01 -3.048510E+03
     89000  4.450000E+01        52
  1.466181E+10  6.219562E-17 -1.246903E+05  2.304261E+04 -1.487989E+05
  0.000000E+00  0.000000E+00  0.000000E+00  0.000000E+00 -1.246902E+05
  0.000000E+00  9.079479E+03 -1.417945E+05  1.487419E+05  0.000000E+00
  0.000000E+00  0.000000E+00  0.000000E+00  6.718275E+04  1.368369E-20
  1.066057E+03  2.132114E+03  9.000000E+01  9.000000E+01  9.000000E+01
  0.000000E+00 -7.123212E+01  1.466194E+10 -7.033268E+01  7.123569E-01
 -1.670302E-01  7.123569E-01 -7.180095E+01  8.022218E-01 -1.670302E-01
  8.022218E-01 -7.156274E+01  4.495574E+00  4.357721E+00  3.928198E+00
  4.954964E+00  1.281375E+02  4.121465E+01  0.000000E+00  0.000000E+00
  0.000000E+00  4.121465E+01  0.000000E+00  0.000000E+00  0.000000E+00
  3.955074E+01 -3.026493E+03
     90000  4.500000E+01        52
  1.466181E+10  5.992816E-17 -1.246919E+05  2.305587E+04 -1.488141E+05
  0.000000E+00  0.000000E+00  0.000000E+00  0.000000E+00 -1.246918E+05
  0.000000E+00  9.015547E+03 -1.418741E+05  1.487570E+05  0.000000E+00
  0.000000E+00  0.000000E+00  0.000000E+00  6.716968E+04  1.283051E-20
  1.066316E+03  2.132632E+03  9.000000E+01  9.000000E+01  9.000000E+01
  0.000000E+00 -7.074430E+01  1.466194E+10 -6.984252E+01  7.087182E-01
 -1.579310E-01  7.087182E-01 -7.131566E+01  7.997064E-01 -1.579310E-01
  7.997064E-01 -7.107474E+01  4.495574E+00  4.357721E+00  3.928198E+00
  4.954964E+00  1.281375E+02  4.121198E+01  0.000000E+00  0.000000E+00
  0.000000E+00  4.121198E+01  0.000000E+00  0.000000E+00  0.000000E+00
  3.954817E+01 -3.005182E+03
     91000  4.550000E+01        52
  1.466181E+10  5.784074E-17 -1.246934E+05  2.306870E+04 -1.488287E+05
  0.000000E+00  0.000000E+00  0.000000E+00  0.000000E+00 -1.246934E+05
  0.000000E+00  8.953588E+03 -1.419513E+05  1.487717E+05  0.000000E+00
  0.000000E+00  0.000000E+00  0.000000E+00  6.715667E+04  1.207002E-20
  1.066579E+03  2.133157E+03  9.000000E+01  9.000000E+01  9.000000E+01
  0.000000E+00 -7.027173E+01  1.466194E+10 -6.936754E+01  7.052958E-01
 -1.490545E-01  7.052958E-01 -7.084551E+01  7.976048E-01 -1.490545E-01
  7.976048E-01 -7.060214E+01  4.495574E+00  4.357721E+00  3.928198E+00
  4.954964E+00  1.281375E+02  4.120931E+01  0.000000E+00  0.000000E+00
  0.000000E+00  4.120931E+01  0.000000E+00  0.000000E+00  0.000000E+00
  3.954562E+01 -2.984529E+03
     92000  4.600000E+01        52
  1.466181E+10  5.591716E-17 -1.246949E+05  2.308116E+04 -1.488429E+05
  0.000000E+00  0.000000E+00  0.000000E+00  0.000000E+00 -1.246949E+05
  0.000000E+00  8.893464E+03 -1.420262E+05  1.487860E+05  0.000000E+00
  0.000000E+00  0.000000E+00  0.000000E+00  6.714371E+04  1.140301E-20
  1.066843E+03  2.133687E+03  9.000000E+01  9.000000E+01  9.000000E+01
  0.000000E+00 -6.981333E+01  1.466194E+10 -6.890663E+01  7.019633E-01
 -1.404909E-01  7.019633E-01 -7.038963E+01  7.958329E-01 -1.404909E-01
  7.958329E-01 -7.014373E+01  4.495574E+00  4.357721E+00  3.928198E+00
  4.954964E+00  1.281375E+02  4.120666E+01  0.000000E+00  0.000000E+00
  0.000000E+00  4.120666E+01  0.000000E+00  0.000000E+00  0.000000E+00
  3.954308E+01 -2.964488E+03
     93000  4.650000E+01        52
  1.466181E+10  5.414213E-17 -1.246964E+05  2.309325E+04 -1.488567E+05
  0.000000E+00  0.000000E+00  0.000000E+00  0.000000E+00 -1.246963E+05
  0.000000E+00  8.835070E+03 -1.420990E+05  1.487998E+05  0.000000E+00
  0.000000E+00  0.000000E+00  0.000000E+00  6.713079E+04  1.079741E-20
  1.067109E+03  2.134219E+03  9.000000E+01  9.000000E+01  9.000000E+01
  0.000000E+00 -6.936828E+01  1.466194E+10 -6.845916E+01  6.989758E-01
 -1.319776E-01  6.989758E-01 -6.994708E+01  7.944898E-01 -1.319776E-01
  7.944898E-01 -6.969859E+01  4.495574E+00  4.357721E+00  3.928198E+00
  4.954964E+00  1.281375E+02  4.120402E+01  0.000000E+00  0.000000E+00
  0.000000E+00  4.120402E+01  0.000000E+00  0.000000E+00  0.000000E+00
  3.954054E+01 -2.945023E+03
     94000  4.700000E+01        52
  1.466181E+10  5.249893E-17 -1.246978E+05  2.310502E+04 -1.488702E+05
  0.000000E+00  0.000000E+00  0.000000E+00  0.000000E+00 -1.246977E+05
  0.000000E+00  8.778237E+03 -1.421698E+05  1.488133E+05  0.000000E+00
  0.000000E+00  0.000000E+00  0.000000E+00  6.711793E+04  1.025311E-20
  1.067376E+03  2.134751E+03  9.000000E+01  9.000000E+01  9.000000E+01
  0.000000E+00 -6.893527E+01  1.466194E+10 -6.802352E+01  6.962026E-01
 -1.236186E-01  6.962026E-01 -6.951673E+01  7.934456E-01 -1.236186E-01
  7.934456E-01 -6.926557E+01  4.495574E+00  4.357721E+00  3.928198E+00
  4.954964E+00  1.281375E+02  4.120139E+01  0.000000E+00  0.000000E+00
  0.000000E+00  4.120139E+01  0.000000E+00  0.000000E+00  0.000000E+00
  3.953801E+01 -2.926079E+03
     95000  4.750000E+01        52
  1.466181E+10  5.097913E-17 -1.246991E+05  2.311647E+04 -1.488832E+05
  0.000000E+00  0.000000E+00  0.000000E+00  0.000000E+00 -1.246990E+05
  0.000000E+00  8.722944E+03 -1.422387E+05  1.488263E+05  0.000000E+00
  0.000000E+00  0.000000E+00  0.000000E+00  6.710510E+04  9.762814E-21
  1.067641E+03  2.135283E+03  9.000000E+01  9.000000E+01  9.000000E+01
  0.000000E+00 -6.851414E+01  1.466194E+10 -6.759968E+01  6.935988E-01
 -1.156036E-01  6.935988E-01 -6.909836E+01  7.927500E-01 -1.156036E-01
  7.927500E-01 -6.884439E+01  4.495574E+00  4.357721E+00  3.928198E+00
  4.954964E+00  1.281375E+02  4.119876E+01  0.000000E+00  0.000000E+00
  0.000000E+00  4.119876E+01  0.000000E+00  0.000000E+00  0.000000E+00
  3.953550E+01 -2.907648E+03
     96000  4.800000E+01        52
  1.466181E+10  4.956709E-17 -1.247004E+05  2.312761E+04 -1.488959E+05
  0.000000E+00  0.000000E+00  0.000000E+00  0.000000E+00 -1.247003E+05
  0.000000E+00  8.669076E+03 -1.423058E+05  1.488391E+05  0.000000E+00
  0.000000E+00  0.000000E+00  0.000000E+00  6.709232E+04  9.321812E-21
  1.067907E+03  2.135814E+03  9.000000E+01  9.000000E+01  9.000000E+01
  0.000000E+00 -6.810402E+01  1.466194E+10 -6.718720E+01  6.915389E-01
 -1.074804E-01  6.915389E-01 -6.869075E+01  7.921715E-01 -1.074804E-01
  7.921715E-01 -6.843409E+01  4.495574E+00  4.357721E+00  3.928198E+00
  4.954964E+00  1.281375E+02  4.119615E+01  0.000000E+00  0.000000E+00
  0.000000E+00  4.119615E+01  0.000000E+00  0.000000E+00  0.000000E+00
  3.953298E+01 -2.889692E+03
     97000  4.850000E+01        52
  1.466181E+10  4.825536E-17 -1.247016E+05  2.313848E+04 -1.489083E+05
  0.000000E+00  0.000000E+00  0.000000E+00  0.000000E+00 -1.247016E+05
  0.000000E+00  8.616538E+03 -1.423713E+05  1.488515E+05  0.000000E+00
  0.000000E+00  0.000000E+00  0.000000E+00  6.707958E+04  8.934127E-21
  1.068171E+03  2.136342E+03  9.000000E+01  9.000000E+01  9.000000E+01
  0.000000E+00 -6.770413E+01  1.466194E+10 -6.678479E+01  6.896756E-01
 -9.943586E-02  6.896756E-01 -6.829359E+01  7.920040E-01 -9.943586E-02
  7.920040E-01 -6.803401E+01  4.495574E+00  4.357721E+00  3.928198E+00
  4.954964E+00  1.281375E+02  4.119354E+01  0.000000E+00  0.000000E+00
  0.000000E+00  4.119354E+01  0.000000E+00  0.000000E+00  0.000000E+00
  3.953048E+01 -2.872179E+03
     98000  4.900000E+01        52
  1.466181E+10  4.703694E-17 -1.247028E+05  2.314908E+04 -1.489203E+05
  0.000000E+00  0.000000E+00  0.000000E+00  0.000000E+00 -1.247028E+05
  0.000000E+00  8.565267E+03 -1.424352E+05  1.488636E+05  0.000000E+00
  0.000000E+00  0.000000E+00  0.000000E+00  6.706688E+04  8.574181E-21
  1.068434E+03  2.136867E+03  9.000000E+01  9.000000E+01  9.000000E+01
  0.000000E+00 -6.731402E+01  1.466194E+10 -6.639196E+01  6.878254E-01
 -9.153682E-02  6.878254E-01 -6.790635E+01  7.920155E-01 -9.153682E-02
  7.920155E-01 -6.764374E+01  4.495574E+00  4.357721E+00  3.928198E+00
  4.954964E+00  1.281375E+02  4.119094E+01  0.000000E+00  0.000000E+00
  0.000000E+00  4.119094E+01  0.000000E+00  0.000000E+00  0.000000E+00
  3.952799E+01 -2.855089E+03
     99000  4.950000E+01        52
  1.466181E+10  4.590054E-17 -1.247040E+05  2.315943E+04 -1.489321E+05
  0.000000E+00  0.000000E+00  0.000000E+00  0.000000E+00 -1.247039E+05
  0.000000E+00  8.515210E+03 -1.424976E+05  1.488754E+05  0.000000E+00
  0.000000E+00  0.000000E+00  0.000000E+00  6.705422E+04  8.251665E-21
  1.068695E+03  2.137390E+03  9.000000E+01  9.000000E+01  9.000000E+01
  0.000000E+00 -6.693326E+01  1.466194E+10 -6.600861E+01  6.863682E-01
 -8.386002E-02  6.863682E-01 -6.752840E+01  7.923286E-01 -8.386002E-02
  7.923286E-01 -6.726278E+01  4.495574E+00  4.357721E+00  3.928198E+00
  4.954964E+00  1.281375E+02  4.118835E+01  0.000000E+00  0.000000E+00
  0.000000E+00  4.118835E+01  0.000000E+00  0.000000E+00  0.000000E+00
  3.952550E+01 -2.838403E+03
    100000  5.000000E+01        52
  1.466181E+10  4.483985E-17 -1.247051E+05  2.316954E+04 -1.489436E+05
  0.000000E+00  0.000000E+00  0.000000E+00  0.000000E+00 -1.247051E+05
  0.000000E+00  8.466300E+03 -1.425586E+05  1.488869E+05  0.000000E+00
  0.000000E+00  0.000000E+00  0.000000E+00  6.704159E+04  7.959298E-21
  1.068955E+03  2.137909E+03  9.000000E+01  9.000000E+01  9.000000E+01
  0.000000E+00 -6.656134E+01  1.466194E+10 -6.563415E+01  6.851235E-01
 -7.621953E-02  6.851235E-01 -6.715944E+01  7.928643E-01 -7.621953E-02
  7.928643E-01 -6.689043E+01  4.495574E+00  4.357721E+00  3.928198E+00
  4.954964E+00  1.281375E+02  4.118576E+01  0.000000E+00  0.000000E+00
  0.000000E+00  4.118576E+01  0.000000E+00  0.000000E+00  0.000000E+00
  3.952302E+01 -2.822100E+03
