title: #Li56 La24 Zr16 O96                                                     
energy unitS: electron Volts
         0  0.000000E+00        52
 -1.161964E+05  9.000000E+02 -1.167994E+05  1.362317E+04 -1.304225E+05
  0.000000E+00  0.000000E+00  0.000000E+00  0.000000E+00 -1.161964E+05
  0.000000E+00  3.377908E+04 -9.662661E+04  1.304057E+05  0.000000E+00
  0.000000E+00  0.000000E+00  0.000000E+00  6.008194E+04  0.000000E+00
  0.000000E+00  0.000000E+00  9.000000E+01  9.000000E+01  9.000000E+01
  0.000000E+00 -2.857516E+02  0.000000E+00 -2.993218E+02 -1.427892E-01
 -4.558272E-02 -1.427892E-01 -2.990210E+02 -7.736638E-02 -4.558272E-02
 -7.736638E-02 -2.589119E+02  0.000000E+00  0.000000E+00  0.000000E+00
  0.000000E+00  0.000000E+00  3.970821E+01  0.000000E+00  0.000000E+00
  0.000000E+00  3.970821E+01  0.000000E+00  0.000000E+00  0.000000E+00
  3.810512E+01 -1.085772E+04
      1000  5.000000E-01        52
 -1.233642E+05  9.000000E+02 -1.239679E+05  2.431972E+04 -1.494973E+05
  0.000000E+00  0.000000E+00  0.000000E+00  0.000000E+00 -1.233649E+05
  0.000000E+00  2.696059E+03 -1.491853E+05  1.494618E+05  0.000000E+00
  0.000000E+00  0.000000E+00  0.000000E+00  5.938085E+04  2.996741E-02
  1.209732E+03  2.419464E+03  9.000000E+01  9.000000E+01  9.000000E+01
  0.000000E+00 -1.322670E+01  6.887112E-01 -2.154224E+01  1.789157E-01
  1.946215E+00  1.789157E-01 -2.090296E+01  1.845643E-01  1.946215E+00
  1.845643E-01  2.765098E+00  2.449702E+00  1.011788E+00  1.033670E+00
  1.915584E+00  1.900778E+00  3.955315E+01  0.000000E+00  0.000000E+00
  0.000000E+00  3.955315E+01  0.000000E+00  0.000000E+00  0.000000E+00
  3.795632E+01 -4.967112E+02
      2000  1.000000E+00        52
  1.156026E+08  1.866904E+03 -1.207452E+05  1.934992E+04 -1.420607E+05
  0.000000E+00  0.000000E+00  0.000000E+00  0.000000E+00 -1.194944E+05
  0.000000E+00  2.964816E+04 -1.159851E+05  1.417022E+05  0.000000E+00
  0.000000E+00  0.000000E+00  0.000000E+00  1.071269E+05  1.862149E+03
  1.965514E+03  3.931028E+03  9.000000E+01  9.000000E+01  9.000000E+01
  0.000000E+00 -1.335643E+02  1.157221E+08 -1.424812E+02 -3.978910E-04
 -8.682384E-01 -3.978910E-04 -1.342076E+02  3.955641E+00 -8.682384E-01
  3.955641E+00 -1.240041E+02  4.344878E+00  1.890535E+00  1.687965E+00
  4.568798E+00  2.807541E+03  4.815025E+01  0.000000E+00  0.000000E+00
  0.000000E+00  4.815025E+01  0.000000E+00  0.000000E+00  0.000000E+00
  4.620634E+01 -9.048887E+03
      3000  1.500000E+00        52
  1.164789E+08  1.020613E+03 -1.201528E+05  2.236314E+04 -1.438794E+05
  0.000000E+00  0.000000E+00  0.000000E+00  0.000000E+00 -1.194690E+05
  0.000000E+00  1.448619E+04 -1.300166E+05  1.417760E+05  0.000000E+00
  0.000000E+00  0.000000E+00  0.000000E+00  1.796114E+05  2.228545E+02
  1.363380E+03  2.726760E+03  9.000000E+01  9.000000E+01  9.000000E+01
  0.000000E+00 -3.849711E+01  1.165984E+08 -3.835926E+01 -6.031324E-01
 -1.148036E+00 -6.031324E-01 -3.947665E+01  7.721429E-02 -1.148036E+00
  7.721429E-02 -3.765541E+01  7.332813E+00  3.811127E+00  3.378112E+00
  1.069898E+01  6.288287E+03  5.720188E+01  0.000000E+00  0.000000E+00
  0.000000E+00  5.720188E+01  0.000000E+00  0.000000E+00  0.000000E+00
  5.489254E+01 -4.372885E+03
      4000  2.000000E+00        52
  3.997884E+11  9.000000E+02 -1.209877E+05  2.347583E+04 -1.459601E+05
  0.000000E+00  0.000000E+00  0.000000E+00  0.000000E+00 -1.203847E+05
  0.000000E+00  1.016939E+04 -1.371166E+05  1.442930E+05  0.000000E+00
  0.000000E+00  0.000000E+00  0.000000E+00  1.663503E+05  3.781970E-02
  1.496502E+03  2.993005E+03  9.000000E+01  9.000000E+01  9.000000E+01
  0.000000E+00 -2.840043E+01  3.997885E+11 -2.563718E+01 -1.050925E+00
  2.878347E+00 -1.050925E+00 -3.030102E+01 -1.980932E-01  2.878347E+00
 -1.980932E-01 -2.926309E+01  8.674608E+00  4.918731E+00  4.267936E+00
  1.509085E+01  7.568036E+03  5.575796E+01  0.000000E+00  0.000000E+00
  0.000000E+00  5.575796E+01  0.000000E+00  0.000000E+00  0.000000E+00
  5.350691E+01 -2.987820E+03
      5000  2.500000E+00        52
  3.997884E+11  1.126389E+03 -1.215626E+05  2.407735E+04 -1.471740E+05
  0.000000E+00  0.000000E+00  0.000000E+00  0.000000E+00 -1.208078E+05
  0.000000E+00  5.856781E+03 -1.410152E+05  1.438039E+05  0.000000E+00
  0.000000E+00  0.000000E+00  0.000000E+00  2.105799E+05  4.268703E+02
  1.534007E+03  3.068015E+03  9.000000E+01  9.000000E+01  9.000000E+01
  0.000000E+00 -1.088170E+01  3.997885E+11 -1.004032E+01 -3.440335E-02
  5.210628E-01 -3.440335E-02 -1.102303E+01  9.001246E-01  5.210628E-01
  9.001246E-01 -1.158174E+01  1.443133E+01  9.193953E+00  8.209626E+00
  2.673891E+01  9.934545E+03  6.031676E+01  0.000000E+00  0.000000E+00
  0.000000E+00  6.031676E+01  0.000000E+00  0.000000E+00  0.000000E+00
  5.788166E+01 -1.449171E+03
      6000  3.000000E+00        52
  3.997926E+11  1.169036E+03 -1.214657E+05  2.131337E+04 -1.444461E+05
  0.000000E+00  0.000000E+00  0.000000E+00  0.000000E+00 -1.206823E+05
  0.000000E+00  1.495299E+04 -1.263234E+05  1.379424E+05  0.000000E+00
  0.000000E+00  0.000000E+00  0.000000E+00  2.710986E+05  5.433778E+02
  1.666971E+03  3.333942E+03  9.000000E+01  9.000000E+01  9.000000E+01
  0.000000E+00 -2.602644E+01  3.997927E+11 -2.715532E+01  8.556792E-01
 -3.386197E-01  8.556792E-01 -2.229230E+01 -3.562434E-01 -3.386197E-01
 -3.562434E-01 -2.863172E+01  1.782852E+01  1.145722E+01  1.039617E+01
  4.157535E+01  1.190851E+04  6.561575E+01  0.000000E+00  0.000000E+00
  0.000000E+00  6.561575E+01  0.000000E+00  0.000000E+00  0.000000E+00
  6.296673E+01 -4.462192E+03
      7000  3.500000E+00        52
  3.997932E+11  9.000000E+02 -1.217734E+05  2.219265E+04 -1.452726E+05
  0.000000E+00  0.000000E+00  0.000000E+00  0.000000E+00 -1.211702E+05
  0.000000E+00  5.014842E+03 -1.313835E+05  1.337853E+05  0.000000E+00
  0.000000E+00  0.000000E+00  0.000000E+00  3.550476E+05  3.050867E-02
  1.306540E+03  2.613080E+03  9.000000E+01  9.000000E+01  9.000000E+01
  0.000000E+00 -5.654414E+00  3.997933E+11 -4.709971E+00 -6.698478E-01
  9.223076E-01 -6.698478E-01 -5.018995E+00 -2.139704E-01  9.223076E-01
 -2.139704E-01 -7.234276E+00  2.448376E+01  1.699149E+01  1.638836E+01
  6.193173E+01  1.335011E+04  7.178954E+01  0.000000E+00  0.000000E+00
  0.000000E+00  7.178954E+01  0.000000E+00  0.000000E+00  0.000000E+00
  6.889127E+01 -1.269639E+03
      8000  4.000000E+00        52
  3.997932E+11  9.064583E+02 -1.228138E+05  2.425122E+04 -1.487776E+05
  0.000000E+00  0.000000E+00  0.000000E+00  0.000000E+00 -1.222063E+05
  0.000000E+00 -5.878011E+03 -1.426109E+05  1.333077E+05  0.000000E+00
  0.000000E+00  0.000000E+00  0.000000E+00  3.988324E+05  1.014160E+01
  1.712616E+03  3.425233E+03  9.000000E+01  9.000000E+01  9.000000E+01
  0.000000E+00  9.373184E+00  3.997933E+11  1.018482E+01 -7.150398E-02
  6.470886E-01 -7.150398E-02  9.433877E+00 -5.120782E-01  6.470886E-01
 -5.120782E-01  8.500856E+00  3.133815E+01  2.241639E+01  2.134381E+01
  8.361375E+01  1.388230E+04  7.462697E+01  0.000000E+00  0.000000E+00
  0.000000E+00  7.462697E+01  0.000000E+00  0.000000E+00  0.000000E+00
  7.161415E+01  2.364197E+03
      9000  4.500000E+00        52
  3.997932E+11  9.044765E+02 -1.239767E+05  2.293772E+04 -1.485276E+05
  0.000000E+00  0.000000E+00  0.000000E+00  0.000000E+00 -1.233704E+05
  0.000000E+00 -7.128880E+03 -1.361241E+05  1.257687E+05  0.000000E+00
  0.000000E+00  0.000000E+00  0.000000E+00  5.143458E+05  9.829450E+00
  1.613239E+03  3.226478E+03  9.000000E+01  9.000000E+01  9.000000E+01
  0.000000E+00  8.547231E+00  3.997933E+11  1.001892E+01 -8.143782E-02
  1.288796E+00 -8.143782E-02  8.319039E+00 -1.111190E-01  1.288796E+00
 -1.111190E-01  7.303730E+00  3.772535E+01  2.738680E+01  2.664300E+01
  9.955532E+01  1.465608E+04  8.123018E+01  0.000000E+00  0.000000E+00
  0.000000E+00  8.123018E+01  0.000000E+00  0.000000E+00  0.000000E+00
  7.795077E+01  2.780268E+03
     10000  5.000000E+00        52
  3.997969E+11  9.000000E+02 -1.243805E+05  2.282969E+04 -1.488665E+05
  0.000000E+00  0.000000E+00  0.000000E+00  0.000000E+00 -1.237772E+05
  0.000000E+00 -7.888102E+03 -1.356393E+05  1.244386E+05  0.000000E+00
  0.000000E+00  0.000000E+00  0.000000E+00  5.300511E+05  2.985395E-02
  1.656292E+03  3.312585E+03  9.000000E+01  9.000000E+01  9.000000E+01
  0.000000E+00  9.042973E+00  3.997970E+11  9.694925E+00 -1.587322E-01
  2.945032E-01 -1.587322E-01  9.311016E+00  1.177167E-01  2.945032E-01
  1.177167E-01  8.122978E+00  4.818451E+01  3.128624E+01  3.052381E+01
  1.181219E+02  1.473138E+04  8.204868E+01  0.000000E+00  0.000000E+00
  0.000000E+00  8.204868E+01  0.000000E+00  0.000000E+00  0.000000E+00
  7.873622E+01  3.031342E+03
     11000  5.500000E+00        52
  3.997969E+11  9.026482E+02 -1.248287E+05  2.266566E+04 -1.490976E+05
  0.000000E+00  0.000000E+00  0.000000E+00  0.000000E+00 -1.242236E+05
  0.000000E+00 -8.662076E+03 -1.351278E+05  1.232592E+05  0.000000E+00
  0.000000E+00  0.000000E+00  0.000000E+00  5.499110E+05  4.343643E+00
  1.603286E+03  3.206573E+03  9.000000E+01  9.000000E+01  9.000000E+01
  0.000000E+00  9.461624E+00  3.997970E+11  9.690505E+00 -1.058817E+00
  1.111672E-02 -1.058817E+00  1.083038E+01 -1.391124E-01  1.111672E-02
 -1.391124E-01  7.863982E+00  5.388814E+01  3.348762E+01  3.333218E+01
  1.407716E+02  1.478234E+04  8.306087E+01  0.000000E+00  0.000000E+00
  0.000000E+00  8.306087E+01  0.000000E+00  0.000000E+00  0.000000E+00
  7.970755E+01  3.290517E+03
     12000  6.000000E+00        52
  3.997969E+11  8.992107E+02 -1.252187E+05  2.226330E+04 -1.490641E+05
  0.000000E+00  0.000000E+00  0.000000E+00  0.000000E+00 -1.246159E+05
  0.000000E+00 -8.574721E+03 -1.328913E+05  1.211524E+05  0.000000E+00
  0.000000E+00  0.000000E+00  0.000000E+00  5.928427E+05  3.054334E+00
  1.582067E+03  3.164134E+03  9.000000E+01  9.000000E+01  9.000000E+01
  0.000000E+00  8.694685E+00  3.997970E+11  8.688908E+00  2.001683E-01
 -3.428959E-01  2.001683E-01  9.301769E+00  2.613661E-01 -3.428959E-01
  2.613661E-01  8.093378E+00  5.705307E+01  3.630360E+01  3.668278E+01
  1.888980E+02  1.492815E+04  8.516847E+01  0.000000E+00  0.000000E+00
  0.000000E+00  8.516847E+01  0.000000E+00  0.000000E+00  0.000000E+00
  8.173006E+01  3.259863E+03
     13000  6.500000E+00        52
  3.997969E+11  9.000000E+02 -1.254002E+05  2.204021E+04 -1.490228E+05
  0.000000E+00  0.000000E+00  0.000000E+00  0.000000E+00 -1.247969E+05
  0.000000E+00 -8.475258E+03 -1.315142E+05  1.198743E+05  0.000000E+00
  0.000000E+00  0.000000E+00  0.000000E+00  6.151319E+05  2.514274E-02
  1.582325E+03  3.164651E+03  9.000000E+01  9.000000E+01  9.000000E+01
  0.000000E+00  8.295316E+00  3.997970E+11  7.898937E+00  1.268363E-01
  1.679803E-01  1.268363E-01  8.822593E+00 -1.071472E+00  1.679803E-01
 -1.071472E+00  8.164418E+00  5.994303E+01  3.774111E+01  3.803688E+01
  2.169510E+02  1.498790E+04  8.622273E+01  0.000000E+00  0.000000E+00
  0.000000E+00  8.622273E+01  0.000000E+00  0.000000E+00  0.000000E+00
  8.274176E+01  3.227061E+03
     14000  7.000000E+00        52
  3.998647E+11  9.042653E+02 -1.258938E+05  2.142505E+04 -1.488586E+05
  0.000000E+00  0.000000E+00  0.000000E+00  0.000000E+00 -1.252875E+05
  0.000000E+00 -7.876740E+03 -1.276311E+05  1.166749E+05  0.000000E+00
  0.000000E+00  0.000000E+00  0.000000E+00  6.940665E+05  7.237596E+00
  1.539704E+03  3.079409E+03  9.000000E+01  9.000000E+01  9.000000E+01
  0.000000E+00  6.901732E+00  3.998648E+11  6.257836E+00  9.719975E-02
 -9.684363E-02  9.719975E-02  8.463087E+00  8.384939E-01 -9.684363E-02
  8.384939E-01  5.984274E+00  6.240603E+01  3.946550E+01  3.968996E+01
  2.308040E+02  1.529465E+04  8.976342E+01  0.000000E+00  0.000000E+00
  0.000000E+00  8.976342E+01  0.000000E+00  0.000000E+00  0.000000E+00
  8.613950E+01  3.029460E+03
     15000  7.500000E+00        52
  3.998647E+11  1.063187E+03 -1.267460E+05  1.965655E+04 -1.479293E+05
  0.000000E+00  0.000000E+00  0.000000E+00  0.000000E+00 -1.260331E+05
  0.000000E+00 -5.095804E+03 -1.165198E+05  1.083705E+05  0.000000E+00
  0.000000E+00  0.000000E+00  0.000000E+00  9.871008E+05  2.834863E+02
  1.526759E+03  3.053517E+03  9.000000E+01  9.000000E+01  9.000000E+01
  0.000000E+00  3.481646E+00  3.998648E+11  4.494190E+00  1.583294E-01
  1.527951E-01  1.583294E-01  3.134457E+00 -6.106607E-02  1.527951E-01
 -6.106607E-02  2.816290E+00  6.913817E+01  4.405837E+01  4.449698E+01
  2.509777E+02  1.626061E+04  1.009453E+02  0.000000E+00  0.000000E+00
  0.000000E+00  1.009453E+02  0.000000E+00  0.000000E+00  0.000000E+00
  9.686997E+01  2.173462E+03
     16000  8.000000E+00        52
  4.016708E+11  9.000000E+02 -1.269143E+05  1.994048E+04 -1.484192E+05
  0.000000E+00  0.000000E+00  0.000000E+00  0.000000E+00 -1.263107E+05
  0.000000E+00 -5.908216E+03 -1.176809E+05  1.086439E+05  0.000000E+00
  0.000000E+00  0.000000E+00  0.000000E+00  9.805664E+05  2.972615E-02
  1.564393E+03  3.128786E+03  9.000000E+01  9.000000E+01  9.000000E+01
  0.000000E+00  3.824003E+00  4.016709E+11  4.192257E+00  4.341377E-01
  5.049620E-03  4.341377E-01  3.892767E+00  4.995148E-02  5.049620E-03
  4.995148E-02  3.386985E+00  7.517230E+01  4.616038E+01  4.655376E+01
  2.816022E+02  1.636646E+04  1.007221E+02  0.000000E+00  0.000000E+00
  0.000000E+00  1.007221E+02  0.000000E+00  0.000000E+00  0.000000E+00
  9.665574E+01  2.371381E+03
     17000  8.500000E+00        52
  4.016708E+11  9.009739E+02 -1.272050E+05  1.973792E+04 -1.484891E+05
  0.000000E+00  0.000000E+00  0.000000E+00  0.000000E+00 -1.266007E+05
  0.000000E+00 -5.736097E+03 -1.163488E+05  1.075202E+05  0.000000E+00
  0.000000E+00  0.000000E+00  0.000000E+00  1.044236E+06  1.438058E+00
  1.546235E+03  3.092469E+03  9.000000E+01  9.000000E+01  9.000000E+01
  0.000000E+00  3.504626E+00  4.016709E+11  4.484991E+00  1.003479E-01
  1.358731E-01  1.003479E-01  3.111064E+00  6.298402E-02  1.358731E-01
  6.298402E-02  2.917824E+00  8.207191E+01  4.857996E+01  4.956419E+01
  2.931778E+02  1.653728E+04  1.028565E+02  0.000000E+00  0.000000E+00
  0.000000E+00  1.028565E+02  0.000000E+00  0.000000E+00  0.000000E+00
  9.870403E+01  2.314443E+03
     18000  9.000000E+00        52
  4.016708E+11  9.040920E+02 -1.273835E+05  1.973219E+04 -1.486805E+05
  0.000000E+00  0.000000E+00  0.000000E+00  0.000000E+00 -1.267771E+05
  0.000000E+00 -5.796191E+03 -1.161495E+05  1.072236E+05  0.000000E+00
  0.000000E+00  0.000000E+00  0.000000E+00  1.071632E+06  4.048464E+00
  1.564855E+03  3.129710E+03  9.000000E+01  9.000000E+01  9.000000E+01
  0.000000E+00  3.446643E+00  4.016709E+11  3.411317E+00 -2.361105E-01
  5.621673E-02 -2.361105E-01  3.826665E+00 -6.767304E-02  5.621673E-02
 -6.767304E-02  3.101947E+00  8.627021E+01  5.112382E+01  5.223211E+01
  3.365887E+02  1.662605E+04  1.037483E+02  0.000000E+00  0.000000E+00
  0.000000E+00  1.037483E+02  0.000000E+00  0.000000E+00  0.000000E+00
  9.955977E+01  2.335867E+03
     19000  9.500000E+00        52
  4.016708E+11  9.000000E+02 -1.275849E+05  1.963195E+04 -1.487600E+05
  0.000000E+00  0.000000E+00  0.000000E+00  0.000000E+00 -1.269812E+05
  0.000000E+00 -5.787403E+03 -1.154875E+05  1.066137E+05  0.000000E+00
  0.000000E+00  0.000000E+00  0.000000E+00  1.118329E+06  2.620587E-02
  1.543193E+03  3.086387E+03  9.000000E+01  9.000000E+01  9.000000E+01
  0.000000E+00  3.295999E+00  4.016709E+11  3.673331E+00  1.916407E-01
  5.748910E-01  1.916407E-01  2.924304E+00  2.136983E-01  5.748910E-01
  2.136983E-01  3.290363E+00  9.903387E+01  5.437415E+01  5.581205E+01
  3.946792E+02  1.676427E+04  1.052339E+02  0.000000E+00  0.000000E+00
  0.000000E+00  1.052339E+02  0.000000E+00  0.000000E+00  0.000000E+00
  1.009854E+02  2.331110E+03
     20000  1.000000E+01        52
  4.016708E+11  9.001439E+02 -1.277577E+05  1.951328E+04 -1.488279E+05
  0.000000E+00  0.000000E+00  0.000000E+00  0.000000E+00 -1.271539E+05
  0.000000E+00 -5.434207E+03 -1.146871E+05  1.061391E+05  0.000000E+00
  0.000000E+00  0.000000E+00  0.000000E+00  1.146359E+06  7.804392E-01
  1.556911E+03  3.113822E+03  9.000000E+01  9.000000E+01  9.000000E+01
  0.000000E+00  3.053102E+00  4.016709E+11  3.522272E+00  2.155314E-01
  3.203529E-01  2.155314E-01  2.844816E+00  1.914262E-01  3.203529E-01
  1.914262E-01  2.792219E+00  1.039929E+02  5.642055E+01  5.766661E+01
  4.229923E+02  1.680920E+04  1.061058E+02  0.000000E+00  0.000000E+00
  0.000000E+00  1.061058E+02  0.000000E+00  0.000000E+00  0.000000E+00
  1.018221E+02  2.213442E+03
     21000  1.050000E+01        52
  4.016708E+11  9.010017E+02 -1.280215E+05  1.918506E+04 -1.487545E+05
  0.000000E+00  0.000000E+00  0.000000E+00  0.000000E+00 -1.274170E+05
  0.000000E+00 -4.730903E+03 -1.123410E+05  1.045141E+05  0.000000E+00
  0.000000E+00  0.000000E+00  0.000000E+00  1.265649E+06  1.941422E+00
  1.547966E+03  3.095931E+03  9.000000E+01  9.000000E+01  9.000000E+01
  0.000000E+00  2.472931E+00  4.016709E+11  2.751178E+00  1.415576E-01
 -5.139423E-01  1.415576E-01  2.177545E+00 -1.276203E-01 -5.139423E-01
 -1.276203E-01  2.490071E+00  1.069943E+02  5.964032E+01  6.088160E+01
  4.706672E+02  1.720975E+04  1.096655E+02  0.000000E+00  0.000000E+00
  0.000000E+00  1.096655E+02  0.000000E+00  0.000000E+00  0.000000E+00
  1.052381E+02  1.979390E+03
     22000  1.100000E+01        52
  4.016708E+11  9.000000E+02 -1.281643E+05  1.918343E+04 -1.489052E+05
  0.000000E+00  0.000000E+00  0.000000E+00  0.000000E+00 -1.275606E+05
  0.000000E+00 -4.758546E+03 -1.122125E+05  1.043390E+05  0.000000E+00
  0.000000E+00  0.000000E+00  0.000000E+00  1.294250E+06  2.492353E-02
  1.557481E+03  3.114962E+03  9.000000E+01  9.000000E+01  9.000000E+01
  0.000000E+00  2.428994E+00  4.016709E+11  2.371101E+00 -4.173480E-01
  1.428004E-01 -4.173480E-01  2.903516E+00 -1.876427E-01  1.428004E-01
 -1.876427E-01  2.012364E+00  1.105353E+02  6.216537E+01  6.344783E+01
  5.377293E+02  1.744094E+04  1.104855E+02  0.000000E+00  0.000000E+00
  0.000000E+00  1.104855E+02  0.000000E+00  0.000000E+00  0.000000E+00
  1.060250E+02  1.988157E+03
     23000  1.150000E+01        52
  4.016708E+11  9.000012E+02 -1.282460E+05  1.913995E+04 -1.489549E+05
  0.000000E+00  0.000000E+00  0.000000E+00  0.000000E+00 -1.276422E+05
  0.000000E+00 -4.616038E+03 -1.117977E+05  1.040437E+05  0.000000E+00
  0.000000E+00  0.000000E+00  0.000000E+00  1.322489E+06  7.345364E-01
  1.568969E+03  3.137937E+03  9.000000E+01  9.000000E+01  9.000000E+01
  0.000000E+00  2.320332E+00  4.016709E+11  2.507520E+00  1.401995E-02
  3.352157E-01  1.401995E-02  2.294960E+00  3.902458E-02  3.352157E-01
  3.902458E-02  2.158515E+00  1.142220E+02  6.530400E+01  6.638448E+01
  6.320675E+02  1.754681E+04  1.112832E+02  0.000000E+00  0.000000E+00
  0.000000E+00  1.112832E+02  0.000000E+00  0.000000E+00  0.000000E+00
  1.067905E+02  1.940655E+03
     24000  1.200000E+01        52
  4.016708E+11  9.121458E+02 -1.283332E+05  1.903704E+04 -1.489146E+05
  0.000000E+00  0.000000E+00  0.000000E+00  0.000000E+00 -1.277212E+05
  0.000000E+00 -4.475516E+03 -1.110058E+05  1.034416E+05  0.000000E+00
  0.000000E+00  0.000000E+00  0.000000E+00  1.366336E+06  2.274579E+01
  1.544365E+03  3.088729E+03  9.000000E+01  9.000000E+01  9.000000E+01
  0.000000E+00  2.197941E+00  4.016709E+11  2.877120E+00  2.636496E-01
 -9.216817E-02  2.636496E-01  2.024533E+00  8.599167E-02 -9.216817E-02
  8.599167E-02  1.692169E+00  1.197513E+02  6.953193E+01  7.044344E+01
  7.428310E+02  1.768776E+04  1.124997E+02  0.000000E+00  0.000000E+00
  0.000000E+00  1.124997E+02  0.000000E+00  0.000000E+00  0.000000E+00
  1.079579E+02  1.899238E+03
     25000  1.250000E+01        52
  4.016713E+11  9.000000E+02 -1.283695E+05  1.891373E+04 -1.488321E+05
  0.000000E+00  0.000000E+00  0.000000E+00  0.000000E+00 -1.277656E+05
  0.000000E+00 -4.167719E+03 -1.101896E+05  1.029240E+05  0.000000E+00
  0.000000E+00  0.000000E+00  0.000000E+00  1.401683E+06  1.968108E-02
  1.548906E+03  3.097811E+03  9.000000E+01  9.000000E+01  9.000000E+01
  0.000000E+00  2.020654E+00  4.016714E+11  1.824225E+00  3.141606E-01
 -1.238504E-02  3.141606E-01  2.674324E+00 -7.788693E-02 -1.238504E-02
 -7.788693E-02  1.563413E+00  1.223302E+02  7.066801E+01  7.143952E+01
  7.807902E+02  1.781994E+04  1.134616E+02  0.000000E+00  0.000000E+00
  0.000000E+00  1.134616E+02  0.000000E+00  0.000000E+00  0.000000E+00
  1.088810E+02  1.791215E+03
     26000  1.300000E+01        52
  4.016713E+11  9.487532E+02 -1.284519E+05  1.887411E+04 -1.488983E+05
  0.000000E+00  0.000000E+00  0.000000E+00  0.000000E+00 -1.278154E+05
  0.000000E+00 -4.008386E+03 -1.097840E+05  1.026310E+05  0.000000E+00
  0.000000E+00  0.000000E+00  0.000000E+00  1.433194E+06  9.140151E+01
  1.572323E+03  3.144646E+03  9.000000E+01  9.000000E+01  9.000000E+01
  0.000000E+00  1.941654E+00  4.016714E+11  1.830170E+00 -1.499337E-01
  2.968038E-01 -1.499337E-01  1.922654E+00 -2.618120E-01  2.968038E-01
 -2.618120E-01  2.072138E+00  1.241472E+02  7.163842E+01  7.250716E+01
  8.303112E+02  1.794583E+04  1.143056E+02  0.000000E+00  0.000000E+00
  0.000000E+00  1.143056E+02  0.000000E+00  0.000000E+00  0.000000E+00
  1.096908E+02  1.759879E+03
     27000  1.350000E+01        52
  4.016713E+11  9.005660E+02 -1.285349E+05  1.889890E+04 -1.490087E+05
  0.000000E+00  0.000000E+00  0.000000E+00  0.000000E+00 -1.279306E+05
  0.000000E+00 -4.125862E+03 -1.098382E+05  1.025625E+05  0.000000E+00
  0.000000E+00  0.000000E+00  0.000000E+00  1.461717E+06  1.215779E+00
  1.574897E+03  3.149794E+03  9.000000E+01  9.000000E+01  9.000000E+01
  0.000000E+00  1.922844E+00  4.016714E+11  1.869512E+00 -1.958141E-01
  1.831194E-01 -1.958141E-01  2.018969E+00 -2.000769E-01  1.831194E-01
 -2.000769E-01  1.880052E+00  1.345995E+02  7.490334E+01  7.610776E+01
  9.517086E+02  1.808941E+04  1.150589E+02  0.000000E+00  0.000000E+00
  0.000000E+00  1.150589E+02  0.000000E+00  0.000000E+00  0.000000E+00
  1.104137E+02  1.777515E+03
     28000  1.400000E+01        52
  4.016713E+11  9.000000E+02 -1.282672E+05  1.825732E+04 -1.484372E+05
  0.000000E+00  0.000000E+00  0.000000E+00  0.000000E+00 -1.276632E+05
  0.000000E+00 -1.693331E+03 -1.060583E+05  1.005396E+05  0.000000E+00
  0.000000E+00  0.000000E+00  0.000000E+00  1.546824E+06  7.816781E-02
  1.912684E+03  3.825367E+03  9.000000E+01  9.000000E+01  9.000000E+01
  0.000000E+00  9.879122E-01  4.016714E+11  1.274862E+00  7.839612E-02
  3.063044E-01  7.839612E-02  6.843599E-01  8.188629E-02  3.063044E-01
  8.188629E-02  1.004514E+00  1.450745E+02  7.670582E+01  7.820070E+01
  1.042088E+03  1.833157E+04  1.172499E+02  0.000000E+00  0.000000E+00
  0.000000E+00  1.172499E+02  0.000000E+00  0.000000E+00  0.000000E+00
  1.125164E+02  9.664188E+02
     29000  1.450000E+01        52
  4.016713E+11  9.075768E+02 -1.287863E+05  1.835981E+04 -1.486953E+05
  0.000000E+00  0.000000E+00  0.000000E+00  0.000000E+00 -1.281771E+05
  0.000000E+00 -2.923121E+03 -1.059230E+05  9.990152E+04  0.000000E+00
  0.000000E+00  0.000000E+00  0.000000E+00  1.756167E+06  1.322016E+01
  1.549154E+03  3.098308E+03  9.000000E+01  9.000000E+01  9.000000E+01
  0.000000E+00  1.242290E+00  4.016714E+11  1.542818E+00  3.539836E-01
  2.184993E-01  3.539836E-01  1.197352E+00  2.005780E-01  2.184993E-01
  2.005780E-01  9.867012E-01  1.479792E+02  7.841185E+01  7.991373E+01
  1.061493E+03  1.880828E+04  1.223172E+02  0.000000E+00  0.000000E+00
  0.000000E+00  1.223172E+02  0.000000E+00  0.000000E+00  0.000000E+00
  1.173791E+02  1.379733E+03
     30000  1.500000E+01        52
  4.016713E+11  9.013552E+02 -1.289197E+05  1.844859E+04 -1.489227E+05
  0.000000E+00  0.000000E+00  0.000000E+00  0.000000E+00 -1.283147E+05
  0.000000E+00 -3.044935E+03 -1.064203E+05  1.002666E+05  0.000000E+00
  0.000000E+00  0.000000E+00  0.000000E+00  1.783425E+06  1.409464E+00
  1.554376E+03  3.108753E+03  9.000000E+01  9.000000E+01  9.000000E+01
  0.000000E+00  1.256841E+00  4.016714E+11  1.366482E+00 -3.752553E-02
 -5.792365E-02 -3.752553E-02  1.302916E+00  2.940211E-01 -5.792365E-02
  2.940211E-01  1.101125E+00  1.512601E+02  8.182227E+01  8.342278E+01
  1.117051E+03  1.905202E+04  1.229468E+02  0.000000E+00  0.000000E+00
  0.000000E+00  1.229468E+02  0.000000E+00  0.000000E+00  0.000000E+00
  1.179832E+02  1.417559E+03
     31000  1.550000E+01        52
  4.016713E+11  9.000000E+02 -1.290230E+05  1.848620E+04 -1.490720E+05
  0.000000E+00  0.000000E+00  0.000000E+00  0.000000E+00 -1.284189E+05
  0.000000E+00 -3.060580E+03 -1.066682E+05  1.004820E+05  0.000000E+00
  0.000000E+00  0.000000E+00  0.000000E+00  1.811926E+06  2.845232E-02
  1.562814E+03  3.125628E+03  9.000000E+01  9.000000E+01  9.000000E+01
  0.000000E+00  1.241094E+00  4.016714E+11  1.436315E+00  2.746375E-04
 -7.074225E-02  2.746375E-04  1.188335E+00  2.067908E-01 -7.074225E-02
  2.067908E-01  1.098631E+00  1.642964E+02  8.784367E+01  9.166986E+01
  1.243105E+03  1.929050E+04  1.235983E+02  0.000000E+00  0.000000E+00
  0.000000E+00  1.235983E+02  0.000000E+00  0.000000E+00  0.000000E+00
  1.186084E+02  1.422168E+03
     32000  1.600000E+01        52
  4.016713E+11  9.026272E+02 -1.291708E+05  1.832578E+04 -1.490497E+05
  0.000000E+00  0.000000E+00  0.000000E+00  0.000000E+00 -1.285648E+05
  0.000000E+00 -2.630040E+03 -1.054662E+05  9.972999E+04  0.000000E+00
  0.000000E+00  0.000000E+00  0.000000E+00  1.969055E+06  5.958752E+00
  1.553082E+03  3.106163E+03  9.000000E+01  9.000000E+01  9.000000E+01
  0.000000E+00  1.027751E+00  4.016714E+11  8.508308E-01  3.720181E-03
 -7.237936E-02  3.720181E-03  8.414182E-01  1.711389E-01 -7.237936E-02
  1.711389E-01  1.391004E+00  1.691878E+02  8.950249E+01  9.402860E+01
  1.300980E+03  1.982016E+04  1.270725E+02  0.000000E+00  0.000000E+00
  0.000000E+00  1.270725E+02  0.000000E+00  0.000000E+00  0.000000E+00
  1.219424E+02  1.279828E+03
     33000  1.650000E+01        52
  4.016713E+11  9.023345E+02 -1.292617E+05  1.836620E+04 -1.491659E+05
  0.000000E+00  0.000000E+00  0.000000E+00  0.000000E+00 -1.286560E+05
  0.000000E+00 -2.671438E+03 -1.055660E+05  9.981862E+04  0.000000E+00
  0.000000E+00  0.000000E+00  0.000000E+00  2.000845E+06  5.762544E-01
  1.537989E+03  3.075977E+03  9.000000E+01  9.000000E+01  9.000000E+01
  0.000000E+00  1.022224E+00  4.016714E+11  7.577167E-01  5.926194E-02
 -4.349736E-02  5.926194E-02  1.189894E+00 -3.985393E-01 -4.349736E-02
 -3.985393E-01  1.119060E+00  1.733368E+02  9.264367E+01  9.727479E+01
  1.428092E+03  2.016988E+04  1.277527E+02  0.000000E+00  0.000000E+00
  0.000000E+00  1.277527E+02  0.000000E+00  0.000000E+00  0.000000E+00
  1.225951E+02  1.293497E+03
     34000  1.700000E+01        52
  4.016713E+11  9.000000E+02 -1.292873E+05  1.835592E+04 -1.492033E+05
  0.000000E+00  0.000000E+00  0.000000E+00  0.000000E+00 -1.286831E+05
  0.000000E+00 -2.579835E+03 -1.054479E+05  9.974792E+04  0.000000E+00
  0.000000E+00  0.000000E+00  0.000000E+00  2.029437E+06  2.618204E-02
  1.560050E+03  3.120101E+03  9.000000E+01  9.000000E+01  9.000000E+01
  0.000000E+00  9.832191E-01  4.016714E+11  8.712393E-01 -2.172032E-02
 -1.083473E-01 -2.172032E-02  9.254452E-01 -1.647231E-01 -1.083473E-01
 -1.647231E-01  1.152973E+00  1.746936E+02  9.344669E+01  9.828755E+01
  1.456013E+03  2.015388E+04  1.283584E+02  0.000000E+00  0.000000E+00
  0.000000E+00  1.283584E+02  0.000000E+00  0.000000E+00  0.000000E+00
  1.231763E+02  1.261920E+03
     35000  1.750000E+01        52
  4.016713E+11  9.000813E+02 -1.293553E+05  1.841374E+04 -1.493321E+05
  0.000000E+00  0.000000E+00  0.000000E+00  0.000000E+00 -1.287510E+05
  0.000000E+00 -2.738840E+03 -1.057502E+05  9.988527E+04  0.000000E+00
  0.000000E+00  0.000000E+00  0.000000E+00  2.058317E+06  4.333697E-01
  1.563057E+03  3.126114E+03  9.000000E+01  9.000000E+01  9.000000E+01
  0.000000E+00  1.010168E+00  4.016714E+11  8.491428E-01 -2.887734E-02
 -6.249831E-02 -2.887734E-02  1.002844E+00 -9.925549E-02 -6.249831E-02
 -9.925549E-02  1.178517E+00  1.796679E+02  9.683012E+01  1.021369E+02
  1.573200E+03  2.022572E+04  1.289644E+02  0.000000E+00  0.000000E+00
  0.000000E+00  1.289644E+02  0.000000E+00  0.000000E+00  0.000000E+00
  1.237579E+02  1.314958E+03
     36000  1.800000E+01        52
  4.016713E+11  9.009834E+02 -1.294099E+05  1.841953E+04 -1.493968E+05
  0.000000E+00  0.000000E+00  0.000000E+00  0.000000E+00 -1.288050E+05
  0.000000E+00 -2.727713E+03 -1.057376E+05  9.987525E+04  0.000000E+00
  0.000000E+00  0.000000E+00  0.000000E+00  2.087998E+06  4.146772E-01
  1.567336E+03  3.134672E+03  9.000000E+01  9.000000E+01  9.000000E+01
  0.000000E+00  9.933050E-01  4.016714E+11  8.142133E-01 -1.291903E-02
 -3.015061E-02 -1.291903E-02  9.646137E-01 -1.721724E-01 -3.015061E-02
 -1.721724E-01  1.201088E+00  1.899707E+02  1.022280E+02  1.080315E+02
  1.793479E+03  2.040761E+04  1.295813E+02  0.000000E+00  0.000000E+00
  0.000000E+00  1.295813E+02  0.000000E+00  0.000000E+00  0.000000E+00
  1.243499E+02  1.311652E+03
     37000  1.850000E+01        52
  4.016713E+11  9.000000E+02 -1.294566E+05  1.840086E+04 -1.494172E+05
  0.000000E+00  0.000000E+00  0.000000E+00  0.000000E+00 -1.288523E+05
  0.000000E+00 -2.698921E+03 -1.057123E+05  9.989402E+04  0.000000E+00
  0.000000E+00  0.000000E+00  0.000000E+00  2.116511E+06  2.563616E-02
  1.559669E+03  3.119339E+03  9.000000E+01  9.000000E+01  9.000000E+01
  0.000000E+00  9.724251E-01  4.016714E+11  8.043878E-01 -1.197947E-01
 -8.653119E-02 -1.197947E-01  1.071608E+00  3.820890E-01 -8.653119E-02
  3.820890E-01  1.041280E+00  1.966184E+02  1.072803E+02  1.126678E+02
  1.909201E+03  2.043311E+04  1.301685E+02  0.000000E+00  0.000000E+00
  0.000000E+00  1.301685E+02  0.000000E+00  0.000000E+00  0.000000E+00
  1.249133E+02  1.301616E+03
     38000  1.900000E+01        52
  4.016713E+11  9.003024E+02 -1.294603E+05  1.831548E+04 -1.493273E+05
  0.000000E+00  0.000000E+00  0.000000E+00  0.000000E+00 -1.288558E+05
  0.000000E+00 -2.528859E+03 -1.052444E+05  9.961242E+04  0.000000E+00
  0.000000E+00  0.000000E+00  0.000000E+00  2.146432E+06  1.668004E-01
  1.551547E+03  3.103095E+03  9.000000E+01  9.000000E+01  9.000000E+01
  0.000000E+00  9.172088E-01  4.016714E+11  8.635201E-01 -1.176314E-01
 -1.579405E-01 -1.176314E-01  9.349946E-01  2.124771E-01 -1.579405E-01
  2.124771E-01  9.531116E-01  2.010977E+02  1.101770E+02  1.155091E+02
  1.993888E+03  2.039307E+04  1.307790E+02  0.000000E+00  0.000000E+00
  0.000000E+00  1.307790E+02  0.000000E+00  0.000000E+00  0.000000E+00
  1.254992E+02  1.245063E+03
     39000  1.950000E+01        52
  4.016713E+11  9.003828E+02 -1.294980E+05  1.827597E+04 -1.493242E+05
  0.000000E+00  0.000000E+00  0.000000E+00  0.000000E+00 -1.288934E+05
  0.000000E+00 -2.485034E+03 -1.050674E+05  9.948187E+04  0.000000E+00
  0.000000E+00  0.000000E+00  0.000000E+00  2.176375E+06  5.698191E-01
  1.550223E+03  3.100446E+03  9.000000E+01  9.000000E+01  9.000000E+01
  0.000000E+00  8.940021E-01  4.016714E+11  8.184824E-01 -1.012044E-01
 -8.656325E-02 -1.012044E-01  1.027161E+00  2.189541E-01 -8.656325E-02
  2.189541E-01  8.363635E-01  2.086601E+02  1.157466E+02  1.229815E+02
  2.160974E+03  2.047031E+04  1.313843E+02  0.000000E+00  0.000000E+00
  0.000000E+00  1.313843E+02  0.000000E+00  0.000000E+00  0.000000E+00
  1.260801E+02  1.230491E+03
     40000  2.000000E+01        52
  4.016713E+11  9.000000E+02 -1.294986E+05  1.834288E+04 -1.493886E+05
  0.000000E+00  0.000000E+00  0.000000E+00  0.000000E+00 -1.288942E+05
  0.000000E+00 -2.550027E+03 -1.052909E+05  9.964659E+04  0.000000E+00
  0.000000E+00  0.000000E+00  0.000000E+00  2.206785E+06  2.874756E-02
  1.547151E+03  3.094303E+03  9.000000E+01  9.000000E+01  9.000000E+01
  0.000000E+00  8.970833E-01  4.016714E+11  7.749809E-01  8.307651E-02
  3.069622E-02  8.307651E-02  1.146848E+00  1.253365E-01  3.069622E-02
  1.253365E-01  7.694206E-01  2.229279E+02  1.235637E+02  1.303800E+02
  2.366699E+03  2.061141E+04  1.319934E+02  0.000000E+00  0.000000E+00
  0.000000E+00  1.319934E+02  0.000000E+00  0.000000E+00  0.000000E+00
  1.266646E+02  1.251984E+03
     41000  2.050000E+01        52
  4.016713E+11  7.747061E+02 -1.297671E+05  1.676795E+04 -1.479954E+05
  0.000000E+00  0.000000E+00  0.000000E+00  0.000000E+00 -1.292439E+05
  0.000000E+00  9.626897E+02 -9.388178E+04  9.192382E+04  0.000000E+00
  0.000000E+00  0.000000E+00  0.000000E+00  6.612248E+06  8.863813E+00
  1.460325E+03  2.920650E+03  9.000000E+01  9.000000E+01  9.000000E+01
  0.000000E+00  6.006485E-03  4.016714E+11  2.032805E-02  2.243843E-03
  1.572761E-02  2.243843E-03 -3.943742E-03  1.123653E-02  1.572761E-02
  1.123653E-02  1.635149E-03  6.097556E+00  2.839344E+00  3.500275E+00
  2.516209E+01  2.482160E+01  1.902897E+02  0.000000E+00  0.000000E+00
  0.000000E+00  1.902897E+02  0.000000E+00  0.000000E+00  0.000000E+00
  1.826074E+02  2.511745E+01
     42000  2.100000E+01        52
  4.016713E+11  7.720034E+02 -1.299486E+05  1.683539E+04 -1.482973E+05
  0.000000E+00  0.000000E+00  0.000000E+00  0.000000E+00 -1.294174E+05
  0.000000E+00  8.560255E+02 -9.310439E+04  9.093382E+04  0.000000E+00
  0.000000E+00  0.000000E+00  0.000000E+00  2.213795E+07  7.213818E+00
  1.513302E+03  3.026604E+03  9.000000E+01  9.000000E+01  9.000000E+01
  0.000000E+00  4.247357E-03  4.016714E+11  1.098422E-02 -5.738085E-04
  3.645660E-03 -5.738085E-04  1.061648E-03  2.512040E-03  3.645660E-03
  2.512040E-03  6.962077E-04  2.321617E+01  1.470306E+01  1.846753E+01
  6.650164E+01  6.558273E+01  2.846720E+02  0.000000E+00  0.000000E+00
  0.000000E+00  2.846720E+02  0.000000E+00  0.000000E+00  0.000000E+00
  2.731793E+02  5.946511E+01
