title: # Li56 La24 Zr16 O96                                                    
energy unitS: electron Volts
         0  0.000000E+00        52
 -5.399674E+05  2.500000E+02 -5.407429E+05  6.307024E+04 -6.038132E+05
  0.000000E+00  0.000000E+00  0.000000E+00  0.000000E+00 -5.399672E+05
  0.000000E+00  1.563293E+05 -4.473454E+05  6.036747E+05  0.000000E+00
  0.000000E+00  0.000000E+00  0.000000E+00  2.781571E+05  0.000000E+00
  0.000000E+00  0.000000E+00  9.000000E+01  9.000000E+01  9.000000E+01
  0.000000E+00 -2.932868E+02  0.000000E+00 -3.066707E+02 -1.003871E-02
  1.026412E-03 -1.003871E-02 -3.066579E+02  1.745049E-02  1.026412E-03
  1.745049E-02 -2.665317E+02  0.000000E+00  0.000000E+00  0.000000E+00
  0.000000E+00  0.000000E+00  6.618035E+01  0.000000E+00  0.000000E+00
  0.000000E+00  6.618035E+01  0.000000E+00  0.000000E+00  0.000000E+00
  6.350853E+01 -5.159275E+04
      1000  2.000000E-01        52
 -5.730078E+05  2.500000E+02 -5.737839E+05  1.129072E+05 -6.912940E+05
  0.000000E+00  0.000000E+00  0.000000E+00  0.000000E+00 -5.730082E+05
  0.000000E+00 -3.176770E+02 -7.006031E+05  6.910795E+05  0.000000E+00
  0.000000E+00  0.000000E+00  0.000000E+00  2.714389E+05  8.424462E-03
  4.602917E+03  9.205833E+03  9.000000E+01  9.000000E+01  9.000000E+01
  0.000000E+00  3.628690E+00  5.230642E-01 -3.598348E+01 -4.852209E-01
 -1.554041E+00 -4.852209E-01 -3.622110E+01  6.465151E-03 -1.554041E+00
  6.465151E-03  8.309065E+01  1.267971E+00  3.195860E-02  4.780153E-02
  3.820591E-01  4.551613E-01  6.564320E+01  0.000000E+00  0.000000E+00
  0.000000E+00  6.564320E+01  0.000000E+00  0.000000E+00  0.000000E+00
  6.299306E+01  6.229139E+02
      2000  4.000000E-01        52
 -5.748254E+05  2.500733E+02 -5.756017E+05  1.130036E+05 -6.935189E+05
  0.000000E+00  0.000000E+00  0.000000E+00  0.000000E+00 -5.748258E+05
  0.000000E+00  4.439799E+03 -6.986750E+05  6.932877E+05  0.000000E+00
  0.000000E+00  0.000000E+00  0.000000E+00  2.714818E+05  1.240770E-01
  4.913532E+03  9.827065E+03  9.000000E+01  9.000000E+01  9.000000E+01
  0.000000E+00 -5.607524E+00  5.394789E-01 -2.834138E+01 -1.410536E-01
 -1.035368E+00 -1.410536E-01 -2.522868E+01  6.515492E-01 -1.035368E+00
  6.515492E-01  3.674749E+01  1.678934E+00  3.367710E-01  3.984504E-01
  8.997264E-01  9.520660E-01  6.564665E+01  0.000000E+00  0.000000E+00
  0.000000E+00  6.564665E+01  0.000000E+00  0.000000E+00  0.000000E+00
  6.299638E+01 -9.627599E+02
      3000  6.000000E-01        52
 -5.752128E+05  2.502035E+02 -5.759896E+05  1.125915E+05 -6.935153E+05
  0.000000E+00  0.000000E+00  0.000000E+00  0.000000E+00 -5.752132E+05
  0.000000E+00  7.751702E+03 -6.953933E+05  6.932765E+05  0.000000E+00
  0.000000E+00  0.000000E+00  0.000000E+00  2.708576E+05  3.338744E-01
  4.934253E+03  9.868506E+03  9.000000E+01  9.000000E+01  9.000000E+01
  0.000000E+00 -1.206367E+01  5.492603E-01 -2.649551E+01 -6.472661E-01
 -6.853828E-01 -6.472661E-01 -2.428617E+01  7.785984E-01 -6.853828E-01
  7.785984E-01  1.459065E+01  2.034189E+00  6.768128E-01  7.429925E-01
  1.366985E+00  1.394720E+00  6.559630E+01  0.000000E+00  0.000000E+00
  0.000000E+00  6.559630E+01  0.000000E+00  0.000000E+00  0.000000E+00
  6.294806E+01 -2.066458E+03
      4000  8.000000E-01        52
 -5.755295E+05  2.500000E+02 -5.763056E+05  1.123219E+05 -6.935376E+05
  0.000000E+00  0.000000E+00  0.000000E+00  0.000000E+00 -5.755299E+05
  0.000000E+00  9.400349E+03 -6.937190E+05  6.932991E+05  0.000000E+00
  0.000000E+00  0.000000E+00  0.000000E+00  2.699718E+05  8.287893E-03
  4.910107E+03  9.820214E+03  9.000000E+01  9.000000E+01  9.000000E+01
  0.000000E+00 -1.532443E+01  5.713928E-01 -2.861626E+01 -4.655184E-01
 -1.313331E+00 -4.655184E-01 -2.630403E+01 -3.004851E-01 -1.313331E+00
 -3.004851E-01  8.947008E+00  2.239497E+00  8.495638E-01  9.252503E-01
  1.621329E+00  1.635938E+00  6.552472E+01  0.000000E+00  0.000000E+00
  0.000000E+00  6.552472E+01  0.000000E+00  0.000000E+00  0.000000E+00
  6.287937E+01 -2.616428E+03
      5000  1.000000E+00        52
 -5.757679E+05  2.499963E+02 -5.765440E+05  1.124014E+05 -6.938919E+05
  0.000000E+00  0.000000E+00  0.000000E+00  0.000000E+00 -5.757683E+05
  0.000000E+00  9.547252E+03 -6.939997E+05  6.936541E+05  0.000000E+00
  0.000000E+00  0.000000E+00  0.000000E+00  2.689740E+05  1.045249E-01
  4.946466E+03  9.892932E+03  9.000000E+01  9.000000E+01  9.000000E+01
  0.000000E+00 -1.566919E+01  5.465683E-01 -2.664906E+01 -2.491731E-01
 -7.425574E-01 -2.491731E-01 -2.385114E+01 -3.767716E-01 -7.425574E-01
 -3.767716E-01  3.492621E+00  2.406522E+00  9.960638E-01  1.083011E+00
  1.811322E+00  1.817558E+00  6.544389E+01  0.000000E+00  0.000000E+00
  0.000000E+00  6.544389E+01  0.000000E+00  0.000000E+00  0.000000E+00
  6.280180E+01 -2.665403E+03
      6000  1.200000E+00        52
 -5.759485E+05  2.499678E+02 -5.767244E+05  1.127059E+05 -6.943874E+05
  0.000000E+00  0.000000E+00  0.000000E+00  0.000000E+00 -5.759488E+05
  0.000000E+00  8.429829E+03 -6.956351E+05  6.941508E+05  0.000000E+00
  0.000000E+00  0.000000E+00  0.000000E+00  2.680641E+05  3.399468E-01
  4.957059E+03  9.914117E+03  9.000000E+01  9.000000E+01  9.000000E+01
  0.000000E+00 -1.352562E+01  5.528569E-01 -2.233126E+01 -2.416449E-01
 -1.207819E+00 -2.416449E-01 -2.142915E+01 -5.591156E-01 -1.207819E+00
 -5.591156E-01  3.183563E+00  2.535928E+00  1.104754E+00  1.195076E+00
  1.976026E+00  1.974667E+00  6.537001E+01  0.000000E+00  0.000000E+00
  0.000000E+00  6.537001E+01  0.000000E+00  0.000000E+00  0.000000E+00
  6.273091E+01 -2.292988E+03
      7000  1.400000E+00        52
 -5.760842E+05  2.500000E+02 -5.768603E+05  1.127094E+05 -6.945339E+05
  0.000000E+00  0.000000E+00  0.000000E+00  0.000000E+00 -5.760846E+05
  0.000000E+00  8.236890E+03 -6.959923E+05  6.943010E+05  0.000000E+00
  0.000000E+00  0.000000E+00  0.000000E+00  2.672252E+05  8.297207E-03
  4.964120E+03  9.928239E+03  9.000000E+01  9.000000E+01  9.000000E+01
  0.000000E+00 -1.318713E+01  5.631615E-01 -1.989290E+01 -2.675249E-02
 -7.430814E-01 -2.675249E-02 -2.030774E+01 -4.600802E-01 -7.430814E-01
 -4.600802E-01  6.392350E-01  2.672600E+00  1.214279E+00  1.304919E+00
  2.125995E+00  2.119557E+00  6.530175E+01  0.000000E+00  0.000000E+00
  0.000000E+00  6.530175E+01  0.000000E+00  0.000000E+00  0.000000E+00
  6.266540E+01 -2.228608E+03
      8000  1.600000E+00        52
 -5.762054E+05  2.499535E+02 -5.769814E+05  1.127995E+05 -6.947633E+05
  0.000000E+00  0.000000E+00  0.000000E+00  0.000000E+00 -5.762058E+05
  0.000000E+00  7.953083E+03 -6.965444E+05  6.945325E+05  0.000000E+00
  0.000000E+00  0.000000E+00  0.000000E+00  2.664037E+05  1.076351E-01
  4.982494E+03  9.964988E+03  9.000000E+01  9.000000E+01  9.000000E+01
  0.000000E+00 -1.266686E+01  5.436549E-01 -1.906818E+01 -1.156431E+00
 -2.418323E-01 -1.156431E+00 -1.910718E+01  3.903792E-01 -2.418323E-01
  3.903792E-01  1.747880E-01  2.774711E+00  1.295628E+00  1.393766E+00
  2.248080E+00  2.235217E+00  6.523476E+01  0.000000E+00  0.000000E+00
  0.000000E+00  6.523476E+01  0.000000E+00  0.000000E+00  0.000000E+00
  6.260112E+01 -2.134102E+03
      9000  1.800000E+00        52
 -5.763191E+05  2.499750E+02 -5.770951E+05  1.128140E+05 -6.948540E+05
  0.000000E+00  0.000000E+00  0.000000E+00  0.000000E+00 -5.763195E+05
  0.000000E+00  7.425730E+03 -6.970875E+05  6.946236E+05  0.000000E+00
  0.000000E+00  0.000000E+00  0.000000E+00  2.656582E+05  3.523080E-01
  4.944822E+03  9.889645E+03  9.000000E+01  9.000000E+01  9.000000E+01
  0.000000E+00 -1.165585E+01  5.477660E-01 -1.780201E+01 -3.505693E-02
  1.594742E-01 -3.505693E-02 -1.708268E+01 -1.780440E-01  1.594742E-01
 -1.780440E-01 -8.286851E-02  2.871117E+00  1.357879E+00  1.466047E+00
  2.355821E+00  2.339068E+00  6.517386E+01  0.000000E+00  0.000000E+00
  0.000000E+00  6.517386E+01  0.000000E+00  0.000000E+00  0.000000E+00
  6.254267E+01 -1.958273E+03
     10000  2.000000E+00        52
 -5.763907E+05  2.500000E+02 -5.771667E+05  1.131376E+05 -6.952449E+05
  0.000000E+00  0.000000E+00  0.000000E+00  0.000000E+00 -5.763910E+05
  0.000000E+00  6.030951E+03 -6.988667E+05  6.950166E+05  0.000000E+00
  0.000000E+00  0.000000E+00  0.000000E+00  2.650516E+05  8.302865E-03
  4.940552E+03  9.881104E+03  9.000000E+01  9.000000E+01  9.000000E+01
  0.000000E+00 -8.908597E+00  5.486584E-01 -1.415880E+01  5.665602E-01
  6.264897E-01  5.665602E-01 -1.359002E+01  2.042938E-01  6.264897E-01
  2.042938E-01  1.023028E+00  2.953524E+00  1.428663E+00  1.534547E+00
  2.455213E+00  2.435736E+00  6.512421E+01  0.000000E+00  0.000000E+00
  0.000000E+00  6.512421E+01  0.000000E+00  0.000000E+00  0.000000E+00
  6.249503E+01 -1.493296E+03
     11000  2.200000E+00        52
 -5.764708E+05  2.499797E+02 -5.772468E+05  1.131222E+05 -6.953248E+05
  0.000000E+00  0.000000E+00  0.000000E+00  0.000000E+00 -5.764712E+05
  0.000000E+00  6.098146E+03 -6.989133E+05  6.950997E+05  0.000000E+00
  0.000000E+00  0.000000E+00  0.000000E+00  2.644734E+05  1.087157E-01
  4.955872E+03  9.911743E+03  9.000000E+01  9.000000E+01  9.000000E+01
  0.000000E+00 -9.062237E+00  5.392157E-01 -1.385709E+01  2.631959E-01
  4.119725E-01  2.631959E-01 -1.316081E+01  1.368095E+00  4.119725E-01
  1.368095E+00 -1.688156E-01  2.990228E+00  1.451830E+00  1.584024E+00
  2.518197E+00  2.495937E+00  6.507682E+01  0.000000E+00  0.000000E+00
  0.000000E+00  6.507682E+01  0.000000E+00  0.000000E+00  0.000000E+00
  6.244955E+01 -1.515736E+03
     12000  2.400000E+00        52
 -5.765250E+05  2.499655E+02 -5.773009E+05  1.132773E+05 -6.955359E+05
  0.000000E+00  0.000000E+00  0.000000E+00  0.000000E+00 -5.765253E+05
  0.000000E+00  5.222758E+03 -7.000030E+05  6.953106E+05  0.000000E+00
  0.000000E+00  0.000000E+00  0.000000E+00  2.639936E+05  3.578938E-01
  4.957591E+03  9.915182E+03  9.000000E+01  9.000000E+01  9.000000E+01
  0.000000E+00 -7.331133E+00  5.395030E-01 -1.159156E+01  1.313481E-02
  3.655732E-01  1.313481E-02 -1.035552E+01  5.174142E-01  3.655732E-01
  5.174142E-01 -4.632709E-02  3.055407E+00  1.507687E+00  1.622732E+00
  2.585835E+00  2.559490E+00  6.503744E+01  0.000000E+00  0.000000E+00
  0.000000E+00  6.503744E+01  0.000000E+00  0.000000E+00  0.000000E+00
  6.241176E+01 -1.223969E+03
     13000  2.600000E+00        52
 -5.766027E+05  2.500000E+02 -5.773787E+05  1.132538E+05 -6.955692E+05
  0.000000E+00  0.000000E+00  0.000000E+00  0.000000E+00 -5.766031E+05
  0.000000E+00  5.136571E+03 -7.000838E+05  6.953471E+05  0.000000E+00
  0.000000E+00  0.000000E+00  0.000000E+00  2.635455E+05  8.302873E-03
  4.936617E+03  9.873234E+03  9.000000E+01  9.000000E+01  9.000000E+01
  0.000000E+00 -7.170799E+00  5.415869E-01 -1.030537E+01  4.077558E-01
  7.153416E-01  4.077558E-01 -1.031383E+01  3.951019E-01  7.153416E-01
  3.951019E-01 -8.931920E-01  3.081359E+00  1.526773E+00  1.636089E+00
  2.618319E+00  2.589753E+00  6.500063E+01  0.000000E+00  0.000000E+00
  0.000000E+00  6.500063E+01  0.000000E+00  0.000000E+00  0.000000E+00
  6.237644E+01 -1.195169E+03
     14000  2.800000E+00        52
 -5.766546E+05  2.499611E+02 -5.774306E+05  1.134428E+05 -6.958051E+05
  0.000000E+00  0.000000E+00  0.000000E+00  0.000000E+00 -5.766550E+05
  0.000000E+00  4.404978E+03 -7.010421E+05  6.955835E+05  0.000000E+00
  0.000000E+00  0.000000E+00  0.000000E+00  2.631307E+05  1.073561E-01
  4.931761E+03  9.863521E+03  9.000000E+01  9.000000E+01  9.000000E+01
  0.000000E+00 -5.717139E+00  5.346508E-01 -8.658850E+00 -2.882680E-01
  4.471992E-01 -2.882680E-01 -9.247441E+00 -3.928288E-01  4.471992E-01
 -3.928288E-01  7.548732E-01  3.120852E+00  1.552741E+00  1.666221E+00
  2.672648E+00  2.643258E+00  6.496650E+01  0.000000E+00  0.000000E+00
  0.000000E+00  6.496650E+01  0.000000E+00  0.000000E+00  0.000000E+00
  6.234369E+01 -9.513848E+02
     15000  3.000000E+00        52
 -5.766839E+05  2.499804E+02 -5.774599E+05  1.133582E+05 -6.957847E+05
  0.000000E+00  0.000000E+00  0.000000E+00  0.000000E+00 -5.766843E+05
  0.000000E+00  4.878737E+03 -7.006184E+05  6.955640E+05  0.000000E+00
  0.000000E+00  0.000000E+00  0.000000E+00  2.627568E+05  3.509886E-01
  4.966546E+03  9.933091E+03  9.000000E+01  9.000000E+01  9.000000E+01
  0.000000E+00 -6.675366E+00  5.348892E-01 -1.009651E+01 -1.044584E-01
  1.477940E+00 -1.044584E-01 -9.382744E+00 -5.926486E-01  1.477940E+00
 -5.926486E-01 -5.468459E-01  3.176412E+00  1.588627E+00  1.701608E+00
  2.724830E+00  2.692629E+00  6.493572E+01  0.000000E+00  0.000000E+00
  0.000000E+00  6.493572E+01  0.000000E+00  0.000000E+00  0.000000E+00
  6.231415E+01 -1.109265E+03
     16000  3.200000E+00        52
 -5.767407E+05  2.500000E+02 -5.775168E+05  1.133358E+05 -6.958171E+05
  0.000000E+00  0.000000E+00  0.000000E+00  0.000000E+00 -5.767411E+05
  0.000000E+00  4.677000E+03 -7.008509E+05  6.955989E+05  0.000000E+00
  0.000000E+00  0.000000E+00  0.000000E+00  2.623803E+05  8.294794E-03
  4.964494E+03  9.928987E+03  9.000000E+01  9.000000E+01  9.000000E+01
  0.000000E+00 -6.279449E+00  5.358548E-01 -9.424357E+00 -3.606602E-01
  2.242843E-01 -3.606602E-01 -8.400122E+00  1.077838E+00  2.242843E-01
  1.077838E+00 -1.013869E+00  3.219962E+00  1.615038E+00  1.728414E+00
  2.772558E+00  2.738341E+00  6.490469E+01  0.000000E+00  0.000000E+00
  0.000000E+00  6.490469E+01  0.000000E+00  0.000000E+00  0.000000E+00
  6.228437E+01 -1.041978E+03
     17000  3.400000E+00        52
 -5.767802E+05  2.499509E+02 -5.775561E+05  1.134029E+05 -6.959059E+05
  0.000000E+00  0.000000E+00  0.000000E+00  0.000000E+00 -5.767806E+05
  0.000000E+00  4.238212E+03 -7.013431E+05  6.956876E+05  0.000000E+00
  0.000000E+00  0.000000E+00  0.000000E+00  2.620278E+05  1.059472E-01
  4.946846E+03  9.893693E+03  9.000000E+01  9.000000E+01  9.000000E+01
  0.000000E+00 -5.405875E+00  5.302114E-01 -8.338516E+00  1.433017E-01
 -9.349425E-02  1.433017E-01 -7.213350E+00 -2.808693E-01 -9.349425E-02
 -2.808693E-01 -6.657581E-01  3.264589E+00  1.623979E+00  1.748614E+00
  2.803969E+00  2.770230E+00  6.487561E+01  0.000000E+00  0.000000E+00
  0.000000E+00  6.487561E+01  0.000000E+00  0.000000E+00  0.000000E+00
  6.225647E+01 -8.958173E+02
     18000  3.600000E+00        52
 -1.104485E+05  9.504616E+02 -5.648683E+05  8.209908E+04 -6.611889E+05
  0.000000E+00  0.000000E+00  0.000000E+00  0.000000E+00 -5.619197E+05
  0.000000E+00  1.674907E+05 -5.217048E+05  6.607526E+05  0.000000E+00
  0.000000E+00  0.000000E+00  0.000000E+00  3.138987E+05  1.380967E+03
  1.422145E+04  2.844290E+04  9.000000E+01  9.000000E+01  9.000000E+01
  0.000000E+00 -2.713364E+02  4.514714E+05 -2.646351E+02 -2.741194E+00
  4.417443E+00 -2.741194E+00 -2.765356E+02  2.038517E+01  4.417443E+00
  2.038517E+01 -2.728384E+02  3.271739E+00  1.625260E+00  1.762294E+00
  2.821090E+00  3.278030E+02  6.890152E+01  0.000000E+00  0.000000E+00
  0.000000E+00  6.890152E+01  0.000000E+00  0.000000E+00  0.000000E+00
  6.611984E+01 -5.386461E+04
     19000  3.800000E+00        52
  1.019762E+07  2.500000E+02 -5.560947E+05  6.855897E+04 -6.316837E+05
  0.000000E+00  0.000000E+00  0.000000E+00  0.000000E+00 -5.553188E+05
  0.000000E+00  2.244402E+05 -4.193210E+05  6.297010E+05  0.000000E+00
  0.000000E+00  0.000000E+00  0.000000E+00  4.622335E+05  1.199825E-02
  7.030082E+03  1.406016E+04  9.000000E+01  9.000000E+01  9.000000E+01
  0.000000E+00 -2.541559E+02  1.075294E+07 -2.607974E+02  5.801566E-01
 -2.400592E+00  5.801566E-01 -2.597988E+02 -1.074229E+00 -2.400592E+00
 -1.074229E+00 -2.418715E+02  3.725037E+00  1.679630E+00  1.734272E+00
  3.133244E+00  9.587557E+02  7.838858E+01  0.000000E+00  0.000000E+00
  0.000000E+00  7.838858E+01  0.000000E+00  0.000000E+00  0.000000E+00
  7.522390E+01 -7.429638E+04
     20000  4.000000E+00        52
  1.018626E+07  2.511971E+02 -5.674324E+05  1.030894E+05 -6.759259E+05
  0.000000E+00  0.000000E+00  0.000000E+00  0.000000E+00 -5.666529E+05
  0.000000E+00  7.227906E+04 -6.127976E+05  6.742685E+05  0.000000E+00
  0.000000E+00  0.000000E+00  0.000000E+00  4.375418E+05  5.632152E-02
  5.404085E+03  1.080817E+04  9.000000E+01  9.000000E+01  9.000000E+01
  0.000000E+00 -8.519202E+01  1.075292E+07 -8.735579E+01  1.125840E+00
 -3.664620E-01  1.125840E+00 -8.728490E+01  6.250392E-02 -3.664620E-01
  6.250392E-02 -8.093537E+01  4.510038E+00  2.303612E+00  2.070101E+00
  4.034940E+00  9.597728E+02  7.696717E+01  0.000000E+00  0.000000E+00
  0.000000E+00  7.696717E+01  0.000000E+00  0.000000E+00  0.000000E+00
  7.385987E+01 -2.357352E+04
     21000  4.200000E+00        52
  1.018352E+07  2.507421E+02 -5.701693E+05  1.089526E+05 -6.849201E+05
  0.000000E+00  0.000000E+00  0.000000E+00  0.000000E+00 -5.693912E+05
  0.000000E+00  4.495922E+04 -6.500651E+05  6.834279E+05  0.000000E+00
  0.000000E+00  0.000000E+00  0.000000E+00  4.267038E+05  1.934962E-01
  5.798199E+03  1.159640E+04  9.000000E+01  9.000000E+01  9.000000E+01
  0.000000E+00 -5.361317E+01  1.075292E+07 -5.499314E+01  1.474040E-01
  4.836846E-01  1.474040E-01 -5.506938E+01 -3.534006E-01  4.836846E-01
 -3.534006E-01 -5.077699E+01  5.157351E+00  3.321478E+00  2.643115E+00
  4.815046E+00  9.600730E+02  7.632635E+01  0.000000E+00  0.000000E+00
  0.000000E+00  7.632635E+01  0.000000E+00  0.000000E+00  0.000000E+00
  7.324492E+01 -1.446785E+04
     22000  4.400000E+00        52
  1.018236E+07  2.500000E+02 -5.713319E+05  1.102715E+05 -6.875004E+05
  0.000000E+00  0.000000E+00  0.000000E+00  0.000000E+00 -5.705561E+05
  0.000000E+00  3.835457E+04 -6.595514E+05  6.861119E+05  0.000000E+00
  0.000000E+00  0.000000E+00  0.000000E+00  4.189175E+05  8.183556E-03
  5.897018E+03  1.179404E+04  9.000000E+01  9.000000E+01  9.000000E+01
  0.000000E+00 -4.630558E+01  1.075292E+07 -4.776611E+01 -4.943904E-01
 -7.104885E-02 -4.943904E-01 -4.713824E+01 -6.334204E-01 -7.104885E-02
 -6.334204E-01 -4.401240E+01  5.852688E+00  4.160059E+00  3.196722E+00
  5.590536E+00  9.608120E+02  7.585924E+01  0.000000E+00  0.000000E+00
  0.000000E+00  7.585924E+01  0.000000E+00  0.000000E+00  0.000000E+00
  7.279667E+01 -1.226783E+04
     23000  4.600000E+00        52
  1.018172E+07  2.500598E+02 -5.719664E+05  1.110958E+05 -6.890106E+05
  0.000000E+00  0.000000E+00  0.000000E+00  0.000000E+00 -5.711904E+05
  0.000000E+00  3.407045E+04 -6.655321E+05  6.877056E+05  0.000000E+00
  0.000000E+00  0.000000E+00  0.000000E+00  4.122469E+05  7.893728E-02
  5.948463E+03  1.189693E+04  9.000000E+01  9.000000E+01  9.000000E+01
  0.000000E+00 -4.157696E+01  1.075291E+07 -4.253304E+01 -5.971936E-01
  3.041876E-01 -5.971936E-01 -4.250062E+01 -6.591502E-01  3.041876E-01
 -6.591502E-01 -3.969722E+01  6.372496E+00  4.782226E+00  3.666043E+00
  6.184434E+00  9.615283E+02  7.545444E+01  0.000000E+00  0.000000E+00
  0.000000E+00  7.545444E+01  0.000000E+00  0.000000E+00  0.000000E+00
  7.240821E+01 -1.083967E+04
     24000  4.800000E+00        52
  1.018129E+07  2.501053E+02 -5.724003E+05  1.115720E+05 -6.899504E+05
  0.000000E+00  0.000000E+00  0.000000E+00  0.000000E+00 -5.716241E+05
  0.000000E+00  3.154227E+04 -6.691366E+05  6.887227E+05  0.000000E+00
  0.000000E+00  0.000000E+00  0.000000E+00  4.063558E+05  2.643629E-01
  5.978062E+03  1.195612E+04  9.000000E+01  9.000000E+01  9.000000E+01
  0.000000E+00 -3.890010E+01  1.075292E+07 -4.004095E+01 -6.403406E-01
 -1.887975E-01 -6.403406E-01 -3.955275E+01 -5.284014E-01 -1.887975E-01
 -5.284014E-01 -3.710661E+01  6.731500E+00  5.187761E+00  3.965560E+00
  6.599191E+00  9.618360E+02  7.509329E+01  0.000000E+00  0.000000E+00
  0.000000E+00  7.509329E+01  0.000000E+00  0.000000E+00  0.000000E+00
  7.206164E+01 -9.996852E+03
     25000  5.000000E+00        52
  1.018095E+07  2.500000E+02 -5.727445E+05  1.118401E+05 -6.905685E+05
  0.000000E+00  0.000000E+00  0.000000E+00  0.000000E+00 -5.719687E+05
  0.000000E+00  2.999051E+04 -6.713776E+05  6.894002E+05  0.000000E+00
  0.000000E+00  0.000000E+00  0.000000E+00  4.008324E+05  8.255263E-03
  5.983975E+03  1.196795E+04  9.000000E+01  9.000000E+01  9.000000E+01
  0.000000E+00 -3.739651E+01  1.075292E+07 -3.788379E+01 -6.160846E-01
 -9.969093E-02 -6.160846E-01 -3.848593E+01 -1.114697E+00 -9.969093E-02
 -1.114697E+00 -3.581981E+01  7.011253E+00  5.507539E+00  4.243950E+00
  6.895082E+00  9.621210E+02  7.475150E+01  0.000000E+00  0.000000E+00
  0.000000E+00  7.475150E+01  0.000000E+00  0.000000E+00  0.000000E+00
  7.173365E+01 -9.479816E+03
     26000  5.200000E+00        52
  1.018066E+07  2.500052E+02 -5.730290E+05  1.122511E+05 -6.912779E+05
  0.000000E+00  0.000000E+00  0.000000E+00  0.000000E+00 -5.722532E+05
  0.000000E+00  2.789886E+04 -6.742661E+05  6.901695E+05  0.000000E+00
  0.000000E+00  0.000000E+00  0.000000E+00  3.958158E+05  8.744028E-02
  5.997752E+03  1.199550E+04  9.000000E+01  9.000000E+01  9.000000E+01
  0.000000E+00 -3.508514E+01  1.075291E+07 -3.562619E+01 -6.322719E-01
 -2.828529E-01 -6.322719E-01 -3.652874E+01 -3.113665E-01 -2.828529E-01
 -3.113665E-01 -3.310051E+01  7.203444E+00  5.709787E+00  4.392306E+00
  7.108758E+00  9.621506E+02  7.443835E+01  0.000000E+00  0.000000E+00
  0.000000E+00  7.443835E+01  0.000000E+00  0.000000E+00  0.000000E+00
  7.143314E+01 -8.782586E+03
     27000  5.400000E+00        52
  1.018042E+07  2.500151E+02 -5.732675E+05  1.124935E+05 -6.917928E+05
  0.000000E+00  0.000000E+00  0.000000E+00  0.000000E+00 -5.724916E+05
  0.000000E+00  2.678353E+04 -6.760152E+05  6.907351E+05  0.000000E+00
  0.000000E+00  0.000000E+00  0.000000E+00  3.910948E+05  2.771939E-01
  6.031795E+03  1.206359E+04  9.000000E+01  9.000000E+01  9.000000E+01
  0.000000E+00 -3.400547E+01  1.075292E+07 -3.369764E+01 -2.786783E-01
  3.707932E-01 -2.786783E-01 -3.547546E+01 -9.162544E-01  3.707932E-01
 -9.162544E-01 -3.284331E+01  7.341572E+00  5.888453E+00  4.508265E+00
  7.286752E+00  9.625868E+02  7.414121E+01  0.000000E+00  0.000000E+00
  0.000000E+00  7.414121E+01  0.000000E+00  0.000000E+00  0.000000E+00
  7.114799E+01 -8.410789E+03
     28000  5.600000E+00        52
  1.018023E+07  2.500000E+02 -5.734580E+05  1.127808E+05 -6.922639E+05
  0.000000E+00  0.000000E+00  0.000000E+00  0.000000E+00 -5.726822E+05
  0.000000E+00  2.514010E+04 -6.781593E+05  6.912491E+05  0.000000E+00
  0.000000E+00  0.000000E+00  0.000000E+00  3.866830E+05  8.264149E-03
  6.025162E+03  1.205032E+04  9.000000E+01  9.000000E+01  9.000000E+01
  0.000000E+00 -3.215348E+01  1.075292E+07 -3.249884E+01 -4.108700E-01
  3.634527E-01 -4.108700E-01 -3.253356E+01 -4.579489E-01  3.634527E-01
 -4.579489E-01 -3.142803E+01  7.522062E+00  6.018027E+00  4.705193E+00
  7.456869E+00  9.623578E+02  7.386137E+01  0.000000E+00  0.000000E+00
  0.000000E+00  7.386137E+01  0.000000E+00  0.000000E+00  0.000000E+00
  7.087945E+01 -7.863013E+03
     29000  5.800000E+00        52
  1.018006E+07  2.499709E+02 -5.736319E+05  1.130161E+05 -6.926758E+05
  0.000000E+00  0.000000E+00  0.000000E+00  0.000000E+00 -5.728562E+05
  0.000000E+00  2.385350E+04 -6.799045E+05  6.917025E+05  0.000000E+00
  0.000000E+00  0.000000E+00  0.000000E+00  3.826002E+05  8.805929E-02
  6.027749E+03  1.205550E+04  9.000000E+01  9.000000E+01  9.000000E+01
  0.000000E+00 -3.072439E+01  1.075291E+07 -3.058009E+01 -8.422582E-01
  1.528324E-01 -8.422582E-01 -3.161138E+01 -5.083603E-01  1.528324E-01
 -5.083603E-01 -2.998170E+01  7.593665E+00  6.101154E+00  4.753963E+00
  7.542420E+00  9.623724E+02  7.360049E+01  0.000000E+00  0.000000E+00
  0.000000E+00  7.360049E+01  0.000000E+00  0.000000E+00  0.000000E+00
  7.062911E+01 -7.434204E+03
     30000  6.000000E+00        52
  1.017991E+07  2.499893E+02 -5.737851E+05  1.132680E+05 -6.930939E+05
  0.000000E+00  0.000000E+00  0.000000E+00  0.000000E+00 -5.730093E+05
  0.000000E+00  2.267709E+04 -6.815643E+05  6.921596E+05  0.000000E+00
  0.000000E+00  0.000000E+00  0.000000E+00  3.787029E+05  2.780336E-01
  6.040880E+03  1.208176E+04  9.000000E+01  9.000000E+01  9.000000E+01
  0.000000E+00 -2.940310E+01  1.075291E+07 -2.987040E+01  3.613953E-03
  8.702587E-03  3.613953E-03 -3.015620E+01 -8.339866E-01  8.702587E-03
 -8.339866E-01 -2.818271E+01  7.578290E+00  6.103981E+00  4.785245E+00
  7.571042E+00  9.625132E+02  7.334974E+01  0.000000E+00  0.000000E+00
  0.000000E+00  7.334974E+01  0.000000E+00  0.000000E+00  0.000000E+00
  7.038848E+01 -7.042030E+03
     31000  6.200000E+00        52
  1.017974E+07  2.500000E+02 -5.739523E+05  1.132246E+05 -6.932098E+05
  0.000000E+00  0.000000E+00  0.000000E+00  0.000000E+00 -5.731765E+05
  0.000000E+00  2.253751E+04 -6.818375E+05  6.923093E+05  0.000000E+00
  0.000000E+00  0.000000E+00  0.000000E+00  3.750378E+05  8.269463E-03
  6.032870E+03  1.206574E+04  9.000000E+01  9.000000E+01  9.000000E+01
  0.000000E+00 -2.949419E+01  1.075292E+07 -2.964081E+01  6.136631E-01
 -7.350619E-01  6.136631E-01 -2.958473E+01 -5.946127E-01 -7.350619E-01
 -5.946127E-01 -2.925703E+01  7.639474E+00  6.151785E+00  4.798946E+00
  7.631019E+00  9.626999E+02  7.311234E+01  0.000000E+00  0.000000E+00
  0.000000E+00  7.311234E+01  0.000000E+00  0.000000E+00  0.000000E+00
  7.016066E+01 -6.995481E+03
     32000  6.400000E+00        52
  1.017961E+07  2.499594E+02 -5.740811E+05  1.132647E+05 -6.933589E+05
  0.000000E+00  0.000000E+00  0.000000E+00  0.000000E+00 -5.733055E+05
  0.000000E+00  2.201549E+04 -6.825011E+05  6.924905E+05  0.000000E+00
  0.000000E+00  0.000000E+00  0.000000E+00  3.715309E+05  8.960510E-02
  6.013019E+03  1.202604E+04  9.000000E+01  9.000000E+01  9.000000E+01
  0.000000E+00 -2.903239E+01  1.075291E+07 -2.906354E+01  1.422708E-01
  1.467619E-01  1.422708E-01 -2.942241E+01 -4.876148E-01  1.467619E-01
 -4.876148E-01 -2.861122E+01  7.691954E+00  6.163504E+00  4.844807E+00
  7.704660E+00  9.625630E+02  7.288374E+01  0.000000E+00  0.000000E+00
  0.000000E+00  7.288374E+01  0.000000E+00  0.000000E+00  0.000000E+00
  6.994129E+01 -6.821560E+03
     33000  6.600000E+00        52
  1.017950E+07  2.499447E+02 -5.741933E+05  1.135046E+05 -6.937313E+05
  0.000000E+00  0.000000E+00  0.000000E+00  0.000000E+00 -5.734177E+05
  0.000000E+00  2.077132E+04 -6.841864E+05  6.928910E+05  0.000000E+00
  0.000000E+00  0.000000E+00  0.000000E+00  3.681042E+05  2.925210E-01
  6.033371E+03  1.206674E+04  9.000000E+01  9.000000E+01  9.000000E+01
  0.000000E+00 -2.752129E+01  1.075291E+07 -2.772222E+01  3.246458E-01
 -4.210974E-01  3.246458E-01 -2.766606E+01 -6.705540E-01 -4.210974E-01
 -6.705540E-01 -2.717558E+01  7.687853E+00  6.138131E+00  4.824581E+00
  7.708231E+00  9.626502E+02  7.265897E+01  0.000000E+00  0.000000E+00
  0.000000E+00  7.265897E+01  0.000000E+00  0.000000E+00  0.000000E+00
  6.972560E+01 -6.406865E+03
     34000  6.800000E+00        52
  1.017936E+07  2.500000E+02 -5.743308E+05  1.136664E+05 -6.940140E+05
  0.000000E+00  0.000000E+00  0.000000E+00  0.000000E+00 -5.735551E+05
  0.000000E+00  1.963642E+04 -6.856045E+05  6.932073E+05  0.000000E+00
  0.000000E+00  0.000000E+00  0.000000E+00  3.649682E+05  8.279177E-03
  6.016820E+03  1.203364E+04  9.000000E+01  9.000000E+01  9.000000E+01
  0.000000E+00 -2.611828E+01  1.075292E+07 -2.612093E+01 -7.494263E-02
  4.750082E-02 -7.494263E-02 -2.657546E+01 -8.398707E-01  4.750082E-02
 -8.398707E-01 -2.565844E+01  7.720499E+00  6.149205E+00  4.852690E+00
  7.747137E+00  9.626740E+02  7.245205E+01  0.000000E+00  0.000000E+00
  0.000000E+00  7.245205E+01  0.000000E+00  0.000000E+00  0.000000E+00
  6.952703E+01 -6.028450E+03
     35000  7.000000E+00        52
  1.017928E+07  2.499479E+02 -5.744094E+05  1.138217E+05 -6.942852E+05
  0.000000E+00  0.000000E+00  0.000000E+00  0.000000E+00 -5.736338E+05
  0.000000E+00  1.907622E+04 -6.865370E+05  6.935049E+05  0.000000E+00
  0.000000E+00  0.000000E+00  0.000000E+00  3.619343E+05  9.119038E-02
  6.054169E+03  1.210834E+04  9.000000E+01  9.000000E+01  9.000000E+01
  0.000000E+00 -2.552189E+01  1.075291E+07 -2.578885E+01 -3.877913E-01
  1.026303E-01 -3.877913E-01 -2.539189E+01 -3.233369E-01  1.026303E-01
 -3.233369E-01 -2.538492E+01  7.763601E+00  6.151031E+00  4.840343E+00
  7.793563E+00  9.625780E+02  7.225073E+01  0.000000E+00  0.000000E+00
  0.000000E+00  7.225073E+01  0.000000E+00  0.000000E+00  0.000000E+00
  6.933384E+01 -5.841826E+03
     36000  7.200000E+00        52
  1.017917E+07  2.499728E+02 -5.745178E+05  1.141272E+05 -6.947358E+05
  0.000000E+00  0.000000E+00  0.000000E+00  0.000000E+00 -5.737421E+05
  0.000000E+00  1.770015E+04 -6.884602E+05  6.939787E+05  0.000000E+00
  0.000000E+00  0.000000E+00  0.000000E+00  3.591657E+05  2.930817E-01
  6.090782E+03  1.218156E+04  9.000000E+01  9.000000E+01  9.000000E+01
  0.000000E+00 -2.369901E+01  1.075291E+07 -2.409717E+01 -2.553218E-01
  3.316773E-01 -2.553218E-01 -2.384162E+01 -3.463446E-01  3.316773E-01
 -3.463446E-01 -2.315825E+01  7.837419E+00  6.217308E+00  4.908186E+00
  7.864210E+00  9.625574E+02  7.206603E+01  0.000000E+00  0.000000E+00
  0.000000E+00  7.206603E+01  0.000000E+00  0.000000E+00  0.000000E+00
  6.915660E+01 -5.383083E+03
     37000  7.400000E+00        52
  3.358906E+07  2.500000E+02 -4.983328E+05  8.584167E+04 -6.633024E+05
  0.000000E+00  0.000000E+00  0.000000E+00  0.000000E+00 -4.975570E+05
  0.000000E+00  2.874827E+05 -5.327528E+05  6.619797E+05  0.000000E+00
  0.000000E+00  0.000000E+00  0.000000E+00  4.179612E+05  1.045257E+00
  7.912794E+04  1.582559E+05  9.000000E+01  9.000000E+01  9.000000E+01
  0.000000E+00 -3.605778E+02  3.408662E+07 -4.621792E+02  1.666387E+02
  3.076960E+01  1.666387E+02 -3.740341E+02  3.888554E+01  3.076960E+01
  3.888554E+01 -2.455202E+02  7.838063E+00  6.222493E+00  4.902636E+00
  7.914865E+00  1.072583E+03  7.580148E+01  0.000000E+00  0.000000E+00
  0.000000E+00  7.580148E+01  0.000000E+00  0.000000E+00  0.000000E+00
  7.274123E+01 -9.531056E+04
     38000  7.600000E+00        52
  2.707154E+13  2.515484E+02 -5.663607E+05  9.778019E+04 -6.692329E+05
  0.000000E+00  0.000000E+00  0.000000E+00  0.000000E+00 -5.655800E+05
  0.000000E+00  9.493989E+04 -5.812111E+05  6.659669E+05  0.000000E+00
  0.000000E+00  0.000000E+00  0.000000E+00  5.292669E+05  7.477917E-02
  5.092047E+03  1.018409E+04  9.000000E+01  9.000000E+01  9.000000E+01
  0.000000E+00 -9.299257E+01  2.707154E+13 -9.335384E+01 -9.657278E-02
 -2.789074E-01 -9.657278E-02 -9.516184E+01 -2.480911E-02 -2.789074E-01
 -2.480911E-02 -9.046202E+01  8.411185E+00  6.685354E+00  5.221755E+00
  8.351084E+00  1.539819E+03  8.200819E+01  0.000000E+00  0.000000E+00
  0.000000E+00  8.200819E+01  0.000000E+00  0.000000E+00  0.000000E+00
  7.869737E+01 -3.112641E+04
     39000  7.800000E+00        52
  2.707178E+13  2.600626E+02 -5.562892E+05  8.581802E+04 -6.468419E+05
  0.000000E+00  0.000000E+00  0.000000E+00  0.000000E+00 -5.554820E+05
  0.000000E+00  1.438137E+05 -5.032438E+05  6.375882E+05  0.000000E+00
  0.000000E+00  0.000000E+00  0.000000E+00  7.337528E+05  3.477577E-01
  4.734637E+03  9.469274E+03  9.000000E+01  9.000000E+01  9.000000E+01
  0.000000E+00 -1.021464E+02  2.707178E+13 -1.033951E+02 -1.545917E-01
  1.346565E-01 -1.545917E-01 -1.039541E+02 -2.207465E-01  1.346565E-01
 -2.207465E-01 -9.909011E+01  9.104718E+00  7.256167E+00  5.611302E+00
  9.072417E+00  2.027818E+03  9.144267E+01  0.000000E+00  0.000000E+00
  0.000000E+00  9.144267E+01  0.000000E+00  0.000000E+00  0.000000E+00
  8.775097E+01 -4.740007E+04
     40000  8.000000E+00        52
  2.707178E+13  2.500000E+02 -5.642559E+05  1.080026E+05 -6.783167E+05
  0.000000E+00  0.000000E+00  0.000000E+00  0.000000E+00 -5.634799E+05
  0.000000E+00  4.645449E+04 -6.351715E+05  6.695096E+05  0.000000E+00
  0.000000E+00  0.000000E+00  0.000000E+00  7.075469E+05  8.029281E-03
  6.058197E+03  1.211639E+04  9.000000E+01  9.000000E+01  9.000000E+01
  0.000000E+00 -3.345006E+01  2.707178E+13 -3.342647E+01 -1.821555E-01
  9.662119E-03 -1.821555E-01 -3.289827E+01  2.690853E-02  9.662119E-03
  2.690853E-02 -3.402545E+01  1.037617E+01  8.816761E+00  6.726207E+00
  1.045817E+01  2.029254E+03  9.034083E+01  0.000000E+00  0.000000E+00
  0.000000E+00  9.034083E+01  0.000000E+00  0.000000E+00  0.000000E+00
  8.669361E+01 -1.496781E+04
     41000  8.200000E+00        52
  2.707178E+13  2.054137E+02 -5.690724E+05  1.196263E+05 -6.962413E+05
  0.000000E+00  0.000000E+00  0.000000E+00  0.000000E+00 -5.684348E+05
  0.000000E+00  2.678784E+03 -7.056051E+05  6.931987E+05  0.000000E+00
  0.000000E+00  0.000000E+00  0.000000E+00  5.158959E+05  2.754866E-01
  7.542619E+03  1.508524E+04  9.000000E+01  9.000000E+01  9.000000E+01
  0.000000E+00 -1.434776E+00  2.707178E+13 -1.190744E+00  1.143783E-01
 -5.379344E-01  1.143783E-01 -1.094480E+00  4.315110E-01 -5.379344E-01
  4.315110E-01 -2.019103E+00  4.935630E-01  3.615311E-01  3.135831E-01
  6.633646E-01  5.531028E-01  8.131170E+01  0.000000E+00  0.000000E+00
  0.000000E+00  8.131170E+01  0.000000E+00  0.000000E+00  0.000000E+00
  7.802900E+01 -4.681145E+02
     42000  8.400000E+00        52
  2.707178E+13  1.401190E+02 -5.710534E+05  1.195668E+05 -6.979956E+05
  0.000000E+00  0.000000E+00  0.000000E+00  0.000000E+00 -5.706184E+05
  0.000000E+00  1.301113E+03 -7.094771E+05  6.960272E+05  0.000000E+00
  0.000000E+00  0.000000E+00  0.000000E+00  4.589319E+05  9.689969E-02
  7.375463E+03  1.475093E+04  9.000000E+01  9.000000E+01  9.000000E+01
  0.000000E+00 -4.958903E-01  2.707178E+13 -4.330162E-01  1.939097E-02
 -2.855870E-01  1.939097E-02 -1.684229E-01  2.008958E-01 -2.855870E-01
  2.008958E-01 -8.862317E-01  8.104512E-01  6.147163E-01  5.446311E-01
  1.064844E+00  9.189219E-01  7.820150E+01  0.000000E+00  0.000000E+00
  0.000000E+00  7.820150E+01  0.000000E+00  0.000000E+00  0.000000E+00
  7.504436E+01 -1.439262E+02
     43000  8.600000E+00        52
  2.707178E+13  2.357004E+02 -5.722035E+05  1.189206E+05 -6.983126E+05
  0.000000E+00  0.000000E+00  0.000000E+00  0.000000E+00 -5.714721E+05
  0.000000E+00  1.429875E+03 -7.099733E+05  6.970262E+05  0.000000E+00
  0.000000E+00  0.000000E+00  0.000000E+00  4.106566E+05  1.788240E-01
  7.188475E+03  1.437695E+04  9.000000E+01  9.000000E+01  9.000000E+01
  0.000000E+00  4.167674E-02  2.707178E+13 -3.702657E-01  2.239254E-02
 -5.016336E-01  2.239254E-02  3.813633E-01 -2.580861E-01 -5.016336E-01
 -2.580861E-01  1.139326E-01  1.264019E+00  1.040881E+00  9.358424E-01
  1.612370E+00  1.429779E+00  7.535729E+01  0.000000E+00  0.000000E+00
  0.000000E+00  7.535729E+01  0.000000E+00  0.000000E+00  0.000000E+00
  7.231498E+01  1.082377E+01
     44000  8.800000E+00        52
  2.707178E+13  2.563588E+02 -5.729632E+05  1.183076E+05 -6.982651E+05
  0.000000E+00  0.000000E+00  0.000000E+00  0.000000E+00 -5.721677E+05
  0.000000E+00  1.477272E+03 -7.098432E+05  6.973319E+05  0.000000E+00
  0.000000E+00  0.000000E+00  0.000000E+00  3.783205E+05  2.721383E-01
  6.994331E+03  1.398866E+04  9.000000E+01  9.000000E+01  9.000000E+01
  0.000000E+00  1.577717E-01  2.707178E+13 -1.159847E+00 -9.643015E-02
 -1.448455E-01 -9.643015E-02  7.591995E-01  2.426664E-01 -1.448455E-01
  2.426664E-01  8.739625E-01  1.740113E+00  1.560823E+00  1.335463E+00
  2.166251E+00  1.960297E+00  7.332504E+01  0.000000E+00  0.000000E+00
  0.000000E+00  7.332504E+01  0.000000E+00  0.000000E+00  0.000000E+00
  7.036477E+01  3.774809E+01
     45000  9.000000E+00        52
  2.707178E+13  2.335306E+02 -5.736188E+05  1.177894E+05 -6.981677E+05
  0.000000E+00  0.000000E+00  0.000000E+00  0.000000E+00 -5.728942E+05
  0.000000E+00  1.523009E+03 -7.093754E+05  6.973794E+05  0.000000E+00
  0.000000E+00  0.000000E+00  0.000000E+00  3.621287E+05  2.903793E-01
  6.759493E+03  1.351899E+04  9.000000E+01  9.000000E+01  9.000000E+01
  0.000000E+00 -1.078871E-01  2.707178E+13 -5.782916E-01 -1.868882E-01
  2.178798E-01 -1.868882E-01  2.555197E-01  8.091286E-01  2.178798E-01
  8.091286E-01 -8.893538E-04  2.068742E+00  1.909773E+00  1.605473E+00
  2.533114E+00  2.318129E+00  7.226366E+01  0.000000E+00  0.000000E+00
  0.000000E+00  7.226366E+01  0.000000E+00  0.000000E+00  0.000000E+00
  6.934625E+01 -2.470805E+01
     46000  9.200000E+00        52
  2.707178E+13  2.433790E+02 -5.739973E+05  1.174121E+05 -6.980591E+05
  0.000000E+00  0.000000E+00  0.000000E+00  0.000000E+00 -5.732421E+05
  0.000000E+00  1.727033E+03 -7.089411E+05  6.973688E+05  0.000000E+00
  0.000000E+00  0.000000E+00  0.000000E+00  3.505799E+05  3.304891E-01
  6.649673E+03  1.329935E+04  9.000000E+01  9.000000E+01  9.000000E+01
  0.000000E+00 -3.263156E-01  2.707178E+13 -1.369304E+00 -1.031469E-02
 -2.498296E-01 -1.031469E-02  4.609269E-01  5.543726E-01 -2.498296E-01
  5.543726E-01 -7.057008E-02  2.353063E+00  2.188153E+00  1.852922E+00
  2.840021E+00  2.620382E+00  7.148715E+01  0.000000E+00  0.000000E+00
  0.000000E+00  7.148715E+01  0.000000E+00  0.000000E+00  0.000000E+00
  6.860109E+01 -7.234874E+01
     47000  9.400000E+00        52
  2.707178E+13  2.618248E+02 -5.742898E+05  1.170476E+05 -6.978261E+05
  0.000000E+00  0.000000E+00  0.000000E+00  0.000000E+00 -5.734774E+05
  0.000000E+00  1.631931E+03 -7.085583E+05  6.972130E+05  0.000000E+00
  0.000000E+00  0.000000E+00  0.000000E+00  3.402555E+05  4.045129E-01
  6.488617E+03  1.297723E+04  9.000000E+01  9.000000E+01  9.000000E+01
  0.000000E+00 -1.162141E-02  2.707178E+13 -1.355367E+00  2.626276E-01
  9.692064E-02  2.626276E-01  8.120730E-01  6.873503E-01  9.692064E-02
  6.873503E-01  5.084294E-01  2.660935E+00  2.504908E+00  2.093353E+00
  3.156324E+00  2.931572E+00  7.077840E+01  0.000000E+00  0.000000E+00
  0.000000E+00  7.077840E+01  0.000000E+00  0.000000E+00  0.000000E+00
  6.792095E+01 -2.500749E+00
     48000  9.600000E+00        52
  2.707178E+13  2.411928E+02 -5.746088E+05  1.167984E+05 -6.977897E+05
  0.000000E+00  0.000000E+00  0.000000E+00  0.000000E+00 -5.738603E+05
  0.000000E+00  1.560006E+03 -7.084342E+05  6.972290E+05  0.000000E+00
  0.000000E+00  0.000000E+00  0.000000E+00  3.323874E+05  4.090699E-01
  6.382585E+03  1.276517E+04  9.000000E+01  9.000000E+01  9.000000E+01
  0.000000E+00 -1.008258E-01  2.707178E+13 -8.973543E-01  1.966580E-01
  1.568491E-01  1.966580E-01  3.223035E-01  1.218516E+00  1.568491E-01
  1.218516E+00  2.725735E-01  2.910878E+00  2.782470E+00  2.312119E+00
  3.422608E+00  3.191687E+00  7.022857E+01  0.000000E+00  0.000000E+00
  0.000000E+00  7.022857E+01  0.000000E+00  0.000000E+00  0.000000E+00
  6.739332E+01 -2.119445E+01
     49000  9.800000E+00        52
  2.707178E+13  2.469395E+02 -5.748443E+05  1.165997E+05 -6.977424E+05
  0.000000E+00  0.000000E+00  0.000000E+00  0.000000E+00 -5.740781E+05
  0.000000E+00  1.566722E+03 -7.082439E+05  6.972139E+05  0.000000E+00
  0.000000E+00  0.000000E+00  0.000000E+00  3.270273E+05  4.453665E-01
  6.298325E+03  1.259665E+04  9.000000E+01  9.000000E+01  9.000000E+01
  0.000000E+00 -5.583820E-02  2.707178E+13 -8.507613E-01  3.816732E-01
 -1.573566E-01  3.816732E-01  1.388854E-01  6.016817E-01 -1.573566E-01
  6.016817E-01  5.443613E-01  3.160735E+00  3.018977E+00  2.545674E+00
  3.693339E+00  3.461812E+00  6.984902E+01  0.000000E+00  0.000000E+00
  0.000000E+00  6.984902E+01  0.000000E+00  0.000000E+00  0.000000E+00
  6.702909E+01 -1.154839E+01
     50000  1.000000E+01        52
  2.707178E+13  2.534336E+02 -5.750083E+05  1.164098E+05 -6.976604E+05
  0.000000E+00  0.000000E+00  0.000000E+00  0.000000E+00 -5.742219E+05
  0.000000E+00  1.639107E+03 -7.080133E+05  6.971678E+05  0.000000E+00
  0.000000E+00  0.000000E+00  0.000000E+00  3.214974E+05  4.937329E-01
  6.242312E+03  1.248462E+04  9.000000E+01  9.000000E+01  9.000000E+01
  0.000000E+00 -1.094155E-01  2.707178E+13 -4.946034E-01  7.275171E-01
  2.483175E-01  7.275171E-01  6.013011E-02  4.711488E-01  2.483175E-01
  4.711488E-01  1.062266E-01  3.368550E+00  3.228918E+00  2.731901E+00
  3.917693E+00  3.683593E+00  6.945308E+01  0.000000E+00  0.000000E+00
  0.000000E+00  6.945308E+01  0.000000E+00  0.000000E+00  0.000000E+00
  6.664913E+01 -2.224655E+01
     51000  1.020000E+01        52
  2.707178E+13  2.469668E+02 -5.752067E+05  1.162613E+05 -6.976442E+05
  0.000000E+00  0.000000E+00  0.000000E+00  0.000000E+00 -5.744404E+05
  0.000000E+00  1.501126E+03 -7.080283E+05  6.971770E+05  0.000000E+00
  0.000000E+00  0.000000E+00  0.000000E+00  3.174037E+05  5.117499E-01
  6.176209E+03  1.235242E+04  9.000000E+01  9.000000E+01  9.000000E+01
  0.000000E+00  5.167707E-02  2.707178E+13 -1.635561E-01  7.245918E-01
  2.602977E-01  7.245918E-01 -8.429943E-02  1.897135E-01  2.602977E-01
  1.897135E-01  4.028868E-01  3.526163E+00  3.404619E+00  2.874132E+00
  4.083809E+00  3.849591E+00  6.915703E+01  0.000000E+00  0.000000E+00
  0.000000E+00  6.915703E+01  0.000000E+00  0.000000E+00  0.000000E+00
  6.636504E+01  1.037328E+01
     52000  1.040000E+01        52
  2.707178E+13  2.434656E+02 -5.753467E+05  1.160375E+05 -6.974838E+05
  0.000000E+00  0.000000E+00  0.000000E+00  0.000000E+00 -5.745912E+05
  0.000000E+00  1.800557E+03 -7.074347E+05  6.970361E+05  0.000000E+00
  0.000000E+00  0.000000E+00  0.000000E+00  3.143550E+05  5.395698E-01
  6.099607E+03  1.219921E+04  9.000000E+01  9.000000E+01  9.000000E+01
  0.000000E+00 -4.862956E-01  2.707178E+13  6.812300E-01  2.923638E-01
 -5.086733E-01  2.923638E-01 -6.685270E-01  8.273174E-01 -5.086733E-01
  8.273174E-01 -1.471590E+00  3.666405E+00  3.566560E+00  2.993465E+00
  4.226985E+00  3.993111E+00  6.893490E+01  0.000000E+00  0.000000E+00
  0.000000E+00  6.893490E+01  0.000000E+00  0.000000E+00  0.000000E+00
  6.615187E+01 -9.667779E+01
     53000  1.060000E+01        52
  2.707178E+13  2.546250E+02 -5.754325E+05  1.159882E+05 -6.974946E+05
  0.000000E+00  0.000000E+00  0.000000E+00  0.000000E+00 -5.746424E+05
  0.000000E+00  1.691619E+03 -7.075209E+05  6.970648E+05  0.000000E+00
  0.000000E+00  0.000000E+00  0.000000E+00  3.115937E+05  5.869163E-01
  6.073896E+03  1.214779E+04  9.000000E+01  9.000000E+01  9.000000E+01
  0.000000E+00 -1.892152E-01  2.707178E+13  2.042343E-01 -5.350826E-01
 -3.721068E-01 -5.350826E-01 -4.219076E-01  3.736740E-01 -3.721068E-01
  3.736740E-01 -3.499721E-01  3.778893E+00  3.715760E+00  3.079957E+00
  4.341137E+00  4.109241E+00  6.873246E+01  0.000000E+00  0.000000E+00
  0.000000E+00  6.873246E+01  0.000000E+00  0.000000E+00  0.000000E+00
  6.595760E+01 -3.728641E+01
     54000  1.080000E+01        52
  2.707178E+13  2.488897E+02 -5.755556E+05  1.159652E+05 -6.975372E+05
  0.000000E+00  0.000000E+00  0.000000E+00  0.000000E+00 -5.747833E+05
  0.000000E+00  1.407352E+03 -7.077448E+05  6.971193E+05  0.000000E+00
  0.000000E+00  0.000000E+00  0.000000E+00  3.091983E+05  5.990979E-01
  6.016400E+03  1.203280E+04  9.000000E+01  9.000000E+01  9.000000E+01
  0.000000E+00  2.332384E-01  2.707178E+13  7.869889E-01 -6.067011E-02
 -3.161335E-01 -6.067011E-02 -4.098219E-01  5.215546E-01 -3.161335E-01
  5.215546E-01  3.225481E-01  3.925937E+00  3.833104E+00  3.218994E+00
  4.490214E+00  4.256366E+00  6.855588E+01  0.000000E+00  0.000000E+00
  0.000000E+00  6.855588E+01  0.000000E+00  0.000000E+00  0.000000E+00
  6.578815E+01  4.560823E+01
     55000  1.100000E+01        52
  2.707178E+13  2.472283E+02 -5.756819E+05  1.157954E+05 -6.974688E+05
  0.000000E+00  0.000000E+00  0.000000E+00  0.000000E+00 -5.749147E+05
  0.000000E+00  1.816648E+03 -7.072268E+05  6.970605E+05  0.000000E+00
  0.000000E+00  0.000000E+00  0.000000E+00  3.076753E+05  6.156517E-01
  5.991502E+03  1.198300E+04  9.000000E+01  9.000000E+01  9.000000E+01
  0.000000E+00 -4.844267E-01  2.707178E+13  2.652566E-01  2.586915E-02
 -1.179795E-01  2.586915E-02 -2.072043E+00 -4.901611E-01 -1.179795E-01
 -4.901611E-01  3.535065E-01  4.050816E+00  3.951534E+00  3.292768E+00
  4.614379E+00  4.379232E+00  6.844313E+01  0.000000E+00  0.000000E+00
  0.000000E+00  6.844313E+01  0.000000E+00  0.000000E+00  0.000000E+00
  6.567996E+01 -9.425985E+01
     56000  1.120000E+01        52
  2.707178E+13  2.502643E+02 -5.757622E+05  1.157486E+05 -6.974633E+05
  0.000000E+00  0.000000E+00  0.000000E+00  0.000000E+00 -5.749857E+05
  0.000000E+00  1.618343E+03 -7.073473E+05  6.970607E+05  0.000000E+00
  0.000000E+00  0.000000E+00  0.000000E+00  3.060546E+05  6.451010E-01
  5.952462E+03  1.190492E+04  9.000000E+01  9.000000E+01  9.000000E+01
  0.000000E+00 -1.130403E-01  2.707178E+13 -2.494022E-01  1.467768E-01
  1.555003E-01  1.467768E-01 -6.749559E-01  4.014533E-01  1.555003E-01
  4.014533E-01  5.852373E-01  4.148595E+00  4.034616E+00  3.377274E+00
  4.718610E+00  4.484715E+00  6.832275E+01  0.000000E+00  0.000000E+00
  0.000000E+00  6.832275E+01  0.000000E+00  0.000000E+00  0.000000E+00
  6.556444E+01 -2.187954E+01
     57000  1.140000E+01        52
  2.707178E+13  2.487452E+02 -5.758515E+05  1.157036E+05 -6.974717E+05
  0.000000E+00  0.000000E+00  0.000000E+00  0.000000E+00 -5.750797E+05
  0.000000E+00  1.606349E+03 -7.073046E+05  6.970778E+05  0.000000E+00
  0.000000E+00  0.000000E+00  0.000000E+00  3.043574E+05  6.667017E-01
  5.916565E+03  1.183313E+04  9.000000E+01  9.000000E+01  9.000000E+01
  0.000000E+00 -1.092211E-01  2.707178E+13  1.588645E-01  4.986902E-01
  1.732090E-01  4.986902E-01 -9.979161E-01  3.289957E-01  1.732090E-01
  3.289957E-01  5.113882E-01  4.244980E+00  4.140570E+00  3.484892E+00
  4.822400E+00  4.589282E+00  6.819622E+01  0.000000E+00  0.000000E+00
  0.000000E+00  6.819622E+01  0.000000E+00  0.000000E+00  0.000000E+00
  6.544301E+01 -2.102309E+01
     58000  1.160000E+01        52
  2.707178E+13  2.471023E+02 -5.759170E+05  1.157701E+05 -6.975938E+05
  0.000000E+00  0.000000E+00  0.000000E+00  0.000000E+00 -5.751503E+05
  0.000000E+00  1.155492E+03 -7.078666E+05  6.972087E+05  0.000000E+00
  0.000000E+00  0.000000E+00  0.000000E+00  3.026890E+05  6.939524E-01
  5.906732E+03  1.181346E+04  9.000000E+01  9.000000E+01  9.000000E+01
  0.000000E+00  6.575104E-01  2.707178E+13  9.466827E-01  4.238609E-01
 -3.072843E-01  4.238609E-01 -2.166253E-01  3.057249E-01 -3.072843E-01
  3.057249E-01  1.242474E+00  4.314395E+00  4.234033E+00  3.553256E+00
  4.910668E+00  4.674794E+00  6.807138E+01  0.000000E+00  0.000000E+00
  0.000000E+00  6.807138E+01  0.000000E+00  0.000000E+00  0.000000E+00
  6.532322E+01  1.258651E+02
     59000  1.180000E+01        52
  2.707178E+13  2.536444E+02 -5.759792E+05  1.156027E+05 -6.974589E+05
  0.000000E+00  0.000000E+00  0.000000E+00  0.000000E+00 -5.751922E+05
  0.000000E+00  1.762556E+03 -7.070699E+05  6.970785E+05  0.000000E+00
  0.000000E+00  0.000000E+00  0.000000E+00  3.017342E+05  7.282961E-01
  5.876998E+03  1.175400E+04  9.000000E+01  9.000000E+01  9.000000E+01
  0.000000E+00 -3.299397E-01  2.707178E+13 -5.102157E-01  1.094004E-01
 -8.751846E-02  1.094004E-01 -8.042484E-01 -4.443986E-02 -8.751846E-02
 -4.443986E-02  3.246450E-01  4.421285E+00  4.312331E+00  3.610675E+00
  5.004352E+00  4.768550E+00  6.799972E+01  0.000000E+00  0.000000E+00
  0.000000E+00  6.799972E+01  0.000000E+00  0.000000E+00  0.000000E+00
  6.525445E+01 -6.296005E+01
     60000  1.200000E+01        52
  2.707178E+13  2.479134E+02 -5.760502E+05  1.156891E+05 -6.975832E+05
  0.000000E+00  0.000000E+00  0.000000E+00  0.000000E+00 -5.752809E+05
  0.000000E+00  1.091644E+03 -7.078029E+05  6.972066E+05  0.000000E+00
  0.000000E+00  0.000000E+00  0.000000E+00  3.009719E+05  7.317893E-01
  5.843945E+03  1.168789E+04  9.000000E+01  9.000000E+01  9.000000E+01
  0.000000E+00  7.818866E-01  2.707178E+13  1.712621E+00  8.603375E-01
  1.300958E-02  8.603375E-01 -5.422562E-01 -2.945722E-01  1.300958E-02
 -2.945722E-01  1.175295E+00  4.476361E+00  4.379271E+00  3.677791E+00
  5.063504E+00  4.829463E+00  6.794241E+01  0.000000E+00  0.000000E+00
  0.000000E+00  6.794241E+01  0.000000E+00  0.000000E+00  0.000000E+00
  6.519946E+01  1.488249E+02
     61000  1.220000E+01        52
  2.707178E+13  2.520757E+02 -5.760983E+05  1.155201E+05 -6.974717E+05
  0.000000E+00  0.000000E+00  0.000000E+00  0.000000E+00 -5.753162E+05
  0.000000E+00  1.874870E+03 -7.069305E+05  6.970988E+05  0.000000E+00
  0.000000E+00  0.000000E+00  0.000000E+00  3.003188E+05  7.606414E-01
  5.853287E+03  1.170657E+04  9.000000E+01  9.000000E+01  9.000000E+01
  0.000000E+00 -5.456942E-01  2.707178E+13 -5.135407E-01 -7.819491E-02
 -5.191539E-01 -7.819491E-02 -1.159031E+00 -2.726013E-02 -5.191539E-01
 -2.726013E-02  3.548940E-02  4.542314E+00  4.432050E+00  3.716843E+00
  5.122176E+00  4.886705E+00  6.789323E+01  0.000000E+00  0.000000E+00
  0.000000E+00  6.789323E+01  0.000000E+00  0.000000E+00  0.000000E+00
  6.515226E+01 -1.036425E+02
     62000  1.240000E+01        52
  2.707178E+13  2.520175E+02 -5.761289E+05  1.155045E+05 -6.974857E+05
  0.000000E+00  0.000000E+00  0.000000E+00  0.000000E+00 -5.753470E+05
  0.000000E+00  1.806280E+03 -7.070168E+05  6.971185E+05  0.000000E+00
  0.000000E+00  0.000000E+00  0.000000E+00  2.991155E+05  7.818586E-01
  5.852301E+03  1.170460E+04  9.000000E+01  9.000000E+01  9.000000E+01
  0.000000E+00 -4.276618E-01  2.707178E+13 -2.821648E-02 -7.639162E-02
 -5.626176E-02 -7.639162E-02 -1.315537E+00  8.254569E-01 -5.626176E-02
  8.254569E-01  6.076803E-02  4.560586E+00  4.504137E+00  3.727829E+00
  5.143088E+00  4.909711E+00  6.780244E+01  0.000000E+00  0.000000E+00
  0.000000E+00  6.780244E+01  0.000000E+00  0.000000E+00  0.000000E+00
  6.506513E+01 -8.089942E+01
     63000  1.260000E+01        52
  2.707178E+13  2.491793E+02 -5.761837E+05  1.154635E+05 -6.974697E+05
  0.000000E+00  0.000000E+00  0.000000E+00  0.000000E+00 -5.754105E+05
  0.000000E+00  1.680321E+03 -7.070716E+05  6.971070E+05  0.000000E+00
  0.000000E+00  0.000000E+00  0.000000E+00  2.983992E+05  7.921702E-01
  5.822490E+03  1.164498E+04  9.000000E+01  9.000000E+01  9.000000E+01
  0.000000E+00 -2.373051E-01  2.707178E+13  2.603889E-01  5.504300E-01
 -3.146902E-01  5.504300E-01 -1.114196E+00  5.617827E-01 -3.146902E-01
  5.617827E-01  1.418921E-01  4.597731E+00  4.537824E+00  3.759808E+00
  5.192995E+00  4.960664E+00  6.774827E+01  0.000000E+00  0.000000E+00
  0.000000E+00  6.774827E+01  0.000000E+00  0.000000E+00  0.000000E+00
  6.501315E+01 -4.478276E+01
     64000  1.280000E+01        52
  2.707178E+13  2.492785E+02 -5.762169E+05  1.155397E+05 -6.975754E+05
  0.000000E+00  0.000000E+00  0.000000E+00  0.000000E+00 -5.754435E+05
  0.000000E+00  1.239789E+03 -7.076137E+05  6.972161E+05  0.000000E+00
  0.000000E+00  0.000000E+00  0.000000E+00  2.977299E+05  8.092979E-01
  5.818714E+03  1.163743E+04  9.000000E+01  9.000000E+01  9.000000E+01
  0.000000E+00  5.431310E-01  2.707178E+13  1.232788E+00 -1.922573E-01
 -7.140068E-02 -1.922573E-01  3.539217E-01 -2.984735E-01 -7.140068E-02
 -2.984735E-01  4.268305E-02  4.609540E+00  4.553955E+00  3.755883E+00
  5.202640E+00  4.973344E+00  6.769758E+01  0.000000E+00  0.000000E+00
  0.000000E+00  6.769758E+01  0.000000E+00  0.000000E+00  0.000000E+00
  6.496451E+01  1.022664E+02
     65000  1.300000E+01        52
  2.707178E+13  2.508550E+02 -5.762368E+05  1.153728E+05 -6.974339E+05
  0.000000E+00  0.000000E+00  0.000000E+00  0.000000E+00 -5.754584E+05
  0.000000E+00  1.916692E+03 -7.068085E+05  6.970765E+05  0.000000E+00
  0.000000E+00  0.000000E+00  0.000000E+00  2.972210E+05  8.383616E-01
  5.824356E+03  1.164871E+04  9.000000E+01  9.000000E+01  9.000000E+01
  0.000000E+00 -6.389759E-01  2.707178E+13 -8.825932E-01  4.140919E-01
 -1.057520E-01  4.140919E-01 -1.151128E+00  6.211276E-02 -1.057520E-01
  6.211276E-02  1.167936E-01  4.673593E+00  4.613999E+00  3.796571E+00
  5.258092E+00  5.026746E+00  6.765899E+01  0.000000E+00  0.000000E+00
  0.000000E+00  6.765899E+01  0.000000E+00  0.000000E+00  0.000000E+00
  6.492748E+01 -1.201075E+02
     66000  1.320000E+01        52
  2.707178E+13  2.504886E+02 -5.762760E+05  1.153996E+05 -6.974670E+05
  0.000000E+00  0.000000E+00  0.000000E+00  0.000000E+00 -5.754988E+05
  0.000000E+00  1.600023E+03 -7.070966E+05  6.971139E+05  0.000000E+00
  0.000000E+00  0.000000E+00  0.000000E+00  2.964059E+05  8.386519E-01
  5.791364E+03  1.158273E+04  9.000000E+01  9.000000E+01  9.000000E+01
  0.000000E+00 -8.166844E-02  2.707178E+13 -5.344345E-01 -4.546149E-01
 -2.148807E-01 -4.546149E-01 -3.188460E-01 -3.535916E-01 -2.148807E-01
 -3.535916E-01  6.082752E-01  4.726033E+00  4.628859E+00  3.820714E+00
  5.298478E+00  5.067933E+00  6.759708E+01  0.000000E+00  0.000000E+00
  0.000000E+00  6.759708E+01  0.000000E+00  0.000000E+00  0.000000E+00
  6.486807E+01 -1.530901E+01
     67000  1.340000E+01        52
  2.707178E+13  2.496632E+02 -5.763043E+05  1.154980E+05 -6.976161E+05
  0.000000E+00  0.000000E+00  0.000000E+00  0.000000E+00 -5.755297E+05
  0.000000E+00  1.206308E+03 -7.076858E+05  6.972645E+05  0.000000E+00
  0.000000E+00  0.000000E+00  0.000000E+00  2.959964E+05  8.699517E-01
  5.813783E+03  1.162757E+04  9.000000E+01  9.000000E+01  9.000000E+01
  0.000000E+00  6.101810E-01  2.707178E+13  1.087020E+00 -5.721212E-02
 -4.287372E-01 -5.721212E-02  1.253542E-01 -4.760158E-01 -4.287372E-01
 -4.760158E-01  6.181690E-01  4.733248E+00  4.646605E+00  3.836312E+00
  5.311217E+00  5.080365E+00  6.756594E+01  0.000000E+00  0.000000E+00
  0.000000E+00  6.756594E+01  0.000000E+00  0.000000E+00  0.000000E+00
  6.483818E+01  1.142223E+02
     68000  1.360000E+01        52
  2.707178E+13  2.500441E+02 -5.763202E+05  1.154253E+05 -6.975378E+05
  0.000000E+00  0.000000E+00  0.000000E+00  0.000000E+00 -5.755443E+05
  0.000000E+00  1.483581E+03 -7.072877E+05  6.971866E+05  0.000000E+00
  0.000000E+00  0.000000E+00  0.000000E+00  2.957903E+05  9.026243E-01
  5.792321E+03  1.158464E+04  9.000000E+01  9.000000E+01  9.000000E+01
  0.000000E+00  1.207379E-01  2.707178E+13  5.602678E-01 -2.069325E-01
  8.443877E-01 -2.069325E-01  2.213265E-01 -1.152601E-01  8.443877E-01
 -1.152601E-01 -4.193806E-01  4.774507E+00  4.698893E+00  3.873515E+00
  5.348151E+00  5.119233E+00  6.755025E+01  0.000000E+00  0.000000E+00
  0.000000E+00  6.755025E+01  0.000000E+00  0.000000E+00  0.000000E+00
  6.482312E+01  2.258570E+01
     69000  1.380000E+01        52
  2.707178E+13  2.500514E+02 -5.763559E+05  1.153210E+05 -6.974491E+05
  0.000000E+00  0.000000E+00  0.000000E+00  0.000000E+00 -5.755800E+05
  0.000000E+00  1.619084E+03 -7.070264E+05  6.971011E+05  0.000000E+00
